-3.01778e-06
-1.51113e-05
-4.23586e-05
-9.08092e-05
-0.000166477
-0.000275305
-0.000423087
-0.000615405
-0.000857581
-0.00115464
-0.00151128
-0.00193182
-0.0024202
-0.00297991
-0.00361397
-0.00432495
-0.00511486
-0.00598518
-0.00693684
-0.00797017
-0.00908491
-0.0102802
-0.0115545
-0.0129057
-0.0143311
-0.0158271
-0.0173898
-0.0190144
-0.0206956
-0.0224273
-0.0242029
-0.0260152
-0.0278564
-0.0297179
-0.0315909
-0.0334658
-0.0353327
-0.0371811
-0.0390002
-0.0407787
-0.042505
-0.0441672
-0.0457531
-0.0472504
-0.0486464
-0.0499284
-0.0510836
-0.0520992
-0.0529624
-0.0536604
-0.0541806
-0.0545104
-0.0546375
-0.0545501
-0.0542363
-0.0536848
-0.0528848
-0.0518257
-0.0504974
-0.0488905
-0.046996
-0.0448054
-0.042311
-0.0395057
-0.0363829
-0.0329369
-0.0291626
-0.0250555
-0.0206121
-0.0158293
-0.010705
-0.00523758
0.000573648
0.0067288
0.0132273
0.0200679
0.0272487
0.0347672
0.0426203
0.0508043
0.0593148
0.0681467
0.0772942
0.0867505
0.0965082
0.106559
0.116895
0.127507
0.138384
0.149518
0.160897
0.172511
0.184349
0.1964
0.208652
0.221094
0.233715
0.246503
0.259447
0.272536
0.285758
0.299103
0.312562
0.326124
0.339778
0.353515
0.367324
0.381198
0.395126
0.409101
0.423114
0.437157
0.451223
0.465307
0.4794
0.493499
0.507599
0.521694
0.535783
0.549861
0.563928
0.577982
0.592022
0.606048
0.620062
0.634064
0.648057
0.662044
0.676027
0.690011
0.704001
0.718003
0.732022
0.746066
0.760142
0.774258
0.788424
0.802647
0.816937
0.831304
0.845757
0.860307
0.874964
0.889737
0.904636
0.919672
0.934854
0.950192
0.965695
0.981373
0.997234
1.01329
1.02954
1.046
1.06268
1.07959
1.09673
1.1141
1.13172
1.14959
1.16772
1.18612
1.20478
1.22372
1.24293
1.26243
1.28221
1.30227
1.32263
1.34328
1.36423
1.38547
1.407
1.42883
1.45095
1.47336
1.49606
1.51905
1.54233
1.56588
1.58972
1.61382
1.6382
1.66283
1.68772
1.71285
1.73822
1.76383
1.78965
1.81569
1.84192
1.86834
1.89494
1.9217
1.94861
1.97567
2.00285
2.03014
2.05754
2.08503
2.1126
2.14023
2.16793
2.19568
2.22348
2.2513
2.27916
2.30704
2.33493
2.36284
2.39075
2.41866
2.44658
2.47449
2.5024
2.5303
2.55819
2.58606
2.61393
2.64177
2.66961
2.69742
2.72521
2.75298
2.78073
2.80844
2.83614
2.8638
2.89142
2.91902
2.94658
2.97411
3.0016
3.02905
3.05647
3.08386
3.11122
3.13855
3.16585
3.19314
3.22042
3.24769
3.27496
3.30224
3.32954
3.35687
3.38424
3.41167
3.43916
3.46673
3.4944
3.52217
3.55007
3.5781
3.60628
3.63463
3.66315
3.69187
3.72079
3.74994
3.77931
3.80893
3.8388
3.86894
3.89935
3.93004
3.96101
3.99228
4.02384
4.0557
4.08786
4.12031
4.15306
4.18611
4.21943
4.25304
4.28691
4.32104
4.35543
4.39005
4.42489
4.45995
4.4952
4.53064
4.56625
4.602
4.63789
4.67391
4.71002
4.74623
4.78251
4.81885
4.85523
4.89165
4.92808
4.96453
5.00097
5.0374
5.0738
5.11019
5.14653
5.18285
5.21912
5.25535
5.29154
5.32769
5.3638
5.39987
5.43589
5.47189
5.50785
5.54378
5.57968
5.61555
5.6514
5.68723
5.72304
5.75883
5.79459
5.83034
5.86606
5.90177
5.93744
5.97309
6.00871
6.0443
6.07984
6.11535
6.1508
6.1862
6.22155
6.25683
6.29205
6.3272
6.36228
6.39729
6.43222
6.46709
6.50188
6.53661
6.57127
6.60588
6.64044
6.67496
6.70945
6.74392
6.77837
6.81284
6.84732
6.88184
6.91642
6.95106
6.98579
7.02063
7.05559
7.09071
7.12598
7.16144
7.1971
7.23297
7.26909
7.30545
7.34208
7.37899
7.41619
7.4537
7.49152
7.52966
7.56813
7.60693
7.64607
7.68555
7.72536
7.76551
7.80599
7.84679
7.88792
7.92935
7.97108
8.0131
8.0554
8.09796
8.14078
8.18384
8.22713
8.27063
8.31433
8.3582
8.40225
8.44644
8.49077
8.53522
8.57977
8.62441
8.66912
8.7139
8.75873
8.80359
8.84848
8.89339
8.93832
8.98324
9.02817
9.07309
9.11799
9.16289
9.20776
9.25263
9.29747
9.34229
9.38709
9.43188
9.47664
9.52139
9.56611
9.61082
9.65551
9.70017
9.74482
9.78945
9.83405
9.87862
9.92317
9.96769
10.0122
10.0566
10.101
10.1454
10.1897
10.234
10.2782
10.3224
10.3665
10.4105
10.4545
10.4984
10.5423
10.5862
10.63
10.6737
10.7175
10.7612
10.8049
10.8486
10.8923
10.9361
10.98
11.0239
11.0679
11.112
11.1563
11.2007
11.2452
11.29
11.335
11.3802
11.4256
11.4714
11.5174
11.5637
11.6104
11.6574
11.7048
11.7525
11.8007
11.8492
11.8982
11.9476
11.9975
12.0478
12.0985
12.1497
12.2014
12.2534
12.306
12.3589
12.4123
12.4661
12.5203
12.5749
12.6299
12.6853
12.741
12.7971
12.8535
12.9103
12.9673
13.0246
13.0823
13.1401
13.1982
13.2565
13.315
13.3737
13.4326
13.4916
13.5508
13.61
13.6694
13.7289
13.7884
13.848
13.9077
13.9674
14.0271
14.0869
14.1467
14.2064
14.2662
14.3261
14.3859
14.4456
14.5054
14.5652
14.625
14.6847
14.7444
14.8042
14.8638
14.9235
14.9831
15.0427
15.1023
15.1618
15.2213
15.2807
15.3401
15.3995
15.4588
15.518
15.5772
15.6364
15.6955
15.7545
15.8135
15.8725
15.9314
15.9904
16.0493
16.1082
16.1671
16.2261
16.2851
16.3443
16.4035
16.4628
16.5223
16.582
16.6419
16.7021
16.7625
16.8232
16.8842
16.9456
17.0073
17.0695
17.132
17.195
17.2585
17.3225
17.387
17.452
17.5177
17.5839
17.6508
17.7183
17.7864
17.8552
17.9247
17.9949
18.0657
18.1372
18.2095
18.2824
18.356
18.4302
18.5051
18.5807
18.6569
18.7338
18.8113
18.8893
18.968
19.0472
19.1271
19.2075
19.2884
19.3699
19.4519
19.5345
19.6175
19.701
19.785
19.8694
19.9542
20.0394
20.125
20.2109
20.2972
20.3838
20.4706
20.5577
20.6449
20.7323
20.8199
20.9076
20.9954
21.0833
21.1712
21.2592
21.3473
21.4354
21.5235
21.6116
21.6997
21.7879
21.876
21.964
22.0521
22.1401
22.2281
22.316
22.4039
22.4918
22.5796
22.6673
22.755
22.8427
22.9303
23.0178
23.1054
23.1928
23.2803
23.3678
23.4552
23.5427
23.6302
23.7178
23.8055
23.8933
23.9813
24.0695
24.158
24.2468
24.336
24.4256
24.5156
24.6063
24.6976
24.7896
24.8823
