-0.000603557
-0.00181514
-0.00363432
-0.00605582
-0.00907767
-0.0126879
-0.0168684
-0.0215952
-0.02684
-0.032572
-0.0387557
-0.045353
-0.0523223
-0.0596189
-0.067195
-0.0750001
-0.0829812
-0.0910831
-0.0992484
-0.107418
-0.115531
-0.123525
-0.131338
-0.138906
-0.146163
-0.153046
-0.15949
-0.16543
-0.170802
-0.175541
-0.179586
-0.182875
-0.185351
-0.186956
-0.187639
-0.187347
-0.186033
-0.183653
-0.180166
-0.175535
-0.169727
-0.162714
-0.154471
-0.144977
-0.134218
-0.122183
-0.108864
-0.0942616
-0.0783783
-0.0612224
-0.042807
-0.0231515
-0.00228134
0.0197744
0.0429822
0.0673047
0.0927006
0.119125
0.146527
0.174856
0.204053
0.234061
0.264815
0.296251
0.328302
0.360898
0.393969
0.427442
0.461247
0.495309
0.529559
0.563921
0.598325
0.632705
0.666993
0.701126
0.735038
0.768668
0.801955
0.834841
0.867255
0.899126
0.930366
0.960898
0.990652
1.01957
1.0476
1.07469
1.1008
1.1259
1.14993
1.17288
1.19472
1.21544
1.23502
1.25345
1.27074
1.28688
1.30189
1.31578
1.32864
1.34048
1.35128
1.36105
1.3698
1.37756
1.38439
1.3903
1.39535
1.39957
1.403
1.40567
1.40765
1.40899
1.40976
1.41002
1.40984
1.40928
1.40842
1.40732
1.40605
1.40469
1.40331
1.40197
1.40074
1.3997
1.3989
1.39841
1.39828
1.39858
1.39942
1.40086
1.40297
1.4058
1.40942
1.41387
1.4192
1.42543
1.43261
1.44077
1.44991
1.46006
1.47122
1.48337
1.49652
1.51065
1.52575
1.54181
1.5588
1.5767
1.5955
1.61516
1.63565
1.65696
1.67904
1.70187
1.72542
1.74966
1.77454
1.80003
1.8261
1.85271
1.87981
1.90737
1.93534
1.96368
1.99233
2.02126
2.05039
2.07969
2.10911
2.13858
2.16805
2.19746
2.22672
2.25583
2.28473
2.31337
2.34167
2.3696
2.39707
2.42404
2.45044
2.47621
2.50127
2.52557
2.54905
2.57162
2.59318
2.61368
2.63305
2.65126
2.66827
2.68406
2.69861
2.71194
2.72404
2.73492
2.74461
2.75313
2.76061
2.76709
2.77264
2.77732
2.7812
2.78435
2.78683
2.78872
2.79008
2.79099
2.79148
2.79162
2.79144
2.79099
2.79031
2.78942
2.78834
2.78708
2.78564
2.78403
2.78225
2.78028
2.77814
2.7758
2.77326
2.77054
2.76762
2.76452
2.76125
2.75782
2.7543
2.75074
2.74718
2.74369
2.74034
2.73719
2.7343
2.73176
2.72966
2.72807
2.72709
2.72682
2.72736
2.72879
2.73124
2.73479
2.73953
2.74555
2.75289
2.7616
2.77166
2.78311
2.79598
2.81029
2.82604
2.84322
2.86181
2.88178
2.90308
2.92565
2.94941
2.97429
3.00019
3.02702
3.05469
3.08307
3.11203
3.14142
3.1711
3.20092
3.23072
3.26034
3.28964
3.31847
3.34668
3.37412
3.40066
3.42616
3.4505
3.47358
3.49542
3.51591
3.53496
3.5525
3.56848
3.58287
3.59566
3.60686
3.61648
3.62457
3.63123
3.63647
3.64033
3.64288
3.64423
3.64447
3.64371
3.64207
3.63967
3.63661
3.63311
3.62927
3.62528
3.62114
3.61694
3.61278
3.60871
3.60481
3.60111
3.59764
3.59442
3.59145
3.58872
3.58621
3.58389
3.58172
3.57966
3.57766
3.57566
3.57361
3.57143
3.56906
3.56646
3.56355
3.56029
3.55663
3.55253
3.54797
3.54294
3.53742
3.53147
3.52514
3.51847
3.51153
3.50441
3.49719
3.48997
3.48289
3.47604
3.46957
3.46359
3.45826
3.45369
3.45003
3.44741
3.44596
3.4458
3.44705
3.44982
3.4542
3.46032
3.46825
3.47804
3.48973
3.50332
3.51882
3.5362
3.55541
3.57639
3.59909
3.62341
3.64929
3.6766
3.70526
3.73512
3.76604
3.79786
3.83042
3.86354
3.89705
3.93079
3.96456
3.9982
4.03153
4.06439
4.0966
4.12803
4.15852
4.18793
4.21616
4.24337
4.26943
4.29423
4.31769
4.3397
4.36022
4.37918
4.39657
4.41236
4.42656
4.43919
4.45028
4.45988
4.46805
4.47487
4.48042
4.48479
4.48807
4.49038
4.4918
4.49255
4.49266
4.49223
4.49136
4.49015
4.48866
4.48697
4.48516
4.48325
4.48131
4.47935
4.4774
4.47547
4.47355
4.47163
4.46971
4.46775
4.46572
4.4636
4.46134
4.45891
4.45627
4.45338
4.45022
4.44675
4.44296
4.43883
4.43435
4.42953
4.42438
4.41899
4.41342
4.40774
4.40205
4.39646
4.39107
4.38602
4.38145
4.3775
4.37431
4.37206
4.37089
4.37098
4.37246
4.37551
4.38028
4.38691
4.39554
4.4063
4.4193
4.43299
4.44865
4.46637
4.4862
4.50815
4.53223
4.5584
4.58665
4.61691
4.64911
4.68318
4.71901
4.75647
4.79543
4.83575
4.87726
4.91979
4.96316
5.00719
5.05169
5.09646
5.1413
5.18602
5.23043
5.27434
5.31757
5.35994
5.4013
5.44149
5.48048
5.51843
5.5553
5.59097
5.6253
5.65821
5.68959
5.71936
5.74748
5.77376
5.79827
5.82102
5.84197
5.86118
5.87867
5.89445
5.90863
5.9213
5.93249
5.94224
5.95071
5.95757
5.96332
5.96806
5.9719
5.9749
5.97717
5.97877
5.97975
5.9802
5.98025
5.97992
5.97925
5.97829
5.97704
5.97548
5.97371
5.97169
5.96944
5.96693
5.96418
5.96115
5.95786
5.95429
5.95045
5.94635
5.94198
5.93737
5.93255
5.92754
5.92245
5.91731
5.91225
5.90741
5.90294
5.89897
5.89566
5.89317
5.89169
5.89147
5.89257
5.89527
5.89982
5.90645
5.91555
5.92719
5.94154
5.95873
5.97901
6.00246
6.02931
6.05694
6.08665
6.11893
6.15399
6.19191
6.23269
6.27634
6.32281
6.372
6.42382
6.47814
6.53481
6.59368
6.65456
6.71725
6.78154
6.8472
6.91401
6.98172
7.05008
7.11884
7.18775
7.25654
7.32499
7.39283
7.45984
7.52578
7.59044
7.65362
7.71536
7.77621
7.83636
7.89579
7.95438
8.01196
8.06836
8.12342
8.17699
8.22897
8.27919
8.3276
8.37414
8.41871
8.46125
8.50168
8.53998
8.57612
8.61008
8.64185
8.67143
8.69583
8.71654
8.73438
8.74981
8.76312
8.77451
8.78416
8.79218
8.79871
8.80386
8.80774
8.81044
8.81208
8.81272
8.81247
8.8114
8.80958
8.80711
8.80404
8.80045
8.79642
8.79202
8.78732
8.78241
8.77737
8.77228
8.76725
8.76237
8.75775
8.75352
8.74985
8.74695
8.74511
8.74463
8.74585
8.74911
8.75478
8.76325
8.77497
8.7903
8.80969
8.83355
8.86234
8.89649
8.93644
8.9826
9.03538
9.09517
9.16233
9.23721
9.31278
