0.000503471
0.0015143
0.00303227
0.00505288
0.00762892
0.0107682
0.014461
0.0186831
0.0234051
0.0286047
0.0342503
0.040315
0.0467658
0.0535688
0.0606862
0.0680772
0.0756981
0.0835018
0.0914383
0.0994543
0.107494
0.115497
0.123401
0.131141
0.138648
0.145851
0.152675
0.159044
0.164868
0.170062
0.174538
0.178213
0.181004
0.182828
0.18361
0.183273
0.181748
0.178968
0.174872
0.169405
0.162515
0.15416
0.144301
0.132907
0.119955
0.105427
0.089314
0.0716139
0.052332
0.0314814
0.00908259
-0.0148215
-0.0401706
-0.0669068
-0.0949634
-0.124274
-0.154767
-0.186365
-0.218985
-0.25254
-0.286937
-0.322081
-0.357875
-0.394219
-0.431013
-0.468159
-0.50556
-0.543123
-0.58076
-0.618388
-0.655952
-0.693358
-0.730557
-0.767524
-0.804242
-0.840693
-0.876867
-0.912759
-0.948371
-0.983712
-1.01868
-1.05314
-1.08686
-1.11962
-1.15128
-1.18173
-1.21092
-1.23877
-1.26526
-1.29032
-1.31394
-1.33607
-1.35674
-1.37596
-1.39376
-1.4102
-1.42531
-1.43916
-1.45182
-1.46333
-1.47442
-1.48497
-1.49479
-1.50379
-1.51189
-1.51917
-1.52566
-1.53143
-1.5365
-1.54088
-1.54448
-1.5473
-1.54941
-1.55088
-1.55178
-1.5522
-1.55221
-1.5519
-1.55134
-1.55061
-1.54978
-1.54893
-1.54813
-1.54742
-1.54686
-1.54648
-1.54632
-1.54639
-1.54671
-1.54729
-1.54851
-1.55048
-1.5533
-1.55702
-1.56171
-1.56741
-1.5741
-1.58177
-1.59039
-1.59991
-1.61024
-1.62129
-1.63286
-1.64479
-1.65689
-1.66899
-1.68092
-1.69254
-1.7037
-1.71429
-1.72415
-1.73317
-1.74126
-1.74837
-1.75443
-1.75941
-1.7633
-1.7661
-1.76782
-1.76847
-1.76811
-1.76677
-1.76454
-1.76149
-1.75769
-1.7532
-1.7481
-1.74244
-1.73618
-1.72953
-1.72255
-1.71525
-1.70763
-1.69971
-1.69144
-1.68313
-1.67483
-1.6666
-1.6584
-1.65028
-1.64215
-1.63399
-1.62571
-1.61722
-1.60839
-1.59909
-1.58916
-1.57824
-1.56594
-1.55197
-1.53618
-1.51849
-1.49874
-1.47691
-1.45307
-1.42734
-1.39976
-1.37046
-1.33961
-1.30739
-1.27465
-1.24172
-1.20896
-1.17671
-1.1453
-1.11506
-1.08627
-1.0592
-1.0341
-1.01118
-0.99053
-0.972169
-0.956074
-0.942167
-0.930368
-0.920451
-0.912106
-0.904979
-0.898654
-0.892684
-0.886591
-0.879871
-0.872009
-0.862497
-0.8508
-0.836487
-0.8191
-0.798225
-0.773499
-0.744603
-0.711631
-0.674475
-0.633157
-0.587734
-0.538349
-0.485163
-0.428386
-0.368277
-0.305211
-0.239616
-0.171952
-0.10272
-0.0325129
0.0380482
0.10831
0.177622
0.245363
0.310932
0.374027
0.434201
0.491554
0.545728
0.596311
0.643063
0.685808
0.724398
0.758761
0.788908
0.814926
0.836975
0.85524
0.870068
0.881819
0.890677
0.897063
0.901487
0.904559
0.906904
0.909196
0.912135
0.916441
0.922809
0.931914
0.944425
0.960995
0.982246
1.00875
1.04113
1.07979
1.12512
1.1765
1.23432
1.29887
1.37035
1.44875
1.53394
1.62569
1.72363
1.82731
1.93623
2.04924
2.16624
2.28659
2.40964
2.53454
2.66039
2.78632
2.91142
3.0348
3.15561
3.27228
3.38413
3.48993
3.58965
3.68289
3.76909
3.84797
3.91937
3.98323
4.03959
4.08866
4.13081
4.16648
4.19619
4.22057
4.24031
4.25617
4.26899
4.27967
4.28911
4.29826
4.30807
4.31947
4.33338
4.35067
4.37215
4.39857
4.43061
4.46884
4.51373
4.5653
4.62366
4.68881
4.76062
4.83885
4.92313
5.01301
5.10792
5.20721
5.31017
5.41605
5.52401
5.6332
5.74273
5.85173
5.95928
6.06451
6.16656
6.26461
6.35787
6.44534
6.5264
6.60054
6.66737
6.7266
6.77807
6.82174
6.85769
6.88611
6.90721
6.92121
6.92845
6.92934
6.9243
6.91393
6.89895
6.88014
6.85831
6.83431
6.80898
6.78321
6.75787
6.73382
6.71192
6.69297
6.67774
6.66694
6.66119
6.66105
6.66701
6.67736
6.69262
6.71323
6.73954
6.77181
6.8102
6.85474
6.90537
6.96192
7.0241
7.09155
7.1638
7.24029
7.32041
7.40347
7.48876
7.57552
7.66297
7.75034
7.83688
7.9211
8.00281
8.08133
8.15607
8.22653
8.29227
8.35298
8.40845
8.45855
8.50327
8.54272
8.57709
8.60667
8.63186
8.65312
8.671
8.68612
8.69913
8.71076
8.72173
8.7328
8.74472
8.75825
8.77411
8.79298
8.81548
8.84221
8.87365
8.91023
8.95228
8.9996
9.05213
9.10969
9.17195
9.23848
9.30875
9.3821
9.45778
9.53498
9.61279
9.69024
9.76633
9.84
9.9102
9.97585
10.0359
10.0892
10.1349
10.1718
10.1992
10.2288
10.2508
10.2643
10.2689
10.2643
10.2502
10.2266
10.1935
10.1511
10.0994
10.039
9.97017
9.89353
9.80971
9.71944
9.62353
9.52285
9.41833
9.31095
9.2017
9.0916
8.98167
8.87292
8.76636
8.66292
8.56353
8.46902
8.38019
8.29774
8.22148
8.14967
8.0823
8.01992
7.96303
7.91208
7.86743
7.82935
7.79801
7.77433
7.75774
7.74784
7.74472
7.74773
7.75671
7.77123
7.79055
7.81387
7.84096
7.87138
7.90406
7.94158
7.9802
8.01917
8.05798
8.09614
8.13322
8.16879
8.20293
8.23498
8.26452
8.29152
8.31605
8.33824
8.35831
8.3768
8.39356
8.40909
8.42386
8.43839
8.45318
8.46877
8.48567
8.50444
8.52546
8.5492
8.57606
8.60647
8.64054
8.67855
8.72018
8.76555
8.81415
8.86536
8.9183
8.97239
9.02679
9.0806
9.13268
9.18132
9.22636
9.26596
9.29837
9.32197
9.33399
9.33401
9.32077
9.29342
9.25
9.19002
9.11156
9.03462
8.94923
8.85146
8.73965
8.61301
8.4712
8.31403
8.1417
7.95453
7.75302
7.53779
7.30961
7.06936
6.81805
6.55679
6.28677
6.00928
5.72566
5.43732
5.14568
4.8522
4.55835
4.26558
3.97532
3.68895
3.40783
3.1332
2.86625
2.60809
2.35792
2.11112
1.86584
1.62184
1.37958
1.14002
0.90413
0.672854
0.446913
0.226871
0.0137679
-0.192309
-0.390985
-0.581764
-0.764275
-0.938147
-1.10314
-1.2592
-1.40618
-1.54402
-1.67268
-1.7692
-1.84497
-1.90606
-1.95588
-1.99648
-2.0292
-2.05505
-2.07481
-2.08916
-2.09866
-2.10381
-2.10504
-2.10272
-2.09714
-2.08857
-2.07721
-2.06323
-2.04676
-2.02792
-2.0068
-1.98349
-1.95809
-1.93071
-1.90148
-1.87057
-1.83819
-1.8046
-1.77011
-1.7351
-1.70005
-1.66582
-1.63375
-1.60552
-1.58305
-1.56857
-1.56441
-1.57299
-1.59699
-1.63958
-1.70329
-1.79121
-1.90644
-2.05218
-2.23162
-2.44794
-2.70427
-3.00369
-3.34909
-3.74321
-4.18873
-4.63204
