2.51735e-06
1.26062e-05
3.53391e-05
7.57648e-05
0.000139174
0.00023116
0.000357306
0.000523026
0.000733467
0.000993516
0.00130779
0.00168062
0.00211602
0.00261769
0.00318897
0.00383279
0.00455166
0.00534766
0.00622236
0.00717683
0.00821157
0.00932652
0.010521
0.0117937
0.0131427
0.0145652
0.0160578
0.0176164
0.0192359
0.0209106
0.0226336
0.0243973
0.0261934
0.0280126
0.0298448
0.0316792
0.0335043
0.0353079
0.0370771
0.0387985
0.0404581
0.0420414
0.0435337
0.0449198
0.0461841
0.047311
0.0482847
0.0490893
0.0497091
0.0501281
0.050331
0.0503023
0.0500273
0.0494919
0.0486826
0.0475864
0.0461912
0.0444855
0.0424588
0.0401011
0.0374038
0.0343587
0.0309589
0.0271984
0.0230723
0.0185764
0.0137078
0.00846439
0.00284498
-0.00315076
-0.00952246
-0.016269
-0.0233886
-0.030879
-0.0387378
-0.0469625
-0.0555503
-0.0644984
-0.0738041
-0.0834645
-0.0934764
-0.103836
-0.114536
-0.125568
-0.136922
-0.148587
-0.160551
-0.172799
-0.185319
-0.198097
-0.211118
-0.224368
-0.237833
-0.251496
-0.265345
-0.279364
-0.293542
-0.307864
-0.322319
-0.336895
-0.351584
-0.366381
-0.38128
-0.396272
-0.411351
-0.426506
-0.44173
-0.457016
-0.472355
-0.487742
-0.503169
-0.518628
-0.534112
-0.549613
-0.565126
-0.580646
-0.596168
-0.611689
-0.627205
-0.642715
-0.658217
-0.67371
-0.689196
-0.704673
-0.720145
-0.735611
-0.751076
-0.766539
-0.782005
-0.797475
-0.812953
-0.828448
-0.843967
-0.859519
-0.875113
-0.890758
-0.906466
-0.922245
-0.938106
-0.954058
-0.970108
-0.986266
-1.00254
-1.01892
-1.03543
-1.05206
-1.06881
-1.08568
-1.10266
-1.11975
-1.13694
-1.15423
-1.1716
-1.18905
-1.20656
-1.22413
-1.24175
-1.25939
-1.27706
-1.29474
-1.31243
-1.3301
-1.34776
-1.36539
-1.38298
-1.40054
-1.41805
-1.4355
-1.45289
-1.47022
-1.48748
-1.50467
-1.52178
-1.53882
-1.55578
-1.57265
-1.58944
-1.60615
-1.62277
-1.63931
-1.65578
-1.67216
-1.68846
-1.70467
-1.7208
-1.73684
-1.75278
-1.76861
-1.78433
-1.79992
-1.81536
-1.83064
-1.84572
-1.8606
-1.87525
-1.88965
-1.90379
-1.91764
-1.93119
-1.94443
-1.95734
-1.96992
-1.98217
-1.9941
-2.00571
-2.01701
-2.02802
-2.03875
-2.04921
-2.05944
-2.06945
-2.07926
-2.0889
-2.09839
-2.10776
-2.11701
-2.12617
-2.13526
-2.14428
-2.15323
-2.16213
-2.17096
-2.17972
-2.18839
-2.19696
-2.2054
-2.21368
-2.22176
-2.22962
-2.23721
-2.24449
-2.25142
-2.25796
-2.26407
-2.2697
-2.27481
-2.27938
-2.28336
-2.28673
-2.28946
-2.29151
-2.29289
-2.29356
-2.29354
-2.2928
-2.29137
-2.28926
-2.28648
-2.28305
-2.27901
-2.27438
-2.2692
-2.26349
-2.25729
-2.25065
-2.24359
-2.23618
-2.22844
-2.22042
-2.21216
-2.2037
-2.19507
-2.18631
-2.17745
-2.16851
-2.15952
-2.15049
-2.14143
-2.13235
-2.12325
-2.1141
-2.10491
-2.09563
-2.08625
-2.07672
-2.06701
-2.05705
-2.0468
-2.0362
-2.02517
-2.01367
-2.00161
-1.98895
-1.9756
-1.9615
-1.94659
-1.93079
-1.91405
-1.89629
-1.87747
-1.85755
-1.83647
-1.81421
-1.79072
-1.766
-1.74003
-1.71279
-1.68431
-1.65458
-1.62362
-1.59148
-1.5582
-1.52383
-1.48843
-1.45207
-1.41481
-1.37673
-1.33789
-1.29838
-1.25826
-1.21762
-1.17652
-1.13504
-1.09322
-1.05114
-1.00884
-0.966353
-0.923727
-0.880983
-0.83814
-0.795203
-0.752171
-0.709033
-0.665769
-0.622349
-0.578735
-0.534881
-0.490735
-0.446238
-0.401325
-0.35593
-0.309985
-0.263423
-0.216176
-0.168178
-0.119369
-0.0696879
-0.0190833
0.0324924
0.0850793
0.13871
0.193411
0.249197
0.306076
0.364049
0.423104
0.483223
0.544378
0.606534
0.669646
0.733663
0.798521
0.864156
0.930496
0.997465
1.06499
1.13299
1.20138
1.2701
1.33907
1.40821
1.47746
1.54675
1.61602
1.68521
1.75427
1.82317
1.89186
1.96032
2.02854
2.0965
2.16421
2.23167
2.29889
2.36592
2.43277
2.4995
2.56614
2.63275
2.69939
2.76611
2.83296
2.89999
2.96725
3.03481
3.10272
3.17104
3.23984
3.30918
3.37911
3.44969
3.52097
3.59299
3.66579
3.73941
3.81387
3.88919
3.96538
4.04245
4.12039
4.19918
4.2788
4.35922
4.4404
4.52232
4.60491
4.68814
4.77195
4.85628
4.94109
5.02632
5.11192
5.19784
5.28403
5.37045
5.45708
5.54386
5.63079
5.71784
5.805
5.89227
5.97966
6.06717
6.15484
6.24267
6.33071
6.419
6.50758
6.5965
6.68581
6.77557
6.86583
6.95664
7.04805
7.1401
7.23284
7.32629
7.42049
7.51545
7.61119
7.70771
7.80499
7.90302
8.00177
8.1012
8.20126
8.30189
8.40301
8.50454
8.6064
8.70854
8.81094
8.91351
9.01618
9.11884
9.22142
9.3238
9.4259
9.52762
9.62888
9.72957
9.82961
9.92893
10.0274
10.1251
10.2218
10.3175
10.4122
10.5059
10.5985
10.6899
10.7803
10.8696
10.9578
11.0449
11.131
11.2162
11.3004
11.3838
11.4664
11.5483
11.6294
11.71
11.7899
11.8692
11.9481
12.0266
12.1048
12.1826
12.2603
12.3378
12.4153
12.4927
12.5703
12.6479
12.7257
12.8037
12.882
12.9606
13.0394
13.1187
13.1983
13.2783
13.3587
13.4394
13.5206
13.6021
13.684
13.7661
13.8486
13.9314
14.0145
14.0977
14.1812
14.2649
14.3487
14.4328
14.5169
14.6012
14.6857
14.7703
14.8551
14.94
15.0252
15.1105
15.1962
15.2821
15.3683
15.4549
15.5419
15.6293
15.7172
15.8056
15.8946
15.984
16.074
16.1645
16.2556
16.3472
16.4392
16.5317
16.6245
16.7176
16.8109
16.9042
16.9975
17.0906
17.1833
17.2755
17.367
17.4577
17.5476
17.6366
17.7246
17.8114
17.8968
17.9807
18.063
18.1435
18.222
18.2985
18.3727
18.4446
18.514
18.5809
18.6451
18.7066
18.7653
18.8211
18.874
18.924
18.971
19.0152
19.0564
19.0947
19.1302
19.1629
19.1929
19.2202
19.2451
19.2674
19.2873
19.3047
19.3198
19.3324
19.3426
19.3505
19.3561
19.3594
19.3606
19.3597
19.3568
19.352
19.3452
19.3367
19.3265
19.3147
19.3014
19.2866
19.2705
19.2533
19.2353
19.2165
19.1972
19.1774
19.1573
19.1369
19.1162
19.0954
19.0745
19.0535
19.0324
19.0114
18.9904
18.9694
18.9486
18.9279
18.9074
18.887
18.8668
18.8469
18.8272
18.8077
18.7886
18.7697
18.7511
18.7329
18.7151
18.6975
18.6804
18.6635
18.647
18.6308
18.6149
18.5991
18.5835
18.5678
18.5519
18.5358
18.519
18.5016
18.4831
18.4633
18.4419
18.4185
18.3927
18.3642
18.3324
18.2969
18.2573
18.2132
