0
0
0
0
0
0
0
0
0
0
0
0
0
0
0
0
0
0
0
0
0
0
0
0
0
0
0
0
0
0
0
0
0
0
0
0
0
0
0
0
0
0
0
0
0
0
0
0
0
0
-5.58875e-25
-3.87248e-24
-1.03028e-23
-1.96237e-23
-3.16212e-23
-4.60929e-23
-6.28473e-23
-8.17036e-23
-1.02491e-22
-1.25048e-22
-1.49222e-22
-1.74869e-22
-2.01854e-22
-2.30048e-22
-2.59325e-22
-2.89518e-22
-3.202e-22
-3.50285e-22
-3.78228e-22
-4.02282e-22
-4.19999e-22
-4.27077e-22
-4.23116e-22
-4.08873e-22
-3.85081e-22
-3.5242e-22
-3.11468e-22
-2.6277e-22
-2.06868e-22
-1.44288e-22
-7.55627e-23
2.24277e-21
1.98012e-20
7.41611e-20
7.58507e-17
6.53042e-16
2.4564e-15
6.51781e-15
2.18412e-11
2.18121e-08
1.9343e-07
7.61443e-07
2.08007e-06
4.60097e-06
8.86362e-06
1.54863e-05
2.51577e-05
3.86289e-05
5.67059e-05
8.02429e-05
0.000110136
0.000147298
0.000192586
0.000246784
0.000310609
0.000384711
0.000469681
0.000566051
0.000674298
0.00079485
0.000928082
0.00107433
0.00123387
0.00140696
0.00159381
0.00179459
0.00200943
0.00223844
0.00248169
0.00273923
0.00301108
0.00329724
0.00359766
0.00391231
0.0042411
0.00458394
0.00494071
0.0053113
0.00569555
0.00609328
0.00650432
0.00692846
0.00736555
0.00781546
0.0082781
0.0087534
0.00924132
0.00974185
0.010255
0.0107808
0.0113194
0.0118708
0.0124352
0.0130128
0.0136039
0.0142089
0.014828
0.0154619
0.0161109
0.0167755
0.0174562
0.0181537
0.0188684
0.0196008
0.0203511
0.0211198
0.021907
0.0227131
0.0235382
0.0243824
0.0252457
0.0261283
0.0270302
0.0279513
0.0288916
0.029851
0.0308294
0.0318266
0.0328426
0.033877
0.0349297
0.0360004
0.037089
0.0381951
0.0393185
0.0404588
0.0416158
0.042789
0.0439783
0.0451831
0.0464032
0.047638
0.0488873
0.0501508
0.0514282
0.0527192
0.0540237
0.0553414
0.0566722
0.0580159
0.0593725
0.0607418
0.0621239
0.0635186
0.064926
0.0663462
0.0677791
0.0692249
0.0706836
0.0721553
0.0736403
0.0751386
0.0766504
0.0781757
0.0797147
0.0812673
0.0828334
0.084413
0.0860061
0.0876124
0.0892318
0.0908641
0.0925091
0.0941665
0.0958361
0.0975176
0.0992107
0.100915
0.10263
0.104356
0.106092
0.107837
0.109592
0.111356
0.113128
0.114908
0.116696
0.11849
0.120292
0.122099
0.123913
0.125733
0.127559
0.12939
0.131226
0.133066
0.13491
0.136758
0.13861
0.140464
0.142323
0.144184
0.146047
0.147913
0.149781
0.15165
0.153521
0.155392
0.157263
0.159134
0.161003
0.162871
0.164735
0.166596
0.168453
0.170305
0.172152
0.173995
0.175832
0.177664
0.179492
0.181315
0.183135
0.184951
0.186764
0.188575
0.190385
0.192196
0.194007
0.195821
0.197638
0.199461
0.20129
0.203128
0.204976
0.206837
0.208712
0.210604
0.212515
0.214448
0.216403
0.21838
0.220377
0.222392
0.224422
0.226465
0.228522
0.230588
0.232664
0.234748
0.236839
0.238934
0.241034
0.243136
0.24524
0.247344
0.249447
0.251548
0.253646
0.255739
0.257826
0.259904
0.261972
0.264027
0.266067
0.268092
0.2701
0.272091
0.274066
0.276023
0.277964
0.279889
0.2818
0.283698
0.285584
0.287462
0.289332
0.291199
0.293063
0.294929
0.296797
0.298672
0.300555
0.30245
0.304358
0.306283
0.308227
0.310192
0.312182
0.3142
0.316246
0.318319
0.320416
0.322534
0.324669
0.32682
0.328985
0.33116
0.333344
0.335536
0.337734
0.339935
0.342139
0.344345
0.346551
0.348757
0.350961
0.353163
0.355363
0.35756
0.359752
0.361936
0.364108
0.366263
0.368399
0.370516
0.372613
0.374691
0.376751
0.378796
0.380828
0.382851
0.384867
0.386878
0.388888
0.3909
0.392916
0.394939
0.396971
0.399016
0.401077
0.403156
0.405256
0.40738
0.409531
0.411712
0.413926
0.416176
0.418465
0.420796
0.423171
0.425586
0.428032
0.430506
0.433001
0.435513
0.438036
0.440567
0.443102
0.445637
0.448169
0.450696
0.453215
0.455724
0.458221
0.460704
0.463173
0.465626
0.468063
0.470482
0.472883
0.475267
0.477634
0.479988
0.482333
0.484671
0.487007
0.489342
0.491681
0.494027
0.496383
0.498751
0.501136
0.503541
0.505969
0.508424
0.510908
0.513425
0.515979
0.518573
0.521211
0.523897
0.526633
0.529425
0.532275
0.535189
0.538168
0.541219
0.544345
0.547551
0.550837
0.554199
0.557627
0.561113
0.564647
0.568221
0.571827
0.575456
0.579098
0.582747
0.586392
0.590027
0.593641
0.597226
0.600774
0.604275
0.607721
0.611103
0.614412
0.617639
0.620788
0.623912
0.627027
0.63014
0.633254
0.636373
0.639503
0.642647
0.645809
0.648995
0.652208
0.655452
0.658734
0.662055
0.665423
0.66884
0.672313
0.675845
0.679441
0.683107
0.686848
0.690668
0.694574
0.698569
0.702661
0.706854
0.711155
0.715568
0.720102
0.72476
0.729544
0.734448
0.73946
0.744571
0.749767
0.755038
0.760373
0.76576
0.771188
0.776647
0.782125
0.787612
0.793096
0.798567
0.804014
0.809426
0.814791
0.8201
0.825339
0.830499
0.835578
0.840609
0.845609
0.850589
0.855553
0.860511
0.865467
0.87043
0.875406
0.880403
0.885426
0.890482
0.89558
0.900725
0.905926
0.911189
0.916521
0.921929
0.927423
0.933008
0.938692
0.944484
0.950392
0.956423
0.962586
0.968889
0.975342
0.981953
0.98873
0.995684
1.00282
1.01012
1.01758
1.02517
1.03289
1.04071
1.04861
1.05659
1.06462
1.07269
1.08077
1.08886
1.09694
1.10499
1.11299
1.12093
1.12879
1.13655
1.1442
1.15172
1.15911
1.16644
1.17377
1.18112
1.1885
1.19592
1.2034
1.21094
1.21856
1.22626
1.23405
1.24196
1.24998
1.25813
1.26642
1.27485
1.28346
1.29223
1.3012
1.31036
1.31974
1.32934
1.33918
1.34927
1.35962
1.37026
1.38119
1.39243
1.404
1.4159
1.42816
1.44074
1.45364
1.46681
1.48023
1.49386
1.50766
1.52162
1.53569
1.54984
1.56404
1.57826
1.59246
1.60661
1.62068
1.63464
1.64845
1.66207
1.67549
1.68865
1.70157
1.71439
1.72723
1.74016
1.75323
1.76647
1.7799
1.79356
1.80745
1.82161
1.83605
1.85079
1.86585
1.88125
1.89702
1.91317
1.92973
1.94672
1.96417
1.98209
2.00052
2.01948
2.03899
2.05908
2.07979
2.10113
2.12314
2.14584
2.16928
2.19348
2.21845
2.24419
2.27066
2.29779
2.32552
2.35377
2.38248
2.41158
2.44098
2.47062
2.50042
2.53031
2.56022
2.59007
2.61979
2.64931
2.67854
2.70741
2.73584
2.76375
2.79113
