-0.0355023
-0.0288695
-0.018467
-0.0115135
-0.0115155
-0.0124259
-0.0136745
-0.0136876
-0.0135784
-0.0135994
-0.0134505
-0.0134609
-0.0134078
-0.0134103
-0.0134166
-0.0134203
-0.0134223
-0.0134233
-0.0134235
-0.0134232
-0.0134224
-0.0134212
-0.0134196
-0.0134177
-0.0134156
-0.0134132
-0.0134106
-0.0134078
-0.0134043
-0.0134019
-0.0133999
-0.0133984
-0.0133973
-0.0133969
-0.013397
-0.0133978
-0.0133993
-0.0134015
-0.013403
-0.0134044
-0.0134059
-0.0134074
-0.0134089
-0.0134105
-0.0134122
-0.0134141
-0.0134161
-0.0134182
-0.0134206
-0.0134232
-0.0142456
-0.0142545
-0.0142697
-0.0142906
-0.0142511
-0.0142029
-0.0141458
-0.0140794
-0.0140033
-0.0139171
-0.0138207
-0.0137137
-0.0135959
-0.0134671
-0.0133272
-0.013176
-0.0130136
-0.0128399
-0.0126551
-0.0124591
-0.0121914
-0.0119526
-0.0116229
-0.0112767
-0.0109139
-0.0105344
-0.0101386
-0.009727
-0.00930046
-0.00886003
-0.00840763
-0.00795064
-0.00698416
-0.00513499
-0.00317237
-0.00123379
0.000638195
0.00250084
0.00434887
0.00618448
0.00800347
0.00980118
0.0115731
0.0133147
0.0150219
0.0166903
0.0183162
0.0198956
0.0214252
0.0229016
-0.0113254
-0.0110931
-0.010338
-0.0096988
-0.0090122
-0.00859685
-0.00795718
-0.00756633
-0.00719766
-0.00683412
-0.00659058
-0.00633004
-0.00604955
-0.00577245
-0.00549897
-0.00522917
-0.00496295
-0.0047002
-0.00444083
-0.00418483
-0.00393227
-0.00369607
-0.00320979
-0.0030126
-0.000348342
0.00313888
0.00264649
0.00120596
0.0011487
0.00206884
0.00373921
0.00603433
0.00853237
0.0105997
0.0124258
0.0140858
0.0162329
0.0183168
0.0188936
0.0178282
0.025778
0.0377291
0.0528781
0.0707916
0.0908394
0.1116
0.131308
0.150257
0.168472
0.185548
0.0157798
0.0156567
0.0157504
0.0161765
0.0172677
0.021199
0.0241402
0.0259285
0.0263068
0.0248133
0.020018
0.0128049
0.00573235
-0.00136569
-0.0093472
-0.0169285
-0.0195748
-0.0202294
-0.0212115
-0.0217609
-0.022515
-0.0231077
-0.0235384
-0.0239117
-0.0241746
-0.0242627
-0.0241978
-0.0240629
-0.0238555
-0.0233245
-0.0233066
-0.0237125
-0.0241484
-0.0247035
-0.025236
-0.0255712
-0.0253338
-0.0248568
-0.0242033
-0.0235742
-0.023063
-0.0228251
-0.0224315
-0.021996
-0.0215116
-0.0209584
-0.0204329
-0.0198263
-0.0191323
-0.0183408
0.220418
0.22858
0.241016
0.256174
0.271703
0.286658
0.299608
0.308896
0.310071
0.305758
0.296456
0.28294
0.265949
0.246064
0.223707
0.199085
0.172315
0.158613
0.146087
0.135213
0.126806
0.120663
0.116809
0.113528
0.11134
0.112722
0.116147
0.121323
0.128089
0.136236
0.145576
0.155249
0.16609
0.17811
0.190284
0.202223
0.213781
0.224844
0.240645
0.256803
0.273364
0.290233
0.304472
0.316755
0.332037
0.348715
0.366995
0.385875
0.404561
0.423001
0.0289048
0.0390798
0.0493562
0.0638495
0.0795949
0.0963875
0.113847
0.131543
0.149339
0.166943
0.185647
0.207416
0.23116
0.256347
0.281062
0.305263
0.330421
0.357097
0.384981
0.414117
0.444659
0.475893
0.507409
0.539089
0.570844
0.602549
0.634284
0.665807
0.693064
0.719612
0.746632
0.774018
0.801616
0.829241
0.856567
0.882561
0.90732
0.930253
0.95073
0.968476
0.982615
0.996442
1.0073
1.01542
1.02268
1.02832
1.03299
1.03783
1.04339
1.04959
1.16465
1.1667
1.16658
1.16836
1.17059
1.17173
1.17261
1.17325
1.17351
1.17377
1.17408
1.17424
1.17437
1.17446
1.17454
1.17461
1.17466
1.1747
1.17473
1.17476
1.17478
1.17478
1.17478
1.17477
1.17474
1.1747
1.17463
1.17456
1.17446
1.17434
1.17421
1.17406
1.17389
1.1737
1.17349
1.17325
1.173
1.17273
1.17243
1.17226
1.17213
1.172
1.17157
1.17115
1.17072
1.17028
1.16983
1.16937
1.1689
1.16841
1.08249
1.08204
1.08157
1.08109
1.08069
1.08029
1.07988
1.07947
1.07906
1.07874
1.07831
1.07787
1.07743
1.07662
1.07585
1.07525
1.07481
1.07452
1.07428
1.07409
1.07394
1.07382
1.07374
1.07369
1.07367
1.07367
1.07367
1.07367
1.07367
1.07368
1.07368
1.07368
1.07368
1.07368
1.07368
1.07368
1.07368
1.07368
1.07368
1.07369
1.07369
1.07369
1.07369
1.07369
1.07369
1.07369
1.07369
1.07369
1.07369
1.0737
1.15799
1.15799
1.15799
1.15799
1.15799
1.158
1.158
1.158
1.158
1.158
1.158
1.158
1.158
1.158
1.158
1.158
1.15801
1.15801
1.15801
1.15801
1.15801
1.15801
1.15801
1.15801
1.15801
1.15801
1.15801
1.15802
1.15802
1.15802
1.15802
1.15802
1.15802
1.15802
1.15802
1.15802
1.15802
1.15802
1.15802
1.15802
1.15802
1.15803
1.15803
1.15803
1.15803
1.15803
1.15803
1.15803
1.15803
1.15803
1.07373
1.07373
1.07373
1.07373
1.07373
1.07373
1.07373
1.07373
1.07373
1.07373
1.07373
1.07373
1.07374
1.07374
1.07374
1.07374
1.07374
1.07374
1.07374
1.07374
1.07374
1.07374
1.07374
1.07374
1.07374
1.07374
1.07374
1.07374
1.07374
1.07374
1.07374
1.07374
1.07374
1.07374
1.07374
1.07374
1.07375
1.07375
1.07375
1.07375
1.07375
1.07375
1.07375
1.07375
1.07375
1.07375
1.07375
1.07375
1.07375
1.07375
1.15806
1.15806
1.15806
1.15806
1.15806
1.15806
1.15806
1.15806
1.15806
1.15806
1.15806
1.15806
1.15806
1.15806
1.15806
1.15806
1.15806
1.15806
1.15806
1.15806
1.15806
1.15806
1.15806
1.15806
1.15806
1.15806
1.15807
1.15807
1.15807
1.15807
1.15807
1.15807
1.15807
1.15807
1.15807
1.15807
1.15807
1.15807
1.15807
1.15807
1.15807
1.15807
1.15807
1.15807
1.15807
1.15807
1.15807
1.15807
1.15807
1.15807
1.07376
1.07376
1.07376
1.07376
1.07376
1.07376
1.07376
1.07376
1.07376
1.07376
1.07376
1.07376
1.07376
1.07376
1.07376
1.07376
1.07377
1.07377
1.07377
1.07377
1.07377
1.07377
1.07377
1.07377
1.07377
1.07377
1.07377
1.07377
1.07377
1.07377
1.07377
1.07377
1.07377
1.07377
1.07377
1.07377
1.07377
1.07377
1.07377
1.07377
1.07377
1.07377
1.07377
1.07377
1.07377
1.07377
1.07377
1.07377
1.07377
1.07377
1.15808
1.15808
1.15808
1.15808
1.15808
1.15808
1.15808
1.15808
1.15808
1.15808
1.15808
1.15808
1.15808
1.15808
1.15808
1.15808
1.15808
1.15808
1.15808
1.15808
1.15808
1.15808
1.15808
1.15808
1.15808
1.15808
1.15808
1.15808
1.15808
1.15808
1.15808
1.15808
1.15808
1.15808
1.15808
1.15744
1.15844
1.15881
1.15851
1.15951
1.16001
1.16013
1.16032
1.16037
1.16028
1.1603
1.16045
1.16014
1.16002
1.15989
1.07421
