0
0
0
0
0
0
0
0
0
0
0
0
0
0
0
0
0
0
0
0
0
0
0
0
0
0
0
0
0
0
0
0
0
0
0
0
0
0
0
0
0
0
0
0
0
0
0
0
0
0
-1.6767e-22
-4.91071e-22
-7.91228e-22
-1.06939e-21
-1.32674e-21
-1.5644e-21
-1.78347e-21
-1.98495e-21
-2.16982e-21
-2.33901e-21
-2.4934e-21
-2.63383e-21
-2.76104e-21
-2.87572e-21
-2.97729e-21
-3.05602e-21
-3.06117e-21
-2.92956e-21
-2.62879e-21
-2.15432e-21
-1.28525e-21
-1.43179e-22
9.22722e-22
1.91371e-21
2.83309e-21
3.6898e-21
4.49155e-21
5.23884e-21
5.93297e-21
6.57398e-21
7.1628e-21
6.80922e-19
3.23225e-18
7.96568e-18
2.27152e-14
1.05024e-13
2.71355e-13
5.68991e-13
6.54939e-09
6.51772e-06
3.19459e-05
8.75892e-05
0.000183691
0.000329505
0.000533354
0.000802685
0.00114413
0.00156356
0.0020661
0.00265625
0.00333785
0.00410885
0.00496183
0.00588976
0.006886
0.00794425
0.00905858
0.0102233
0.0114333
0.0126833
0.0139687
0.0152851
0.0166281
0.0179938
0.0193786
0.0207787
0.0221909
0.0236121
0.0250393
0.0264696
0.0279006
0.0293297
0.0307546
0.0321731
0.0335832
0.0349829
0.0363705
0.0377442
0.0391024
0.0404419
0.0417615
0.0430638
0.044352
0.0456291
0.0468979
0.0481614
0.0494224
0.0506836
0.0519478
0.0532177
0.0544959
0.0557866
0.0570961
0.0584311
0.0597973
0.0611999
0.0626437
0.0641327
0.0656706
0.0672603
0.0689047
0.0706016
0.0723448
0.0741281
0.0759459
0.0777929
0.079664
0.0815545
0.08346
0.0853761
0.0872989
0.0892247
0.0911501
0.0930716
0.0949862
0.0968909
0.0987831
0.10066
0.10252
0.104359
0.106177
0.107971
0.109739
0.111479
0.11319
0.11487
0.116518
0.118132
0.119711
0.121251
0.12275
0.124214
0.125646
0.127048
0.128424
0.129777
0.13111
0.132426
0.133727
0.135016
0.136296
0.13757
0.13884
0.140109
0.141379
0.142653
0.143932
0.145221
0.14652
0.147833
0.149161
0.150504
0.151857
0.153216
0.154577
0.155936
0.15729
0.158636
0.159969
0.161288
0.162588
0.163868
0.165125
0.166357
0.16756
0.168733
0.169874
0.17098
0.17205
0.173083
0.174075
0.175027
0.175936
0.176801
0.177621
0.178395
0.179122
0.179802
0.180433
0.181074
0.181718
0.182305
0.182842
0.183337
0.183794
0.184219
0.184616
0.184987
0.185334
0.185658
0.185957
0.18623
0.186474
0.186687
0.186865
0.187001
0.187092
0.187131
0.187111
0.187026
0.186859
0.186604
0.186275
0.185886
0.185449
0.184979
0.184486
0.183985
0.183486
0.183002
0.182545
0.182125
0.181756
0.181447
0.181211
0.18106
0.181005
0.181057
0.181228
0.18153
0.181975
0.182575
0.183342
0.184288
0.185425
0.186764
0.188318
0.1901
0.19212
0.194392
0.196678
0.198739
0.200591
0.202247
0.203722
0.205026
0.20617
0.207164
0.208015
0.208731
0.209315
0.209773
0.210107
0.21032
0.210413
0.210385
0.210236
0.209965
0.209568
0.209044
0.208319
0.207341
0.206148
0.204779
0.203271
0.20166
0.199983
0.198273
0.196566
0.194894
0.193289
0.191784
0.190409
0.189195
0.18817
0.187363
0.186801
0.186497
0.186451
0.186662
0.187132
0.18786
0.188848
0.190096
0.191607
0.193383
0.195427
0.19774
0.200327
0.20319
0.206028
0.208545
0.210761
0.212697
0.214373
0.215808
0.21702
0.218025
0.218842
0.219484
0.219969
0.220308
0.220517
0.220609
0.220598
0.220502
0.220333
0.220108
0.219834
0.219518
0.218913
0.217825
0.216359
0.214616
0.212697
0.210701
0.208725
0.206861
0.205202
0.203809
0.202698
0.201866
0.201314
0.201039
0.201043
0.201324
0.201883
0.202722
0.20384
0.205241
0.206925
0.208894
0.211153
0.213703
0.216549
0.219693
0.223142
0.226899
0.230969
0.235358
0.239577
0.243152
0.246123
0.248529
0.250411
0.251813
0.252777
0.25334
0.253542
0.253418
0.253001
0.252326
0.251423
0.250322
0.249052
0.247639
0.24611
0.244489
0.242799
0.241062
0.239218
0.237451
0.236011
0.234898
0.234109
0.233644
0.233501
0.233681
0.234185
0.235011
0.236163
0.237641
0.239447
0.241584
0.244055
0.246863
0.250012
0.253507
0.257352
0.261553
0.266115
0.271045
0.276349
0.282035
0.288112
0.294586
0.301467
0.308765
0.316489
0.324651
0.33259
0.339644
0.345821
0.351126
0.355564
0.359139
0.361854
0.363711
0.36471
0.364851
0.364133
0.362552
0.360107
0.356791
0.3526
0.347526
0.341563
0.334702
0.326934
0.318248
0.312945
0.311848
0.311332
0.311253
0.311604
0.312385
0.313598
0.315244
0.317326
0.319847
0.32281
0.326218
0.330078
0.334393
0.339171
0.344417
0.350139
0.356345
0.363044
0.370244
0.377955
0.386189
0.394957
0.404271
0.414143
0.424587
0.435618
0.447251
0.459502
0.472152
0.484545
0.496021
0.506343
0.515517
0.523555
0.530468
0.536265
0.540955
0.544544
0.547036
0.548435
0.548743
0.547959
0.546084
0.543113
0.539042
0.533867
0.52758
0.520171
0.51163
0.504961
0.501389
0.498864
0.49708
0.495992
0.495589
0.495872
0.49684
0.498494
0.500838
0.503873
0.507605
0.512038
0.517179
0.523034
0.529612
0.536922
0.544974
0.553779
0.563349
0.573698
0.584839
0.596789
0.609563
0.62318
0.637657
0.653016
0.669277
0.686463
0.70432
0.721919
0.73824
0.752888
0.765823
0.777053
0.786589
0.794443
0.800625
0.805141
0.807995
0.809189
0.808725
0.806598
0.802805
0.797339
0.79019
0.781347
0.770796
0.75852
0.744501
0.734959
0.732815
0.733703
0.73624
0.739993
0.744832
0.750719
0.757649
0.765629
0.774667
0.784776
0.795969
0.808262
0.821672
0.836218
0.851919
0.868797
0.886876
0.90618
0.926737
0.948574
0.971722
0.996212
1.02208
1.04936
1.07809
1.10831
1.14006
1.17339
1.20796
1.24231
1.2746
1.30393
1.33004
1.35288
1.37244
1.38873
1.40176
1.41154
1.41807
1.42136
1.4214
1.41818
1.4117
1.40192
1.38883
1.37241
1.35261
1.32942
1.30278
1.2843
1.28139
1.28755
1.29933
1.31492
1.33338
1.35424
1.37725
1.40232
1.4294
1.4585
1.48963
1.52284
1.55815
1.59562
1.6353
1.67723
1.72149
1.76812
1.8172
1.86879
1.92296
1.97979
2.03935
2.10174
2.16702
2.2353
2.30667
2.38123
2.45857
2.53632
2.6111
2.68069
2.74404
2.80046
2.84955
2.89144
2.92622
2.95343
2.97317
2.98581
2.99121
2.98925
2.97984
2.96292
2.93841
2.90621
2.86626
2.81844
2.76264
2.7181
