0
-0.00415136
-0.00515507
-0.00222466
-0.198391
-0.188685
-0.153008
-0.110455
-0.0791324
-0.0762942
-0.0657236
-0.0704966
-0.0712881
-0.0762638
-0.0801765
-0.0848323
-0.0897571
-0.0948972
-0.100207
-0.105652
-0.111207
-0.116872
-0.122649
-0.128543
-0.134562
-0.140718
-0.14703
-0.153579
-0.143988
-0.137174
-0.13046
-0.123849
-0.117337
-0.110919
-0.104591
-0.098349
-0.0921894
-0.0861124
-0.0800685
-0.0740919
-0.0681784
-0.062325
-0.0565266
-0.0507786
-0.0450767
-0.0394161
-0.0337925
-0.0282013
-0.022638
-0.017098
-0.0115762
-0.00578081
0.00582062
0.0124311
0.0200651
0.0245989
0.0289753
0.0333651
0.0377997
0.0422636
0.0467302
0.0511752
0.0555805
0.0599345
0.0642311
0.0684687
0.0726499
0.07678
0.0808674
0.0849231
0.0848887
0.0977261
0.0976527
0.0940923
0.0909163
0.090366
0.0903274
0.0907349
0.0915278
0.0926726
0.0941834
0.0890568
0.117442
0.134889
0.141264
0.137803
0.130549
0.129279
0.127468
0.122494
0.117788
0.11353
0.109574
0.105832
0.102258
0.0988316
0.0955457
0.0924011
0.0894046
0.0865621
0.0838793
0.0838003
0.106909
0.107822
0.107309
0.0753603
0.0604353
0.0382642
0.0420981
0.0432537
0.0875329
0.105915
0.10048
0.0982302
0.0978864
0.0986377
0.100061
0.101906
0.104016
0.106287
0.108636
0.095646
0.137578
0.113863
0.146183
0.159799
0.150617
0.155152
0.171559
0.186527
0.200024
0.212328
0.213311
0.214549
0.215584
0.216538
0.232475
0.232207
0.219064
0.226603
0.261265
0.262118
0.316349
0.334013
0.346088
0.357663
0.316962
0.284673
0.255984
0.223007
0.203751
0.218882
0.232305
0.240205
0.246089
0.250344
0.252999
0.257013
0.260008
0.260976
0.255372
0.242281
0.224796
0.213758
0.212168
0.212304
0.212082
0.212588
0.249795
0.20363
0.202694
0.212035
0.223766
0.224851
0.243151
0.155311
0.134916
0.111492
0.102188
0.086671
0.0356327
-0.000310122
-0.0146749
-0.0307169
-0.0382231
-0.037925
-0.0395556
-0.0102766
0.0172529
0.0343207
0.0308143
0.0172992
0.0159164
0.00233873
-0.0208502
-0.0488148
-0.00443287
0.0120272
0.0244872
0.0381038
0.0543493
0.0554079
0.0590004
0.0605335
0.060827
0.0612008
0.0677926
0.071334
-0.107008
-0.23801
-0.27298
-0.27704
-0.267917
-0.259627
-0.30667
-0.330113
-0.401574
-0.330226
-0.322318
-0.297893
-0.173637
-0.116763
-0.0509567
0.0029735
0.0147854
0.429518
0.299214
0.2298
0.190147
0.163456
0.142047
0.17056
0.133815
0.0957366
0.112894
0.12087
0.131146
0.142222
0.176737
0.18994
0.20985
0.207885
0.25822
0.304819
0.335134
0.35508
0.372843
0.378867
0.312692
0.298759
0.373494
0.379015
0.359555
0.514349
0.521681
0.528435
0.535422
0.542152
0.548198
0.554218
0.544792
0.56224
0.565342
0.502109
0.486216
0.479979
0.490175
0.493235
0.499186
0.503293
0.508357
0.501623
0.488911
0.476865
0.465215
0.452681
0.435836
0.459019
0.426081
0.405138
0.399137
0.394992
0.38928
0.383201
0.35415
0.343601
0.307698
0.255173
0.203851
0.154398
0.108252
0.329772
0.313245
0.275564
0.271559
0.262284
0.262087
0.262987
0.261503
0.259657
0.261314
0.261874
0.0400209
0.189143
0.205422
0.120913
0.107557
0.0954798
0.075977
0.0366609
0.0366475
0.0164808
0.0128814
0.00721795
0.00506355
0.00766382
0.004652
0.00385003
0.0030681
0.00230266
0.00155043
0.000599308
-0.000378445
-0.00128125
-0.00298637
-0.00474968
-0.00657497
-0.00844625
-0.0103296
-0.012228
-0.0141445
-0.0160822
-0.0180442
-0.0200338
-0.0220542
-0.0242339
-0.0264489
-0.0287033
-0.0310005
-0.0183519
-0.0116967
-0.0123326
-0.0387966
-0.0372938
-0.037251
-0.0375071
-0.0377782
-0.0380642
-0.038365
-0.0386804
-0.0390103
-0.0393545
-0.0397126
-0.0400842
-0.0332811
-0.0332426
-0.0332163
-0.0331976
-0.0331722
-0.0255349
-0.0343721
-0.0343665
-0.0343728
-0.0680973
-0.0636646
-0.0486115
-0.0333161
-0.0203054
-0.0166109
-0.013373
-0.0107768
-0.0082875
-0.00584095
-0.00341959
-0.00101469
6.94974e-05
7.26674e-05
7.35672e-05
7.44508e-05
7.53257e-05
7.61918e-05
7.69112e-05
7.72866e-05
7.65236e-05
7.57603e-05
7.50045e-05
7.42563e-05
7.35154e-05
7.2782e-05
7.20557e-05
7.13317e-05
7.0612e-05
6.98997e-05
6.91946e-05
6.84966e-05
6.78057e-05
6.71218e-05
6.64449e-05
6.57748e-05
6.51114e-05
6.44549e-05
6.3805e-05
6.31616e-05
6.25249e-05
6.18945e-05
6.12675e-05
6.06461e-05
6.00309e-05
5.95062e-05
5.89057e-05
5.83111e-05
5.77225e-05
5.71399e-05
5.65633e-05
5.59925e-05
5.54275e-05
5.48682e-05
5.43146e-05
5.37667e-05
5.32243e-05
5.26874e-05
5.2156e-05
5.163e-05
5.11093e-05
5.0594e-05
5.00838e-05
4.95789e-05
4.90791e-05
4.85844e-05
4.80947e-05
4.76099e-05
4.71301e-05
4.66552e-05
4.61851e-05
4.57199e-05
4.526e-05
4.48046e-05
4.4354e-05
4.39078e-05
4.34662e-05
4.30291e-05
4.25964e-05
4.21681e-05
4.17441e-05
4.13244e-05
4.09089e-05
4.04977e-05
4.00906e-05
3.96876e-05
3.92888e-05
3.88939e-05
3.85031e-05
3.81162e-05
3.77332e-05
3.73541e-05
3.69788e-05
3.66073e-05
3.62396e-05
3.58756e-05
3.55153e-05
3.51586e-05
3.48056e-05
3.44561e-05
3.41101e-05
3.37676e-05
3.34286e-05
3.30931e-05
3.27609e-05
3.2432e-05
3.21065e-05
3.17843e-05
3.14654e-05
3.11496e-05
3.09963e-05
3.06881e-05
3.03827e-05
3.00802e-05
2.97807e-05
2.94842e-05
2.91907e-05
2.89e-05
2.86122e-05
2.83273e-05
2.80453e-05
2.7766e-05
2.74894e-05
2.72156e-05
2.69446e-05
2.66762e-05
2.64105e-05
2.61474e-05
2.58869e-05
2.5629e-05
2.53737e-05
2.51209e-05
2.48706e-05
2.46228e-05
2.43775e-05
2.41346e-05
2.38941e-05
2.3656e-05
2.34203e-05
2.31868e-05
2.29558e-05
2.2727e-05
2.25005e-05
2.22762e-05
2.20542e-05
2.18344e-05
2.16168e-05
2.14013e-05
2.1188e-05
2.09768e-05
2.07677e-05
2.05606e-05
2.03557e-05
2.01527e-05
1.99518e-05
1.97529e-05
1.9556e-05
1.9361e-05
1.9168e-05
1.89768e-05
1.87876e-05
1.86003e-05
1.84148e-05
1.82312e-05
1.80494e-05
1.78694e-05
1.76912e-05
1.75148e-05
1.73402e-05
1.71672e-05
1.6996e-05
1.68265e-05
1.66587e-05
1.64926e-05
1.63281e-05
1.61653e-05
1.6004e-05
1.58444e-05
1.56864e-05
1.55299e-05
1.5375e-05
1.52217e-05
1.50699e-05
1.49195e-05
1.47707e-05
1.46234e-05
1.44775e-05
1.43331e-05
1.41901e-05
1.40486e-05
1.39085e-05
1.37697e-05
1.36324e-05
1.34964e-05
1.33617e-05
1.32284e-05
1.30965e-05
1.29658e-05
1.28365e-05
1.27084e-05
1.25816e-05
1.24561e-05
1.23318e-05
1.22088e-05
1.2087e-05
1.19664e-05
1.1847e-05
1.17288e-05
1.16118e-05
1.1496e-05
1.13813e-05
1.12677e-05
1.11553e-05
1.1044e-05
1.09338e-05
1.08247e-05
1.07167e-05
1.06098e-05
1.05039e-05
1.03991e-05
1.02954e-05
1.01927e-05
1.0091e-05
9.99028e-06
9.8906e-06
9.79191e-06
9.69421e-06
9.59748e-06
9.50172e-06
9.40691e-06
9.31304e-06
9.22012e-06
9.12812e-06
9.03704e-06
8.94687e-06
8.85759e-06
8.76921e-06
8.68171e-06
8.59508e-06
8.50931e-06
8.42441e-06
8.34034e-06
8.25712e-06
8.17472e-06
8.09316e-06
8.01239e-06
7.93244e-06
7.85329e-06
7.77492e-06
7.69734e-06
7.62054e-06
7.54449e-06
7.46921e-06
7.39468e-06
7.32089e-06
7.24783e-06
7.17551e-06
7.10391e-06
7.03302e-06
6.96284e-06
6.89336e-06
6.82457e-06
6.75647e-06
6.68905e-06
6.6223e-06
6.55622e-06
6.4908e-06
6.42603e-06
6.3619e-06
6.29842e-06
6.23557e-06
6.17334e-06
-0.00738938
0.0138827
0.0104394
0.0034248
9.4352e-05
0.00626525
0.000637237
0.0034569
0.00448056
0.00535702
0.00599849
0.00510729
-0.00332951
-0.00487741
-0.00436522
-0.00496703
