0
0
0
0
0
0
0
0
0
0
0
0
0
0
0
0
0
0
0
0
0
0
0
0
0
0
0
0
0
0
0
0
0
0
0
0
0
0
0
0
0
0
0
0
0
0
0
0
0
0
0
-1.70129e-05
-5.85171e-05
-0.000131031
-0.000240043
-0.000389952
-0.000584027
-0.000824384
-0.00111198
-0.0014466
-0.00182694
-0.00225057
-0.00271407
-0.00321304
-0.00374223
-0.00429564
-0.0048666
-0.00544791
-0.00603199
-0.00661098
-0.00717688
-0.00772173
-0.00823769
-0.00871722
-0.0091532
-0.00953903
-0.00986878
-0.0101372
-0.0103401
-0.0104739
-0.0105363
-0.0105258
-0.0104422
-0.010286
-0.0100592
-0.00976454
-0.00940591
-0.0089881
-0.0085168
-0.00799847
-0.0074403
-0.00685004
-0.00623593
-0.00560654
-0.00497067
-0.00433718
-0.00371489
-0.00311241
-0.00253803
-0.00199958
-0.00150431
-0.00105879
-0.000668798
-0.000339222
-7.40033e-05
0.000123932
0.000252719
0.000311581
0.000300839
0.000221907
7.72684e-05
-0.000129567
-0.000394116
-0.000710995
-0.00107401
-0.00147623
-0.00191016
-0.00236777
-0.0028407
-0.00332036
-0.00379805
-0.00426513
-0.00471315
-0.00513396
-0.00551986
-0.00586372
-0.00615909
-0.00640029
-0.00658252
-0.00670193
-0.00675567
-0.00674195
-0.00666004
-0.00651034
-0.00629429
-0.00601444
-0.00567432
-0.00527846
-0.00483227
-0.00434196
-0.00381449
-0.00325737
-0.00267863
-0.00208665
-0.00149003
-0.000897464
-0.000317588
0.00024114
0.000770581
0.00126304
0.0017114
0.00210922
0.00245084
0.00273147
0.00294728
0.00309543
0.00317415
0.00318274
0.00312161
0.00299224
0.00279718
0.00254
0.00222525
0.00185836
0.00144559
0.000993881
0.00051081
4.42045e-06
-0.000516883
-0.00104447
-0.00156963
-0.00208368
-0.00257814
-0.00304485
-0.00347609
-0.00386471
-0.00420424
-0.00448898
-0.00471414
-0.00487583
-0.00497122
-0.00499848
-0.00495691
-0.00484688
-0.00466984
-0.00442832
-0.00412586
-0.00376699
-0.00335712
-0.00290246
-0.00240996
-0.00188715
-0.00134206
-0.000783067
-0.000218779
0.00034211
0.000890952
0.00141928
0.00191896
0.00238229
0.00280214
0.00317205
0.00348637
0.0037403
0.00392999
0.00405261
0.00410638
0.00409058
0.00400561
0.00385295
0.00363514
0.00335574
0.00301929
0.00263121
0.00219775
0.00172585
0.00122307
0.000697452
0.000157385
-0.000388509
-0.00093152
-0.00146299
-0.00197444
-0.00245771
-0.0029051
-0.00330946
-0.00366432
-0.00396403
-0.00420375
-0.00437965
-0.00448887
-0.00452962
-0.00450118
-0.00440393
-0.00423935
-0.00400996
-0.00371932
-0.00337195
-0.00297327
-0.00252951
-0.00204762
-0.00153514
-0.0010001
-0.00045089
0.00010388
0.000655507
0.00119534
0.00171491
0.00220606
0.00266109
0.00307287
0.00343494
0.00374163
0.00398814
0.00417061
0.00428622
0.00433316
0.00431073
0.00421932
0.00406039
0.00383649
0.00355117
0.00320897
0.0028153
0.0023764
0.00189922
0.00139131
0.000860709
0.0003158
-0.000234799
-0.000782381
-0.00131829
-0.00183405
-0.00232151
-0.00277297
-0.00318128
-0.00353998
-0.00384341
-0.00408676
-0.00426617
-0.0043788
-0.00442286
-0.00439764
-0.00430351
-0.00414196
-0.00391551
-0.00362773
-0.00328313
-0.00288714
-0.002446
-0.00196664
-0.00145662
-0.000923969
-0.000377076
0.000175446
0.000724891
0.0012626
0.00178012
0.00226927
0.00272237
0.00313227
0.00349252
0.00379745
0.00404224
0.00422306
0.00433705
0.00438243
0.00435848
0.0042656
0.00410524
0.00387996
0.0035933
0.00324979
0.00285486
0.00241474
0.00193637
0.00142731
0.000895593
0.000349601
-0.000202047
-0.000750647
-0.00128754
-0.00180426
-0.00229265
-0.002745
-0.00315418
-0.00351373
-0.00381798
-0.00406212
-0.0042423
-0.00435568
-0.00440046
-0.00437594
-0.0042825
-0.0041216
-0.00389579
-0.00360863
-0.00326463
-0.00286922
-0.00242864
-0.00194983
-0.00144034
-0.000908202
-0.000361805
0.000190235
0.000739214
0.00127648
0.00179355
0.00228228
0.00273497
0.00314447
0.00350434
0.00380889
0.00405332
0.00423379
0.00434744
0.00439249
0.00436822
0.00427503
0.00411437
0.0038888
0.00360186
0.00325808
0.00286288
0.00242251
0.0019439
0.0014346
0.000902643
0.000356426
-0.00019544
-0.00074425
-0.00128135
-0.00179827
-0.00228685
-0.00273939
-0.00314875
-0.00350847
-0.00381289
-0.00405719
-0.00423753
-0.00435106
-0.00439599
-0.00437161
-0.00427831
-0.00411755
-0.00389187
-0.00360483
-0.00326095
-0.00286566
-0.0024252
-0.0019465
-0.00143711
-0.000905078
-0.000358781
0.000193161
0.000742046
0.00127922
0.0017962
0.00228485
0.00273746
0.00314688
0.00350666
0.00381114
0.0040555
0.00423589
0.00434948
0.00439446
0.00437013
0.00427688
0.00411616
0.00389053
0.00360353
0.0032597
0.00286445
0.00242403
0.00194536
0.00143602
0.000904017
0.000357756
-0.000194153
-0.000743006
-0.00128014
-0.0017971
-0.00228572
-0.00273829
-0.00314769
-0.00350745
-0.0038119
-0.00405623
-0.0042366
-0.00435017
-0.00439513
-0.00437077
-0.0042775
-0.00411676
-0.00389111
-0.00360409
-0.00326024
-0.00286498
-0.00242453
-0.00194586
-0.00143649
-0.000904477
-0.0003582
0.000193723
0.00074259
0.00127974
0.00179671
0.00228534
0.00273793
0.00314734
0.00350711
0.00381157
0.00405592
0.0042363
0.00434987
0.00439484
0.0043705
0.00427723
0.0041165
0.00389086
0.00360385
0.00326001
0.00286475
0.00242431
0.00194564
0.00143629
0.000904278
0.000358008
-0.000193909
-0.000742769
-0.00127992
-0.00179688
-0.00228551
-0.00273809
-0.00314749
-0.00350726
-0.00381171
-0.00405605
-0.00423643
-0.00435
-0.00439496
-0.00437062
-0.00427734
-0.00411662
-0.00389097
-0.00360396
-0.00326011
-0.00286485
-0.00242441
-0.00194573
-0.00143638
-0.000904364
-0.000358091
0.000193829
0.000742692
0.00127984
0.00179681
0.00228544
0.00273802
0.00314743
0.00350719
0.00381165
0.00405599
0.00423637
0.00434994
0.00439491
0.00437056
0.00427729
0.00411657
0.00389092
0.00360391
0.00326007
0.00286481
0.00242437
0.00194569
0.00143634
0.000904327
0.000358055
-0.000193863
-0.000742725
-0.00127987
-0.00179684
-0.00228547
-0.00273805
-0.00314745
-0.00350722
-0.00381168
-0.00405602
-0.0042364
-0.00434997
-0.00439493
-0.00437059
-0.00427732
-0.00411659
-0.00389094
-0.00360393
-0.00326008
-0.00286482
-0.00242439
-0.00194571
-0.00143635
-0.000904343
-0.00035807
0.000193849
0.000742711
0.00127986
0.00179682
0.00228545
0.00273804
0.00314744
0.00350721
0.00381166
0.00405601
0.00423639
0.00434995
0.00439492
0.00437058
0.00427731
0.00411658
0.00389093
0.00360392
0.00326008
0.00286482
0.00242438
0.0019457
0.00143635
0.000904336
0.000358064
-0.000193855
-0.000742717
-0.00127987
-0.00179683
-0.00228546
-0.00273804
-0.00314745
-0.00350721
-0.00381167
-0.00405601
-0.00423639
-0.00434996
-0.00439493
-0.00437058
-0.00427731
-0.00411658
-0.00389094
-0.00360393
-0.00326008
-0.00286482
-0.00242438
-0.00194571
-0.00143635
-0.000904339
-0.000358067
0.000193852
0.000742714
0.00127986
0.00179683
0.00228546
0.00273804
0.00314744
0.00350721
0.00381167
0.00405601
0.00423639
0.00434996
0.00439492
0.00437058
0.00427731
0.00411658
0.00389093
0.00360392
0.00326008
0.00286482
0.00242438
0.00194571
0.00143635
0.000904338
0.000358066
-0.000193854
-0.000742716
-0.00127986
-0.00179683
-0.00228546
-0.00273804
-0.00314745
-0.00350721
-0.00381167
-0.00405601
-0.00423639
-0.00434996
-0.00439492
-0.00437058
-0.00427731
-0.00411658
-0.00389093
-0.00360392
-0.00326008
-0.00286482
-0.00242438
-0.00194571
-0.00143635
-0.000904338
-0.000358066
0.000193853
0.000742715
0.00127986
0.00179683
0.00228546
0.00273804
0.00314744
