0
0
0
0
0
0
0
0
0
0
0
0
0
0
0
0
0
0
0
0
0
0
0
0
0
0
0
0
0
0
0
0
0
0
0
0
0
0
0
0
0
0
0
0
0
0
0
0
0
0
2.42675e-21
2.25058e-21
2.08053e-21
1.91638e-21
1.75793e-21
1.60499e-21
1.45735e-21
1.31485e-21
1.17729e-21
1.0445e-21
9.16331e-22
7.92494e-22
6.72461e-22
5.55832e-22
4.25129e-22
1.65753e-22
-7.00917e-22
-1.87476e-21
-3.20797e-21
-4.44126e-21
-8.96237e-21
-8.41808e-21
-7.86283e-21
-7.31535e-21
-6.78816e-21
-6.35171e-21
-5.91884e-21
-5.47376e-21
-5.04462e-21
-4.58612e-21
-4.15796e-21
-9.74748e-18
-2.71653e-17
-4.12651e-17
-3.28609e-13
-8.62226e-13
-1.54258e-12
-2.75724e-12
-9.47806e-08
-9.41437e-05
-0.000273757
-0.00053082
-0.000857581
-0.00124664
-0.00169094
-0.00218374
-0.00271862
-0.00328947
-0.00389044
-0.004516
-0.00516086
-0.00574323
-0.00626521
-0.00672882
-0.00713601
-0.00748868
-0.00778865
-0.00803769
-0.0082375
-0.00838974
-0.008496
-0.00855781
-0.00857667
-0.00855402
-0.00849124
-0.00838969
-0.00825066
-0.0080754
-0.00786514
-0.00762105
-0.00734425
-0.00703586
-0.00669692
-0.00632847
-0.0059315
-0.00550696
-0.00505578
-0.00457886
-0.00407707
-0.00352573
-0.00297929
-0.00244173
-0.0019132
-0.00139332
-0.000881736
-0.000378093
0.000117954
0.000606741
0.0010886
0.00156384
0.0020328
0.00247238
0.00287534
0.00324684
0.00359181
0.00391494
0.00422069
0.0045133
0.0047968
0.00507503
0.00535162
0.00569236
0.00609507
0.00655765
0.00707808
0.00765439
0.0082847
0.00896718
0.00970004
0.0104816
0.0113102
0.0121842
0.0131021
0.0140624
0.0150636
0.0161044
0.0171834
0.0182993
0.0194508
0.0206368
0.0218559
0.0231072
0.0243895
0.0257017
0.0270428
0.0284117
0.0298076
0.0312295
0.0326765
0.0341939
0.0356837
0.0371648
0.0386369
0.0401006
0.0415561
0.0430036
0.0444436
0.0458763
0.047302
0.0487209
0.0501335
0.0515398
0.0529403
0.0543352
0.0557248
0.0571092
0.0584889
0.059864
0.0612348
0.0626017
0.063965
0.0653742
0.0668279
0.0683245
0.0698627
0.0714409
0.0730578
0.0747121
0.0764025
0.0781276
0.0798862
0.0816771
0.0834991
0.0853511
0.0872317
0.0891399
0.0910745
0.0930343
0.0950182
0.0970249
0.0990532
0.101102
0.10317
0.105255
0.107357
0.109473
0.111603
0.113743
0.115892
0.117225
0.119467
0.121676
0.123838
0.125956
0.12804
0.130096
0.132133
0.13416
0.136183
0.13821
0.140248
0.142304
0.144384
0.146492
0.148635
0.150817
0.15304
0.15531
0.157629
0.159999
0.162557
0.16501
0.167359
0.169608
0.171758
0.173812
0.175771
0.177636
0.17941
0.181093
0.182687
0.184192
0.18561
0.186941
0.188186
0.189345
0.190419
0.191409
0.192314
0.193137
0.193876
0.194535
0.195114
0.195614
0.196037
0.196386
0.196661
0.196866
0.197002
0.197072
0.200693
0.204245
0.207706
0.211084
0.214386
0.217621
0.220798
0.223923
0.227006
0.230053
0.233073
0.236071
0.239056
0.242032
0.245005
0.247981
0.250965
0.253959
0.25697
0.259999
0.264062
0.267832
0.271312
0.274507
0.27742
0.280057
0.282421
0.28452
0.286357
0.287939
0.289273
0.290366
0.291224
0.291855
0.292266
0.292465
0.292465
0.292465
0.292465
0.292465
0.292465
0.292465
0.292465
0.292465
0.292465
0.292465
0.292465
0.292465
0.292465
0.292465
0.296899
0.301227
0.305425
0.309496
0.313444
0.317275
0.32099
0.324595
0.328092
0.331485
0.334778
0.337973
0.341074
0.344082
0.346969
0.349743
0.352411
0.354981
0.357503
0.36
0.366066
0.371367
0.375908
0.379697
0.382744
0.385065
0.386677
0.387601
0.387858
0.387858
0.387858
0.387858
0.387858
0.387858
0.387858
0.387858
0.387858
0.387858
0.387858
0.387858
0.387858
0.387858
0.387858
0.387858
0.387858
0.387858
0.387858
0.387858
0.387858
0.387858
0.395034
0.401962
0.408649
0.415067
0.42119
0.427024
0.432579
0.437863
0.442885
0.447654
0.452177
0.456463
0.46052
0.464356
0.467979
0.471396
0.474617
0.47765
0.480504
0.483187
0.48687
0.48687
0.48687
0.48687
0.48687
0.48687
0.48687
0.48687
0.48687
0.48687
0.48687
0.48687
0.48687
0.48687
0.48687
0.48687
0.48687
0.48687
0.48687
0.48687
0.48687
0.48687
0.48687
0.48687
0.48687
0.48687
0.48687
0.48687
0.48687
0.48687
0.496587
0.506325
0.516083
0.525859
0.535651
0.54546
0.555283
0.56512
0.574971
0.584833
0.594707
0.60459
0.614483
0.624384
0.634291
0.644203
0.654117
0.664032
0.673944
0.683849
0.631348
0.629241
0.629161
0.629158
0.629157
0.629157
0.629157
0.629157
0.629157
0.629157
0.629157
0.629157
0.629157
0.629157
0.629157
0.629157
0.629157
0.629157
0.629157
0.629157
0.629157
0.629157
0.629157
0.629157
0.629157
0.629157
0.629157
0.629157
0.629157
0.632583
0.642301
0.655557
0.668926
0.6823
0.695675
0.709052
0.722429
0.735808
0.749187
0.762568
0.77595
0.789333
0.802717
0.816102
0.829488
0.842875
0.856263
0.869652
0.883042
0.896434
0.866191
0.861713
0.861055
0.860959
0.860945
0.860943
0.860943
0.860943
0.860943
0.860943
0.860943
0.860943
0.860943
0.860943
0.860943
0.860943
0.860943
0.860943
0.860943
0.860943
0.860943
0.860943
0.860943
0.860943
0.860943
0.860943
0.860943
0.860943
0.860943
0.864964
0.878769
0.897883
0.917752
0.937739
0.957754
0.977784
0.997828
1.01788
1.03795
1.05804
1.07813
1.09824
1.11836
1.13849
1.15863
1.17879
1.19896
1.21914
1.23933
1.25954
1.18942
1.16718
1.16018
1.15799
1.1573
1.15708
1.15702
1.157
1.15699
1.15699
1.15699
1.15699
1.15699
1.15699
1.15699
1.15699
1.15699
1.15699
1.15699
1.15699
1.15699
1.15699
1.15699
1.15699
1.15699
1.15699
1.15699
1.15699
1.15699
1.16235
1.18447
1.21701
1.25279
1.28961
1.32679
1.36413
1.40157
1.43907
1.47665
1.51428
1.55198
1.58974
1.62756
1.66544
1.70339
1.74139
1.77946
1.81759
1.85578
1.89403
1.76366
1.69445
1.65798
1.63885
1.62883
1.6236
1.62086
1.61944
1.6187
1.61831
1.61811
1.618
1.61795
1.61792
1.61791
1.6179
1.61789
1.61789
1.61789
1.61789
1.61789
1.61789
1.61789
1.61789
1.61789
1.61789
1.61789
1.61789
1.61789
1.62526
1.66105
1.71916
1.78814
1.86321
1.94339
2.02516
2.10472
2.18581
2.27286
2.35305
2.43488
2.51772
2.60122
2.68523
2.76963
2.85439
2.93948
3.02489
3.11062
3.19667
3.0031
