0.0113521
0.0718924
0.0208516
-0.0122706
1.41463
-0.065041
-0.251507
-0.303239
-0.222643
-0.0173513
-0.0739052
0.0364652
0.00691327
0.0364913
0.0279631
0.0324654
0.0335043
0.0341137
0.0343388
0.0342635
0.0339409
0.0335608
0.0331427
0.0327014
0.032253
0.0318247
0.031486
0.0316548
-0.0858779
-0.0678681
-0.0684409
-0.0689375
-0.0693958
-0.0698189
-0.070209
-0.0705678
-0.0708916
-0.0711656
-0.0717138
-0.071954
-0.0721742
-0.0723639
-0.0725296
-0.0726709
-0.0727882
-0.0728827
-0.0729538
-0.0730025
-0.0730299
-0.0730374
-0.0730261
-0.0751146
-0.116734
-0.0806258
-0.087948
-0.0653605
-0.0639752
-0.0637638
-0.0637309
-0.0635382
-0.0631095
-0.0624629
-0.0616435
-0.060698
-0.0596675
-0.0585862
-0.0574822
-0.0563786
-0.0552946
-0.0542516
-0.0227555
-0.116801
-0.0217345
0.00441925
0.00249706
-0.0156205
-0.0184556
-0.0208158
-0.0227317
-0.0243973
-0.0261515
0.0230005
-0.220655
-0.13672
-0.0557654
0.0161229
0.0447404
0.00268107
0.00784048
0.0323181
0.0316142
0.0295262
0.0284521
0.0279785
0.0278024
0.0277412
0.0276974
0.0276152
0.0274558
0.0272241
0.0269253
0.00961924
-0.155565
0.00423768
0.0157481
0.256898
0.118582
0.171208
-0.0174323
0.00315548
-0.276055
-0.117006
0.0560721
0.0330593
0.0202175
0.0132498
0.00936159
0.00731001
0.00641266
0.00631411
0.00684806
0.131991
-0.26681
0.197646
-0.193636
-0.0673743
0.101386
0.00285835
-0.08324
-0.070575
-0.0574262
-0.0461378
0.0285899
0.0296332
0.034018
0.037078
-0.0581812
0.0561072
0.152153
0.00252831
-0.195966
0.0523775
-0.319911
-0.0550928
-0.00873823
-0.000972722
0.380541
0.321566
0.295639
0.328622
0.23077
-0.108323
-0.0568693
0.00783062
0.0338827
0.0541883
0.073619
0.0596837
0.071449
0.0929689
0.173227
0.231425
0.274285
0.213376
0.128645
0.108583
0.101334
0.106734
-0.122104
0.460972
0.138907
0.0776574
0.0652309
0.146864
0.0213309
0.784217
0.29972
0.322889
0.223267
0.261863
0.516415
0.408672
0.252784
0.264654
0.203127
0.148138
0.164473
-0.0553652
-0.0453847
0.0268281
0.181939
0.253687
0.164143
0.249645
0.319109
0.352704
-0.167633
0.0328649
0.0621194
0.0545096
0.0363059
0.168943
0.126957
0.141401
0.147611
0.149332
0.0842138
0.114516
1.48743
1.10362
0.402647
0.175784
0.0740723
0.0739748
0.482996
0.298642
0.6425
-0.398287
0.0609075
-0.0487558
-0.773779
-0.29108
-0.359145
-0.260845
0.0203453
-2.89508
1.08033
0.633944
0.420114
0.328062
0.293475
-0.0905296
0.402605
0.415629
-0.00343019
0.0831345
0.0666904
0.0613624
-0.116737
0.0577994
0.00851498
0.174696
-0.197439
-0.175374
-0.0541826
0.025136
0.0293501
0.137368
0.645594
0.275291
-0.379707
0.139889
0.329047
-0.981807
0.136968
0.146132
0.153093
0.16363
0.175169
0.182582
0.300313
0.104392
0.222824
0.704243
0.37905
0.315661
0.195015
0.245383
0.234339
0.252964
0.251996
0.344302
0.393812
0.393044
0.394678
0.405677
0.440936
0.152367
0.571889
0.476156
0.375178
0.366621
0.382967
0.390752
0.561051
0.403548
0.61787
0.747199
0.737827
0.733058
0.65037
-1.25473
0.487351
0.648566
0.393569
0.438949
0.39524
0.374111
0.397452
0.404037
0.373798
0.382945
1.97966
-0.681664
0.276929
1.00391
0.490628
0.483581
0.539226
0.681994
0.395823
0.542113
0.423218
0.438557
0.413507
0.37837
0.41915
0.403169
0.403051
0.402952
0.402868
0.40431
0.404496
0.403938
0.409714
0.410087
0.410469
0.410716
0.410699
0.410684
0.410672
0.410663
0.410657
0.410654
0.410655
0.411565
0.411555
0.41155
0.411548
0.303084
0.34643
0.399076
0.587074
0.382765
0.393058
0.394844
0.394573
0.394299
0.39402
0.393737
0.39345
0.393158
0.392859
0.392553
0.340682
0.388925
0.38868
0.388401
0.388019
0.332314
0.452136
0.38722
0.38696
0.630911
0.35338
0.276096
0.274017
0.29036
0.357631
0.360813
0.365356
0.366054
0.366312
0.366467
0.366582
0.376144
0.383969
0.383986
0.383987
0.383988
0.383989
0.38399
0.383994
0.384003
0.384003
0.384004
0.384005
0.384006
0.384006
0.384007
0.384008
0.384008
0.384009
0.38401
0.38401
0.384011
0.384011
0.384012
0.384013
0.384013
0.384014
0.384014
0.384015
0.384016
0.384016
0.384017
0.384017
0.384018
0.384018
0.384019
0.384019
0.38402
0.384021
0.384021
0.384022
0.384022
0.384023
0.384023
0.384024
0.384024
0.384025
0.384025
0.384026
0.384026
0.384026
0.384027
0.384027
0.384028
0.384028
0.384029
0.384029
0.38403
0.38403
0.38403
0.384031
0.384031
0.384032
0.384032
0.384033
0.384033
0.384033
0.384034
0.384034
0.384034
0.384035
0.384035
0.384036
0.384036
0.384036
0.384037
0.384037
0.384037
0.384038
0.384038
0.384038
0.384039
0.384039
0.38404
0.38404
0.38404
0.38404
0.384041
0.384041
0.384041
0.384042
0.384042
0.384042
0.384043
0.384043
0.384043
0.384044
0.384044
0.384044
0.384043
0.384045
0.384045
0.384045
0.384046
0.384046
0.384046
0.384046
0.384047
0.384047
0.384047
0.384047
0.384048
0.384048
0.384048
0.384048
0.384049
0.384049
0.384049
0.384049
0.38405
0.38405
0.38405
0.38405
0.384051
0.384051
0.384051
0.384051
0.384051
0.384052
0.384052
0.384052
0.384052
0.384052
0.384053
0.384053
0.384053
0.384053
0.384053
0.384054
0.384054
0.384054
0.384054
0.384054
0.384055
0.384055
0.384055
0.384055
0.384055
0.384056
0.384056
0.384056
0.384056
0.384056
0.384056
0.384057
0.384057
0.384057
0.384057
0.384057
0.384057
0.384057
0.384058
0.384058
0.384058
0.384058
0.384058
0.384058
0.384059
0.384059
0.384059
0.384059
0.384059
0.384059
0.384059
0.38406
0.38406
0.38406
0.38406
0.38406
0.38406
0.38406
0.38406
0.384061
0.384061
0.384061
0.384061
0.384061
0.384061
0.384061
0.384061
0.384062
0.384062
0.384062
0.384062
0.384062
0.384062
0.384062
0.384062
0.384062
0.384062
0.384063
0.384063
0.384063
0.384063
0.384063
0.384063
0.384063
0.384063
0.384063
0.384063
0.384064
0.384064
0.384064
0.384064
0.384064
0.384064
0.384064
0.384064
0.384064
0.384064
0.384064
0.384065
0.384065
0.384065
0.384065
0.384065
0.384065
0.384065
0.384065
0.384065
0.384065
0.384065
0.384065
0.384066
0.384066
0.384066
0.384066
0.384066
0.384066
0.384066
0.384066
0.384066
0.384066
0.384066
0.384066
0.384066
0.384066
0.384066
0.384067
0.384067
0.384067
0.384067
0.384067
0.384067
0.384067
0.384067
0.384067
0.384067
0.384067
0.384067
0.384067
0.448532
0.251643
0.409839
0.44538
0.430071
0.338693
0.427636
0.363931
0.377291
0.37875
0.387801
0.393037
0.446292
0.408478
0.384268
0.38769
