0
0
0
0
0
0
0
0
0
0
0
0
0
0
0
0
0
0
0
0
0
0
0
0
0
0
0
0
0
0
0
0
0
0
0
0
0
0
0
0
0
0
0
0
0
0
0
0
0
0
0
5.80323e-05
0.000168708
0.000325964
0.000523152
0.000753139
0.00100841
0.0012812
0.00156358
0.00184761
0.00212543
0.00238941
0.00263225
0.00284708
0.00302758
0.00316809
0.00326367
0.00331016
0.0033043
0.00324373
0.00312703
0.00295375
0.00272444
0.00244056
0.00210455
0.00171971
0.00129021
0.000820957
0.000317579
-0.000213712
-0.000766201
-0.00133278
-0.00190606
-0.0024785
-0.00304251
-0.0035906
-0.00411546
-0.00461012
-0.00506802
-0.00548317
-0.00585016
-0.00616436
-0.00642189
-0.00661973
-0.00675579
-0.00682889
-0.00683883
-0.00678636
-0.0066732
-0.00650196
-0.00627619
-0.00600022
-0.00567917
-0.00531885
-0.00492565
-0.00450646
-0.00406855
-0.00361947
-0.00316691
-0.00271862
-0.00228224
-0.0018652
-0.00147463
-0.00111719
-0.00079903
-0.000525643
-0.000301809
-0.000131507
-1.78567e-05
3.69294e-05
3.15833e-05
-3.42011e-05
-0.000159763
-0.000343487
-0.000582826
-0.000874345
-0.00121377
-0.00159607
-0.00201552
-0.0024658
-0.00294008
-0.00343117
-0.00393159
-0.0044337
-0.00492982
-0.00541237
-0.00587397
-0.00630756
-0.00670653
-0.00706477
-0.00737685
-0.00763803
-0.00784438
-0.00799283
-0.00808121
-0.00810829
-0.0080738
-0.00797845
-0.00782389
-0.0076127
-0.00734835
-0.00703516
-0.00667817
-0.00628316
-0.00585648
-0.00540496
-0.00493585
-0.00445665
-0.00397503
-0.00349868
-0.00303521
-0.00259203
-0.00217621
-0.00179441
-0.00145274
-0.00115665
-0.000910903
-0.00071945
-0.000585384
-0.000510891
-0.000497215
-0.000544637
-0.000652475
-0.000819089
-0.00104191
-0.00131749
-0.00164153
-0.00200898
-0.00241409
-0.00285052
-0.00331145
-0.00378965
-0.00427761
-0.0047677
-0.00525223
-0.00572358
-0.00617438
-0.00659754
-0.00698643
-0.00733496
-0.00763766
-0.00788978
-0.00808739
-0.0082274
-0.00830763
-0.00832685
-0.00828477
-0.0081821
-0.00802046
-0.00780245
-0.00753151
-0.00721196
-0.00684883
-0.0064479
-0.00601549
-0.00555845
-0.00508401
-0.00459967
-0.00411308
-0.00363193
-0.00316384
-0.00271619
-0.00229606
-0.0019101
-0.00156441
-0.00126444
-0.00101495
-0.000819889
-0.000682336
-0.000604476
-0.00058755
-0.000631835
-0.000736645
-0.000900337
-0.00112034
-0.00139319
-0.0017146
-0.00207951
-0.00248218
-0.00291625
-0.00337489
-0.00385088
-0.00433673
-0.00482476
-0.0053073
-0.00577675
-0.0062257
-0.00664708
-0.00703425
-0.00738112
-0.00768221
-0.00793279
-0.00812891
-0.00826747
-0.00834631
-0.00836419
-0.00832081
-0.00821689
-0.00805405
-0.00783486
-0.0075628
-0.00724216
-0.00687799
-0.00647604
-0.00604266
-0.00558468
-0.00510932
-0.0046241
-0.00413666
-0.0036547
-0.00318581
-0.0027374
-0.00231654
-0.00192987
-0.00158349
-0.00128286
-0.00103273
-0.000837047
-0.000698898
-0.000620463
-0.000602982
-0.000646731
-0.000751024
-0.000914216
-0.00113374
-0.00140613
-0.00172709
-0.00209156
-0.00249381
-0.00292747
-0.00338573
-0.00386135
-0.00434682
-0.00483451
-0.00531671
-0.00578583
-0.00623446
-0.00665554
-0.00704242
-0.007389
-0.00768982
-0.00794013
-0.008136
-0.00827432
-0.00835292
-0.00837057
-0.00832697
-0.00822283
-0.00805978
-0.0078404
-0.00756815
-0.00724732
-0.00688297
-0.00648085
-0.0060473
-0.00558916
-0.00511365
-0.00462828
-0.00414069
-0.00365859
-0.00318957
-0.00274102
-0.00232004
-0.00193324
-0.00158674
-0.001286
-0.00103577
-0.000839979
-0.000701727
-0.000623194
-0.000605618
-0.000649276
-0.00075348
-0.000916588
-0.00113603
-0.00140833
-0.00172922
-0.00209362
-0.00249579
-0.00292939
-0.00338758
-0.00386313
-0.00434855
-0.00483618
-0.00531832
-0.00578738
-0.00623596
-0.00665698
-0.00704381
-0.00739035
-0.00769112
-0.00794139
-0.00813721
-0.00827549
-0.00835405
-0.00837165
-0.00832802
-0.00822385
-0.00806076
-0.00784135
-0.00756906
-0.0072482
-0.00688382
-0.00648167
-0.00604809
-0.00558992
-0.00511439
-0.00462899
-0.00414138
-0.00365925
-0.00319021
-0.00274164
-0.00232063
-0.00193382
-0.0015873
-0.00128654
-0.00103629
-0.000840479
-0.000702211
-0.000623661
-0.000606068
-0.000649711
-0.0007539
-0.000916993
-0.00113642
-0.00140871
-0.00172958
-0.00209397
-0.00249613
-0.00292972
-0.0033879
-0.00386344
-0.00434884
-0.00483646
-0.0053186
-0.00578765
-0.00623622
-0.00665723
-0.00704405
-0.00739058
-0.00769134
-0.0079416
-0.00813742
-0.00827569
-0.00835424
-0.00837184
-0.0083282
-0.00822402
-0.00806093
-0.00784151
-0.00756922
-0.00724835
-0.00688396
-0.00648181
-0.00604823
-0.00559005
-0.00511451
-0.00462911
-0.0041415
-0.00365937
-0.00319032
-0.00274175
-0.00232074
-0.00193392
-0.0015874
-0.00128663
-0.00103637
-0.000840565
-0.000702293
-0.000623741
-0.000606145
-0.000649785
-0.000753972
-0.000917062
-0.00113648
-0.00140878
-0.00172965
-0.00209403
-0.00249619
-0.00292978
-0.00338795
-0.00386349
-0.00434889
-0.00483651
-0.00531864
-0.00578769
-0.00623626
-0.00665727
-0.00704409
-0.00739062
-0.00769138
-0.00794164
-0.00813745
-0.00827572
-0.00835428
-0.00837187
-0.00832823
-0.00822405
-0.00806096
-0.00784154
-0.00756924
-0.00724838
-0.00688399
-0.00648183
-0.00604825
-0.00559007
-0.00511453
-0.00462913
-0.00414152
-0.00365938
-0.00319034
-0.00274177
-0.00232075
-0.00193394
-0.00158741
-0.00128665
-0.00103639
-0.000840579
-0.000702307
-0.000623754
-0.000606158
-0.000649798
-0.000753984
-0.000917074
-0.0011365
-0.00140879
-0.00172966
-0.00209404
-0.0024962
-0.00292979
-0.00338796
-0.0038635
-0.0043489
-0.00483652
-0.00531865
-0.0057877
-0.00623627
-0.00665728
-0.0070441
-0.00739062
-0.00769139
-0.00794165
-0.00813746
-0.00827573
-0.00835428
-0.00837188
-0.00832824
-0.00822405
-0.00806096
-0.00784154
-0.00756925
-0.00724838
-0.00688399
-0.00648184
-0.00604825
-0.00559008
-0.00511454
-0.00462913
-0.00414152
-0.00365939
-0.00319034
-0.00274177
-0.00232076
-0.00193394
-0.00158742
-0.00128665
-0.00103639
-0.000840582
-0.00070231
-0.000623757
-0.000606161
-0.0006498
-0.000753986
-0.000917076
-0.0011365
-0.00140879
-0.00172966
-0.00209405
-0.0024962
-0.00292979
-0.00338796
-0.0038635
-0.0043489
-0.00483652
-0.00531865
-0.0057877
-0.00623627
-0.00665728
-0.0070441
-0.00739062
-0.00769139
-0.00794165
-0.00813746
-0.00827573
-0.00835428
-0.00837188
-0.00832824
-0.00822405
-0.00806096
-0.00784154
-0.00756925
-0.00724838
-0.00688399
-0.00648184
-0.00604825
-0.00559008
-0.00511454
-0.00462914
-0.00414152
-0.00365939
-0.00319034
-0.00274177
-0.00232076
-0.00193394
-0.00158742
-0.00128665
-0.00103639
-0.000840582
-0.00070231
-0.000623757
-0.000606161
-0.0006498
-0.000753986
-0.000917076
-0.0011365
-0.00140879
-0.00172966
-0.00209405
-0.0024962
-0.00292979
-0.00338796
-0.0038635
-0.0043489
-0.00483652
-0.00531865
-0.0057877
-0.00623627
-0.00665728
-0.0070441
-0.00739062
-0.00769139
-0.00794165
-0.00813746
-0.00827573
-0.00835428
-0.00837188
-0.00832824
-0.00822405
-0.00806096
-0.00784154
-0.00756925
-0.00724838
-0.00688399
-0.00648184
-0.00604825
-0.00559008
-0.00511454
-0.00462914
-0.00414152
-0.00365939
-0.00319034
-0.00274177
-0.00232076
-0.00193394
-0.00158742
-0.00128665
-0.00103639
-0.000840582
-0.00070231
-0.000623757
-0.000606161
-0.0006498
-0.000753986
-0.000917076
-0.0011365
-0.00140879
-0.00172966
-0.00209405
-0.0024962
-0.00292979
-0.00338796
-0.0038635
-0.0043489
-0.00483652
-0.00531865
-0.0057877
-0.00623627
-0.00665728
-0.0070441
-0.00739062
-0.00769139
-0.00794165
-0.00813746
-0.00827573
-0.00835428
-0.00837188
-0.00832824
-0.00822405
-0.00806096
-0.00784154
-0.00756925
