-8.07506e-07
-2.66503e-06
-6.00175e-06
-1.12458e-05
-1.88216e-05
-2.91476e-05
-4.26333e-05
-5.96776e-05
-8.0666e-05
-0.000105969
-0.000135939
-0.000170909
-0.000211193
-0.000257079
-0.000308832
-0.000366692
-0.000430871
-0.000501551
-0.000578888
-0.000663004
-0.000753993
-0.000851915
-0.000956801
-0.00106864
-0.00118741
-0.00131303
-0.00144541
-0.0015844
-0.00172985
-0.00188156
-0.0020393
-0.00220282
-0.00237182
-0.002546
-0.00272502
-0.00290851
-0.00309609
-0.00328734
-0.00348184
-0.00367913
-0.00387875
-0.00408022
-0.00428303
-0.00448669
-0.00469068
-0.00489448
-0.00509755
-0.00529938
-0.00549942
-0.00569714
-0.00589203
-0.00608356
-0.00627121
-0.0064545
-0.00663291
-0.00680598
-0.00697325
-0.00713428
-0.00728863
-0.00743591
-0.00757575
-0.00770777
-0.00783167
-0.00794714
-0.0080539
-0.00815172
-0.00824038
-0.0083197
-0.00838955
-0.0084498
-0.00850039
-0.00854125
-0.00857239
-0.00859382
-0.00860562
-0.00860786
-0.00860068
-0.00858424
-0.00855873
-0.00852439
-0.00848146
-0.00843024
-0.00837105
-0.00830424
-0.00823017
-0.00814926
-0.00806192
-0.0079686
-0.00786977
-0.00776591
-0.00765754
-0.00754516
-0.00742932
-0.00731056
-0.00718942
-0.00706648
-0.00694229
-0.00681743
-0.00669245
-0.00656794
-0.00644445
-0.00632254
-0.00620276
-0.00608565
-0.00597173
-0.00586151
-0.0057555
-0.00565416
-0.00555796
-0.00546733
-0.00538269
-0.00530441
-0.00523287
-0.00516838
-0.00511127
-0.00506178
-0.00502018
-0.00498666
-0.0049614
-0.00494455
-0.0049362
-0.00493644
-0.0049453
-0.00496278
-0.00498885
-0.00502344
-0.00506645
-0.00511775
-0.00517715
-0.00524447
-0.00531946
-0.00540185
-0.00549136
-0.00558765
-0.00569037
-0.00579915
-0.00591357
-0.00603322
-0.00615764
-0.00628636
-0.00641891
-0.00655477
-0.00669344
-0.00683439
-0.00697707
-0.00712096
-0.00726549
-0.00741012
-0.00755429
-0.00769745
-0.00783906
-0.00797856
-0.00811544
-0.00824915
-0.00837919
-0.00850506
-0.00862627
-0.00874236
-0.00885289
-0.00895744
-0.00905559
-0.00914698
-0.00923126
-0.0093081
-0.00937722
-0.00943835
-0.00949126
-0.00953575
-0.00957166
-0.00959884
-0.00961722
-0.00962671
-0.0096273
-0.00961898
-0.00960181
-0.00957585
-0.00954121
-0.00949804
-0.00944651
-0.00938685
-0.00931928
-0.00924408
-0.00916155
-0.00907203
-0.00897588
-0.00887347
-0.00876523
-0.00865158
-0.00853297
-0.00840988
-0.0082828
-0.00815224
-0.00801871
-0.00788275
-0.0077449
-0.00760571
-0.00746572
-0.0073255
-0.0071856
-0.00704658
-0.00690899
-0.00677338
-0.00664029
-0.00651024
-0.00638375
-0.00626132
-0.00614344
-0.00603058
-0.00592318
-0.00582168
-0.00572647
-0.00563793
-0.00555642
-0.00548225
-0.00541573
-0.00535712
-0.00530665
-0.00526453
-0.00523091
-0.00520595
-0.00518972
-0.00518231
-0.00518375
-0.00519402
-0.0052131
-0.0052409
-0.00527732
-0.00532221
-0.00537541
-0.0054367
-0.00550584
-0.00558256
-0.00566656
-0.0057575
-0.00585504
-0.00595878
-0.00606833
-0.00618324
-0.00630306
-0.00642733
-0.00655555
-0.00668722
-0.00682182
-0.00695881
-0.00709767
-0.00723784
-0.00737877
-0.00751991
-0.00766069
-0.00780057
-0.00793898
-0.0080754
-0.00820927
-0.00834008
-0.0084673
-0.00859043
-0.008709
-0.00882252
-0.00893056
-0.00903269
-0.0091285
-0.00921762
-0.0092997
-0.00937441
-0.00944146
-0.00950058
-0.00955154
-0.00959415
-0.00962823
-0.00965365
-0.00967031
-0.00967814
-0.00967711
-0.00966723
-0.00964854
-0.00962111
-0.00958505
-0.00954051
-0.00948765
-0.00942668
-0.00935786
-0.00928144
-0.00919774
-0.00910708
-0.00900982
-0.00890634
-0.00879706
-0.0086824
-0.00856282
-0.00843879
-0.0083108
-0.00817935
-0.00804496
-0.00790817
-0.00776951
-0.00762953
-0.00748879
-0.00734784
-0.00720723
-0.00706752
-0.00692927
-0.00679301
-0.00665929
-0.00652864
-0.00640156
-0.00627857
-0.00616014
-0.00604674
-0.00593883
-0.00583683
-0.00574113
-0.00565213
-0.00557016
-0.00549556
-0.00542861
-0.00536959
-0.00531872
-0.00527621
-0.00524222
-0.00521689
-0.00520032
-0.00519257
-0.00519367
-0.00520363
-0.00522239
-0.0052499
-0.00528603
-0.00533064
-0.00538357
-0.00544459
-0.00551348
-0.00558995
-0.00567371
-0.00576443
-0.00586174
-0.00596527
-0.00607461
-0.00618931
-0.00630894
-0.00643302
-0.00656106
-0.00669255
-0.00682697
-0.0069638
-0.0071025
-0.00724251
-0.00738329
-0.00752428
-0.00766492
-0.00780466
-0.00794295
-0.00807923
-0.00821298
-0.00834367
-0.00847077
-0.0085938
-0.00871225
-0.00882567
-0.00893361
-0.00903563
-0.00913135
-0.00922038
-0.00930237
-0.00937699
-0.00944395
-0.009503
-0.00955388
-0.00959641
-0.00963042
-0.00965577
-0.00967235
-0.00968012
-0.00967903
-0.00966909
-0.00965034
-0.00962285
-0.00958673
-0.00954213
-0.00948922
-0.0094282
-0.00935933
-0.00928287
-0.00919912
-0.00910841
-0.00901111
-0.00890759
-0.00879826
-0.00868357
-0.00856395
-0.00843988
-0.00831185
-0.00818037
-0.00804595
-0.00790912
-0.00777043
-0.00763043
-0.00748965
-0.00734867
-0.00720804
-0.00706831
-0.00693003
-0.00679374
-0.00666
-0.00652932
-0.00640222
-0.0062792
-0.00616076
-0.00604734
-0.00593941
-0.00583738
-0.00574167
-0.00565265
-0.00557067
-0.00549605
-0.00542909
-0.00537005
-0.00531916
-0.00527664
-0.00524263
-0.00521729
-0.0052007
-0.00519294
-0.00519404
-0.00520398
-0.00522273
-0.00525022
-0.00528634
-0.00533095
-0.00538386
-0.00544488
-0.00551376
-0.00559022
-0.00567397
-0.00576468
-0.00586199
-0.00596551
-0.00607483
-0.00618953
-0.00630915
-0.00643322
-0.00656125
-0.00669274
-0.00682716
-0.00696398
-0.00710267
-0.00724268
-0.00738346
-0.00752444
-0.00766507
-0.00780481
-0.00794309
-0.00807937
-0.00821312
-0.0083438
-0.0084709
-0.00859391
-0.00871237
-0.00882578
-0.00893371
-0.00903574
-0.00913145
-0.00922048
-0.00930246
-0.00937708
-0.00944404
-0.00950308
-0.00955396
-0.00959649
-0.00963049
-0.00965584
-0.00967243
-0.00968019
-0.0096791
-0.00966915
-0.0096504
-0.00962291
-0.00958679
-0.00954219
-0.00948927
-0.00942826
-0.00935938
-0.00928291
-0.00919916
-0.00910846
-0.00901115
-0.00890763
-0.00879831
-0.00868361
-0.00856399
-0.00843992
-0.00831189
-0.0081804
-0.00804598
-0.00790916
-0.00777047
-0.00763046
-0.00748968
-0.0073487
-0.00720807
-0.00706833
-0.00693005
-0.00679377
-0.00666002
-0.00652934
-0.00640224
-0.00627923
-0.00616078
-0.00604736
-0.00593943
-0.0058374
-0.00574169
-0.00565267
-0.00557068
-0.00549606
-0.0054291
-0.00537006
-0.00531918
-0.00527665
-0.00524265
-0.0052173
-0.00520072
-0.00519296
-0.00519405
-0.00520399
-0.00522274
-0.00525023
-0.00528635
-0.00533096
-0.00538387
-0.00544489
-0.00551377
-0.00559023
-0.00567398
-0.00576469
-0.00586199
-0.00596551
-0.00607484
-0.00618954
-0.00630916
-0.00643323
-0.00656126
-0.00669274
-0.00682716
-0.00696399
-0.00710268
-0.00724269
-0.00738346
-0.00752444
-0.00766508
-0.00780481
-0.00794309
-0.00807938
-0.00821312
-0.0083438
-0.0084709
-0.00859392
-0.00871237
-0.00882578
-0.00893372
-0.00903574
-0.00913145
-0.00922048
-0.00930246
-0.00937708
-0.00944404
-0.00950308
-0.00955397
-0.00959649
-0.0096305
-0.00965584
-0.00967243
-0.00968019
-0.0096791
-0.00966916
-0.0096504
-0.00962291
-0.00958679
-0.00954219
-0.00948927
-0.00942826
-0.00935938
-0.00928292
-0.00919917
-0.00910846
-0.00901115
-0.00890763
-0.00879831
-0.00868361
-0.00856399
-0.00843992
-0.00831189
-0.0081804
-0.00804598
-0.00790916
-0.00777047
-0.00763046
-0.00748969
-0.0073487
-0.00720807
-0.00706833
-0.00693005
-0.00679377
-0.00666003
-0.00652935
-0.00640225
-0.00627923
-0.00616078
-0.00604736
-0.00593943
-0.0058374
-0.00574169
-0.00565267
-0.00557068
-0.00549606
-0.0054291
-0.00537006
-0.00531918
-0.00527665
-0.00524265
-0.0052173
-0.00520072
-0.00519296
-0.00519405
-0.00520399
-0.00522274
-0.00525023
-0.00528635
-0.00533096
-0.00538387
-0.00544489
-0.00551377
-0.00559023
-0.00567398
-0.00576469
-0.00586199
-0.00596551
-0.00607484
-0.00618954
-0.00630916
-0.00643323
-0.00656126
-0.00669274
-0.00682716
-0.00696399
-0.00710268
-0.00724269
-0.00738346
-0.00752444
-0.00766508
-0.00780481
-0.00794309
