0.00205377
0.00380437
0.00539148
0.00681643
0.00808813
0.00920735
0.0101831
0.011015
0.0117108
0.0131992
0.0135105
0.0137035
0.0137829
0.0137524
0.0136181
0.0133774
0.013034
0.0125928
0.0120569
0.0114291
0.0107123
0.00990909
0.009022
0.00805298
0.00700567
0.00588175
0.00468335
0.00341313
0.0020731
0.000656648
-0.00081466
-0.00234799
-0.00394554
-0.00560185
-0.00731285
-0.00907318
-0.0108843
-0.0127429
-0.0146432
-0.0161715
-0.0178784
-0.0198022
-0.0213452
-0.023237
-0.0249475
-0.0265469
-0.0281281
-0.0298048
-0.0317043
-0.0339562
-0.0399949
-0.0399949
-0.0399949
-0.0399949
-0.0399949
-0.0399949
-0.0399949
-0.0399949
-0.0399949
-0.0399949
-0.0399949
-0.0399949
-0.0399949
-0.0399949
-0.0399949
-0.0399949
-0.0399949
-0.0399949
-0.0399949
-0.0399949
-0.0399949
-0.0399949
-0.0399949
-0.0399949
-0.0399949
-0.0399949
-0.0399949
-0.0399949
-0.0399949
-0.0399949
-0.0332299
-0.0267984
-0.0206902
-0.0148953
-0.00940424
-0.00420775
0.000703043
0.00533675
0.00970164
0.0138057
0.0176567
0.0212613
0.0245714
0.0275961
0.0303444
0.0328248
0.0350457
0.0370153
0.0387414
0.0402318
0.0369708
0.0345196
0.0329113
0.0321504
0.0321504
0.0321504
0.0321504
0.0321504
0.0321504
0.0321504
0.0321504
0.0321504
0.0321504
0.0321504
0.0321504
0.0321504
0.0321504
0.0321504
0.0321504
0.0321504
0.0321504
0.0321504
0.0321504
0.0321504
0.0321504
0.0321504
0.0321504
0.0321504
0.0321504
0.0321504
0.0263134
0.0207511
0.0154551
0.0104171
0.00562942
0.00108441
-0.00322524
-0.00730659
-0.0111665
-0.0148114
-0.0182478
-0.0214779
-0.0244555
-0.0271885
-0.0296845
-0.031951
-0.0339953
-0.0358245
-0.0374454
-0.0388647
-0.0397973
-0.0406474
-0.041417
-0.0421084
-0.0427233
-0.0432638
-0.0437316
-0.0441284
-0.0444559
-0.0447156
-0.0449091
-0.0450378
-0.0451031
-0.0451065
-0.0450493
-0.0449331
-0.0447593
-0.0445297
-0.0442462
-0.0439107
-0.0435258
-0.0430939
-0.0426179
-0.0421007
-0.0415456
-0.0409556
-0.040334
-0.039684
-0.0390083
-0.0386245
-0.0352052
-0.0317273
-0.0281975
-0.0246357
-0.0210473
-0.0174382
-0.0138147
-0.0101835
-0.00655143
-0.00292528
0.00068806
0.00426907
0.00778904
0.0112606
0.0146958
0.0181058
0.0214925
0.0248035
0.0281634
0.0316899
0.0317888
0.0317888
0.0317888
0.0317888
0.0317888
0.0317888
0.0317888
0.0317888
0.0317888
0.0317888
0.0317888
0.0317888
0.0317888
0.0317888
0.0317888
0.0317888
0.0317888
0.0317888
0.0317888
0.0317888
0.0317888
0.0317888
0.0317888
0.0317888
0.0317888
0.0317888
0.0317888
0.0317888
0.0317888
0.0317888
0.0272961
0.02289
0.0185725
0.0143464
0.0102146
0.00618048
0.00224779
-0.00157964
-0.00529789
-0.00890316
-0.0123919
-0.0157534
-0.018956
-0.022016
-0.0249492
-0.0277707
-0.0304947
-0.0331346
-0.035703
-0.0382112
-0.0384407
-0.0386503
-0.0388406
-0.0390121
-0.0391653
-0.0393006
-0.0394185
-0.0395193
-0.0396035
-0.0396715
-0.0397235
-0.0397599
-0.0397811
-0.0397874
-0.0397792
-0.0397567
-0.0397204
-0.0396706
-0.0396078
-0.0395325
-0.0394452
-0.0393465
-0.0392371
-0.0391177
-0.038989
-0.0388518
-0.0387068
-0.0385548
-0.0383964
-0.0382738
-0.0348015
-0.0312841
-0.0277351
-0.0241594
-0.0205625
-0.0169501
-0.0133285
-0.00970398
-0.00608333
-0.00247327
0.00111956
0.00467603
0.00816733
0.0116063
0.0150051
0.0183752
0.0217273
0.0250289
0.0283358
0.0317675
0.0317721
0.0317721
0.0317721
0.0317721
0.0317721
0.0317721
0.0317721
0.0317721
0.0317721
0.0317721
0.0317721
0.0317721
0.0317721
0.0317721
0.0317721
0.0317721
0.0317721
0.0317721
0.0317721
0.0317721
0.0317721
0.0317721
0.0317721
0.0317721
0.0317721
0.0317721
0.0317721
0.0317721
0.0317721
0.0317721
0.0274785
0.0232473
0.0190812
0.0149833
0.010957
0.00700624
0.00313512
-0.000651954
-0.00435053
-0.00795624
-0.0114649
-0.0148642
-0.018123
-0.0212569
-0.024281
-0.0272097
-0.0300565
-0.0328342
-0.0355544
-0.0382279
-0.0383299
-0.0384231
-0.0385076
-0.0385838
-0.0386518
-0.0387119
-0.0387641
-0.0388088
-0.038846
-0.038876
-0.0388989
-0.0389148
-0.038924
-0.0389265
-0.0389225
-0.0389122
-0.0388957
-0.0388732
-0.0388449
-0.038811
-0.0387718
-0.0387275
-0.0386785
-0.038625
-0.0385673
-0.0385059
-0.038441
-0.038373
-0.0383022
-0.0382289
-0.0347448
-0.031221
-0.0276668
-0.0240872
-0.0204874
-0.0168733
-0.0132509
-0.0096268
-0.00600754
-0.00239984
0.00118967
0.00474195
0.00822817
0.0116612
0.0150533
0.0184159
0.0217596
0.0250611
0.0283583
0.0317711
0.0317713
0.0317713
0.0317713
0.0317713
0.0317713
0.0317713
0.0317713
0.0317713
0.0317713
0.0317713
0.0317713
0.0317713
0.0317713
0.0317713
0.0317713
0.0317713
0.0317713
0.0317713
0.0317713
0.0317713
0.0317713
0.0317713
0.0317713
0.0317713
0.0317713
0.0317713
0.0317713
0.0317713
0.0317713
0.0317713
0.0275033
0.0232947
0.0191481
0.0150666
0.0110539
0.00711383
0.00325063
-0.000531255
-0.0042273
-0.00783306
-0.0113443
-0.0147484
-0.0180144
-0.0211579
-0.0241937
-0.0271362
-0.0299988
-0.0327941
-0.0355339
-0.0382287
-0.0403289
-0.0412308
-0.0416934
-0.0420948
-0.0425518
-0.0434425
-0.0434688
-0.0438107
-0.044064
-0.0444413
-0.0448974
-0.0454271
-0.0459208
-0.0463844
-0.0470159
-0.0475263
-0.0478716
-0.048134
-0.0485466
-0.0490369
-0.0495424
-0.0500054
-0.0505025
-0.0511062
-0.0516428
-0.0521682
-0.05268
-0.0531218
-0.0533486
-0.0487703
-0.0486574
-0.0416766
-0.0357453
-0.0301348
-0.0246798
-0.0192456
-0.0137432
-0.00822211
0.00263057
0.00973435
0.0152966
0.0225671
0.0278884
0.0344712
0.0411777
0.0467339
0.0510815
0.0572875
0.0646302
0.0695483
0.0586973
0.0528274
0.0497985
0.0481643
0.0473231
0.0471758
0.0473015
0.0515741
0.0528353
0.0514604
0.0504067
0.0498579
0.049706
0.0502743
0.0586247
0.0549373
0.0527107
0.0520167
0.0523482
0.052005
0.0543208
0.0552814
0.0586808
0.0557868
0.0546224
0.0545617
0.056209
0.0545413
0.0549378
0.0492959
0.0483881
0.0455895
0.0421013
0.0366427
0.0334738
0.0307945
0.029192
0.0271867
0.0222408
0.0242084
0.0231047
0.0200599
0.0161304
0.00525204
0.000109377
-0.0041836
-0.00569746
-0.0104655
-0.0112647
-0.016032
-0.0046997
0.00288081
0.00766459
0.0106661
0.0123337
0.0130842
0.0122357
0.0112706
0.0101819
0.00902176
0.00782516
0.00661567
0.00540892
0.00421474
0.00304301
0.00191237
0.00106973
0.00022702
-0.000601582
-0.0014001
-0.00189785
-0.00280608
-0.00363095
-0.00451725
-0.00528831
-0.00607394
-0.00693578
-0.00807561
-0.00871381
-0.00942544
-0.0111184
-0.00697902
-0.00687821
-0.0093962
-0.0109746
-0.0116562
-0.0115821
-0.0118101
-0.0127956
-0.0111565
-0.0122104
-0.0136699
-0.014468
-0.0149924
-0.0149158
-0.0146404
-0.0148654
-0.0149221
-0.0149273
-0.0149139
-0.0142042
-0.0134785
-0.012757
-0.0120511
-0.0113678
-0.0106886
-0.0100443
-0.00943415
-0.00885674
-0.00831038
-0.00779381
-0.00730417
-0.00684075
-0.00640212
-0.00598695
-0.00559404
-0.00522216
-0.00486978
-0.00452852
-0.00420408
-0.00390105
-0.0036136
-0.00334241
-0.00308624
-0.00284414
-0.00261546
-0.00239946
-0.00219742
-0.00200492
-0.0019531
-0.00175515
-0.00160349
-0.00151182
-0.00148744
-0.00151337
-0.00159878
-0.00173151
-0.00191095
-0.00209336
-0.00230554
-0.00254275
-0.00279364
-0.00308797
-0.00337908
-0.00363865
-0.00389702
-0.00419836
-0.00446335
-0.00472977
-0.0049889
-0.00777812
