-0.00652898
-0.0153776
-0.00552529
-0.00327419
-0.157808
0.278943
0.182091
-0.347624
0.335311
-0.268008
0.184777
-0.0923532
0.00892481
-0.0976235
-0.0192425
-0.0054645
0.0211243
0.0141939
0.0046632
0.000202215
0.00220186
0.00307458
0.00325787
0.00304061
0.00256589
0.00189457
0.00101883
-0.000257018
0.00220879
0.000214601
-0.00449446
-0.00569766
-0.00703946
-0.00850972
-0.0100705
-0.0116987
-0.0132874
-0.00732416
-0.0159851
-0.0211982
-0.0235953
-0.0235528
-0.0245231
-0.0258402
-0.0273079
-0.0289767
-0.0305442
-0.0320673
-0.0336415
-0.0353835
-0.0374222
-0.0579358
-0.104664
-0.127633
-0.0830571
-0.0811152
-0.081033
-0.0816262
-0.0825427
-0.0835822
-0.0846281
-0.0856115
-0.0864895
-0.0872345
-0.087828
-0.0882566
-0.0885115
-0.0885853
-0.0884741
-0.088186
-0.0134042
-0.047575
-0.106975
-0.0737653
-0.0737337
-0.0734375
-0.0720898
-0.0710117
-0.070236
-0.0700611
-0.0716153
-0.0777342
0.431741
0.245689
0.0530736
-0.0209378
-0.0487272
-0.0589424
-0.0574178
0.0453635
0.0602611
0.0649996
0.0691861
0.0730652
0.0767413
0.0802719
0.0836855
0.0869937
0.0901969
0.0933007
0.0963049
0.0198545
0.232253
0.0580576
0.118833
-0.144245
-0.077489
-0.13423
-0.213076
-0.0795105
1.28162
0.545488
0.313587
0.0936792
0.0936676
0.0954791
0.0984152
0.102192
0.106623
0.111574
0.116932
0.0915072
0.34541
-0.208466
0.623068
0.221196
-0.159875
0.00449738
-0.00338402
-0.00145291
0.00153993
0.00495587
0.0311179
0.031335
0.0304265
0.0292381
0.175827
0.0514119
0.0653285
0.0372526
-0.0403347
0.0219109
0.0600783
0.00979541
0.0134315
0.000660953
0.127548
0.11977
0.108262
0.102888
0.0861908
0.0418657
0.0245709
0.0195516
0.0143336
0.0355431
-0.152198
-0.0337472
-0.0232415
0.0110403
0.0390763
0.111673
0.0186823
0.0286296
0.0377374
-0.0351259
-0.124099
-0.0870195
0.505067
-0.187313
-0.0947679
-0.0677889
-0.0475164
0.118155
0.126301
0.0524723
0.163386
0.168562
0.181941
-0.165761
-0.362637
-0.160274
-0.0875558
-0.0850627
-0.040951
-0.0563106
0.0299242
0.812094
0.755764
0.661374
0.16412
0.207086
0.546303
0.172791
0.10811
0.015374
0.12159
0.09988
0.118298
0.137805
0.161918
-0.0209011
-0.156621
-0.159823
-0.177695
-0.221443
-0.302549
-0.296834
0.458549
-0.203162
-0.113863
-0.0606394
-0.168456
-0.34024
-1.45481
-0.671672
-0.304412
-0.772328
-0.508542
-0.8815
-0.486237
-0.678295
-0.703376
-1.09792
-0.0570378
-0.987997
-1.1008
-0.791858
-0.602446
-0.406597
-0.399944
-0.224175
-0.685758
-0.302044
-0.514677
-0.196756
-0.188613
-0.177741
-0.562573
-0.552396
-0.502154
-0.459896
-0.992327
-0.962717
-0.947777
-0.888057
-0.79564
-0.770761
0.888548
-0.102657
-0.107657
-0.162495
-0.348138
-1.62434
-0.273108
-0.460148
-0.442563
-0.387792
-0.368658
-0.358462
-0.369315
-0.216135
-0.287247
-0.738718
-0.35631
-0.303172
-0.290084
-0.339727
-0.32889
-0.307253
-0.288189
-0.328785
-0.419058
-0.420551
-0.478542
-0.489425
-0.480961
-0.767635
-0.469038
-0.431689
-0.610957
-0.609014
-0.618373
-0.613039
-0.788465
-1.10301
-0.651241
-0.678841
-0.647955
-0.476309
-2.75375
-0.51016
-0.0906394
0.210758
-0.575834
-0.699793
-0.611957
-0.629506
-0.630373
-0.634119
-0.634648
-0.634234
-2.27239
0.942861
-0.509642
-1.20944
-0.843856
-0.832767
-0.707375
-1.20594
-0.712544
-0.162
-0.629489
-0.596245
-0.579445
-0.858692
-0.769438
-0.679717
-0.680146
-0.680489
-0.680743
-0.6809
-0.680687
-0.679598
-0.678859
-0.678965
-0.678871
-0.679056
-0.678796
-0.678487
-0.678126
-0.677714
-0.677249
-0.67673
-0.676156
-0.675764
-0.675086
-0.674346
-0.673544
-0.668631
-0.56723
-0.661233
-0.550771
-0.600806
-0.624457
-0.628648
-0.628103
-0.627552
-0.626994
-0.62643
-0.625858
-0.62528
-0.624695
-0.624104
-0.644009
-0.61634
-0.61577
-0.615229
-0.614771
-0.637517
-0.580463
-0.611307
-0.610721
-0.474267
-0.614496
-0.572397
-0.558948
-0.558871
-0.558017
-0.557822
-0.558494
-0.560287
-0.560938
-0.561329
-0.561612
-0.586448
-0.606145
-0.606183
-0.606187
-0.60619
-0.606193
-0.606199
-0.606209
-0.606232
-0.606235
-0.606238
-0.606241
-0.606244
-0.606247
-0.60625
-0.606252
-0.606255
-0.606258
-0.606261
-0.606263
-0.606266
-0.606268
-0.606271
-0.606274
-0.606276
-0.606279
-0.606281
-0.606284
-0.606286
-0.606288
-0.606291
-0.606293
-0.606296
-0.606298
-0.6063
-0.606302
-0.606305
-0.606307
-0.606309
-0.606311
-0.606313
-0.606316
-0.606318
-0.60632
-0.606322
-0.606324
-0.606326
-0.606328
-0.60633
-0.606332
-0.606334
-0.606336
-0.606338
-0.60634
-0.606342
-0.606343
-0.606345
-0.606347
-0.606349
-0.606351
-0.606352
-0.606354
-0.606356
-0.606358
-0.606359
-0.606361
-0.606363
-0.606364
-0.606366
-0.606367
-0.606369
-0.606371
-0.606372
-0.606374
-0.606375
-0.606377
-0.606378
-0.60638
-0.606381
-0.606383
-0.606384
-0.606386
-0.606387
-0.606388
-0.60639
-0.606391
-0.606392
-0.606394
-0.606395
-0.606396
-0.606398
-0.606399
-0.6064
-0.606402
-0.606403
-0.606404
-0.606405
-0.606407
-0.606405
-0.606409
-0.60641
-0.606411
-0.606412
-0.606414
-0.606415
-0.606416
-0.606417
-0.606418
-0.606419
-0.60642
-0.606421
-0.606422
-0.606423
-0.606424
-0.606425
-0.606426
-0.606427
-0.606428
-0.606429
-0.60643
-0.606431
-0.606432
-0.606433
-0.606434
-0.606435
-0.606436
-0.606437
-0.606438
-0.606439
-0.60644
-0.606441
-0.606441
-0.606442
-0.606443
-0.606444
-0.606445
-0.606446
-0.606446
-0.606447
-0.606448
-0.606449
-0.60645
-0.60645
-0.606451
-0.606452
-0.606453
-0.606453
-0.606454
-0.606455
-0.606456
-0.606456
-0.606457
-0.606458
-0.606458
-0.606459
-0.60646
-0.60646
-0.606461
-0.606462
-0.606462
-0.606463
-0.606464
-0.606464
-0.606465
-0.606466
-0.606466
-0.606467
-0.606467
-0.606468
-0.606469
-0.606469
-0.60647
-0.60647
-0.606471
-0.606472
-0.606472
-0.606473
-0.606473
-0.606474
-0.606474
-0.606475
-0.606475
-0.606476
-0.606476
-0.606477
-0.606477
-0.606478
-0.606478
-0.606479
-0.606479
-0.60648
-0.60648
-0.606481
-0.606481
-0.606482
-0.606482
-0.606483
-0.606483
-0.606483
-0.606484
-0.606484
-0.606485
-0.606485
-0.606486
-0.606486
-0.606486
-0.606487
-0.606487
-0.606488
-0.606488
-0.606488
-0.606489
-0.606489
-0.60649
-0.60649
-0.60649
-0.606491
-0.606491
-0.606491
-0.606492
-0.606492
-0.606492
-0.606493
-0.606493
-0.606493
-0.606494
-0.606494
-0.606494
-0.606495
-0.606495
-0.606495
-0.606496
-0.606496
-0.606496
-0.606497
-0.606497
-0.606497
-0.606498
-0.606498
-0.606498
-0.606498
-0.606499
-0.606499
-0.606499
-0.6065
-0.6065
-0.6065
-0.6065
-0.606501
-0.606501
-0.606501
-0.606501
-0.606502
-0.606502
-0.606502
-0.606503
-0.606503
-0.606503
-0.606503
-0.606503
-0.361652
-0.86258
-0.504994
-0.514462
-0.880774
-0.626772
-0.327577
-0.738668
-0.632509
-0.63282
-0.679988
-0.663934
-0.361979
-0.277195
-0.608068
-0.634269
