0.000272159
0.000546322
0.000820281
0.00109187
0.00135896
0.0016195
0.00187147
0.00211294
0.00234204
0.00255699
0.00275609
0.00293774
0.00310043
0.00324275
0.00336341
0.00346122
0.0035351
0.00358411
0.0036074
0.00360428
0.00357415
0.00351655
0.00343117
0.0033178
0.00317638
0.00300695
0.00280971
0.00258497
0.00233317
0.00205486
0.00175073
0.00142158
0.00106831
0.00069194
0.000293593
-0.000125511
-0.000564056
-0.00102064
-0.00149377
-0.00198189
-0.00248337
-0.0029965
-0.00351955
-0.0040507
-0.00458812
-0.00512994
-0.00567424
-0.00621913
-0.00676265
-0.0073029
-0.00783793
-0.00836583
-0.00888473
-0.00939274
-0.00988805
-0.0103689
-0.0108335
-0.0112802
-0.0117075
-0.0121137
-0.0124974
-0.0128572
-0.0131919
-0.0135003
-0.0137812
-0.0140337
-0.014257
-0.0144501
-0.0146126
-0.0147437
-0.0148433
-0.0149108
-0.0149462
-0.0149495
-0.0149206
-0.0148598
-0.0147675
-0.014644
-0.0144899
-0.0143059
-0.0140928
-0.0138516
-0.0135831
-0.0132886
-0.0129693
-0.0126265
-0.0122617
-0.0118762
-0.0114717
-0.0110498
-0.0106123
-0.0101608
-0.00969738
-0.00922374
-0.00874183
-0.0082536
-0.00776102
-0.00726607
-0.00677074
-0.00627702
-0.00578689
-0.00530233
-0.00482528
-0.00435766
-0.00390133
-0.00345813
-0.00302984
-0.00261818
-0.0022248
-0.00185127
-0.00149909
-0.00116968
-0.000864366
-0.000584367
-0.000330814
-0.000104726
9.29834e-05
0.000261515
0.000400184
0.000508426
0.000585796
0.000631973
0.000646757
0.000630074
0.000581976
0.000502638
0.000392359
0.00025156
8.07834e-05
-0.000119309
-0.000347939
-0.000604217
-0.000887143
-0.00119561
-0.00152841
-0.00188425
-0.00226172
-0.00265936
-0.00307558
-0.00350878
-0.00395723
-0.00441919
-0.00489283
-0.0053763
-0.00586769
-0.00636507
-0.00686649
-0.00736997
-0.00787354
-0.00837521
-0.008873
-0.00936497
-0.00984916
-0.0103237
-0.0107867
-0.0112363
-0.0116708
-0.0120884
-0.0124876
-0.0128667
-0.0132243
-0.0135589
-0.0138692
-0.0141541
-0.0144123
-0.0146429
-0.014845
-0.0150177
-0.0151604
-0.0152726
-0.0153538
-0.0154036
-0.0154219
-0.0154086
-0.0153638
-0.0152876
-0.0151804
-0.0150426
-0.0148747
-0.0146773
-0.0144513
-0.0141976
-0.0139172
-0.0136111
-0.0132806
-0.012927
-0.0125517
-0.0121561
-0.0117419
-0.0113106
-0.010864
-0.0104039
-0.00993198
-0.00945019
-0.00896042
-0.0084646
-0.00796469
-0.00746267
-0.00696051
-0.0064602
-0.00596372
-0.00547302
-0.00499004
-0.00451669
-0.00405484
-0.00360632
-0.00317288
-0.00275625
-0.00235807
-0.00197991
-0.00162327
-0.00128955
-0.000980072
-0.000696055
-0.000438623
-0.000208792
-7.46894e-06
0.00016455
0.000306587
0.000418079
0.000498586
0.000547791
0.000565498
0.000551638
0.000506263
0.000429554
0.000321813
0.000183463
1.50515e-05
-0.000182758
-0.000409185
-0.000663337
-0.00094421
-0.0012507
-0.00158159
-0.00193558
-0.00231127
-0.00270718
-0.00312175
-0.00355334
-0.00400024
-0.00446071
-0.00493291
-0.00541498
-0.00590503
-0.00640112
-0.00690128
-0.00740356
-0.00790596
-0.0084065
-0.00890321
-0.00939412
-0.00987731
-0.0103509
-0.0108129
-0.0112616
-0.0116952
-0.012112
-0.0125104
-0.0128887
-0.0132455
-0.0135794
-0.013889
-0.0141732
-0.0144307
-0.0146607
-0.0148621
-0.0150343
-0.0151764
-0.015288
-0.0153687
-0.015418
-0.0154358
-0.015422
-0.0153767
-0.0153001
-0.0151925
-0.0150542
-0.0148859
-0.0146882
-0.0144618
-0.0142077
-0.0139269
-0.0136205
-0.0132897
-0.0129358
-0.0125601
-0.0121643
-0.0117498
-0.0113182
-0.0108714
-0.010411
-0.00993883
-0.0094568
-0.0089668
-0.00847076
-0.00797064
-0.00746841
-0.00696605
-0.00646555
-0.00596888
-0.005478
-0.00499485
-0.00452133
-0.00405932
-0.00361064
-0.00317706
-0.00276028
-0.00236196
-0.00198367
-0.0016269
-0.00129305
-0.000983449
-0.000699315
-0.000441769
-0.000211829
-1.04005e-05
0.000161721
0.000303855
0.000415442
0.000496041
0.000545334
0.000563127
0.000549349
0.000504054
0.000427421
0.000319754
0.000181476
1.31332e-05
-0.00018461
-0.000410973
-0.000665062
-0.000945875
-0.0012523
-0.00158314
-0.00193707
-0.00231271
-0.00270857
-0.00312309
-0.00355464
-0.0040015
-0.00446192
-0.00493408
-0.00541611
-0.00590612
-0.00640217
-0.0069023
-0.00740454
-0.0079069
-0.00840741
-0.00890409
-0.00939497
-0.00987813
-0.0103517
-0.0108137
-0.0112624
-0.0116959
-0.0121127
-0.012511
-0.0128893
-0.0132461
-0.01358
-0.0138896
-0.0141737
-0.0144313
-0.0146612
-0.0148626
-0.0150348
-0.0151769
-0.0152885
-0.0153691
-0.0154184
-0.0154362
-0.0154224
-0.0153771
-0.0153005
-0.0151928
-0.0150546
-0.0148862
-0.0146885
-0.0144621
-0.014208
-0.0139272
-0.0136208
-0.01329
-0.012936
-0.0125604
-0.0121645
-0.01175
-0.0113185
-0.0108716
-0.0104112
-0.00993903
-0.00945699
-0.00896699
-0.00847094
-0.00797081
-0.00746857
-0.00696621
-0.0064657
-0.00596903
-0.00547814
-0.00499499
-0.00452147
-0.00405945
-0.00361077
-0.00317718
-0.0027604
-0.00236208
-0.00198378
-0.001627
-0.00129315
-0.000983547
-0.00069941
-0.000441861
-0.000211917
-1.0486e-05
0.000161638
0.000303775
0.000415365
0.000495967
0.000545263
0.000563058
0.000549282
0.000503989
0.000427359
0.000319694
0.000181418
1.30772e-05
-0.000184664
-0.000411025
-0.000665112
-0.000945924
-0.00125235
-0.00158318
-0.00193712
-0.00231276
-0.00270862
-0.00312313
-0.00355467
-0.00400154
-0.00446195
-0.00493411
-0.00541615
-0.00590615
-0.0064022
-0.00690233
-0.00740457
-0.00790693
-0.00840744
-0.00890411
-0.009395
-0.00987815
-0.0103517
-0.0108137
-0.0112624
-0.011696
-0.0121127
-0.0125111
-0.0128894
-0.0132461
-0.01358
-0.0138896
-0.0141737
-0.0144313
-0.0146612
-0.0148627
-0.0150348
-0.0151769
-0.0152885
-0.0153691
-0.0154184
-0.0154362
-0.0154224
-0.0153771
-0.0153005
-0.0151928
-0.0150546
-0.0148862
-0.0146885
-0.0144621
-0.014208
-0.0139272
-0.0136208
-0.01329
-0.012936
-0.0125604
-0.0121645
-0.01175
-0.0113185
-0.0108716
-0.0104112
-0.00993903
-0.009457
-0.00896699
-0.00847095
-0.00797082
-0.00746858
-0.00696621
-0.00646571
-0.00596903
-0.00547815
-0.00499499
-0.00452147
-0.00405946
-0.00361077
-0.00317718
-0.0027604
-0.00236208
-0.00198378
-0.001627
-0.00129315
-0.00098355
-0.000699413
-0.000441864
-0.00021192
-1.04885e-05
0.000161636
0.000303773
0.000415363
0.000495965
0.00054526
0.000563056
0.00054928
0.000503987
0.000427357
0.000319692
0.000181416
1.30756e-05
-0.000184665
-0.000411026
-0.000665114
-0.000945925
-0.00125235
-0.00158319
-0.00193712
-0.00231276
-0.00270862
-0.00312313
-0.00355468
-0.00400154
-0.00446196
-0.00493411
-0.00541615
-0.00590615
-0.0064022
-0.00690233
-0.00740457
-0.00790693
-0.00840744
-0.00890412
-0.009395
-0.00987816
-0.0103517
-0.0108137
-0.0112624
-0.011696
-0.0121127
-0.0125111
-0.0128894
-0.0132461
-0.01358
-0.0138896
-0.0141737
-0.0144313
-0.0146612
-0.0148627
-0.0150348
-0.0151769
-0.0152885
-0.0153691
-0.0154184
-0.0154362
-0.0154224
-0.0153771
-0.0153005
-0.0151928
-0.0150546
-0.0148862
-0.0146885
-0.0144621
-0.014208
-0.0139272
-0.0136208
-0.01329
-0.012936
-0.0125604
-0.0121645
-0.01175
-0.0113185
-0.0108716
-0.0104112
-0.00993903
-0.009457
-0.00896699
-0.00847095
-0.00797082
-0.00746858
-0.00696621
-0.00646571
-0.00596903
-0.00547815
-0.00499499
-0.00452147
-0.00405946
-0.00361077
-0.00317718
-0.0027604
-0.00236208
-0.00198378
-0.001627
-0.00129315
-0.00098355
-0.000699413
-0.000441864
-0.00021192
-1.04886e-05
0.000161636
0.000303773
0.000415363
0.000495965
0.00054526
0.000563056
0.00054928
0.000503987
0.000427357
0.000319692
0.000181416
1.30756e-05
-0.000184665
-0.000411026
-0.000665114
-0.000945925
-0.00125235
-0.00158319
-0.00193712
-0.00231276
-0.00270862
-0.00312313
-0.00355468
-0.00400154
-0.00446196
-0.00493411
-0.00541615
-0.00590615
-0.0064022
-0.00690233
-0.00740457
-0.00790693
-0.00840744
-0.00890412
