0
0.0201023
0.00827011
0.0051787
0.00887166
-0.0115065
-0.0162933
-0.00853707
-0.00990299
0.0191274
0.0127542
0.0286778
0.0421591
0.0256699
0.0144237
0.00808055
0.00444728
0.0023466
0.00112882
0.000427347
3.03393e-05
-0.000288993
-0.000297142
-0.000688568
-0.000404161
-0.000733734
-0.00450977
-0.00410761
-0.00377699
-0.0035332
-0.00337833
-0.0033103
-0.00332353
-0.00467856
0.00166652
-0.00240468
-0.00239127
-0.00258892
-0.00288492
-0.0032118
-0.00352958
-0.0038141
-0.00405079
-0.00423132
-0.00435166
-0.00441116
-0.00441178
-0.0043577
-0.00425491
-0.00411038
-0.00393247
-0.00373042
-0.0035139
-0.00329275
-0.00307379
-0.00287029
-0.00268842
-0.00252959
-0.00240786
-0.00232428
-0.00227677
-0.00226478
-0.00228688
-0.00234018
-0.00242053
-0.00252268
-0.00255945
-0.00283972
-0.00293187
-0.00303392
-0.00313427
0.0171333
0.0304865
0.0421158
0.054427
0.0555558
0.0510781
0.0474597
0.0430883
0.041095
0.03944
0.038003
0.036728
0.0355824
0.0345445
0.0335986
0.0327324
0.0319362
0.0313415
0.030804
0.0302447
0.0297288
0.0292527
0.0288133
0.0284082
0.0274339
0.0271544
0.0268723
0.0265859
0.0263266
0.0260924
0.0258828
0.0256988
0.0255388
0.025401
0.0252838
0.025186
0.0251066
0.0250447
0.025
0.0249722
0.0249614
0.0249405
0.0249039
0.0248785
0.0248627
0.0248548
0.0248537
0.0248583
0.0248677
0.0248814
0.0246692
0.0263165
-0.00237156
-0.00043036
0.00167199
0.00317689
0.0041593
0.0128042
0.0263004
0.0282738
0.028271
0.0285264
0.0289463
0.0294774
0.030091
0.0300986
0.0305902
0.0313872
0.0322423
0.0331531
0.0208806
-0.00764506
-0.0380233
-0.0625159
-0.0875357
-0.112705
-0.138584
-0.157275
-0.145188
-0.131594
-0.117099
-0.0881456
-0.0637837
-0.0211178
-0.0164018
-0.0132298
-0.000826816
-0.000725329
-0.000692999
-0.000349664
0.00125912
0.00269922
0.00399738
0.00517023
0.00623008
0.00718645
0.00804697
0.00881791
0.00950451
0.0101127
0.0106463
0.0111063
0.0114953
0.0118258
0.0121091
0.0123485
0.0125466
0.0127061
0.0128292
0.012918
0.0129741
0.0129993
0.0129955
0.0129639
0.0129055
0.0128199
0.0127046
0.0125459
0.012613
-0.00161014
-0.000679754
-0.0109867
-0.0152872
-0.0115133
-0.00880135
-0.00755471
-0.00662548
-0.00595009
-0.005428
-0.0050017
-0.00274517
-0.00242877
-0.00215183
-0.00190874
-0.00169664
-0.00151411
-0.00136057
-0.00123593
-0.00114041
-0.00107444
0.0292768
0.0537909
0.0754495
0.095939
0.100286
0.0904278
0.0826736
0.0762492
0.0707245
0.0658524
0.0614845
0.057525
0.0539037
0.0505471
0.0469307
0.045771
0.0436228
0.0416843
0.0399296
0.0382722
0.00427461
-1.44784e-06
-0.00211934
-0.00257054
-0.00299995
-0.00339913
-0.00373135
-0.00399322
-0.00331407
-0.00362164
-0.00385723
-0.00403844
-0.00418853
-0.00431113
-0.0045424
-0.00176095
-0.00221843
-0.00282863
-0.00332456
-0.0032929
-0.0032378
-0.0031615
-0.00306429
-0.00294734
-0.00115035
0.00761889
0.0119559
0.00919686
0.00705459
0.00550227
0.00109605
0.000312653
-0.00104267
-0.00199439
-0.00267086
-0.00317408
-0.0035669
-0.00388562
-0.00415161
-0.00437742
-0.00456832
-0.0047265
-0.00485409
-0.00495227
-0.00496563
-0.0139511
-0.0138515
-0.0137585
-0.0133483
-0.0109842
-0.0415234
-0.066324
-0.0896361
-0.107457
-0.132996
-0.122437
-0.107277
-0.0940921
-0.0822389
-0.071976
-0.0606895
-0.0513869
-0.0424452
-0.0334527
-0.024208
-0.0146765
-0.00484059
0.00336021
0.00276776
0.00171348
0.000577834
-0.000608335
-0.0018311
-0.00307817
-0.00433803
-0.00504183
-0.00357361
-0.00215215
-0.000829302
0.000394305
0.00152752
0.00258027
0.0035609
0.00447686
0.00533572
0.00614587
0.00691979
0.0073414
-0.00337852
-0.00305499
-0.00391651
-0.00469934
-0.00534057
-0.00572614
-0.00621534
-0.00667096
-0.000509955
0.000228848
-3.30446e-05
-0.000290498
0.000390235
-0.00241342
-0.00429869
-0.00993277
-0.00632714
-0.00577509
-0.00529601
-0.00482725
-0.00435096
-0.00386049
-0.00335217
-0.00282369
-0.00227371
-0.00170118
-0.00110517
-0.000484794
0.000160865
0.000832832
0.00153232
0.00226092
0.0353361
0.0623845
0.0886513
0.114963
0.123081
0.110905
0.101437
0.0932202
0.0854472
0.0780449
0.0726697
0.067806
0.0619877
0.0574002
0.0535164
0.0491126
0.0440666
0.0405622
0.0374422
0.0345536
0.0318689
0.029369
0.0270381
0.0248622
0.0228283
0.0209246
0.0191401
0.0174652
0.0158907
0.0144098
0.0130152
0.0116995
0.0104585
0.0092897
0.00819143
0.00716406
0.00671396
0.00636961
0.00955795
0.00985691
0.00884581
0.00790629
0.00703638
0.00623188
0.0054903
0.00480859
0.00418273
0.00361145
0.00309254
0.00262382
0.00220102
0.00183391
0.00149673
0.00119924
0.000938571
0.000711625
0.000515136
0.000345794
0.0012322
-0.000288396
-0.000353082
-0.000384194
-0.000398715
-0.000400942
-0.000394515
-0.000382484
-0.00036763
-0.000351903
-0.000336413
-0.000324061
-0.0423971
-0.0782962
-0.108116
-0.136067
-0.16165
-0.179019
-0.147136
-0.120582
-0.104269
-0.0908809
-0.0750815
-0.0588179
-0.0426318
-0.026471
-0.00521922
-0.000484159
-0.000415089
-0.000351976
-0.000288356
-0.000225305
-0.000163883
-0.000105099
-4.98413e-05
1.11123e-06
4.71053e-05
8.76382e-05
0.000122367
0.000151115
0.000173892
0.00019087
0.000202392
0.000208941
0.000211159
0.000209779
0.000205629
0.000199604
0.00019262
0.000447197
0.000470693
0.00019623
0.000168049
0.000169511
0.000174651
0.000182927
0.000194565
0.000209497
0.000227472
0.000248101
0.000270854
0.000295102
0.00032102
0.000263584
-0.00198352
-0.000329693
0.000975938
0.00198825
0.00280512
0.00349273
0.0040907
0.00462188
0.00509653
0.00551923
0.000456655
0.00037239
0.000353386
0.000339695
0.000324054
0.000315357
0.000304615
0.000295131
0.0351235
0.0645184
0.089459
0.112807
0.081699
0.0718119
0.055063
0.0390937
0.0242888
0.00805771
0.00143627
-0.00373362
-0.00849086
-0.0114216
-0.0121734
-0.0108877
-0.00769523
-0.0027158
0.000406084
0.000410462
0.000404219
0.000396176
0.000386483
0.000375345
0.000363026
0.000349823
0.000336078
0.000322167
0.000308442
0.000295258
0.00028297
0.000271873
0.000262188
0.00025409
0.000246464
0.000242939
0.000240956
0.000240254
0.000241147
0.000243465
0.00024692
0.00025121
0.000255973
0.000260849
0.000265478
0.000269517
0.000272673
0.000274711
0.000275436
0.000274751
0.000941911
0.00557847
0.00752388
0.00503629
0.00323739
0.00210383
0.00129942
0.000699675
0.000231467
-0.000146743
-0.000433321
-0.000350086
-0.000424791
0.000301923
0.000289898
0.000279611
0.000271953
0.000265434
0.000260051
0.000255894
-0.0295006
-0.0610986
-0.0873256
-0.111854
-0.136141
-0.156062
-0.127786
-0.102674
-0.0844617
-0.0676402
-0.0515096
-0.0356914
-0.0199789
-0.00425918
-0.000224612
-0.000194786
-0.000141293
-9.22638e-05
-4.76897e-05
-7.62519e-06
2.79565e-05
5.91736e-05
8.62082e-05
0.00010931
0.000128787
0.000144995
0.00015834
0.000169246
0.000178171
0.000183408
0.00018979
0.000195567
0.000202416
0.000207786
0.000212906
0.000219177
0.000226242
0.000234286
0.00024341
0.000253641
0.000265944
0.000278195
0.000291178
0.000305243
0.000317014
0.000223748
0.000335027
0.000175366
-0.00115455
0.000233593
0.0025538
-0.00495215
-0.00137645
0.00123569
0.00295055
0.00409081
0.00488644
0.0054729
0.00592679
0.00629085
0.00658648
0.00682457
0.00701201
0.00672083
0.00680804
0.00690135
0.00695357
0.00648263
0.00681958
0.00683625
0.0427104
0.071818
0.0974446
0.121892
0.126605
0.113165
0.102605
0.0938247
0.0862442
0.0795342
0.0734964
0.0680049
0.062975
0.0583459
0.0563772
0.0125962
0.00430118
0.00401781
0.00375943
0.00351544
0.00328539
0.00306338
0.00285291
0.00265121
0.00245763
0.0022731
0.00209382
0.00192333
0.00176083
0.00160692
0.00146211
0.00132679
0.00120143
0.00108645
0.000982196
0.000888875
0.000806551
0.000735119
0.000674281
0.000623549
0.000582238
0.000549491
0.000524254
0.000505327
0.000491421
0.000481208
0.000473356
0.000466609
0.0004598
0.000451937
0.000440854
0.000434539
0.000417914
0.000398795
0.000376909
0.000352261
0.000325122
0.000295932
0.000265285
0.000233858
0.000202369
0.000171598
0.000142358
0.000508549
0.000504184
0.000200577
6.26703e-05
4.26038e-05
2.83251e-05
0.000188085
-0.0418674
-0.0780198
-0.10915
-0.135543
-0.161248
-0.17721
-0.145358
-0.125063
-0.102759
-0.0864276
-0.0749457
-0.0637777
-0.0526635
-0.0414771
-0.0365638
-0.0347019
-0.000126394
-0.00036787
-0.000464351
-0.000446142
-0.000429626
-0.000414969
-0.000402024
-0.000390549
-0.000380227
-0.000370691
-0.00036155
-0.000352403
-0.000342867
-0.000332582
-0.000321201
-0.000308538
-0.000294398
-0.000280583
-0.000263114
-0.000244418
-0.000223646
-0.000202601
-0.000179947
-0.000155775
-0.000133799
-0.000110773
-8.8643e-05
-6.74833e-05
-4.7801e-05
-2.99436e-05
-1.41905e-05
-7.4598e-07
1.02683e-05
1.88206e-05
2.65331e-05
2.47375e-05
2.81543e-05
2.93836e-05
2.90257e-05
2.76479e-05
2.5738e-05
2.37563e-05
2.20933e-05
2.10845e-05
2.10247e-05
2.21649e-05
2.46652e-05
2.86247e-05
3.40681e-05
4.09761e-05
4.92759e-05
5.8839e-05
6.95266e-05
8.1162e-05
0.0338153
0.0488954
0.0787577
0.117852
0.146508
0.166211
0.197686
0.229161
0.261038
0.289864
0.283159
0.260638
0.235619
0.208949
0.185721
0.187726
0.187314
0.184612
0.183999
0.181535
0.179965
0.178519
0.177481
0.13911
0.131284
0.128332
0.125952
0.122551
0.117388
0.110179
0.100848
0.0899614
0.0793219
0.0692915
0.0626662
0.0333432
0.00693131
0.00167728
0.00157771
0.0014817
0.00137763
0.00126705
0.00115208
0.0010351
0.000919876
0.000806731
0.000699358
0.000600091
0.000510938
0.000430166
0.00036481
0.000318809
0.00027841
0.000251419
0.000237007
0.000234979
0.000240381
0.00025533
0.000276338
0.000301534
0.000328861
0.000356205
0.000381697
0.000403676
0.000421859
0.000431015
0.000435391
0.000432291
0.00042192
0.000700183
-0.0272713
-0.055882
-0.0616983
-0.0674062
-0.0967013
-0.116448
-0.111655
-0.122169
-0.133205
-0.145681
-0.159077
-0.147789
-0.161281
-0.172396
-0.176759
-0.17838
-0.170415
-0.158214
-0.150116
-0.146055
-0.0960241
-0.0619014
-0.0406561
-0.0185597
0.00181401
0.00681704
0.00981024
0.0123746
0.012659
0.0144848
0.0174323
0.0190049
0.0203879
0.0216027
0.0226653
0.0235884
0.024381
0.0250456
0.0181462
0.0185838
0.0194542
0.020426
0.0207303
0.00285
0.00230013
0.00210718
0.0019591
0.00181243
0.00167077
0.00153731
0.00141643
0.00130401
0.00121323
0.00113782
0.00107772
0.00103212
0.000999645
0.000978478
0.000966538
0.000961902
0.000962535
0.000965935
0.00097025
0.000973841
0.000975682
0.000460871
0.000506203
0.000544714
0.000577735
0.000607107
0.0419323
0.0580159
0.0802253
0.110891
0.118327
0.0962251
0.0797066
0.0634562
0.0292614
0.0047159
0.000734643
0.000720143
0.00071207
0.000703671
0.000695366
0.000687535
0.00068049
0.000674465
0.000669611
0.000666
0.000663625
0.000662414
0.000662355
0.000663434
0.000665631
0.000668883
0.000673074
0.000678018
0.000683457
0.000689056
0.000694238
0.000698781
0.000702195
0.000703963
0.000703564
0.000700519
0.000694428
0.000685021
0.000672177
0.000656009
0.00064546
0.000623756
0.000600082
0.000575449
0.00055078
0.000526925
0.000504605
0.000484356
0.000466512
0.000451198
0.000433945
0.000443089
0.000431086
0.000424578
0.000422366
0.00042318
0.000494717
0.00026988
0.000217309
0.000980143
0.000485511
0.000493921
0.000509303
0.000509484
0.000682124
0.000644935
0.000503835
0.000592024
0.000486824
0.000448651
-0.00671391
-0.0219253
-0.0347832
-0.0482468
-0.0610767
-0.0743304
-0.0881082
-0.102453
-0.082432
-0.0644195
-0.0479931
-0.0318284
-0.016188
0.00105296
0.0021152
0.00203795
0.00180897
0.00152537
0.00118808
0.000798983
0.000360331
0.000227373
0.000238191
0.00024801
0.000256525
0.000263435
0.000268484
0.000271458
0.000272177
0.000270507
0.000266515
0.000260061
0.00025119
0.000240069
0.000226953
0.000212181
0.000196175
0.000179432
0.000162506
0.000145995
0.000130523
0.000116721
0.000105267
9.67335e-05
9.1552e-05
8.99934e-05
9.13198e-05
9.70984e-05
0.000106251
0.000118341
0.000133626
0.000145476
0.000160941
0.00017537
-2.88658e-05
0.000340398
0.000891261
0.000540705
0.00102075
-0.000288507
-3.9056e-05
0.000230318
0.000261903
0.000327006
0.0003591
0.00035783
0.000354178
0.000342672
0.000334879
0.0003312
0.0155991
0.0360857
0.0314107
0.0406281
0.0532049
0.0665595
0.0799385
0.0940203
0.0976792
0.0823064
0.0676695
0.0511512
0.0344174
0.0244074
0.0151866
0.00548132
-0.000825962
-0.000515622
-0.000138433
0.000195377
0.000196225
0.000198756
0.000202657
0.000207747
0.000213769
0.000220413
0.000227321
0.000234105
0.000240368
0.000245716
0.000249851
0.000252419
0.000253166
0.000251908
0.000248581
0.000243238
0.000236052
0.000227306
0.000217378
0.000206724
0.000195846
0.000185263
0.000175488
0.000166942
0.000159939
0.000154683
0.000151269
0.000149698
0.00014989
0.000151715
0.000154284
0.000162557
0.00016802
0.000174534
0.000181467
0.000438359
0.00024954
0.00091624
0.000206067
0.000821523
0.000491196
0.000625938
0.000616942
0.000284236
0.000170553
0.000182683
0.000183714
0.000182992
0.000179418
0.000175363
-0.0125399
-0.0326307
-0.0402978
-0.0537416
-0.0679262
-0.0820727
-0.096082
-0.110591
-0.0912168
-0.0700865
-0.0537729
-0.036465
-0.0207268
-0.00592953
0.000832728
0.000660559
0.000416343
0.00020609
0.000207433
0.000208852
0.000210439
0.000212025
0.000213512
0.000214816
0.000215852
0.000216534
0.000216779
0.000216502
0.00021563
0.000214104
0.000211949
0.00020908
0.000205512
0.000201296
0.000196514
0.000191288
0.000185222
0.000179367
0.000173867
0.00016871
0.000164136
0.000160379
0.000157667
0.000156161
0.00015595
0.000157042
0.000159369
0.000162793
0.000167114
0.000172083
0.000178277
0.000180679
0.000186866
-3.24043e-05
-3.37072e-05
-2.00048e-05
8.53858e-07
2.13643e-05
3.94517e-05
5.51792e-05
6.86222e-05
7.99163e-05
8.92274e-05
9.66579e-05
0.000102184
0.000108511
-0.000354917
-0.000640933
-0.000873177
0.000166132
0.0217049
0.038924
0.0498745
0.0626006
0.0752891
0.0888448
0.102587
0.116744
0.120263
0.0906152
0.0686787
0.0539749
0.0423949
0.0248167
0.00287867
0.000146564
0.000136781
0.000133036
0.000129527
0.000126065
0.000122499
0.00011871
0.000114652
0.000110318
0.000105729
0.000100926
9.59642e-05
9.09065e-05
8.58157e-05
8.07438e-05
7.57201e-05
7.08444e-05
6.61352e-05
6.16168e-05
5.73052e-05
5.32084e-05
4.93333e-05
4.56897e-05
4.22939e-05
3.91734e-05
3.63684e-05
3.39306e-05
3.19684e-05
3.05818e-05
2.98478e-05
2.98089e-05
3.04663e-05
3.17758e-05
3.36453e-05
3.59381e-05
3.47413e-05
5.43459e-05
5.27512e-05
5.25088e-05
0.000344138
0.000319787
0.000297022
0.0002759
0.000256254
0.000238017
0.000221063
0.00058851
0.000179305
0.000754764
0.00077314
7.82536e-05
4.90887e-05
4.72059e-05
4.91434e-05
5.01566e-05
-0.0125992
-0.0324365
-0.0446525
-0.0581558
-0.0724045
-0.0866411
-0.100684
-0.115224
-0.0951359
-0.0738594
-0.0575823
-0.0402399
-0.0245669
-0.009795
0.00070576
0.000553248
0.000321298
0.000115286
0.000113734
0.000111575
0.000109183
0.000106594
0.000103933
0.000101341
9.89564e-05
9.68969e-05
9.48149e-05
9.31205e-05
9.24469e-05
9.22301e-05
9.23871e-05
9.2867e-05
9.35507e-05
9.43088e-05
9.50155e-05
9.55544e-05
9.58304e-05
9.57749e-05
9.53532e-05
9.45669e-05
9.34562e-05
9.20991e-05
9.06547e-05
8.92865e-05
8.81499e-05
8.73811e-05
8.70904e-05
8.73551e-05
