0
0.000213736
0.000296159
0.000345796
0.000435781
0.000276339
9.9482e-06
-0.000175666
-0.000402948
-0.000283511
-0.000217477
2.84964e-05
0.00040678
0.000629042
0.000740207
0.000791426
0.000809226
0.000808628
0.000798186
0.000782814
0.000765338
0.000747431
0.00073052
0.000713728
0.000699949
0.000685636
0.000633824
0.000586865
0.000543939
0.000504099
0.000466408
0.000429974
0.000393982
0.000345686
0.000361181
0.00033645
0.000312473
0.000287077
0.00025922
0.000228535
0.000195062
0.000159088
0.000121056
8.14961e-05
4.09845e-05
1.09398e-07
-4.05577e-05
-8.04848e-05
-0.000119199
-0.000156302
-0.000191484
-0.000224527
-0.00025531
-0.000283811
-0.000310071
-0.000334308
-0.000356809
-0.000377647
-0.000397229
-0.000416035
-0.000434475
-0.000452936
-0.00047179
-0.000491375
-0.000511985
-0.000533858
-0.000556364
-0.000581927
-0.00060869
-0.000636756
-0.00066611
-0.0004988
-0.000196069
0.000223911
0.000767501
0.00132269
0.00183329
0.00230786
0.00273874
0.00314967
0.00354404
0.00392401
0.0042912
0.00464691
0.0049922
0.00532798
0.00565506
0.00597412
0.006287
0.00659447
0.00689637
0.00719314
0.0074852
0.00777291
0.00805663
0.00833069
0.00860202
0.00887063
0.0091365
0.00939991
0.0096611
0.0099203
0.0101778
0.0104337
0.0106884
0.0109419
0.0111945
0.0114464
0.0116976
0.0119484
0.0121988
0.0124492
0.0126993
0.0129489
0.0131981
0.0134471
0.0136958
0.0139445
0.0141932
0.014442
0.0146908
0.0149375
0.0152006
0.0151769
0.0151719
0.015187
0.0152157
0.0152525
0.0153747
0.0156315
0.0159078
0.0161842
0.0164634
0.0167475
0.0170376
0.0173347
0.0176328
0.0179368
0.0182495
0.0185716
0.0189036
0.0191135
0.0190357
0.018654
0.0180277
0.0171514
0.0160235
0.0146372
0.0130641
0.011612
0.0102958
0.00912419
0.00824148
0.00760149
0.00738758
0.00722073
0.00708574
0.00707505
0.00706568
0.00705688
0.00705171
0.00706282
0.00708849
0.00712729
0.00717796
0.00723936
0.00731043
0.00739023
0.00747783
0.0075724
0.00767313
0.00777928
0.00789011
0.0080049
0.00812305
0.0082441
0.0083676
0.00849312
0.00862026
0.00874866
0.00887794
0.00900776
0.00913778
0.0092677
0.00939718
0.00952593
0.00965362
0.00977989
0.00990424
0.0100289
0.0100114
0.0100031
0.00989147
0.00973687
0.00962016
0.00953097
0.00945486
0.00938865
0.00932994
0.00927733
0.00922998
0.00920978
0.00919412
0.00918266
0.00917508
0.00917109
0.00917039
0.00917267
0.00917762
0.0091849
0.00919416
0.00950837
0.0100692
0.0108481
0.0118332
0.0128628
0.013795
0.014651
0.0154446
0.0161848
0.0168784
0.0175304
0.0181451
0.0187257
0.0192751
0.0197906
0.0202951
0.0207785
0.0212427
0.0216891
0.0221184
0.0222076
0.0222518
0.0222716
0.0222834
0.0222875
0.0222842
0.0222744
0.022259
0.0222479
0.0222314
0.0222107
0.0221865
0.0221596
0.0221305
0.0220982
0.0220934
0.0220837
0.0220672
0.0220449
0.0220218
0.0219984
0.0219749
0.0219515
0.0219286
0.0219225
0.0220039
0.0221283
0.0222248
0.0223001
0.0223602
0.0223766
0.0223862
0.022383
0.0223709
0.0223523
0.0223288
0.0223011
0.02227
0.0222356
0.0221984
0.0221584
0.022116
0.0220713
0.0220245
0.0219778
0.0218393
0.0217008
0.0215619
0.0214257
0.0213117
0.0208893
0.0202171
0.0193103
0.0182239
0.0168799
0.0156421
0.0145546
0.0135973
0.0127568
0.012017
0.0113882
0.0108505
0.0104004
0.0100383
0.00976678
0.00958883
0.00950753
0.00950661
0.00949832
0.0094782
0.00944563
0.00940031
0.00934213
0.00927116
0.00918759
0.00909722
0.00902216
0.00896224
0.00891672
0.00888489
0.00886616
0.00886004
0.00886617
0.00888429
0.00891425
0.00895602
0.00900974
0.00907273
0.00903298
0.00900138
0.00896603
0.00892744
0.00888687
0.00884672
0.00880583
0.00876442
0.00878849
0.00882372
0.00885996
0.00889725
0.008945
0.00896875
0.00897768
0.00892624
0.00890913
0.00889537
0.00888394
0.00887451
0.00886698
0.0088614
0.00885785
0.0088565
0.00885754
0.00886122
0.00886781
0.00887761
0.00889095
0.00890817
0.00892967
0.00895584
0.00931048
0.00993391
0.0108185
0.0119648
0.0131908
0.0142936
0.0153002
0.0162236
0.0170683
0.0178384
0.0185543
0.0192215
0.0198307
0.0203946
0.0209205
0.0214036
0.0218379
0.0222389
0.0226109
0.0229562
0.0232773
0.023576
0.0238542
0.0241137
0.0243559
0.0245822
0.0247938
0.0249918
0.0251772
0.0253508
0.0255135
0.0256658
0.0258084
0.0259418
0.0260664
0.0261827
0.0262928
0.026402
0.0265434
0.0266863
0.0268178
0.0269384
0.027049
0.0271501
0.0272425
0.0273268
0.0274036
0.0274734
0.0275368
0.0275943
0.0276464
0.027694
0.0277374
0.0277768
0.0278126
0.0278453
0.027875
0.027902
0.0279369
0.0279527
0.0279657
0.0279765
0.0279855
0.0279929
0.0279991
0.0280041
0.0280083
0.0280116
0.0280142
0.0280162
0.0275965
0.0268169
0.0257385
0.0243799
0.022765
0.0209761
0.0195064
0.0183022
0.0172609
0.0163532
0.0156033
0.0150157
0.0145896
0.0143248
0.0142721
0.0142665
0.0142614
0.0142567
0.0142525
0.0142486
0.0142452
0.0142423
0.0142397
0.0142375
0.0142356
0.014234
0.0142326
0.0142313
0.0142302
0.0142291
0.014228
0.0142268
0.0142255
0.0142241
0.0142226
0.0142208
0.0142188
0.0142194
0.0142201
0.0142179
0.0142154
0.014213
0.0142106
0.0142084
0.0142063
0.0142044
0.0142027
0.0142012
0.0141999
0.0141989
0.0141981
0.0141971
0.0141733
0.014166
0.0141717
0.0141875
0.0142117
0.0142429
0.0142804
0.0143235
0.0143718
0.0144247
0.0144274
0.0144297
0.0144322
0.0144351
0.0144382
0.0144413
0.0144446
0.0144479
0.0147999
0.0154462
0.0163421
0.0174718
0.0182903
0.0190101
0.0195626
0.0199557
0.0202009
0.0202839
0.0203009
0.0202663
0.0201842
0.0200729
0.0199542
0.0198484
0.0197746
0.0197507
0.0197581
0.0197656
0.0197731
0.0197805
0.0197879
0.0197952
0.0198024
0.0198095
0.0198165
0.0198233
0.01983
0.0198365
0.0198429
0.0198492
0.0198552
0.0198612
0.019867
0.0198726
0.0198782
0.0198838
0.0198894
0.019895
0.0199007
0.0199063
0.0199121
0.0199179
0.0199237
0.0199297
0.0199356
0.0199416
0.0199477
0.0199538
0.0199663
0.0200257
0.0201049
0.0201593
0.0201957
0.0202207
0.0202376
0.0202482
0.0202537
0.020255
0.020253
0.0202513
0.0202483
0.020252
0.020255
0.0202575
0.0202596
0.0202613
0.0202626
0.0202637
0.0199666
0.0193532
0.018477
0.0173552
0.0159901
0.0144255
0.0131444
0.0121139
0.0112649
0.0105836
0.010063
0.00969997
0.0094936
0.00944405
0.00943467
0.00942551
0.00941684
0.00940862
0.00940083
0.00939345
0.00938644
0.00937979
0.00937345
0.00936742
0.00936168
0.00935621
0.00935101
0.00934607
0.00934141
0.00933699
0.00933287
0.00932904
0.00932563
0.00932241
0.00931929
0.00931629
0.00931339
0.00931059
0.00930791
0.00930533
0.00930288
0.00930054
0.00929832
0.00929621
0.00929419
0.0092912
0.00928928
0.00928562
0.00926846
0.00926408
0.00928192
0.00922402
0.00920145
0.0092045
0.0092242
0.00925491
0.00929331
0.00933743
0.00938608
0.00943847
0.00949402
0.00955225
0.00961272
0.00967071
0.00973007
0.0097909
0.00985283
0.00991063
0.00997241
0.010035
0.010457
0.0111709
0.0121416
0.0133575
0.014621
0.0157504
0.0167747
0.0177116
0.0185732
0.0193681
0.0201031
0.0207836
0.0214142
0.0219989
0.0225638
0.0226918
0.022737
0.0227794
0.0228193
0.0228568
0.022892
0.0229251
0.0229561
0.0229851
0.0230123
0.0230376
0.0230612
0.0230831
0.0231034
0.0231222
0.0231395
0.0231554
0.0231701
0.0231837
0.0231963
0.0232079
0.0232187
0.0232289
0.0232384
0.0232475
0.0232562
0.0232647
0.0232729
0.023281
0.023289
0.023297
0.0233049
0.0233129
0.0233208
0.0233287
0.0233366
0.0233446
0.0233525
0.0233604
0.0233682
0.0233759
0.0233835
0.023391
0.0233983
0.0234055
0.0234126
0.0234197
0.0234266
0.0234375
0.0234485
0.0234568
0.0234642
0.0234714
0.0234787
0.0234873
0.0230755
0.0223021
0.0212172
0.019868
0.0182615
0.016495
0.0150478
0.0138039
0.0127838
0.0119274
0.0111862
0.0105567
0.0100381
0.00963091
0.00927219
0.00893182
0.0089363
0.00893792
0.00893812
0.00893807
0.00893778
0.00893728
0.00893656
0.00893563
0.00893451
0.00893319
0.0089317
0.00893005
0.00892826
0.00892633
0.0089243
0.00892219
0.00892001
0.00891778
0.00891552
0.00891327
0.00891104
0.00890886
0.00890676
0.00890475
0.00890283
0.00890101
0.00889928
0.00889764
0.00889606
0.00889454
0.00889305
0.00889157
0.00889007
0.00888852
0.00888692
0.00888511
0.00888315
0.00888101
0.00887869
0.00887616
0.00887341
0.00887043
0.00886722
0.00886377
0.00886008
0.00885616
0.008852
0.00884762
0.00884302
0.0088382
0.00883316
0.00882791
0.00882244
0.00881676
0.00914955
0.00963748
0.0104315
0.011624
0.0131095
0.0147969
0.0168041
0.01913
0.0217779
0.0247167
0.0275885
0.0302328
0.0326257
0.0347491
0.0366375
0.0385429
0.0404413
0.0423092
0.0441686
0.0460004
0.0478136
0.0496097
0.0513931
0.0527904
0.0541064
0.05539
0.0566475
0.057869
0.0590375
0.0601328
0.0611341
0.0620266
0.0628126
0.0634988
0.0641192
0.064447
0.0645113
0.0645236
0.0645353
0.0645466
0.0645572
0.064567
0.0645762
0.0645845
0.0645919
0.0645986
0.0646045
0.0646097
0.0646142
0.0646182
0.0646218
0.0646253
0.0646287
0.0646321
0.0646356
0.0646394
0.0646435
0.064648
0.064653
0.0646585
0.0646645
0.0646711
0.0646783
0.0646859
0.064694
0.0647025
0.0647114
0.0647205
0.0647298
0.0647422
0.0644743
0.0639175
0.0632976
0.0626139
0.0616276
0.0604304
0.0592689
0.0579921
0.0565957
0.055065
0.0533906
0.0518194
0.0500961
0.0482513
0.0463572
0.0444482
0.0426252
0.0409318
0.0393265
0.0377677
0.0367228
0.0360259
0.0355508
0.0353048
0.0352694
0.0352913
0.0353488
0.0354371
0.035533
0.0356514
0.0358032
0.0359742
0.0361623
0.0363653
0.0365815
0.0368093
0.0370469
0.037293
0.0374717
0.0376559
0.0378496
0.0380538
0.038261
0.0382898
0.0383132
0.0383347
0.0383548
0.0383735
0.0383909
0.0384069
0.0384216
0.0384353
0.038448
0.0384599
0.0384712
0.0384819
0.0384922
0.0385021
0.0385118
0.0385213
0.0385307
0.0385399
0.0385489
0.0385578
0.0385665
0.03857
0.0385739
0.0385782
0.0385829
0.0385878
0.0390062
0.0395857
0.0403879
0.041497
0.0426804
0.0436428
0.04444
0.0450745
0.0453672
0.0454143
0.0454217
0.0454289
0.045436
0.045443
0.04545
0.0454569
0.0454637
0.0454704
0.0454771
0.0454838
0.0454904
0.045497
0.0455037
0.0455103
0.045517
0.0455237
0.0455304
0.0455373
0.0455442
0.0455511
0.0455582
0.0455653
0.0455725
0.0455797
0.0455869
0.0455942
0.0456014
0.0456085
0.0456156
0.0456226
0.0456295
0.0456362
0.0456428
0.0456492
0.0456554
0.0456615
0.0456674
0.0456732
0.0456788
0.0456845
0.04569
0.0456958
0.0457016
0.0457076
0.0457136
0.0457199
0.0457269
0.045731
0.0457341
0.0457446
0.0457498
0.0457547
0.0457598
0.0457648
0.0457716
0.045778
0.045783
0.0457889
0.0457937
0.0457982
0.0457312
0.0455119
0.0451639
0.0446813
0.0440704
0.0433269
0.0424455
0.0414207
0.0405961
0.0399519
0.0394719
0.0391535
0.0389915
0.0390019
0.0390228
0.0390429
0.0390607
0.0390757
0.0390872
0.0390949
0.0390982
0.0391002
0.0391023
0.0391046
0.0391069
0.0391093
0.0391118
0.0391144
0.0391169
0.0391195
0.039122
0.0391244
0.0391267
0.0391289
0.039131
0.0391329
0.0391346
0.0391362
0.0391375
0.0391387
0.0391397
0.0391405
0.0391411
0.0391416
0.0391421
0.0391425
0.0391429
0.0391433
0.0391437
0.0391443
0.039145
0.0391456
0.0391464
0.0391471
0.0391466
0.0391501
0.0391595
0.0391657
0.0391771
0.0391751
0.0391756
0.039179
0.0391821
0.0391857
0.0391895
0.0391932
0.0391967
0.0392001
0.0392033
0.0392064
0.039362
0.0397225
0.0400365
0.0404428
0.0409748
0.0416404
0.0424398
0.04338
0.0443568
0.0451799
0.0458566
0.0463681
0.0467123
0.0469563
0.0471082
0.047163
0.0471547
0.0471496
0.0471482
0.0471501
0.0471521
0.0471541
0.0471561
0.0471582
0.0471604
0.0471626
0.0471649
0.0471672
0.0471697
0.0471721
0.0471746
0.0471772
0.0471797
0.0471822
0.0471847
0.0471871
0.0471895
0.0471918
0.0471939
0.047196
0.0471979
0.0471998
0.0472015
0.0472032
0.0472048
0.0472063
0.0472078
0.0472093
0.0472108
0.0472123
0.0472138
0.0472155
0.0472173
0.0472191
0.0472211
0.0472255
0.0472278
0.0472367
0.0472387
0.0472469
0.0472518
0.0472581
0.0472644
0.0472673
0.047269
0.0472708
0.0472726
0.0472745
0.0472762
0.047278
0.0471527
0.0468264
0.0464234
0.045886
0.0452068
0.0443862
0.0434256
0.0423199
0.041408
0.0407072
0.0401694
0.0398048
0.0395975
0.0395382
0.0395465
0.039553
0.0395571
0.0395591
0.0395611
0.0395631
0.0395651
0.0395671
0.0395692
0.0395712
0.0395733
0.0395753
0.0395774
0.0395794
0.0395814
0.0395834
0.0395854
0.0395873
0.0395892
0.039591
0.0395928
0.0395945
0.0395961
0.0395976
0.0395991
0.0396005
0.0396018
0.039603
0.0396041
0.0396053
0.0396063
0.0396074
0.0396084
0.0396094
0.0396105
0.0396115
0.0396126
0.0396136
0.0396146
0.039614
0.0396137
0.0396137
0.0396142
0.0396152
0.0396165
0.0396183
0.0396203
0.0396227
0.0396253
0.0396281
0.0396311
0.0396343
0.0396322
0.0396268
0.0396187
0.0396205
0.0398375
0.0402268
0.0407254
0.0413514
0.0421041
0.0429923
0.0440179
0.0451849
0.046387
0.0472931
0.0479799
0.0485197
0.0489436
0.0491918
0.0492205
0.049222
0.0492234
0.0492247
0.049226
0.0492273
0.0492285
0.0492297
0.0492308
0.0492319
0.049233
0.049234
0.0492349
0.0492358
0.0492367
0.0492375
0.0492382
0.0492389
0.0492396
0.0492402
0.0492408
0.0492413
0.0492418
0.0492423
0.0492427
0.0492431
0.0492434
0.0492438
0.0492441
0.0492444
0.0492447
0.049245
0.0492453
0.0492456
0.049246
0.0492463
0.0492467
0.0492472
0.0492478
0.0492483
0.0492517
0.0492548
0.0492575
0.0492598
0.0492617
0.0492631
0.0492639
0.0492686
0.0492696
0.0492767
0.049284
0.0492849
0.0492854
0.0492859
0.0492865
0.049287
0.0491611
0.0488368
0.0483902
0.0478087
0.0470847
0.0462183
0.0452116
0.0440596
0.0431084
0.0423698
0.041794
0.0413916
0.0411459
0.0410479
0.0410549
0.0410604
0.0410635
0.0410646
0.0410656
0.0410666
0.0410676
0.0410686
0.0410695
0.0410704
0.0410712
0.041072
0.0410728
0.0410736
0.0410744
0.0410751
0.0410758
0.0410766
0.0410773
0.041078
0.0410787
0.0410794
0.04108
0.0410806
0.0410812
0.0410818
0.0410823
0.0410827
0.0410831
0.0410835
0.0410837
0.041084
0.0410842
0.0410843
