0
0.662032
0.510487
0.0910076
0.0458538
-0.0545699
-0.162871
-0.294507
-0.376566
-0.330051
-0.352725
-0.326906
-0.321514
-0.310746
-0.301967
-0.292321
-0.283755
-0.276179
-0.26953
-0.263755
-0.258804
-0.254517
-0.25115
-0.248091
-0.246217
-0.244565
-0.243479
-0.243358
-0.243812
-0.244826
-0.246391
-0.248515
-0.251249
-0.256243
-0.238847
-0.224508
-0.211203
-0.198237
-0.18562
-0.173343
-0.161388
-0.149741
-0.138378
-0.127274
-0.116405
-0.105748
-0.0952843
-0.084993
-0.0748565
-0.064858
-0.0549821
-0.0452138
-0.0355385
-0.0259427
-0.0164128
-0.00771702
0.000911389
0.00927695
0.0176359
0.0259874
0.0343554
0.0427511
0.051185
0.0596695
0.0682174
0.0768414
0.0855416
0.0943813
0.103307
0.112367
0.121572
0.158491
0.144737
0.14407
0.156805
0.164231
0.158369
0.157846
0.162861
0.161927
0.157791
0.152282
0.146167
0.139817
0.133429
0.127103
0.120896
0.114833
0.104292
0.0945289
0.0849715
0.0755636
0.0662955
0.0571523
0.0481196
0.0391169
0.0302672
0.0215734
0.0130294
0.00452639
-0.00393544
-0.012367
-0.0207919
-0.0292188
-0.0376567
-0.0461146
-0.0546015
-0.0631262
-0.0716975
-0.0803243
-0.0890151
-0.097779
-0.102474
-0.107227
-0.112034
-0.116886
-0.121779
-0.126708
-0.131669
-0.136661
-0.141684
-0.146673
-0.153036
-0.191083
-0.171996
-0.155772
-0.142869
-0.132281
-0.102675
-0.102692
-0.0870285
-0.0748519
-0.0608457
-0.045646
-0.0296387
-0.0130742
0.00319782
0.0191845
0.0349867
0.0508946
0.0669857
0.152567
0.156653
0.142792
0.135927
0.12946
0.123796
0.117631
0.0510413
0.00972969
-0.0266841
-0.0653047
-0.0788321
-0.0647085
-0.0379295
0.00522182
0.0285381
0.0330975
0.0309187
0.025246
0.0211935
0.0195861
0.0181448
0.0168086
0.0155677
0.0144151
0.0133448
0.0123516
0.011431
0.0105787
0.00979108
0.00906416
0.00839354
0.00777627
0.00711088
0.00631106
0.00536751
0.00427001
0.00300697
0.00156561
-6.95109e-05
-0.00191669
-0.00399281
-0.00631507
-0.00891558
-0.0118488
-0.0152139
-0.0192201
-0.0245265
-0.026031
-0.0877924
-0.146191
-0.078431
-0.054151
-0.0735643
-0.0814855
-0.0836836
-0.0836019
-0.0818125
-0.0790245
-0.075622
-0.0717754
-0.0676698
-0.0632913
-0.0586747
-0.0538364
-0.0487822
-0.0435127
-0.0380253
-0.0323155
-0.0263783
-0.0198059
-0.0241075
-0.0232816
-0.0126107
-0.00610007
-0.0228154
-0.034672
-0.0422371
-0.0461799
-0.0471771
-0.0458
-0.0424827
-0.0375248
-0.0310506
-0.0213567
-0.0294865
-0.021721
-0.00912674
0.00531976
0.0200829
0.0530909
0.110263
0.13812
0.144786
0.141863
0.134244
0.121718
0.108608
0.0951524
0.0816731
0.0686525
0.0559311
0.0433336
0.0308593
0.0275342
0.00838582
0.0170536
0.0312895
0.0402529
0.036909
0.0337586
0.0308282
0.0281008
0.0255611
-0.0306519
-0.0101111
0.000951324
-0.0284166
-0.0525972
-0.0762482
-0.0907117
-0.0914183
-0.0962407
-0.0978768
-0.0977457
-0.0965878
-0.0948059
-0.0926225
-0.0901651
-0.0875076
-0.0846791
-0.08169
-0.0785516
-0.0752697
-0.0754001
-0.122849
-0.119043
-0.112505
-0.105166
-0.0974515
-0.0818063
-0.0617833
-0.0446992
-0.0300468
-0.0157982
-0.0265953
-0.0444248
-0.0543284
-0.058155
-0.0578494
-0.0549078
-0.0492727
-0.0418978
-0.033196
-0.0233692
-0.0125593
-0.000884594
0.0114939
0.0243236
0.0379704
0.0523668
0.0674331
0.0830999
0.0993113
0.116022
0.129525
0.138053
0.144714
0.150629
0.156355
0.162178
0.168239
0.174629
0.18141
0.188632
0.196367
0.204778
0.202104
0.191438
0.189465
0.168063
0.152081
0.138817
0.126939
0.115995
0.105672
0.0952426
0.0855582
0.0802721
0.075277
0.0706249
0.065175
0.0604265
0.0223774
0.00442482
-0.00571834
-0.0162402
-0.0268424
-0.037454
-0.0480535
-0.0586218
-0.0691451
-0.0796238
-0.0900599
-0.100457
-0.110821
-0.121157
-0.131475
-0.141786
-0.15211
-0.129745
-0.117236
-0.130197
-0.142033
-0.167055
-0.186419
-0.199964
-0.20816
-0.212075
-0.212631
-0.211842
-0.209424
-0.205334
-0.199488
-0.192547
-0.184618
-0.175506
-0.164651
-0.152203
-0.138803
-0.124851
-0.110542
-0.095981
-0.0812321
-0.0663379
-0.0513301
-0.0362339
-0.0210705
-0.00585807
0.00939553
0.0246737
0.0399495
0.0552097
0.0704379
0.0856132
0.100705
0.127461
0.14664
0.189602
0.199172
0.191807
0.180542
0.16763
0.154141
0.142162
0.13275
0.124018
0.115901
0.108355
0.101337
0.0948214
0.0888693
0.0833221
0.0781554
0.0733462
0.0688667
0.0646791
0.0607142
0.0602117
0.0343506
0.0316857
0.0292955
0.027094
0.0250671
0.023202
0.0214866
0.0199094
0.0184585
0.0171234
0.0158839
0.0262775
0.0231645
0.019132
0.0164098
0.0168888
0.0073615
-0.0151657
-0.0301196
-0.0297007
-0.0263375
-0.020999
-0.0125425
-0.00221318
0.00990192
0.0170182
0.0159285
0.0148945
0.0139458
0.0130761
0.0122795
0.0115504
0.0108838
0.0102753
0.00972056
0.00921585
0.0087575
0.00834235
0.00796727
0.00762963
0.0073271
0.00705728
0.00681767
0.00660656
0.00642242
0.00626394
0.00612941
0.00601783
0.00406006
-0.0110596
0.00274754
0.00532859
0.00603919
0.00582719
0.00563111
0.00545352
0.00529312
0.00514875
0.00501935
0.00490397
0.00480183
0.00471592
-0.0358333
-0.0171733
-0.0211113
-0.0219145
-0.0211026
-0.0193479
-0.0169892
-0.0142109
-0.0111156
-0.00774583
-0.00411728
-0.000740515
0.00107173
0.000956185
0.000777119
0.000602194
0.000648057
0.000865153
0.00140533
0.00743581
0.00248359
0.000530674
0.00257989
-0.0121869
-0.0130539
-0.0114984
-0.00567724
0.00268271
0.00822792
0.00836424
0.00819771
0.00804442
0.00790595
0.00777932
0.0076614
0.00754915
0.00743941
0.00733011
0.00722431
0.00712438
0.00702864
0.0069361
0.00684635
0.0067587
0.00667282
0.00658781
0.00650325
0.00641824
0.00633242
0.0062441
0.00615033
0.00604561
0.0059134
0.00564423
-0.00318187
-0.00387463
-0.00390751
-0.00393913
-0.0039726
-0.00400792
-0.00404498
-0.00408365
-0.00412389
-0.0041657
-0.00420906
-0.00425404
-0.00430067
-0.0043491
-0.00439957
-0.0651715
-0.0391876
-0.0262321
-0.032931
-0.0345974
-0.0336923
-0.0313333
-0.0280999
-0.0243079
-0.0201321
-0.0156568
-0.010992
-0.00624335
-0.00174956
-0.000254484
0.00174131
0.00300015
0.00365204
0.00427788
0.00488128
0.0124934
0.00769334
0.00576502
0.00684176
0.00780244
0.00863755
-0.0133653
-0.0284871
-0.0291516
-0.0262091
-0.0202928
-0.0119669
-0.00167158
0.0102595
0.023752
0.0239759
0.0234471
0.0229739
0.0225559
0.0221894
0.0218706
0.0215963
0.0213633
0.0211693
0.021011
0.0208858
0.0207908
0.0207228
0.0206765
0.0206405
0.0206038
0.0204656
0.0111298
0.00534276
0.00511418
0.00492716
0.00475707
0.00460285
0.0044636
0.00433843
0.00424571
0.00414635
0.00405846
0.00398498
0.0038971
0.00324717
0.00351237
-0.00458679
-0.0668724
-0.063927
-0.064239
-0.015172
-0.0367688
-0.0462786
-0.0499063
-0.0503793
-0.0490682
-0.0467011
-0.0436774
-0.0402177
-0.0364292
-0.0323628
-0.0280498
-0.0235297
-0.0188187
-0.0145349
-0.0100202
-0.00529862
-0.000382049
0.00347204
0.00842036
0.00341775
0.00320304
0.0123513
0.0178372
0.00395606
-0.00389028
-0.00688831
-0.00608271
-0.00236415
0.0035671
0.0111784
0.0200516
0.0298
0.0376427
0.0544638
0.0640282
0.0522461
0.0422989
0.0323277
0.0296383
0.0273543
0.0252106
0.0232114
0.0213462
0.0196053
0.0179794
0.0164589
0.0150609
0.0137532
0.0125297
0.0113845
0.0103117
0.00930541
0.00836035
0.00747167
0.00663492
0.00584596
0.00510103
0.00439665
0.00372968
0.00309728
0.00249699
0.00192642
0.0013833
0.000865531
0.000371161
-0.000101699
-0.000554859
-0.000990204
-0.00141443
-0.00189534
-0.00235032
-0.00279339
-0.00323106
-0.00366713
-0.00410444
-0.00454489
-0.00498977
-0.00544002
-0.00589697
-0.00636202
-0.00683449
-0.00914206
-0.00921471
-0.0190849
-0.0065482
-0.00678059
-0.0072923
-0.0246945
-0.0160357
-0.0187197
-0.00666508
-0.00445509
-0.00391745
-0.00338593
-0.0253255
-0.0402609
-0.0407173
-0.0353937
-0.027496
-0.0174896
-0.0057243
0.00750566
0.0197449
0.0126283
0.00386512
0.0101816
0.00943627
0.00871989
0.00806003
0.00745213
0.00689229
0.00637701
0.00590317
0.00546789
0.00506856
0.00470277
0.00436824
0.00406314
0.00378544
0.00353313
0.00330469
0.00309864
0.00291196
0.00273981
0.00258612
0.00288685
0.00276819
0.00266005
0.0024915
0.00203751
0.00196265
0.00189979
0.00184632
0.00180139
0.00176422
0.00173413
0.00171056
0.00169299
0.00168351
0.00169968
0.00172058
0.00174514
0.00177506
0.00181129
0.00185424
0.00190424
0.00196121
0.00202507
0.00209588
0.00217387
0.00225871
0.00235049
0.0024491
0.00255415
0.00266574
0.00278342
0.00290704
0.00303616
0.0867643
0.162292
0.244813
0.230934
0.208454
0.19635
0.186705
0.177652
0.16909
0.166999
-0.0412216
-0.048806
-0.0623759
-0.0727792
-0.0805007
-0.0787825
-0.0813553
-0.0870829
-0.0938952
-0.0987385
-0.105839
-0.113402
-0.115596
-0.145634
-0.145001
-0.134655
-0.120199
-0.103893
-0.0866457
-0.0688215
-0.0505801
-0.0309242
-0.0101645
0.0117338
0.0264069
0.0247763
0.0231063
0.0215511
0.020081
0.0186836
0.0173536
0.0160859
0.0148762
0.0137207
0.0126156
0.0115579
0.0105435
0.00956737
0.00863074
0.00773079
0.00685195
0.00583742
0.00506885
0.00432559
0.00359524
0.00287075
0.00214753
0.00144283
0.000760296
7.3267e-05
-0.000620722
-0.00132388
-0.00203779
-0.00276399
-0.00350668
-0.00515601
-0.00587499
-0.00660328
-0.00734551
-0.00748565
0.0826273
0.172903
0.248885
0.325523
0.414569
0.500517
0.483067
0.488034
0.494339
0.500655
0.507075
0.49588
0.487316
0.400587
0.0380851
-0.257824
-0.373406
-0.337899
-0.283952
-0.295444
-0.29904
-0.280567
-0.257964
-0.233725
-0.207845
-0.18443
-0.171223
-0.163128
-0.157622
-0.153987
-0.151432
-0.146327
-0.142066
-0.138532
-0.135653
-0.133397
-0.131772
-0.130923
-0.116821
-0.101483
-0.0848991
-0.0678207
-0.0658576
-0.0661619
-0.0480962
-0.0425346
-0.0392379
-0.0361673
-0.0332952
-0.0306057
-0.0280694
-0.0255522
-0.0231912
-0.0209594
-0.0188367
-0.0168089
-0.014865
-0.0129967
-0.0111977
-0.00946311
-0.00778753
-0.00616667
-0.00459813
-0.00308378
-0.00164059
-0.00459382
-0.0035012
-0.00352467
-0.00335435
-0.00318595
0.00369816
0.0727941
0.0650418
0.0501797
-0.0161276
-0.0200078
-0.0167375
-0.0127971
-0.0123365
-0.0118793
-0.0113075
-0.0105706
-0.00988214
-0.0092386
-0.00863513
-0.00806798
-0.00753395
-0.00703037
-0.00655507
-0.00610632
-0.0056828
-0.00528358
-0.00490972
-0.00456628
-0.00425376
-0.00397223
-0.00372177
-0.00350239
-0.003314
-0.00315747
-0.00303227
-0.00293623
-0.00286912
-0.00283065
-0.00281992
-0.00283565
-0.00287628
-0.0029399
-0.00302441
-0.00302265
-0.00314097
-0.00327926
-0.00343103
-0.00359394
-0.00376613
-0.00394594
-0.00413211
-0.00432371
-0.00452082
-0.00472401
-0.00494627
-0.0053413
-0.0057086
-0.00609807
-0.0065268
-0.00701657
-0.00710603
-0.019231
-0.0160061
-0.00584481
-0.000930985
2.67314e-05
-0.00108236
-0.00126009
-0.00107755
-0.00102743
-0.000931853
-0.000809647
-0.000760653
-0.00072403
0.0180296
0.0200376
0.00908161
-0.000632386
-0.00252935
-0.00399343
-0.00523095
-0.00634956
-0.00995303
-0.0295134
-0.0480797
-0.0667682
-0.085512
-0.0982144
-0.0777665
-0.0620444
-0.0465697
-0.0301086
-0.012706
0.00554373
0.0245581
0.0291177
0.0271367
0.0252725
0.0235438
0.0219378
0.020444
0.0190536
0.0177588
0.0165535
0.015432
0.0143879
0.0134172
0.0125164
0.0116822
0.0109118
0.0102026
0.00955209
0.00895811
0.00841833
0.00793046
0.00749206
0.00710052
0.00675312
0.00644708
0.00617957
0.00590997
0.00564152
0.00539809
0.00517723
0.00498597
0.00488071
0.00479156
0.00472096
0.00271677
0.00434016
0.00737649
0.0107851
0.014592
0.0296841
0.0384264
0.0425915
0.0390462
0.0295202
0.019841
0.0101989
0.000834131
-0.00545207
-0.0119477
-0.0186494
0.000718202
0.0627202
0.0426246
0.0285583
0.0172455
0.00667821
0.00477229
0.00334704
-0.0210734
-0.0406464
-0.0591623
-0.0773917
-0.095448
-0.0852323
-0.0680067
-0.051542
-0.0342468
-0.0159581
0.00324939
0.0186525
0.0173857
0.0161581
0.0150188
0.0139592
0.0129727
0.0120537
0.0111974
0.0103997
0.00965667
0.0089652
0.00832212
0.00772458
0.00717014
0.0066564
0.00618107
0.00574196
0.00533692
0.00496388
0.00462077
0.00430553
0.00401614
0.00375059
0.00350692
0.00328315
0.00307737
0.00288774
0.00271247
0.00254991
0.0023985
0.00225683
0.0021246
0.00194142
0.00176482
0.00157806
0.00138351
0.00386261
0.00687188
0.0105286
0.00538346
0.00573504
0.00600067
0.00663235
0.00650693
0.000477533
0.000379914
0.000342768
0.000300756
0.000258752
0.000217635
0.000177487
0.080362
0.084386
0.0721556
0.0614744
0.0509442
0.0444894
0.0427677
0.041531
-0.0267034
-0.0420157
-0.0583299
-0.0754509
-0.0721342
-0.0616179
-0.0497535
-0.0361536
-0.0210002
-0.0089347
-0.00818488
-0.00753789
-0.0069356
-0.00637652
-0.00585824
-0.00537794
-0.00493276
-0.00451987
-0.00413654
-0.00378022
-0.00344848
-0.00313834
-0.0028479
-0.00257622
-0.00232106
-0.00208036
-0.00185278
-0.00163677
-0.00143087
-0.00123408
-0.0010456
-0.0008648
-0.000691265
-0.000524805
-0.000365431
-0.000213181
-6.81041e-05
6.97653e-05
0.000200393
0.000323772
0.000440092
0.000549778
0.000662843
0.000838994
0.0010105
-0.00312491
0.000291316
0.000718654
0.00132464
0.00225488
0.00324319
0.00423307
0.00521316
0.00618187
0.0071422
0.00810067
0.00907042
0.0100852
0.00760628
0.00612248
0.00501597
0.00408418
0.0878026
0.16591
0.145103
0.131913
0.121208
0.110593
0.105822
0.104612
0.00148522
-0.0361545
-0.0497188
-0.0601329
-0.060287
-0.0474202
-0.0440071
-0.0408589
-0.0379388
-0.0352289
-0.0327135
-0.0303786
-0.0282111
-0.0261987
-0.0243304
-0.0225957
-0.020985
-0.0194894
-0.0181005
-0.016811
-0.0156136
-0.0145022
-0.0134706
-0.0125131
-0.0116248
-0.0108009
-0.0100369
-0.00932867
-0.0086723
-0.00806417
-0.00750086
-0.00697918
-0.00649611
-0.0060487
-0.00563419
-0.0052501
-0.00489411
-0.00456404
-0.00425785
-0.00397364
-0.0037097
-0.00346452
-0.00323778
-0.00311088
-0.00298378
-0.0028806
-0.00672482
-0.0120648
-0.0174246
-0.022765
-0.0280803
-0.0333908
-0.0387571
-0.0335242
-0.0170406
0.00223474
0.00360224
-0.000315392
0.0013842
0.00127477
0.00113424
0.00105188
0.0803857
0.0850227
0.0727756
0.06212
0.0516105
0.0448998
0.0431574
0.0419111
-0.0264024
-0.0418127
-0.0582004
-0.0753868
-0.0718356
-0.0614327
-0.0496196
-0.0360536
-0.0209309
-0.00867759
-0.00793513
-0.00728876
-0.00668475
-0.00612173
-0.00559767
-0.00511034
-0.00465747
-0.00423686
-0.00384641
-0.0034841
-0.00314801
-0.00283553
-0.00254502
-0.00227574
-0.00202551
-0.00179217
-0.00157385
-0.00136885
-0.00117555
-0.000992523
-0.000818447
-0.000652177
-0.000492751
-0.000339457
-0.000191808
-4.94091e-05
8.80817e-05
0.000220914
0.000349265
0.000473235
