0
0.0172838
-0.000481542
-0.00264631
0.00151286
-0.0535603
-0.126564
-0.126233
-0.168748
-0.0992036
-0.0891446
-0.0621825
-0.069337
-0.0579863
-0.0586917
-0.0554193
-0.052819
-0.0504612
-0.0483498
-0.0464843
-0.0448616
-0.0405203
-0.0403887
-0.0309173
-0.0329685
-0.0257341
-0.0272617
-0.0265305
-0.0261523
-0.0261257
-0.0264431
-0.027111
-0.0281954
-0.0208889
-0.0246753
-0.0283218
-0.0276787
-0.0271076
-0.0264954
-0.0258655
-0.0252639
-0.0247203
-0.0242514
-0.0238657
-0.0235661
-0.0233516
-0.0232175
-0.0231567
-0.0231595
-0.0231829
-0.023201
-0.0232098
-0.0232181
-0.0232156
-0.0232213
-0.0230117
-0.0225431
-0.0229849
-0.0233401
-0.0232929
-0.0230866
-0.0227945
-0.0224279
-0.021996
-0.0215077
-0.0209724
-0.0203355
-0.0198399
-0.0192063
-0.0185851
-0.017977
0.0419433
0.0264023
0.0177053
0.0131161
0.0103116
0.0088387
0.00784755
-0.000812258
-0.00107702
-0.00130761
-0.00152291
-0.00173449
-0.00194728
-0.00216203
-0.00237726
-0.00259038
-0.00279845
-0.00422753
-0.00414384
-0.00378572
-0.00341455
-0.00302973
-0.00263147
-0.00222082
-0.00171777
-0.00128983
-0.00073722
-4.7231e-05
0.000631019
0.00128033
0.00189926
0.00250243
0.00307685
0.00360844
0.00408714
0.00450663
0.00486595
0.00516932
0.00542516
0.00564486
0.0058416
0.00606109
0.00556978
0.00507914
0.00459397
0.00411847
0.0036564
0.00321114
0.00278559
0.00238212
0.00175553
-0.000581534
0.0232077
0.0365304
0.0501105
0.0638143
0.0774938
0.0800515
0.0731512
0.0694273
0.0624341
0.0551214
0.0475365
0.0396967
0.0316123
0.0230865
0.0158195
0.00897013
0.00182112
-0.00562461
-0.0144032
0.0144209
0.0181562
0.0191607
0.0219449
0.02786
0.0333025
0.0451265
0.0491598
0.0575
0.0656665
0.0758127
0.0900051
0.0937368
0.0918201
0.0917435
0.0916541
0.0916029
0.0916425
0.0917547
0.0919249
0.0921681
0.092489
0.0928914
0.0933789
0.0939553
0.0946241
0.0953889
0.0962528
0.0972382
0.0983459
0.0995543
0.100878
0.102336
0.103938
0.105692
0.107606
0.109682
0.111923
0.114328
0.116894
0.119615
0.122476
0.125468
0.12858
0.131798
0.135104
0.138444
0.137074
0.0889197
0.0526025
0.0456399
0.0378392
0.0306646
0.0203825
0.00896182
0.000210762
-0.00855007
-0.0171792
-0.0256192
-0.0662708
-0.0742477
-0.0819895
-0.0895045
-0.0968022
-0.103894
-0.11079
-0.117504
-0.124047
-0.130432
-0.13787
-0.145767
-0.152564
-0.159037
-0.165569
-0.170488
-0.17636
-0.182698
-0.189341
-0.196246
-0.203413
-0.210863
-0.21864
-0.22685
-0.236554
-0.236957
-0.236532
-0.236198
-0.235969
-0.235473
-0.240477
-0.241152
-0.241285
-0.241403
-0.241809
-0.242422
-0.241575
-0.240832
-0.240357
-0.240011
-0.239892
-0.239984
-0.240295
-0.240844
-0.239416
-0.2434
-0.245463
-0.247811
-0.250291
-0.252751
-0.255502
-0.258536
-0.261843
-0.265411
-0.221439
-0.202288
-0.185547
-0.168939
-0.152722
-0.136923
-0.118657
-0.118878
-0.114163
-0.106399
-0.0972211
-0.08748
-0.0776234
-0.067886
-0.0583793
-0.0491518
-0.0402418
-0.0316711
-0.0234373
-0.0155335
-0.01614
-0.00284818
0.00267406
0.00909177
0.0150746
0.0207731
0.0325316
0.0387348
0.0437087
0.0486439
0.0563828
0.053617
0.0583088
0.0634541
0.0686203
0.0743323
0.0792634
0.0846029
0.0896483
0.0947238
0.0998858
0.105153
0.11054
0.11602
0.121448
0.12697
0.132598
0.138344
0.144216
0.150221
0.156364
0.163128
0.169743
0.17656
0.183563
0.190765
0.198163
0.205736
0.213497
0.221463
0.229643
0.238043
0.246652
0.245363
0.260673
0.269401
0.276516
0.284054
0.291954
0.300143
0.308658
0.317473
0.326092
0.335444
0.344366
0.353633
0.363463
0.37686
0.390312
0.350316
0.335299
0.320463
0.305645
0.29115
0.277082
0.263479
0.25037
0.23777
0.22567
0.214058
0.202918
0.192236
0.181997
0.172187
0.162792
0.153798
0.140916
0.127404
0.122383
0.114974
0.108306
0.102659
0.096321
0.0892581
0.0821536
0.0746541
0.0685699
0.0620901
0.0552588
0.0479528
0.0409821
0.0339581
0.0262825
0.0186504
0.0111693
0.00367082
-0.0038646
-0.0114479
-0.0190854
-0.0267815
-0.0345396
-0.0423631
-0.0502554
-0.0582202
-0.0662613
-0.0744004
-0.0826399
-0.0909607
-0.0993788
-0.107911
-0.116568
-0.125355
-0.125461
-0.138481
-0.14786
-0.152958
-0.158181
-0.163591
-0.169167
-0.174911
-0.18075
-0.186667
-0.192776
-0.199078
-0.20558
-0.212291
-0.219455
-0.229341
-0.239138
-0.249191
-0.259702
-0.270795
-0.282564
-0.295124
-0.308821
-0.276231
-0.259978
-0.244323
-0.229224
-0.214647
-0.200567
-0.186961
-0.173808
-0.161088
-0.148784
-0.136878
-0.119403
-0.101401
-0.0874003
-0.0732633
-0.0607569
-0.0496082
-0.0641184
-0.0553588
-0.0438682
-0.0332413
-0.0245856
-0.0153208
-0.0061226
0.00293087
0.0122047
0.020485
0.028529
0.0366007
0.0447061
0.0528535
0.061052
0.0693114
0.0776418
0.0860534
0.0945566
0.103162
0.111879
0.120719
0.129692
0.138827
0.148131
0.157594
0.167236
0.177084
0.187158
0.197477
0.208061
0.206827
0.20935
0.209674
0.210285
0.211133
0.212208
0.213485
0.214951
0.216595
0.218407
0.220378
0.222505
0.224789
0.227472
0.187675
0.176285
0.164827
0.15177
0.138164
0.124481
0.110958
0.0977033
0.0847659
0.0721817
0.0599698
0.0480221
0.0365317
0.0254125
0.014638
0.0041866
-0.000827036
-0.00559922
-0.0101221
-0.0195124
-0.0287469
-0.0368085
-0.0444309
-0.0407282
-0.0426818
-0.0474865
-0.0524945
-0.0575184
-0.0626448
-0.0675736
-0.0722491
-0.0769954
-0.0818102
-0.0866894
-0.0916318
-0.0966355
-0.101699
-0.106897
-0.112278
-0.117792
-0.123446
-0.129247
-0.135203
-0.141321
-0.147611
-0.154082
-0.160743
-0.167606
-0.174702
-0.182043
-0.189626
-0.197492
-0.205712
-0.214527
-0.213922
-0.213277
-0.212908
-0.212797
-0.212938
-0.213322
-0.21394
-0.214775
-0.215816
-0.217051
-0.218469
-0.220061
-0.221816
-0.223731
-0.225807
-0.174298
-0.160587
-0.1517
-0.141329
-0.128761
-0.115372
-0.101778
-0.0882785
-0.0750113
-0.0620375
-0.0493993
-0.0371011
-0.0251233
-0.0133811
-0.00190617
0.00600201
0.012767
0.0193423
0.0256856
0.0318059
0.0429123
0.053994
0.0638554
0.0730924
0.0820802
0.0905179
0.0748352
0.081746
0.0883387
0.0949464
0.101635
0.108445
0.115403
0.122525
0.129211
0.136193
0.143235
0.150362
0.157609
0.164998
0.172547
0.180269
0.188176
0.196279
0.204589
0.213118
0.22188
0.230889
0.240165
0.249751
0.259692
0.270115
0.271391
0.272043
0.272938
0.274108
0.275563
0.277309
0.279349
0.281683
0.284308
0.287217
0.290398
0.293842
0.297539
0.301488
0.304252
0.307047
0.262013
0.238541
0.221357
0.214863
0.21061
0.202164
0.192091
0.181426
0.17067
0.160081
0.149783
0.139832
0.13027
0.121121
0.112384
0.104039
0.096053
0.0883575
0.0810349
0.0740593
0.067383
0.0611131
0.0536049
0.045591
0.0390839
0.0331856
0.0275944
0.0240029
0.0195096
0.0147143
0.00981216
0.00486371
-0.000112847
-0.0051084
-0.0101054
-0.0150379
-0.0141273
-0.0275227
-0.0312716
-0.0341517
-0.037142
-0.0402008
-0.0435303
-0.0469685
-0.0504935
-0.0540983
-0.0577813
-0.0615443
-0.0653906
-0.069296
-0.0724506
-0.0757144
-0.0790903
-0.0825605
-0.0861425
-0.0898553
-0.0937124
-0.0977245
-0.1019
-0.106247
-0.110767
-0.115464
-0.120337
-0.125379
-0.13058
-0.135933
-0.141429
-0.147061
-0.152822
-0.158706
-0.164711
-0.170844
-0.177328
-0.186625
-0.19566
-0.2048
-0.214252
-0.224131
-0.234502
-0.245403
-0.256847
-0.268841
-0.281406
-0.294568
-0.308335
-0.322678
-0.323247
-0.33853
-0.346946
-0.355882
-0.366029
-0.343077
-0.324807
-0.306709
-0.291643
-0.278048
-0.265101
-0.253552
-0.268957
-0.257629
-0.248283
-0.236401
-0.225909
-0.215556
-0.205312
-0.19516
-0.185158
-0.186593
-0.166015
-0.156956
-0.148164
-0.139477
-0.130893
-0.122402
-0.113998
-0.10567
-0.0974111
-0.0892121
-0.0810651
-0.0729621
-0.064895
-0.0568379
-0.0487853
-0.0407523
-0.0327195
-0.0246658
-0.0165762
-0.00843997
-0.000245952
0.00678601
0.0138561
0.021022
0.0276279
0.033919
0.0402894
0.0467332
0.053245
0.0598195
0.066452
0.0731384
0.0798792
0.0866808
0.0937702
0.103998
0.113744
0.123443
0.133341
0.143575
0.154221
0.165323
0.176895
0.188943
0.201488
0.21455
0.228135
0.242247
0.256892
0.272076
0.287806
0.304093
0.320945
0.338378
0.356669
0.354015
0.372093
0.342068
0.326635
0.306522
0.298371
0.286376
0.274116
0.261707
0.256854
0.251495
0.254188
0.248641
0.244057
0.236718
0.229952
0.216272
0.214479
0.204728
0.197541
0.190414
0.192014
0.198396
0.196146
0.187736
0.179528
0.171294
0.16293
0.154377
0.145623
0.13279
0.124079
0.115294
0.107259
0.0998058
0.0923291
0.0854879
0.0788383
0.0722097
0.0655935
0.0589887
0.0523994
0.0458289
0.0392804
0.0327564
0.0262598
0.0197939
0.0133558
0.00693723
0.000313613
-0.0081329
-0.0161741
-0.0241805
-0.0323631
-0.0408388
-0.0496717
-0.0579618
-0.0666509
-0.0757333
-0.0852251
-0.0951411
-0.10548
-0.11624
-0.12742
-0.138991
-0.151004
-0.163448
-0.176323
-0.189661
-0.210713
-0.225597
-0.236454
-0.242527
-0.26211
-0.28447
-0.278564
-0.268579
-0.257801
-0.250956
-0.245771
-0.240878
-0.252651
-0.247483
-0.230268
-0.218442
-0.215323
-0.218184
-0.220872
-0.222192
-0.205122
-0.204022
-0.194048
-0.184557
-0.176277
-0.163197
-0.152619
-0.142193
-0.131731
-0.12109
-0.110893
-0.100749
-0.0906545
-0.0805692
-0.0704616
-0.0603075
-0.0500898
-0.0398122
-0.027402
-0.0179894
-0.0081347
0.00171623
0.000512701
0.0078966
0.010945
0.0147123
0.0186976
0.0227989
0.0270074
0.0313195
0.0359645
0.0431193
0.050082
0.0571602
0.0645265
0.0722773
0.0804677
0.089131
0.0982806
0.107925
0.118097
0.128835
0.140174
0.152181
0.165052
0.147851
0.136125
0.124854
0.113979
0.103498
0.0869217
0.0823486
0.0558977
0.037512
0.0304203
0.0359192
0.0259927
0.0160912
0.00556123
-0.000231261
-0.000419626
-0.000215026
-2.66932e-05
0.000133509
0.000259667
0.000347364
0.000393765
0.000397684
0.000359569
0.000281454
0.000166821
2.04083e-05
-0.000178895
-0.000508579
-0.000967154
-0.00155272
-0.00226312
-0.00309608
-0.00404942
-0.00513916
-0.00636162
-0.00769263
-0.00914379
-0.010729
-0.0124575
-0.0143366
-0.0163726
-0.0185708
-0.0209351
-0.0234747
-0.0261777
-0.0290449
-0.0320699
-0.0352479
-0.0385753
-0.0420497
-0.0456696
-0.0494349
-0.0533512
-0.0574314
-0.0619176
-0.0687931
-0.0757042
-0.0829555
-0.0907728
-0.099468
-0.0993301
-0.0600791
-0.0419293
-0.0272291
-0.0131518
-0.000490052
0.00248606
0.00283158
0.00214918
0.00166016
0.00143898
0.00130044
0.00121221
0.00118161
-0.00661367
0.00104984
0.00460533
0.00704872
0.00850525
0.00993744
0.0114469
0.0131284
0.0115031
0.00273865
0.00404827
0.00518732
0.00616932
0.00708328
0.00683734
0.00639959
0.00585503
0.00522494
0.00452873
0.00378151
0.00299503
0.00264145
0.00250604
0.00239363
0.0023028
0.00223552
0.00219496
0.00218465
0.00220811
0.00228681
0.0024213
0.00259018
0.00280715
0.00308687
0.00343791
0.0038658
0.00437367
0.0049623
0.00563021
0.0063735
0.00718549
0.00805459
0.00896599
0.00990628
0.0108632
0.0118255
0.0127843
0.0137303
0.0146583
0.0155705
0.0167065
0.0197505
0.0227018
0.0257862
0.00688339
-0.00331282
-0.0131873
-0.0231786
-0.0332289
-0.0292563
-0.0339973
-0.046585
-0.0274115
-0.0206159
-0.0140568
-0.00748796
-0.00107043
0.00412115
0.00938906
0.0147629
0.0280917
0.0265832
0.00905394
-0.00124398
-0.000925505
-0.00113611
-0.00189638
-0.00275678
-0.00155299
0.00246168
0.00288523
0.00372472
0.00457098
0.00415567
0.00339555
0.00262117
0.00176081
0.000862572
-9.01919e-05
-0.000883738
-0.00094053
-0.000960633
-0.000975585
-0.000981711
-0.000976273
-0.000957552
-0.000924667
-0.000877496
-0.000816604
-0.000743429
-0.000659433
-0.000566495
-0.000467622
-0.000365627
-0.000263361
-0.000163742
-6.95971e-05
1.64398e-05
9.20336e-05
0.000155232
0.000204535
0.00023896
0.000258034
0.000261806
0.000250862
0.000226304
0.000189691
0.000142968
8.83367e-05
2.82037e-05
-3.80553e-05
-0.00156773
-0.00305098
-0.00470951
-0.00664094
0.00126853
0.00625078
0.010647
-0.000493159
0.00297659
-0.000188442
-0.00450813
-0.00490689
-3.35907e-05
-8.41472e-05
-8.6824e-05
-6.67336e-05
-3.30116e-05
1.15618e-05
6.11805e-05
-0.00753521
-0.00274565
0.000865628
0.00405754
0.00640474
0.00813106
0.00960629
0.0113425
0.0124005
0.00133506
0.00255581
0.00375236
0.00457508
0.00523542
0.00538325
0.00505082
0.00463173
0.00427933
0.00426086
0.00425343
0.0042554
0.00426846
0.00429529
0.00433899
0.00440282
0.00449
0.00460359
0.00474648
0.00492128
0.00514868
0.00542861
0.00573937
0.00609459
0.00650926
0.00699257
0.00755094
0.00818857
0.00890769
0.00970829
0.010588
0.0115419
0.0125598
0.0136284
0.0147359
0.0158709
0.0170233
0.0181834
0.0193419
0.0204952
0.0216452
0.0230318
0.0263378
0.0295623
0.00838021
-0.000209954
-0.00814172
-0.0161991
-0.024212
-0.0321531
-0.0400098
-0.0477675
-0.0554264
-0.0630155
-0.0705871
-0.0782616
-0.0868743
-0.0651798
-0.0466749
-0.0279147
-0.00892775
-0.000259958
-0.00205411
-0.0106843
-0.00941288
-0.00883053
-0.0090133
-0.00979941
-0.0109098
-0.00660612
0.00156053
0.00214139
0.00270499
0.00280143
0.00221521
0.00209434
0.00199466
0.00186529
0.0017291
0.00159178
0.00145392
0.00131626
0.00117983
0.00104563
0.000915082
0.000790033
0.000671954
0.000562231
0.000462102
0.000372605
0.000292582
0.000224193
0.00016934
0.000125513
9.18871e-05
6.80581e-05
5.32028e-05
4.6228e-05
4.58687e-05
5.07445e-05
5.94426e-05
7.05994e-05
8.32152e-05
9.63172e-05
0.000108558
0.000118756
0.000125976
0.000129555
0.000129122
0.000123903
0.000113072
5.89852e-05
-0.00158576
-0.00322975
-0.00505245
0.00767381
0.0173298
0.0269959
0.0366093
0.046163
0.0556932
0.065304
0.048144
0.0307122
0.0139221
0.0131802
-0.00130119
-0.00182328
-0.00188173
-0.00170462
-0.00150384
-0.00920453
-0.00482907
-0.000575188
0.00271979
0.00514587
0.00695357
0.00848331
0.0102853
0.011431
0.00027608
0.00160283
0.00291208
0.00381223
0.00454568
0.0049796
0.00472775
0.00438346
0.00409864
0.00416342
0.00423442
0.00430999
0.00439181
0.00448271
0.00458607
0.0047056
0.00484508
0.00500825
0.00519879
0.00542022
0.00569405
0.00602113
0.00638059
0.00678688
0.00725572
0.0077969
0.00841735
0.00912173
0.00991239
0.0107894
0.0117505
0.0127903
0.0138985
0.0150614
0.0162665
0.017502
0.0187569
0.0200211
0.0212846
