-1.87976e-07
-8.12401e-07
-1.96083e-06
-3.6754e-06
-5.93257e-06
-8.64482e-06
-1.17077e-05
-1.49829e-05
-1.83049e-05
-2.14933e-05
-2.43606e-05
-2.67273e-05
-2.84233e-05
-2.92957e-05
-2.92137e-05
-2.80735e-05
-2.58033e-05
-2.23652e-05
-1.77577e-05
-1.20153e-05
-5.20772e-06
2.56235e-06
1.11626e-05
2.04351e-05
3.02015e-05
4.02687e-05
5.04361e-05
6.05022e-05
7.02723e-05
7.95655e-05
8.82207e-05
9.61031e-05
0.000103108
0.000109162
0.000114217
0.000118262
0.000121322
0.000123453
0.000124742
0.000125307
0.000125283
0.000124828
0.000124107
0.000123293
0.000122556
0.000122059
0.000121949
0.000122357
0.000123388
0.000125121
0.000127602
0.000130848
0.000134844
0.000139541
0.000144864
0.00015071
0.000156956
0.000163461
0.000170072
0.000176633
0.000182985
0.000188978
0.000194471
0.000199342
0.00020349
0.000206837
0.000209334
0.00021096
0.000211723
0.00021166
0.000210812
0.000209217
0.000206936
0.000204039
0.000200616
0.000196761
0.000192578
0.000188172
0.000183651
0.000179113
0.000174651
0.000170347
0.000166268
0.000162464
0.00015897
0.000155799
0.000152948
0.000150394
0.000148097
0.000146002
0.000144042
0.000142138
0.000140206
0.000138157
0.000135903
0.000133361
0.000130452
0.000127109
0.000123278
0.000118919
0.000114008
0.000108539
0.000102524
9.59902e-05
8.89828e-05
8.15604e-05
7.37936e-05
6.57627e-05
5.75541e-05
4.92575e-05
4.09623e-05
3.27544e-05
2.47132e-05
1.69085e-05
9.39815e-06
2.2259e-06
-4.57985e-06
-1.1007e-05
-1.70601e-05
-2.27598e-05
-2.81416e-05
-3.3255e-05
-3.81605e-05
-4.29276e-05
-4.76316e-05
-5.23507e-05
-5.71628e-05
-6.21427e-05
-6.73583e-05
-7.28684e-05
-7.87198e-05
-8.4947e-05
-9.15701e-05
-9.85949e-05
-0.000106012
-0.000113799
-0.000121919
-0.000130323
-0.000138954
-0.000147747
-0.000156631
-0.000165535
-0.000174388
-0.000183123
-0.00019168
-0.00020001
-0.00020807
-0.000215833
-0.000223279
-0.000230405
-0.000237214
-0.000243725
-0.000249964
-0.000255965
-0.000261771
-0.000267431
-0.000272999
-0.000278531
-0.000284082
-0.000289707
-0.000295456
-0.000301372
-0.000307493
-0.000313845
-0.000320448
-0.000327308
-0.000334422
-0.000341778
-0.000349354
-0.000357118
-0.000365033
-0.000373054
-0.000381135
-0.000389225
-0.000397275
-0.000405237
-0.000413066
-0.000420723
-0.000428175
-0.000435397
-0.000442372
-0.000449091
-0.000455557
-0.000461779
-0.000467775
-0.000473569
-0.000479195
-0.000484688
-0.000490088
-0.000495437
-0.000500777
-0.000506149
-0.00051159
-0.000517133
-0.000522806
-0.000528631
-0.000534621
-0.000540784
-0.000547119
-0.000553616
-0.000560261
-0.000567032
-0.0005739
-0.000580834
-0.0005878
-0.000594762
-0.000601682
-0.000608525
-0.000615258
-0.000621853
-0.000628284
-0.000634532
-0.000640585
-0.000646437
-0.000652089
-0.000657549
-0.000662828
-0.000667947
-0.000672926
-0.000677792
-0.000682571
-0.000687292
-0.000691981
-0.000696664
-0.000701364
-0.0007061
-0.000710888
-0.000715738
-0.000720654
-0.000725637
-0.000730682
-0.00073578
-0.000740918
-0.000746085
-0.000751267
-0.00075645
-0.000761622
-0.000766769
-0.000771883
-0.000776952
-0.000781972
-0.000786937
-0.000791844
-0.000796696
-0.000801492
-0.000806239
-0.000810942
-0.000815608
-0.000820245
-0.000824861
-0.000829464
-0.000834062
-0.000838662
-0.000843271
-0.000847892
-0.000852529
-0.000857181
-0.000861848
-0.000866527
-0.000871213
-0.0008759
-0.00088058
-0.000885245
-0.000889886
-0.000894495
-0.000899064
-0.000903586
-0.000908055
-0.000912465
-0.000916814
-0.000921102
-0.000925328
-0.000929495
-0.000933607
-0.000937669
-0.000941689
-0.000945673
-0.000949629
-0.000953565
-0.000957489
-0.000961406
-0.000965319
-0.000969232
-0.000973145
-0.00097706
-0.000980976
-0.000984892
-0.000988807
-0.000992715
-0.000996613
-0.00100049
-0.00100435
-0.00100818
-0.00101196
-0.00101571
-0.0010194
-0.00102304
-0.00102661
-0.00103012
-0.00103357
-0.00103696
-0.00104028
-0.00104356
-0.00104678
-0.00104996
-0.0010531
-0.00105622
-0.00105934
-0.00106244
-0.00106556
-0.0010687
-0.00107186
-0.00107506
-0.00107829
-0.00108157
-0.00108489
-0.00108825
-0.00109165
-0.00109508
-0.00109855
-0.00110203
-0.00110551
-0.001109
-0.00111247
-0.00111592
-0.00111933
-0.0011227
-0.00112602
-0.00112927
-0.00113245
-0.00113556
-0.00113859
-0.00114156
-0.00114445
-0.00114727
-0.00115003
-0.00115275
-0.00115542
-0.00115806
-0.00116068
-0.00116329
-0.0011659
-0.00116852
-0.00117117
-0.00117384
-0.00117655
-0.00117929
-0.00118208
-0.0011849
-0.00118776
-0.00119064
-0.00119356
-0.00119648
-0.00119942
-0.00120236
-0.00120528
-0.00120819
-0.00121107
-0.0012139
-0.00121669
-0.00121942
-0.00122208
-0.00122467
-0.00122716
-0.00122957
-0.00123189
-0.0012341
-0.00123621
-0.00123823
-0.00124014
-0.00124196
-0.00124369
-0.00124534
-0.00124692
-0.00124844
-0.0012499
-0.00125132
-0.00125272
-0.0012541
-0.00125548
-0.00125687
-0.00125827
-0.0012597
-0.00126117
-0.00126268
-0.00126424
-0.00126584
-0.0012675
-0.00126921
-0.00127097
-0.00127279
-0.00127467
-0.0012766
-0.0012786
-0.00128065
-0.00128275
-0.00128491
-0.00128712
-0.00128938
-0.00129167
-0.001294
-0.00129636
-0.00129873
-0.00130112
-0.00130352
-0.0013059
-0.00130828
-0.00131064
-0.00131298
-0.00131528
-0.00131755
-0.00131978
-0.00132196
-0.00132411
-0.00132622
-0.00132828
-0.00133031
-0.00133231
-0.00133428
-0.00133623
-0.00133817
-0.0013401
-0.00134204
-0.00134398
-0.00134593
-0.0013479
-0.0013499
-0.00135193
-0.00135399
-0.00135608
-0.0013582
-0.00136034
-0.0013625
-0.00136468
-0.00136687
-0.00136906
-0.00137123
-0.0013734
-0.00137554
-0.00137765
-0.00137972
-0.00138175
-0.00138373
-0.00138567
-0.00138756
-0.00138939
-0.00139119
-0.00139294
-0.00139465
-0.00139633
-0.00139798
-0.00139962
-0.00140125
-0.00140288
-0.00140451
-0.00140615
-0.00140782
-0.00140951
-0.00141122
-0.00141297
-0.00141475
-0.00141656
-0.0014184
-0.00142026
-0.00142215
-0.00142405
-0.00142596
-0.00142787
-0.00142977
-0.00143166
-0.00143353
-0.00143537
-0.00143718
-0.00143895
-0.00144068
-0.00144237
-0.00144401
-0.00144561
-0.00144717
-0.00144869
-0.00145018
-0.00145164
-0.00145308
-0.0014545
-0.00145592
-0.00145734
-0.00145877
-0.00146021
-0.00146167
-0.00146315
-0.00146467
-0.00146621
-0.00146778
-0.00146939
-0.00147102
-0.00147268
-0.00147436
-0.00147606
-0.00147776
-0.00147946
-0.00148116
-0.00148284
-0.00148451
-0.00148615
-0.00148775
-0.00148933
-0.00149086
-0.00149236
-0.00149382
-0.00149524
-0.00149663
-0.00149799
-0.00149932
-0.00150063
-0.00150193
-0.00150322
-0.0015045
-0.0015058
-0.00150711
-0.00150843
-0.00150978
-0.00151115
-0.00151255
-0.00151398
-0.00151544
-0.00151693
-0.00151845
-0.00151998
-0.00152154
-0.00152311
-0.00152468
-0.00152625
-0.00152782
-0.00152937
-0.00153091
-0.00153243
-0.00153392
-0.00153538
-0.0015368
-0.0015382
-0.00153956
-0.00154089
-0.00154219
-0.00154347
-0.00154473
-0.00154597
-0.0015472
-0.00154843
-0.00154965
-0.00155089
-0.00155213
-0.00155339
-0.00155467
-0.00155598
-0.0015573
-0.00155866
-0.00156004
-0.00156144
-0.00156286
-0.0015643
-0.00156576
-0.00156723
-0.0015687
-0.00157017
-0.00157164
-0.0015731
-0.00157454
-0.00157597
-0.00157738
-0.00157877
-0.00158013
-0.00158147
-0.00158278
-0.00158406
-0.00158531
-0.00158655
-0.00158776
-0.00158895
-0.00159013
-0.00159131
-0.00159248
-0.00159365
-0.00159483
-0.00159601
-0.00159722
-0.00159844
-0.00159969
-0.00160096
-0.00160225
-0.00160357
-0.00160491
-0.00160627
-0.00160766
-0.00160906
-0.00161047
-0.00161189
-0.00161331
-0.00161473
-0.00161615
-0.00161755
-0.00161894
-0.00162032
-0.00162167
-0.00162301
-0.00162432
-0.0016256
-0.00162686
-0.0016281
-0.00162932
-0.00163053
-0.00163172
-0.0016329
-0.00163407
-0.00163524
-0.00163642
-0.0016376
-0.00163879
-0.00163999
-0.00164121
-0.00164245
-0.0016437
-0.00164498
-0.00164627
-0.00164759
-0.00164892
-0.00165026
-0.00165162
-0.00165298
-0.00165435
-0.00165573
-0.00165709
-0.00165846
-0.00165981
-0.00166115
-0.00166248
-0.00166379
-0.00166508
-0.00166635
-0.0016676
-0.00166884
-0.00167005
-0.00167123
-0.0016724
-0.00167354
-0.00167465
-0.00167574
-0.00167681
-0.00167785
-0.00167888
-0.0016799
-0.00168092
-0.00168193
-0.00168295
-0.00168398
-0.00168503
-0.00168611
-0.00168721
-0.00168836
-0.00168954
-0.00169075
-0.00169201
-0.00169331
-0.00169465
-0.00169602
-0.00169743
-0.00169886
-0.00170031
-0.00170177
-0.00170325
-0.00170472
-0.00170618
-0.00170763
-0.00170905
-0.00171046
-0.00171183
-0.00171317
-0.00171447
-0.00171574
-0.00171698
-0.00171818
-0.00171935
-0.00172049
-0.00172162
-0.00172273
-0.00172383
-0.00172494
-0.00172605
-0.00172717
-0.00172831
-0.00172947
-0.00173066
-0.00173189
-0.00173315
-0.00173444
-0.00173577
-0.00173713
-0.00173853
-0.00173995
-0.00174139
-0.00174284
-0.00174431
-0.00174577
-0.00174724
-0.00174869
-0.00175012
-0.00175153
-0.00175292
-0.00175427
-0.0017556
-0.00175689
-0.00175814
-0.00175936
-0.00176055
-0.00176172
-0.00176285
-0.00176397
-0.00176508
-0.00176618
-0.00176727
-0.00176838
-0.00176949
-0.00177063
-0.00177179
-0.00177297
-0.00177419
-0.00177544
-0.00177673
-0.00177805
-0.00177941
-0.00178079
-0.0017822
-0.00178363
-0.00178508
-0.00178654
-0.001788
-0.00178946
-0.00179091
-0.00179235
-0.00179377
-0.00179516
-0.00179653
-0.00179786
-0.00179917
-0.00180044
-0.00180168
-0.00180289
-0.00180408
-0.00180525
-0.00180641
-0.00180755
-0.00180869
-0.00180983
-0.00181098
-0.00181214
-0.00181331
-0.00181451
-0.00181574
-0.00181699
-0.00181828
-0.00181959
-0.00182093
-0.0018223
-0.00182369
-0.0018251
-0.00182653
-0.00182797
-0.00182942
-0.00183086
-0.0018323
-0.00183373
-0.00183514
-0.00183653
-0.0018379
-0.00183925
-0.00184057
-0.00184187
-0.00184315
-0.00184442
-0.0018457
-0.00184699
-0.00184832
-0.00184969
-0.00185112
-0.00185262
-0.00185419
-0.00185584
-0.00185756
-0.00185935
-0.00186119
-0.00186308
-0.001865
-0.00186693
-0.00186886
-0.00187077
-0.00187263
-0.00187442
-0.00187613
-0.00187774
-0.00187924
-0.0018806
-0.00188183
-0.00188291
-0.00188384
-0.00188465
-0.00188532
-0.00188589
-0.00188637
-0.00188678
-0.00188716
-0.00188753
-0.00188792
-0.00188837
-0.00188889
-0.00188952
-0.00189028
-0.00189118
-0.00189223
-0.00189344
-0.00189481
-0.00189633
-0.001898
-0.00189979
-0.00190168
-0.00190366
-0.00190569
-0.00190774
-0.00190979
-0.0019118
-0.00191375
-0.00191562
-0.00191738
-0.00191901
-0.00192052
-0.00192188
-0.00192309
-0.00192418
-0.00192513
-0.00192598
-0.00192673
-0.00192741
-0.00192806
-0.00192868
-0.00192932
-0.00193
-0.00193074
-0.00193157
-0.0019325
-0.00193357
-0.0019348
-0.00193624
-0.00193792
-0.00193988
-0.00194218
-0.00194485
-0.00194793
-0.00195142
-0.00195533
-0.00195962
-0.00196424
-0.00196912
-0.00197415
-0.00197923
-0.00198426
-0.00198912
-0.00199369
-0.00199787
-0.00200158
-0.00200473
-0.00200726
-0.00200916
-0.00201039
-0.00201098
-0.00201095
-0.00201037
-0.0020093
-0.00200783
-0.00200608
-0.00200415
-0.00200216
-0.00200023
-0.00199847
-0.00199698
-0.00199587
-0.0019952
-0.00199503
-0.00199541
-0.00199636
-0.00199786
-0.0019999
-0.00200244
-0.0020054
-0.00200872
-0.0020123
-0.00201604
-0.00201985
-0.00202361
-0.00202722
-0.0020306
-0.00203364
-0.00203628
-0.00203846
-0.00204015
-0.00204133
-0.00204199
-0.00204216
-0.00204188
-0.0020412
-0.0020402
-0.00203895
-0.00203756
-0.00203611
-0.0020347
-0.00203344
-0.0020324
-0.00203168
-0.00203134
-0.00203143
-0.002032
-0.00203306
-0.00203461
-0.00203664
-0.0020391
-0.00204194
-0.00204511
-0.00204851
-0.00205207
-0.00205569
-0.00205929
-0.00206277
-0.00206606
-0.00206907
-0.00207174
-0.00207403
-0.0020759
-0.00207732
-0.00207832
-0.00207889
-0.00207907
-0.0020789
-0.00207846
-0.00207781
-0.00207701
-0.00207617
-0.00207535
-0.00207465
-0.00207413
-0.00207386
-0.0020739
-0.0020743
-0.00207509
-0.00207628
-0.00207788
-0.00207986
-0.00208221
-0.00208488
-0.00208781
-0.00209095
-0.00209422
-0.00209756
-0.00210088
-0.00210412
-0.00210721
-0.00211008
-0.00211268
-0.00211497
-0.00211693
-0.00211853
-0.00211978
-0.00212068
-0.00212126
-0.00212157
-0.00212163
-0.00212152
-0.00212129
-0.002121
-0.00212073
-0.00212053
-0.00212048
-0.00212062
-0.002121
-0.00212166
-0.00212263
-0.00212393
-0.00212555
-0.00212749
-0.00212974
-0.00213225
-0.00213499
-0.00213791
-0.00214096
-0.00214407
-0.00214719
-0.00215024
-0.00215319
-0.00215596
-0.00215851
-0.0021608
-0.00216279
-0.00216448
-0.00216585
-0.00216691
-0.00216767
-0.00216816
-0.00216842
-0.0021685
-0.00216846
-0.00216834
-0.00216822
-0.00216815
-0.0021682
-0.00216841
-0.00216883
-0.0021695
-0.00217045
-0.0021717
-0.00217325
-0.0021751
-0.00217724
-0.00217963
-0.00218225
-0.00218505
-0.00218797
-0.00219098
-0.00219401
-0.002197
-0.00219991
-0.00220268
-0.00220527
-0.00220765
-0.00220979
-0.00221168
-0.00221329
-0.00221464
-0.00221575
-0.00221662
-0.0022173
-0.00221782
-0.00221822
-0.00221855
-0.00221886
-0.0022192
-0.00221961
-0.00222015
-0.00222085
-0.00222174
-0.00222284
-0.00222418
-0.00222576
-0.00222758
-0.00222963
-0.00223189
-0.00223433
-0.00223692
-0.00223962
-0.00224239
-0.0022452
-0.00224799
-0.00225073
-0.00225339
-0.00225592
-0.0022583
-0.0022605
-0.0022625
-0.0022643
-0.00226589
-0.00226727
-0.00226845
-0.00226944
-0.00227027
-0.00227097
-0.00227157
-0.0022721
-0.00227261
-0.00227314
-0.00227372
-0.00227439
-0.00227519
-0.00227613
-0.00227726
-0.00227857
-0.00228008
-0.00228179
-0.00228369
-0.00228577
-0.00228801
-0.00229038
-0.00229286
-0.0022954
-0.00229798
-0.00230056
-0.0023031
-0.00230558
-0.00230795
-0.00231019
-0.00231229
-0.00231423
-0.00231599
-0.00231759
-0.00231902
-0.00232029
-0.00232142
-0.00232244
-0.00232336
-0.00232423
-0.00232506
-0.00232589
-0.00232675
-0.00232768
-0.00232869
-0.00232982
-0.00233107
-0.00233247
-0.00233402
-0.00233573
-0.00233758
-0.00233958
-0.0023417
-0.00234393
-0.00234624
-0.00234862
-0.00235103
-0.00235344
-0.00235584
-0.00235819
-0.00236047
-0.00236268
-0.00236479
-0.00236681
-0.00236872
-0.00237053
-0.00237225
-0.00237387
-0.0023754
-0.00237686
-0.00237826
-0.0023796
-0.00238092
-0.00238221
-0.00238349
-0.00238479
-0.0023861
-0.00238746
-0.00238886
-0.00239032
-0.00239184
-0.00239343
-0.00239509
-0.00239682
-0.00239862
-0.00240047
-0.00240238
-0.00240433
-0.00240631
-0.00240831
-0.00241032
-0.00241232
-0.00241431
-0.00241626
-0.00241818
-0.00242005
-0.00242187
-0.00242363
-0.00242533
-0.00242697
-0.00242856
-0.0024301
-0.00243159
-0.00243304
-0.00243447
-0.00243588
-0.00243728
-0.00243869
-0.00244011
-0.00244155
-0.00244303
-0.00244455
-0.00244611
-0.00244772
-0.00244938
-0.00245109
-0.00245285
-0.00245466
-0.00245651
-0.0024584
-0.00246032
-0.00246225
-0.0024642
-0.00246614
-0.00246808
-0.00247001
-0.00247191
-0.00247378
-0.00247562
-0.00247742
-0.00247919
-0.00248093
-0.00248264
-0.00248435
-0.00248606
-0.00248779
-0.00248954
-0.00249133
-0.00249315
-0.00249502
-0.00249694
-0.0024989
-0.0025009
-0.00250292
-0.00250497
-0.00250704
-0.0025091
-0.00251116
-0.00251319
-0.00251519
-0.00251716
-0.00251907
-0.00252093
-0.00252272
-0.00252446
-0.00252613
-0.00252774
-0.0025293
-0.00253081
-0.00253228
-0.00253372
-0.00253514
-0.00253655
-0.00253797
-0.0025394
-0.00254086
-0.00254235
-0.00254389
-0.00254548
-0.00254712
-0.00254882
-0.00255057
-0.00255238
-0.00255424
-0.00255613
-0.00255807
-0.00256003
-0.00256201
-0.002564
-0.00256598
-0.00256794
-0.00256989
-0.0025718
-0.00257368
-0.00257551
-0.00257729
-0.00257902
-0.00258071
-0.00258235
-0.00258395
-0.00258552
-0.00258705
-0.00258857
-0.00259007
-0.00259157
-0.00259308
-0.0025946
-0.00259615
-0.00259773
-0.00259936
-0.00260105
-0.0026028
-0.00260462
-0.00260651
-0.00260849
-0.00261054
-0.00261267
-0.00261486
-0.0026171
-0.00261938
-0.00262168
-0.00262398
-0.00262627
-0.00262852
-0.00263073
-0.00263286
-0.00263492
-0.00263689
-0.00263877
-0.00264055
-0.00264223
-0.00264383
-0.00264535
-0.0026468
-0.0026482
-0.00264956
-0.00265089
-0.00265223
-0.00265358
-0.00265496
-0.0026564
-0.00265789
-0.00265946
-0.00266111
-0.00266285
-0.00266468
-0.0026666
-0.0026686
-0.00267068
-0.00267283
-0.00267502
-0.00267725
-0.00267951
-0.00268177
-0.00268402
