-0.000149579
-0.000236356
-3.23639e-05
0.000102377
0.00102414
0.00168802
0.00231987
0.00171859
0.00068423
0.000135616
2.27401e-05
5.33949e-06
-8.30233e-07
1.02681e-06
1.70056e-06
2.05951e-06
2.1728e-06
2.15319e-06
2.0669e-06
1.94959e-06
1.81981e-06
1.3154e-06
1.36159e-06
2.10859e-07
6.28017e-07
-1.3207e-07
4.11919e-07
4.6901e-07
4.34664e-07
3.84149e-07
3.31863e-07
2.8067e-07
2.30781e-07
-2.60086e-06
-1.79701e-05
-3.97928e-06
-1.21713e-06
-6.00787e-07
-4.05278e-07
-3.01905e-07
-2.27078e-07
-1.67304e-07
-1.18601e-07
-7.89175e-08
-4.67378e-08
-2.08161e-08
-1.16067e-10
1.62238e-08
2.89172e-08
3.85233e-08
4.56021e-08
5.05827e-08
5.37756e-08
5.57217e-08
5.6089e-08
5.58236e-08
5.51754e-08
5.22568e-08
4.88578e-08
4.55899e-08
4.2256e-08
3.88098e-08
3.53129e-08
3.18434e-08
2.84765e-08
2.52783e-08
-4.50903e-07
-6.87074e-08
1.22946e-09
1.24267e-08
3.04441e-08
-0.00432827
-0.00658593
-0.00598293
-0.00266908
-0.000505931
0.000282049
0.000629082
0.000119929
2.30723e-05
4.58793e-06
1.01803e-06
2.98756e-07
1.333e-07
8.18774e-08
5.84445e-08
4.48285e-08
3.62392e-08
2.87215e-08
2.57938e-08
2.48465e-08
2.46526e-08
2.47769e-08
2.50049e-08
2.52141e-08
2.52894e-08
2.53139e-08
2.52811e-08
2.51785e-08
2.49022e-08
2.4449e-08
2.38451e-08
2.31267e-08
2.23147e-08
2.14264e-08
2.04796e-08
1.94921e-08
1.84811e-08
1.74628e-08
1.64512e-08
1.54583e-08
1.4493e-08
1.36005e-08
1.26147e-08
1.16706e-08
1.07893e-08
9.97076e-09
9.21145e-09
8.5071e-09
7.85354e-09
7.24672e-09
6.667e-09
5.98566e-09
-0.00128414
-0.00166763
-0.00174639
-0.00170143
-0.00158691
-0.000903016
-0.000696515
-0.000132129
2.74055e-05
6.67581e-05
6.6198e-05
5.02876e-05
2.73755e-05
5.29357e-06
1.07818e-06
2.6307e-07
9.6802e-08
-5.54901e-08
-0.00639146
-0.013044
-0.0178407
-0.0195971
-0.018583
-0.0149012
-0.00860717
-0.00163702
0.00200392
0.00372216
0.00366063
0.00298077
0.00268205
0.00147095
0.000515388
9.75909e-05
1.82681e-05
3.25871e-06
4.61342e-07
-2.37909e-08
-7.68496e-08
-5.39992e-08
-2.21146e-08
6.80444e-09
3.1104e-08
5.10228e-08
6.70924e-08
7.98413e-08
8.97444e-08
9.71885e-08
1.02548e-07
1.06183e-07
1.0836e-07
1.093e-07
1.09206e-07
1.08261e-07
1.06624e-07
1.04435e-07
1.01815e-07
9.88677e-08
9.56826e-08
9.23359e-08
8.88924e-08
8.54037e-08
8.19104e-08
7.8445e-08
7.50339e-08
7.17074e-08
6.96948e-08
-0.000906523
-0.00239306
-0.00140183
-0.000267018
-5.05685e-05
-9.29829e-06
-1.44578e-06
2.92782e-08
2.8852e-07
3.16708e-07
3.01772e-07
2.97096e-07
2.74767e-07
2.50552e-07
2.27417e-07
2.05874e-07
1.85962e-07
1.67625e-07
1.50784e-07
1.35355e-07
-1.21259e-07
-0.00354738
-0.0061294
-0.00622768
-0.00342426
-0.000653026
0.000435118
0.000995026
0.00136408
0.00165116
0.00189573
0.00211379
0.00231243
0.00249462
0.00265956
0.00276133
0.00323104
0.00329681
0.00329135
0.00328963
0.00334004
0.00218372
0.000704947
0.000134189
2.54784e-05
4.74705e-06
7.75944e-07
-9.10228e-10
-1.64913e-07
-2.08088e-07
-2.25257e-07
-2.34611e-07
-2.40041e-07
-2.4264e-07
-2.42937e-07
-2.43425e-07
0.000374643
0.000334985
0.000180584
3.44243e-05
6.38581e-06
1.01026e-06
-1.37118e-08
-2.01463e-07
-2.28458e-07
-0.00054934
-0.00087283
-0.000168656
-3.25342e-05
-6.20319e-06
-1.11046e-06
-0.000138146
-2.66955e-05
-5.0784e-06
-8.89075e-07
-8.23715e-08
6.77481e-08
9.06668e-08
8.92276e-08
8.34088e-08
7.70839e-08
7.09934e-08
6.52682e-08
5.9922e-08
5.49447e-08
5.00964e-08
-0.00128402
-0.00218195
-0.00294293
-0.00364241
0.00429936
-0.00113072
-0.00512278
-0.00673338
-0.0057372
-0.00206332
-2.39308e-05
0.000820177
0.00113884
0.00129933
0.00139336
0.00144706
0.00146606
0.00146662
0.00145132
0.00141825
0.00136763
0.00130019
0.00121731
0.00112125
0.00100784
0.000876997
0.000729151
0.000564734
0.000384109
0.000187547
3.62528e-05
7.07622e-06
1.44735e-06
3.56572e-07
1.40154e-07
9.24482e-08
7.76243e-08
6.9535e-08
6.31324e-08
5.74246e-08
5.21995e-08
4.73951e-08
4.24908e-08
-0.000790636
-0.000151011
-2.88423e-05
-5.5203e-06
-1.06886e-06
-2.17984e-07
-5.38988e-08
-2.09145e-08
-1.31e-08
-1.02379e-08
-8.43819e-09
-7.00336e-09
-5.77392e-09
-4.93758e-09
-4.11973e-09
0.00013325
2.5326e-05
4.81753e-06
9.19258e-07
1.77605e-07
3.60267e-08
8.61709e-09
2.99438e-09
1.58134e-09
1.02522e-09
6.7986e-10
4.15221e-10
2.00479e-10
2.4593e-11
-1.18951e-10
-2.35143e-10
3.28108e-10
-0.00364426
-0.00637007
-0.00652619
-0.00370761
-0.000710059
0.000467197
0.00108372
0.00146686
0.00175724
0.00200465
0.0022595
0.00250375
0.00271359
0.00289671
0.00306556
0.00322228
0.00334981
0.00341807
0.00345052
0.00347044
0.00348192
0.00348544
0.00348106
0.00346897
0.0034495
0.00342309
0.00339017
0.00335125
0.00330682
0.00325748
0.00320383
0.00314645
0.00308607
0.00302359
0.0029602
0.00289758
0.000556081
0.000984506
0.000408771
7.93264e-05
1.62203e-05
4.06314e-06
1.65344e-06
1.11243e-06
9.33686e-07
8.29267e-07
7.44406e-07
6.68462e-07
5.99172e-07
5.35846e-07
4.78187e-07
4.25909e-07
3.78995e-07
3.3675e-07
2.98607e-07
2.64141e-07
2.33013e-07
2.04951e-07
1.79757e-07
1.39839e-07
1.08441e-07
8.27113e-08
6.14711e-08
4.39771e-08
2.96433e-08
1.79774e-08
8.55974e-09
1.03141e-09
-4.91401e-09
9.53988e-09
-0.00454766
-0.00849605
-0.0102866
-0.00951745
-0.00611871
-0.00116809
0.000408127
0.000459312
0.00048789
0.000482677
0.000448336
0.000373498
0.000266075
0.000126951
2.3384e-05
3.68992e-06
-1.2032e-08
-6.66438e-07
-7.41661e-07
-7.08556e-07
-6.57064e-07
-6.04442e-07
-5.54037e-07
-5.06503e-07
-4.61944e-07
-4.20333e-07
-3.816e-07
-3.45647e-07
-3.12363e-07
-2.81637e-07
-2.53339e-07
-2.27317e-07
-2.03444e-07
-1.81593e-07
-1.61635e-07
-1.43444e-07
-1.26895e-07
-1.08264e-07
0.000134773
4.03953e-05
7.63165e-06
1.41204e-06
2.36811e-07
1.94391e-08
-1.67039e-08
-1.91287e-08
-1.57803e-08
-1.18888e-08
-8.37768e-09
-5.36098e-09
-2.82371e-09
-0.00039889
-7.59344e-05
-1.44451e-05
-2.73329e-06
-5.00849e-07
-7.45129e-08
7.25138e-09
2.29581e-08
2.57551e-08
2.58379e-08
2.52072e-08
2.43117e-08
2.32522e-08
2.2093e-08
2.08636e-08
1.96005e-08
1.81304e-08
1.66897e-08
-1.53231e-08
-0.00357823
-0.0061834
-0.00631086
-0.003538
-0.000330602
0.000106517
0.000189157
0.000139453
5.38168e-05
9.5523e-06
1.16576e-06
-3.77288e-07
-6.18499e-07
-6.15326e-07
-5.69263e-07
-5.18478e-07
-4.70021e-07
-4.25037e-07
-3.83523e-07
-3.45371e-07
-3.10459e-07
-2.78581e-07
-2.49522e-07
-2.23074e-07
-1.99037e-07
-1.77221e-07
-1.57449e-07
-1.39554e-07
-1.23378e-07
-1.08783e-07
-9.56335e-08
-8.37965e-08
-7.31618e-08
-6.36334e-08
-5.51539e-08
-4.59373e-08
-3.74882e-08
-3.01627e-08
-2.38844e-08
-1.8526e-08
-1.39669e-08
-1.01003e-08
-6.83255e-09
-4.08241e-09
-1.77949e-09
1.3726e-10
1.72072e-09
3.01671e-09
4.06464e-09
4.89837e-09
-0.000618048
-0.000537581
-0.000102563
-1.95139e-05
-3.65504e-06
-6.27282e-07
-5.10178e-08
5.64484e-08
7.40322e-08
7.42359e-08
7.09913e-08
6.70253e-08
6.29193e-08
5.88293e-08
5.48244e-08
5.06469e-08
4.6568e-08
4.27227e-08
3.9126e-08
-3.57761e-08
-0.00458266
-0.00857796
-0.0104327
-0.00975471
-0.00644916
-0.00123569
0.000455228
0.000461298
0.000499461
0.000508647
0.000480708
0.000417632
0.000322514
0.000197912
4.3514e-05
7.2447e-06
4.37585e-07
-7.62147e-07
-9.01945e-07
-8.47926e-07
-7.6449e-07
-6.8234e-07
-6.06747e-07
-5.38179e-07
-4.76226e-07
-4.20349e-07
-3.70021e-07
-3.2475e-07
-2.84083e-07
-2.47622e-07
-2.14991e-07
-1.85885e-07
-1.55452e-07
-1.27759e-07
-1.03637e-07
-8.28746e-08
-6.50676e-08
-4.9842e-08
-3.68649e-08
-2.58426e-08
-1.65172e-08
-8.66208e-09
-2.07847e-09
3.40635e-09
7.94245e-09
1.16581e-08
1.48526e-08
1.7416e-08
-0.000702493
-0.0013722
-0.00159734
-0.000305623
-5.82684e-05
-1.08752e-05
-1.79368e-06
-5.87168e-08
2.65304e-07
3.17153e-07
3.15718e-07
3.03345e-07
2.88437e-07
2.72837e-07
2.57096e-07
2.41481e-07
2.2617e-07
2.11309e-07
1.96959e-07
1.83193e-07
1.70062e-07
-1.57591e-07
-0.00355477
-0.00614531
-0.00624924
-0.00344298
-0.000668282
0.000338478
0.000780422
0.0010168
0.00116501
0.0012679
0.00134347
0.00140102
0.00144739
0.00149187
0.000288413
4.39771e-05
8.01707e-06
1.10273e-06
-1.9042e-07
-3.99726e-07
-4.03398e-07
-3.71169e-07
-3.35424e-07
-3.02042e-07
-2.71822e-07
-2.44626e-07
-2.20169e-07
-1.98164e-07
-1.7822e-07
-1.60266e-07
-1.44119e-07
-1.29593e-07
-1.16523e-07
-1.04763e-07
-9.41812e-08
-8.46588e-08
-7.60885e-08
-6.8374e-08
-6.14289e-08
-5.51753e-08
-4.95433e-08
-4.44697e-08
-3.98979e-08
-3.57776e-08
-3.20636e-08
-2.87158e-08
-2.56985e-08
-2.29796e-08
-2.05308e-08
-1.83268e-08
-1.63507e-08
-1.48095e-08
-1.33516e-08
-1.19754e-08
-1.07036e-08
-9.54579e-09
-8.50051e-09
-7.56118e-09
-6.71895e-09
-5.96458e-09
-5.28958e-09
-4.68606e-09
-4.14657e-09
-3.67259e-09
-3.18057e-09
0.000123561
2.35027e-05
4.45958e-06
8.37356e-07
0.000181451
-0.00435336
-0.00824668
-0.00997871
-0.00916699
-0.00572251
-0.0010887
0.000213694
0.000657933
0.000565452
0.00052325
0.000462106
0.000370784
0.000248948
9.88615e-05
1.82896e-05
2.91715e-06
6.74534e-05
1.22787e-05
1.74319e-06
-2.57011e-07
-6.21644e-07
-6.70538e-07
-6.56899e-07
-6.29848e-07
-5.99354e-07
-5.67787e-07
-5.35975e-07
-5.04378e-07
-4.73318e-07
-4.43053e-07
-4.13766e-07
-3.85577e-07
-3.58588e-07
-3.32871e-07
-3.08465e-07
-2.85384e-07
-2.63624e-07
-2.42779e-07
-2.23228e-07
-2.05004e-07
-1.87905e-07
-1.71944e-07
-1.57168e-07
-1.43526e-07
-1.30945e-07
-1.19355e-07
-1.08687e-07
-9.88772e-08
-8.98668e-08
-8.16001e-08
-7.40423e-08
-6.75164e-08
-6.14602e-08
-5.58305e-08
-5.06329e-08
-4.58594e-08
-4.14893e-08
-3.74959e-08
-3.38501e-08
-3.05235e-08
-2.74901e-08
-2.47258e-08
-2.22078e-08
-1.9915e-08
-1.78283e-08
-1.59302e-08
-1.42046e-08
-1.2637e-08
-1.12141e-08
9.92385e-09
-0.00655485
-0.0120488
-0.0211084
-0.028673
-0.0338694
-0.0350356
-0.0326598
-0.0271016
-0.0185185
-0.00705123
-0.000127652
0.0036604
0.00485306
0.00362232
0.000692504
0.000132002
2.43276e-05
3.23342e-06
-1.01969e-06
-2.08925e-06
-2.45132e-06
-2.62517e-06
-2.63341e-06
0.00108559
0.0012459
0.00122182
0.00117024
0.00111254
0.00104557
0.0009646
0.000866556
0.000692408
0.000475936
0.000224492
4.19376e-05
6.60172e-06
-1.36599e-07
-1.31948e-06
-1.43316e-06
-1.35051e-06
-1.23993e-06
-1.13292e-06
-1.03457e-06
-9.44942e-07
-8.63297e-07
-7.88828e-07
-7.20815e-07
-6.58625e-07
-6.01712e-07
-5.49598e-07
-5.01982e-07
-4.59537e-07
-4.20323e-07
-3.84109e-07
-3.50794e-07
-3.20225e-07
-2.92213e-07
-2.66301e-07
-2.42564e-07
-2.20857e-07
-2.01013e-07
-1.82872e-07
-1.66285e-07
-1.51118e-07
-1.37247e-07
-1.24577e-07
-1.12972e-07
-1.02364e-07
-9.26688e-08
8.38038e-08
-0.00479025
-0.0157165
-0.0218529
-0.023808
-0.0292734
-0.0354498
-0.0425943
-0.0463675
-0.0470318
-0.0450605
-0.0406065
-0.0337538
-0.0244978
-0.0151444
-0.00864847
-0.00342373
-0.000624025
6.55483e-05
3.40919e-05
2.48673e-05
0.000892242
0.000779797
0.000750655
0.000704727
0.000623838
0.000123619
2.71614e-05
7.87326e-06
3.45604e-06
2.0023e-06
1.23234e-06
6.85243e-07
2.61762e-07
-7.03883e-08
-3.28594e-07
-5.2566e-07
-6.72047e-07
-7.7638e-07
0.000154032
0.000202062
0.000208739
0.000212339
3.98419e-05
0.000156936
4.76283e-05
8.51531e-06
1.09277e-06
-2.81663e-07
-5.04071e-07
-5.09205e-07
-4.75886e-07
-4.41797e-07
-4.08301e-07
-3.76258e-07
-3.46044e-07
-3.17754e-07
-2.91345e-07
-2.66717e-07
-2.43744e-07
-2.22303e-07
-2.02304e-07
-1.8367e-07
-1.66325e-07
-1.50216e-07
-1.3536e-07
-4.47562e-06
-9.14169e-07
-2.18274e-07
-7.23708e-08
3.39481e-08
-0.00355392
-0.00484005
-0.00490711
-0.00257677
-0.000491951
-4.08889e-05
2.36738e-05
4.78396e-06
1.10257e-06
3.45219e-07
1.59794e-07
9.20236e-08
5.39794e-08
2.74034e-08
7.64487e-09
-7.1238e-09
-1.80111e-08
-2.58424e-08
-3.12699e-08
-3.48166e-08
-3.69025e-08
-3.78643e-08
-3.79854e-08
-3.75191e-08
-3.66267e-08
-3.54284e-08
-3.40168e-08
-3.24638e-08
-3.08252e-08
-2.91487e-08
-2.74657e-08
-2.57945e-08
-2.41554e-08
-2.25648e-08
-2.10331e-08
-1.95666e-08
-1.81688e-08
-1.68409e-08
-1.55829e-08
-1.43926e-08
-1.32702e-08
-1.22116e-08
-1.1214e-08
-1.0275e-08
-9.3925e-09
-8.56453e-09
-7.78936e-09
-7.06545e-09
-6.39164e-09
-5.7671e-09
-5.19607e-09
-4.85284e-09
-4.50099e-09
-4.13632e-09
-3.77707e-09
-3.43921e-09
-2.94879e-09
-0.000160834
-0.0001241
-2.37101e-05
-4.5155e-06
-8.47595e-07
-1.48904e-07
-1.71193e-06
-1.63402e-06
-1.16997e-06
-7.29439e-07
-1.33544e-07
-5.7729e-08
9.2261e-09
-0.00776392
-0.0168274
-0.0224482
-0.0251656
-0.0251875
-0.0225715
-0.0173637
-0.00961641
-0.00183201
0.00274321
0.00515668
0.00568843
0.00439474
0.00189483
0.00122324
0.00105141
0.000909433
0.000752142
0.000570711
0.000363716
0.000131094
2.49755e-05
4.72472e-06
8.63038e-07
1.29367e-07
-7.42065e-09
-3.0456e-08
-3.19732e-08
-2.95894e-08
-2.67171e-08
-2.39876e-08
-2.14596e-08
-1.91665e-08
-1.71251e-08
-1.53295e-08
-1.3761e-08
-1.2395e-08
-1.1204e-08
-1.01601e-08
-9.23624e-09
-8.40694e-09
-7.64756e-09
-6.93655e-09
-6.25902e-09
-5.60572e-09
-4.97154e-09
-4.35402e-09
-3.75357e-09
-3.17412e-09
-2.6217e-09
-2.17732e-09
-2.49093e-09
-2.69183e-09
-2.75691e-09
2.01502e-09
4.82234e-09
6.63371e-09
7.84887e-09
8.62581e-09
5.09274e-08
5.06693e-08
9.90107e-10
1.6891e-09
-3.73769e-09
-8.69045e-09
-1.01565e-08
-9.30747e-09
-8.12084e-09
-7.24871e-09
7.02535e-09
-0.00784355
-0.0173133
-0.0244295
-0.0281837
-0.0284951
-0.0256472
-0.0197976
-0.0109992
-0.00209696
0.00290164
0.00517773
0.00506751
0.0026574
0.00136553
0.00100402
0.00082234
0.000652022
0.000461423
0.000244631
4.71422e-05
9.29031e-06
1.9986e-06
5.63635e-07
2.56577e-07
1.71229e-07
1.33122e-07
1.07995e-07
8.85751e-08
7.28859e-08
6.00682e-08
4.95671e-08
4.09583e-08
3.38967e-08
2.81016e-08
2.33441e-08
1.9437e-08
1.62268e-08
1.35883e-08
1.14184e-08
9.63309e-09
8.16315e-09
6.95196e-09
5.95301e-09
5.12796e-09
4.44519e-09
3.87856e-09
3.40646e-09
3.01092e-09
2.67691e-09
2.3918e-09
2.14409e-09
1.22476e-09
4.4827e-10
-1.80496e-10
-7.1466e-10
1.32662e-09
2.74672e-09
-3.63452e-06
-6.94435e-07
-1.31631e-07
-2.72091e-08
-4.86075e-09
-7.34587e-10
2.80783e-07
2.87265e-07
3.03057e-07
2.27016e-07
2.05764e-07
2.38959e-07
-3.30404e-07
-0.00486238
-0.0148081
-0.0205332
-0.0231281
-0.0229246
-0.0200603
-0.0146151
-0.00663894
-0.00126358
0.00146922
0.00229301
0.00131322
0.000706837
0.000538403
0.000432634
0.000312828
0.000165028
3.2016e-05
6.54072e-06
1.60622e-06
6.04917e-07
3.64704e-07
2.78282e-07
2.28228e-07
1.90886e-07
1.60719e-07
1.3583e-07
1.15167e-07
9.79622e-08
8.35558e-08
7.14632e-08
6.13419e-08
5.28363e-08
4.56442e-08
3.95313e-08
3.43147e-08
2.98498e-08
2.60214e-08
2.27373e-08
1.99229e-08
1.75174e-08
1.54723e-08
1.37469e-08
1.23028e-08
1.11037e-08
1.01155e-08
9.30705e-09
8.6497e-09
8.11564e-09
7.678e-09
7.23185e-09
6.08733e-09
5.12705e-09
-3.34074e-05
-6.36317e-06
-1.20032e-06
-2.14754e-07
-2.68694e-08
8.53731e-09
1.46806e-08
1.51223e-08
1.43964e-08
1.34016e-08
1.23381e-08
1.12726e-08
1.03026e-08
6.96753e-09
3.99307e-09
1.57758e-09
3.18524e-10
-0.00646421
-0.0150889
-0.0228605
-0.0268168
-0.027268
-0.0245437
-0.0187989
-0.0101142
-0.00221444
0.00186115
0.00322007
0.00222107
0.000514114
0.000101029
2.15318e-05
5.94251e-06
2.65172e-06
1.76961e-06
1.39264e-06
1.14841e-06
9.59164e-07
8.04771e-07
6.77068e-07
5.70973e-07
4.82625e-07
4.08917e-07
3.47309e-07
2.95716e-07
2.52424e-07
2.16018e-07
1.8534e-07
1.59437e-07
1.37512e-07
1.18908e-07
1.03087e-07
8.96011e-08
7.80775e-08
6.82071e-08
5.97318e-08
5.24364e-08
4.6141e-08
4.0695e-08
3.5972e-08
3.1865e-08
2.82841e-08
2.51534e-08
2.24086e-08
1.99952e-08
1.78667e-08
1.59831e-08
1.43002e-08
1.20723e-08
1.00973e-08
8.39633e-09
1.11126e-08
1.30162e-08
1.42146e-08
1.48397e-08
1.50036e-08
1.48096e-08
1.43563e-08
0.000342026
0.000140464
2.68471e-05
5.10702e-06
1.86775e-05
3.54983e-06
6.58706e-07
5.85988e-07
-5.89259e-07
-0.00486523
-0.0148139
-0.0205336
-0.0231243
-0.0229171
-0.0200479
-0.0145984
-0.00661804
-0.0012595
0.00146224
0.0022766
0.00128761
0.000702225
0.000538618
0.000434163
0.000314847
0.000167404
3.25924e-05
6.75126e-06
1.73304e-06
7.04813e-07
4.50201e-07
3.53054e-07
2.94045e-07
2.49001e-07
2.12155e-07
1.81459e-07
1.55737e-07
1.34119e-07
1.15855e-07
1.00385e-07
8.73009e-08
7.61903e-08
6.67022e-08
5.85601e-08
5.15449e-08
4.54812e-08
4.02274e-08
3.56685e-08
3.17107e-08
2.82766e-08
2.53038e-08
2.27397e-08
2.05358e-08
1.8647e-08
1.70317e-08
1.56524e-08
1.4475e-08
