0.087224
0.0825426
0.0765711
0.0710389
0.06672
0.0619176
0.0574669
0.053321
0.0494917
0.0459227
0.0426224
0.0395527
0.0367083
0.0340665
0.0316151
0.02934
0.0272285
0.0252691
0.0234506
0.0217631
0.020197
0.0187437
0.0173949
0.016143
0.0149812
0.0139029
0.0129016
0.0119723
0.0111097
0.0103091
0.00956604
0.00887629
0.00823605
0.00764405
0.00709398
0.00658306
0.00610891
0.00566886
0.00526045
0.00488141
0.00452965
0.00420321
0.0039003
0.00361923
0.00335844
0.00311649
0.00289203
0.0026838
0.00249064
0.00231147
0.00214527
0.00199111
0.0018481
0.00171542
0.00159233
0.00147809
0.00137202
0.00127359
0.00118224
0.00109743
0.00101868
0.000945528
0.000877581
0.000814458
0.000755813
0.000701328
0.000650725
0.000603687
0.000560007
0.000519455
0.000482247
0.00045103
0.00064467
0.000607776
0.000576128
0.000546869
0.000141553
-0.000432936
-0.000392384
-0.000355328
-0.00032144
-0.000290434
-0.000262058
-0.000236087
-0.000212316
-0.000190561
-0.000170656
-0.000152451
-0.000135752
-0.000120487
-0.000106565
-9.38839e-05
-8.23494e-05
-7.18751e-05
-6.23811e-05
-5.39005e-05
-4.62358e-05
-3.93322e-05
-3.31376e-05
-2.75923e-05
-2.2639e-05
-1.82227e-05
-1.42911e-05
-1.07941e-05
-7.68378e-06
-4.91495e-06
-2.44511e-06
-2.34977e-07
1.7513e-06
3.54581e-06
5.17672e-06
6.66813e-06
8.03709e-06
9.31544e-06
1.05139e-05
1.16396e-05
1.26967e-05
1.36863e-05
1.46072e-05
1.54564e-05
1.62295e-05
1.68968e-05
1.77644e-05
1.38352e-05
1.00421e-05
6.37188e-06
2.71674e-06
-1.00275e-06
-3.12411e-06
-2.8248e-06
-2.90693e-06
-5.51552e-05
-0.000112539
-0.000157581
-0.000183375
-0.000187196
-0.000172842
-0.000159301
-0.000146486
-0.000134326
-0.000122233
-0.000112804
0.00138497
0.00313452
0.00445203
0.00546918
0.00626785
0.00685361
0.00634014
0.00529099
0.003527
0.00111283
-0.00126568
-0.00330104
-0.00403073
-0.00398166
-0.00369943
-0.00343621
-0.00319193
-0.00296526
-0.00275489
-0.00255953
-0.00237811
-0.00220967
-0.00205326
-0.00190804
-0.00177322
-0.00164805
-0.00153184
-0.00142395
-0.00132379
-0.00123081
-0.0011445
-0.00106437
-0.000989994
-0.000920958
-0.000856884
-0.000797422
-0.000742249
-0.000691064
-0.00064359
-0.000599571
-0.000558769
-0.000520964
-0.000485951
-0.000453539
-0.000423552
-0.000395825
-0.000370204
-0.000346412
-0.000324341
-0.000302941
-0.000283739
-0.000266072
-0.000249218
-0.000233131
-0.000217842
-0.00020338
-0.000189701
-0.000176761
-0.000164515
-0.000152015
-0.000140195
-0.000129011
-0.000118424
-0.000108396
-9.88941e-05
-8.98857e-05
-8.13425e-05
-7.32382e-05
-6.55825e-05
0.000198583
0.00031779
0.000302911
0.000290498
0.000279302
-0.000292126
-0.00117553
-0.0022581
-0.00347981
-0.00480369
-0.00620395
-0.0076607
-0.00915708
-0.0106761
-0.0121562
-0.0139801
-0.0156493
-0.0171806
-0.018601
-0.01997
-0.0200766
-0.0189171
-0.0175519
-0.0162851
-0.0151094
-0.0140183
-0.0130058
-0.0120662
-0.0111942
-0.0103851
-0.00963425
-0.00893757
-0.00829112
-0.0076913
-0.00713481
-0.0069932
-0.00675041
-0.00637837
-0.00591662
-0.00548817
-0.00509059
-0.00472165
-0.00437925
-0.00406146
-0.00376728
-0.00349422
-0.00324091
-0.00300619
-0.00278867
-0.00258705
-0.00240037
-0.00222704
-0.00206623
-0.00191707
-0.00177876
-0.00165054
-0.00153168
-0.00142153
-0.00131946
-0.00122491
-0.00113733
-0.00105623
-0.000981151
-0.000911647
-0.000847165
-0.000787917
-0.000733054
-0.000682275
-0.000635259
-0.00489244
-0.00454549
-0.0042244
-0.0039272
-0.00365192
-0.00339729
-0.00354122
-0.00412116
-0.00481334
-0.00555393
-0.00630386
-0.00703503
-0.00772203
-0.00835633
-0.00892945
-0.00943107
-0.00985222
-0.0101853
-0.0104244
-0.0105664
-0.0106034
-0.010529
-0.0103375
-0.0100238
-0.00958392
-0.00901388
-0.00837139
-0.00777496
-0.00722132
-0.00670739
-0.00623036
-0.00578758
-0.00537661
-0.00499517
-0.00464115
-0.00431259
-0.00400766
-0.00372466
-0.00346186
-0.00242759
-0.00225842
-0.00210145
-0.00195582
-0.00182071
-0.00169537
-0.00157911
-0.0014713
-0.00137115
-0.00127829
-0.0011922
-0.00111243
-0.0010385
-0.000970155
-0.000906963
-0.000847795
-0.000792555
-0.000741042
-0.000692994
-0.000648168
-0.00060634
-0.000567302
-0.000530859
-0.000496832
-0.000465054
-0.000435369
-0.000407634
-0.000381715
-0.000357488
-0.000334838
-0.000313657
-0.000293846
0.00051839
0.0017256
0.00244296
0.00275802
0.00255989
0.00177199
0.000649524
-0.000657242
-0.00208692
-0.00360544
-0.00522206
-0.00691767
-0.00865426
-0.0104087
-0.0121707
-0.0139302
-0.0156606
-0.0173103
-0.0188608
-0.0203135
-0.0216694
-0.0229292
-0.0240935
-0.0251628
-0.0261383
-0.027021
-0.0278125
-0.0285147
-0.0291295
-0.0296594
-0.0301071
-0.0304757
-0.0307685
-0.0309894
-0.0311431
-0.0312354
-0.028992
-0.027786
-0.026009
-0.0241401
-0.0224053
-0.020795
-0.0193001
-0.0179124
-0.0166243
-0.0154286
-0.0143186
-0.0132882
-0.0123318
-0.0114439
-0.0106197
-0.00985464
-0.0091444
-0.00848507
-0.00787298
-0.00730474
-0.00677718
-0.00628738
-0.00583259
-0.00541078
-0.00501941
-0.00465631
-0.00431945
-0.00400693
-0.00371702
-0.00344808
-0.00319861
-0.00296721
-0.00275258
-0.00255353
-0.00202639
-0.00165072
-0.00143736
-0.00132261
-0.00118571
-0.00110197
-0.00129797
-0.00158787
-0.00187575
-0.00213225
-0.00233688
-0.00245841
-0.00247796
-0.00237736
-0.00220684
-0.00204862
-0.00190185
-0.00176572
-0.00163945
-0.00152233
-0.00141371
-0.00131297
-0.00121955
-0.00113293
-0.00105262
-0.000978176
-0.000909174
-0.000845231
-0.000785987
-0.00073111
-0.000680291
-0.00063324
-0.00058969
-0.000549394
-0.000512119
-0.000477652
-0.00044579
-0.000416214
-0.000523664
-0.000503363
-0.000469701
-0.000438473
-0.000409503
-0.000382632
-0.000357708
-0.000334593
-0.000313158
-0.000293284
-0.000274862
-0.000257789
-0.000241974
-0.00022686
-0.000212728
-0.000199487
-0.000187056
-0.000175376
-0.000164391
-0.000154055
-0.000144323
-0.000135154
-0.000126512
-0.000118363
-0.000110692
-0.000103449
-9.66076e-05
-9.01405e-05
-8.40235e-05
-7.82915e-05
-7.29194e-05
-6.78693e-05
0.000174466
0.000246851
0.000229442
0.000213427
3.56615e-06
-0.000167013
-0.000324428
-0.000404949
-0.000403438
-0.000374026
-0.000346679
-0.000321245
-0.000297582
-0.000275556
-0.000255044
-0.000235931
-0.00021811
-0.000201485
-0.000185973
-0.000171497
-0.000157984
-0.00014536
-0.000133562
-0.000122527
-0.000112201
-0.000102528
-9.34612e-05
-8.49537e-05
-7.69624e-05
-6.94469e-05
-6.23687e-05
-5.56924e-05
-4.93841e-05
-4.34107e-05
-3.77387e-05
-3.24614e-05
-2.75539e-05
-2.29853e-05
-1.87265e-05
-1.47506e-05
-1.1033e-05
-7.55058e-06
-4.28245e-06
-1.2099e-06
1.68453e-06
4.41645e-06
6.99947e-06
9.44664e-06
1.17688e-05
1.39765e-05
1.53683e-05
1.64751e-05
1.7385e-05
1.80957e-05
1.85859e-05
1.88558e-05
1.8915e-05
1.87773e-05
1.84578e-05
1.79717e-05
1.73347e-05
1.65616e-05
1.56664e-05
1.46617e-05
1.35604e-05
1.24213e-05
1.12643e-05
1.00948e-05
8.91823e-06
7.7748e-06
0.000285559
0.00039279
0.000363578
0.000336341
0.000310943
0.000287261
5.9571e-05
-0.00032264
-0.000714301
-0.00107963
-0.00138894
-0.00161822
-0.0017479
-0.00176177
-0.00164398
-0.00152781
-0.00142009
-0.00132022
-0.00122763
-0.00114181
-0.00106228
-0.000988578
-0.000920299
-0.000857054
-0.000798484
-0.000744258
-0.000694066
-0.00064762
-0.000604655
-0.000564924
-0.000528198
-0.000494267
-0.000462791
-0.000433586
-0.000406492
-0.000381361
-0.000358057
-0.000336451
-0.000316426
-0.000297874
-0.000280693
-0.000264789
-0.000250076
-0.000236473
-0.000223905
-0.000212302
-0.00020158
-0.000191674
-0.000181834
-0.000172381
-0.000163377
-0.000154943
-0.000147065
-0.000139644
-0.000132624
-0.000125968
-0.000119646
-0.000113636
-0.000107919
-0.000102478
-9.72968e-05
-9.23622e-05
-8.76618e-05
-8.31831e-05
-7.89153e-05
-7.48467e-05
-7.09681e-05
-6.727e-05
-6.37446e-05
-6.02249e-05
0.000182978
0.000284298
0.000262899
0.000243087
0.00022477
-0.000261837
-0.000960387
-0.00175942
-0.00260337
-0.00346077
-0.00431214
-0.00514519
-0.00595357
-0.00673934
-0.00625662
-0.00579705
-0.00538169
-0.00499605
-0.00463799
-0.00430554
-0.00399684
-0.0037102
-0.00344404
-0.00319688
-0.00296736
-0.0027542
-0.00255625
-0.00237239
-0.00220164
-0.00204306
-0.00189576
-0.00175894
-0.00163185
-0.00151379
-0.00140412
-0.00130222
-0.00120755
-0.00111959
-0.00103785
-0.000961882
-0.000891276
-0.000825645
-0.000764629
-0.000707896
-0.000655136
-0.000606062
-0.000560406
-0.00051792
-0.000478373
-0.000441552
-0.000407254
-0.000375252
-0.000345385
-0.000317496
-0.000291438
-0.00026707
-0.000244264
-0.000222898
-0.00020286
-0.000184044
-0.000166354
-0.000149697
-0.000133989
-0.000119151
-0.000105348
-0.000215818
-0.00019461
-0.00017475
-0.00015612
-0.000320632
-0.000118206
-0.000104403
-9.176e-05
-8.01678e-05
-6.9538e-05
-5.97995e-05
-0.000271592
-0.000864202
-0.00123744
-0.00155961
-0.00180578
-0.00195482
-0.00198897
-0.00189405
-0.00175427
-0.00162452
-0.00157209
-0.0014561
-0.00134863
-0.00124907
-0.00115684
-0.00107143
-0.000992327
-0.000919088
-0.000851289
-0.000788535
-0.000730461
-0.000676729
-0.000627024
-0.000581054
-0.000538546
-0.00049925
-0.000462931
-0.000429372
-0.000398374
-0.000369748
-0.000343325
-0.000318922
-0.000296392
-0.000275601
-0.000256414
-0.000238709
-0.000222382
-0.000207336
-0.000193481
-0.000180735
-0.00016902
-0.000158267
-0.000148408
-0.000139382
-0.000131138
-0.000123678
-0.000116938
-0.000110866
-0.000105418
-0.000100554
-9.62396e-05
-9.24421e-05
-8.91309e-05
-8.62778e-05
-8.38564e-05
-8.18422e-05
-8.0213e-05
-7.89474e-05
-7.8026e-05
-7.74313e-05
-7.71466e-05
-7.7157e-05
-7.74493e-05
-7.80205e-05
-7.898e-05
-7.98737e-05
-8.11308e-05
0.00253154
0.0062361
0.00932095
0.0117977
0.013829
0.0155145
0.0171259
0.0158854
0.0147346
0.0136668
0.0126763
0.0117575
0.0109051
0.0101143
0.00938093
0.00870046
0.00806934
0.00748393
0.00694095
0.00643714
0.00488165
0.00348773
0.00224949
0.00114767
0.000173257
-0.000674854
-0.00139357
-0.00197788
-0.00236465
-0.00254061
-0.00249421
-0.00231716
-0.00215268
-0.00199988
-0.00185796
-0.00172614
-0.0016037
-0.00148999
-0.00138438
-0.00128627
-0.00119515
-0.0011105
-0.00103185
-0.000958766
-0.000890848
-0.000827713
-0.000769012
-0.000714414
-0.000663582
-0.000616245
-0.000572143
-0.000531032
-0.000492686
-0.000456892
-0.000423471
-0.000392243
-0.000363041
-0.000335709
-0.000310107
-0.000286105
-0.000263584
-0.000242433
-0.000222551
-0.000203847
-0.000186234
-0.000169635
-0.000154061
-0.000139311
-0.000125503
-0.000112657
-0.00010079
-8.95568e-05
-7.88544e-05
0.00868501
0.0175186
0.0261096
0.0346647
0.0432847
0.0514022
0.0591838
0.0654362
0.066531
0.0635605
0.0589966
0.0546478
0.0507216
0.0470766
0.0428192
0.0391423
0.0357346
0.0326099
0.0297804
0.0276377
0.0256494
0.0238043
0.0220921
0.0205034
0.0190292
0.0176612
0.0163919
0.0152141
0.0141211
0.0131069
0.0121657
0.0112923
0.0103267
0.00941199
0.0085654
0.00777719
0.00721878
0.00655036
0.0060615
0.00562584
0.00522128
0.00484558
0.00449669
0.0041727
0.00387184
0.00359246
0.00333305
0.00309221
0.00286863
0.0026611
0.00246849
0.00228975
0.00212388
0.00196998
0.00182718
0.00169468
0.00157173
0.00145761
0.00135166
0.0012536
0.00116276
0.00107861
0.00100064
0.000928325
0.00107963
0.00100177
0.00162956
0.00242167
0.00224777
0.00203348
0.00185614
0.00172266
0.00159869
0.00148352
0.00137648
0.00127703
0.00118464
0.00109882
0.00101913
0.000945156
0.000876511
0.000812839
0.000753807
0.000699101
0.000648427
0.000601509
0.000558085
0.000517908
0.000480745
0.000446375
0.000414588
0.000385186
0.000357982
0.000332801
0.000309477
0.000287857
0.000267799
0.000249171
0.000231855
0.000215741
0.000200731
0.00018674
0.00017369
0.000161513
0.000150151
0.000139554
0.000129676
0.000120482
0.000111938
0.000104016
9.6692e-05
8.99434e-05
8.37501e-05
7.80921e-05
7.29535e-05
6.83484e-05
6.4251e-05
6.06398e-05
5.74964e-05
5.48039e-05
5.23962e-05
4.96658e-05
4.69261e-05
4.42122e-05
4.15205e-05
3.88636e-05
3.63758e-05
3.40692e-05
3.19318e-05
2.99327e-05
2.80447e-05
2.62465e-05
2.45213e-05
2.2846e-05
0.000699174
0.00140788
0.00171251
0.00170113
0.00166955
0.0016225
0.00156217
0.0014896
0.00138158
0.00107772
0.00059148
-8.17676e-05
-0.000942589
-0.00193053
-0.0026531
-0.00328012
-0.00375293
-0.00406157
-0.00419659
-0.00414953
-0.00391271
-0.00363116
-0.00336981
-0.00312722
-0.00290205
-0.00269308
-0.00249913
-0.00231916
-0.00215217
-0.00199723
-0.00185349
-0.00172015
-0.00159647
-0.00148175
-0.00137536
-0.0012767
-0.00118521
-0.00110035
-0.00102166
-0.00094868
-0.000880985
-0.000818188
-0.000759925
-0.000705858
-0.000655676
-0.000609089
-0.000565831
-0.000525655
-0.000488335
-0.000453663
-0.000421451
-0.000391561
-0.000363828
-0.000338104
-0.000313846
-0.00029112
-0.000269831
-0.000249887
-0.000231195
-0.000214001
-0.000197985
-0.000182874
-0.000169243
-0.000156734
-0.000145275
-0.000134794
-0.000125218
-0.000116464
-0.000108469
-0.000101185
0.000573264
0.000531249
0.00151374
0.00239881
0.00283079
0.00289976
0.00294416
0.00297472
0.00276076
0.00235043
0.00175451
0.000976183
1.71752e-05
-0.00083937
-0.00152043
-0.00204033
-0.00238753
-0.00255193
-0.0025243
-0.00234273
-0.00217418
-0.00201773
-0.00187252
-0.00173774
-0.00161266
-0.0014966
-0.0013889
-0.00128897
-0.00119627
-0.00111027
-0.0010305
-0.00095651
-0.000887885
-0.000824238
-0.000765206
-0.000710453
-0.000659665
-0.000612551
-0.000568837
-0.000528273
-0.000490624
-0.000455673
-0.000423218
-0.000393074
-0.000365068
-0.000339044
-0.000314857
-0.000292372
-0.000271467
-0.00025203
-0.000233958
-0.000217129
-0.000201459
-0.000186867
-0.000173275
-0.000160812
-0.00014935
-0.000138809
-0.000128818
-0.000119631
-0.000111068
-0.000103064
-9.56554e-05
-8.88945e-05
-8.28793e-05
-7.73396e-05
-7.21461e-05
-6.73425e-05
-6.29416e-05
-5.86244e-05
-5.47175e-05
0.00187635
0.00324835
0.00421616
0.00483144
0.0052607
0.00567196
0.00607024
0.00563312
0.00520258
0.00460918
0.00384443
0.00311309
0.00248671
0.00197875
0.00160676
0.0013863
0.00128639
0.00119369
0.00110766
0.00102783
0.00095376
0.000885021
0.000821232
0.000762034
0.000707092
0.0006561
0.000608768
0.000564832
0.000524043
0.000486174
0.000451011
0.00041836
0.000388038
0.000359876
0.000333718
0.00030942
0.000286846
0.000265874
0.000246388
0.000228281
0.000211456
0.000195821
0.000181291
0.000167788
0.000155239
0.000143576
0.000132738
0.000122664
0.0001133
0.000104591
9.64485e-05
8.88337e-05
8.22013e-05
7.62166e-05
7.08241e-05
6.59821e-05
6.16482e-05
5.77841e-05
5.43529e-05
5.13212e-05
4.86574e-05
4.63335e-05
4.43251e-05
4.26117e-05
4.11917e-05
3.94313e-05
3.74168e-05
3.51602e-05
3.26759e-05
3.01397e-05
2.77585e-05
0.0024098
0.00448636
0.00608237
0.00728753
0.00834991
0.00940044
0.00901053
0.00836237
0.00776086
0.00716126
0.00656038
0.00608845
0.00565042
0.00524388
0.00486657
0.00451641
0.00419143
0.00388985
0.00360998
0.00335026
0.00310924
0.00288559
0.00267806
0.00248548
0.00230677
0.00214094
0.00198706
0.00184426
0.00171174
0.00158876
0.00147462
0.00136868
0.00127034
0.00117907
0.00109433
0.00101567
0.000942638
0.00087483
0.00081187
0.000753412
0.000699132
0.000648732
0.000601937
0.000558491
0.000518158
0.000480718
0.000445968
0.00041372
0.000383798
0.000356075
0.000330396
0.00030662
0.000284298
0.000263397
0.000243814
0.000225456
0.000208234
0.000192066
0.000176871
-0.000178867
-0.000241684
-0.000224611
-0.00020875
-0.000211432
-0.00019619
-0.000182051
-0.000169421
-0.000157136
-0.000145913
0.00179921
0.00318185
0.00416072
0.00478748
0.00521899
0.00563236
0.00603276
0.00559821
0.005169
0.00457604
0.00381118
0.00308218
0.00245708
0.00194987
0.00157829
0.00135793
0.00125995
0.00116905
0.00108471
0.00100648
0.000933902
0.000866577
0.000804123
0.000746186
0.000692437
0.000642569
0.000596296
0.000553353
0.000513495
0.00047649
0.000442128
0.000410213
0.000380562
0.000353008
0.000327395
0.00030358
0.000281431
0.000260828
0.000241659
0.000223821
0.00020722
0.000191771
0.000177394
0.000164016
0.00015157
0.000139994
0.00012923
