0
0.000254047
0.000250168
0.000203933
0.000180103
-0.000154103
-0.000879982
-0.00152728
-0.00241939
-0.002836
-0.00339101
-0.00360032
-0.0038284
-0.003948
-0.00401304
-0.00408245
-0.00415535
-0.00423147
-0.00431091
-0.00439387
-0.00448065
-0.00457145
-0.0046667
-0.0047663
-0.00487093
-0.0049804
-0.0050933
-0.00521181
-0.00533632
-0.005467
-0.00560387
-0.00574693
-0.00589607
-0.00611544
-0.00614374
-0.00614713
-0.0061508
-0.00615585
-0.00616126
-0.00616703
-0.00617298
-0.00617882
-0.0061843
-0.00618921
-0.00619339
-0.00619675
-0.0061992
-0.00620071
-0.0062013
-0.00620053
-0.00619832
-0.006195
-0.00619097
-0.00618657
-0.00618191
-0.00617978
-0.00618464
-0.00618626
-0.0061846
-0.00618216
-0.00617966
-0.00617723
-0.00617494
-0.00617283
-0.00617092
-0.00616922
-0.00616815
-0.00616667
-0.00616554
-0.00616464
-0.00616396
-0.00584471
-0.00560062
-0.00539338
-0.0052018
-0.0050213
-0.00485031
-0.00468514
-0.00455417
-0.00442391
-0.00429406
-0.00416449
-0.00403519
-0.00390613
-0.00377729
-0.00364864
-0.00352012
-0.00339164
-0.00326597
-0.00314188
-0.00302101
-0.00290321
-0.00278829
-0.00267608
-0.00256639
-0.0024586
-0.00235299
-0.00225027
-0.00215123
-0.00205566
-0.00196341
-0.00187419
-0.0017878
-0.00170413
-0.00162303
-0.00154431
-0.00146771
-0.00139297
-0.00131979
-0.00124789
-0.00117703
-0.001107
-0.00102807
-0.000945166
-0.000858333
-0.000767602
-0.000672986
-0.00057448
-0.000472066
-0.000365714
-0.000255387
-0.000141565
-1.48016e-05
-3.74272e-05
-0.000159992
-0.000385393
-0.000714441
-0.00114657
-0.00160195
-0.00201427
-0.00236368
-0.00266652
-0.00292035
-0.0031231
-0.00327287
-0.0033679
-0.00340762
-0.00339877
-0.0033441
-0.0032415
-0.00308888
-0.00296401
-0.00303806
-0.00311764
-0.00319616
-0.00329035
-0.00342487
-0.00359762
-0.00384884
-0.0041949
-0.00460492
-0.00507839
-0.00562665
-0.00623834
-0.00684311
-0.00745892
-0.00807512
-0.0086919
-0.00930961
-0.00992853
-0.010549
-0.0111714
-0.0117962
-0.012424
-0.0130553
-0.0136906
-0.0143306
-0.0149759
-0.015627
-0.0162847
-0.0169496
-0.0176226
-0.0183044
-0.0189959
-0.0196977
-0.0204109
-0.0211364
-0.0218753
-0.0226288
-0.0233978
-0.0241838
-0.0249878
-0.0258111
-0.0266548
-0.02752
-0.0284079
-0.0293195
-0.0302557
-0.0312177
-0.0321539
-0.0328052
-0.0332133
-0.0335512
-0.0338169
-0.034013
-0.0341247
-0.0341472
-0.0341018
-0.0339896
-0.0338121
-0.0335713
-0.0330368
-0.0324427
-0.0317907
-0.0310825
-0.0303197
-0.029504
-0.0286368
-0.0277195
-0.0267534
-0.0257398
-0.0246623
-0.0235156
-0.0223076
-0.0210413
-0.0197225
-0.018363
-0.0169601
-0.0155122
-0.0140177
-0.0124755
-0.0108841
-0.00924189
-0.00754719
-0.00579743
-0.00398354
-0.00217948
-0.000382502
0.00140922
0.00319735
0.00498493
0.00675605
0.00852902
0.0103041
0.0120818
0.013863
0.015649
0.0174298
0.0192067
0.0209808
0.0227542
0.0245289
0.0263064
0.0280884
0.0298764
0.0316398
0.0334467
0.035268
0.0371057
0.0389608
0.040833
0.0427248
0.044638
0.0465748
0.0485368
0.0502811
0.0518922
0.053388
0.0547852
0.0560841
0.0572855
0.0583823
0.0594138
0.0603708
0.0612476
0.062043
0.0627578
0.0633938
0.0639536
0.0644397
0.064855
0.0652021
0.0654837
0.0657024
0.0658607
0.0660314
0.0660901
0.0660916
0.0660457
0.0659542
0.0658194
0.0656101
0.0653394
0.0650196
0.0646595
0.064276
0.0638294
0.063354
0.0628408
0.0622918
0.0617102
0.0610927
0.0604404
0.0597558
0.0590391
0.0582906
0.0575105
0.0566987
0.0558545
0.0549737
0.0540551
0.0530976
0.0521004
0.0510623
0.0499826
0.0488601
0.0476895
0.0464706
0.0452025
0.0438841
0.0425144
0.0410921
0.039616
0.0380847
0.0364971
0.0348518
0.0331472
0.0313822
0.0296421
0.0277697
0.0258414
0.0238628
0.0218313
0.0197443
0.0175995
0.0153947
0.0131275
0.0107929
0.00839106
0.00592575
0.00339456
0.000795423
-0.00189317
-0.0046712
-0.00715474
-0.00953387
-0.0118056
-0.0139693
-0.0160268
-0.017981
-0.019835
-0.0215922
-0.023256
-0.02483
-0.0263176
-0.0277222
-0.0290471
-0.0302956
-0.0314708
-0.0325757
-0.0336135
-0.0345929
-0.0355041
-0.0362713
-0.0369681
-0.0375985
-0.0381802
-0.0387116
-0.0391894
-0.0396142
-0.0399887
-0.0403119
-0.0405866
-0.0408119
-0.0409886
-0.0411153
-0.0411925
-0.0412226
-0.0412035
-0.0411343
-0.041015
-0.0408456
-0.0406262
-0.0403568
-0.0400371
-0.039667
-0.0392461
-0.0387741
-0.0382505
-0.0376748
-0.0370466
-0.0363648
-0.035629
-0.0348382
-0.0339917
-0.0330885
-0.0321276
-0.0311969
-0.0301595
-0.0290881
-0.0279823
-0.0268368
-0.02565
-0.0244204
-0.0231461
-0.0218261
-0.0204598
-0.0190459
-0.0175831
-0.01607
-0.0145055
-0.0128887
-0.0112026
-0.00944854
-0.00762527
-0.00572991
-0.00375863
-0.00170693
0.000430529
0.00266172
0.00465843
0.00654066
0.00831132
0.00997357
0.0115306
0.0129856
0.0143416
0.0156018
0.016769
0.0178462
0.0188361
0.0197566
0.0205872
0.0213565
0.0220579
0.0226965
0.0232731
0.0236595
0.0239864
0.0242452
0.0244332
0.0245609
0.0246309
0.0246432
0.0246011
0.0245069
0.0243561
0.0241474
0.0238807
0.023556
0.0231729
0.022731
0.0222299
0.0216691
0.0210481
0.0203662
0.0196227
0.018817
0.0179481
0.0170152
0.0160174
0.0149535
0.0138223
0.0126227
0.0113535
0.0100131
0.00860009
0.00711259
0.00565003
0.00415756
0.00266364
0.00116563
-0.000338241
-0.00184971
-0.00337032
-0.00490155
-0.00644484
-0.00800154
-0.00957297
-0.0111603
-0.0127649
-0.0143871
-0.015743
-0.0170097
-0.0181859
-0.0192625
-0.0202367
-0.0211089
-0.0218805
-0.0225539
-0.0231317
-0.0236164
-0.0240108
-0.024318
-0.0245404
-0.0246806
-0.0247411
-0.024724
-0.0246683
-0.0245756
-0.0244479
-0.0242992
-0.0241206
-0.0239144
-0.0236815
-0.0233229
-0.0229124
-0.0224747
-0.0220102
-0.021519
-0.0210013
-0.0204534
-0.0198734
-0.0192609
-0.0186154
-0.0179361
-0.0172221
-0.0164726
-0.0156863
-0.0148627
-0.014001
-0.0131003
-0.0121597
-0.0111781
-0.0101544
-0.00908731
-0.00797575
-0.00681837
-0.00561383
-0.0043607
-0.00305749
-0.00170243
-0.000293711
0.00117058
0.00269282
0.00427712
0.00585642
0.00743131
0.0090035
0.0105747
0.0121466
0.013721
0.0152995
0.0168839
0.0184757
0.0200766
0.0216878
0.0233108
0.0249469
0.0265974
0.0282634
0.0296209
0.0308615
0.0320212
0.033095
0.0340716
0.0349468
0.0357201
0.0363925
0.0369659
0.0374428
0.0378255
0.0381165
0.0383181
0.0384322
0.0384607
0.0384292
0.0383459
0.0382124
0.0380304
0.0378015
0.0375346
0.037222
0.0368725
0.0364844
0.0360584
0.0355923
0.0349662
0.0343008
0.033597
0.0328545
0.0320733
0.0312531
0.0303934
0.029494
0.0285506
0.0275571
0.0265131
0.0254182
0.0242717
0.0230726
0.0218198
0.0205122
0.0191486
0.0177275
0.0162476
0.0147074
0.0131053
0.0114395
0.00970842
0.00790992
0.00604156
0.00409992
0.00215016
0.000196346
-0.00176309
-0.00373016
-0.00570687
-0.0076953
-0.00969753
-0.0117157
-0.0137518
-0.0158081
-0.0178865
-0.0199891
-0.0221177
-0.0242743
-0.0264506
-0.0286468
-0.0305907
-0.0323898
-0.0340773
-0.0356931
-0.037246
-0.0387194
-0.0401082
-0.0414115
-0.0426309
-0.0437689
-0.0448285
-0.0458126
-0.0467245
-0.0475671
-0.0483437
-0.0490573
-0.049711
-0.0503066
-0.0508468
-0.0513345
-0.0517724
-0.0521627
-0.0524925
-0.0527539
-0.0529576
-0.0531086
-0.0532136
-0.0532806
-0.0533101
-0.0533028
-0.0532592
-0.0531796
-0.0530644
-0.052914
-0.0527285
-0.0525078
-0.0523184
-0.0520705
-0.0517979
-0.0515039
-0.0511873
-0.0508475
-0.0504826
-0.0500921
-0.0496759
-0.0492334
-0.0487641
-0.0482675
-0.047743
-0.0471901
-0.0466141
-0.0460144
-0.0453901
-0.0447404
-0.0440647
-0.043362
-0.0426313
-0.0418718
-0.0410822
-0.0402615
-0.0394084
-0.0385216
-0.0376
-0.0366422
-0.035647
-0.0346131
-0.0335395
-0.032425
-0.0312686
-0.0300692
-0.028826
-0.0275378
-0.0262045
-0.0248078
-0.0233501
-0.0218309
-0.0202481
-0.0185987
-0.016879
-0.0150853
-0.0132137
-0.0112601
-0.00922052
-0.00709092
-0.00486707
-0.00254512
-0.000210541
0.00221384
0.00469412
0.00723396
0.00984198
0.0122843
0.0146464
0.0169296
0.0191431
0.0212892
0.0233709
0.0253855
0.0272043
0.0289624
0.0306573
0.0322802
0.0338323
0.0353148
0.0367293
0.0380773
0.0393627
0.0406761
0.0418358
0.0429318
0.0439653
0.0449369
0.0458476
0.0466979
0.0474886
0.0482201
0.0488929
0.0495075
0.0500643
0.0505635
0.0510053
0.05139
0.0517175
0.0519877
0.0522008
0.0523566
0.0524549
0.0524954
0.0524776
0.0524099
0.0522919
0.0521229
0.0519068
0.0516458
0.0513391
0.050986
0.0505859
0.0501381
0.0496421
0.0490973
0.0485032
0.0478593
0.0471659
0.0464024
0.0455728
0.0446776
0.0437155
0.0426842
0.0415807
0.0404016
0.0391436
0.037803
0.0363764
0.0348601
0.0332503
0.0315435
0.0297356
0.0278231
0.0258019
0.0236683
0.0214183
0.019048
0.0165297
0.013978
0.0112359
0.0086561
0.00623715
0.00384141
0.00151547
-0.00076006
-0.00298397
-0.00515299
-0.00724394
-0.00926593
-0.0111874
-0.0130582
-0.0148767
-0.0166421
-0.0183561
-0.020037
-0.0216509
-0.023216
-0.0247249
-0.0261797
-0.0276599
-0.0288895
-0.0300275
-0.0311081
-0.0321324
-0.0331022
-0.0340191
-0.034885
-0.0357015
-0.0364894
-0.0372278
-0.0379175
-0.0385603
-0.0391618
-0.0397203
-0.040233
-0.0406988
-0.041117
-0.0414874
-0.0418095
-0.042083
-0.0423078
-0.0424837
-0.0426107
-0.0426887
-0.0427178
-0.0426981
-0.0426298
-0.0425138
-0.0423389
-0.0421088
-0.0418241
-0.0414837
-0.0410858
-0.0406279
-0.0401139
-0.039541
-0.0389064
-0.0382071
-0.0374403
-0.0366028
-0.0356918
-0.034704
-0.0336368
-0.0324867
-0.0312506
-0.0299254
-0.0285079
-0.0270121
-0.0254504
-0.0238949
-0.0223359
-0.0206568
-0.0188992
-0.0172188
-0.0155467
-0.0138615
-0.0121783
-0.0105025
-0.00886411
-0.00731429
-0.00576614
-0.00418191
-0.00257636
-0.000967961
0.000636043
0.00223576
0.00386335
0.00545427
0.00695225
0.00839047
0.00977325
0.0111081
0.0123359
0.0134833
0.014551
0.0155407
0.0164542
0.0172899
0.0180491
0.0187321
0.0193393
0.0198707
0.0203267
0.0207071
0.021012
0.021257
0.0214307
0.021534
0.0215668
0.0216237
0.0215913
0.0215359
0.021453
0.021342
0.0212024
0.0210339
0.0208356
0.0206077
0.0203339
0.0200161
0.0196531
0.0192429
0.018782
0.0182671
0.0176941
0.0170591
0.0163578
0.0155864
0.0147402
0.0138149
0.0128055
0.0117056
0.0107291
0.00983667
0.00902494
0.00829127
0.00763305
0.00703216
0.0063891
0.00592983
0.00555387
0.00527119
0.00515382
0.00510107
0.00511215
0.00518187
0.00528095
0.00538032
0.00547953
0.00557868
0.00567786
0.00577717
0.00587669
0.00597649
0.00607661
0.00617706
0.00627785
0.00637894
0.00648028
0.006582
0.00668482
0.00678948
0.00689676
0.00700749
0.00712251
0.00724273
0.00736903
0.00750255
0.00764436
0.00779547
0.00795699
0.00813014
0.00831622
0.00851657
0.00873261
0.00896579
0.00921761
0.00948951
0.00978295
0.0100993
0.01044
0.0108062
0.0111991
0.0116199
0.0120697
0.0125495
0.0130604
0.0136029
0.0141918
0.0148266
0.0155094
0.0162439
0.0170361
0.0178187
0.0183225
0.0186959
0.0189593
0.019118
0.0191816
0.0192193
0.0192504
0.0192824
0.019314
0.0193436
0.0193707
0.019395
0.0194165
0.0194727
0.0195032
0.0195402
0.0195847
0.0196309
0.0196807
0.0197344
0.0197914
0.019834
0.0198011
0.019771
0.0197463
0.0197286
0.0197197
0.0197134
0.0197094
0.0197062
0.0197035
0.0197012
0.0196991
0.019697
0.0196931
0.0196875
0.019681
0.0196741
0.019667
0.0196598
0.0196523
0.0196446
0.0196366
0.0196279
0.0196185
0.0196081
0.0195967
0.0195837
0.019569
0.0195521
0.0195324
0.0195096
0.0194829
0.019452
0.0194161
0.0193748
0.0193277
0.0192742
0.0192142
0.0191473
0.0190732
0.0189919
0.0189033
0.0188078
0.0186938
0.0185622
0.0184123
0.0184008
0.0184654
0.0186036
0.0188155
0.0191016
0.0193614
0.0196561
0.0200414
0.0202913
0.0204954
0.020657
0.0207767
0.0208561
0.0209039
0.0209193
0.0209014
0.0207678
0.0205487
0.0205001
0.0205316
0.020561
0.0205846
0.0205964
0.0205979
0.0205949
0.0207264
0.0208554
0.0209778
0.0210973
0.0212113
0.021323
0.0214305
0.0215347
0.0216387
0.0217425
0.0218453
0.0219457
0.0220444
0.0221419
0.0222387
0.0223347
0.0224302
0.0225252
0.0226197
0.0227137
0.0228072
0.0229002
0.0229929
0.0230854
0.0231776
0.0232695
0.0233612
0.0234526
0.0235439
0.0236351
0.0237264
0.0238179
0.0239098
0.0240022
0.0240953
0.0241895
0.0242847
0.0243813
0.0244793
0.0245788
0.0246799
0.0247802
0.0248883
0.0250033
0.0251261
0.0252586
0.0253296
0.0253614
0.025358
0.0254296
0.0254731
0.0255359
0.0256261
0.0257236
0.0257756
0.0258256
0.0258732
0.025918
0.0259598
0.0259985
0.0260341
0.0260754
0.0261059
0.026143
0.0261904
0.0262474
0.0263103
0.0263748
0.0264405
0.0264968
0.0264758
0.026457
0.0264429
0.026434
0.0264293
0.0264265
0.0264234
0.0264199
0.0264151
0.0264081
0.0263996
0.0263898
0.0263791
0.0263674
0.0263548
0.0263413
0.0263266
0.0263109
0.0262938
0.0262753
0.0262553
0.0262334
0.0262094
0.026183
0.0261541
0.0261223
0.0260871
0.0260482
0.0260049
0.0259567
0.0259031
0.0258435
0.0257772
0.0257039
0.0256228
0.0255338
0.0254364
0.0253304
0.0252156
0.0250918
0.0249589
0.0248175
0.0246558
0.0244749
0.024448
0.0244864
0.0245852
0.0247451
0.0249656
0.0252458
0.0255851
0.0259827
0.0264379
0.02695
0.027519
0.0281454
0.0288358
0.0293748
0.0297856
0.0300664
0.0302149
0.0302477
0.0301732
0.030165
0.0301839
0.030204
0.0302207
0.0302289
0.0302275
0.0302339
0.0303865
0.0305246
0.0306475
0.0307671
0.0308812
0.0309851
0.0310877
0.0311902
0.0312925
0.0313946
0.0314964
0.0315979
0.0316991
0.0317999
0.0319004
0.0320005
0.0321003
0.0321997
0.0322987
0.0323973
0.0324955
0.0325933
0.0326907
0.0327878
0.0328846
0.032981
0.0330771
0.0331727
0.0332681
0.0333633
0.0334583
0.0335533
0.0336485
0.0337441
0.0338403
0.0339372
0.0340352
0.0341343
0.0342347
0.0343366
0.03444
0.034543
0.0346548
0.034775
0.0349045
0.034938
0.0349003
0.0347916
0.0346127
0.034364
0.034046
0.0336581
0.0333962
0.0332481
0.0332138
0.033191
0.033252
0.0333124
0.0333694
0.0334216
0.0334691
0.0335205
0.0335625
0.0336137
0.033675
0.0337456
0.0338219
0.0338992
0.0339773
0.0340453
0.0340299
0.0340164
0.0340071
0.0340026
0.0340021
0.0340041
0.0340054
0.0340059
0.0340049
0.0340011
0.0339953
0.0339879
0.033979
0.0339687
0.033957
0.0339438
0.033929
0.0339125
0.0338941
0.0338737
0.0338512
0.0338263
0.0337986
0.033768
0.0337342
0.033697
0.0336558
0.0336104
0.03356
0.0335043
0.0334426
0.0333743
0.0332989
0.033216
0.0331249
0.0330253
0.0329168
0.0327993
0.0326724
