-0.048557
-0.0304937
-0.0125197
-0.00291455
0.00173056
0.00441829
0.00564208
0.00608679
0.00610944
0.00593087
0.00564334
0.00531725
0.0049765
0.00464128
0.00431832
0.00401235
0.00372484
0.00345597
0.00320526
0.00297189
0.00275491
0.00255341
0.00236634
0.00219292
0.00203206
0.00188312
0.00174513
0.00161747
0.00149943
0.00139035
0.00128963
0.00119677
0.00111117
0.00103106
0.000958652
0.000891751
0.000830074
0.000773161
0.000720577
0.000671924
0.000626834
0.000584953
0.000545933
0.000509482
0.000475354
0.000443338
0.000413257
0.000384965
0.000358339
0.00033328
0.000309712
0.000287574
0.000266819
0.00024741
0.000229317
0.000212519
0.000196994
0.000182693
0.000169588
0.000157642
0.000146826
0.000137098
0.000128391
0.000120633
0.000113745
0.000107643
0.000102239
9.7435e-05
9.31394e-05
8.92577e-05
7.48957e-05
7.30734e-05
7.13571e-05
7.97189e-05
8.29037e-05
8.33696e-05
0.000202404
0.000310217
0.000157215
7.52648e-05
3.21383e-05
1.01299e-05
-4.77251e-07
-5.00614e-06
-6.3626e-06
-6.12294e-06
-5.13241e-06
-3.83474e-06
-2.42559e-06
-1.05441e-06
2.32575e-07
1.44838e-06
2.6438e-06
3.8575e-06
5.11762e-06
6.41471e-06
7.799e-06
9.26658e-06
1.08094e-05
1.23879e-05
1.39786e-05
1.5676e-05
1.74372e-05
1.9229e-05
2.10236e-05
2.2796e-05
2.45238e-05
2.61862e-05
2.77645e-05
2.92421e-05
3.06051e-05
3.18186e-05
3.28284e-05
3.36533e-05
3.42623e-05
3.46485e-05
3.4819e-05
3.479e-05
3.45833e-05
3.42239e-05
3.37384e-05
3.31606e-05
3.27758e-05
2.81396e-05
2.40955e-05
2.04161e-05
1.69277e-05
1.35469e-05
1.13953e-05
1.07782e-05
1.09699e-05
2.86959e-05
3.91023e-05
3.95809e-05
3.26683e-05
2.13284e-05
9.41581e-06
3.93342e-06
1.90903e-06
1.77713e-06
1.06211e-05
1.11444e-05
0.000420714
0.000308801
0.000335906
0.000417219
0.000512773
0.000605228
0.000684552
0.000880557
0.00118076
0.00149789
0.00159345
0.00147242
0.00094386
0.000390539
1.51153e-05
-0.000177289
-0.000269797
-0.000308308
-0.000318002
-0.000312699
-0.000299863
-0.000283551
-0.000265949
-0.000248221
-0.000230972
-0.000214501
-0.000198944
-0.00018439
-0.000170856
-0.000158198
-0.000146407
-0.000135454
-0.000125306
-0.000115924
-0.000107268
-9.92968e-05
-9.19678e-05
-8.52398e-05
-7.90729e-05
-7.34523e-05
-6.84002e-05
-6.39078e-05
-5.99512e-05
-5.65003e-05
-5.35239e-05
-5.09949e-05
-4.88985e-05
-4.68904e-05
-4.04554e-05
-3.60503e-05
-2.78007e-05
-2.02253e-05
-1.66076e-05
-1.44597e-05
-1.2555e-05
-1.08325e-05
-9.12513e-06
-7.37212e-06
-5.63636e-06
-2.64379e-06
-2.76674e-07
1.69021e-06
3.37618e-06
4.84404e-06
6.12665e-06
7.24122e-06
8.19696e-06
8.99911e-06
7.1498e-06
2.55528e-06
1.00694e-05
1.8072e-05
2.08132e-05
2.38358e-05
0.000201184
0.000381941
0.000520809
0.000612394
0.000662589
0.000679176
0.000669025
0.000637453
0.000587845
0.000508881
0.000532559
0.000448142
0.000313896
0.000164651
2.87731e-05
-0.000479626
-0.00115723
-0.00156142
-0.00171419
-0.00173367
-0.00168448
-0.00160207
-0.00150539
-0.00140435
-0.00130461
-0.00120866
-0.00111774
-0.00103232
-0.000952483
-0.000878142
-0.000687366
-0.000610083
-0.000601285
-0.000614028
-0.000596775
-0.000564685
-0.00052602
-0.00048521
-0.000444584
-0.000414684
-0.00037984
-0.000345699
-0.000319762
-0.000298879
-0.000281509
-0.000268496
-0.000252879
-0.000238007
-0.000224193
-0.000211484
-0.00019984
-0.000189193
-0.000179449
-0.000170497
-0.000162314
-0.000154889
-0.000148128
-0.000141954
-0.000136301
-0.000130381
-0.00013755
-0.000139577
-0.000138764
-0.000136176
0.000305393
-0.000109613
-0.000338507
-0.000464774
-0.000531711
-0.000572262
-0.000458807
-0.000258325
-0.000121197
-4.23659e-05
-9.96256e-06
-1.11937e-05
-3.95276e-05
-8.44191e-05
-0.000139601
-0.000201845
-0.000268701
-0.0003382
-0.000409687
-0.000486027
-0.000565024
-0.000644637
-0.000723249
-0.000799591
-0.000872649
-0.000941602
-0.000986597
-0.000978527
-0.000943562
-0.000896024
-0.000843646
-0.000790415
-0.000738483
-0.000688912
-0.000642173
-0.000598416
-0.000557625
-0.000519697
-0.000483849
-0.000938335
-0.000651488
-0.000484542
-0.000384299
-0.000321382
-0.000279542
-0.000249882
-0.000227431
-0.000208439
-0.000192931
-0.000179951
-0.000168749
-0.000158851
-0.000150273
-0.000142528
-0.000133177
-0.000124518
-0.000116563
-0.000109323
-0.000102781
-9.68915e-05
-9.16789e-05
-8.71821e-05
-8.33512e-05
-8.01455e-05
-7.75298e-05
-7.54721e-05
-7.39431e-05
-7.29151e-05
-7.23619e-05
-7.22585e-05
-5.59623e-05
-5.92613e-05
-2.57698e-05
4.35124e-05
0.00010718
0.000152354
0.000354498
0.000547728
0.000680545
0.000756228
0.000786743
0.000792061
0.000774977
0.000732339
0.000667258
0.00058607
0.000493216
0.000386419
0.000256591
0.000110683
-4.07241e-05
-0.000191994
-0.000340153
-0.000483627
-0.000621535
-0.000753353
-0.000878749
-0.000997497
-0.00110944
-0.00121452
-0.00131265
-0.00140363
-0.00148747
-0.00156413
-0.00163352
-0.00169549
-0.00174974
-0.00251292
-0.00277376
-0.0028316
-0.00284235
-0.0027527
-0.00261448
-0.00245574
-0.00229152
-0.00212971
-0.00197433
-0.00182713
-0.00168876
-0.00155926
-0.00143837
-0.00132563
-0.0012201
-0.00112158
-0.00102966
-0.000943893
-0.000863814
-0.000788978
-0.00071894
-0.000653218
-0.000600414
-0.000553558
-0.000511424
-0.000473237
-0.000438473
-0.000406752
-0.00037778
-0.000351318
-0.00032716
-0.000305124
-0.000285872
-0.0002741
-0.000251632
-0.000229694
-0.000216094
-0.000211085
-0.000207761
-0.000109843
-2.89651e-05
8.14857e-06
1.20482e-05
-6.69625e-06
-4.5813e-05
-9.94924e-05
-0.000163848
-0.000213991
-0.000232573
-0.000235482
-0.000230379
-0.000221432
-0.000210895
-0.000199954
-0.000189198
-0.000178918
-0.000169248
-0.000160234
-0.000151878
-0.000144158
-0.000137043
-0.000130537
-0.000124624
-0.000119149
-0.000114105
-0.000109479
-0.000105252
-0.000101406
-9.79245e-05
-9.4792e-05
-9.08482e-05
-4.37426e-05
-6.13349e-05
-7.43403e-05
-7.94717e-05
-8.04859e-05
-7.94387e-05
-7.74498e-05
-7.51241e-05
-7.27843e-05
-7.05978e-05
-6.86477e-05
-6.69713e-05
-6.56034e-05
-6.12187e-05
-5.6614e-05
-5.30091e-05
-4.98222e-05
-4.68273e-05
-4.39488e-05
-4.11492e-05
-3.83935e-05
-3.57269e-05
-3.32114e-05
-3.08202e-05
-2.71483e-05
-2.41335e-05
-2.16279e-05
-1.94737e-05
-1.75767e-05
-1.63725e-05
-1.56012e-05
-1.31318e-05
-1.96863e-05
-1.77631e-05
-1.83227e-05
-2.387e-05
-1.74355e-05
2.91824e-05
5.1195e-05
4.01542e-05
1.10503e-05
-8.83673e-06
-1.59618e-05
-1.66329e-05
-1.40325e-05
-1.01991e-05
-6.28283e-06
-2.83088e-06
-5.83919e-08
2.00224e-06
4.04489e-06
6.62406e-06
9.47122e-06
1.24735e-05
1.55735e-05
1.87436e-05
2.19719e-05
2.52549e-05
2.85938e-05
3.19917e-05
3.54114e-05
3.88424e-05
4.24099e-05
4.60883e-05
4.9869e-05
5.37557e-05
5.77821e-05
6.06593e-05
6.28542e-05
6.46987e-05
6.63739e-05
6.79764e-05
6.95322e-05
7.10063e-05
7.23815e-05
7.36504e-05
7.48116e-05
7.58666e-05
7.68188e-05
7.76727e-05
7.84339e-05
7.91093e-05
7.12935e-05
6.67546e-05
6.37836e-05
5.97032e-05
5.49255e-05
4.98408e-05
4.46511e-05
3.94912e-05
3.44576e-05
2.95371e-05
2.46923e-05
2.00516e-05
1.55069e-05
1.12897e-05
6.89948e-06
2.88061e-06
-8.35455e-07
-4.40689e-06
-7.89083e-06
-1.17357e-05
-2.34965e-05
-2.76224e-05
-3.38458e-05
-4.64678e-05
-6.18199e-05
-7.65508e-05
-1.0717e-05
7.47143e-05
0.000119655
0.000130426
0.000113553
7.52705e-05
2.10544e-05
-4.45265e-05
-0.000121158
-0.000159833
-0.000175564
-0.000179117
-0.000176385
-0.000170582
-0.000163432
-0.00015583
-0.000148247
-0.000140923
-0.000133972
-0.00012744
-0.000121339
-0.000115662
-0.000110434
-0.000105655
-0.000101188
-9.70481e-05
-9.27123e-05
-8.83745e-05
-8.41516e-05
-8.01028e-05
-7.62558e-05
-7.26215e-05
-6.92019e-05
-6.59943e-05
-6.30183e-05
-6.03273e-05
-5.79418e-05
-5.58642e-05
-5.40878e-05
-5.25885e-05
-5.13096e-05
-5.04735e-05
-4.91246e-05
-4.73474e-05
-4.62833e-05
-4.00923e-05
-3.87533e-05
-3.91679e-05
-3.9959e-05
-4.06113e-05
-4.09897e-05
-4.10853e-05
-4.09164e-05
-4.0581e-05
-4.01831e-05
-3.97262e-05
-3.92139e-05
-3.84217e-05
-3.7669e-05
-3.6988e-05
-3.63249e-05
-3.53848e-05
-3.47331e-05
-2.92671e-05
-4.75762e-05
-6.24598e-05
-8.10101e-05
-0.000106481
-0.000124229
1.49443e-05
0.000148161
0.000237435
0.000282252
0.000291396
0.000274323
0.000239045
0.000192156
0.000140035
-0.000295265
-0.000626864
-0.000637392
-0.000621334
-0.000592211
-0.0005573
-0.000520649
-0.0004842
-0.000448933
-0.00041531
-0.000383511
-0.000353567
-0.000325432
-0.000299026
-0.000274419
-0.000251462
-0.000229896
-0.000209634
-0.000190587
-0.000172666
-0.000155786
-0.000139868
-0.00012484
-0.000110634
-9.71889e-05
-8.44486e-05
-7.23864e-05
-6.10163e-05
-5.03244e-05
-4.02831e-05
-3.08581e-05
-2.20128e-05
-1.37104e-05
-5.91493e-06
1.40883e-06
8.29561e-06
1.48136e-05
2.13923e-05
2.78096e-05
3.40081e-05
3.99984e-05
4.58139e-05
5.14919e-05
5.70862e-05
6.266e-05
6.81927e-05
7.36446e-05
7.90609e-05
8.44727e-05
8.98834e-05
9.31112e-05
0.000138609
0.000117361
0.00010747
0.00010392
0.000159267
0.000116607
9.60148e-05
7.6817e-05
5.75655e-05
3.72224e-05
1.68851e-05
7.51283e-05
0.000215619
0.000208005
0.000176656
0.00012597
6.09392e-05
-1.40758e-05
-9.50878e-05
-0.000151156
-0.000175033
-0.000151109
-0.000156746
-0.000154406
-0.000148075
-0.000139937
-0.000131133
-0.000122267
-0.00011365
-0.00010543
-9.76715e-05
-9.0392e-05
-8.35857e-05
-7.72759e-05
-7.1458e-05
-6.59881e-05
-6.08682e-05
-5.60896e-05
-5.16394e-05
-4.75001e-05
-4.36549e-05
-4.00872e-05
-3.67304e-05
-3.35798e-05
-3.06395e-05
-2.78979e-05
-2.53948e-05
-2.31781e-05
-2.12555e-05
-1.96221e-05
-1.82668e-05
-1.71752e-05
-1.63322e-05
-1.57226e-05
-1.53323e-05
-1.51591e-05
-1.53433e-05
-1.57733e-05
-1.64074e-05
-1.72309e-05
-1.8239e-05
-1.943e-05
-2.0783e-05
-2.22611e-05
-2.39048e-05
-2.57739e-05
-2.78426e-05
-3.00952e-05
-3.25218e-05
-3.51159e-05
-3.78724e-05
-4.07877e-05
-4.38584e-05
-4.70818e-05
-4.91437e-05
-4.82004e-05
-4.82978e-05
-5.15186e-05
0.0010653
0.000842361
0.000752925
0.000853151
0.00102532
0.00121284
0.00139077
0.00155652
0.00157867
0.00152684
0.00144205
0.00134381
0.00123802
0.00113225
0.0010326
0.000935912
0.000846629
0.000763463
0.00068639
0.000611854
0.000890231
0.000949055
0.000894157
0.00078701
0.000658427
0.000522987
0.000387583
0.000255716
0.000112665
-3.66395e-05
-0.000187081
-0.00030446
-0.000343758
-0.000341377
-0.000326412
-0.000307512
-0.000286946
-0.000265943
-0.000245196
-0.000225055
-0.000205684
-0.00018715
-0.000169466
-0.000152618
-0.00013658
-0.000121319
-0.000106793
-9.28657e-05
-7.87211e-05
-6.49015e-05
-5.15155e-05
-3.8514e-05
-2.58043e-05
-1.32908e-05
-1.29e-06
1.04792e-05
2.21213e-05
3.36764e-05
4.52443e-05
5.68915e-05
6.86661e-05
8.06052e-05
9.27985e-05
0.000105179
0.000117791
0.000130663
0.000142774
0.000170944
0.000203204
0.000226281
0.000241499
0.000264845
0.000288884
0.000550536
0.000883525
0.00151368
0.00229668
0.00316251
0.00407179
0.00499014
0.00588852
0.00668985
0.00717513
0.00728141
0.00713526
0.00679276
0.00639919
0.00625664
0.00587029
0.00546328
0.00504945
0.00463747
0.00411172
0.00371051
0.0033858
0.00311039
0.00286888
0.00265266
0.00245613
0.00227591
0.00210975
0.00195606
0.00181361
0.00168144
0.0015587
0.00149232
0.00141046
0.00131595
0.00121948
0.00107191
0.00100727
0.00089488
0.000801842
0.000727988
0.000666181
0.000612362
0.00056418
0.000520166
0.000478823
0.000439962
0.00040331
0.000368602
0.000335599
0.000304103
0.000273967
0.000245091
0.000217323
0.000190503
0.000164567
0.000139452
0.000115088
9.13676e-05
7.65098e-05
6.54507e-05
5.67935e-05
4.97499e-05
4.9959e-05
4.50077e-05
4.82724e-05
0.000414764
0.000290651
0.000263599
0.000256047
0.000238597
0.000214852
0.000201258
0.000191621
0.000181297
0.000170534
0.000159858
0.000149521
0.000139634
0.000130227
0.000121296
0.000112819
0.000104769
9.71207e-05
8.98661e-05
8.30267e-05
7.66191e-05
7.06764e-05
6.52179e-05
6.02558e-05
5.57983e-05
5.18517e-05
4.83783e-05
4.53674e-05
4.29388e-05
4.1053e-05
3.96852e-05
3.88175e-05
3.84317e-05
3.85066e-05
3.90172e-05
3.9934e-05
4.12236e-05
4.28484e-05
4.47449e-05
4.68116e-05
4.89776e-05
5.11907e-05
5.34112e-05
5.56085e-05
5.77592e-05
5.98465e-05
6.18618e-05
6.38052e-05
6.57562e-05
6.83883e-05
7.1341e-05
7.45211e-05
7.79592e-05
8.17817e-05
8.30219e-05
7.08365e-05
5.75792e-05
4.46788e-05
3.22089e-05
2.05208e-05
1.23578e-05
6.97747e-06
3.48799e-06
1.02003e-06
-9.31831e-07
-2.58638e-06
-4.06519e-06
-6.28204e-06
-3.73431e-06
3.05659e-05
8.4482e-05
0.000128936
0.0001527
0.000164048
0.000167744
0.000166496
0.00016323
0.000222169
0.000302619
0.00039117
0.000479056
0.000542439
0.000466514
0.000374341
0.000257696
0.000128818
-5.14322e-06
-0.000139722
-0.000271972
-0.000352141
-0.000381987
-0.000385123
-0.000374456
-0.000357014
-0.000336598
-0.000315239
-0.000294044
-0.000273578
-0.000253978
-0.000235373
-0.000217807
-0.000201279
-0.000185767
-0.000171239
-0.000157659
-0.000144992
-0.000133202
-0.000122256
-0.000112142
-0.000102884
-9.44724e-05
-8.68783e-05
-8.0062e-05
-7.39782e-05
-6.8578e-05
-6.38104e-05
-5.96249e-05
-5.59721e-05
-5.28677e-05
-5.07461e-05
-4.92963e-05
-4.83876e-05
-4.20347e-05
-3.51342e-05
-2.81159e-05
-2.10454e-05
-1.39589e-05
-1.07768e-05
-7.51063e-06
-2.1412e-06
-3.8925e-06
-6.26677e-06
-8.95677e-06
-1.1874e-05
-1.49369e-05
-1.78666e-05
-2.08072e-05
-2.19948e-05
-2.52949e-05
5.81391e-06
0.000216093
0.000196686
0.000230949
0.000271718
0.000298041
0.00031517
0.000325831
0.000385387
0.000464002
0.000546723
0.000626003
0.000610315
0.000522621
0.000404764
0.000271295
0.000130944
-1.09531e-05
-0.00013643
-0.000196246
-0.000220557
-0.000225891
-0.000221297
-0.000211711
-0.000199818
-0.000187061
-0.000174208
-0.000161699
-0.000149749
-0.000138327
-0.000127494
-0.000117268
-0.000107643
-9.86025e-05
-9.01256e-05
-8.21877e-05
-7.47637e-05
-6.78282e-05
-6.1356e-05
-5.53458e-05
-4.98318e-05
-4.48157e-05
-4.02812e-05
-3.62028e-05
-3.25502e-05
-2.9291e-05
-2.63924e-05
-2.38223e-05
-2.15498e-05
-1.95451e-05
-1.73115e-05
-1.50493e-05
-1.27882e-05
-1.05058e-05
-1.14815e-05
-1.33882e-05
-1.56724e-05
-1.30037e-05
-1.24704e-05
-1.10922e-05
-8.93237e-06
-7.62967e-06
-8.41376e-06
-8.9528e-06
-9.44113e-06
-9.96584e-06
-1.05683e-05
-1.12755e-05
-1.13989e-05
-1.07274e-05
-8.49714e-06
9.00957e-05
0.000213369
0.000329849
0.000424951
0.00049909
0.000560741
0.000614463
0.000632827
0.000680774
0.000743055
0.00074473
0.000691799
0.000607787
0.00050471
0.000390128
0.000283157
0.000219194
0.000179253
0.000152878
0.000134324
0.000120406
0.000109347
0.000100148
9.2235e-05
8.5273e-05
7.90578e-05
7.34171e-05
6.82392e-05
6.35761e-05
5.93539e-05
5.55149e-05
5.20107e-05
4.8801e-05
4.58508e-05
4.313e-05
4.06123e-05
3.82743e-05
3.60957e-05
3.40349e-05
3.20186e-05
3.00093e-05
2.79896e-05
2.59527e-05
2.38978e-05
2.18276e-05
1.97462e-05
1.76576e-05
1.55637e-05
1.34012e-05
1.06851e-05
7.68161e-06
1.10914e-05
1.45896e-05
1.79999e-05
2.13952e-05
2.47864e-05
2.81973e-05
3.15732e-05
3.484e-05
3.80126e-05
4.11046e-05
4.41355e-05
4.71457e-05
5.03777e-05
4.5698e-05
3.74634e-05
2.7167e-05
1.74792e-05
8.11486e-06
2.63e-06
0.000159085
0.00021369
0.0003498
0.000506443
0.000654847
0.000791702
0.000918829
0.000966104
0.000958866
0.000936905
0.000907884
0.000834381
0.000769548
0.000711506
0.000658848
0.00061063
0.000566222
0.000525179
0.000487176
0.000451982
0.000419388
0.000389205
0.00036126
0.000335395
0.000311462
0.000289327
0.000268824
0.00024982
0.000232327
0.000216217
0.000201382
0.000187727
0.000175167
0.000163623
0.000153022
0.000143296
0.00013438
0.000126212
0.000118709
0.000111756
0.000105274
9.92042e-05
9.34993e-05
8.81208e-05
8.30353e-05
7.82134e-05
7.36288e-05
6.92581e-05
6.50927e-05
6.16391e-05
5.86374e-05
5.60002e-05
4.88464e-05
4.02935e-05
3.10044e-05
2.13837e-05
1.16817e-05
1.96348e-06
-7.80461e-06
0.000104355
6.43163e-05
1.87183e-05
-5.89962e-06
-8.43804e-06
-1.63979e-05
-2.06379e-05
-2.29762e-05
-2.08132e-05
-2.09783e-05
-1.86466e-05
8.06118e-05
0.00020491
0.00032268
0.000419247
0.000494501
0.000557074
0.000611463
0.000630809
0.000679613
0.000742522
0.000743748
0.000690926
0.00060707
0.000504207
0.000389839
0.000282371
0.00021817
0.000178102
0.000151638
0.000132994
0.000118969
0.000107783
9.84381e-05
9.03683e-05
8.32465e-05
7.68772e-05
7.10971e-05
6.58022e-05
6.10512e-05
5.67755e-05
5.29209e-05
4.94409e-05
4.62947e-05
4.34456e-05
4.08598e-05
3.85058e-05
3.63541e-05
3.43769e-05
3.25247e-05
3.0716e-05
2.89051e-05
2.70662e-05
2.51854e-05
2.32552e-05
2.12727e-05
1.92381e-05
