0.0375131
0.0216207
0.0119006
0.0065533
0.00360958
0.00201544
0.00113639
0.000648497
0.000389796
0.000245338
0.00017565
0.000134763
0.000114473
0.000107808
0.000108184
0.000110513
0.000112685
0.000113901
0.000113986
0.000113069
0.00011143
0.00010945
0.000107246
0.000105479
0.000103748
0.000102997
0.000103236
0.000104539
0.000107196
0.000111389
0.000117193
0.000124564
0.00013345
0.000144497
0.000153122
0.000163242
0.000174296
0.000185769
0.000197274
0.000208473
0.00021909
0.000228885
0.000237652
0.000245254
0.000251619
0.000256731
0.000260628
0.000263397
0.000265167
0.000266102
0.000266386
0.000266221
0.000265821
0.000265406
0.000265188
0.000265338
0.000266047
0.000267503
0.000269794
0.000272964
0.000277071
0.00028214
0.000288111
0.000294895
0.000302378
0.00031042
0.000318873
0.000327541
0.000336278
0.000344906
0.00132086
0.000881638
0.000639219
0.000506071
0.000431835
0.000388691
0.000360819
0.000341379
0.000329175
0.000319114
0.00031011
0.000301658
0.000293553
0.000285752
0.00027829
0.000271244
0.000264706
0.000258762
0.000253573
0.000249178
0.00024562
0.000242907
0.000241024
0.00023993
0.000239566
0.000239939
0.000240818
0.000242114
0.000243724
0.000245479
0.000247248
0.000249069
0.000250768
0.000252198
0.000253273
0.000253948
0.000254223
0.000254136
0.000253751
0.00025315
0.000252431
0.000251672
0.000250615
0.000249419
0.000248218
0.000247128
0.000246253
0.000245683
0.000245496
0.000245756
0.000245536
0.000243374
0.000240528
0.000240473
0.000236431
0.000230696
0.000224506
0.000218393
0.000211191
0.00020686
0.000202221
0.000196787
0.000191033
0.000185008
0.000178658
0.000171918
0.000164714
0.000156959
0.000148732
0.000140024
0.000132946
0.00011345
0.000118893
0.000120662
0.00011456
0.000106017
9.75383e-05
8.98886e-05
8.17731e-05
8.02817e-05
8.22989e-05
8.74883e-05
9.43645e-05
9.99068e-05
0.000102606
0.000102195
0.000100554
9.87926e-05
9.72842e-05
9.6029e-05
9.48651e-05
9.36728e-05
9.24791e-05
9.13054e-05
9.01677e-05
8.90779e-05
8.80442e-05
8.7072e-05
8.61633e-05
8.53878e-05
8.47672e-05
8.4093e-05
8.34509e-05
8.29112e-05
8.24855e-05
8.2162e-05
8.19177e-05
8.1723e-05
8.15447e-05
8.13476e-05
8.10955e-05
8.07409e-05
8.02276e-05
7.95267e-05
7.86262e-05
7.75255e-05
7.62331e-05
7.47684e-05
7.31773e-05
7.1276e-05
7.26914e-05
7.76173e-05
7.85573e-05
7.93015e-05
8.2002e-05
8.52539e-05
8.85302e-05
9.17184e-05
9.47524e-05
9.75907e-05
0.000100337
0.000103393
0.000106368
0.000109279
0.000112136
0.000114937
0.000117681
0.00012036
0.000122966
0.000125493
0.000125703
0.000130012
0.000134369
0.00013821
0.000141752
0.00014347
0.000138326
0.000131142
0.000123539
0.000115975
0.00010852
0.000101139
9.37865e-05
8.64357e-05
7.90973e-05
7.22661e-05
6.18601e-05
5.53876e-05
5.02991e-05
4.53306e-05
3.93733e-05
5.27058e-05
7.3779e-05
8.45552e-05
8.73335e-05
8.73259e-05
8.67287e-05
8.67982e-05
8.76037e-05
8.90454e-05
9.10721e-05
9.37379e-05
9.68653e-05
0.000100319
0.00010401
0.00010655
0.000104165
0.000103926
0.000104405
0.000105232
0.000105831
0.000106198
0.000106346
0.00010628
0.000106009
0.00011432
0.000114952
0.000112912
0.000116203
0.000121697
0.000127488
0.000130146
0.00012874
0.000125955
0.000122028
0.000117339
0.000112231
0.000106968
0.000101764
9.67893e-05
9.20293e-05
8.74129e-05
8.2973e-05
7.87051e-05
7.45811e-05
7.12474e-05
7.60481e-05
7.67928e-05
7.4778e-05
7.10946e-05
2.5745e-05
3.12734e-05
2.85853e-05
2.14573e-05
1.25995e-05
1.79936e-06
-5.70531e-06
-9.51588e-06
-9.98756e-06
-8.86601e-06
-7.17549e-06
-5.11272e-06
-3.18921e-06
-1.46183e-06
1.2356e-07
1.63556e-06
3.11604e-06
4.58635e-06
5.81194e-06
5.80661e-06
5.08693e-06
3.98666e-06
2.69384e-06
1.31217e-06
-1.03132e-07
-1.52513e-06
-2.83403e-06
-3.82808e-06
-4.54939e-06
-5.0308e-06
-5.35131e-06
-5.79584e-06
-6.34819e-06
-6.99413e-06
-7.76957e-06
-8.72204e-06
-9.90156e-06
-1.13622e-05
-1.24802e-05
-8.1535e-06
-1.09564e-05
-1.15964e-05
-1.14453e-05
-1.11021e-05
-1.08239e-05
-1.06981e-05
-1.0752e-05
-1.15116e-05
-1.23305e-05
-1.33152e-05
-1.34128e-05
-1.12047e-05
-7.27312e-06
-2.46812e-06
4.67464e-06
1.10589e-05
1.69267e-05
2.24883e-05
2.77973e-05
3.28326e-05
3.76827e-05
4.2437e-05
4.70451e-05
5.14726e-05
5.56951e-05
5.96963e-05
6.34667e-05
6.7003e-05
7.03083e-05
7.33925e-05
8.65036e-05
9.2841e-05
9.94896e-05
0.000102771
0.000105434
0.000107459
0.000104706
0.000100883
9.73296e-05
9.3903e-05
9.03118e-05
8.61562e-05
8.15162e-05
7.66707e-05
7.17571e-05
6.67229e-05
6.14532e-05
5.61848e-05
5.1711e-05
4.78017e-05
4.40416e-05
4.02865e-05
3.65119e-05
3.27414e-05
2.90138e-05
2.53695e-05
2.18456e-05
1.84735e-05
1.5278e-05
1.22086e-05
9.24773e-06
6.58842e-06
4.13353e-06
1.78874e-06
-4.90719e-07
-2.74152e-06
-5.00619e-06
3.84603e-05
3.53566e-05
4.04247e-05
4.39051e-05
4.50396e-05
4.59139e-05
4.72361e-05
4.91726e-05
5.14057e-05
5.35384e-05
5.5667e-05
5.78107e-05
5.9926e-05
6.10298e-05
5.96369e-05
5.67931e-05
5.311e-05
4.89178e-05
4.43964e-05
3.96486e-05
3.47402e-05
2.97597e-05
2.41764e-05
2.35118e-05
2.09944e-05
1.74808e-05
1.34704e-05
9.25122e-06
4.99315e-06
7.98699e-07
-3.26921e-06
-7.17215e-06
-1.08883e-05
-1.31496e-05
-1.08598e-05
-1.16649e-05
-1.40611e-05
-1.62232e-05
-1.67424e-05
-1.61279e-05
-1.57567e-05
-1.43646e-05
-1.33667e-05
-1.2704e-05
-1.23594e-05
-1.23717e-05
-1.27412e-05
-1.34754e-05
-1.436e-05
-1.50632e-05
-1.56944e-05
-1.63233e-05
-1.69781e-05
-1.76632e-05
-1.83696e-05
-1.90811e-05
-1.97784e-05
-2.04412e-05
-2.10503e-05
-2.1589e-05
-2.20434e-05
-2.24038e-05
-2.25965e-05
-2.25961e-05
-2.25991e-05
-2.25209e-05
-2.22941e-05
-2.19155e-05
-2.14052e-05
-2.07948e-05
-2.01232e-05
-1.92809e-05
-1.80934e-05
-1.75947e-05
-1.73568e-05
-1.73332e-05
-1.74706e-05
-1.78273e-05
-1.84338e-05
-1.93031e-05
-2.04372e-05
-2.18127e-05
-2.33726e-05
-2.41338e-05
-2.26172e-05
-1.65167e-05
-1.30336e-05
-9.0634e-06
-5.12394e-06
-1.35665e-06
2.22623e-06
5.61812e-06
8.79727e-06
1.18718e-05
1.49553e-05
1.80188e-05
2.09746e-05
2.40809e-05
2.74051e-05
3.08324e-05
3.42906e-05
3.77231e-05
4.1096e-05
4.49273e-05
4.91297e-05
5.08198e-05
5.15226e-05
5.21515e-05
5.12138e-05
5.06524e-05
4.98458e-05
4.93751e-05
4.88461e-05
4.77277e-05
4.67274e-05
4.58611e-05
4.50764e-05
4.43736e-05
4.37603e-05
4.3239e-05
4.28086e-05
4.24659e-05
4.21597e-05
4.1853e-05
4.15708e-05
4.13269e-05
4.11281e-05
4.09765e-05
4.08704e-05
4.0806e-05
4.07772e-05
4.07772e-05
4.073e-05
4.0603e-05
4.05817e-05
4.05663e-05
4.04724e-05
4.02784e-05
3.99972e-05
4.07958e-05
4.10938e-05
4.10181e-05
4.07408e-05
4.03761e-05
4.00153e-05
3.97396e-05
3.95955e-05
3.96109e-05
3.98032e-05
4.01837e-05
4.07604e-05
4.15214e-05
4.24245e-05
4.25032e-05
4.91391e-05
4.70758e-05
4.2096e-05
3.83992e-05
3.47565e-05
3.08268e-05
2.65729e-05
2.20857e-05
1.74928e-05
1.27752e-05
7.8804e-06
2.88863e-06
-2.15197e-06
-7.14798e-06
-1.16482e-05
-1.59417e-05
-1.99907e-05
-2.37934e-05
-2.74418e-05
-2.98388e-05
-2.96886e-05
-3.17238e-05
-3.47175e-05
-3.69352e-05
-3.86838e-05
-4.00589e-05
-3.97376e-05
-3.86344e-05
-3.75444e-05
-3.65999e-05
-3.58697e-05
-3.5389e-05
-3.51755e-05
-3.52373e-05
-3.57408e-05
-3.61356e-05
-3.64308e-05
-3.66558e-05
-3.6825e-05
-3.69444e-05
-3.70162e-05
-3.70412e-05
-3.70205e-05
-3.69559e-05
-3.68505e-05
-3.6709e-05
-3.65371e-05
-3.63417e-05
-3.60627e-05
-3.56835e-05
-3.54058e-05
-3.51399e-05
-3.43131e-05
-3.33469e-05
-3.25992e-05
-3.19728e-05
-3.14261e-05
-3.09491e-05
-3.05505e-05
-3.02503e-05
-3.0085e-05
-3.0098e-05
-3.031e-05
-3.07279e-05
-3.13491e-05
-3.21421e-05
-3.31549e-05
-3.39791e-05
-3.24766e-05
-3.16727e-05
-2.92125e-05
-2.79988e-05
-2.44698e-05
-2.02326e-05
-1.58855e-05
-1.16354e-05
-7.53672e-06
-3.62271e-06
6.74007e-08
3.63043e-06
7.17395e-06
1.06676e-05
1.40956e-05
1.7426e-05
2.06897e-05
2.39003e-05
2.70466e-05
3.00956e-05
3.31139e-05
3.87643e-05
4.32363e-05
4.66873e-05
4.90106e-05
5.07406e-05
5.1183e-05
4.51764e-05
3.81524e-05
3.15664e-05
2.56119e-05
2.01511e-05
1.5007e-05
1.00309e-05
5.09214e-06
1.32723e-08
2.08989e-05
2.66889e-05
2.84736e-05
3.06198e-05
3.27087e-05
3.48344e-05
3.58598e-05
3.63111e-05
3.6522e-05
3.66727e-05
3.68585e-05
3.71254e-05
3.749e-05
3.79512e-05
3.84288e-05
3.88785e-05
3.94696e-05
4.00836e-05
4.06159e-05
4.10233e-05
4.12855e-05
4.13951e-05
4.13549e-05
4.11765e-05
4.08803e-05
4.04964e-05
4.00721e-05
3.9668e-05
3.93243e-05
3.90718e-05
3.89367e-05
3.89436e-05
3.91157e-05
3.9458e-05
3.99454e-05
3.96284e-05
3.70612e-05
3.33554e-05
2.9128e-05
2.47186e-05
2.0312e-05
1.60056e-05
1.18476e-05
7.89092e-06
4.19321e-06
6.66425e-07
-2.79883e-06
-6.18237e-06
-9.48391e-06
-1.24445e-05
-1.54528e-05
-1.85494e-05
-2.19403e-05
-2.52177e-05
-2.84043e-05
-3.13403e-05
-2.8671e-05
-2.98705e-05
-3.24018e-05
-3.41613e-05
-3.52604e-05
-3.60045e-05
-3.59762e-05
-3.66628e-05
-3.56505e-05
-3.52542e-05
-3.53037e-05
-3.56968e-05
-3.63687e-05
-3.7276e-05
-3.83613e-05
-3.87103e-05
-3.8655e-05
-3.88155e-05
-3.88216e-05
-3.87054e-05
-3.84889e-05
-3.81888e-05
-3.782e-05
-3.7397e-05
-3.69353e-05
-3.64507e-05
-3.59594e-05
-3.54777e-05
-3.49536e-05
-3.43775e-05
-3.39565e-05
-3.36096e-05
-3.32677e-05
-3.29196e-05
-3.25721e-05
-3.22385e-05
-3.19362e-05
-3.17094e-05
-3.15427e-05
-3.14632e-05
-3.15022e-05
-3.16853e-05
-3.20586e-05
-3.26191e-05
-3.33582e-05
-3.42652e-05
-3.53287e-05
-3.65206e-05
-3.77857e-05
-3.81479e-05
-3.61404e-05
-3.28617e-05
-2.89175e-05
-2.46422e-05
-2.02222e-05
-1.57632e-05
-1.13265e-05
-6.98319e-06
-2.81243e-06
1.24947e-06
5.28596e-06
9.25026e-06
1.3116e-05
1.68688e-05
2.05019e-05
2.40139e-05
2.74069e-05
3.0686e-05
3.38589e-05
3.69939e-05
3.44414e-05
2.81974e-05
1.73465e-05
1.73375e-05
3.46107e-05
4.40399e-05
4.6442e-05
4.52633e-05
4.20626e-05
3.98977e-05
2.49494e-05
1.8191e-05
1.84981e-05
2.30681e-05
2.99865e-05
3.58004e-05
4.21764e-05
4.97543e-05
5.86488e-05
6.76868e-05
7.76479e-05
8.84163e-05
9.8119e-05
7.29453e-05
6.48198e-05
6.23875e-05
6.0733e-05
5.82592e-05
5.46397e-05
5.00224e-05
4.48655e-05
4.13604e-05
3.90039e-05
3.73223e-05
3.50646e-05
3.21523e-05
2.91719e-05
2.71701e-05
2.61192e-05
2.58008e-05
2.60982e-05
2.69474e-05
2.82807e-05
3.00249e-05
3.21027e-05
3.44345e-05
3.69414e-05
3.95309e-05
4.20852e-05
4.35722e-05
4.24745e-05
3.98507e-05
3.62071e-05
3.19013e-05
2.71329e-05
2.20218e-05
1.66503e-05
1.11487e-05
5.6089e-06
8.45924e-09
-5.68917e-06
-1.13868e-05
-1.70064e-05
-2.24826e-05
-2.77599e-05
-3.24252e-05
-3.70031e-05
-4.13893e-05
-4.55251e-05
-4.82705e-05
-9.3579e-05
-0.000159948
-0.000228572
-0.000296586
-0.000366348
-0.000431395
-8.11669e-05
0.00010023
0.000178037
0.000207881
0.000215267
0.000196962
0.000170448
0.00012706
4.96882e-05
-2.57008e-05
-7.42331e-05
-9.7199e-05
-0.000106803
-9.57309e-05
-9.53067e-05
-8.19885e-05
-7.16423e-05
-6.44315e-05
-6.04326e-05
-5.03723e-05
-4.6547e-05
-4.56357e-05
-4.61908e-05
-4.74906e-05
-4.93986e-05
-5.2363e-05
-5.56293e-05
-5.87041e-05
-6.1227e-05
-6.29186e-05
-6.35539e-05
-6.29264e-05
-6.82657e-05
-7.33433e-05
-7.77104e-05
-8.16664e-05
-7.68647e-05
-7.47459e-05
-7.15212e-05
-6.74537e-05
-6.28641e-05
-5.80482e-05
-5.32367e-05
-4.77081e-05
-4.02224e-05
-3.20769e-05
-2.40402e-05
-1.65725e-05
-9.94618e-06
-4.31185e-06
2.65074e-07
3.74913e-06
6.13363e-06
7.58733e-06
8.32653e-06
8.46026e-06
8.13346e-06
7.51321e-06
6.78233e-06
6.8016e-06
6.40148e-06
6.2969e-06
6.58083e-06
1.07567e-05
1.40798e-05
-9.28985e-06
-3.15785e-06
1.19276e-05
1.24254e-05
1.40292e-05
1.65262e-05
1.96737e-05
2.31308e-05
2.68492e-05
3.07399e-05
3.45557e-05
3.81614e-05
4.14343e-05
4.42669e-05
4.65709e-05
4.82793e-05
4.93484e-05
4.97588e-05
4.95156e-05
4.86472e-05
4.7204e-05
4.52557e-05
4.28887e-05
4.02022e-05
3.73043e-05
3.43079e-05
3.13267e-05
2.84034e-05
2.56165e-05
2.32522e-05
2.12971e-05
1.97351e-05
1.85932e-05
1.78995e-05
1.76725e-05
1.79175e-05
1.86256e-05
1.9775e-05
2.1301e-05
2.32191e-05
2.54921e-05
2.80534e-05
3.0822e-05
3.37117e-05
3.66373e-05
3.95193e-05
4.22703e-05
4.47868e-05
4.6057e-05
4.45905e-05
4.14828e-05
3.73327e-05
3.24957e-05
2.71904e-05
2.1565e-05
1.57891e-05
1.45518e-05
1.06671e-05
3.10103e-06
-4.85491e-06
-1.16854e-05
-1.72959e-05
-2.24114e-05
-2.72043e-05
-3.15825e-05
-3.55479e-05
-3.91035e-05
-4.22317e-05
-4.34395e-05
-2.92249e-05
-2.06089e-05
-2.47757e-05
-3.33491e-05
-3.74452e-05
-3.90541e-05
-3.93179e-05
-3.88958e-05
-3.78104e-05
-3.59917e-05
-3.35397e-05
-3.0837e-05
-2.8029e-05
-2.53883e-05
-2.28599e-05
-2.33725e-05
-2.43625e-05
-2.58702e-05
-2.7895e-05
-3.0404e-05
-3.33416e-05
-3.60859e-05
-3.84535e-05
-4.05292e-05
-4.23392e-05
-4.38739e-05
-4.51098e-05
-4.60214e-05
-4.65212e-05
-4.65745e-05
-4.63763e-05
-4.58478e-05
-4.49361e-05
-4.36599e-05
-4.20683e-05
-4.02277e-05
-3.82168e-05
-3.61218e-05
-3.40336e-05
-3.20471e-05
-3.02651e-05
-2.87935e-05
-2.77063e-05
-2.70548e-05
-2.68729e-05
-2.7179e-05
-2.7968e-05
-2.9211e-05
-3.08473e-05
-3.18815e-05
-3.0814e-05
-2.86911e-05
-2.60729e-05
-2.32395e-05
-2.01248e-05
-1.76879e-05
-1.59754e-05
-1.47708e-05
-1.39704e-05
-1.60877e-05
-1.81034e-05
-1.89091e-05
-1.64661e-05
-1.07672e-05
-3.17572e-06
5.49875e-06
1.47303e-05
2.34543e-05
3.19591e-05
4.04867e-05
5.82888e-05
3.27156e-05
5.05628e-05
6.31001e-05
6.11649e-05
5.33322e-05
4.91454e-05
4.7048e-05
4.59657e-05
4.47324e-05
4.32642e-05
4.15663e-05
3.963e-05
3.84758e-05
3.80325e-05
3.76507e-05
3.74114e-05
3.72882e-05
3.72534e-05
3.71347e-05
3.63696e-05
3.53286e-05
3.42178e-05
3.31681e-05
3.2265e-05
3.15639e-05
3.10992e-05
3.08893e-05
3.08712e-05
3.1014e-05
3.1495e-05
3.21971e-05
3.30097e-05
3.38775e-05
3.47617e-05
3.56307e-05
3.64584e-05
3.72239e-05
3.79127e-05
3.85186e-05
3.90532e-05
3.95425e-05
3.99952e-05
4.04144e-05
4.08039e-05
4.11713e-05
4.15297e-05
4.18805e-05
4.2202e-05
4.15544e-05
3.85082e-05
3.41863e-05
2.92369e-05
2.40322e-05
1.87881e-05
1.29945e-05
6.78915e-06
3.03598e-07
-3.64846e-06
-7.55682e-06
-1.15196e-05
-1.55318e-05
-1.91302e-05
-2.03902e-05
-2.2296e-05
-2.44984e-05
-2.68069e-05
-2.91416e-05
-3.14754e-05
-3.33123e-05
-5.98802e-05
-1.36942e-05
-2.98388e-06
-7.07816e-06
-1.74641e-05
-2.71186e-05
-3.25611e-05
-3.56928e-05
-4.16105e-05
-4.00794e-05
-3.83626e-05
-3.64626e-05
-3.50931e-05
-3.43637e-05
-3.42278e-05
-3.46582e-05
-3.55777e-05
-3.67723e-05
-3.77867e-05
-3.86875e-05
-3.9512e-05
-4.02674e-05
-4.09455e-05
-4.15317e-05
-4.201e-05
-4.23662e-05
-4.25894e-05
-4.26733e-05
-4.2549e-05
-4.21961e-05
-4.18175e-05
-4.13351e-05
-4.06887e-05
-3.98824e-05
-3.89433e-05
-3.79099e-05
-3.68278e-05
-3.57464e-05
-3.47176e-05
-3.3796e-05
-3.3045e-05
-3.2533e-05
-3.22996e-05
-3.23662e-05
-3.27423e-05
-3.3428e-05
-3.4417e-05
-3.56798e-05
-3.71536e-05
-3.785e-05
-3.62836e-05
-3.35226e-05
-3.01542e-05
-2.57118e-05
-2.25214e-05
-1.92375e-05
-1.59638e-05
-1.28217e-05
-9.84011e-06
-6.90749e-06
-3.90808e-06
-8.69985e-07
2.18756e-06
5.24765e-06
8.29087e-06
1.12793e-05
1.56056e-05
2.03341e-05
2.5159e-05
3.03943e-05
1.06443e-05
-2.16359e-05
2.93993e-05
5.37284e-05
5.67394e-05
5.02118e-05
4.36505e-05
3.97971e-05
2.46723e-05
2.01837e-05
2.38917e-05
2.96712e-05
3.31158e-05
3.57442e-05
3.75669e-05
3.86455e-05
3.92006e-05
3.93889e-05
3.93025e-05
3.90008e-05
3.85268e-05
3.79165e-05
3.7203e-05
3.64188e-05
3.55958e-05
3.47656e-05
3.39587e-05
3.32037e-05
3.24586e-05
3.17218e-05
3.12054e-05
3.08311e-05
3.05298e-05
3.02879e-05
3.01075e-05
2.99954e-05
2.99603e-05
3.00112e-05
3.01574e-05
3.04105e-05
3.07921e-05
3.13314e-05
3.20328e-05
3.28879e-05
3.38825e-05
3.50007e-05
3.62271e-05
3.7531e-05
3.88564e-05
3.92282e-05
3.71816e-05
3.38096e-05
2.97226e-05
2.52653e-05
2.22941e-05
2.06043e-05
1.96666e-05
1.92149e-05
1.91422e-05
1.92909e-05
1.95488e-05
5.15999e-06
-1.11112e-06
-1.05427e-05
-1.78377e-05
-2.29862e-05
-2.73037e-05
-3.10745e-05
-3.44846e-05
-3.86009e-05
-6.60441e-05
-1.80512e-05
-7.1052e-06
-1.14729e-05
-2.22564e-05
-3.23619e-05
-3.78589e-05
-4.07786e-05
-4.63771e-05
-4.4161e-05
-4.17e-05
-3.90102e-05
-3.68465e-05
-3.53337e-05
-3.44294e-05
-3.41866e-05
-3.45334e-05
-3.52723e-05
-3.59463e-05
-3.66281e-05
-3.73574e-05
-3.81398e-05
-3.89621e-05
-3.98008e-05
-4.06275e-05
-4.14125e-05
-4.21269e-05
-4.27447e-05
-4.3176e-05
-4.33793e-05
-4.35366e-05
-4.35502e-05
-4.33421e-05
-4.2901e-05
-4.22414e-05
-4.13928e-05
-4.03951e-05
-3.92956e-05
-3.81481e-05
-3.70125e-05
-3.59609e-05
-3.50733e-05
-3.44035e-05
-3.39892e-05
-3.38573e-05
-3.40264e-05
-3.45084e-05
-3.52913e-05
