4.18299e-08
3.31716e-07
1.10319e-06
2.57307e-06
4.94228e-06
8.39666e-06
1.31078e-05
1.92335e-05
2.69189e-05
3.62969e-05
4.74887e-05
6.06045e-05
7.57443e-05
9.29978e-05
0.000112446
0.00013416
0.000158204
0.000184633
0.000213495
0.00024483
0.000278674
0.000315053
0.000353989
0.000395499
0.000439593
0.000486276
0.000535552
0.000587433
0.000641939
0.000699101
0.000758952
0.000821592
0.000887161
0.000955829
0.00102779
0.00110327
0.0011825
0.00126575
0.00135328
0.0014454
0.0015424
0.00164459
0.0017523
0.00186584
0.00198556
0.00211179
0.00224487
0.00238513
0.00253291
0.00268857
0.00285242
0.00302481
0.00320603
0.00339634
0.00359599
0.00380518
0.00402408
0.00425285
0.0044916
0.00474046
0.00499949
0.00526875
0.00554829
0.00583812
0.00613824
0.00644865
0.00676931
0.00710018
0.0074412
0.0077923
0.0081534
0.0085244
0.00890519
0.00929567
0.0096957
0.0101051
0.0105239
0.0109517
0.0113886
0.0118344
0.0122889
0.012752
0.0132237
0.0137038
0.0141923
0.014689
0.015194
0.0157071
0.0162283
0.0167576
0.0172949
0.0178402
0.0183934
0.0189545
0.0195235
0.0201005
0.0206853
0.0212781
0.0218788
0.0224874
0.023104
0.0237286
0.0243612
0.0250018
0.0256504
0.026307
0.0269715
0.0276438
0.028324
