0.0113521
0.0114197
0.0115547
0.0117576
0.0120291
0.0123696
0.0127799
0.0132606
0.0138127
0.0144368
0.0151339
0.0159048
0.0167507
0.0176726
0.0186716
0.019749
0.0209061
0.0221444
0.0234656
0.0248737
0.0262506
0.0276047
0.028937
0.0302202
0.0314582
0.0326521
0.0338294
0.0349586
0.0360434
0.0370847
0.0380831
0.0390397
0.0399551
0.0408302
0.041666
0.0424633
0.0432234
0.0439455
0.0446302
0.0453149
0.0459246
0.0464979
0.0470351
0.0475367
0.0480032
0.0484349
0.0488322
0.0491953
0.0495245
0.0498202
0.0500826
0.0503118
0.050508
0.0506715
0.0508023
0.0509006
0.0509664
0.0509998
0.0510015
0.0509815
0.0509399
0.0508793
0.0508045
0.0507156
0.0506123
0.0504946
0.050363
0.0502174
0.0500575
0.0498831
0.0496939
0.0494897
0.0492702
0.0490351
0.048784
0.0485168
0.048233
0.0479324
0.0476145
0.0472791
0.0469256
0.0465539
0.046164
0.0457559
0.0453291
0.0448831
0.0444176
0.043932
0.0434258
0.0428987
0.04235
0.0417793
0.0411868
0.0405718
0.0399411
0.0392986
0.0386438
0.0379761
0.037295
0.0366
0.0358905
0.0351658
0.0344255
0.0336688
0.0328951
0.0321046
0.0312988
0.0304759
0.029635
0.0287756
0.0278994
0.0270086
0.0261012
0.0251748
0.0242284
0.0232642
0.0224483
0.0217476
0.0211623
0.0206919
0.0203361
0.0200948
0.0199676
0.0199546
0.0200347
0.0202082
0.0204754
0.0208368
0.0212929
0.0218442
0.0224915
0.0232355
0.0240776
0.0248904
0.0256791
0.0264445
0.027187
0.0279074
0.0286061
0.0292838
0.029941
0.0305783
0.031196
0.0317948
0.032375
0.0329102
0.0334019
0.0338505
0.0342563
0.0346197
0.034941
0.0352204
0.0354582
0.0356545
0.0358095
0.0359234
0.0359962
0.036028
0.0360192
0.0359698
0.0358799
0.0357495
0.0355784
0.0353665
0.0351136
0.0348196
0.0344841
0.034107
0.0336878
0.0332263
0.0327473
0.0322507
0.0317362
0.0312034
0.0306518
0.0300808
0.0294902
0.0288793
0.0282477
0.0275948
0.02692
0.0262452
0.0258301
0.0255334
0.025355
0.0252946
0.0252946
0.0252946
0.0252947
0.0252947
0.0252947
0.0252948
0.0252948
0.0252949
0.0252949
0.0252949
0.025295
0.025295
0.0252951
0.0252951
0.0252951
0.0252952
0.0252952
0.0252953
0.0252953
0.0252953
0.0252954
0.0252954
0.0252954
0.0252955
0.0252955
0.0252956
0.0252956
0.0252956
0.0252957
0.0252957
0.0252958
0.0252958
0.0252958
0.0252959
0.0252959
0.0252959
0.025296
0.025296
0.0252961
0.0252961
0.0252961
0.0252962
0.0252962
0.0252962
0.0252963
0.0252963
0.0252963
0.0252964
0.0252964
0.0252965
0.0252965
0.0252965
0.0252966
0.0252966
0.0252966
0.0252967
0.0252967
0.0252967
0.0252968
0.0252968
0.0252969
0.0252969
0.0252969
0.025297
0.025297
0.025297
0.0252971
0.0252971
0.0252971
0.0252972
0.0252972
0.0252972
0.0252973
0.0252973
0.0252973
0.0252974
0.0252974
0.0252974
0.0252975
0.0252975
0.0252975
0.0252976
0.0252976
0.0252976
0.0252977
0.0252977
0.0252977
0.0252977
0.0252978
0.0252978
0.0252978
0.0252979
0.0252979
0.0252979
0.0252979
0.025298
0.025298
0.025298
0.025298
0.0252981
0.0252981
0.0252981
0.0252981
0.0252981
0.0252982
0.0252982
0.0252982
0.0252982
0.0252982
0.0252983
0.0252983
0.0252983
0.0252983
0.0252983
