-0.0355023
-0.0344251
-0.0344958
-0.0344138
-0.0362625
-0.0394711
-0.0436878
-0.0489096
-0.0487881
-0.0501216
-0.0499879
-0.0517184
-0.0516378
-0.0521044
-0.0520241
-0.0519623
-0.0519278
-0.0504756
-0.049441
-0.0487994
-0.04852
-0.0485425
-0.0485641
-0.0486808
-0.0487581
-0.048816
-0.0488234
-0.048827
-0.0488293
-0.0488298
-0.0488285
-0.0488256
-0.0488212
-0.0488157
-0.0488094
-0.0487824
-0.0487533
-0.0487135
-0.0486374
-0.0484747
-0.0483355
-0.0482393
-0.0482572
-0.04827
-0.0482818
-0.0482951
-0.0483091
-0.0483347
-0.0483582
-0.0483804
-0.0540302
-0.0551852
-0.0552114
-0.0552045
-0.0551983
-0.0551953
-0.0551999
-0.0552109
-0.0552285
-0.0552319
-0.0552326
-0.0552278
-0.0552297
-0.055239
-0.0552564
-0.0552802
-0.0553092
-0.0553421
-0.0553778
-0.0554152
-0.0554537
-0.0554928
-0.0555324
-0.0555726
-0.0556147
-0.0556631
-0.0557229
-0.0557543
-0.0557481
-0.0557271
-0.0557044
-0.0556832
-0.0556655
-0.0556522
-0.0556438
-0.0556403
-0.0556419
-0.0556488
-0.0556612
-0.055679
-0.0557021
-0.0557305
-0.0557637
-0.0558015
-0.0558434
-0.0558888
-0.0557127
-0.0557662
-0.0557553
-0.0557496
-0.0157048
-0.0157972
-0.015854
-0.015895
-0.0159342
-0.0159709
-0.0160218
-0.0160875
-0.0161674
