-0.0355023
-0.0295928
-0.029507
-0.0294126
-0.029254
-0.0290736
-0.0289151
-0.0288009
-0.030769
-0.0307184
-0.033015
-0.0373769
-0.0427786
-0.0428364
-0.0452717
-0.0498439
-0.052714
-0.0527852
-0.0528658
-0.0529573
-0.0530593
-0.0531708
-0.0531184
-0.0532075
-0.0532975
-0.0533893
-0.0534845
-0.0535437
-0.0536125
-0.0536855
-0.0537601
-0.0538349
-0.0539092
-0.0539829
-0.0540559
-0.0541076
-0.0541575
-0.0541965
-0.054135
-0.0540741
-0.0540226
-0.0539851
-0.0539677
-0.0539695
-0.0539779
-0.0539843
-0.0539902
-0.0540011
-0.054011
-0.0540207
-0.0484012
-0.0484337
-0.0467217
-0.0446954
-0.0418996
-0.0394592
-0.0379497
-0.0364907
-0.0349878
-0.0335073
-0.032091
-0.0299646
-0.0284772
-0.0274387
-0.0267031
-0.0258219
-0.0248838
-0.0239275
-0.0229683
-0.0220102
-0.021052
-0.0200906
-0.019122
-0.0181424
-0.0175848
-0.0186323
-0.0215706
-0.0224547
-0.0209213
-0.0179025
-0.016385
-0.0156186
-0.0152317
-0.0150398
-0.0149511
-0.0149194
-0.0149218
-0.0149466
-0.0149876
-0.0150415
-0.0151064
-0.015181
-0.0152646
-0.0153564
-0.0154559
-0.0155626
-0.0154527
-0.0155122
-0.0155759
-0.01564
-0.055746
-0.0537431
-0.0503421
-0.046767
-0.0427735
-0.0392146
-0.0358049
-0.0323243
-0.0289856
