-0.0355023
-0.035502
-0.0355016
-0.035501
-0.0355001
-0.035499
-0.0354977
-0.0354962
-0.0354944
-0.0354925
-0.0354904
-0.035488
-0.0354855
-0.0354828
-0.0354799
-0.0354769
-0.0354738
-0.0354705
-0.0354672
-0.0354638
-0.0354607
-0.0354573
-0.0354536
-0.0354497
-0.0354457
-0.0354414
-0.0354368
-0.0354322
-0.0354275
-0.0354226
-0.0354178
-0.0354129
-0.035408
-0.0354031
-0.0353983
-0.0353935
-0.0353888
-0.0353842
-0.0353797
-0.0353752
-0.0353718
-0.0353686
-0.0353654
-0.0353625
-0.0353596
-0.0353569
-0.0353544
-0.0353521
-0.0353499
-0.0353479
-0.0353462
-0.0353446
-0.0353433
-0.0353422
-0.0353412
-0.0353406
-0.0353401
-0.0353399
-0.0353398
-0.03534
-0.0353403
-0.0353407
-0.0353412
-0.0353419
-0.0353426
-0.0353434
-0.0353443
-0.0353454
-0.0353465
-0.0353477
-0.035349
-0.0353504
-0.0353519
-0.0353536
-0.0353553
-0.0353571
-0.035359
-0.035361
-0.0353631
-0.0353653
-0.0353676
-0.03537
-0.0353724
-0.035375
-0.0353777
-0.0353804
-0.0353832
-0.0353861
-0.035389
-0.0353921
-0.0353952
-0.0353983
-0.0354015
-0.0354048
-0.0354081
-0.0354113
-0.0354146
-0.0354178
-0.035421
-0.0354243
-0.0354275
-0.0354306
-0.0354338
-0.0354369
-0.03544
-0.0354421
-0.035445
-0.0354479
-0.0354507
-0.0354535
-0.0354561
-0.0354587
-0.0354612
-0.0354637
-0.035466
-0.0354676
-0.0354706
-0.0354722
-0.0354736
-0.0354748
-0.0354757
-0.0354763
-0.0354767
-0.0354767
-0.0354765
-0.0354761
-0.0354753
-0.0354744
-0.0354731
-0.0354717
-0.03547
-0.0354682
-0.0354662
-0.0354643
-0.0354623
-0.0354603
-0.0354583
-0.0354562
-0.0354542
-0.035452
-0.0354499
-0.0354478
-0.0354457
-0.0354435
-0.0354414
-0.0354394
-0.0354374
-0.0354356
-0.035434
-0.0354324
-0.0354291
-0.0354279
-0.0354268
-0.035426
-0.0354253
-0.0354247
-0.0354244
-0.0354243
-0.0354243
-0.0354245
-0.0354249
-0.0354255
-0.0354263
-0.0354272
-0.0354284
-0.0354297
-0.0354311
-0.0354327
-0.0354344
-0.0354363
-0.0354381
-0.03544
-0.035442
-0.0354439
-0.0354459
-0.0354479
-0.0354498
-0.0354518
-0.0354538
-0.0354558
-0.0354578
-0.0354597
-0.0354603
-0.0354607
-0.035461
-0.0354611
-0.0354611
-0.0354611
-0.0354611
-0.0354611
-0.0354611
-0.0354611
-0.0354611
-0.0354611
-0.0354611
-0.0354611
-0.0354611
-0.0354611
-0.0354611
-0.0354611
-0.0354631
-0.0354631
-0.0354631
-0.0354631
-0.0354631
-0.0354631
-0.0354631
-0.0354631
-0.0354631
-0.0354631
-0.0354631
-0.0354631
-0.0354631
-0.0354631
-0.0354631
-0.0354631
-0.0354631
-0.0354631
-0.0354631
-0.0354631
-0.0354631
-0.0354631
-0.0354631
-0.0354631
-0.0354631
-0.0354631
-0.0354631
-0.0354631
-0.0354631
-0.0354631
-0.0354631
-0.0354631
-0.0354631
-0.0354631
-0.0354631
-0.0354631
-0.0354631
-0.0354631
-0.0354631
-0.0354631
-0.0354631
-0.0354631
-0.0354631
-0.0354631
-0.0354631
-0.0354631
-0.0354631
-0.0354631
-0.0354631
-0.0354631
-0.0354611
-0.0354611
-0.0354611
-0.0354611
-0.0354611
-0.0354611
-0.0354611
-0.0354611
-0.0354611
-0.0354611
-0.0354611
-0.0354611
-0.0354611
-0.0354611
-0.0354611
-0.0354611
-0.0354611
-0.0354611
-0.0354611
-0.0354611
-0.0354611
-0.0354611
-0.0354611
-0.0354611
-0.0354611
-0.0354611
-0.0354611
-0.0354611
-0.0354611
-0.0354611
-0.0354611
-0.0354611
-0.0354611
-0.0354611
-0.0354611
-0.0354611
-0.0354611
-0.0354611
-0.0354611
-0.0354611
-0.0354611
-0.0354611
-0.0354611
-0.0354611
-0.0354611
-0.0354611
-0.0354611
-0.0354611
-0.0354611
-0.0354611
