0
0
0
0
0
0
0
0
0
0
0
0
0
0
0
0
0
0
0
0
0
0
0
0
0
0
0
0
0
0
0
0
0
0
0
0
0
0
0
0
0
0
0
0
0
0
0
0
0
0
0.0025
0.004875
0.00713125
0.00927469
0.011311
0.0132454
0.0150831
0.016829
0.0184875
0.0200632
0.02156
0.022982
0.0243329
0.0256163
0.0268354
0.0279937
0.029094
0.0301393
0.0311323
0.0320757
0.0329719
0.0338233
0.0346322
0.0354005
0.0361305
0.0361305
0.0361305
0.0361305
0.0361305
0.0361305
0.0361305
0.0361305
0.0361305
0.0361305
0.0361305
0.0361305
0.0361305
0.0361305
0.0361305
0.0361305
0.0361305
0.0361305
0.0361305
0.0361305
0.0361305
0.0361305
0.0361305
0.0361305
0.0361305
0
0.005
0.00975
0.0142625
0.0185494
0.0226219
0.0264908
0.0301663
0.033658
0.0369751
