1.25495e-05
4.93179e-05
0.000108589
0.000188734
0.000288204
0.00040553
0.000539318
0.000688245
0.000851057
0.00102656
0.00121363
0.0014112
0.00161824
0.00183381
0.00205699
0.00228692
0.00252278
0.0027638
0.00300925
0.00325844
0.00351072
0.00376546
0.00402209
0.00428004
0.0045388
0.00479787
0.00505755
0.00531891
0.00558299
0.00584959
0.00612249
0.00640785
0.00670876
0.00702801
0.00736811
0.00773128
0.0081195
0.0085345
0.0089778
0.00945069
0.00995428
0.0104895
0.0110571
0.0116577
0.0122917
0.0129595
0.0136611
0.0143968
0.0151664
0.0159698
0.0168068
0.0176755
0.0185725
0.0194945
0.0204385
0.0214016
0.0223811
0.0233745
0.0243792
0.025393
0.0264138
0.0274394
0.028468
0.0294978
0.030527
0.0315541
0.0325774
0.0335956
0.0346074
0.0356114
0.0366065
0.0375915
0.0385655
0.0395273
0.0404761
0.041411
0.0423319
0.0432396
0.0441347
0.0450157
0.0458836
0.0467415
0.0475902
0.0484303
0.0492624
0.0500874
0.0509059
0.0517184
0.0525258
0.0533287
0.0541277
0.0549236
0.0557171
0.0565087
0.0572993
0.0580895
0.0588799
0.0596713
0.0604644
0.0612599
0.0620584
0.0628595
0.0636613
0.0644622
0.0652605
0.0660548
0.0668437
0.0676257
0.0683995
