0
-0.0546057
-0.179319
-0.174852
-0.170619
-0.15523
-0.127734
-0.0988875
-0.0180825
0.0354749
0.0666864
0.0657582
0.106014
0.19474
0.16541
0.135466
0.135385
0.171776
0.139573
0.10709
0.0739527
0.0403808
0.0106014
-0.0153801
-0.0291984
-0.0435596
-0.0566021
-0.0720901
-0.0850096
-0.0974106
-0.109002
-0.119607
-0.129178
-0.13777
-0.145502
-0.151775
-0.158024
-0.157897
-0.164678
-0.167547
-0.172867
-0.17872
-0.18759
-0.193659
-0.200079
-0.206951
-0.214094
-0.22222
-0.229175
-0.236523
-0.24434
-0.281627
-0.280894
-0.296953
-0.301241
-0.317949
-0.342452
-0.362614
-0.388322
-0.399958
-0.39922
-0.360163
-0.358641
-0.356186
-0.352979
-0.340401
-0.328563
-0.315369
-0.300609
-0.284835
-0.268061
-0.250413
-0.232082
-0.213289
-0.198693
-0.196318
-0.197813
-0.174971
-0.152071
-0.13767
-0.145798
-0.138923
-0.129566
-0.121767
-0.116838
-0.114414
-0.114578
-0.11682
-0.12072
-0.125914
-0.13211
-0.139064
-0.146554
-0.154358
-0.162251
-0.170008
-0.169322
-0.186447
-0.196959
-0.206175
-0.214052
-0.190477
-0.203259
-0.219486
-0.227913
-0.246449
-0.262401
-0.278562
-0.294282
