4.18299e-08
3.31716e-07
1.10319e-06
2.57307e-06
4.94228e-06
8.39666e-06
1.31078e-05
1.92335e-05
2.69189e-05
3.62969e-05
4.74887e-05
6.06045e-05
7.57443e-05
9.29978e-05
0.000112446
0.00013416
0.000158204
0.000184633
0.000213495
0.00024483
0.000278674
0.000315053
0.000353989
0.000395499
0.000439593
0.000486276
0.000535552
0.000587433
0.000641939
0.000699101
0.000758952
0.000821592
0.000887161
0.000955829
0.00102779
0.00110327
0.0011825
0.00126575
0.00135328
0.0014454
0.0015424
0.00164459
0.0017523
0.00186584
0.00198556
0.00211179
0.00224487
0.00238513
0.00253291
0.00268857
0.00285242
0.00302481
0.00320603
0.00339634
0.00359599
0.00380518
0.00402408
0.00425285
0.0044916
0.00474046
0.00499949
0.00526875
0.00554829
0.00583812
0.00613824
0.00644865
0.00676931
0.00710018
0.0074412
0.0077923
0.0081534
0.0085244
0.00890519
0.00929567
0.0096957
0.0101051
0.0105239
0.0109517
0.0113886
0.0118344
0.0122889
0.012752
0.0132237
0.0137038
0.0141923
0.014689
0.015194
0.0157071
0.0162283
0.0167576
0.0172949
0.0178402
0.0183934
0.0189545
0.0195235
0.0201005
0.0206853
0.0212781
0.0218788
0.0224874
0.023104
0.0237286
0.0243612
0.0250018
0.0256504
0.026307
0.0269715
0.0276438
0.028324
0.0290118
0.0297072
0.0304101
0.0311204
0.0318379
0.0325625
0.033294
0.0340323
0.0347772
0.0355286
0.0362862
0.0370499
0.0378196
0.0385949
0.0393757
0.0401619
0.0409532
0.0417494
0.0425504
0.043356
0.0441661
0.0449804
0.045799
0.0466216
0.0474482
0.0482787
0.0491132
0.0499515
0.0507936
0.0516394
0.0524888
0.0533418
0.0541982
0.0550579
0.0559209
0.0567869
0.0576558
0.0585273
0.0594012
0.0602772
0.0611551
0.0620346
0.062916
0.0637995
0.0646855
0.0655742
0.0664659
0.0673607
0.0682588
0.0691603
0.0700653
0.0709739
0.0718863
0.0728023
0.0737221
0.0746456
0.0755727
0.0765036
0.077438
0.0783759
0.0793173
0.080262
0.0812098
0.0821607
0.0831144
0.0840709
0.0850299
0.0859912
0.0869548
0.0879204
0.0888879
0.089857
0.0908278
0.0918
0.0927737
0.0937488
0.0947251
0.0957026
0.0966812
0.0976608
0.0986413
0.0996225
0.100604
0.101587
0.102569
0.103552
0.104534
0.105516
0.106497
0.107476
0.108454
0.109431
0.110405
0.111379
0.112351
0.113324
0.114296
0.115269
0.116242
0.117216
0.118191
0.119167
0.120144
0.121123
0.122103
0.123085
0.124069
0.125054
0.12604
0.127029
0.128018
0.12901
0.130003
0.130997
0.131993
0.13299
0.133988
0.134987
0.135986
0.136987
0.137988
0.138989
0.139991
0.140994
0.141996
0.142999
0.144002
0.145006
0.146009
0.147013
0.148017
0.14902
0.150024
0.151027
0.152029
0.153031
0.154032
0.155032
0.15603
0.157026
0.15802
0.159012
0.160002
0.16099
0.161976
0.162962
0.163948
0.164933
0.165918
0.166904
0.16789
0.168877
0.169864
0.170853
0.171843
0.172834
0.173827
0.17482
0.175815
0.176812
0.177809
0.178808
0.179809
0.18081
0.181812
0.182816
0.18382
0.184825
0.18583
0.186836
0.187843
0.18885
0.189857
0.190864
0.191871
0.192878
0.193886
0.194894
0.195901
0.196909
0.197916
0.198923
0.19993
0.200937
0.201942
0.202947
0.203951
0.204954
0.205955
0.206954
0.20795
