-0.000191868
-0.000370029
-0.000534924
-0.000686982
-0.000826615
-0.000954222
-0.00107019
-0.00117489
-0.00126869
-0.00135194
-0.00142498
-0.00148813
-0.00154171
-0.00158604
-0.0016214
-0.00164809
-0.00166638
-0.00167654
-0.00167884
-0.00167352
-0.00166083
-0.00164101
-0.00161429
-0.00158089
-0.00154101
-0.00149488
-0.00145439
-0.00141939
-0.00138966
-0.00134613
-0.00136907
-0.00141412
-0.00147871
-0.0015604
-0.00165684
-0.00176579
-0.00188515
-0.00201287
-0.00214704
-0.00228581
-0.00242744
-0.00257028
-0.00271275
-0.00285335
-0.00299066
-0.00312335
-0.00325013
-0.00336981
-0.00348125
-0.00358338
-0.00367518
-0.00373165
-0.00375395
-0.00374318
-0.00370041
-0.00362669
-0.00352302
-0.00339037
-0.00322969
-0.00304188
-0.00282782
-0.00258838
-0.00232438
-0.00203661
-0.00172585
-0.00139286
-0.00103835
-0.000663021
-0.000267563
0.000147371
0.000581144
0.00103314
0.00150276
0.00198942
0.00249257
0.00301167
0.0035346
0.00406109
0.00459104
0.0051593
0.00569244
0.00622897
0.00676882
0.0073119
0.00785815
0.0084075
0.00895989
0.00951525
0.0100735
0.0106347
0.0111986
0.0117653
0.0123348
0.0129069
0.0134817
0.0140591
0.0146391
0.0152217
0.0158069
0.0163947
0.0169851
0.0175974
0.0182309
0.0188849
0.0195588
0.0202519
0.0209636
0.0216933
0.0224403
