0.0113521
-0.0402411
-0.0399967
-0.0401724
-0.0403276
-0.0404527
-0.0405478
-0.0406127
-0.0406476
-0.0406528
-0.0406286
-0.0405759
-0.0404959
-0.0403909
-0.0402646
-0.040124
-0.0399827
-0.0398736
-0.0399058
-0.0413785
0.049177
0.0450922
0.0455984
0.0676379
0.066099
0.0662505
0.0467919
0.0715362
0.0700004
0.0704037
0.0707877
0.0711379
0.0713992
0.0716113
0.0717849
0.0718843
0.0716954
0.0730063
0.073203
0.0467418
0.101911
0.0743996
0.0745605
0.0747349
0.0748958
0.0750426
0.0751755
0.0752951
0.0754016
0.0754952
0.0755758
0.0756436
0.0756986
0.0757409
0.0757707
0.0757825
0.0757746
0.0757545
0.0753129
0.0674928
0.0674959
0.0654599
0.0615295
0.0615841
0.061633
0.0614435
0.0610279
0.0609412
0.0609617
0.0609754
0.0609824
0.0609825
0.0609757
0.0609619
0.0609409
0.0609125
0.0608768
0.0608335
0.0607825
0.0607237
0.060657
0.0605822
0.0599738
0.0597355
0.0596286
0.0595131
0.0593892
0.0592567
0.0591153
0.0589649
0.0588053
0.0586323
0.0578904
0.0576976
0.0519617
0.0483555
0.0480501
0.0477933
0.0475318
0.0472651
0.0469933
0.0467163
0.0464337
0.0461457
0.0458521
0.0449895
0.0429701
0.0436489
0.0432677
0.0429717
0.0407414
0.0381472
0.0388799
0.0396284
0.0394831
0.036824
-0.0904404
-0.0664458
-0.0670699
-0.0672269
-0.0673272
-0.0673738
-0.0673668
-0.0673034
-0.0511456
-0.0511984
-0.0511867
-0.0511393
-0.051059
-0.0509519
-0.0508305
-0.0507303
-0.0508357
0.0470239
0.0440482
0.0443313
0.0446059
0.0448721
0.0451301
0.0453801
0.0456224
0.0458571
0.0460845
0.0463048
0.0465181
0.0673622
0.0666665
0.066811
0.0669399
0.0670531
0.067151
0.0672333
0.0673003
0.0673521
0.0673881
0.0673966
0.0673708
0.0673231
0.0671403
0.0669648
0.0668451
0.0667615
0.0666671
0.0665573
0.0664324
0.0662932
0.0661399
0.0659739
0.0657975
0.0656148
0.0461387
0.0456514
0.0454496
0.0452413
0.0450266
0.0448057
0.0445788
0.0443459
0.0441083
0.0438674
0.0436218
0.0248372
-0.171449
-0.0650054
-0.0650448
-0.0650355
-0.0208069
0.0252349
0.0252946
0.0252948
0.0252948
0.0252948
0.0252949
0.0252949
0.025295
0.025295
0.025295
0.0252951
0.0252951
0.0252952
0.0252952
0.0252952
0.0252953
0.0252953
0.0252954
0.0252954
0.0252954
0.0252955
0.0252955
0.0252955
0.0252956
0.0252956
0.0252957
0.0252957
0.0252957
0.0252958
0.0252958
0.0252958
0.0252959
0.0252959
0.025296
0.025296
0.025296
0.0252961
0.0252961
0.0252961
0.0252962
0.0252962
0.0252963
0.0252963
0.0252963
0.0252964
0.0252964
0.0252964
0.0252965
0.0252965
0.0252965
0.0252966
0.0252966
0.0252967
0.0252967
0.0252967
0.0252968
0.0252968
0.0252968
0.0252969
0.0252969
0.0252969
0.025297
0.025297
0.025297
0.0252898
0.025306
0.0252972
0.0252972
0.0252972
0.0252973
0.0252973
0.0252974
0.0252974
0.0252975
0.0252975
0.0252975
0.0252976
0.0252976
0.0252977
0.0252977
0.0252978
0.0252978
0.0252978
0.0252979
0.0252979
0.025298
0.025298
0.025298
0.0252981
0.0252981
0.0252982
0.0252982
0.0252983
0.0252983
0.0252983
0.0252984
0.0252984
0.0252985
0.0252985
0.0252985
0.0252986
0.0252986
0.0252987
0.0252987
0.0252987
0.0252988
0.0252988
0.0252989
0.0252989
0.0252989
0.025299
0.025299
0.0252991
