-3.84883e-07
-3.04547e-06
-1.00905e-05
-2.34352e-05
-4.48099e-05
-7.5768e-05
-0.000117693
-0.000171807
-0.000239175
-0.000320714
-0.000417198
-0.000529263
-0.000657412
-0.000802021
-0.000963346
-0.00114152
-0.00133657
-0.00154841
-0.00177683
-0.00202155
-0.00228217
-0.00255819
-0.00284901
-0.00315397
-0.00347228
-0.00380309
-0.00414545
-0.00449832
-0.0048606
-0.0052311
-0.00560855
-0.0059916
-0.00637882
-0.00676869
-0.00715963
-0.00754999
-0.00793805
-0.00832201
-0.00870005
-0.00907028
-0.00943094
-0.00978039
-0.0101171
-0.0104398
-0.0107467
-0.0110365
-0.0113072
-0.0115569
-0.0117829
-0.0119822
-0.0121521
-0.0122921
-0.0124024
-0.0124831
-0.0125344
-0.0125563
-0.0125488
-0.012512
-0.0124457
-0.01235
-0.0122246
-0.0120694
-0.0118842
-0.0116688
-0.0114229
-0.0111461
-0.0108381
-0.0104985
-0.0101269
-0.00972269
-0.00928544
-0.00881455
-0.00830941
-0.00776935
-0.00719368
-0.0065826
-0.0059402
-0.00527132
-0.00458061
-0.00387249
-0.00315119
-0.00242076
-0.00168505
-0.000947759
-0.000212391
0.000517731
0.00123946
0.00194982
0.00264602
0.00332545
0.0039857
0.0046246
0.0052402
0.00583072
0.00639457
0.00693028
0.00743649
0.00791195
0.00835543
0.00876575
0.00914199
0.00948408
0.00979218
0.0100664
0.010307
0.0105139
0.0106873
0.0108272
0.0109338
0.0110071
0.0110472
0.0110539
0.0110275
0.0109677
0.0108747
0.0107482
0.0105884
0.010395
0.010168
0.00990725
0.0096125
0.00928362
0.00892037
0.0085225
0.00808975
0.00762235
0.00712268
0.00659371
0.00603838
0.00545967
0.00486057
0.00424405
0.00361311
0.00297076
0.00231998
0.0016638
0.00100522
0.000347241
-0.000307142
-0.000954952
-0.00159328
-0.00221929
-0.00283022
-0.00342337
-0.00399605
-0.00454568
-0.00506971
-0.00556549
-0.00603025
-0.00646097
-0.006855
-0.00721221
-0.00753307
-0.007818
-0.00806738
-0.00828152
-0.00846071
-0.00860518
-0.00871513
-0.00879069
-0.00883196
-0.00883901
-0.00881183
-0.00875039
-0.00865461
-0.00852438
-0.0083595
-0.00815978
-0.00792495
-0.0076547
-0.00734868
-0.00700648
-0.00662767
-0.00621174
-0.00575815
-0.00526714
-0.00474217
-0.00418745
-0.00360702
-0.00300482
-0.00238464
-0.00175019
-0.00110505
-0.000452709
0.000203468
0.00086022
0.0015144
0.00216296
0.00280299
0.00343166
0.00404632
0.00464449
0.00522385
0.00578222
0.00631753
0.00682778
0.00731104
0.00776543
0.00818905
0.00858003
0.00893685
0.00925957
0.00954863
0.00980439
0.0100272
0.0102173
0.010375
0.0105005
0.010594
0.0106555
0.0106852
0.0106831
0.0106491
0.0105833
0.0104856
0.0103558
0.0101938
0.00999926
0.00977207
0.00951187
0.00921833
0.00889107
0.00852965
0.0081336
0.00770241
0.00723613
0.00673726
0.0062089
0.00565415
0.00507609
0.00447781
0.00386238
0.00323286
0.00259232
0.00194381
0.00129036
0.000634997
-1.92614e-05
-0.000669428
-0.00131255
-0.00194573
-0.00256618
-0.0031712
-0.00375813
-0.00432434
-0.00486726
-0.00538437
-0.00587311
-0.00633084
-0.0067547
-0.00714222
-0.0074933
-0.0078084
-0.00808793
-0.00833225
-0.00854169
-0.00871651
-0.00885696
-0.0089632
-0.00903539
-0.00907361
-0.00907791
-0.0090483
-0.00898475
-0.00888716
-0.00875542
-0.00858934
-0.00838872
-0.00815328
-0.00788272
-0.00757669
-0.00723479
-0.00685657
-0.00644153
-0.00598913
-0.00549958
-0.00497627
-0.00442326
-0.00384451
-0.00324386
-0.00262504
-0.00199168
-0.00134732
-0.000695383
-3.92161e-05
0.000617949
0.00127298
0.00192283
0.00256457
0.00319539
0.00381259
0.00441366
0.00499625
0.00555813
0.00609717
0.00661131
0.00709855
0.00755692
0.00798446
0.00837918
