-0.00652898
-0.0060064
-0.00568798
-0.00571779
-0.00631026
-0.00720999
-0.00832799
-0.00966041
-0.0103154
-0.0114085
-0.0119908
-0.0125723
-0.0125793
-0.0134718
-0.0137578
-0.0137684
-0.0135204
-0.0140426
-0.0143164
-0.0143559
-0.0141828
-0.0138148
-0.0134904
-0.0127757
-0.0121468
-0.0117288
-0.0114524
-0.0113685
-0.01138
-0.01148
-0.0116603
-0.0119126
-0.012229
-0.0126031
-0.0130294
-0.0134219
-0.0138054
-0.014189
-0.0143764
-0.0144603
-0.0144455
-0.0143386
-0.0142488
-0.0141734
-0.0140996
-0.0140226
-0.0139398
-0.0139343
-0.0138944
-0.0138284
-0.0137417
-0.013414
-0.0129692
-0.0125194
-0.0120935
-0.0116723
-0.0112403
-0.0107946
-0.0103113
-0.00980677
-0.00929467
-0.00874462
-0.00816728
-0.00756157
-0.00692666
-0.0062674
-0.00558075
-0.00486534
-0.00412055
-0.00334613
-0.00254241
-0.00171018
-0.000850573
3.49577e-05
0.000946097
0.00188428
0.00284478
0.00386727
0.00496707
0.00612457
0.00732529
0.00856104
0.00982754
0.0111217
0.0124412
0.0137803
0.015138
0.0165146
0.0179103
0.0193263
0.0207641
0.0222258
0.0237137
0.0252306
0.026779
0.0283613
0.0299438
0.0313279
0.0326106
0.0338085
0.0349217
0.0359207
0.0368712
0.037784
0.0386202
0.0393848
0.040065
0.0406651
0.0411831
