-0.099997
-0.0976984
-0.0977438
-0.097851
-0.0979924
-0.0981344
-0.0982508
-0.0983231
-0.0964287
-0.0964858
-0.0947237
-0.0910809
-0.0855637
-0.085347
-0.0833362
-0.0792766
-0.0754275
-0.0751369
-0.0748388
-0.0745427
-0.0742586
-0.0739929
-0.0756728
-0.0754687
-0.0752718
-0.0750756
-0.0748731
-0.0749911
-0.0750124
-0.0749821
-0.0749265
-0.0748591
-0.0747866
-0.0747123
-0.0746379
-0.0745019
-0.0743711
-0.0742238
-0.0741187
-0.0740183
-0.0739216
-0.0738448
-0.0737987
-0.073782
-0.073775
-0.0737639
-0.0737514
-0.0738422
-0.0738926
-0.0739224
0.0759426
0.0758968
0.075796
0.0756957
0.0755601
0.0754325
0.0753476
0.0752752
0.0752139
0.0751693
0.0751283
0.0750941
0.0750786
0.0750755
0.0750798
0.0750777
0.075071
0.0750601
0.0750445
0.0750235
0.0749962
0.0749618
0.0749195
0.0748683
0.0748193
0.0748043
0.0748326
0.0748318
0.0747831
0.0746991
0.074658
0.074639
0.0746325
0.0746345
0.074643
0.0746574
0.0746771
0.074702
0.0747316
0.0747656
0.0748039
0.074846
0.0748918
0.074941
0.0749935
0.0750492
0.0751234
0.0751479
0.0751759
0.0752061
-0.073764
-0.0738186
-0.0738447
-0.0738339
-0.0738187
-0.0737606
-0.073693
-0.0736309
-0.0735662
