0.099997
0.0992613
0.0985033
0.0986302
0.0973492
0.0944199
0.0912888
0.0876638
0.0878309
0.0861685
0.086325
0.0839492
0.0840968
0.0816757
0.0818508
0.0819728
0.0820647
0.079404
0.0768334
0.0747431
0.0732395
0.0723885
0.0724689
0.0732824
0.0740591
0.0745468
0.0746283
0.0747141
0.0747985
0.0748812
0.0749623
0.0750414
0.0751186
0.0751938
0.0752672
0.0754012
0.0755294
0.0756737
0.0757781
0.0758749
0.0759685
0.0760433
0.0760587
0.0760439
0.0760209
0.0760049
0.0759927
0.0759762
0.0759633
0.0759524
-0.0739419
-0.0739521
-0.0739921
-0.07402
-0.0740623
-0.0741141
-0.0741566
-0.0741917
-0.074217
-0.0742288
-0.0742404
-0.0742221
-0.0742066
-0.074193
-0.0741809
-0.0741686
-0.0741569
-0.0741461
-0.0741366
-0.0741286
-0.0741223
-0.0741179
-0.0741155
-0.0741154
-0.0741192
-0.0741312
-0.0741517
-0.0741646
-0.074167
-0.0741621
-0.0741615
-0.0741611
-0.0741593
-0.074155
-0.074148
-0.0741377
-0.0741243
-0.0741076
-0.0740878
-0.074065
-0.0740393
-0.0740108
-0.0739797
-0.0739463
-0.0739105
-0.0738724
-0.0738171
-0.0737944
-0.0737873
-0.0737765
0.0752373
0.0752533
0.075244
0.0752337
0.0752348
0.0752569
0.0752868
0.0753238
0.0753677
