0.099997
0.099997
0.099997
0.099997
0.099997
0.099997
0.099997
0.099997
0.099997
0.099997
0.099997
0.099997
0.099997
0.099997
0.099997
0.099997
0.099997
0.099997
0.099997
0.099997
0.099997
0.099997
0.099997
0.099997
0.099997
0.099997
0.099997
0.099997
0.099997
0.099997
0.099997
0.099997
0.099997
0.099997
0.099997
0.099997
0.099997
0.099997
0.099997
0.099997
0.099997
0.099997
0.099997
0.099997
0.099997
0.099997
0.099997
0.099997
0.099997
0.099997
-0.0999971
-0.0999971
-0.0999971
-0.0999971
-0.0999971
-0.0999971
-0.0999971
-0.0999971
-0.0999971
-0.0999971
-0.0999971
-0.0999971
-0.099997
-0.099997
-0.099997
-0.099997
-0.099997
-0.099997
-0.099997
-0.099997
-0.099997
-0.099997
-0.099997
-0.099997
-0.099997
-0.099997
-0.099997
-0.099997
-0.099997
-0.099997
-0.099997
-0.099997
-0.099997
-0.099997
-0.099997
-0.0999971
-0.0999971
-0.0999971
-0.0999971
-0.0999971
-0.0999971
-0.0999971
-0.0999971
-0.0999971
-0.099997
-0.099997
-0.099997
-0.099997
-0.099997
-0.099997
0.099997
0.099997
0.099997
0.099997
0.099997
0.0999978
0.0999977
0.0999977
0.0999976
0.0999976
0.0999969
0.0999969
0.099997
0.099997
0.0999971
0.0999976
0.0999954
0.0999954
0.0999954
0.0999954
0.0999954
0.0999953
0.0999953
0.0999953
0.0999953
0.0999953
0.0999953
0.0999953
0.0999952
0.0999952
0.0999951
0.0999951
0.099995
0.099995
0.099995
0.099995
0.099995
0.099995
0.099995
0.099995
0.099995
0.099995
0.099995
0.099995
0.099995
0.099995
0.099995
0.099995
0.099995
0.099995
-0.0999991
-0.0999991
-0.0999991
-0.0999991
-0.0999991
-0.0999991
-0.0999991
-0.0999991
-0.0999991
-0.0999991
-0.0999991
-0.0999991
-0.0999991
-0.0999991
-0.0999991
-0.0999991
-0.0999991
-0.0999991
-0.0999991
-0.0999991
-0.0999991
-0.0999991
-0.0999991
-0.0999991
-0.0999991
-0.0999991
-0.0999991
-0.0999991
-0.0999991
-0.0999991
-0.0999991
-0.0999991
-0.0999991
-0.0999991
-0.0999991
-0.0999991
-0.0999991
-0.0999991
-0.0999991
-0.0999991
-0.0999991
-0.0999991
-0.0999991
-0.0999991
-0.0999991
-0.0999991
-0.0999991
-0.0999991
-0.0999991
-0.0999991
0.099995
0.099995
0.099995
0.099995
0.099995
0.099995
0.099995
0.099995
0.099995
0.099995
0.099995
0.099995
0.099995
0.099995
0.099995
0.099995
0.099995
0.099995
0.099995
0.099995
0.099995
0.099995
0.099995
0.099995
0.099995
0.099995
0.099995
0.099995
0.099995
0.099995
0.099995
0.099995
0.099995
0.099995
0.099995
0.099995
0.099995
0.099995
0.099995
0.099995
0.099995
0.099995
0.099995
0.099995
0.099995
0.099995
0.099995
0.099995
0.099995
0.099995
-0.0999991
-0.0999991
-0.0999991
-0.0999991
-0.0999991
-0.0999991
-0.0999991
-0.0999991
-0.0999991
-0.0999991
-0.0999991
-0.0999991
-0.0999991
-0.0999991
-0.0999991
-0.0999991
-0.0999991
-0.0999991
-0.0999991
-0.0999991
-0.0999991
-0.0999991
-0.0999991
-0.0999991
-0.0999991
-0.0999991
-0.0999991
-0.0999991
-0.0999991
-0.0999991
-0.0999991
-0.0999991
-0.0999991
-0.0999991
-0.0999991
-0.0999991
-0.0999991
-0.0999991
-0.0999991
-0.0999991
-0.0999991
-0.0999991
-0.0999991
-0.0999991
-0.0999991
-0.0999991
-0.0999991
-0.0999991
-0.0999991
-0.0999991
