0.0017654
0.00337395
0.0048303
0.00613895
0.00730427
0.00833047
0.00922162
0.00998167
0.0106144
0.0111236
0.0115127
0.0117852
0.0119444
0.0119936
0.0119358
0.0117741
0.0115114
0.0111505
0.0106941
0.0101449
0.00950539
0.0087781
0.00796543
0.00706974
0.00609334
0.00503848
0.00390742
0.00270238
0.00142564
0.000101952
-0.00131542
-0.00279687
-0.00433966
-0.00594072
-0.00759664
-0.00930349
-0.0110568
-0.0128514
-0.0146813
-0.0164137
-0.018008
-0.0195
-0.0209362
-0.0223743
-0.0238819
-0.0255329
-0.0274028
-0.0295633
-0.0320781
-0.035
-0.035
-0.035
-0.035
-0.035
-0.035
-0.035
-0.035
-0.035
-0.035
-0.035
-0.035
-0.035
-0.035
-0.035
-0.035
-0.035
-0.035
-0.035
-0.035
-0.035
-0.035
-0.035
-0.035
-0.035
-0.035
-0.0305105
-0.0261569
-0.0219383
-0.0178537
-0.0139381
-0.0101147
-0.00642593
-0.00287255
0.000544049
0.00382207
0.00695932
0.00995332
0.0128005
0.0154926
0.0180181
0.0203399
0.0224712
0.024432
0.0262424
0.0279224
0.0294909
0.0309664
0.032366
0.0337056
0.035
0.0352486
0.0354729
0.0356733
0.0358504
0.0360046
0.0361363
0.0362459
0.0363338
0.0364004
