-0.00652898
-0.00663397
-0.00643267
-0.0065285
-0.00652839
-0.00652839
-0.00652812
-0.00652814
-0.00652794
-0.00652794
-0.00652765
-0.00652763
-0.00652695
-0.00652733
-0.00652628
-0.00652657
-0.0065258
-0.00652394
-0.00652134
-0.00648444
-0.00656797
-0.00653853
-0.0065286
-0.00656595
-0.00652653
-0.0066138
-0.00641441
-0.0060562
-0.0066942
-0.00666212
-0.00663393
-0.00671765
-0.00667329
-0.00651204
-0.00651072
-0.00651
-0.00649436
-0.00636726
-0.00648365
-0.00652903
-0.00532311
-0.0065598
-0.00661358
-0.00662122
-0.00662128
-0.00662078
-0.0066187
-0.00661873
-0.00661873
-0.00661866
-0.00661857
-0.00661841
-0.0066182
-0.00661796
-0.00661775
-0.00662226
-0.00662891
-0.0066281
-0.00660053
-0.0073091
-0.00728494
-0.00711738
-0.00635278
-0.00629673
-0.00629088
-0.00631319
-0.00633788
-0.00636881
-0.00637677
-0.00637382
-0.00637093
-0.00636812
-0.00636551
-0.006363
-0.00636065
-0.00635836
-0.00635624
-0.00635428
-0.0063525
-0.00635081
-0.00634933
-0.00634806
-0.00641422
-0.00649264
-0.0065121
-0.00651546
-0.006519
-0.00652265
-0.00652621
-0.00653005
-0.00653407
-0.00653878
-0.00666058
-0.00674461
-0.0251688
0.0106856
-0.0065044
-0.00652915
-0.00652781
-0.00652724
-0.00652668
-0.00652569
-0.00652476
-0.00652384
-0.00651986
-0.0966596
0.0967912
-0.0101815
-0.0064649
-0.00646662
0.0908204
-0.103212
-0.036457
-0.00656324
-0.00641895
-0.09642
0.0977468
0.000296446
-0.00640188
-0.00641153
-0.00640766
-0.00640731
-0.00640813
-0.00641001
-0.00447308
-0.00418357
-0.00425382
-0.00432713
-0.00440321
-0.00448375
-0.0045715
-0.00468596
-0.00493623
-0.0252391
-0.00654573
-0.00652982
-0.00652982
-0.00652982
-0.00652984
-0.00652983
-0.00652983
-0.00652984
-0.00652984
-0.00652985
-0.00652985
-0.00650263
-0.00653276
-0.00653305
-0.00653303
-0.00653304
-0.00653294
-0.00653294
-0.00653302
-0.00653261
-0.00653316
-0.00651926
-0.00653066
-0.00653262
-0.00653712
-0.00653469
-0.00653126
-0.00652194
-0.00652537
-0.00652516
-0.00652557
-0.00652514
-0.00652457
-0.00652446
-0.00652424
-0.00652301
-0.00666198
-0.00653044
-0.00653008
-0.00652991
-0.00653008
-0.00652949
-0.00652946
-0.00652918
-0.00652671
-0.00651377
-0.0064993
-0.00652922
-0.00644522
-0.00653918
-0.00655838
-0.00655577
-0.00652295
-0.00652969
-0.00652936
-0.00652935
-0.00652935
-0.00652934
-0.00652934
-0.00652934
-0.00652933
-0.00652933
-0.00652933
-0.00652932
-0.00652932
-0.00652932
-0.00652932
-0.00652931
-0.00652931
-0.00652931
-0.0065293
-0.0065293
-0.0065293
-0.0065293
-0.00652929
-0.00652929
-0.00652929
-0.00652929
-0.00652928
-0.00652928
-0.00652928
-0.00652928
-0.00652927
-0.00652927
-0.00652927
-0.00652927
-0.00652927
-0.00652926
-0.00652926
-0.00652926
-0.00652926
-0.00652926
-0.00652925
-0.00652925
-0.00652925
-0.00652925
-0.00652925
-0.00652925
-0.00652924
-0.00652924
-0.00652924
-0.00652924
-0.00652924
-0.00652924
-0.00652924
-0.00652923
-0.00652923
-0.00652923
-0.00652923
-0.00652923
-0.00652923
-0.00652923
-0.00652923
-0.00652922
-0.00652922
-0.00652922
-0.00652922
-0.0065235
-0.00652632
-0.00652938
-0.00652939
-0.0065294
-0.0065294
-0.00652941
-0.00652942
-0.00652943
-0.00652944
-0.00652944
-0.00652945
-0.00652946
-0.00652946
-0.00652947
-0.00652948
-0.00652949
-0.00652949
-0.0065295
-0.00652951
-0.00652951
-0.00652952
-0.00652953
-0.00652953
-0.00652954
-0.00652954
-0.00652955
-0.00652956
-0.00652956
-0.00652957
-0.00652957
-0.00652958
-0.00652958
-0.00652959
-0.00652959
-0.0065296
-0.0065296
-0.00652961
-0.00652961
-0.00652962
-0.00652962
-0.00652963
-0.00652963
-0.00652964
-0.00652964
-0.00652965
-0.00652965
-0.00652965
-0.00652966
