0.0017654
0.00337395
0.0048303
0.00613895
0.00730427
0.00833047
0.00922162
0.00998167
0.0106144
0.0111236
0.0115127
0.0117852
0.0119444
0.0119936
0.0119358
0.0117741
0.0115114
0.0111505
0.0106941
0.0101449
0.00950539
0.0087781
0.00796543
0.00706974
0.00609334
0.00503848
0.00390742
0.00270238
0.00142564
0.000101952
-0.00131542
-0.00279687
-0.00433966
-0.00594072
-0.00759664
-0.00930349
-0.0110568
-0.0128514
-0.0146813
-0.0164137
-0.018008
-0.0195
-0.0209362
-0.0223743
-0.0238819
-0.0255329
-0.0274028
-0.0295633
-0.0320781
-0.035
-0.035
-0.035
-0.035
-0.035
-0.035
-0.035
-0.035
-0.035
-0.035
-0.035
-0.035
-0.035
-0.035
-0.035
-0.035
-0.035
-0.035
-0.035
-0.035
-0.035
-0.035
-0.035
-0.035
-0.035
-0.035
-0.0305105
-0.0261569
-0.0219383
-0.0178537
-0.0139381
-0.0101147
-0.00642593
-0.00287255
0.000544049
0.00382207
0.00695932
0.00995332
0.0128005
0.0154926
0.0180181
0.0203399
0.0224712
0.024432
0.0262424
0.0279224
0.0294909
0.0309664
0.032366
0.0337056
0.035
0.0352486
0.0354729
0.0356733
0.0358504
0.0360046
0.0361363
0.0362459
0.0363338
0.0364004
0.0364461
0.0364713
0.0364765
0.036462
0.0364286
0.0363766
0.0363068
0.0362198
0.0361163
0.0359973
0.0358633
0.0357154
0.0355543
0.0353808
0.0351958
0.035
0.0322885
0.029536
0.0267444
0.0239186
0.0210552
0.0181741
0.0152696
0.0123454
0.00940577
0.00645544
0.00349966
0.000544175
-0.00240484
-0.00534085
-0.00821914
-0.0110179
-0.0137522
-0.0164372
-0.0190825
-0.0216221
-0.0241193
-0.0266414
-0.0292551
-0.0320228
-0.035
-0.035
-0.035
-0.035
-0.035
-0.035
-0.035
-0.035
-0.035
-0.035
-0.035
-0.035
-0.035
-0.035
-0.035
-0.035
-0.035
-0.035
-0.035
-0.035
-0.035
-0.035
-0.035
-0.035
-0.035
-0.035
-0.0312075
-0.0274827
-0.0238259
-0.0202374
-0.0167366
-0.0132848
-0.00990524
-0.0066
-0.00337159
-0.000222946
0.00284254
0.00582108
0.00870864
0.011501
0.014168
0.0166763
0.0190438
0.0212886
0.0234288
0.025482
0.0274651
0.0293941
0.031284
0.0331484
0.035
0.035
0.035
0.035
0.035
0.035
0.035
0.035
0.035
0.035
0.035
0.035
0.035
0.035
0.035
0.035
0.035
0.035
0.035
0.035
0.035
0.035
0.035
0.035
0.035
0.035
0.0321541
0.0292831
0.0263891
0.0234745
0.020537
0.0175896
0.01463
0.0116617
0.00868888
0.00571592
0.00274791
-0.000209655
-0.00315084
-0.00606939
-0.00892228
-0.0116864
-0.0143771
-0.0170099
-0.0195999
-0.0221418
-0.0246042
-0.0270551
-0.0295629
-0.0321919
-0.035
-0.035
-0.035
-0.035
-0.035
-0.035
-0.035
-0.035
-0.035
-0.035
-0.035
-0.035
-0.035
-0.035
-0.035
-0.035
-0.035
-0.035
-0.035
-0.035
-0.035
-0.035
-0.035
-0.035
-0.035
-0.035
-0.0313051
-0.0276684
-0.0240903
-0.0205713
-0.0171286
-0.0137288
-0.0103926
-0.00712212
-0.00392007
-0.000789546
0.00226588
0.00524227
0.00813536
0.0109407
0.0136269
0.0161616
0.0185624
0.0208472
0.0230338
0.0251395
0.0271808
0.0291736
0.0311322
0.0330703
0.035
