0
0.0202864
0.00871646
0.00796306
0.00651493
-0.0124039
-0.0166083
-0.000163346
-0.0114228
0.0104934
0.0103069
0.0385188
0.0353426
0.0288853
0.025258
0.0231354
0.0218537
0.0208598
0.0200921
0.0194682
0.0189272
0.018435
0.0178911
0.0175521
0.0167265
0.016779
0.0159911
0.0160032
0.0119274
0.01204
0.0121372
0.0122096
0.0122576
0.0122818
0.0122837
0.012749
0.0126767
0.0125835
0.0124723
0.0123429
0.0117404
0.0113756
0.0118396
0.0113671
0.0113278
0.0106524
0.011568
0.0112788
0.0113393
0.0113401
0.0112705
0.0112085
0.0111181
0.0110078
0.0108837
0.0107499
0.0106089
0.0104623
0.010311
0.0101529
0.00921278
0.0100237
0.00992805
0.00982436
0.00970805
0.00957884
0.00943645
0.00883109
0.00867313
0.00848869
0.00828877
0.0212025
0.0128287
0.0191774
0.0212124
0.0204056
0.0188651
0.0175634
0.0163053
0.0139027
0.0107515
0.00814159
0.00578344
0.00557418
0.00537331
0.00517307
0.00497417
0.00477682
0.00458118
0.00438741
0.00419568
0.00400611
0.0038187
0.00363342
0.00345026
0.00326921
0.00309024
0.00291335
0.00273852
0.00256576
0.00239575
0.00222769
0.00206164
0.00189777
0.00173624
0.00157713
0.00142051
0.00126637
0.00111465
0.000965234
0.000818011
0.000672832
0.000529874
0.000389323
0.000251352
0.000116119
-1.62351e-05
-0.000145581
-0.000271806
-0.000394807
-0.000514496
-0.000628436
-0.000715139
-0.000843443
-0.000912821
-0.000990964
-0.00107054
-0.00114818
-0.00122259
-0.0015437
-0.00218856
0.0075836
0.00801455
0.00892162
0.00937231
-0.00158333
-0.00162142
-0.00164752
-0.00166898
-0.000828821
7.34348e-05
-0.0279099
-0.00887912
-0.0221994
-0.0355565
-0.0478896
-0.0595668
-0.0717185
-0.0833075
-0.0749561
-0.0486946
-0.028011
-0.00923165
-0.000758437
-0.000648164
-0.000561478
-0.000481259
-0.000407142
-0.000338795
-0.000275911
-0.000218182
-0.000165302
-0.000116919
-7.27069e-05
-3.23673e-05
4.37359e-06
3.77689e-05
6.80486e-05
9.53429e-05
0.000119223
0.000141418
0.000161257
0.000178892
0.000194494
0.000208209
0.000220166
0.00023048
0.000239261
0.000246609
0.000252609
0.000257344
0.000260887
0.000263308
0.000264677
0.000265068
0.000264552
0.000263205
0.000261101
0.000258318
0.00025493
0.00025102
0.000247848
0.000240712
0.000237371
0.000233707
0.00197815
0.00136862
0.0010532
0.00192073
0.00202952
0.00215156
0.000205953
0.00022554
0.000201926
0.00019668
0.000183389
0.000177367
0.000170689
0.000164265
0.000157141
0.000149554
0.0135993
0.0314882
0.0388383
0.0512836
0.0630588
0.0746533
0.0867049
0.0691669
0.0531365
0.0420934
0.0353328
0.0285826
0.0216682
0.0144905
0.00700798
1.15679e-05
0.000120089
9.20371e-05
6.49252e-05
3.89333e-05
1.41446e-05
-9.46249e-06
-3.19389e-05
-5.33438e-05
-7.37361e-05
-9.31731e-05
-0.000111707
-0.000129388
-0.000146258
-0.00016226
-0.000177546
-0.000192145
-0.00020606
-0.000219307
-0.000231899
-0.000243853
-0.000255186
-0.000265915
-0.000276061
-0.000285645
-0.000294694
-0.000303228
-0.000311271
-0.000318848
-0.000325981
-0.000332691
-0.000339008
-0.000344952
-0.000350534
-0.000355765
-0.000360619
-0.000360535
-0.000364082
-0.000366561
-0.000509854
0.000926104
0.0115874
0.00986122
-0.000342786
0.0026081
0.00126343
0.000465918
-0.000341248
-0.0020335
-0.000335771
-0.000719435
-0.000622918
-0.000228985
0.000117716
-0.000252239
-0.0253187
-0.0503823
-0.0556956
-0.0613714
-0.0750266
-0.0868963
-0.0991488
-0.101536
-0.0802904
-0.0639293
-0.047205
-0.0323583
-0.0174511
-0.00234751
0.000526844
0.000327
0.000274469
0.000288528
0.000301433
0.000313406
0.000324541
0.000334904
0.000344544
0.000353502
0.000361811
0.000369506
0.000376619
0.000383176
0.000389206
0.00039472
0.000399759
0.000404346
0.0004085
0.000412237
0.000415581
0.000418549
0.000421161
0.000423441
0.000425406
0.000427081
0.000428484
0.000429643
0.000430581
0.000431323
0.000431887
0.000432296
0.000432568
0.000432721
0.000432769
0.000432728
0.000433401
0.000429958
0.000430493
0.000304562
0.000295679
0.000292704
0.000297885
0.000302063
0.000304422
0.000304599
0.000309888
0.000308486
0.000383747
0.000377753
0.000372636
0.000364801
0.000365936
0.0003627
0.000362411
0.000362965
0.02267
0.0436704
0.0806047
0.101255
0.106417
0.118981
0.131281
0.143495
0.156286
0.147356
0.13672
0.124695
0.112655
0.110303
0.0660372
0.0608116
0.0576889
0.0538789
0.0494513
0.0430177
0.0165003
0.0018613
0.00186684
0.00189825
0.00192592
0.00195002
0.00197079
0.00198839
0.002003
0.00201475
0.00202382
0.00203034
0.00203442
0.00203619
0.00203573
0.00203316
0.00202856
0.00202203
0.00201364
0.00200347
0.00199161
0.00197815
0.00196318
0.00194682
0.00192916
0.0019103
0.00189035
0.0018694
0.00184755
0.0018249
0.00180076
0.00178036
0.00175497
0.00172945
0.00205969
0.00200261
0.00194831
0.0018883
0.00307744
0.0023453
0.00181455
0.00173619
0.00158231
0.00158959
0.00152659
0.00151571
0.00148242
0.00145054
0.00142005
0.00139091
-0.0117103
-0.031462
-0.045535
-0.0580514
-0.0693427
-0.0805528
-0.0918463
-0.103535
-0.104039
-0.0924567
-0.0595653
-0.0463311
-0.0325534
-0.0283721
-0.0262411
-0.0247201
-0.0231255
-0.0215764
-0.0127758
-0.00934583
-0.00742366
-0.00572465
0.000635554
0.00060863
0.000566803
0.00153062
0.00225731
0.00278626
0.00333568
0.000838134
0.000583426
0.000303666
0.000271639
0.00024094
0.000211746
0.000184068
0.000157881
0.000133152
0.000109834
8.78923e-05
6.72837e-05
4.80128e-05
3.0068e-05
1.34294e-05
-1.92192e-06
-1.60181e-05
-2.88947e-05
-4.0585e-05
-5.11336e-05
-6.05798e-05
-6.81112e-05
-7.88682e-05
-8.43181e-05
-0.000304078
-0.00033485
-0.000320011
-0.00030611
-0.000303112
-0.00131697
-0.000640438
-0.00027627
-0.000261446
-0.000226523
-0.000213565
-0.00020186
-0.000193623
-0.000109611
-0.000107074
-0.000102377
-2.61053e-05
0.0184518
0.0512255
0.0711682
0.0888289
0.106537
0.118264
0.123347
0.097399
0.0800466
0.067485
0.0603192
0.0555232
0.0480831
0.0341977
0.0179296
0.000266002
0.000251022
0.00027069
0.000289284
0.000306817
0.000323363
0.000339005
0.000353819
0.000367868
0.000381224
0.000393944
0.000405984
0.00041738
0.000428187
0.000438402
0.000448092
0.000457282
0.000465992
0.000474242
0.000482048
0.000489428
0.000496401
0.000502977
0.000509177
0.000515007
0.000520477
0.000525595
0.000530363
0.000534792
0.000538892
0.000542672
0.000546143
0.00054932
0.00055221
0.000554828
0.000556357
0.000561866
0.00056262
0.000706392
0.000736928
0.00074398
0.000732679
0.000721778
0.000712292
0.000704244
0.000587821
0.000590244
0.000589013
0.000577889
0.000611947
0.000574285
0.000579778
0.00058152
0.00058191
0.000581644
-0.0124999
-0.0334416
-0.0474779
-0.0606366
-0.0737403
-0.086707
-0.0990596
-0.111843
-0.0832891
-0.0624417
-0.0470075
-0.0299401
-0.0155288
-0.00101152
0.00204868
0.00194664
0.00177231
0.00153624
0.00134459
0.00135211
0.001358
0.00136256
0.00136594
0.00136823
0.00136954
0.00136989
0.00136935
0.00136796
0.00136575
0.00136277
0.00135905
0.0013543
0.0013487
0.00134295
0.00133656
0.00132957
0.00132202
0.00131392
0.00130532
0.00129624
0.00128671
0.00127678
0.0012665
0.0012559
0.00124505
0.00123396
0.00122268
0.00121125
0.00119971
0.00118807
0.00117724
0.00116249
0.00115184
0.00114115
0.000902397
0.00153894
0.0021206
0.00266149
0.00317192
0.00366179
0.000836803
0.00108078
0.00106938
0.00105656
0.00104245
0.00104363
0.00101596
0.00099723
0.0009843
0.000972839
0.0142954
0.0364098
0.0438348
0.0563299
0.0681359
0.079739
0.0918129
0.0747322
0.0589987
0.0490612
0.0406497
0.0323078
0.0237855
0.0149611
0.00578158
0.000844173
0.000902669
0.000881049
0.000860721
0.000841432
0.000822857
0.000805089
0.000788166
0.000772041
0.000756666
0.000741994
0.000727983
0.000714594
0.000701792
0.000689579
0.000677886
0.000666686
0.000655954
0.000645671
0.000635815
0.000626368
0.000617315
0.000608643
0.000600338
0.000592391
0.000584793
0.00057754
0.000570634
0.000564074
0.000557857
0.000551981
0.000546439
0.000541227
0.000536345
0.000531781
0.000526987
0.000526221
0.00052146
0.000517115
0.00062962
0.000254156
0.00168438
0.00385652
0.00219689
0.00051606
0.000916545
0.000621355
0.000570647
0.000543563
0.000542685
0.000546207
0.000408639
0.00040156
0.000311453
0.000153222
-0.0204272
-0.0376694
-0.0510081
-0.0631237
-0.0742233
-0.0839126
-0.0730998
-0.0653885
-0.0157719
0.00163983
0.00168105
0.00166218
0.00157782
0.00143084
0.00122474
0.000961783
0.000644945
0.000315525
0.000276875
0.000240723
0.000207342
0.000177189
0.000148818
0.000122817
9.90519e-05
7.73908e-05
5.77213e-05
3.99082e-05
2.38536e-05
9.50896e-06
-3.25955e-06
-1.45246e-05
-2.43624e-05
-3.28359e-05
-4.0002e-05
-4.591e-05
-5.06103e-05
-5.41437e-05
-5.6548e-05
-5.78672e-05
-5.81335e-05
-5.73827e-05
-5.56519e-05
-5.29877e-05
-4.94363e-05
-4.50499e-05
-3.98755e-05
-3.3974e-05
-2.80436e-05
-2.09283e-05
-1.22728e-05
-7.26631e-06
2.63544e-06
-5.15515e-06
-3.56194e-05
-2.53585e-05
-1.44456e-05
-3.62848e-06
9.82429e-05
8.72744e-05
8.21204e-05
8.95725e-05
7.30117e-05
5.94172e-05
-0.000740626
-0.000296233
0.000119258
0.000137816
0.000150344
0.000171023
0.0219091
0.0411092
0.0596353
0.0754195
0.0770688
0.0620898
0.0491626
0.0365369
0.0233957
0.00713581
0.000303877
0.000276886
0.000289641
0.000302084
-0.00191498
-0.0040138
-0.00602642
-0.00582569
-0.00182239
0.000369253
0.000410359
-0.000537155
0.000289724
0.000449262
0.000457723
0.000466132
0.00047446
0.000482725
0.000490942
0.000499082
0.000507183
0.000515242
0.000523252
0.000531211
0.00053911
0.000546944
0.000554704
0.000562381
0.000569965
0.000577447
0.000584822
0.000592062
0.000599156
0.000606087
0.000612845
0.000619422
0.000625813
0.000632011
0.000638016
0.000643829
0.000648573
0.000657513
0.00066148
0.000643782
0.00069999
0.000704971
0.000709607
0.000713881
0.0011234
0.000708043
0.000701194
0.000668325
0.000856813
0.000734762
0.000736853
0.000739439
0.00070691
0.000721685
0.000745718
0.000747381
-0.0214136
-0.0426411
-0.0581101
-0.0541437
-0.0539963
-0.0636512
-0.0451419
-0.0309212
-0.0238296
-0.0183169
-0.013472
-0.00993209
-0.00698911
0.000840946
0.000724623
0.00161224
0.00390613
0.0006541
0.000639898
0.0023435
0.00383416
0.00513264
0.00626931
0.00727336
0.00815062
0.00889995
0.00948794
0.000605105
0.00144812
0.00194326
0.000760123
0.000538364
0.000534654
0.000531273
0.000528342
0.000525886
0.000523904
0.000522394
0.000521348
0.000520758
0.000520617
0.000520911
0.000521636
0.000522773
0.000524303
0.000526209
0.000528469
0.00053106
0.000533958
0.000537142
0.000541526
0.000541962
0.000547112
0.000524294
0.000488609
0.000494617
0.000500967
0.000506722
0.000510449
-0.000591914
0.000171582
0.000515952
0.000525291
0.000534029
0.000433577
0.000535541
0.000596493
0.000616717
0.000620742
0.000624424
0.0179773
0.0412455
0.0686126
0.0936547
0.116648
0.139055
0.161719
0.151648
0.132636
0.121378
0.108032
0.0908264
0.0871823
0.0842201
0.0816843
0.0769941
0.0749154
0.0731412
0.071622
0.0703252
0.0691624
0.0681215
0.0671927
0.0662732
0.0487019
0.0256555
0.0150926
0.0105242
0.00988043
0.00923502
0.00837196
0.00326384
0.000745421
0.000733993
0.000339809
2.44039e-05
-0.000251921
-0.000491495
-0.000695557
-0.000863198
-0.000985566
-0.00119528
0.00061803
0.000668079
0.000700274
0.000697986
0.000695521
0.000692293
0.000689005
0.000685877
0.000682782
0.000551943
0.0021474
0.000852465
-8.99322e-05
-0.000815678
-0.00140312
-0.00189705
-0.00232403
-0.00269979
-0.00303061
-0.00331877
-0.00356666
-0.00377556
-0.00394671
-0.00409062
-0.00338554
-0.00314081
-0.00291076
-0.0026997
-0.0344286
-0.0623621
-0.0828841
-0.0900558
-0.0782689
-0.0852599
-0.0971915
-0.109938
-0.121726
-0.134261
-0.14721
-0.152689
-0.14587
-0.134787
-0.0928938
-0.0794954
-0.0656407
-0.0517875
-0.0506243
