0
0.0173252
-0.000336647
-0.002414
-0.00144521
-0.0535071
-0.128519
-0.111455
-0.160702
-0.0978245
-0.0989398
-0.0780165
-0.084815
-0.0869993
-0.0871263
-0.0862493
-0.0837822
-0.0813991
-0.0790566
-0.0767647
-0.0745317
-0.0723647
-0.068148
-0.0668736
-0.0558277
-0.0570247
-0.0469145
-0.0474542
-0.0451321
-0.042977
-0.0410502
-0.039336
-0.0378263
-0.0365281
-0.0355262
-0.0407464
-0.0430414
-0.0452004
-0.0472482
-0.0492102
-0.0515461
-0.0479246
-0.0402658
-0.0409762
-0.0234738
-0.0227886
-0.0113798
-0.00842982
-0.00452029
-0.00251182
-0.00135037
-0.000811435
-0.000581409
-0.000486589
-0.000437357
-0.000389297
-0.000321844
-0.000227838
-0.00010545
2.83489e-05
0.0171503
0.00474168
-0.00158398
-0.00219398
-0.00271811
-0.0031588
-0.00351855
0.00122598
0.00148215
0.00135865
0.0013125
0.00132488
-0.000536972
-0.00333188
-0.00440805
-0.00475105
-0.00493
-0.00506039
-0.00516776
-0.00483871
-0.0038918
-0.00322703
-0.00302678
-0.00292862
-0.00280563
-0.00267122
-0.0025304
-0.00238628
-0.00224095
-0.00209595
-0.00195247
-0.00181149
-0.00167388
-0.00154039
-0.00141172
-0.00128851
-0.00117137
-0.00106085
-0.000957485
-0.00086178
-0.000788415
-0.000736187
-0.000687777
-0.000653788
-0.000646191
-0.000673411
-0.000740464
-0.00084754
-0.000989986
-0.00115922
-0.00134369
-0.00152938
-0.00170792
-0.00187962
-0.00204541
-0.00220562
-0.00236025
-0.0025091
-0.00265186
-0.00278812
-0.00291743
-0.00329356
-0.0053463
0.0190617
0.0281964
0.0379223
0.0479451
0.0580736
0.0682025
0.0782778
0.0882021
0.0660353
0.0515017
0.0361567
0.020483
0.00499103
-0.00065849
-0.0066118
-0.0128673
-0.0194141
-0.0266156
-0.0328089
-0.00020506
0.00714713
0.00869492
0.0100061
0.0112011
0.0124543
0.0137031
0.0121612
0.00488052
0.00523233
0.00555948
0.0056826
0.00529419
0.00488152
0.00445106
0.00400826
0.00365575
0.00354918
0.0034521
0.00336018
0.00327306
0.00319047
0.00311216
0.00303784
0.00296727
0.00290028
0.00283668
0.00277629
0.00271918
0.0026649
0.00261295
0.00256374
0.00251718
0.0024838
0.00252372
0.00264192
0.00284134
0.00312275
0.00348474
0.00392351
0.00442995
0.00499115
0.00559535
0.00623153
0.00688924
0.00755844
0.00822951
0.00889316
0.00954506
0.0104244
0.013212
0.0159075
0.018734
9.79965e-05
-0.0143847
-0.028565
-0.0429634
-0.0354551
-0.0352991
-0.00858021
-0.000546265
0.00204715
0.00229657
0.00236703
0.00234118
0.00229603
0.00227787
0.00226735
0.0022602
0.00994199
0.00197467
0.00149603
0.000173818
-0.000691823
-0.0014078
-0.00223858
0.00171805
0.00139266
0.00128845
0.00136978
0.00140915
0.0014591
0.00151649
0.00157832
0.00164318
0.00166633
0.00166769
0.00168344
0.00169593
0.00170576
0.00171348
0.00171944
0.00172384
0.00172684
0.00172855
0.00172906
0.00172844
0.00172676
0.00172385
0.00172
0.00171555
0.0017101
0.00170294
0.00169477
0.00168569
0.00167579
0.00166517
0.00165391
0.0016421
0.00162985
0.00161729
0.00159854
0.00155345
0.00149487
0.0014337
0.00137936
0.0013401
0.00131873
0.00131271
0.00110204
-0.000675436
-0.00244817
-0.00439689
0.014246
0.0283078
0.0245355
0.02071
0.00565201
0.00693987
0.00387655
0.00165471
-0.00347704
-0.0021058
-0.00776707
-0.00388177
-0.0101277
0.000100995
-0.00670323
0.00127258
0.0129591
0.00482303
0.0100666
0.0131832
0.0132199
0.0145944
0.0160306
0.0161372
0.00183332
0.00192583
0.00218369
0.00278231
0.00346009
0.00422544
0.00437456
0.00437477
0.00420537
0.00397823
0.00376134
0.00355248
0.00335154
0.00315961
0.00297843
0.00281003
0.00265662
0.00252045
0.00240378
0.00230882
0.00223778
0.00221111
0.00222874
0.00226908
0.00234615
0.00247547
0.00266685
0.00292744
0.00326231
0.0036744
0.00416451
0.00473103
0.00536956
0.00607059
0.00682118
0.00760951
0.00842452
0.00925573
0.0100931
0.010927
0.011753
0.0125722
0.0136241
0.0165903
0.019469
-0.000394003
-0.0110604
-0.0219536
-0.0329823
-0.0440028
-0.0549651
-0.0658818
-0.0768255
-0.0887272
-0.0685084
-0.0516003
-0.0344188
-0.0169565
-0.000465082
0.0103103
0.021593
0.0334006
0.0465291
0.0530884
0.0244023
0.0130831
0.00178115
-1.84175e-05
-0.000569391
-0.00111661
-0.00192439
-0.00143086
0.00211728
0.00171714
0.0038821
0.00510672
-0.00181748
-0.00179313
-0.00202403
-0.00216892
-0.00233236
-0.00258581
-0.00289749
-0.00284836
-0.00281904
-0.00287872
-0.00293369
-0.00298287
-0.00302647
-0.00306474
-0.00309797
-0.0031267
-0.00315091
-0.00317054
-0.00318634
-0.00319858
-0.0032074
-0.00321299
-0.00321551
-0.00321514
-0.00321203
-0.00321453
-0.00325207
-0.00330527
-0.00336062
-0.00341046
-0.00345024
-0.00347715
-0.00348932
-0.00348538
-0.0034674
-0.00344023
-0.00356875
-0.00532632
-0.00707862
-0.00900665
-0.00243361
0.00267873
0.00757819
0.0121975
0.00691276
0.00257276
0.000208705
-0.0010167
-0.00172819
-0.00211007
-0.0023139
-0.00241559
-0.00246175
-0.00247657
-0.002474
-0.0024617
-0.00941203
-0.00338937
-0.00050812
-0.00240919
-0.00225536
-0.0022359
-0.00243673
-0.0027014
-0.00344028
-0.00713309
-0.00231163
0.000244694
-0.000205912
-6.28518e-05
-0.000229732
-0.000606815
-0.000948691
-0.00123696
-0.00175059
-0.00145267
-0.00166231
-0.00196943
-0.00131464
-0.00128877
-0.00125562
-0.00126106
-0.00151425
-0.00178124
-0.00307775
-0.00115473
-0.00107411
-0.00100688
-0.00100168
-0.000959363
-0.000889585
-0.000752769
-0.000544848
-0.000263452
9.18737e-05
0.000519295
0.00101424
0.00156709
0.00216477
0.00279536
0.00344772
0.00411125
0.00477582
0.0054317
0.00607428
0.00670471
0.00756231
0.0103302
0.0130046
-0.00134991
-0.00584363
-0.0102018
-0.0143323
-0.0173232
-0.00992337
-0.00564955
-0.00333312
-0.00208846
-0.00137973
-0.000990027
-0.000777197
-0.000666518
-0.000622659
-0.000589875
-0.000573801
-0.000479216
0.00716366
-0.000445785
-0.00466054
-0.00887815
-0.0149196
-0.014925
-0.0311758
-0.0260279
-0.0129007
-0.0121087
-0.0113783
-0.0106467
-0.00995269
-0.00948855
-0.00916685
-0.00896216
-0.00809306
-0.00722284
-0.00635233
-0.00548357
-0.00461865
-0.00375968
-0.00290873
-0.00206782
-0.00139142
-0.00120578
-0.00122475
-0.00124518
-0.00126452
-0.00128307
-0.0013006
-0.00131684
-0.00133234
-0.00134716
-0.00136129
-0.00137472
-0.00138747
-0.00139955
-0.00144458
-0.00152548
-0.00162836
-0.001741
-0.00185294
-0.00195763
-0.00205077
-0.00212937
-0.00220645
-0.00227215
-0.00232135
-0.00235474
-0.00261063
-0.00454135
-0.00646773
0.00365361
0.0110367
0.0185878
0.0262301
0.0339596
0.0418145
0.0500318
0.0332583
0.0176462
0.0017177
0.00121068
-0.0018919
-0.00199556
-0.00204204
-0.00205361
-0.00205945
-0.00206146
-0.00676156
-0.00136085
0.000681417
0.00281215
0.00448341
0.00588683
0.00712374
0.00852074
0.00580338
-0.00325399
-0.00308826
-0.00287826
-0.00234895
-0.0017859
-0.00180981
-0.00201031
-0.00222176
-0.00243866
-0.00268573
-0.00299143
-0.00327867
-0.00355224
-0.00376442
-0.00376389
-0.0037586
-0.003752
-0.0037441
-0.00373492
-0.00372451
-0.00371271
-0.0036998
-0.00368617
-0.00367134
-0.00364666
-0.00356281
-0.00341275
-0.00319156
-0.00289641
-0.00252664
-0.002084
-0.00157301
-0.00100333
-0.000388031
0.000260914
0.000932313
0.00161554
0.00230041
0.00297716
0.00364112
0.00429341
0.00517313
0.00796245
0.010659
0.0134859
-0.00273915
-0.0125843
-0.0225911
-0.0326521
-0.0427598
-0.0530161
-0.0381414
-0.0202885
-0.0198825
-0.00778982
-0.00236292
-0.00186107
-0.00186594
-0.00194253
-0.00205209
-0.00210072
0.00526112
-0.00347822
-0.00356227
-0.00476899
-0.00567474
-0.00649494
-0.00742051
-0.0020782
-0.00204436
-0.00194788
-0.00190608
-0.00189954
-0.00191879
-0.00196034
-0.00202107
-0.00209562
-0.0021061
-0.00207101
-0.00202977
-0.00199177
-0.00195648
-0.00192344
-0.00189236
-0.00186303
-0.00183532
-0.0018091
-0.0017843
-0.00176082
-0.00173861
-0.00171785
-0.0016982
-0.00167931
-0.0016616
-0.00164504
-0.00162953
-0.00161499
-0.00160134
-0.00158855
-0.00157653
-0.00156524
-0.0015718
-0.00162609
-0.00171118
-0.00181344
-0.00192165
-0.00202634
-0.00211939
-0.00219371
-0.00224726
-0.00228316
-0.00252016
-0.00438748
-0.00625088
-0.00829133
0.00593647
0.0162975
0.0215806
0.0125988
0.00622896
0.00206736
-0.00222867
0.000678635
-0.000510662
-0.000889797
-0.00109558
-0.00119404
-0.00126094
-0.00129923
-0.000336111
0.000347258
0.00381741
0.00534172
0.00483627
0.00472481
0.00456772
0.00428792
0.00326493
0.00242844
0.00535173
0.00472476
0.00452248
0.00431944
0.00411572
0.00390602
0.00368902
0.00346515
0.00323556
0.00299465
0.00269357
0.00241308
0.00214581
0.0018889
0.00164174
0.00140523
0.00118091
0.000970714
0.000776873
0.00060148
0.000446689
0.000332962
0.000260229
0.000206922
0.00018708
0.000216216
0.000304156
0.000458058
0.000682966
0.000981809
0.00135537
0.00180201
0.00231728
0.00289165
0.00351211
0.0041668
0.0048446
0.00553498
0.00622785
0.00691351
0.00758732
0.00825061
0.00914268
0.0119469
0.0146592
-0.00304369
-0.00750105
-0.0118166
-0.0159055
-0.0197079
-0.0170237
-0.0138471
-0.010839
-0.00689468
-0.00388321
-0.0024107
-0.00217741
-0.00207614
-0.00202564
-0.00204066
-0.00218693
-0.00219677
-0.00538343
-0.00860623
-0.0109194
-0.0125187
-0.00770283
-0.00247945
-0.00356171
-0.00411759
-0.00415078
-0.00428169
-0.00441801
-0.00465096
-0.00514573
-0.00589844
-0.00690157
-0.00819314
-0.0097933
-0.0117379
-0.0140882
-0.0171384
-0.016179
-0.0147996
-0.0142181
-0.0134215
-0.0125437
-0.0116941
-0.0108723
-0.0100788
-0.00931478
-0.00859968
-0.00793273
-0.00729167
-0.00668993
-0.00614244
-0.00565845
-0.00524457
-0.0049053
-0.00464304
-0.00445805
-0.00434815
-0.0043084
-0.00432875
-0.00439567
-0.00449681
-0.00462054
-0.00475583
-0.00489209
-0.00501913
-0.00513188
-0.00523105
-0.00555497
-0.00755637
-0.00955557
0.000255512
0.00522499
0.0100894
0.0147546
0.0191436
0.0194945
0.0145503
0.00953029
0.00447216
0.00166414
0.0041059
0.00622609
0.00802882
0.00111327
-0.0008293
5.00244e-05
0.000641251
0.00444238
0.00877797
0.0103119
0.00882021
0.00637794
0.00626266
0.00324851
0.00558108
0.00608727
0.00589403
0.00572617
0.00540028
0.00511942
0.00439514
0.00413455
0.00380278
0.00352134
0.00315286
0.00283219
0.00249335
0.00214306
0.00178823
0.00143525
0.0010892
0.000751446
0.000417563
4.92696e-05
0.000346326
0.000123315
-0.00116408
-0.000138739
-0.000198854
-0.000272458
-0.000292815
-0.000251667
-0.000142683
3.86827e-05
0.00029505
0.000626997
0.00103275
0.00150774
0.00204237
0.00262354
0.00323931
0.00387853
0.00453058
0.00518531
0.00583297
0.00646893
0.00709433
0.00794856
0.0107145
0.0133886
-0.00373972
-0.00823294
-0.0125849
-0.0167111
-0.0205512
-0.0156039
-0.00960668
-0.00634472
-0.00442242
-0.00347531
-0.00299552
-0.00291238
-0.00279621
-0.00273398
-0.00270343
-0.00269028
-0.00268643
0.00484942
-0.00311532
-0.00629805
-0.00645781
-0.0128016
-0.0191345
-0.0250434
-0.0139983
-0.0225632
-0.0281725
-0.0306134
-0.0317328
-0.0318752
-0.0319974
-0.0321024
-0.0318709
-0.0315588
-0.0312147
-0.0308538
-0.0304898
-0.0301059
-0.0297408
-0.0295042
-0.0303784
-0.0216826
-0.025387
-0.0243029
-0.0236101
-0.0231142
-0.0227211
-0.0222659
-0.0226673
-0.0220658
-0.0217846
-0.0216576
-0.0216288
-0.0216805
-0.0218059
-0.0219979
-0.022245
-0.0225156
-0.0212981
-0.0232434
-0.024355
-0.0255787
-0.0263603
-0.0270844
-0.0278152
-0.0285491
-0.0292879
-0.0302708
-0.000614511
0.00804171
0.0178793
0.0288075
0.0401769
0.0516501
0.0630557
0.0743206
0.0854209
0.0963361
0.10706
0.117614
0.128034
0.138399
0.149437
0.126017
0.108615
0.0910266
0.0732325
0.0522658
0.0416684
0.0267324
0.030399
0.031286
0.0323905
0.0344215
0.0279347
0.023408
0.0224741
0.0221081
0.0233235
0.0244989
0.0227288
0.0389508
0.0325993
0.0331051
0.032583
0.0335677
