0.0698132
0.0764335
0.0815336
0.0829245
0.0834555
0.0827643
0.0809538
0.078002
0.0744332
0.0711686
0.0677964
0.0645843
0.0614542
0.0584212
0.0554904
0.0526535
0.0499026
0.0472287
0.0446231
0.0420772
0.0395831
0.037133
0.0347202
0.0323368
0.0299789
0.0276366
0.0253072
0.0229819
0.0206605
0.0183331
0.0159946
0.01364
0.0112643
0.008862
0.00642743
0.00416455
0.0020374
4.21678e-05
-0.00182475
-0.0035668
-0.00518779
-0.00669096
-0.00808017
-0.00935679
-0.0105267
-0.0115895
-0.0125481
-0.0134029
-0.0141559
-0.014808
-0.0153599
-0.0158126
-0.0161668
-0.0164229
-0.0165816
-0.0166432
-0.0166078
-0.0164755
-0.0162463
-0.01592
-0.0155001
-0.0149804
-0.0143637
-0.0136489
-0.0128353
-0.0119219
-0.0109075
-0.00979132
-0.00857148
-0.0072463
-0.00581385
-0.00385145
-0.00216042
-0.000849411
9.25596e-06
0.000673814
0.00118369
0.00155984
0.00181468
0.00195523
0.00198607
0.00191298
0.00177309
0.00160645
0.00144691
0.00129446
0.00114874
0.00100939
0.000876074
0.000748495
0.000626364
0.000509414
0.000397393
0.000290065
0.00018721
8.86189e-05
-5.90464e-06
-9.65452e-05
-0.000183477
-0.000266866
-0.000346863
-0.000423616
-0.000497267
-0.000567951
-0.000635793
-0.000700911
-0.000763417
-0.000823418
-0.00088102
-0.000936323
-0.000989426
-0.00104043
-0.00108942
-0.00113649
-0.00118172
-0.0012252
-0.00126701
-0.00130721
-0.00134589
-0.00138312
-0.00141896
-0.00145342
-0.00148662
-0.00171015
-0.00206567
-0.00256473
-0.00321259
-0.00401141
-0.0049618
-0.00606378
-0.00731797
-0.0083331
-0.00917874
-0.00986026
-0.0103785
-0.0107459
-0.0109477
-0.0109827
-0.0108493
-0.010545
-0.0100682
-0.0087331
-0.00734211
-0.00608297
-0.00493074
-0.00383984
-0.00275047
-0.00166751
-0.00066978
-0.000827741
-0.00116184
-0.00163621
-0.00216441
-0.00263757
-0.00307698
-0.00348518
-0.00386444
-0.00421687
-0.00454443
-0.00484897
-0.00513218
-0.00539562
-0.00564074
-0.00586888
-0.00608129
-0.00627912
-0.00646345
-0.00663528
-0.00679553
-0.00694505
-0.00708463
-0.00721502
-0.00733689
-0.00745087
-0.00755756
-0.00765748
-0.00775117
-0.00783908
-0.00792167
-0.00799934
-0.00807248
-0.00814142
-0.0082065
-0.008268
-0.00832621
-0.00838138
-0.00843372
-0.00848346
-0.00853079
-0.00857589
-0.00861892
-0.00866006
-0.00869977
-0.0087381
-0.00877517
-0.00881967
-0.00875246
-0.0086587
-0.00852733
-0.00828258
-0.00803958
-0.00795084
-0.00794492
-0.00797462
-0.00801536
-0.0080554
-0.00809421
-0.00813164
-0.00816804
-0.00820354
-0.00823824
-0.00806857
-0.00781295
-0.00766572
-0.007647
-0.00770099
-0.00778055
-0.0078818
-0.00818305
-0.00867946
-0.00928985
-0.00987644
-0.0103947
-0.0108117
-0.0111022
-0.0112467
-0.0112297
-0.0111401
-0.0110576
-0.0109818
-0.0109123
-0.0108486
-0.0107903
-0.0107369
-0.0106882
-0.0106437
-0.0106031
-0.0105662
-0.0105327
-0.0105023
-0.0104748
-0.0104501
-0.0104278
-0.0104078
-0.0103899
-0.010374
-0.0103599
-0.0103476
-0.0103367
-0.0103274
-0.0103193
-0.0103125
-0.0103068
-0.0103022
-0.0102986
-0.0102958
-0.0102938
-0.0102926
-0.0102922
-0.0102923
-0.0102931
-0.0102944
-0.0102958
-0.0102974
-0.0102992
-0.0103186
-0.0102727
-0.0102329
-0.0102006
-0.0102069
-0.0101989
-0.010186
-0.0101605
-0.0101668
-0.0101406
-0.010147
-0.0100988
-0.0100546
-0.00997286
-0.00983025
-0.00982832
-0.00974527
-0.0088959
-0.00819307
-0.00761236
-0.00715594
-0.00671056
-0.00627521
-0.00638223
-0.00663813
-0.00706886
-0.00761087
-0.00812106
-0.00856374
-0.00891125
-0.00914205
-0.00923885
-0.00929399
-0.00934589
-0.00939489
-0.00944119
-0.00948496
-0.00952639
-0.00956563
-0.00960284
-0.00963818
-0.00967177
-0.00970374
-0.00973421
-0.00976329
-0.00979108
-0.00981769
-0.00984319
-0.00986768
-0.00989124
-0.00991393
-0.00993583
-0.00995701
-0.00997753
-0.00999745
-0.0100168
-0.0100357
-0.0100541
-0.0100721
-0.0100897
-0.010107
-0.0101239
-0.0101405
-0.0101569
-0.010173
-0.0101888
-0.0102044
-0.0102202
-0.010236
-0.0102772
-0.0102812
-0.0102943
-0.0103131
-0.0103351
-0.0103593
-0.0103848
-0.0104118
-0.0104393
-0.010444
-0.0104515
-0.0104618
-0.0104747
-0.01049
-0.0105056
-0.0105216
-0.0105381
-0.0097211
-0.00810005
-0.00667723
-0.00536944
-0.00419279
-0.00315487
-0.00221324
-0.00129795
-0.000403375
-0.000707653
-0.00119194
-0.00181826
-0.0025633
-0.00336887
-0.00431776
-0.00519347
-0.00595676
-0.00657815
-0.00703528
-0.00732731
-0.00759915
-0.00785256
-0.00808865
-0.00830859
-0.00851354
-0.00870457
-0.00888268
-0.00904881
-0.0092038
-0.00934847
-0.00948357
-0.00960977
-0.00972772
-0.00983801
-0.0099412
-0.0100378
-0.0101283
-0.0102131
-0.0102926
-0.0103672
-0.0104372
-0.0105031
-0.0105649
-0.0106231
-0.010678
-0.0107296
-0.0107784
-0.0108244
-0.010868
-0.0109092
-0.0109482
-0.0109848
-0.0110194
-0.011052
-0.0110865
-0.0111203
-0.0111532
-0.0111905
-0.0112185
-0.0112434
-0.011268
-0.0112913
-0.0113137
-0.0113354
-0.0113563
-0.0113765
-0.0113961
-0.0114151
-0.0114335
-0.0114514
-0.0111836
-0.0108837
-0.0106739
-0.0105788
-0.0105595
-0.0106036
-0.0105913
-0.0105073
-0.0103806
-0.0106278
-0.0111413
-0.0117812
-0.0125192
-0.0130137
-0.013303
-0.0135109
-0.0136905
-0.0138741
-0.0139893
-0.0140249
-0.0139614
-0.0137977
-0.0136532
-0.0135202
-0.0133978
-0.0132856
-0.0131952
-0.0131579
-0.0131537
-0.013292
-0.0133211
-0.0132283
-0.0131424
-0.0130632
-0.0129905
-0.0129235
-0.0128621
-0.0128057
-0.012754
-0.0127067
-0.0126635
-0.0126241
-0.0125883
-0.0125557
-0.0125261
-0.0124994
-0.0124753
-0.0124537
-0.0124343
-0.012417
-0.0124017
-0.0123885
-0.0123774
-0.0123906
-0.0123713
-0.0123546
-0.0123419
-0.0123328
-0.0123259
-0.0123208
-0.0123173
-0.0123145
-0.0123129
-0.0123121
-0.0123121
-0.0123127
-0.0123139
-0.0123157
-0.012318
-0.012321
-0.0121261
-0.0118921
-0.0117587
-0.0117514
-0.0116627
-0.0108582
-0.0101835
-0.0102041
-0.0103618
-0.0105915
-0.0107998
-0.01094
-0.0110527
-0.0111587
-0.0112584
-0.0113519
-0.0114395
-0.0115217
-0.0115988
-0.0116712
-0.0117393
-0.0118033
-0.0118635
-0.0119203
-0.0119739
-0.0120244
-0.012072
-0.012117
-0.0121594
-0.0121995
-0.0122374
-0.0122734
-0.0123074
-0.0123398
-0.0123706
-0.0123998
-0.0124278
-0.0124544
-0.0124798
-0.0125041
-0.0125274
-0.0125496
-0.012571
-0.0125915
-0.0126112
-0.0126302
-0.0126485
-0.0126662
-0.0126834
-0.0127
-0.0127161
-0.0127314
-0.0127461
-0.0128051
-0.0128255
-0.0128419
-0.0128673
-0.012899
-0.0129356
-0.0129765
-0.0129934
-0.0130072
-0.0130179
-0.0130288
-0.0130394
-0.0130499
-0.0130604
-0.0130707
-0.013081
-0.0130912
-0.012305
-0.0114697
-0.0107282
-0.010104
-0.00960915
-0.00921965
-0.00885803
-0.0085176
-0.00880633
-0.00924376
-0.00986
-0.0106434
-0.0113931
-0.0120727
-0.0126546
-0.0131168
-0.0134421
-0.0136163
-0.0136775
-0.0137337
-0.0137856
-0.0138335
-0.0138778
-0.0139187
-0.0139565
-0.0139913
-0.0140235
-0.0140532
-0.0140807
-0.014106
-0.0141293
-0.0141508
-0.0141707
-0.0141891
-0.014206
-0.0142216
-0.0142361
-0.0142495
-0.0142619
-0.0142735
-0.0142842
-0.0142942
-0.0143036
-0.0143124
-0.0143206
-0.0143283
-0.0143356
-0.0143425
-0.014349
-0.0143551
-0.014361
-0.0143669
-0.014373
-0.0143791
-0.0143908
-0.0143713
-0.0143146
-0.0142163
-0.014073
-0.0138819
-0.0135891
-0.013307
-0.0130157
-0.0129148
-0.0129102
-0.0129168
-0.0129329
-0.012952
-0.0129697
-0.0129864
-0.0127696
-0.0124719
-0.0122849
-0.0122291
-0.0122495
-0.0122978
-0.0123703
-0.0126516
-0.0131281
-0.0136936
-0.0142426
-0.0147283
-0.0151163
-0.0153808
-0.0155017
-0.0154631
-0.0153834
-0.0153099
-0.0152422
-0.0151799
-0.0151227
-0.0150702
-0.0150219
-0.0149777
-0.0149372
-0.0149002
-0.0148664
-0.0148355
-0.0148074
-0.014782
-0.0147589
-0.014738
-0.0147192
-0.0147023
-0.0146872
-0.0146737
-0.0146618
-0.0146513
-0.0146422
-0.0146342
-0.0146275
-0.0146217
-0.014617
-0.0146131
-0.01461
-0.0146077
-0.0146062
-0.0146053
-0.014605
-0.0146054
-0.0146062
-0.0146071
-0.0146083
-0.0146096
-0.0146142
-0.0145828
-0.0145191
-0.0144668
-0.0144412
-0.0144331
-0.0142727
-0.014271
-0.0142786
-0.0142864
-0.0142945
-0.0143026
-0.014311
-0.0143196
-0.0143333
-0.0143683
-0.0142204
-0.014093
-0.0140465
-0.0141135
-0.0141413
-0.0140704
-0.0143613
-0.0150537
-0.015826
-0.01641
-0.0169687
-0.0174689
-0.0178852
-0.0181972
-0.0183883
-0.0184446
-0.0183543
-0.018126
-0.0179138
-0.0177169
-0.0175341
-0.0173644
-0.0172068
-0.0170604
-0.0169244
-0.016798
-0.016681
-0.0165728
-0.0164727
-0.0163803
-0.0162949
-0.0162161
-0.0161434
-0.0160764
-0.0160146
-0.0159578
-0.0159055
-0.0158575
-0.0158134
-0.0157731
-0.0157362
-0.0157025
-0.0156718
-0.0156439
-0.0156185
-0.0155956
-0.015575
-0.0155564
-0.0155397
-0.0155248
-0.0155116
-0.0155004
-0.015491
-0.0155057
-0.0154885
-0.0154719
-0.0154592
-0.0154486
-0.0154387
-0.0154177
-0.0153961
-0.0153834
-0.0153789
-0.0153784
-0.0153766
-0.0153765
-0.0153774
-0.0153788
-0.0153795
-0.0153807
-0.0153134
-0.0152748
-0.0152905
-0.0153223
-0.0153605
-0.0154423
-0.0155116
-0.0155433
-0.0155735
-0.0155999
-0.0156217
-0.0156379
-0.0156466
-0.0156453
-0.0156314
-0.0156015
-0.0155518
-0.0154777
-0.0153735
-0.0152289
-0.0151736
-0.0151601
-0.0152445
-0.0152565
-0.0152681
-0.0152799
-0.0152918
-0.0153037
-0.0153157
-0.0153278
-0.0153399
-0.0153521
-0.0153642
-0.0153764
-0.0153886
-0.0154008
-0.015413
-0.0154251
-0.0154372
-0.0154493
-0.0154612
-0.0154731
-0.015485
-0.0154967
-0.0155084
-0.01552
-0.0155315
-0.015543
-0.0155544
-0.0155658
-0.0155771
-0.015588
-0.0155986
-0.0156542
-0.015676
-0.0156932
-0.0157147
-0.0157377
-0.0157621
-0.0157829
-0.0158005
-0.015815
-0.015831
-0.0158476
-0.0158642
-0.0158806
-0.0158924
-0.0159063
-0.0159206
-0.0159349
-0.0158729
-0.0158312
-0.0158466
-0.0158644
-0.0158742
-0.0158141
-0.0160932
-0.0164708
-0.0168221
-0.0170982
-0.0172437
-0.0173283
-0.0174075
-0.0174209
-0.0173452
-0.0172154
-0.0170009
-0.0168686
-0.0168031
-0.0167443
-0.0166907
-0.0166422
-0.0166021
-0.016578
-0.016578
-0.016612
-0.0166983
-0.016676
-0.0166188
-0.0165913
-0.0166815
-0.0166563
-0.0166333
-0.0166126
-0.0165943
-0.0165782
-0.016564
-0.0165516
-0.0165411
-0.0165321
-0.0165247
-0.0165187
-0.016514
-0.0165106
-0.0165083
-0.0165071
-0.016507
-0.0165077
-0.0165093
-0.0165117
-0.0165149
-0.0165192
-0.0165245
-0.0165532
-0.016549
-0.0165448
-0.0165439
-0.0165445
-0.0165474
-0.0165517
-0.0165576
-0.0165645
-0.0165719
-0.0165795
-0.0165869
-0.0165949
-0.0166033
-0.016612
-0.0166209
-0.01663
-0.0164406
-0.0162134
-0.0160887
-0.0160529
-0.0160689
-0.0160511
-0.0159616
-0.0160333
-0.0163218
-0.0167609
-0.0172367
-0.0176181
-0.0178674
-0.0179689
-0.0179187
-0.0178614
-0.017811
-0.0177671
-0.0177292
-0.017697
-0.0176815
-0.0176941
-0.0177486
-0.0178837
-0.0179136
-0.0179029
-0.0178943
-0.0178823
-0.0178507
-0.0177787
-0.0175899
-0.0174825
-0.0174527
-0.0174548
-0.0174588
-0.017466
-0.0174825
-0.0175151
-0.0175714
-0.0176606
-0.0177983
-0.0179511
-0.0182383
-0.018402
-0.0183985
-0.0183743
-0.0183525
-0.018333
-0.0183158
-0.0183006
-0.0182872
-0.0185772
-0.0187346
-0.018913
-0.0190876
-0.0192438
-0.0193726
-0.0194678
-0.0195253
-0.0195418
-0.0195144
-0.0194404
-0.0193173
-0.0191425
-0.0189134
-0.0186281
-0.0183913
-0.018179
-0.0179897
-0.0178212
-0.0167725
-0.0148692
-0.012135
-0.00951414
-0.00693578
-0.00440764
-0.00193086
0.000408831
0.00261819
0.00469594
0.00664131
0.00749286
0.00692969
0.00593551
0.0045413
0.00302637
0.00143492
-0.000191346
-0.00126062
