0
0.000215608
0.000302611
0.000380291
0.000444254
0.000275622
4.07768e-06
-8.63153e-05
-0.000323209
-0.000289545
-0.000255269
7.82229e-05
0.000378084
0.000614639
0.000817422
0.00100195
0.00117734
0.00134621
0.00151063
0.00167183
0.00183048
0.00198688
0.00214112
0.00229403
0.00244372
0.00259491
0.00274223
0.00289065
0.00299992
0.00311181
0.003226
0.00334216
0.00345992
0.00357898
0.00369903
0.00382432
0.00394973
0.00407508
0.00420023
0.00432501
0.0044447
0.00456134
0.00468276
0.00480006
0.00491573
0.00502483
0.00514194
0.00525588
0.00536995
0.00548377
0.00559672
0.00570897
0.00582028
0.00593046
0.00603939
0.00614696
0.0062531
0.00635774
0.00646085
0.00656234
0.00665173
0.00675119
0.00685064
0.00694912
0.00704649
0.00714258
0.00723727
0.00732537
0.00741188
0.00749658
0.00757931
0.0077912
0.00791947
0.00811127
0.00832341
0.00852745
0.00871606
0.00889163
0.0090546
0.00919354
0.00930098
0.00938233
0.00944011
0.0094958
0.00954949
0.00960118
0.00965089
0.00969863
0.00974442
0.00978827
0.00983022
0.00987027
0.00990845
0.00994477
0.00997927
0.010012
0.0100429
0.010072
0.0100994
0.010125
0.010149
0.0101713
0.0101919
0.0102109
0.0102283
0.010244
0.0102582
0.0102709
0.0102821
0.0102917
0.0102999
0.0103067
0.010312
0.0103159
0.0103184
0.0103196
0.0103195
0.0103181
0.0103154
0.0103115
0.0103064
0.0103001
0.0102931
0.0102843
0.0102747
0.0102639
0.0102518
0.0102383
0.010223
0.0102033
0.0101756
0.0102464
0.0103221
0.0104079
0.0104997
0.0104833
0.0104672
0.0104515
0.0104362
0.0104299
0.0104333
0.0101572
0.0100683
0.00984576
0.00948965
0.00901028
0.00841421
0.00769673
0.00686348
0.00611383
0.00562684
0.00534666
0.00525424
0.00524653
0.0052399
0.00523413
0.00522917
0.00522494
0.0052214
0.00521848
0.00521613
0.00521431
0.00521297
0.00521206
0.00521156
0.00521142
0.00521162
0.00521212
0.00521288
0.00521389
0.00521512
0.00521655
0.00521815
0.00521991
0.00522181
0.00522382
0.00522594
0.00522813
0.00523037
0.00523265
0.00523495
0.00523724
0.00523952
0.00524176
0.00524394
0.00524607
0.00524813
0.0052501
0.00525199
0.00525378
0.00525547
0.00525705
0.00525831
0.0052593
0.00526
0.00527977
0.00529472
0.00530773
0.00533063
0.00535389
0.00537828
0.00538102
0.00538332
0.00538517
0.00538696
0.00538861
0.00539019
0.00539171
0.00539317
0.00539456
0.00539587
0.00553105
0.00584576
0.00623402
0.00674684
0.00737748
0.00812413
0.00899136
0.00968292
0.0102142
0.0106351
0.0109883
0.0112741
0.0114907
0.0116354
0.0117054
0.0117053
0.0117063
0.011707
0.0117075
0.0117077
0.0117076
0.0117073
0.0117068
0.0117061
0.0117052
0.011704
0.0117027
0.0117013
0.0116996
0.0116978
0.0116958
0.0116937
0.0116915
0.0116891
0.0116866
0.011684
0.0116813
0.0116785
0.0116755
0.0116725
0.0116694
0.0116662
0.0116629
0.0116595
0.0116561
0.0116527
0.0116491
0.0116455
0.0116419
0.0116382
0.0116345
0.011631
0.0116276
0.0116244
0.0116178
0.0116241
0.0117375
0.011834
0.01183
0.0118553
0.0118676
0.0118721
0.011869
0.0118489
0.0118463
0.0118395
0.0118343
0.011832
0.0118338
0.0118312
0.0115767
0.0110723
0.0105145
0.00989965
0.00914838
0.00827837
0.00728582
0.00626945
0.00546644
0.00482703
0.00435483
0.00403105
0.00385626
0.00383243
0.00383731
0.00384018
0.00384254
0.00384506
0.00384772
0.00385052
0.00385345
0.0038565
0.00385966
0.00386293
0.0038663
0.00386975
0.00387328
0.00387689
0.00388057
0.0038843
0.00388808
0.0038919
0.00389575
0.00389963
0.00390353
0.00390742
0.00391131
0.00391518
0.00391902
0.00392282
0.00392656
0.00393025
0.00393387
0.00393742
0.00394089
0.00394427
0.00394758
0.0039508
0.00395393
0.00395698
0.00395992
0.00396253
0.00396484
0.00396793
0.00397202
0.00397721
0.00398359
0.00399115
0.00399989
0.00400977
0.00402086
0.00403319
0.00404418
0.00405335
0.00406068
0.0040661
0.00406981
0.00407236
0.00407371
0.00407382
0.00429578
0.00472768
0.00553187
0.00654359
0.00760764
0.00879742
0.0101102
0.0115452
0.013108
0.0145816
0.0159488
0.0171957
0.0183222
0.0194251
0.0200857
0.0206939
0.021271
0.02181
0.0223048
0.0227352
0.0229005
0.0229193
0.0229383
0.0229575
0.0229771
0.0229969
0.0230169
0.0230371
0.0230574
0.0230779
0.0230985
0.0231191
0.0231398
0.0231605
0.0231812
0.0232018
0.0232225
0.023243
0.0232635
0.0232839
0.0233042
0.0233243
0.0233443
0.0233642
0.0233838
0.0234033
0.0234226
0.0234417
0.0234606
0.0234792
0.0234976
0.023516
0.0235343
0.0235526
0.0235735
0.0235933
0.0236119
0.0236294
0.0236594
0.0236826
0.0237007
0.0237182
0.0237342
0.0237504
0.0237659
0.0237814
0.0237965
0.0238113
0.0238257
0.0238399
0.0237238
0.0234095
0.0229542
0.0223739
0.0216807
0.0208754
0.0199572
0.0189221
0.0178821
0.0169583
0.016363
0.0158998
0.0155744
0.0152908
0.0150285
0.0147814
0.0145503
0.0143347
0.0142072
0.014114
0.01404
0.013983
0.0139895
0.0139957
0.0140015
0.014017
0.0140397
0.0140678
0.0141016
0.0141102
0.0141161
0.0141193
0.0141221
0.0141246
0.0141269
0.0141288
0.0141304
0.0141318
0.0141329
0.0141337
0.0141342
0.0141345
0.0141345
0.0141343
0.0141338
0.0141331
0.0141322
0.0141312
0.0141299
0.0141284
0.0141268
0.0141248
0.0141223
0.0141194
0.0141168
0.0141149
0.0141136
0.0141127
0.0141007
0.014095
0.0140927
0.0140903
0.0140882
0.0140862
0.0140843
0.0140824
0.0140814
0.0140804
0.0140794
0.0140792
0.0142629
0.0147751
0.0154873
0.0163767
0.0174438
0.0186279
0.0198645
0.0208412
0.021643
0.0223192
0.0229236
0.0234801
0.023962
0.0243051
0.0244854
0.0244891
0.0244926
0.0244961
0.0244998
0.0245035
0.0245073
0.0245112
0.0245151
0.024519
0.024523
0.0245271
0.0245313
0.0245357
0.0245401
0.0245447
0.0245493
0.0245541
0.0245589
0.0245638
0.0245688
0.0245739
0.024579
0.0245842
0.0245895
0.0245949
0.0246003
0.0246058
0.0246113
0.0246169
0.0246226
0.0246283
0.024634
0.0246398
0.0246456
0.0246515
0.0246574
0.0246636
0.02467
0.0246766
0.0246826
0.0246877
0.0246916
0.0246945
0.0246962
0.0246968
0.0246983
0.0247019
0.0247076
0.0247132
0.0247196
0.0247256
0.0247317
0.0247378
0.0247439
0.02475
0.0246256
0.0242911
0.023816
0.0232092
0.0224712
0.0216035
0.0206122
0.019493
0.0186597
0.0180356
0.0175659
0.017267
0.0171121
0.0171023
0.0171231
0.017143
0.0171611
0.0171768
0.0171906
0.0172046
0.0172186
0.0172327
0.0172469
0.0172611
0.0172754
0.0172896
0.0173038
0.017318
0.0173322
0.0173464
0.0173605
0.0173746
0.0173886
0.0174025
0.0174164
0.0174302
0.0174439
0.0174574
0.0174708
0.0174841
0.0174972
0.0175101
0.0175228
0.0175354
0.0175477
0.0175598
0.0175717
0.0175834
0.0175949
0.0176061
0.0176172
0.0176276
0.0176376
0.0176471
0.0176565
0.0176737
0.0176981
0.0177294
0.0177671
0.0178111
0.0178246
0.0178381
0.0178514
0.0178629
0.0178736
0.0178843
0.0178947
0.017905
0.0179151
0.0179251
0.0180673
0.0184318
0.0188705
0.0194344
0.0201164
0.0209146
0.0218337
0.0225814
0.0231718
0.0236628
0.0240698
0.0243933
0.0246316
0.0247816
0.0248397
0.0248485
0.0248578
0.0248669
0.0248758
0.0248845
0.024893
0.0249013
0.0249095
0.0249175
0.0249253
0.024933
0.0249405
0.0249479
0.0249552
0.0249623
0.0249693
0.0249762
0.024983
0.0249897
0.0249963
0.0250028
0.0250092
0.0250155
0.0250218
0.0250279
0.025034
0.02504
0.0250459
0.0250519
0.0250577
0.0250635
0.0250693
0.025075
0.0250807
0.0250864
0.025092
0.0250979
0.025104
0.0251104
0.0251159
0.025116
0.0251297
0.0251664
0.0251875
0.0251923
0.0252018
0.0252079
0.0252136
0.0252192
0.0252248
0.0252304
0.0252347
0.0252389
0.0252421
0.0252436
0.0250387
0.0246612
0.0241504
0.0235186
0.0227757
0.0219359
0.0212046
0.0205505
0.0203922
0.0204081
0.0204243
0.0204404
0.0204556
0.0204693
0.0204809
0.0204899
0.0204957
0.0204983
0.0205005
0.0205024
0.020504
0.0205054
0.0205065
0.0205075
0.0205082
0.0205088
0.0205092
0.0205094
0.0205096
0.0205096
0.0205095
0.0205093
0.020509
0.0205086
0.0205081
0.0205076
0.0205069
0.0205062
0.0205054
0.0205046
0.0205036
0.0205026
0.0205014
0.0205002
0.020499
0.0204977
0.0204963
0.0204949
0.0204934
0.0204919
0.0204904
0.0204884
0.0204862
0.0204866
0.0204874
0.020489
0.0204913
0.0204943
0.0204979
0.0205009
0.0205034
0.0205053
0.0205067
0.0205076
0.0205006
0.0204979
0.0204994
0.0205011
0.020503
0.020505
0.0207249
0.0211373
0.0217353
0.0224915
0.0232633
0.0238846
0.0243768
0.0247429
0.0249775
0.0250495
0.0250533
0.0250568
0.0250605
0.0250644
0.0250463
0.0250075
0.0249487
0.0248922
0.0248762
0.0248824
0.024889
0.0248858
0.0248909
0.0248975
0.024904
0.0249104
0.0249168
0.0249232
0.0249295
0.0249358
0.0249421
0.0249484
0.0249547
0.0249609
0.0249672
0.0249735
0.0249798
0.0249861
0.0249925
0.024999
0.0250055
0.0250121
0.0250188
0.0250255
0.0250324
0.0250393
0.0250464
0.0250535
0.0250606
0.0250679
0.0250753
0.025083
0.0250911
0.0250975
0.0251037
0.0251092
0.025114
0.0251181
0.0251263
0.0251311
0.0251366
0.0251426
0.0251509
0.0251576
0.025164
0.0251701
0.025177
0.0251844
0.0251918
0.0251992
0.0249843
0.0245565
0.0239738
0.023431
0.02289
0.0222525
0.0218006
0.0214906
0.0212514
0.0210674
0.0209317
0.0208315
0.0207607
0.0207684
0.0207749
0.0207903
0.0208287
0.0208347
0.0208406
0.0208635
0.0209015
0.0209525
0.021015
0.0210875
0.0211689
0.0212578
0.0213527
0.0213587
0.0213732
0.0213928
0.0214004
0.0214058
0.0214112
0.0214166
0.0214219
0.0214272
0.0214324
0.0214376
0.0214427
0.0214477
0.0214527
0.0214575
0.0214623
0.021467
0.0214716
0.0214761
0.0214806
0.0214849
0.0214892
0.0214934
0.0214975
0.0215011
0.0215044
0.0215103
0.0215165
0.0215235
0.0215313
0.0215398
0.0215475
0.0215431
0.0215459
0.0215518
0.0215576
0.0215635
0.0215683
0.0215741
0.0215805
0.0215872
0.0215938
0.0216005
0.0217794
0.0221923
0.0228794
0.023817
0.0249855
0.0263791
0.0280003
0.029519
0.0308492
0.0320679
0.0331536
0.0340677
0.0349453
0.0357933
0.0366159
0.0373915
0.0381462
0.0388832
0.0396049
0.0403135
0.0410104
0.0416969
0.0423741
0.0430424
0.0435333
0.0437944
0.0439497
0.0440591
0.044162
0.0442584
0.0443459
0.0443824
0.0443937
0.0444049
0.0444121
0.0444161
0.0444174
0.0444163
0.0444133
0.0444086
0.0444029
0.0443949
0.0444055
0.0444168
0.0444285
0.0444403
0.0444522
0.0444642
0.0444763
0.0444885
0.0445009
0.0445068
0.0445269
0.0445322
0.0445259
0.0445102
0.0444863
0.0444552
0.0444175
0.0443738
0.0443246
0.0442705
0.0442119
0.0441493
0.0440833
0.0440141
0.0439567
0.0439052
0.0438595
0.0438192
0.0434651
0.0428336
0.0419996
0.0410945
0.0403084
0.0394534
0.0384801
0.0373804
0.0361637
0.0348221
0.0333517
0.0318266
0.0303696
0.029023
0.0280959
0.027302
0.0266462
0.0261285
0.0256221
