0
0.000174432
0.00017238
0.000148635
0.000134352
-0.000402822
-0.00169259
-0.00281054
-0.00442151
-0.00540135
-0.00639222
-0.00717381
-0.00802436
-0.00889743
-0.00977221
-0.0106385
-0.0114805
-0.0122988
-0.0130939
-0.0138664
-0.0146167
-0.0153455
-0.0160324
-0.0167068
-0.017271
-0.0178474
-0.0183229
-0.0188041
-0.0192624
-0.0196994
-0.0201173
-0.0205185
-0.0209048
-0.0212786
-0.0216427
-0.0220587
-0.0224974
-0.0229574
-0.0234376
-0.0239372
-0.0244598
-0.0249458
-0.0253549
-0.0257707
-0.0260111
-0.0262443
-0.026363
-0.0264518
-0.026501
-0.0265296
-0.0265462
-0.0265569
-0.0265647
-0.0265711
-0.0265764
-0.0265807
-0.0265837
-0.0265851
-0.0265847
-0.0265823
-0.026408
-0.0263571
-0.0263688
-0.0263858
-0.0264073
-0.0264324
-0.0264603
-0.0264399
-0.0264161
-0.0263926
-0.0263687
-0.0263403
-0.0263324
-0.0263552
-0.0263923
-0.0264342
-0.0264791
-0.0265264
-0.0265758
-0.0266229
-0.0266615
-0.0266945
-0.026726
-0.0267569
-0.0267865
-0.0268147
-0.0268414
-0.0268666
-0.0268903
-0.0269125
-0.0269332
-0.0269525
-0.0269703
-0.0269868
-0.0270019
-0.0270158
-0.0270285
-0.02704
-0.0270505
-0.0270599
-0.0270686
-0.0270768
-0.0270844
-0.0270916
-0.0270988
-0.0271062
-0.0271142
-0.0271233
-0.0271338
-0.027146
-0.02716
-0.0271758
-0.0271934
-0.0272127
-0.0272336
-0.0272561
-0.0272801
-0.0273056
-0.0273325
-0.0273608
-0.0273904
-0.0274237
-0.0274775
-0.0272891
-0.0270108
-0.0266367
-0.0261639
-0.0255913
-0.0249189
-0.0241474
-0.023278
-0.022628
-0.0221216
-0.0217671
-0.0215677
-0.0215216
-0.0215303
-0.0215968
-0.0217241
-0.0219151
-0.0221763
-0.0224907
-0.0224786
-0.0223946
-0.0222965
-0.0221864
-0.0220649
-0.0219316
-0.0217873
-0.0216667
-0.0216199
-0.0215701
-0.0215174
-0.021463
-0.0214124
-0.0213657
-0.0213232
-0.0212849
-0.0212501
-0.0212162
-0.0211831
-0.0211509
-0.0211194
-0.0210887
-0.0210587
-0.0210294
-0.0210007
-0.0209725
-0.020945
-0.020918
-0.0208916
-0.0208656
-0.0208401
-0.0208151
-0.0207904
-0.0207661
-0.0207414
-0.0207154
-0.0206874
-0.0206566
-0.0206221
-0.0205833
-0.0205393
-0.0204897
-0.0204341
-0.020372
-0.0203034
-0.0202281
-0.020146
-0.0200573
-0.0199621
-0.0198581
-0.0197262
-0.0195673
-0.0193801
-0.0193794
-0.0195229
-0.019808
-0.020237
-0.0205903
-0.020942
-0.0210273
-0.0210327
-0.0210124
-0.0209897
-0.0209662
-0.020943
-0.0209202
-0.0208977
-0.0208752
-0.0208528
-0.0207524
-0.0207312
-0.0207154
-0.0207135
-0.0207208
-0.0207355
-0.0207587
-0.0207444
-0.0207354
-0.0207289
-0.0207215
-0.0207132
-0.0207033
-0.0206915
-0.0206774
-0.0206608
-0.0206431
-0.0206254
-0.0206077
-0.0205899
-0.0205721
-0.0205543
-0.0205365
-0.0205187
-0.0205009
-0.0204831
-0.0204654
-0.0204477
-0.0204301
-0.0204125
-0.020395
-0.0203776
-0.0203603
-0.0203431
-0.0203259
-0.0203089
-0.020292
-0.0202752
-0.0202586
-0.020242
-0.0202257
-0.0202094
-0.0201934
-0.0201778
-0.0201628
-0.0201485
-0.0201346
-0.0201212
-0.020108
-0.0200949
-0.0200839
-0.0200907
-0.0201152
-0.0201592
-0.0200169
-0.0197333
-0.0194874
-0.0192799
-0.0192235
-0.019154
-0.0191151
-0.0190982
-0.0191331
-0.0191538
-0.0192316
-0.0192698
-0.0193706
-0.0193686
-0.019434
-0.0194212
-0.0192906
-0.0192328
-0.0191245
-0.0189867
-0.0188502
-0.0187004
-0.0185366
-0.018376
-0.0183592
-0.0183421
-0.0183228
-0.0182971
-0.0182642
-0.0182233
-0.0181804
-0.0181371
-0.0180952
-0.0180556
-0.0180182
-0.0179829
-0.0179495
-0.0179181
-0.0178884
-0.0178605
-0.0178341
-0.017809
-0.0177851
-0.0177621
-0.0177398
-0.0177178
-0.0176956
-0.017673
-0.0176497
-0.017625
-0.0175984
-0.0175692
-0.0175367
-0.0175
-0.0174585
-0.0174112
-0.0173576
-0.017297
-0.0172288
-0.0171528
-0.0170686
-0.0169761
-0.0168752
-0.016766
-0.0166486
-0.0165229
-0.0163867
-0.0162208
-0.0160262
-0.0160303
-0.0161409
-0.0163605
-0.0166905
-0.0171306
-0.0176804
-0.0183393
-0.0191078
-0.0199952
-0.0206803
-0.0211964
-0.0215407
-0.0217103
-0.021715
-0.021612
-0.0213961
-0.0210621
-0.0205934
-0.0200552
-0.0198038
-0.0196651
-0.019639
-0.0196306
-0.0196274
-0.0196287
-0.0196369
-0.0196554
-0.0196416
-0.0196348
-0.0196092
-0.0195734
-0.0196103
-0.0196461
-0.0196824
-0.0197174
-0.0197509
-0.0197833
-0.0198185
-0.0198528
-0.0198864
-0.0199202
-0.0199543
-0.0199885
-0.0200229
-0.0200574
-0.0200919
-0.0201266
-0.0201612
-0.0201958
-0.0202304
-0.020265
-0.0202995
-0.0203338
-0.0203681
-0.0204022
-0.0204362
-0.0204701
-0.0205043
-0.0205389
-0.0205739
-0.0206094
-0.0206452
-0.0206812
-0.0207172
-0.0207532
-0.0207889
-0.0208243
-0.0208609
-0.020915
-0.0209867
-0.0210775
-0.0211027
-0.0210767
-0.0210016
-0.0208805
-0.020812
-0.0207869
-0.0207854
-0.0207961
-0.0208139
-0.0208355
-0.0208592
-0.0208838
-0.0209089
-0.0209341
-0.0209593
-0.0209844
-0.0210722
-0.021099
-0.0210992
-0.0211212
-0.0211433
-0.0211666
-0.0211907
-0.0212161
-0.0212482
-0.0213238
-0.0213555
-0.0213634
-0.0213771
-0.0213853
-0.021392
-0.0214012
-0.0214133
-0.0214283
-0.0214475
-0.0214625
-0.0214782
-0.0214957
-0.0215068
-0.0215178
-0.0215287
-0.0215397
-0.0215536
-0.0215709
-0.0216016
-0.0216151
-0.0216262
-0.021635
-0.0216438
-0.0216523
-0.0216602
-0.0216667
-0.0216713
-0.0216732
-0.0216715
-0.0216656
-0.0216549
-0.0216387
-0.0216165
-0.0215881
-0.0215532
-0.0215117
-0.0214636
-0.0214089
-0.0213479
-0.0212806
-0.0212048
-0.0211013
-0.020971
-0.0209847
-0.0210429
-0.0211447
-0.0212879
-0.021461
-0.0215601
-0.0216166
-0.0216499
-0.0216707
-0.0216845
-0.0216944
-0.0217022
-0.0217088
-0.0217151
-0.021721
-0.0217268
-0.0217316
-0.0216572
-0.0216583
-0.0217029
-0.0217915
-0.0219393
-0.022074
-0.0223729
-0.0226336
-0.022766
-0.0228922
-0.0230107
-0.0231205
-0.0232227
-0.0233202
-0.0234143
-0.0235063
-0.0235894
-0.0236637
-0.0237291
-0.0237857
-0.0238336
-0.0238728
-0.0239034
-0.0239254
-0.0239407
-0.023954
-0.0239674
-0.023981
-0.0239946
-0.0240085
-0.0240224
-0.0240365
-0.0240506
-0.0240649
-0.0240793
-0.0240937
-0.0241083
-0.024123
-0.024138
-0.0241539
-0.0241708
-0.0241887
-0.0242078
-0.0242279
-0.0242489
-0.0242706
-0.0242932
-0.0243163
-0.02434
-0.024364
-0.0243905
-0.0244363
-0.0245013
-0.0244662
-0.0243563
-0.0241708
-0.023909
-0.0235701
-0.0231527
-0.0226532
-0.0223209
-0.0221447
-0.0221278
-0.0221159
-0.0221351
-0.0221553
-0.022176
-0.0221968
-0.0222177
-0.0222386
-0.0222868
-0.02228
-0.0222553
-0.0222125
-0.0221563
-0.0220889
-0.02201
-0.0219179
-0.0218654
-0.021906
-0.0219478
-0.0219903
-0.0220266
-0.0220561
-0.0220842
-0.0221122
-0.02214
-0.0221674
-0.0221953
-0.0222262
-0.0222599
-0.0222963
-0.0223347
-0.022373
-0.0224113
-0.0224494
-0.0224874
-0.0225253
-0.022563
-0.0226006
-0.022638
-0.0226752
-0.0227123
-0.0227491
-0.022785
-0.0228194
-0.0228516
-0.0228808
-0.0229063
-0.0229274
-0.0229433
-0.0229535
-0.0229575
-0.0229551
-0.0229459
-0.0229299
-0.022907
-0.0228773
-0.022841
-0.0227982
-0.0227466
-0.022667
-0.0225605
-0.0224257
-0.0224533
-0.0225789
-0.0228038
-0.0231287
-0.0235539
-0.0240808
-0.024457
-0.0246549
-0.0248486
-0.0249247
-0.0249483
-0.024967
-0.024986
-0.0250057
-0.0250266
-0.0250479
-0.0249914
-0.0250207
-0.0250529
-0.0250995
-0.0251567
-0.0252226
-0.0252984
-0.0253254
-0.0253568
-0.0253895
-0.0254217
-0.0254525
-0.0254812
-0.0255073
-0.0255306
-0.0255506
-0.0255697
-0.0255885
-0.0256072
-0.0256255
-0.0256437
-0.0256616
-0.0256794
-0.0256969
-0.0257142
-0.0257314
-0.0257484
-0.0257653
-0.025782
-0.0257985
-0.0258149
-0.0258312
-0.0258474
-0.0258634
-0.0258793
-0.0258951
-0.0259109
-0.0259265
-0.025942
-0.0259575
-0.0259731
-0.0259892
-0.0260062
-0.0260242
-0.0260434
-0.0260636
-0.0260847
-0.0261067
-0.0261291
-0.026152
-0.0261772
-0.0262211
-0.0262837
-0.0263667
-0.0263074
-0.0261436
-0.0259261
-0.0257987
-0.0257358
-0.0257149
-0.0257331
-0.0257263
-0.0257316
-0.0257407
-0.0257519
-0.025764
-0.0257768
-0.0257901
-0.0257938
-0.0257912
-0.0257493
-0.0256927
-0.0256431
-0.0255975
-0.0255524
-0.0255079
-0.0254816
-0.0254717
-0.025434
-0.0253987
-0.0253648
-0.0253318
-0.0252992
-0.0252665
-0.0252335
-0.0252
-0.0251658
-0.0251311
-0.0250998
-0.0250717
-0.0250464
-0.0250241
-0.0250044
-0.0249874
-0.0249728
-0.0249604
-0.0249503
-0.024942
-0.0249355
-0.0249303
-0.0249259
-0.0249223
-0.0249189
-0.0249154
-0.024911
-0.0249053
-0.0248974
-0.0248866
-0.0248721
-0.0248533
-0.0248293
-0.0247997
-0.024764
-0.0247217
-0.0246727
-0.0246169
-0.0245542
-0.0244846
-0.0244084
-0.0243255
-0.0242338
-0.0241141
-0.0239672
-0.023998
-0.0240727
-0.0241905
-0.0243494
-0.0245463
-0.0247164
-0.0248545
-0.0249625
-0.0250312
-0.0250699
-0.025094
-0.0251158
-0.0251365
-0.0251568
-0.0251773
-0.0251992
-0.0252212
-0.0252736
-0.0253589
-0.0254685
-0.0255944
-0.0256723
-0.0256991
-0.0257364
-0.0257784
-0.0258206
-0.0258641
-0.0259089
-0.0259558
-0.0260075
-0.0260665
-0.0261352
-0.0262164
-0.0263131
-0.0264287
-0.0265671
-0.0267349
-0.0268954
-0.0270431
-0.0271875
-0.027322
-0.0274478
-0.0275651
-0.0276742
-0.0277753
-0.0278688
-0.0279551
-0.0280348
-0.028108
-0.0281753
-0.028237
-0.0282939
-0.0283467
-0.0283961
-0.0284428
-0.0284877
-0.0285315
-0.0285749
-0.0286185
-0.0286628
-0.0287081
-0.0287546
-0.0288025
-0.0288517
-0.0289022
-0.0289538
-0.0290065
-0.0290623
-0.0291382
-0.0292341
-0.0292329
-0.0291812
-0.0290807
-0.0289336
-0.0287427
-0.0285482
-0.0284032
-0.0283083
-0.0282639
-0.0282477
-0.028207
-0.0281451
-0.0280652
-0.0280544
-0.028063
-0.0280629
-0.0280568
-0.0280108
-0.027922
-0.0278192
-0.0277314
-0.0276678
-0.0276038
-0.0275774
-0.0275298
-0.0274764
-0.0274233
-0.0273691
-0.0273168
-0.0272672
-0.0272236
-0.0271806
-0.0271399
-0.0271002
-0.0270659
-0.0270362
-0.02701
-0.0269875
-0.0269686
-0.0269534
-0.026942
-0.0269344
-0.026931
-0.0269323
-0.0269284
-0.0269259
-0.026937
-0.0269403
-0.0269418
-0.026944
-0.0269465
-0.0269486
-0.0269497
-0.026949
-0.0269458
-0.0269393
-0.0269288
-0.0269135
-0.026893
-0.0268666
-0.0268341
-0.0267953
-0.0267499
-0.0266981
-0.0266397
-0.026575
-0.0265041
-0.0264247
-0.0263176
-0.0261838
-0.0262218
-0.0263041
-0.0264299
-0.026597
-0.0268026
-0.0269588
-0.027055
-0.0271186
-0.027163
-0.0271979
-0.027228
-0.0272573
-0.0272855
-0.027313
-0.0273402
-0.0273673
-0.0273944
-0.0273418
-0.0273679
-0.0274281
-0.0274919
-0.0276204
-0.0278113
-0.0280595
-0.0282016
-0.0284361
-0.0287318
-0.0290537
-0.029384
-0.0297116
-0.0300355
-0.0303549
-0.0306718
-0.0309857
-0.0312965
-0.0316038
-0.0319077
-0.0322084
-0.0325067
-0.0328043
-0.0331142
-0.0333326
-0.0335862
-0.0338292
-0.034065
-0.034295
-0.0345193
-0.0347338
-0.034956
-0.0351756
-0.0353938
-0.0356108
-0.0358276
-0.0360454
-0.0362652
-0.0364879
-0.0367146
-0.0369461
-0.0371661
-0.0374116
-0.0376627
-0.0379186
-0.0381814
-0.0384516
-0.0387292
-0.0390143
-0.0393068
-0.0396093
-0.0396284
-0.0395549
-0.0393838
-0.0391032
-0.0387079
-0.0381965
-0.0375695
-0.0368279
-0.0359735
-0.0350078
-0.0339326
-0.0327497
-0.0314601
-0.0300644
-0.0285557
-0.0272837
-0.026187
-0.0252674
-0.0245268
-0.0239578
-0.0234585
-0.0230748
-0.0226616
-0.0222435
-0.0218184
-0.0213774
-0.0210091
-0.0206935
-0.0203949
-0.0201073
-0.0198462
-0.0196186
-0.0194207
-0.0190709
-0.0187868
-0.0184985
-0.0182155
-0.0179074
