0
0.662032
0.51001
0.139094
0.0530965
-0.0691419
-0.181061
-0.29518
-0.35685
-0.326425
-0.337191
-0.321202
-0.313032
-0.30334
-0.293148
-0.283763
-0.275185
-0.267492
-0.260677
-0.254707
-0.249544
-0.245148
-0.241424
-0.238482
-0.235924
-0.234377
-0.233068
-0.232667
-0.232273
-0.232873
-0.233978
-0.235587
-0.237708
-0.240356
-0.243587
-0.226443
-0.212885
-0.199706
-0.186889
-0.174417
-0.162326
-0.150535
-0.139109
-0.127858
-0.117109
-0.106394
-0.095917
-0.0855252
-0.0753246
-0.0652191
-0.0552057
-0.0452748
-0.035417
-0.0256202
-0.0158714
-0.00615699
0.00353676
0.0132236
0.0229171
0.0326317
0.0421074
0.0520056
0.0616617
0.0714601
0.0813412
0.0913217
0.101417
0.111633
0.121998
0.132533
0.143258
0.196256
0.169105
0.131078
0.0858334
0.0664181
0.0509469
0.0375718
0.0254393
0.0140107
0.00304832
-0.00733875
-0.0140185
-0.0166928
-0.0159814
-0.0152707
-0.0145973
-0.0139591
-0.0133538
-0.012779
-0.0122328
-0.0117135
-0.0112192
-0.0107485
-0.0103001
-0.00987251
-0.00946458
-0.00907519
-0.00870331
-0.00834799
-0.00800813
-0.00768312
-0.00737256
-0.00707545
-0.00679113
-0.00651899
-0.0062585
-0.00600919
-0.00577065
-0.0055425
-0.00532441
-0.00511606
-0.00491699
-0.00472666
-0.00454476
-0.00437099
-0.00420505
-0.00404667
-0.0038956
-0.00375157
-0.00361435
-0.00348044
-0.00337494
-0.0221584
-0.0352642
-0.0495187
-0.0642971
-0.0792913
-0.0943468
-0.109404
-0.124526
-0.100844
-0.0840388
-0.0677811
-0.0516175
-0.0366886
-0.0201824
-0.00356738
0.0132047
0.0302253
0.0474099
0.133176
0.139104
0.125992
0.115312
0.109188
0.109038
0.1084
0.0998758
-0.0157176
-0.0333823
-0.0474084
-0.0527911
-0.0472872
-0.0439136
-0.0407949
-0.0379033
-0.0352225
-0.0327377
-0.0304359
-0.0283034
-0.0263269
-0.0244951
-0.0227976
-0.0212247
-0.0197676
-0.0184181
-0.017168
-0.0160101
-0.0149377
-0.0139446
-0.0130249
-0.0121734
-0.0113851
-0.0106554
-0.00998004
-0.00935536
-0.00877788
-0.00824414
-0.00775089
-0.00729508
-0.00687388
-0.00648457
-0.00612462
-0.0057917
-0.00548366
-0.00519855
-0.00493452
-0.00468991
-0.00446313
-0.00425281
-0.0040593
-0.0039012
-0.00374931
-0.00360898
-0.0044491
0.00664489
0.00922448
0.0129089
0.0242852
0.0241113
0.00882837
0.000588309
-0.00295859
-0.00406205
-0.00399071
-0.00386862
-0.00373058
-0.00362755
-0.00353843
-0.00345804
0.0170223
0.0255736
0.0147322
0.00187341
-0.00540415
-0.00796776
-0.0101445
-0.03011
-0.0496299
-0.0610284
-0.0586481
-0.0518173
-0.041681
-0.0290336
-0.0144339
0.00172024
0.00898349
0.00827042
0.00759386
0.00696837
0.00638954
0.00585357
0.00535711
0.00489718
0.0044711
0.00407637
0.00371071
0.00337202
0.00305834
0.00276795
0.00249906
0.00225
0.00201951
0.00180627
0.00160898
0.00142646
0.00125765
0.00110152
0.000957138
0.000823634
0.000700205
0.000586117
0.000480735
0.0003837
0.000294272
0.000211705
0.000135359
6.46187e-05
-9.32636e-07
-6.16731e-05
-0.000114195
-0.000148671
-0.000193053
-0.000234129
-0.00176775
0.00491342
0.00426784
0.00347778
-0.000563966
0.000886085
0.00133697
0.00256056
-0.000665179
0.00259198
-0.000731071
0.00477331
0.00430248
0.00817541
0.0141826
0.000207979
0.00845687
0.0849973
0.0703958
0.0582085
0.0457701
0.0446669
0.0436612
-0.0105931
-0.02558
-0.0430635
-0.0541914
-0.051008
-0.0442545
-0.0347345
-0.0230634
-0.00966354
-0.00549799
-0.00517478
-0.00488586
-0.00461591
-0.00436432
-0.00413024
-0.00391272
-0.0037107
-0.00352318
-0.00334917
-0.00318776
-0.00303807
-0.0028993
-0.00277083
-0.00265196
-0.00254184
-0.00243991
-0.00234575
-0.00225889
-0.00217887
-0.00210524
-0.00203755
-0.00197537
-0.00191825
-0.00186576
-0.00181742
-0.00177275
-0.00173135
-0.00169284
-0.00165692
-0.00162327
-0.00159162
-0.0015618
-0.00153367
-0.00150903
-0.00150955
-0.00150481
-0.00412436
-0.000438542
-0.001401
-0.00200719
-0.00238319
-0.00263535
-0.00281289
-0.00300633
-0.00310822
-0.000747223
-0.000965352
-0.0011673
-0.00135255
-0.00153993
-0.0015123
-0.00151207
-0.00151338
0.0818929
0.162346
0.142409
0.130861
0.117681
0.103795
0.0941616
0.0915223
0.0894409
-0.0304506
-0.0484016
-0.0626126
-0.0744462
-0.0804758
-0.0949425
-0.087626
-0.0763884
-0.0621998
-0.0457765
-0.0292679
-0.027257
-0.0254136
-0.0236799
-0.0220661
-0.0205676
-0.0191765
-0.0178855
-0.0166873
-0.0155753
-0.0145432
-0.0135854
-0.0126967
-0.0118719
-0.0111063
-0.0103958
-0.00973634
-0.00912422
-0.00855604
-0.00802863
-0.00753889
-0.00708354
-0.00666038
-0.00626737
-0.00590252
-0.00556388
-0.00524961
-0.00495799
-0.00468741
-0.00443627
-0.00420308
-0.00398287
-0.0037956
-0.0036235
-0.00346794
-0.00351236
-0.00332123
-0.00310463
-0.00344433
-0.00263608
-0.00243442
-0.00245902
-0.00234805
-0.00228723
-0.00221503
-0.00214689
-0.00208027
-0.00201686
-0.00195692
-0.00190059
-0.00184783
0.0265628
0.0299189
0.0209736
0.009459
0.00187715
-0.00446169
0.00118596
0.00834532
0.0126099
-0.0248505
-0.0513936
-0.0639936
-0.0738092
-0.0494572
-0.0289406
-0.0208001
-0.0179769
-0.0183831
-0.0115427
-0.00357853
0.00632923
0.0163434
0.0144289
0.0132859
0.0122253
0.0112029
0.00901424
0.0037065
0.000380025
-0.0138494
-0.00292195
0.00926182
0.00858075
0.00789887
0.00726707
0.00668174
0.00613906
0.00563579
0.00516903
0.00473617
0.0043348
0.00396276
0.00361803
0.00329872
0.00300303
0.0027293
0.00247598
0.00224162
0.00202483
0.00182434
0.00163911
0.0014604
0.00130084
-0.00134631
0.00185113
0.00153109
0.0010675
0.000666804
0.000548834
0.000422535
0.000312015
0.000245731
0.000145031
6.32615e-05
-7.24519e-06
-6.92172e-05
-0.000129583
-0.000188689
-0.000243444
-0.000304745
0.0195887
0.0234031
0.0132688
0.000584878
0.0086234
0.0801907
0.0668863
-0.00259185
-0.0160433
-0.023244
-0.021094
-0.0142759
-0.0115031
-0.0108315
-0.0101944
-0.00957596
-0.00896486
-0.0083974
-0.00786933
-0.00737782
-0.0069203
-0.00649433
-0.00609773
-0.00572839
-0.00539246
-0.00508512
-0.00479483
-0.004525
-0.00427471
-0.00404245
-0.00382701
-0.0036273
-0.00344202
-0.00327011
-0.00311063
-0.00296265
-0.00282537
-0.00269801
-0.00257932
-0.00246861
-0.00236552
-0.00226971
-0.00218081
-0.00209846
-0.00202223
-0.00195171
-0.00188756
-0.00182798
-0.00177256
-0.00172095
-0.00167406
-0.00164795
-0.00162389
-0.00581258
-0.00177477
-0.00117688
-0.00189427
-0.00233095
-0.00262706
-0.00285495
-0.000873258
-0.000944111
-0.00102633
-0.00105903
-0.00110775
-0.00110513
-0.00109607
-0.00108329
-0.00107602
-0.00107603
0.0784776
0.0835215
0.0741854
0.0625032
0.0496042
0.0390893
0.03632
0.0342205
-0.0287675
-0.0438098
-0.0616884
-0.0784015
-0.075022
-0.0680056
-0.0582212
-0.046266
-0.0325735
-0.0174659
-0.00616719
-0.0056667
-0.00524795
-0.00485714
-0.0044934
-0.00415506
-0.0038422
-0.0035524
-0.00328411
-0.00303585
-0.00280643
-0.0025948
-0.00239921
-0.00221848
-0.00205164
-0.00189764
-0.00175531
-0.0016239
-0.00150255
-0.00139042
-0.00128676
-0.00119086
-0.00110207
-0.00101976
-0.000943344
-0.000872364
-0.000806374
-0.000744993
-0.000687867
-0.00063468
-0.000585176
-0.000539085
-0.000495433
-0.000457211
-0.000415471
-0.000374136
-0.00121427
0.00172045
0.00527141
0.00925793
0.0135763
0.0181674
0.0286065
0.027852
0.0287723
0.00995764
0.000421678
-0.000694724
-0.00164425
-0.00194413
-0.00180575
-0.00171187
0.0217729
0.0297178
0.0186304
0.00548954
-0.00214745
-0.00496342
-0.00740888
-0.028191
-0.0476999
-0.0566195
-0.0549557
-0.048627
-0.0388636
-0.0265075
-0.0121452
0.0038121
0.00792125
0.00730388
0.00671822
0.0061766
0.00567489
0.00520967
0.00477798
0.00437727
0.00400522
0.00365973
0.00333887
0.00304085
0.00276402
0.00250698
0.00226819
0.00204623
0.00184005
0.00164853
0.00147058
0.00130525
0.00115164
0.00100893
0.000876428
0.000753288
0.000638885
0.000532733
0.000434172
0.00034254
0.00025724
0.00017775
0.000103633
3.44774e-05
-3.00502e-05
-9.02246e-05
-0.00014507
-0.000206583
-0.000271403
-0.000336199
-0.00031166
0.00354469
0.00691789
0.00554904
0.00271235
0.000861378
0.0159928
0.00019195
-0.000773256
-0.000810238
-0.00083679
-0.000838328
-0.000868794
-0.000899938
-0.00137983
-0.00348573
0.0148931
0.0128678
0.00477762
-0.00659427
-0.00266981
0.00718517
-0.0290259
-0.0692049
-0.0771395
-0.0583184
-0.0557869
-0.0499437
-0.0415533
-0.0311261
-0.0190364
-0.00556082
0.00909504
0.0228982
0.0212838
0.0197452
0.0183245
0.0170117
0.015795
0.0146697
0.0136294
0.0126676
0.0117193
0.0108349
0.0100137
0.00925127
0.00854342
0.00788612
0.00727587
0.00670939
0.0061836
0.00569566
0.00524298
0.00482313
0.00443384
0.00407302
0.00373873
0.00342917
0.00314266
0.00287756
0.00263237
0.00240564
0.00219606
0.00200233
0.00182274
0.00165681
0.00150477
0.00136589
0.00124401
-0.00153424
0.0015695
0.00142049
0.00094115
0.000651152
0.000642872
0.00181976
0.00193926
0.00112991
0.000364443
2.46974e-06
0.000134647
-3.15198e-05
-0.000132179
-0.000179775
-0.000110614
-0.000166282
0.00662068
0.00367223
-0.0018026
-0.00345239
-0.00400117
-0.00823969
-0.0070167
-0.0032777
-0.00312438
-0.00274784
-0.00228246
-0.00174029
-0.0009996
-1.97324e-05
0.0012194
0.00278511
0.0047276
0.00711978
0.0100758
0.0140362
0.00512733
0.000983439
-0.00880294
-0.00152669
-0.00147859
-0.0014687
-0.00145791
-0.00144638
-0.00143439
-0.00142212
-0.00140981
-0.0013975
-0.00138524
-0.00137319
-0.00136152
-0.00135035
-0.00133979
-0.00132994
-0.0013209
-0.00131272
-0.00130543
-0.001299
-0.00129331
-0.00128833
-0.00128398
-0.00128018
-0.00127685
-0.00127388
-0.00127117
-0.00126871
-0.00126726
-0.00128139
-0.00129472
-0.00556243
-0.00204558
-0.00147017
-0.00177424
-0.00182477
-0.00194789
-0.00171554
-0.0015184
-0.00134136
-0.00156282
-0.00155075
-0.00150373
-0.0014423
-0.00115027
-0.00141559
-0.00142691
-0.00140857
0.00631136
0.00438623
-0.00128582
-0.00157614
-0.000834272
0.00615023
-0.0278446
-0.0376393
-0.0350135
-0.0274909
-0.0144304
-0.00835386
-0.00781521
-0.00125144
0.00765861
0.0130627
0.0215304
0.0132979
0.0066099
0.00593735
0.00539987
0.00489115
0.00403918
0.0024328
1.98639e-05
-0.00338956
-0.00863
0.0022329
0.00572986
0.00272555
-0.00903088
0.00251579
0.00230111
0.00205457
0.00182642
0.00161533
0.00141995
0.0012392
0.00107207
0.000917667
0.000775176
0.000643819
0.000522902
0.000411671
0.000309473
0.000215658
0.000129592
5.07096e-05
-2.15258e-05
-8.76216e-05
-0.000146694
-0.000198586
-0.000239406
-0.00295486
0.000237294
0.000155529
-0.000267781
-0.000504712
-0.000630109
-0.000631398
-0.000732762
-0.000778681
-0.000816514
-0.000831576
-0.00080023
-0.000862756
-0.000898572
-0.000925265
-0.000949142
-0.000971477
0.0190516
0.0226579
0.0123353
0.00342945
-0.00191507
0.00129137
0.00827175
-0.00758015
-0.0295458
-0.0448195
-0.0485954
-0.0392272
-0.0260507
-0.0112917
0.0038611
0.00455242
0.00385431
0.00319534
0.00258178
0.00200401
0.00032118
-0.0024891
-0.00669929
-0.0148222
-0.00392606
-3.73907e-05
-0.000204167
0.00015229
0.00214906
0.0062023
0.0179096
0.0097477
0.00200284
-0.0011827
-0.00136681
-0.00167217
-0.00261772
-0.00423683
-0.0066076
-0.00991668
-0.0147849
-0.0162405
-0.0297876
-0.017469
-0.000785986
0.00125591
0.000977326
0.000706932
0.000455323
0.000220327
-4.85235e-06
-0.0290572
-0.0153999
-0.0170608
-0.0161967
-0.0138466
-0.0105845
-0.00672642
-0.00245013
0.00214463
0.00701615
0.0121489
0.0175315
0.0231607
0.0290372
0.0351468
0.0292503
0.0260191
0.0229507
0.0200755
0.107255
0.1923
0.274808
0.263573
0.259324
0.254307
0.249209
0.235197
0.221947
0.208704
0.195404
0.0859604
-0.0555823
-0.0987871
-0.138365
-0.150648
-0.158309
-0.161823
-0.106095
