5.08947e-06
2.20501e-05
5.27902e-05
9.73025e-05
0.000154974
0.000224975
0.000306442
0.00039856
0.000500567
0.000611722
0.000731307
0.000858632
0.000993032
0.00113387
0.00128054
0.00143246
0.00158908
0.00174989
0.0019144
0.00208213
0.00225267
0.0024256
0.00260055
0.00277715
0.00295507
0.00313402
0.0033137
0.00349386
0.00367425
0.00385467
0.00403491
0.00421479
0.00439414
0.00457282
0.00475071
0.00492767
0.00510361
0.00527843
0.00545204
0.00562437
0.00579534
0.00596489
0.00613296
0.0062995
0.00646445
0.00662778
0.00678944
0.00694938
0.00710757
0.00726398
0.00741856
0.00757127
0.0077221
0.00787099
0.00801792
0.00816285
0.00830576
0.00844661
0.00858537
0.008722
0.00885648
0.00898877
0.00911884
0.00924666
0.0093722
0.00949542
0.00961629
0.00973478
0.00985086
0.00996449
0.0100756
0.0101843
0.0102905
0.0103944
0.010496
0.0105955
0.0106926
0.0107875
0.0108802
0.0109706
0.0110587
0.0111445
0.0112281
0.0113095
0.0113886
0.0114655
0.0115401
0.0116127
0.011683
0.0117512
0.0118173
0.0118813
0.0119433
0.0120031
0.012061
0.0121169
0.0121708
0.0122227
0.0122727
0.0123208
0.012367
0.0124114
0.0124539
0.0124946
0.0125335
0.0125707
0.0126061
0.0126398
0.0126719
0.0127022
0.012731
0.0127581
0.0127836
0.0128076
0.01283
0.012851
0.0128704
0.0128884
0.012905
0.0129203
0.0129342
0.0129469
0.0129584
0.0129688
0.0129781
0.0129866
0.0129941
0.0130008
0.0130068
0.013012
0.0130166
0.0130206
0.013024
0.0130269
0.0130293
0.0130313
0.0130329
0.013034
0.0130348
0.0130353
0.0130354
0.0130352
0.0130348
0.0130343
0.013034
0.0130341
0.0130348
0.0130363
0.0130387
0.0130422
0.0130467
0.0130522
0.0130586
0.0130658
0.0130738
0.0130825
0.0130918
0.0131017
0.0131121
0.013123
0.0131343
0.013146
0.013158
0.0131703
0.0131829
0.0131957
0.0132087
0.0132218
0.0132351
0.0132485
0.013262
0.0132756
0.0132892
0.0133029
0.0133165
0.0133302
0.0133439
0.0133575
0.0133711
0.0133846
0.0133981
0.0134115
0.0134248
0.013438
0.0134512
0.0134642
0.0134771
0.0134899
0.0135025
0.013515
0.0135274
0.0135397
0.0135518
0.0135637
0.0135756
0.0135873
0.0135988
0.0136102
0.0136215
0.0136327
0.0136437
0.0136545
0.0136652
0.0136758
0.0136862
0.0136964
0.0137065
0.0137165
0.0137262
0.0137359
0.0137453
0.0137547
0.0137639
0.0137731
0.0137824
0.0137917
0.0138012
0.0138108
0.0138205
0.0138302
0.0138399
0.0138496
0.0138591
0.0138683
0.0138773
0.013886
0.0138943
0.0139022
0.0139098
0.0139171
0.0139241
0.0139307
0.0139371
0.0139431
0.0139489
0.0139544
0.0139597
0.0139648
0.0139696
0.0139742
0.0139785
0.0139827
0.0139866
0.0139904
0.013994
0.0139974
0.0140006
0.0140037
0.0140066
0.0140094
0.014012
0.0140144
0.0140168
0.014019
0.0140211
0.014023
0.0140249
0.0140266
0.0140282
0.0140298
0.0140312
0.0140326
0.0140338
0.014035
0.0140362
0.0140373
0.0140383
0.0140394
0.0140404
0.0140413
0.0140423
0.0140432
0.0140442
0.0140451
0.0140461
0.014047
0.014048
0.014049
0.01405
0.014051
0.0140521
0.0140532
0.0140543
0.0140556
0.0140571
0.0140589
0.0140612
0.0140639
0.0140671
0.0140708
0.014075
0.0140797
0.0140847
0.01409
0.0140955
0.0141012
0.014107
0.0141129
0.014119
0.0141251
0.0141314
0.0141377
0.014144
0.0141505
0.014157
0.0141635
0.0141701
0.0141768
0.0141834
0.0141901
0.0141969
0.0142036
0.0142104
0.0142171
0.0142239
0.0142307
0.0142375
0.0142443
0.0142511
0.0142578
0.0142646
0.0142713
0.0142781
0.0142848
0.0142915
0.0142981
0.0143048
0.0143114
0.014318
0.0143245
0.0143311
0.0143376
0.014344
0.0143504
0.0143568
0.0143631
0.0143694
0.0143757
0.0143819
0.0143881
0.0143943
0.0144004
0.0144064
0.0144125
0.0144185
0.0144244
0.0144304
0.0144363
0.0144422
0.014448
0.0144538
0.0144596
0.0144653
0.0144711
0.0144772
0.0144839
0.0144913
0.0144996
0.014509
0.0145196
0.0145314
0.0145446
0.0145588
0.0145742
0.0145907
0.014608
0.0146262
0.0146451
0.0146646
0.0146846
0.0147051
0.0147259
0.0147472
0.0147687
0.0147905
0.0148126
0.0148348
0.0148572
0.0148798
0.0149025
0.0149252
0.0149481
0.0149709
0.0149938
0.0150166
0.0150395
0.0150622
0.0150849
0.0151075
0.01513
0.0151524
0.0151746
0.0151967
0.0152186
0.0152403
0.0152618
0.0152831
0.0153042
0.015325
0.0153456
0.015366
0.0153861
0.015406
0.0154256
0.0154449
0.015464
0.0154828
0.0155013
0.0155196
0.0155376
0.0155554
0.0155728
0.01559
0.015607
0.0156236
0.0156401
0.0156563
0.0156722
0.0156879
0.0157033
0.0157186
0.0157336
0.0157484
0.0157631
0.0157777
0.0157923
0.015807
0.0158216
0.0158362
0.0158508
0.0158653
0.0158796
0.0158936
0.0159072
0.0159202
0.0159327
0.0159446
0.0159559
0.0159668
0.0159771
0.015987
0.0159963
0.0160052
0.0160137
0.0160217
0.0160292
0.0160363
0.0160431
0.0160495
0.0160555
0.0160612
0.0160665
0.0160715
0.0160762
0.0160805
0.0160846
0.0160883
0.0160918
0.0160951
0.0160981
0.0161009
0.0161034
0.0161058
0.0161079
0.0161099
0.0161117
0.0161134
0.0161149
0.0161163
0.0161175
0.0161187
0.0161197
0.0161207
0.0161215
0.0161223
0.016123
0.0161237
0.0161243
0.0161248
0.0161253
0.0161258
0.0161263
0.0161267
0.0161271
0.0161275
0.016128
0.0161284
0.0161288
0.0161292
0.0161296
0.0161301
0.0161306
0.0161312
0.0161319
0.0161329
0.0161342
0.0161356
0.0161373
0.0161394
0.0161417
0.0161443
0.0161472
0.0161504
0.0161538
0.0161574
0.0161612
0.0161653
0.0161695
0.016174
0.0161786
0.0161833
0.0161882
0.0161933
0.0161985
0.0162038
0.0162093
0.0162148
0.0162205
0.0162263
0.0162322
0.0162381
0.0162442
0.0162503
0.0162565
0.0162628
0.0162691
0.0162755
0.016282
0.0162885
0.016295
0.0163016
0.0163083
0.016315
0.0163217
0.0163285
0.0163353
0.0163421
0.016349
0.0163558
0.0163627
0.0163696
0.0163765
0.0163835
0.0163904
0.0163974
0.0164043
0.0164113
0.0164182
0.0164252
0.0164321
0.0164391
0.016446
0.0164529
0.0164599
0.0164668
0.0164737
0.0164806
0.0164875
0.0164943
0.0165012
0.016508
0.0165149
0.0165218
0.0165289
0.0165363
0.0165443
0.0165529
0.016562
0.0165719
0.0165825
0.0165938
0.0166057
0.0166182
0.0166311
0.0166445
0.0166581
0.0166719
0.016686
0.0167001
0.0167143
0.0167285
0.0167428
0.0167572
0.0167715
0.0167859
0.0168003
0.0168146
0.016829
0.0168433
0.0168576
0.0168718
0.0168861
0.0169002
0.0169143
0.0169283
0.0169423
0.0169562
0.01697
0.0169837
0.0169973
0.0170108
0.0170242
0.0170375
0.0170507
0.0170638
0.0170767
0.0170896
0.0171023
0.0171149
0.0171274
0.0171397
0.0171519
0.017164
0.0171759
0.0171878
0.0171994
0.017211
0.0172224
0.0172338
0.0172449
0.017256
0.017267
0.0172778
0.0172884
0.017299
0.0173094
0.0173197
0.0173299
0.01734
0.0173499
0.0173597
0.0173695
0.0173791
0.0173888
0.0173985
0.0174083
0.0174183
0.0174284
0.0174386
0.0174488
0.0174591
0.0174695
0.0174797
0.0174898
0.0174997
0.0175095
0.017519
0.0175283
0.0175374
0.0175463
0.017555
0.0175635
0.0175718
0.0175799
0.0175879
0.0175958
0.0176034
0.017611
0.0176184
0.0176257
0.0176329
0.0176399
0.0176469
0.0176537
0.0176604
0.017667
0.0176736
0.01768
0.0176864
0.0176926
0.0176988
0.0177049
0.017711
0.017717
0.0177229
0.0177287
0.0177345
0.0177402
0.0177459
0.0177516
0.0177572
0.0177627
0.0177682
0.0177737
0.0177792
0.0177846
0.01779
0.0177953
0.0178007
0.017806
0.0178113
0.0178166
0.0178218
0.0178271
0.0178324
0.0178376
0.0178428
0.0178481
0.0178533
0.0178585
0.0178638
0.017869
0.0178743
0.0178798
0.0178854
0.0178912
0.0178972
0.0179033
0.0179095
0.0179156
0.0179217
0.0179277
0.0179334
0.0179388
0.017944
0.0179487
0.0179531
0.017957
0.0179606
0.0179638
0.0179666
0.0179692
0.0179714
0.0179734
0.0179751
0.0179766
0.0179779
0.017979
0.0179799
0.0179807
0.0179814
0.0179819
0.0179824
0.0179827
0.017983
0.0179832
0.0179833
0.0179835
0.0179835
0.0179836
0.0179836
0.0179837
0.0179837
0.0179838
0.0179839
0.017984
0.0179841
0.0179843
0.0179845
0.0179848
0.0179852
0.0179856
0.0179861
0.0179867
0.0179873
0.017988
0.0179888
0.0179897
0.0179906
0.0179917
0.0179929
0.0179941
0.0179954
0.0179969
0.0179984
0.018
0.0180017
0.0180035
0.0180054
0.0180074
0.0180095
0.0180117
0.0180141
0.0180165
0.0180191
0.0180219
0.0180248
0.0180279
0.0180311
0.0180344
0.0180379
0.0180415
0.0180453
0.0180492
0.0180532
0.0180573
0.0180616
0.018066
0.0180705
0.0180751
0.0180799
0.0180847
0.0180897
0.0180947
0.0180999
0.0181051
0.0181104
0.0181159
0.0181214
0.018127
0.0181327
0.0181384
0.0181443
0.0181502
0.0181562
0.0181623
0.0181685
0.0181748
0.0181811
0.0181875
0.018194
0.0182005
0.0182071
0.0182138
0.0182206
0.0182274
0.0182343
0.0182413
0.0182483
0.0182554
0.0182625
0.0182697
0.0182769
0.0182842
0.0182916
0.018299
0.0183064
0.0183139
0.0183214
0.018329
0.0183366
0.0183442
0.0183519
0.0183596
0.0183673
0.0183751
0.0183829
0.0183907
0.0183985
0.0184064
0.0184142
0.0184221
0.0184301
0.0184381
0.0184462
0.0184544
0.0184627
0.0184709
0.0184792
0.0184873
0.0184953
0.0185032
0.0185108
0.0185183
0.0185256
0.0185328
0.0185399
0.0185468
0.0185535
0.0185602
0.0185668
0.0185732
0.0185796
0.0185858
0.018592
0.0185982
0.0186042
0.0186103
0.0186162
0.0186221
0.018628
0.0186339
0.0186397
0.0186455
0.0186512
0.0186569
0.0186626
0.0186683
0.018674
0.0186796
0.0186853
0.0186909
0.0186966
0.0187022
0.0187078
0.0187135
0.0187192
0.0187249
0.0187306
0.0187363
0.018742
0.0187478
0.0187536
0.0187594
0.0187653
0.0187711
0.018777
0.018783
0.018789
0.018795
0.018801
0.0188071
0.0188132
0.0188194
0.0188256
0.0188318
0.0188381
0.0188444
0.0188507
0.0188571
0.0188636
0.0188701
0.0188767
0.0188835
0.0188905
0.0188978
0.0189054
0.0189131
0.0189212
0.0189294
0.0189378
0.0189464
0.0189549
0.0189635
0.018972
0.0189804
0.0189888
0.0189972
0.0190055
0.0190138
0.019022
0.0190303
0.0190385
0.0190468
0.019055
0.0190633
0.0190716
0.0190799
0.0190882
0.0190965
0.0191049
0.0191133
0.0191217
0.0191301
0.0191386
0.0191471
0.0191556
0.0191641
0.0191727
0.0191813
0.01919
0.0191986
0.0192073
0.0192161
0.0192248
0.0192335
0.0192421
0.0192508
0.0192594
0.019268
0.0192766
0.0192852
0.0192937
0.0193023
0.0193108
0.0193194
0.0193279
0.0193364
0.019345
0.0193535
0.019362
0.0193705
0.019379
0.0193875
0.019396
0.0194045
0.019413
0.0194214
0.0194299
0.0194383
0.0194468
0.0194552
0.0194636
0.0194721
0.0194807
0.0194897
0.0194997
0.0195109
0.0195236
0.0195382
0.019555
0.0195741
0.0195956
0.0196197
0.0196463
0.0196751
0.0197059
0.0197386
0.0197727
0.0198082
