9.98019e-07
3.73705e-06
7.72339e-06
1.26162e-05
1.80118e-05
2.34698e-05
2.87919e-05
3.37448e-05
3.80809e-05
4.16069e-05
4.41552e-05
4.56041e-05
4.57992e-05
4.45829e-05
4.1803e-05
3.73149e-05
3.09822e-05
2.26771e-05
1.22797e-05
-3.21075e-07
-1.52283e-05
-3.25367e-05
-5.23318e-05
-7.46897e-05
-9.96732e-05
-0.000127331
-0.0001577
-0.000190803
-0.000226653
-0.000265259
-0.00030662
-0.000350728
-0.00039757
-0.000447128
-0.000499379
-0.000554299
-0.000611869
-0.000672071
-0.000734892
-0.000800322
-0.000868346
-0.000938937
-0.00101206
-0.00108764
-0.0011656
-0.00124584
-0.00132823
-0.00141268
-0.00149904
-0.00158719
-0.001677
-0.00176834
-0.00186107
-0.00195507
-0.00205019
-0.00214632
-0.00224333
-0.00234109
-0.00243949
-0.00253839
-0.00263768
-0.00273724
-0.00283696
-0.00293674
-0.00303645
-0.003136
-0.00323528
-0.00333419
-0.00343264
-0.00353054
-0.00362779
-0.0037243
-0.00382001
-0.00391482
-0.00400867
-0.00410148
-0.00419319
-0.00428375
-0.00437309
-0.00446116
-0.00454792
-0.00463331
-0.00471731
-0.00479987
-0.00488096
-0.00496056
-0.00503864
-0.00511517
-0.00519014
-0.00526353
-0.00533534
-0.00540554
-0.00547415
-0.00554114
-0.00560653
-0.00567032
-0.0057325
-0.0057931
-0.00585211
-0.00590955
-0.00596544
-0.00601979
-0.00607262
-0.00612394
-0.00617379
-0.00622219
-0.00626916
-0.00631473
-0.00635893
-0.00640178
-0.00644332
-0.00648357
-0.00652259
-0.00656038
-0.006597
-0.00663247
-0.00666683
-0.00670012
-0.00673237
-0.00676362
-0.00679391
-0.00682327
-0.00685175
-0.00687938
-0.0069062
-0.00693225
-0.00695756
-0.00698218
-0.00700614
-0.00702949
-0.00705226
-0.00707449
-0.00709623
-0.0071175
-0.00713834
-0.00715879
-0.00717888
-0.00719864
-0.0072181
-0.0072373
-0.00725624
-0.00727497
-0.00729351
-0.00731187
-0.00733008
-0.00734817
-0.00736616
-0.00738407
-0.00740192
-0.00741973
-0.00743752
-0.0074553
-0.0074731
-0.00749091
-0.00750877
-0.00752668
-0.00754466
-0.00756272
-0.00758087
-0.00759911
-0.00761746
-0.00763593
-0.00765452
-0.00767324
-0.00769209
-0.00771109
-0.00773023
-0.00774951
-0.00776895
-0.00778854
-0.00780829
-0.00782818
-0.00784824
-0.00786844
-0.0078888
-0.00790931
-0.00792997
-0.00795077
-0.00797172
-0.00799281
-0.00801403
-0.00803538
-0.00805686
-0.00807847
-0.00810018
-0.00812201
-0.00814394
-0.00816597
-0.00818809
-0.0082103
-0.00823258
-0.00825494
-0.00827736
-0.00829984
-0.00832237
-0.00834494
-0.00836754
-0.00839018
-0.00841283
-0.0084355
-0.00845817
-0.00848083
-0.00850349
-0.00852613
-0.00854874
-0.00857131
-0.00859385
-0.00861634
-0.00863878
-0.00866116
-0.00868348
-0.00870572
-0.00872788
-0.00874997
-0.00877197
-0.00879389
-0.00881571
-0.00883744
-0.00885907
-0.00888059
-0.00890201
-0.00892332
-0.00894452
-0.0089656
-0.00898657
-0.00900741
-0.00902813
-0.00904872
-0.00906919
-0.00908952
-0.00910971
-0.00912977
-0.00914968
-0.00916945
-0.00918908
-0.00920857
-0.0092279
-0.00924709
-0.00926613
-0.00928502
-0.00930375
-0.00932234
-0.00934077
-0.00935906
-0.00937719
-0.00939517
-0.009413
-0.00943068
-0.00944821
-0.00946559
-0.00948283
-0.00949991
-0.00951686
-0.00953365
-0.00955031
-0.00956683
-0.0095832
-0.00959944
-0.00961554
-0.00963151
-0.00964735
-0.00966306
-0.00967864
-0.0096941
-0.00970944
-0.00972465
-0.00973975
-0.00975473
-0.0097696
-0.00978435
-0.009799
-0.00981353
-0.00982796
-0.00984229
-0.00985651
-0.00987064
-0.00988466
-0.0098986
-0.00991244
-0.00992619
-0.00993985
-0.00995343
-0.00996692
-0.00998034
-0.00999367
-0.0100069
-0.0100201
-0.0100332
-0.0100462
-0.0100592
-0.0100721
-0.0100849
-0.0100976
-0.0101103
-0.0101229
-0.0101354
-0.0101479
-0.0101603
-0.0101726
-0.0101849
-0.0101972
-0.0102094
-0.0102215
-0.0102336
-0.0102456
-0.0102576
-0.0102696
-0.0102815
-0.0102934
-0.0103052
-0.010317
-0.0103288
-0.0103405
-0.0103522
-0.0103639
-0.0103755
-0.0103871
-0.0103987
-0.0104103
-0.0104218
-0.0104333
-0.0104448
-0.0104563
-0.0104678
-0.0104792
-0.0104906
-0.010502
-0.0105134
-0.0105247
-0.0105361
-0.0105474
-0.0105587
-0.01057
-0.0105813
-0.0105926
-0.0106038
-0.0106151
-0.0106263
-0.0106375
-0.0106487
-0.0106599
-0.0106711
-0.0106822
-0.0106934
-0.0107045
-0.0107157
-0.0107268
-0.0107379
-0.010749
-0.0107601
-0.0107712
-0.0107822
-0.0107933
-0.0108043
-0.0108154
-0.0108264
-0.0108374
-0.0108484
-0.0108594
-0.0108704
-0.0108814
-0.0108924
-0.0109034
-0.0109143
-0.0109253
-0.0109363
-0.0109473
-0.0109583
-0.0109693
-0.0109804
-0.0109914
-0.0110025
-0.0110135
-0.0110246
-0.0110357
-0.0110468
-0.011058
-0.0110691
-0.0110803
-0.0110914
-0.0111026
-0.0111138
-0.011125
-0.0111362
-0.0111475
-0.0111587
-0.0111699
-0.0111812
-0.0111924
-0.0112037
-0.0112149
-0.0112262
-0.0112375
-0.0112487
-0.01126
-0.0112712
-0.0112824
-0.0112937
-0.0113049
-0.0113161
-0.0113273
-0.0113386
-0.0113497
-0.0113609
-0.0113721
-0.0113832
-0.0113944
-0.0114055
-0.0114166
-0.0114277
-0.0114388
-0.0114498
-0.0114608
-0.0114718
-0.0114828
-0.0114938
-0.0115047
-0.0115157
-0.0115265
-0.0115374
-0.0115483
-0.0115591
-0.0115699
-0.0115807
-0.0115914
-0.0116021
-0.0116128
-0.0116234
-0.011634
-0.0116446
-0.0116551
-0.0116656
-0.011676
-0.0116864
-0.0116968
-0.0117071
-0.0117173
-0.0117275
-0.0117377
-0.0117478
-0.0117579
-0.011768
-0.011778
-0.0117879
-0.0117979
-0.0118077
-0.0118176
-0.0118274
-0.0118372
-0.0118469
-0.0118566
-0.0118663
-0.0118759
-0.0118855
-0.0118951
-0.0119047
-0.0119142
-0.0119237
-0.0119332
-0.0119426
-0.011952
-0.0119614
-0.0119708
-0.0119802
-0.0119895
-0.0119988
-0.0120081
-0.0120174
-0.0120267
-0.012036
-0.0120452
-0.0120545
-0.0120637
-0.0120729
-0.0120821
-0.0120913
-0.0121005
-0.0121097
-0.0121189
-0.0121281
-0.0121373
-0.0121464
-0.0121556
-0.0121648
-0.012174
-0.0121831
-0.0121923
-0.0122015
-0.0122107
-0.0122199
-0.0122291
-0.0122383
-0.0122474
-0.0122566
-0.0122658
-0.0122751
-0.0122843
-0.0122935
-0.0123027
-0.012312
-0.0123213
-0.0123306
-0.0123399
-0.0123492
-0.0123586
-0.012368
-0.0123774
-0.0123868
-0.0123963
-0.0124058
-0.0124153
-0.0124248
-0.0124344
-0.012444
-0.0124536
-0.0124632
-0.0124729
-0.0124826
-0.0124923
-0.012502
-0.0125118
-0.0125215
-0.0125313
-0.0125411
-0.012551
-0.0125608
-0.0125707
-0.0125806
-0.0125905
-0.0126004
-0.0126103
-0.0126203
-0.0126302
-0.0126402
-0.0126502
-0.0126602
-0.0126702
-0.0126802
-0.0126902
-0.0127002
-0.0127102
-0.0127203
-0.0127303
-0.0127403
-0.0127504
-0.0127604
-0.0127705
-0.0127805
-0.0127906
-0.0128006
-0.0128106
-0.0128207
-0.0128307
-0.0128408
-0.0128508
-0.0128608
-0.0128709
-0.0128809
-0.0128909
-0.0129009
-0.012911
-0.012921
-0.012931
-0.0129409
-0.0129509
-0.0129608
-0.0129708
-0.0129807
-0.0129905
-0.0130004
-0.0130102
-0.01302
-0.0130297
-0.0130394
-0.0130491
-0.0130588
-0.0130684
-0.0130781
-0.0130877
-0.0130973
-0.0131068
-0.0131164
-0.0131259
-0.0131354
-0.0131449
-0.0131544
-0.0131639
-0.0131734
-0.0131828
-0.0131923
-0.0132017
-0.0132111
-0.0132206
-0.01323
-0.0132394
-0.0132488
-0.0132581
-0.0132675
-0.0132769
-0.0132863
-0.0132956
-0.013305
-0.0133144
-0.0133237
-0.0133331
-0.0133424
-0.0133518
-0.0133612
-0.0133705
-0.0133799
-0.0133892
-0.0133986
-0.013408
-0.0134174
-0.0134267
-0.0134361
-0.0134455
-0.0134549
-0.0134643
-0.0134737
-0.0134831
-0.0134925
-0.0135019
-0.0135114
-0.0135208
-0.0135302
-0.0135396
-0.0135491
-0.0135585
-0.013568
-0.0135774
-0.0135869
-0.0135963
-0.0136058
-0.0136153
-0.0136247
-0.0136342
-0.0136437
-0.0136533
-0.0136628
-0.0136724
-0.013682
-0.0136916
-0.0137012
-0.0137109
-0.0137206
-0.0137304
-0.0137401
-0.01375
-0.0137598
-0.0137697
-0.0137796
-0.0137895
-0.0137995
-0.0138095
-0.0138195
-0.0138296
-0.0138396
-0.0138497
-0.0138599
-0.01387
-0.0138802
-0.0138903
-0.0139005
-0.0139108
-0.013921
-0.0139313
-0.0139415
-0.0139518
-0.0139621
-0.0139724
-0.0139828
-0.0139931
-0.0140034
-0.0140138
-0.0140242
-0.0140345
-0.0140449
-0.0140553
-0.0140657
-0.0140761
-0.0140865
-0.0140969
-0.0141073
-0.0141177
-0.0141281
-0.0141386
-0.014149
-0.0141594
-0.0141698
-0.0141802
-0.0141907
-0.0142011
-0.0142115
-0.0142219
-0.0142323
-0.0142427
-0.0142531
-0.0142635
-0.0142739
-0.0142843
-0.0142947
-0.0143051
-0.0143155
-0.0143259
-0.0143362
-0.0143466
-0.0143569
-0.0143672
-0.0143776
-0.0143878
-0.0143981
-0.0144084
-0.0144187
-0.0144289
-0.0144392
-0.0144494
-0.0144597
-0.0144699
-0.0144801
-0.0144904
-0.0145006
-0.0145108
-0.014521
-0.0145312
-0.0145414
-0.0145516
-0.0145618
-0.0145719
-0.0145821
-0.0145923
-0.0146024
-0.0146126
-0.0146227
-0.0146328
-0.014643
-0.0146531
-0.0146632
-0.0146733
-0.0146834
-0.0146936
-0.0147037
-0.0147138
-0.0147239
-0.014734
-0.0147441
-0.0147542
-0.0147643
-0.0147744
-0.0147845
-0.0147946
-0.0148047
-0.0148148
-0.0148249
-0.014835
-0.0148451
-0.0148552
-0.0148654
-0.0148755
-0.0148856
-0.0148957
-0.0149059
-0.014916
-0.0149262
-0.0149364
-0.0149465
-0.0149567
-0.0149669
-0.0149771
-0.0149873
-0.0149975
-0.0150077
-0.015018
-0.0150282
-0.0150384
-0.0150487
-0.015059
-0.0150693
-0.0150797
-0.01509
-0.0151004
-0.0151108
-0.0151212
-0.0151317
-0.0151422
-0.0151527
-0.0151632
-0.0151738
-0.0151843
-0.0151949
-0.0152056
-0.0152162
-0.0152269
-0.0152376
-0.0152483
-0.015259
-0.0152697
-0.0152805
-0.0152913
-0.015302
-0.0153129
-0.0153237
-0.0153345
-0.0153454
-0.0153562
-0.0153671
-0.015378
-0.015389
-0.0153999
-0.0154108
-0.0154218
-0.0154327
-0.0154437
-0.0154547
-0.0154657
-0.0154767
-0.0154877
-0.0154987
-0.0155098
-0.0155208
-0.0155319
-0.0155429
-0.015554
-0.0155651
-0.0155761
-0.0155872
-0.0155983
-0.0156094
-0.0156205
-0.0156316
-0.0156427
-0.0156538
-0.015665
-0.0156761
-0.0156872
-0.0156984
-0.0157095
-0.0157206
-0.0157318
-0.0157429
-0.0157541
-0.0157652
-0.0157764
-0.0157876
-0.0157987
-0.0158099
-0.015821
-0.0158322
-0.0158433
-0.0158544
-0.0158655
-0.0158766
-0.0158877
-0.0158988
-0.0159099
-0.015921
-0.0159321
-0.0159431
-0.0159542
-0.0159652
-0.0159763
-0.0159873
-0.0159983
-0.0160093
-0.0160203
-0.0160314
-0.0160423
-0.0160533
-0.0160643
-0.0160753
-0.0160863
-0.0160973
-0.0161083
-0.0161193
-0.0161302
-0.0161412
-0.0161522
-0.0161632
-0.0161742
-0.0161852
-0.0161961
-0.0162071
-0.0162181
-0.0162291
-0.0162401
-0.0162511
-0.0162621
-0.0162732
-0.0162842
-0.0162952
-0.0163062
-0.0163173
-0.0163283
-0.0163394
-0.0163505
-0.0163615
-0.0163726
-0.0163837
-0.0163948
-0.0164059
-0.016417
-0.0164282
-0.0164393
-0.0164505
-0.0164616
-0.0164728
-0.016484
-0.0164952
-0.0165064
-0.0165176
-0.0165288
-0.0165401
-0.0165513
-0.0165626
-0.0165738
-0.0165851
-0.0165964
-0.0166078
-0.0166191
-0.0166305
-0.0166419
-0.0166534
-0.0166649
-0.0166765
-0.0166881
-0.0166998
-0.0167116
-0.0167234
-0.0167353
-0.0167473
-0.0167593
-0.0167714
-0.0167836
-0.0167959
-0.0168082
-0.0168206
-0.016833
-0.0168456
-0.0168582
-0.0168709
-0.0168836
-0.0168965
-0.0169093
-0.0169223
-0.0169353
-0.0169483
-0.0169614
-0.0169745
-0.0169877
-0.017001
-0.0170143
-0.0170276
-0.0170409
-0.0170543
-0.0170677
-0.0170812
-0.0170947
-0.0171082
-0.0171217
-0.0171353
-0.0171489
-0.0171625
-0.0171761
-0.0171897
-0.0172034
-0.0172171
-0.0172307
-0.0172444
-0.0172581
-0.0172718
-0.0172855
-0.0172992
-0.0173129
-0.0173266
-0.0173403
-0.017354
-0.0173677
-0.0173813
-0.017395
-0.0174086
-0.0174222
-0.0174358
-0.0174494
-0.017463
-0.0174764
-0.0174898
-0.0175031
-0.0175163
-0.0175293
-0.0175422
-0.0175549
-0.0175674
-0.0175797
-0.0175918
-0.0176037
-0.0176154
-0.017627
-0.0176385
-0.0176498
-0.017661
