0.000199604
0.000348203
0.000449066
0.000529504
0.000549604
0.000541995
0.000522439
0.000468134
0.000399084
0.000306108
0.000203566
8.62028e-05
-4.71742e-05
-0.000196094
-0.000359886
-0.000537732
-0.000728796
-0.000932241
-0.00114723
-0.00137293
-0.00160851
-0.00185317
-0.00210585
-0.00236574
-0.00263096
-0.00290067
-0.0031731
-0.0034474
-0.00372275
-0.00399841
-0.00427368
-0.00454792
-0.00482056
-0.00509109
-0.00535907
-0.00562493
-0.00588897
-0.00615149
-0.00641277
-0.00667313
-0.00693177
-0.00718635
-0.00743738
-0.00767946
-0.00791262
-0.00813442
-0.00834519
-0.00854361
-0.00872912
-0.00890149
-0.00906065
-0.00920662
-0.00933944
-0.00945923
-0.0095661
-0.00966019
-0.00974169
-0.00981076
-0.00986761
-0.00991247
-0.00994557
-0.00996716
-0.0099775
-0.00997688
-0.00996557
-0.00994388
-0.00991212
-0.00987059
-0.00981962
-0.00975955
-0.00969054
-0.00961297
-0.00952758
-0.00943469
-0.00933468
-0.00922795
-0.00911495
-0.0089961
-0.00887182
-0.00874253
-0.00860865
-0.00847059
-0.00832874
-0.00818349
-0.00803519
-0.00788421
-0.00773088
-0.00757555
-0.00741854
-0.00726018
-0.00710078
-0.00694063
-0.00678004
-0.00661929
-0.00645865
-0.00629839
-0.00613876
-0.00598
-0.00582236
-0.00566607
-0.00551133
-0.00535834
-0.0052073
-0.0050584
-0.00491181
-0.00476769
-0.00462619
-0.00448745
-0.00435162
-0.00421879
-0.00408909
-0.00396261
-0.00383945
-0.0037197
-0.00360342
-0.00349068
-0.00338153
-0.00327603
-0.00317421
-0.00307609
-0.00298175
-0.00289119
-0.00280441
-0.00272145
-0.00264232
-0.00256706
-0.00249568
-0.0024282
-0.00236462
-0.00230494
-0.00224915
-0.00219732
-0.00214926
-0.00210482
-0.00206387
-0.00202625
-0.00199182
-0.00196045
-0.001932
-0.00190633
-0.00188325
-0.0018625
-0.00184414
-0.00182826
-0.00181475
-0.00180352
-0.00179445
-0.00178749
-0.00178255
-0.00177944
-0.00177806
-0.00177832
-0.00178016
-0.00178348
-0.0017882
-0.00179423
-0.00180147
-0.00180983
-0.00181922
-0.00182955
-0.00184074
-0.00185271
-0.00186536
-0.00187862
-0.0018924
-0.00190664
-0.00192126
-0.00193617
-0.00195132
-0.00196664
-0.00198205
-0.0019975
-0.00201292
-0.00202826
-0.00204346
-0.00205847
-0.00207323
-0.0020877
-0.00210184
-0.0021156
-0.00212894
-0.00214182
-0.00215421
-0.00216608
-0.00217738
-0.00218811
-0.00219823
-0.00220772
-0.00221655
-0.00222472
-0.00223221
-0.002239
-0.00224508
-0.00225045
-0.0022551
-0.00225901
-0.00226218
-0.00226459
-0.00226622
-0.00226704
-0.00226705
-0.00226628
-0.00226476
-0.00226252
-0.00225958
-0.00225596
-0.00225165
-0.00224669
-0.00224108
-0.00223483
-0.00222798
-0.00222053
-0.0022127
-0.00220451
-0.00219594
-0.00218696
-0.00217758
-0.00216785
-0.00215776
-0.00214733
-0.00213659
-0.00212552
-0.00211416
-0.0021025
-0.00209054
-0.00207828
-0.00206571
-0.00205283
-0.00203966
-0.00202622
-0.00201252
-0.00199859
-0.00198446
-0.00197013
-0.00195563
-0.00194098
-0.0019262
-0.00191132
-0.00189634
-0.00188129
-0.00186619
-0.00185106
-0.0018359
-0.00182075
-0.00180562
-0.00179052
-0.00177547
-0.00176048
-0.00174557
-0.00173076
-0.00171605
-0.00170146
-0.001687
-0.00167269
-0.00165852
-0.00164453
-0.0016307
-0.00161706
-0.00160361
-0.00159036
-0.00157732
-0.0015645
-0.00155191
-0.00153954
-0.00152742
-0.00151553
-0.00150388
-0.00149249
-0.00148115
-0.00146999
-0.00145905
-0.0014483
-0.00143774
-0.0014274
-0.0014173
-0.00140746
-0.00139787
-0.00138853
-0.00137943
-0.00137056
-0.00136198
-0.00135367
-0.0013454
-0.00133727
-0.00132933
-0.00132153
-0.00131386
-0.00130632
-0.00129887
-0.00129152
-0.0012843
-0.0012772
-0.00127023
-0.00126343
-0.00125681
-0.00125038
-0.00124417
-0.00123817
-0.00123239
-0.00122682
-0.00122146
-0.0012163
-0.00121134
-0.00120657
-0.001202
-0.00119761
-0.0011934
-0.00118936
-0.0011855
-0.00118179
-0.00117825
-0.00117485
-0.00117161
-0.0011685
-0.00116553
-0.00116269
-0.00115997
-0.00115738
-0.00115489
-0.00115251
-0.00115024
-0.00114806
-0.00114597
-0.00114397
-0.00114205
-0.00114021
-0.00113844
-0.00113673
-0.00113508
-0.0011335
-0.00113196
-0.00113047
-0.00112902
-0.00112761
-0.00112625
-0.00112491
-0.00112361
-0.00112233
-0.00112108
-0.00111985
-0.00111865
-0.00111747
-0.00111631
-0.00111515
-0.00111401
-0.00111287
-0.00111172
-0.00111058
-0.00110942
-0.00110826
-0.00110708
-0.00110577
-0.00110415
-0.0011028
-0.00110181
-0.00110114
-0.00110067
-0.0011003
-0.00109997
-0.00109961
-0.00109923
-0.00109889
-0.00109866
-0.00109861
-0.00109879
-0.00109922
-0.00109991
-0.00110085
-0.00110201
-0.00110335
-0.00110481
-0.00110634
-0.00110788
-0.00110942
-0.00111095
-0.00111244
-0.00111388
-0.00111527
-0.0011166
-0.00111786
-0.00111904
-0.00112014
-0.00112115
-0.00112207
-0.00112288
-0.0011236
-0.0011242
-0.0011247
-0.00112509
-0.00112536
-0.00112552
-0.00112556
-0.00112549
-0.0011253
-0.00112499
-0.00112457
-0.00112403
-0.00112338
-0.00112262
-0.00112175
-0.00112078
-0.0011197
-0.00111852
-0.00111724
-0.00111587
-0.00111441
-0.00111286
-0.00111122
-0.00110951
-0.00110771
-0.00110583
-0.00110387
-0.00110184
-0.00109975
-0.0010976
-0.00109539
-0.00109314
-0.00109084
-0.0010885
-0.00108613
-0.00108372
-0.00108121
-0.00107852
-0.00107565
-0.0010726
-0.00106938
-0.001066
-0.00106243
-0.00105863
-0.00105458
-0.00105027
-0.00104578
-0.0010412
-0.00103661
-0.00103206
-0.0010276
-0.00102321
-0.0010189
-0.00101468
-0.00101053
-0.00100644
-0.00100239
-0.000998364
-0.000994382
-0.000990462
-0.000986611
-0.000982838
-0.000979154
-0.000975574
-0.000972115
-0.00096878
-0.000965562
-0.000962448
-0.000959436
-0.000956525
-0.000953717
-0.000951012
-0.000948413
-0.00094592
-0.000943534
-0.000941257
-0.000939089
-0.000937032
-0.000935084
-0.000933246
-0.000931518
-0.000929898
-0.000928387
-0.000926983
-0.000925684
-0.000924489
-0.000923395
-0.000922401
-0.000921506
-0.00092071
-0.000920009
-0.000919398
-0.000918874
-0.000918435
-0.000918087
-0.000917826
-0.000917645
-0.00091754
-0.000917507
-0.000917543
-0.000917645
-0.00091781
-0.000918034
-0.000918315
-0.00091865
-0.000919034
-0.000919258
-0.000919542
-0.000919982
-0.000920626
-0.000921495
-0.00092247
-0.000923569
-0.000924857
-0.00092637
-0.000928116
-0.000930087
-0.000932256
-0.000934594
-0.000937065
-0.000939625
-0.000942228
-0.000944848
-0.00094747
-0.000950084
-0.000952682
-0.000955256
-0.0009578
-0.00096031
-0.000962778
-0.000965201
-0.000967574
-0.000969892
-0.000972152
-0.000974349
-0.000976482
-0.000978546
-0.000980539
-0.000982459
-0.000984303
-0.000986069
-0.000987757
-0.000989365
-0.000990891
-0.000992336
-0.000993697
-0.000994976
-0.000996171
-0.000997284
-0.000998313
-0.00099926
-0.00100012
-0.00100091
-0.00100161
-0.00100224
-0.00100279
-0.00100326
-0.00100365
-0.00100398
-0.00100424
-0.00100444
-0.00100457
-0.00100464
-0.00100465
-0.00100461
-0.00100451
-0.00100437
-0.00100416
-0.00100391
-0.00100361
-0.00100326
-0.00100286
-0.00100243
-0.00100195
-0.00100144
-0.00100089
-0.00100013
-0.000999018
-0.000997526
-0.000995671
-0.000993499
-0.000991048
-0.000988346
-0.000985407
-0.000982358
-0.000979294
-0.000976289
-0.00097341
-0.000970693
-0.00096816
-0.000965812
-0.000963634
-0.000961603
-0.000959691
-0.000957871
-0.000956131
-0.000954468
-0.000952879
-0.000951363
-0.000949922
-0.000948554
-0.000947259
-0.000946037
-0.000944889
-0.000943813
-0.00094281
-0.000941878
-0.000941018
-0.000940227
-0.000939506
-0.000938854
-0.00093827
-0.000937752
-0.0009373
-0.000936913
-0.000936588
-0.000936326
-0.000936125
-0.000935984
-0.000935901
-0.000935876
-0.000935906
-0.000935991
-0.000936129
-0.000936319
-0.00093656
-0.000936849
-0.000937185
-0.000937567
-0.000937993
-0.000938463
-0.000938972
-0.000939509
-0.000940062
-0.000940618
-0.00094116
-0.000941641
-0.000942057
-0.000942405
-0.000942721
-0.000943041
-0.000943384
-0.000943756
-0.000944162
-0.000944603
-0.000945074
-0.000945551
-0.000946113
-0.000946792
-0.000947616
-0.000948619
-0.000949835
-0.000951298
-0.000953039
-0.000955084
-0.000957452
-0.000960132
-0.000963093
-0.000966282
-0.00096963
-0.000973054
-0.000976471
-0.000979834
-0.000983121
-0.000986323
-0.000989435
-0.000992455
-0.000995381
-0.000998212
-0.00100095
-0.00100359
-0.00100613
-0.00100857
-0.00101092
-0.00101318
-0.00101534
-0.0010174
-0.00101937
-0.00102124
-0.00102302
-0.00102471
-0.00102631
-0.00102782
-0.00102924
-0.00103057
-0.00103182
-0.00103299
-0.00103407
-0.00103508
-0.00103601
-0.00103686
-0.00103765
-0.00103836
-0.001039
-0.00103958
-0.00104009
-0.00104054
-0.00104093
-0.00104127
-0.00104155
-0.00104178
-0.00104195
-0.00104206
-0.00104211
-0.00104211
-0.00104206
-0.00104194
-0.00104177
-0.00104156
-0.00104132
-0.00104105
-0.00104076
-0.00104045
-0.00104012
-0.00103978
-0.00103943
-0.00103899
-0.00103842
-0.0010377
-0.00103684
-0.00103579
-0.00103453
-0.00103307
-0.00103158
-0.00103017
-0.00102891
-0.0010278
-0.00102687
-0.00102608
-0.00102541
-0.00102484
-0.00102433
-0.00102383
-0.00102332
-0.00102278
-0.00102221
-0.0010216
-0.00102098
-0.00102033
-0.00101967
-0.001019
-0.00101833
-0.00101767
-0.001017
-0.00101635
-0.00101572
-0.0010151
-0.00101451
-0.00101394
-0.0010134
-0.00101289
-0.00101241
-0.00101197
-0.00101157
-0.00101121
-0.00101089
-0.00101061
-0.00101038
-0.00101019
-0.00101005
-0.00100996
-0.00100991
-0.00100991
-0.00100996
-0.00101005
-0.00101019
-0.00101037
-0.00101061
-0.00101088
-0.00101121
-0.00101158
-0.00101199
-0.00101245
-0.00101295
-0.00101348
-0.00101405
-0.00101466
-0.0010153
-0.00101597
-0.00101667
-0.00101741
-0.00101818
-0.00101897
-0.0010198
-0.00102065
-0.00102153
-0.00102248
-0.00102354
-0.00102477
-0.00102624
-0.00102796
-0.00102992
-0.0010321
-0.00103443
-0.00103688
-0.00103939
-0.00104193
-0.00104446
-0.00104698
-0.00104949
-0.00105196
-0.00105438
-0.00105674
-0.00105902
-0.00106122
-0.00106333
-0.00106537
-0.00106735
-0.00106929
-0.0010712
-0.00107307
-0.00107489
-0.00107668
-0.00107842
-0.00108011
-0.00108176
-0.00108337
-0.00108493
-0.00108644
-0.00108791
-0.00108933
-0.00109071
-0.00109204
-0.00109333
-0.00109457
-0.00109576
-0.00109692
-0.00109802
-0.00109909
-0.00110011
-0.00110109
-0.00110203
-0.00110293
-0.00110378
-0.0011046
-0.00110539
-0.00110613
-0.00110684
-0.00110752
-0.00110817
-0.00110879
-0.00110939
-0.00110996
-0.00111051
-0.00111103
-0.00111153
-0.00111201
-0.00111246
-0.0011129
-0.00111331
-0.00111371
-0.00111409
-0.00111445
-0.0011148
-0.00111513
-0.00111545
-0.0011157
-0.00111582
-0.00111578
-0.00111555
-0.00111515
-0.00111454
-0.00111377
-0.00111293
-0.00111208
-0.00111124
-0.00111041
-0.0011096
-0.00110882
-0.00110806
-0.00110731
-0.00110655
-0.00110577
-0.00110498
-0.00110418
-0.0011034
-0.00110265
-0.00110193
-0.00110126
-0.00110064
-0.00110009
-0.00109962
-0.00109925
-0.00109894
-0.00109869
-0.00109847
-0.00109832
-0.00109822
-0.00109816
-0.00109815
-0.00109818
-0.00109825
-0.00109837
-0.00109853
-0.00109873
-0.00109898
-0.00109927
-0.0010996
-0.00109998
-0.0011004
-0.00110086
-0.00110137
-0.00110191
-0.0011025
-0.00110313
-0.0011038
-0.0011045
-0.00110524
-0.00110602
-0.00110684
-0.00110769
-0.00110858
-0.00110949
-0.00111044
-0.00111141
-0.0011124
-0.00111343
-0.00111448
-0.00111555
-0.00111665
-0.00111777
-0.0011189
-0.00112006
-0.00112124
-0.00112243
-0.00112363
-0.00112463
-0.00112559
-0.00112666
-0.00112795
-0.00112955
-0.00113155
-0.001134
-0.00113694
-0.00114043
-0.00114454
-0.00114929
-0.0011546
-0.00116037
-0.00116652
-0.00117291
-0.0011795
-0.00118623
-0.00119309
-0.00120005
-0.0012071
-0.00121423
-0.00122143
-0.0012287
-0.00123606
-0.00124345
-0.00125077
-0.00125795
-0.00126496
-0.00127178
-0.00127837
-0.00128469
-0.00129073
-0.0012965
-0.00130202
-0.00130727
-0.00131227
-0.00131701
-0.0013215
-0.00132575
-0.00132976
-0.00133356
-0.00133716
-0.00134066
-0.00134405
-0.00134724
-0.0013502
-0.00135291
-0.00135537
-0.00135759
-0.00135955
-0.00136128
-0.00136285
-0.00136426
-0.00136553
-0.00136665
-0.00136764
-0.00136847
-0.00136915
-0.00136967
-0.00137001
-0.00137015
-0.0013701
-0.00136983
-0.00136934
-0.0013686
-0.0013676
-0.00136636
-0.00136488
-0.00136319
-0.00136131
-0.00135897
-0.00135582
-0.00135146
-0.00134483
-0.00133569
-0.00132413
-0.00131031
-0.00129458
-0.00127726
-0.00125875
-0.00123938
-0.00121988
-0.00120107
-0.00118338
-0.00116697
-0.00115185
-0.00113798
-0.00112531
-0.00111364
