-5.49762e-06
-2.40001e-05
-5.79694e-05
-0.000107697
-0.000172651
-0.000251993
-0.000344764
-0.000449994
-0.000566741
-0.000694107
-0.000831238
-0.000977324
-0.0011316
-0.00129335
-0.0014619
-0.0016366
-0.00181684
-0.00200206
-0.00219173
-0.00238533
-0.0025824
-0.00278248
-0.00298516
-0.00319004
-0.00339673
-0.00360491
-0.00381423
-0.00402439
-0.00423509
-0.00444608
-0.00465709
-0.00486788
-0.00507823
-0.00528794
-0.00549681
-0.00570466
-0.00591131
-0.00611662
-0.00632044
-0.00652262
-0.00672305
-0.0069216
-0.00711817
-0.00731265
-0.00750496
-0.007695
-0.00788269
-0.00806797
-0.00825076
-0.008431
-0.00860864
-0.00878363
-0.00895591
-0.00912545
-0.00929221
-0.00945616
-0.00961727
-0.00977551
-0.00993086
-0.0100833
-0.0102328
-0.0103794
-0.0105231
-0.0106638
-0.0108015
-0.0109363
-0.0110682
-0.0111971
-0.011323
-0.011446
-0.0115661
-0.0116833
-0.0117977
-0.0119095
-0.0120188
-0.0121256
-0.0122299
-0.0123317
-0.0124311
-0.0125281
-0.0126226
-0.0127147
-0.0128044
-0.0128917
-0.0129767
-0.0130593
-0.0131395
-0.0132175
-0.0132931
-0.0133666
-0.0134377
-0.0135067
-0.0135736
-0.0136383
-0.0137008
-0.0137614
-0.0138198
-0.0138763
-0.0139308
-0.0139833
-0.014034
-0.0140828
-0.0141297
-0.0141749
-0.0142183
-0.01426
-0.0142999
-0.0143383
-0.014375
-0.0144101
-0.0144437
-0.0144758
-0.0145064
-0.0145356
-0.0145634
-0.0145898
-0.0146149
-0.0146387
-0.0146612
-0.0146825
-0.0147027
-0.0147217
-0.0147396
-0.0147565
-0.0147723
-0.0147871
-0.0148011
-0.014814
-0.0148262
-0.0148375
-0.0148479
-0.0148576
-0.0148666
-0.0148748
-0.0148823
-0.0148892
-0.0148954
-0.014901
-0.0149061
-0.0149106
-0.0149146
-0.0149181
-0.0149212
-0.0149242
-0.0149274
-0.0149311
-0.0149356
-0.014941
-0.0149478
-0.014956
-0.0149655
-0.0149764
-0.0149885
-0.0150018
-0.015016
-0.0150313
-0.0150474
-0.0150644
-0.0150821
-0.0151004
-0.0151194
-0.0151389
-0.0151589
-0.0151793
-0.0152002
-0.0152214
-0.0152429
-0.0152647
-0.0152867
-0.015309
-0.0153314
-0.0153539
-0.0153766
-0.0153994
-0.0154222
-0.0154451
-0.015468
-0.0154909
-0.0155138
-0.0155367
-0.0155595
-0.0155823
-0.015605
-0.0156276
-0.0156502
-0.0156726
-0.0156949
-0.0157171
-0.0157391
-0.015761
-0.0157828
-0.0158044
-0.0158259
-0.0158472
-0.0158683
-0.0158893
-0.0159101
-0.0159307
-0.0159511
-0.0159714
-0.0159914
-0.0160113
-0.016031
-0.0160504
-0.0160697
-0.0160888
-0.0161076
-0.0161262
-0.0161447
-0.0161629
-0.016181
-0.0161988
-0.0162165
-0.0162342
-0.0162521
-0.0162701
-0.0162883
-0.0163068
-0.0163253
-0.0163441
-0.0163628
-0.0163815
-0.0164
-0.0164182
-0.016436
-0.0164534
-0.0164704
-0.0164869
-0.0165029
-0.0165185
-0.0165337
-0.0165486
-0.016563
-0.0165771
-0.0165908
-0.0166043
-0.0166174
-0.0166302
-0.0166428
-0.016655
-0.0166671
-0.0166789
-0.0166905
-0.0167018
-0.016713
-0.0167239
-0.0167347
-0.0167453
-0.0167558
-0.016766
-0.0167762
-0.0167862
-0.016796
-0.0168058
-0.0168154
-0.0168249
-0.0168343
-0.0168437
-0.0168529
-0.016862
-0.0168711
-0.0168801
-0.016889
-0.0168979
-0.0169067
-0.0169154
-0.0169242
-0.0169328
-0.0169415
-0.0169501
-0.0169587
-0.0169672
-0.0169758
-0.0169843
-0.0169928
-0.0170013
-0.0170098
-0.0170183
-0.0170268
-0.0170353
-0.0170438
-0.0170524
-0.017061
-0.0170697
-0.0170788
-0.0170883
-0.0170983
-0.0171091
-0.0171205
-0.0171327
-0.0171456
-0.0171591
-0.017173
-0.0171874
-0.017202
-0.0172169
-0.017232
-0.0172472
-0.0172626
-0.017278
-0.0172936
-0.0173093
-0.017325
-0.0173409
-0.0173567
-0.0173727
-0.0173887
-0.0174047
-0.0174208
-0.0174369
-0.017453
-0.0174691
-0.0174853
-0.0175014
-0.0175176
-0.0175338
-0.0175499
-0.017566
-0.0175822
-0.0175983
-0.0176143
-0.0176304
-0.0176464
-0.0176624
-0.0176784
-0.0176943
-0.0177102
-0.017726
-0.0177418
-0.0177576
-0.0177733
-0.017789
-0.0178046
-0.0178201
-0.0178356
-0.0178511
-0.0178665
-0.0178819
-0.0178971
-0.0179124
-0.0179276
-0.0179427
-0.0179578
-0.0179728
-0.0179878
-0.0180028
-0.0180177
-0.0180326
-0.0180474
-0.0180622
-0.0180769
-0.0180916
-0.0181062
-0.018121
-0.0181362
-0.0181523
-0.0181696
-0.0181883
-0.0182088
-0.0182312
-0.0182556
-0.018282
-0.0183103
-0.0183403
-0.018372
-0.0184051
-0.0184395
-0.0184751
-0.0185115
-0.0185488
-0.0185869
-0.0186255
-0.0186647
-0.0187044
-0.0187444
-0.0187849
-0.0188257
-0.0188667
-0.0189079
-0.0189493
-0.0189909
-0.0190325
-0.0190741
-0.0191158
-0.0191575
-0.0191991
-0.0192406
-0.019282
-0.0193233
-0.0193644
-0.0194054
-0.0194461
-0.0194866
-0.0195269
-0.019567
-0.0196067
-0.0196462
-0.0196854
-0.0197243
-0.0197628
-0.019801
-0.0198389
-0.0198764
-0.0199136
-0.0199504
-0.0199869
-0.0200229
-0.0200586
-0.0200939
-0.0201288
-0.0201634
-0.0201975
-0.0202312
-0.0202646
-0.0202975
-0.0203301
-0.0203622
-0.020394
-0.0204254
-0.0204563
-0.0204869
-0.0205171
-0.020547
-0.0205767
-0.0206063
-0.0206358
-0.0206654
-0.0206949
-0.0207244
-0.0207539
-0.0207831
-0.0208121
-0.0208405
-0.0208683
-0.0208952
-0.0209211
-0.0209462
-0.0209705
-0.0209939
-0.0210165
-0.0210383
-0.0210594
-0.0210796
-0.0210992
-0.021118
-0.0211361
-0.0211535
-0.0211704
-0.0211866
-0.0212023
-0.0212175
-0.0212321
-0.0212462
-0.0212597
-0.0212729
-0.0212855
-0.0212977
-0.0213095
-0.021321
-0.0213321
-0.0213428
-0.0213533
-0.0213634
-0.0213733
-0.0213829
-0.0213923
-0.0214015
-0.0214104
-0.0214192
-0.0214278
-0.0214362
-0.0214445
-0.0214527
-0.0214607
-0.0214686
-0.0214764
-0.0214842
-0.0214918
-0.0214994
-0.0215069
-0.0215144
-0.0215219
-0.0215293
-0.0215367
-0.0215441
-0.0215514
-0.0215588
-0.0215662
-0.0215736
-0.021581
-0.0215884
-0.0215959
-0.0216036
-0.0216116
-0.0216199
-0.0216286
-0.0216377
-0.0216473
-0.0216573
-0.0216678
-0.0216788
-0.0216902
-0.021702
-0.0217143
-0.0217268
-0.0217398
-0.021753
-0.0217666
-0.0217804
-0.0217945
-0.0218089
-0.0218235
-0.0218383
-0.0218534
-0.0218686
-0.021884
-0.0218996
-0.0219154
-0.0219313
-0.0219474
-0.0219635
-0.0219799
-0.0219963
-0.0220128
-0.0220295
-0.0220462
-0.022063
-0.02208
-0.0220969
-0.022114
-0.0221311
-0.0221483
-0.0221655
-0.0221828
-0.0222001
-0.0222175
-0.0222348
-0.0222523
-0.0222697
-0.0222872
-0.0223047
-0.0223222
-0.0223398
-0.0223573
-0.0223749
-0.0223924
-0.02241
-0.0224276
-0.0224451
-0.0224627
-0.0224802
-0.0224978
-0.0225153
-0.0225328
-0.0225503
-0.0225678
-0.0225853
-0.0226027
-0.0226202
-0.0226376
-0.0226549
-0.0226723
-0.0226898
-0.0227076
-0.022726
-0.0227453
-0.0227656
-0.022787
-0.0228096
-0.0228334
-0.0228583
-0.0228843
-0.0229113
-0.022939
-0.0229674
-0.0229963
-0.0230256
-0.0230551
-0.0230848
-0.0231147
-0.0231446
-0.0231746
-0.0232046
-0.0232347
-0.0232648
-0.0232949
-0.0233249
-0.023355
-0.023385
-0.0234149
-0.0234447
-0.0234745
-0.0235042
-0.0235338
-0.0235633
-0.0235927
-0.0236219
-0.023651
-0.02368
-0.0237089
-0.0237375
-0.0237661
-0.0237945
-0.0238227
-0.0238507
-0.0238786
-0.0239063
-0.0239338
-0.0239611
-0.0239883
-0.0240152
-0.024042
-0.0240686
-0.024095
-0.0241212
-0.0241473
-0.0241731
-0.0241987
-0.0242242
-0.0242494
-0.0242745
-0.0242994
-0.024324
-0.0243485
-0.0243727
-0.0243968
-0.0244206
-0.0244442
-0.0244676
-0.0244909
-0.0245139
-0.0245367
-0.0245595
-0.0245822
-0.024605
-0.024628
-0.0246512
-0.0246746
-0.0246983
-0.024722
-0.0247458
-0.0247696
-0.0247932
-0.0248167
-0.0248398
-0.0248625
-0.0248849
-0.0249069
-0.0249285
-0.0249498
-0.0249707
-0.0249912
-0.0250115
-0.0250315
-0.0250512
-0.0250706
-0.0250897
-0.0251086
-0.0251273
-0.0251458
-0.025164
-0.0251821
-0.0251999
-0.0252176
-0.0252351
-0.0252525
-0.0252697
-0.0252867
-0.0253036
-0.0253204
-0.025337
-0.0253536
-0.02537
-0.0253863
-0.0254025
-0.0254186
-0.0254347
-0.0254506
-0.0254665
-0.0254823
-0.025498
-0.0255137
-0.0255293
-0.0255449
-0.0255604
-0.0255759
-0.0255913
-0.0256067
-0.025622
-0.0256373
-0.0256526
-0.0256679
-0.0256832
-0.0256984
-0.0257136
-0.0257288
-0.025744
-0.0257591
-0.0257743
-0.0257895
-0.0258046
-0.0258199
-0.0258352
-0.0258508
-0.0258666
-0.0258828
-0.0258992
-0.0259159
-0.0259326
-0.0259494
-0.025966
-0.0259824
-0.0259984
-0.026014
-0.0260289
-0.0260433
-0.026057
-0.02607
-0.0260824
-0.0260942
-0.0261053
-0.026116
-0.0261261
-0.0261358
-0.0261451
-0.026154
-0.0261626
-0.0261709
-0.0261789
-0.0261866
-0.0261942
-0.0262015
-0.0262087
-0.0262157
-0.0262226
-0.0262294
-0.0262361
-0.0262428
-0.0262494
-0.0262559
-0.0262625
-0.026269
-0.0262756
-0.0262821
-0.0262887
-0.0262954
-0.026302
-0.0263088
-0.0263156
-0.0263225
-0.0263295
-0.0263366
-0.0263438
-0.0263511
-0.0263585
-0.026366
-0.0263736
-0.0263814
-0.0263893
-0.0263974
-0.0264055
-0.0264139
-0.0264224
-0.026431
-0.0264398
-0.0264487
-0.0264578
-0.0264671
-0.0264765
-0.0264861
-0.0264958
-0.0265057
-0.0265158
-0.0265262
-0.0265368
-0.0265477
-0.0265588
-0.0265702
-0.0265818
-0.0265937
-0.0266057
-0.026618
-0.0266305
-0.0266433
-0.0266562
-0.0266693
-0.0266826
-0.0266961
-0.0267098
-0.0267237
-0.0267378
-0.026752
-0.0267664
-0.026781
-0.0267957
-0.0268106
-0.0268256
-0.0268408
-0.0268561
-0.0268715
-0.0268871
-0.0269028
-0.0269186
-0.0269345
-0.0269506
-0.0269668
-0.0269831
-0.0269995
-0.027016
-0.0270326
-0.0270494
-0.0270662
-0.0270832
-0.0271002
-0.0271173
-0.0271346
-0.0271519
-0.0271693
-0.0271868
-0.0272044
-0.027222
-0.0272398
-0.0272576
-0.0272755
-0.0272934
-0.0273115
-0.0273296
-0.0273478
-0.027366
-0.0273843
-0.0274026
-0.027421
-0.0274395
-0.027458
-0.0274765
-0.0274952
-0.0275138
-0.0275325
-0.0275512
-0.02757
-0.0275888
-0.0276077
-0.0276266
-0.0276457
-0.0276649
-0.0276843
-0.0277037
-0.0277232
-0.0277426
-0.0277619
-0.0277809
-0.0277997
-0.0278181
-0.0278363
-0.0278542
-0.0278718
-0.0278892
-0.0279063
-0.0279233
-0.02794
-0.0279566
-0.027973
-0.0279892
-0.0280053
-0.0280212
-0.0280371
-0.0280528
-0.0280685
-0.0280841
-0.0280996
-0.028115
-0.0281304
-0.0281457
-0.0281609
-0.0281761
-0.0281913
-0.0282064
-0.0282215
-0.0282366
-0.0282517
-0.0282667
-0.0282818
-0.0282968
-0.0283119
-0.028327
-0.028342
-0.0283571
-0.0283723
-0.0283874
-0.0284026
-0.0284178
-0.0284331
-0.0284484
-0.0284637
-0.0284791
-0.0284945
-0.0285099
-0.0285254
-0.028541
-0.0285566
-0.0285723
-0.028588
-0.0286038
-0.0286197
-0.0286356
-0.0286516
-0.0286676
-0.0286837
-0.0286999
-0.0287161
-0.0287324
-0.0287488
-0.0287654
-0.0287824
-0.0287997
-0.0288175
-0.0288357
-0.0288544
-0.0288734
-0.0288928
-0.0289125
-0.0289324
-0.0289523
-0.0289721
-0.0289919
-0.0290115
-0.029031
-0.0290504
-0.0290697
-0.0290889
-0.029108
-0.0291271
-0.0291461
-0.0291651
-0.0291841
-0.0292031
-0.029222
-0.0292409
-0.0292599
-0.0292788
-0.0292977
-0.0293167
-0.0293356
-0.0293546
-0.0293736
-0.0293926
-0.0294116
-0.0294307
-0.0294497
-0.0294688
-0.029488
-0.0295071
-0.0295263
-0.0295455
-0.0295646
-0.0295837
-0.0296028
-0.0296218
-0.0296408
-0.0296597
-0.0296786
-0.0296975
-0.0297164
-0.0297352
-0.029754
-0.0297728
-0.0297916
-0.0298104
-0.0298291
-0.0298479
-0.0298667
-0.0298854
-0.0299041
-0.0299228
-0.0299416
-0.0299602
-0.0299789
-0.0299976
-0.0300162
-0.0300348
-0.0300534
-0.030072
-0.0300905
-0.0301091
-0.0301279
-0.0301476
-0.030169
-0.0301929
-0.0302201
-0.0302511
-0.0302867
-0.0303273
-0.0303733
-0.0304247
-0.0304812
-0.0305423
-0.0306074
-0.030676
-0.0307476
-0.0308215
