-0.00109952
-0.00260097
-0.00419289
-0.00575258
-0.00723829
-0.00863013
-0.00992405
-0.0111218
-0.0122277
-0.0132456
-0.0141805
-0.0150368
-0.015819
-0.0165313
-0.0171776
-0.0177617
-0.0182872
-0.0187575
-0.0191758
-0.0195451
-0.0198683
-0.0201481
-0.0203871
-0.0205877
-0.0207521
-0.0208827
-0.0209814
-0.0210503
-0.0210911
-0.0211057
-0.0210957
-0.0210627
-0.0210082
-0.0209335
-0.0208402
-0.0207293
-0.0206021
-0.0204598
-0.0203033
-0.0201337
-0.0199518
-0.0197586
-0.0195549
-0.0193416
-0.0191192
-0.0188886
-0.0186503
-0.018405
-0.0181532
-0.0178955
-0.0176325
-0.0173646
-0.0170923
-0.016816
-0.0165363
-0.0162535
-0.015968
-0.0156801
-0.0153903
-0.0150988
-0.014806
-0.0145121
-0.0142175
-0.0139224
-0.0136271
-0.0133319
-0.0130369
-0.0127425
-0.0124487
-0.0121558
-0.0118641
-0.0115738
-0.0113059
-0.0110512
-0.0108019
-0.0105547
-0.0103085
-0.010063
-0.00981818
-0.00957425
-0.00933142
-0.00908993
-0.00884999
-0.0086118
-0.00837557
-0.00814147
-0.00790967
-0.00768033
-0.00745359
-0.00722958
-0.00700842
-0.00679022
-0.00657505
-0.006363
-0.00615413
-0.00594851
-0.00574619
-0.00554723
-0.00535167
-0.00515965
-0.00497109
-0.00478602
-0.00460451
-0.00442659
-0.00425229
-0.00408162
-0.0039146
-0.00375123
-0.00359148
-0.00343535
-0.00328281
-0.00313386
-0.00298854
-0.00284685
-0.00270878
-0.00257435
-0.00244354
-0.00231635
-0.00219276
-0.00207276
-0.00195691
-0.00184513
-0.00173735
-0.00163348
-0.00153342
-0.00143707
-0.00134435
-0.00125514
-0.00116934
-0.00108684
-0.00100756
-0.000930968
-0.00085732
-0.000786707
-0.000719135
-0.000654547
-0.000592874
-0.000534045
-0.00047799
-0.000424643
-0.000373813
-0.00032544
-0.000296512
-0.000300866
-0.000337116
-0.000401251
-0.000491449
-0.000606746
-0.000745568
-0.000887252
-0.00102356
-0.00115149
-0.00126998
-0.00137924
-0.00147968
-0.0015718
-0.00165611
-0.00173311
-0.00180327
-0.00186703
-0.00192481
-0.001977
-0.00202398
-0.00206608
-0.00210363
-0.00213694
-0.00216627
-0.0021919
-0.00221406
-0.00223299
-0.0022489
-0.002262
-0.00227247
-0.00228049
-0.00228623
-0.00228985
-0.00229149
-0.00229128
-0.00228936
-0.00228584
-0.00228084
-0.00227445
-0.00226679
-0.00225793
-0.00224797
-0.002237
-0.00222509
-0.00221232
-0.00219876
-0.00218448
-0.00216959
-0.00215415
-0.0021382
-0.00212178
-0.00210493
-0.00208774
-0.00207028
-0.00205263
-0.00203486
-0.00201581
-0.00199627
-0.00197631
-0.00195619
-0.00193604
-0.00191577
-0.0018954
-0.00187491
-0.00185434
-0.00183371
-0.00181304
-0.00179256
-0.00177433
-0.00176948
-0.00177765
-0.00179347
-0.00181231
-0.00183189
-0.00185099
-0.00186663
-0.00187511
-0.00187344
-0.0018606
-0.001837
-0.00180403
-0.00176378
-0.00171894
-0.0016726
-0.00162698
-0.00158293
-0.00154078
-0.00150058
-0.00146229
-0.00142586
-0.0013912
-0.00135822
-0.00132685
-0.00129701
-0.00126863
-0.00124163
-0.00121598
-0.00119158
-0.0011684
-0.00114637
-0.00112545
-0.0011056
-0.00108677
-0.00106892
-0.001052
-0.00103599
-0.00102085
-0.00100653
-0.000993018
-0.000980269
-0.000968257
-0.000956952
-0.000946328
-0.000936355
-0.00092701
-0.000918268
-0.000910107
-0.000902584
-0.000895674
-0.000889357
-0.000883613
-0.000878425
-0.000873741
-0.000869506
-0.000865722
-0.000862377
-0.00085946
-0.000856962
-0.000854873
-0.000853177
-0.000851867
-0.00085092
-0.000850333
-0.000850085
-0.00085017
-0.000850559
-0.000851245
-0.000852175
-0.000857112
-0.000863474
-0.000884392
-0.000923045
-0.000974889
-0.00103775
-0.00111054
-0.00118406
-0.00125471
-0.00131884
-0.00137357
-0.00141807
-0.00145283
-0.00147923
-0.00149928
-0.00151546
-0.0015293
-0.00154151
-0.00155241
-0.00156218
-0.00157092
-0.00157872
-0.00158562
-0.00159169
-0.00159698
-0.00160152
-0.00160536
-0.00160854
-0.0016111
-0.00161307
-0.00161448
-0.00161536
-0.00161576
-0.00161568
-0.00161516
-0.00161423
-0.0016129
-0.0016112
-0.00160915
-0.00160678
-0.00160409
-0.00160111
-0.00159786
-0.00159435
-0.0015906
-0.00158662
-0.00158243
-0.00157805
-0.00157349
-0.00156874
-0.00156383
-0.00155876
-0.00155354
-0.00154821
-0.00154283
-0.00153742
-0.00153204
-0.00152672
-0.00152149
-0.00151639
-0.00151144
-0.00150668
-0.00150208
-0.00149759
-0.00149315
-0.00148874
-0.00148428
-0.00147976
-0.00147514
-0.0014704
-0.00146556
-0.00146069
-0.00148884
-0.00155615
-0.00166082
-0.00179642
-0.00195684
-0.00213911
-0.0023417
-0.00254379
-0.002737
-0.00291828
-0.00308678
-0.00324261
-0.00338128
-0.00350177
-0.00360495
-0.00369286
-0.00376833
-0.00383451
-0.00389293
-0.0039444
-0.00398949
-0.00402865
-0.00406225
-0.00409064
-0.00411412
-0.00413299
-0.00414752
-0.00415796
-0.00416457
-0.00416757
-0.00416718
-0.0041636
-0.00415702
-0.00414764
-0.00413561
-0.00412112
-0.00410431
-0.00408533
-0.00406432
-0.00404144
-0.0040168
-0.00399053
-0.00396276
-0.0039336
-0.00390316
-0.00387154
-0.00383884
-0.00380517
-0.00377062
-0.00373527
-0.00369922
-0.00366255
-0.00362532
-0.0035876
-0.00354944
-0.00351088
-0.003472
-0.00343287
-0.00339355
-0.00335411
-0.0033146
-0.00327507
-0.00323556
-0.00319611
-0.00315678
-0.00311759
-0.00307857
-0.00303969
-0.00300098
-0.00297453
-0.00296107
-0.00295614
-0.00295523
-0.00295432
-0.00295182
-0.00294715
-0.00294017
-0.00291749
-0.00287485
-0.00281279
-0.00273279
-0.00264393
-0.00255397
-0.00246607
-0.00238143
-0.00230044
-0.00222131
-0.00214302
-0.00206575
-0.00198924
-0.00191536
-0.00184475
-0.00177761
-0.00171389
-0.0016535
-0.00159629
-0.00154215
-0.00148822
-0.00143465
-0.00138296
-0.00133373
-0.00128712
-0.00124313
-0.00120167
-0.00116266
-0.00112599
-0.00109156
-0.00105927
-0.00102902
-0.00100074
-0.000974336
-0.000949726
-0.000926834
-0.000905586
-0.00088591
-0.000867738
-0.000851004
-0.000835637
-0.000821579
-0.000808768
-0.000797143
-0.000786678
-0.000777345
-0.000769108
-0.000761937
-0.000755793
-0.000750618
-0.000746357
-0.000742959
-0.000740378
-0.000738573
-0.000737504
-0.000737136
-0.000737434
-0.000738364
-0.000739895
-0.000741993
-0.000744639
-0.000755855
-0.000779855
-0.000813849
-0.000852256
-0.000891539
-0.00093027
-0.000977438
-0.00102666
-0.00107525
-0.00112114
-0.00116369
-0.00120339
-0.00124076
-0.00127603
-0.00130933
-0.00134072
-0.00137028
-0.0013981
-0.00142427
-0.00144889
-0.00147203
-0.00149378
-0.00151421
-0.00153339
-0.00155138
-0.00156825
-0.00158405
-0.00159885
-0.0016127
-0.00162564
-0.00163772
-0.001649
-0.0016595
-0.00166927
-0.00167835
-0.00168676
-0.00169455
-0.00170175
-0.00170838
-0.00171447
-0.00172005
-0.00172515
-0.00172978
-0.00173397
-0.00173774
-0.00174112
-0.00174412
-0.00174676
-0.00174907
-0.00175104
-0.00175271
-0.00175409
-0.00175521
-0.00175606
-0.00175663
-0.00175691
-0.00175691
-0.0017566
-0.00175598
-0.00175505
-0.00175384
-0.00175242
-0.00175084
-0.00174915
-0.00174737
-0.0017455
-0.00174355
-0.00174155
-0.00173949
-0.00173737
-0.00173517
-0.00175672
-0.00180667
-0.00188176
-0.00197553
-0.00208149
-0.00219647
-0.0023188
-0.00243838
-0.00255105
-0.00265288
-0.00274023
-0.00281197
-0.00286848
-0.0029111
-0.00294182
-0.00296311
-0.00297787
-0.00298866
-0.00299665
-0.0030024
-0.00300621
-0.00300826
-0.00300868
-0.00300759
-0.00300507
-0.00300121
-0.0029961
-0.00298982
-0.00298243
-0.002974
-0.0029646
-0.00295428
-0.00294312
-0.00293116
-0.00291846
-0.00290506
-0.00289102
-0.00287639
-0.0028612
-0.00284549
-0.00282932
-0.00281272
-0.00279573
-0.00277838
-0.00276071
-0.00274275
-0.00272454
-0.0027061
-0.00268747
-0.00266868
-0.00264974
-0.00263068
-0.00261151
-0.0025923
-0.00257309
-0.00255396
-0.00253494
-0.0025161
-0.00249747
-0.00247698
-0.00245592
-0.00243485
-0.00241396
-0.00239335
-0.00237304
-0.00235294
-0.00233298
-0.00231313
-0.00229364
-0.00227452
-0.00226848
-0.00227577
-0.00229129
-0.00231045
-0.00233098
-0.00235167
-0.00236943
-0.00238056
-0.00238238
-0.00237393
-0.00235553
-0.00232847
-0.00229475
-0.00225691
-0.00221796
-0.00217968
-0.00214274
-0.0021074
-0.00207371
-0.00204162
-0.00201109
-0.00198203
-0.00195439
-0.0019281
-0.00190308
-0.00187928
-0.00185664
-0.00183511
-0.00181463
-0.00179517
-0.00177666
-0.00175908
-0.00174238
-0.00172653
-0.00171148
-0.00169721
-0.00168368
-0.00167087
-0.00165875
-0.00164728
-0.00163646
-0.00162626
-0.00161665
-0.00160761
-0.00159913
-0.00159118
-0.00158375
-0.00157682
-0.00157036
-0.00156435
-0.0015588
-0.00155368
-0.001549
-0.00154469
-0.00154072
-0.00153706
-0.0015337
-0.00153066
-0.00152794
-0.00152554
-0.00152345
-0.00152165
-0.00152015
-0.00151892
-0.00151796
-0.00151725
-0.00151679
-0.00151657
-0.00151656
-0.00152482
-0.00154363
-0.00157066
-0.00160057
-0.00163026
-0.00165848
-0.0016721
-0.00167928
-0.0016729
-0.0016536
-0.00162225
-0.00157993
-0.00152812
-0.00146871
-0.00140398
-0.00133655
-0.00126931
-0.00120518
-0.00114521
-0.00108968
-0.00103854
-0.000991636
-0.000948743
-0.000909642
-0.000874114
-0.000841952
-0.00081296
-0.000786953
-0.000763761
-0.000743215
-0.000725162
-0.000709455
-0.00069596
-0.000684548
-0.000675097
-0.000667495
-0.000661633
-0.000657408
-0.000654724
-0.00065349
-0.000653618
-0.000655025
-0.000657632
-0.000661362
-0.000666144
-0.000671908
-0.000678589
-0.000686123
-0.000694451
-0.000703516
-0.000713265
-0.000723641
-0.000734589
-0.000746102
-0.00075816
-0.00077074
-0.000783818
-0.000797368
-0.000811353
-0.000825723
-0.000840434
-0.000855439
-0.000870695
-0.000886164
-0.000901812
-0.000917614
-0.000933547
-0.000949587
-0.000965714
-0.000981937
-0.00100147
-0.00102461
-0.00104938
-0.00107478
-0.0011003
-0.00112521
-0.00114927
-0.00117275
-0.00119573
-0.0012182
-0.00124014
-0.00126155
-0.00128244
-0.00130283
-0.00132272
-0.00134212
-0.00136103
-0.00137949
-0.0013975
-0.00141512
-0.00143234
-0.00144919
-0.00146484
-0.00147983
-0.00149439
-0.00150862
-0.00152255
-0.00153621
-0.00154959
-0.00156269
-0.00157553
-0.0015881
-0.0016004
-0.00161244
-0.0016242
-0.0016357
-0.00164694
-0.00165792
-0.00166864
-0.0016791
-0.00168931
-0.00169926
-0.00170896
-0.00171842
-0.00172764
-0.00173661
-0.00174535
-0.00175385
-0.00176212
-0.00177016
-0.00177797
-0.00178556
-0.00179295
-0.0018001
-0.00180702
-0.00181369
-0.00182009
-0.00182621
-0.00183207
-0.00183767
-0.00184303
-0.00184819
-0.00185316
-0.00185794
-0.00186254
-0.00186696
-0.0018712
-0.0018753
-0.00187924
-0.00188305
-0.00189035
-0.00190179
-0.00191466
-0.00192743
-0.0019395
-0.00195061
-0.00194942
-0.00193705
-0.00191569
-0.00188811
-0.00185883
-0.00183012
-0.00180284
-0.00177615
-0.00175074
-0.00172699
-0.00170449
-0.00168354
-0.00166421
-0.00164646
-0.00163024
-0.00161548
-0.0016021
-0.00159002
-0.00157918
-0.0015695
-0.00156093
-0.00155331
-0.00154661
-0.00154079
-0.00153447
-0.00152845
-0.00152306
-0.00151839
-0.00151447
-0.00151127
-0.00150876
-0.0015069
-0.00150567
-0.00150501
-0.0015049
-0.0015053
-0.00150617
-0.00150749
-0.00150922
-0.00151134
-0.00151382
-0.00151663
-0.00151974
-0.00152315
-0.00152682
-0.00153073
-0.00153485
-0.00153921
-0.00154381
-0.00154865
-0.00155374
-0.00155907
-0.00156462
-0.00157034
-0.00157622
-0.00158223
-0.00158834
-0.00159456
-0.00160085
-0.00160722
-0.00161365
-0.00162013
-0.00162666
-0.00163323
-0.0016479
-0.00167559
-0.00171321
-0.00175589
-0.00179987
-0.00184329
-0.00188554
-0.00192564
-0.00195895
-0.00198125
-0.00198995
-0.00198864
-0.00198043
-0.00196841
-0.00195587
-0.00194411
-0.00193359
-0.00192446
-0.00191671
-0.00191027
-0.00190505
-0.00190098
-0.00189796
-0.00189593
-0.00189444
-0.0018935
-0.00189305
-0.00189304
-0.00189341
-0.00189413
-0.00189517
-0.00189647
-0.001898
-0.00189973
-0.00190164
-0.00190371
-0.00190593
-0.00190827
-0.00191074
-0.00191331
-0.00191599
-0.00191876
-0.00191819
-0.00191438
-0.00190937
-0.00190426
-0.00189951
-0.00189528
-0.00189161
-0.0018885
-0.00188592
-0.00188379
-0.00188203
-0.00188058
-0.00187937
-0.00187833
-0.00187741
-0.00187654
-0.00187568
-0.00187478
-0.00187379
-0.00187269
-0.00187144
-0.00187001
-0.00186838
-0.00186651
-0.00186448
-0.00186235
-0.00186021
-0.00185813
-0.00185607
-0.00185394
-0.00185169
-0.00190661
-0.00203714
-0.00224712
-0.00253526
-0.00289508
-0.00331868
-0.00379776
-0.00432391
-0.00487165
-0.0054042
-0.00589368
-0.00632699
-0.00670229
-0.00702059
-0.00728438
-0.00751309
