0.00101789
0.00237423
0.00377378
0.00512869
0.00640561
0.00759456
0.00869895
0.00972465
0.0106766
0.0115546
0.0123625
0.0131025
0.0137774
0.01439
0.0149434
0.0154405
0.0158843
0.0162777
0.0166234
0.0169244
0.0171834
0.0174029
0.0175856
0.0177341
0.0178508
0.0179381
0.0179982
0.0180335
0.0180458
0.0180375
0.0180101
0.0179655
0.0179054
0.0178314
0.0177451
0.0176477
0.0175402
0.0174236
0.0172989
0.0171667
0.0170277
0.0168824
0.0167316
0.0165757
0.0164152
0.0162502
0.0160811
0.0159079
0.0157308
0.01555
0.0153657
0.0151778
0.0149865
0.0147919
0.014594
0.0143929
0.0141886
0.013981
0.0137703
0.0135564
0.0133393
0.0131189
0.0128954
0.0126687
0.0124387
0.0122055
0.011969
0.0117292
0.0114861
0.0112396
0.0109901
0.0107388
0.0105036
0.0102773
0.0100532
0.00982905
0.00960396
0.00937796
0.00915132
0.00892443
0.0086977
0.00847156
0.00824636
0.00802238
0.00779982
0.00757888
0.00735974
0.00714255
0.00692749
0.00671468
0.00650427
0.00629622
0.00609052
0.00588715
0.00568607
0.00548727
0.00529073
0.00509645
0.0049044
0.00471528
0.00452827
0.00434344
0.00416095
0.00398095
0.00380353
0.00362876
0.0034566
0.00328701
0.00311987
0.00295507
0.00279245
0.0026322
0.00247451
0.00231955
0.00216747
0.00201842
0.00187252
0.00172989
0.00159062
0.00145481
0.00132697
0.00120674
0.00109376
0.00098798
0.000889156
0.000797042
0.000711388
0.000631938
0.000558275
0.000490111
0.000427368
0.000369061
0.000315004
0.000264889
0.000218377
0.000175114
0.000134793
9.7128e-05
6.18596e-05
2.87543e-05
-3.38797e-06
-3.41885e-05
-5.1017e-05
-4.38481e-05
-1.37612e-05
3.63189e-05
0.000105034
0.000191636
0.000294919
0.000400145
0.000501156
0.000595606
0.00068268
0.000762545
0.000835523
0.000901996
0.000962359
0.001017
0.00106628
0.00111056
0.00115017
0.00118547
0.00121676
0.00124435
0.00126851
0.00128949
0.00130751
0.00132278
0.0013355
0.00134586
0.00135401
0.00136011
0.00136431
0.00136675
0.00136757
0.00136688
0.00136479
0.00136139
0.00135677
0.00135101
0.00134416
0.00133631
0.0013275
0.0013178
0.00130728
0.00129601
0.00128406
0.00127149
0.00125838
0.0012448
0.00123118
0.00121754
0.00120387
0.00119017
0.00117645
0.00116272
0.00114903
0.0011354
0.00112182
0.00110735
0.0010926
0.00107758
0.00106251
0.00104745
0.00103233
0.00101711
0.00100179
0.000986375
0.000970852
0.000955227
0.00093949
0.000925116
0.000919735
0.000923074
0.000931508
0.000941911
0.000952751
0.000963216
0.000971239
0.000974275
0.000970269
0.000958525
0.000939289
0.000913487
0.000882555
0.000848319
0.000812915
0.000777898
0.0007439
0.000711153
0.00067972
0.000649565
0.00062063
0.000592852
0.000566166
0.000540513
0.000515838
0.000492091
0.000469225
0.000447295
0.000426149
0.00040576
0.000386116
0.000367204
0.000349007
0.000331507
0.000314688
0.00029853
0.000283014
0.000268116
0.000253811
0.000240079
0.000226898
0.000214245
0.000202096
0.000190427
0.000179212
0.000168428
0.000158061
0.000148098
0.000139124
0.000131098
0.000123982
0.000117735
0.000112321
0.000107689
0.000103788
0.00010059
9.80403e-05
9.60997e-05
9.47683e-05
9.40143e-05
9.3807e-05
9.41109e-05
9.48888e-05
9.61101e-05
9.77434e-05
9.97597e-05
0.000102129
0.000104826
0.000107631
0.0001131
0.000119512
0.000135678
0.000163737
0.000200732
0.000245228
0.000296499
0.000348418
0.000398452
0.000444065
0.000483266
0.00051549
0.000541054
0.00056088
0.000576322
0.000589062
0.000600151
0.000610061
0.000619014
0.000627129
0.000634485
0.000641138
0.000647135
0.000652514
0.000657309
0.000661552
0.000665273
0.000668497
0.000671232
0.000673522
0.000675388
0.000676843
0.000677903
0.000678585
0.000678904
0.000678874
0.000678512
0.000677831
0.000676846
0.000675572
0.000674026
0.000672227
0.000670192
0.00066794
0.000665486
0.000662848
0.000660043
0.000657085
0.000653988
0.000650699
0.000647236
0.000643614
0.000639849
0.000635981
0.00063205
0.000628093
0.000624144
0.00062023
0.00061638
0.000612623
0.000608981
0.000605476
0.000602088
0.000598786
0.000595537
0.000592308
0.00058907
0.000585805
0.000582496
0.000579086
0.000575596
0.000572053
0.000589567
0.00063169
0.000697087
0.000781767
0.000882009
0.000995957
0.00112262
0.00124962
0.0013715
0.00148612
0.00159274
0.00169149
0.0017794
0.00185588
0.00192152
0.00197761
0.0020259
0.00206838
0.00210598
0.00213921
0.00216844
0.00219393
0.00221592
0.00223462
0.00225019
0.00226282
0.00227262
0.00227978
0.00228442
0.00228665
0.00228659
0.00228434
0.00228
0.00227365
0.00226539
0.0022553
0.00224345
0.00222993
0.00221483
0.00219825
0.0021803
0.00216107
0.00214068
0.00211921
0.00209676
0.00207344
0.00204934
0.00202458
0.00199925
0.00197346
0.0019473
0.00192085
0.00189421
0.00186742
0.00184057
0.00181366
0.00178677
0.00176002
0.00173347
0.00170718
0.0016812
0.00165557
0.00163036
0.00160558
0.00158129
0.00155751
0.00153428
0.00151099
0.00148785
0.00147236
0.00146489
0.00146271
0.00146303
0.00146341
0.00146284
0.00146097
0.0014577
0.00144455
0.00141864
0.00138021
0.00133014
0.00127431
0.0012178
0.00116268
0.00110978
0.00105937
0.00101022
0.000961651
0.000913677
0.000866054
0.000819974
0.000775854
0.000733793
0.000693763
0.000655691
0.000619502
0.000585177
0.000550786
0.000516361
0.000482888
0.000450761
0.000420107
0.000390942
0.000363237
0.000336948
0.000312027
0.000288427
0.000266104
0.000245051
0.000225254
0.000206695
0.000189349
0.000173189
0.000158183
0.000144298
0.000131495
0.000119737
0.000108933
9.9052e-05
9.00566e-05
8.19097e-05
7.45991e-05
6.81019e-05
6.23935e-05
5.74477e-05
5.3231e-05
4.96981e-05
4.68121e-05
4.45318e-05
4.2819e-05
4.16378e-05
4.09542e-05
4.07357e-05
4.09511e-05
4.15695e-05
4.25608e-05
4.38958e-05
4.55798e-05
5.23838e-05
6.68696e-05
8.74036e-05
0.000110712
0.000134716
0.000158419
0.000187335
0.000217664
0.00024773
0.000276256
0.000302836
0.000327771
0.000351353
0.000373707
0.000394886
0.000414909
0.000433814
0.000451649
0.000468463
0.000484302
0.000499229
0.000513302
0.000526573
0.000539088
0.000550891
0.000562023
0.000572521
0.000582418
0.000591715
0.000600478
0.000608732
0.0006165
0.0006238
0.000630653
0.000637077
0.000643088
0.000648703
0.000653938
0.000658806
0.000663324
0.000667497
0.000671336
0.000674851
0.000678052
0.00068095
0.000683556
0.000685882
0.000687938
0.000689736
0.000691261
0.000692532
0.000693571
0.000694396
0.000695014
0.000695424
0.000695627
0.000695625
0.000695417
0.000695005
0.000694393
0.000693615
0.000692716
0.000691744
0.000690724
0.000689673
0.000688605
0.000687528
0.00068645
0.000685378
0.000684275
0.000683195
0.000696036
0.000725327
0.000769107
0.000823715
0.000885537
0.000952767
0.00102444
0.00109481
0.0011613
0.00122154
0.00127332
0.001316
0.00134979
0.00137545
0.0013941
0.0014072
0.00141643
0.00142329
0.00142848
0.00143233
0.00143501
0.00143662
0.00143725
0.00143695
0.00143577
0.00143376
0.00143095
0.00142739
0.00142312
0.00141814
0.0014125
0.00140623
0.00139933
0.00139185
0.0013838
0.00137521
0.0013661
0.00135648
0.00134639
0.00133585
0.00132492
0.00131362
0.00130199
0.00129007
0.0012779
0.00126551
0.00125294
0.00124021
0.00122737
0.00121447
0.00120153
0.00118858
0.00117564
0.00116277
0.00115001
0.00113742
0.001125
0.00111279
0.00110085
0.00108781
0.00107454
0.00106138
0.0010485
0.00103597
0.00102382
0.001012
0.00100046
0.000989208
0.000978091
0.000967193
0.00096387
0.000968235
0.000977379
0.000988701
0.00100091
0.00101331
0.00102411
0.00103114
0.00103282
0.0010286
0.0010186
0.00100356
0.000984591
0.000963174
0.000941044
0.000919259
0.000898244
0.00087815
0.000859015
0.000840804
0.000823467
0.000806952
0.000791207
0.000776185
0.000761842
0.000748138
0.000735036
0.000722536
0.00071057
0.000699109
0.000688129
0.000677604
0.000667515
0.000657844
0.000648576
0.000639695
0.000631191
0.000623053
0.000615272
0.000607854
0.000600802
0.000594116
0.000587796
0.000581838
0.000576238
0.00057099
0.000566086
0.000561517
0.000557247
0.000553273
0.000549593
0.000546204
0.000543104
0.000540268
0.000537662
0.000535265
0.000533085
0.000531124
0.000529389
0.000527878
0.000526586
0.000525502
0.000524618
0.000523924
0.000523409
0.000523063
0.000522876
0.000522835
0.000522921
0.000527719
0.000538538
0.000554071
0.000571348
0.000588627
0.000605213
0.000613504
0.000618115
0.000614717
0.000603633
0.000585345
0.000560461
0.000529835
0.00049458
0.000456048
0.000415807
0.000375606
0.000337219
0.000301333
0.000268139
0.000237591
0.000209563
0.000183913
0.000160494
0.000139168
0.000119808
0.000102294
8.65191e-05
7.24269e-05
5.98746e-05
4.87808e-05
3.90701e-05
3.06733e-05
2.35267e-05
1.75711e-05
1.27516e-05
9.01712e-06
6.3196e-06
4.61382e-06
3.85678e-06
4.00736e-06
5.02167e-06
6.85376e-06
9.45624e-06
1.27807e-05
1.67783e-05
2.13999e-05
2.65968e-05
3.23208e-05
3.85276e-05
4.51742e-05
5.22159e-05
5.96083e-05
6.73333e-05
7.53732e-05
8.37055e-05
9.23051e-05
0.000101157
0.000110232
0.000119473
0.000128845
0.000138307
0.000147823
0.000157364
0.0001669
0.00017641
0.000185873
0.000195269
0.00020458
0.000214019
0.000225402
0.00023892
0.000253479
0.000268517
0.000283756
0.000298754
0.000313356
0.00032771
0.000341841
0.000355719
0.000369318
0.000382628
0.000395647
0.000408378
0.00042082
0.000432972
0.000444832
0.000456406
0.000467712
0.000478769
0.000489586
0.000500183
0.000510071
0.000519581
0.000528852
0.000537945
0.000546887
0.000555691
0.000564334
0.000572854
0.000581253
0.000589531
0.000597687
0.000605723
0.000613638
0.000621432
0.000629106
0.00063666
0.000644096
0.000651412
0.000658599
0.000665649
0.000672553
0.000679306
0.000685901
0.000692334
0.000698601
0.000704698
0.000710623
0.00071634
0.000721852
0.000727164
0.000732282
0.000737193
0.00074189
0.000746364
0.000750609
0.000754628
0.000758426
0.000762007
0.000765388
0.000768589
0.000771623
0.000774496
0.000777211
0.000779769
0.000782184
0.000784465
0.000786619
0.000788712
0.000792828
0.000799356
0.000806779
0.000814217
0.000821324
0.000827964
0.000827454
0.000820364
0.000807929
0.000791756
0.000774545
0.000757648
0.000741605
0.000725888
0.000710921
0.000696928
0.000683662
0.00067132
0.000659948
0.000649531
0.00064002
0.000631363
0.000623507
0.000616404
0.000610008
0.000604277
0.00059917
0.000594602
0.00059057
0.00058704
0.000583156
0.000579421
0.000576037
0.000573076
0.000570555
0.00056847
0.000566808
0.000565553
0.000564686
0.000564192
0.000564052
0.000564248
0.000564761
0.000565569
0.000566652
0.00056799
0.000569561
0.000571344
0.00057332
0.000575498
0.000577863
0.000580394
0.000583072
0.000585907
0.000588903
0.000592059
0.000595373
0.000598842
0.000602448
0.000606157
0.000609947
0.000613801
0.000617704
0.000621642
0.000625605
0.000629584
0.000633569
0.000637553
0.000641527
0.000645558
0.000654106
0.000669976
0.000691479
0.000715945
0.000741296
0.000766512
0.000791251
0.000814992
0.00083507
0.00084905
0.000855398
0.000856122
0.000852971
0.000847696
0.000842182
0.000837181
0.000832966
0.00082961
0.000827104
0.000825406
0.00082446
0.000824213
0.000824616
0.000825627
0.000826968
0.000828622
0.000830537
0.000832667
0.000834955
0.0008374
0.000839968
0.000842622
0.000845338
0.000848102
0.000850902
0.00085373
0.00085658
0.000859446
0.000862328
0.000865227
0.000868146
0.000871081
0.000871789
0.000870308
0.000867973
0.000865521
0.000863252
0.000861275
0.00085962
0.000858193
0.000857
0.000856016
0.000855204
0.000854528
0.00085395
0.000853435
0.000852949
0.000852466
0.000851962
0.000851419
0.000850822
0.000850164
0.00084944
0.000848652
0.000847805
0.000846907
0.000846008
0.000845164
0.000844428
0.000843774
0.00084327
0.000842989
0.000843019
0.000873182
0.000941359
0.00104758
0.00118935
0.00136248
0.00156272
0.00178622
0.00202957
0.00228404
0.00253634
0.00277394
0.00298939
0.00318017
0.00334522
0.00348446
0.00360656
