0
-0.00312878
-0.00609689
-0.00737212
-0.00852447
-0.00914288
-0.00921617
-0.00882999
-0.00821343
-0.00784215
-0.00747401
-0.00723476
-0.00709039
-0.00703628
-0.00706302
-0.00716806
-0.00734808
-0.00760042
-0.00792244
-0.00831166
-0.00876583
-0.00928293
-0.00986075
-0.0104983
-0.0111923
-0.011944
-0.0127503
-0.0136123
-0.0145313
-0.0155043
-0.0165312
-0.0176121
-0.0187471
-0.0199369
-0.0211827
-0.022336
-0.0234209
-0.0244379
-0.0253875
-0.0262702
-0.027087
-0.0278379
-0.0285242
-0.0291455
-0.0297043
-0.0301991
-0.0306312
-0.0310001
-0.0313063
-0.0315499
-0.0317308
-0.0318492
-0.0319049
-0.031898
-0.0318284
-0.0316957
-0.0314999
-0.0312406
-0.0309174
-0.0305299
-0.0300806
-0.0295636
-0.0289823
-0.0283353
-0.0276218
-0.0268409
-0.0259917
-0.025073
-0.0240837
-0.0230225
-0.021888
-0.0210961
-0.0204673
-0.0198875
-0.0192587
-0.0186896
-0.0181914
-0.0177699
-0.0174283
-0.0171679
-0.0169886
-0.0168877
-0.0168396
-0.0168163
-0.0167938
-0.016772
-0.0167509
-0.0167306
-0.016711
-0.0166922
-0.0166741
-0.0166567
-0.0166399
-0.0166237
-0.0166079
-0.0165925
-0.0165774
-0.0165624
-0.0165475
-0.0165325
-0.0165176
-0.0165025
-0.0164872
-0.0164715
-0.0164554
-0.0164388
-0.0164217
-0.0164039
-0.0163855
-0.0163664
-0.0163466
-0.0163259
-0.0163046
-0.0162825
-0.0162599
-0.0162368
-0.0162133
-0.0161895
-0.0161655
-0.0161414
-0.0161172
-0.0160931
-0.0160693
-0.0162054
-0.0164248
-0.0167404
-0.0171587
-0.0176827
-0.0183138
-0.0190527
-0.0199004
-0.0205771
-0.0211465
-0.0216077
-0.0219591
-0.0221924
-0.0223109
-0.0223133
-0.0221982
-0.0219641
-0.02161
-0.0219586
-0.0224611
-0.0227672
-0.0229104
-0.0229709
-0.0230546
-0.0231517
-0.0232563
-0.023022
-0.0228577
-0.0227763
-0.0227297
-0.0226641
-0.0225971
-0.0225315
-0.0224685
-0.0224087
-0.0223523
-0.0222994
-0.0222498
-0.0222035
-0.0221603
-0.02212
-0.0220823
-0.0220471
-0.0220141
-0.0219831
-0.0219539
-0.0219264
-0.0219006
-0.0218761
-0.0218528
-0.0218305
-0.0218091
-0.0217885
-0.0217686
-0.0217492
-0.0217302
-0.0217116
-0.0216933
-0.0216752
-0.0216572
-0.0216396
-0.0216223
-0.0216054
-0.021589
-0.0215731
-0.021558
-0.0215435
-0.02153
-0.0215173
-0.0215057
-0.0214951
-0.0214855
-0.0214417
-0.0214022
-0.02133
-0.0212262
-0.0209931
-0.0207618
-0.0206662
-0.0206388
-0.0206416
-0.0206481
-0.0206565
-0.0206662
-0.0206768
-0.0206886
-0.0207017
-0.0207159
-0.021097
-0.0216445
-0.0220185
-0.0221833
-0.0222419
-0.0222812
-0.0223094
-0.0223745
-0.0224647
-0.0225374
-0.0225546
-0.0225273
-0.0224667
-0.0223821
-0.0222813
-0.0221704
-0.0220865
-0.0220444
-0.022025
-0.0220176
-0.0220166
-0.0220188
-0.0220224
-0.0220265
-0.0220305
-0.022034
-0.0220369
-0.0220391
-0.0220405
-0.0220412
-0.0220411
-0.0220401
-0.0220381
-0.0220351
-0.0220311
-0.0220261
-0.02202
-0.0220129
-0.0220047
-0.0219954
-0.0219851
-0.0219737
-0.0219614
-0.0219484
-0.0219346
-0.0219203
-0.0219056
-0.0218906
-0.0218754
-0.0218601
-0.0218448
-0.0218295
-0.0218145
-0.0217998
-0.0217604
-0.0217111
-0.0216808
-0.0216544
-0.0216439
-0.0216277
-0.0216074
-0.0215779
-0.0215715
-0.0215423
-0.0215385
-0.0214965
-0.021459
-0.0213955
-0.0212906
-0.0212861
-0.0214541
-0.0221536
-0.0226246
-0.0228979
-0.0229681
-0.0230379
-0.0231089
-0.0230567
-0.0230846
-0.0231503
-0.0232109
-0.0232204
-0.0231906
-0.0231316
-0.0230538
-0.022964
-0.0229002
-0.022864
-0.0228434
-0.0228317
-0.0228253
-0.0228219
-0.0228206
-0.0228206
-0.0228214
-0.0228228
-0.0228246
-0.0228268
-0.0228291
-0.0228317
-0.0228343
-0.0228369
-0.0228394
-0.0228418
-0.0228438
-0.0228456
-0.0228471
-0.0228482
-0.0228489
-0.0228491
-0.0228488
-0.0228481
-0.0228471
-0.0228459
-0.0228445
-0.0228431
-0.0228419
-0.0228409
-0.0228402
-0.02284
-0.0228404
-0.0228415
-0.0228432
-0.0228829
-0.0229014
-0.0229184
-0.0229357
-0.0229541
-0.0229741
-0.0229958
-0.0230197
-0.0230454
-0.0230556
-0.0230677
-0.0230811
-0.0230955
-0.0231109
-0.0231259
-0.0231409
-0.0231561
-0.0238525
-0.0251681
-0.0261634
-0.0269681
-0.0275522
-0.0279058
-0.0281067
-0.0282828
-0.0284441
-0.0282518
-0.0281325
-0.0280999
-0.028158
-0.0281561
-0.0282354
-0.0282356
-0.0281818
-0.028092
-0.0279791
-0.027857
-0.0277762
-0.0277194
-0.0276778
-0.0276455
-0.0276192
-0.027597
-0.0275776
-0.0275604
-0.027545
-0.027531
-0.0275183
-0.0275065
-0.0274956
-0.0274852
-0.0274754
-0.027466
-0.0274569
-0.027448
-0.0274392
-0.0274304
-0.0274216
-0.0274128
-0.027404
-0.0273952
-0.0273867
-0.0273784
-0.0273706
-0.0273631
-0.0273562
-0.02735
-0.0273444
-0.0273397
-0.0273358
-0.0273327
-0.0273487
-0.0273578
-0.0273631
-0.0273682
-0.0273713
-0.0273737
-0.0273773
-0.0273816
-0.0273869
-0.0273931
-0.0274003
-0.0274086
-0.027418
-0.0274284
-0.02744
-0.0274528
-0.027881
-0.0283904
-0.0287601
-0.0289449
-0.0290153
-0.0289913
-0.0289163
-0.0287885
-0.0286308
-0.0282935
-0.0279976
-0.0277823
-0.0276605
-0.0276519
-0.0277465
-0.0278984
-0.0280889
-0.0283101
-0.0284312
-0.0284676
-0.0284382
-0.0283266
-0.0282859
-0.0282733
-0.0282756
-0.0282857
-0.0283085
-0.0283644
-0.0283983
-0.0284815
-0.0284899
-0.0284558
-0.028442
-0.0284391
-0.0284414
-0.028446
-0.0284511
-0.028456
-0.0284601
-0.0284632
-0.0284651
-0.0284658
-0.0284655
-0.0284642
-0.0284621
-0.0284593
-0.028456
-0.0284523
-0.0284482
-0.0284441
-0.0284399
-0.0284358
-0.0284318
-0.0284658
-0.028478
-0.0284825
-0.0284846
-0.0284858
-0.0284864
-0.0284867
-0.0284874
-0.0284885
-0.0284904
-0.0284931
-0.0284968
-0.0285014
-0.0285072
-0.0285142
-0.0285223
-0.0285317
-0.028898
-0.0293527
-0.0296506
-0.0297467
-0.0297169
-0.0299387
-0.0299957
-0.0299398
-0.0299643
-0.0300013
-0.0300141
-0.0299995
-0.0299832
-0.0299715
-0.0299611
-0.0299504
-0.0299413
-0.0299337
-0.0299272
-0.0299218
-0.0299173
-0.0299137
-0.0299108
-0.0299087
-0.0299071
-0.0299062
-0.0299056
-0.0299053
-0.0299053
-0.0299056
-0.0299059
-0.0299063
-0.0299065
-0.0299067
-0.0299065
-0.0299061
-0.0299054
-0.0299043
-0.0299027
-0.0299007
-0.0298981
-0.0298951
-0.0298917
-0.0298881
-0.0298843
-0.0298804
-0.0298766
-0.029873
-0.0298698
-0.0298669
-0.0298645
-0.0298628
-0.0298617
-0.029905
-0.0299312
-0.0299435
-0.0299562
-0.0299701
-0.0299858
-0.0300036
-0.030008
-0.0300141
-0.0300216
-0.0300288
-0.0300381
-0.030048
-0.0300587
-0.0300704
-0.0300831
-0.0300968
-0.0308165
-0.0316486
-0.0323345
-0.0328325
-0.033121
-0.0332427
-0.0333358
-0.0334122
-0.0333594
-0.0333756
-0.0334257
-0.0334845
-0.0334805
-0.0334306
-0.03335
-0.0332489
-0.0331345
-0.0330124
-0.0329021
-0.0328352
-0.0327927
-0.0327639
-0.0327427
-0.032726
-0.0327118
-0.0326991
-0.0326872
-0.0326758
-0.0326646
-0.0326535
-0.0326424
-0.0326312
-0.0326197
-0.0326078
-0.0325956
-0.0325828
-0.0325696
-0.0325557
-0.0325413
-0.0325262
-0.0325104
-0.032494
-0.032477
-0.0324596
-0.0324418
-0.0324238
-0.0324057
-0.0323875
-0.0323695
-0.0323516
-0.0323339
-0.0323166
-0.0322997
-0.0322834
-0.0322908
-0.0322712
-0.0322236
-0.0321466
-0.0320389
-0.0318991
-0.0316176
-0.0313814
-0.0311501
-0.0310668
-0.0310566
-0.0310576
-0.0310613
-0.0310663
-0.0310719
-0.0310785
-0.0314688
-0.0320202
-0.0323981
-0.0325661
-0.0326262
-0.0326675
-0.0326979
-0.0327622
-0.032853
-0.0329198
-0.0329376
-0.0329139
-0.0328577
-0.0327778
-0.0326814
-0.0325752
-0.0325053
-0.0324714
-0.0324572
-0.0324536
-0.0324558
-0.032461
-0.0324677
-0.0324751
-0.0324826
-0.0324901
-0.0324973
-0.0325041
-0.0325106
-0.0325166
-0.0325221
-0.0325272
-0.0325316
-0.0325353
-0.0325384
-0.0325407
-0.0325424
-0.0325433
-0.0325434
-0.0325428
-0.0325413
-0.0325392
-0.0325364
-0.0325331
-0.0325295
-0.0325256
-0.0325216
-0.0325176
-0.0325138
-0.0325102
-0.0325069
-0.0325041
-0.0325019
-0.0325002
-0.0325072
-0.0324921
-0.032442
-0.0324036
-0.0323845
-0.0323778
-0.0322643
-0.0322637
-0.0322704
-0.0322781
-0.0322865
-0.0322958
-0.0323062
-0.0323177
-0.0323335
-0.0323653
-0.0327526
-0.0331301
-0.0333878
-0.0334673
-0.0334498
-0.0333534
-0.0330826
-0.032586
-0.0324139
-0.0324826
-0.0324999
-0.0324782
-0.0324287
-0.0323598
-0.0322781
-0.0321883
-0.0320942
-0.0320044
-0.0319685
-0.0319614
-0.0319691
-0.0319839
-0.0320017
-0.0320201
-0.032038
-0.0320547
-0.0320702
-0.0320845
-0.0320973
-0.0321088
-0.0321189
-0.0321275
-0.0321347
-0.0321404
-0.0321447
-0.0321475
-0.0321489
-0.0321488
-0.0321474
-0.0321445
-0.0321403
-0.0321347
-0.032128
-0.0321202
-0.0321116
-0.0321022
-0.0320921
-0.0320816
-0.0320707
-0.0320596
-0.0320483
-0.032037
-0.0320257
-0.0320535
-0.0320606
-0.0320585
-0.0320541
-0.0320484
-0.0320389
-0.032021
-0.0320023
-0.0319896
-0.0319827
-0.0319791
-0.0319755
-0.0319737
-0.0319734
-0.0319743
-0.0319758
-0.0319787
-0.032127
-0.0322496
-0.0323039
-0.0323622
-0.0323869
-0.0324199
-0.0324369
-0.032436
-0.0324358
-0.0324326
-0.0324266
-0.0324181
-0.0324057
-0.0323873
-0.0323609
-0.0323239
-0.0322737
-0.0322074
-0.0321215
-0.0320086
-0.0319597
-0.0318807
-0.0319048
-0.0318953
-0.0318918
-0.0318917
-0.0318935
-0.0318962
-0.0318993
-0.0319025
-0.0319057
-0.0319087
-0.0319114
-0.0319137
-0.0319155
-0.0319167
-0.0319174
-0.0319176
-0.0319171
-0.0319159
-0.0319141
-0.0319117
-0.0319088
-0.0319055
-0.0319019
-0.0318981
-0.0318943
-0.0318906
-0.031887
-0.0318838
-0.0318809
-0.0318786
-0.0318768
-0.0319232
-0.0319508
-0.031965
-0.0319766
-0.0319865
-0.0319948
-0.0320023
-0.0320092
-0.0320159
-0.032025
-0.0320348
-0.0320451
-0.0320561
-0.0320663
-0.0320792
-0.032093
-0.0321078
-0.0322927
-0.0324712
-0.0325756
-0.0326411
-0.0326404
-0.0325895
-0.0323955
-0.0323069
-0.0322496
-0.0322184
-0.0322409
-0.0322963
-0.0323848
-0.032404
-0.0323888
-0.0323482
-0.0322349
-0.0321915
-0.0321973
-0.0322067
-0.0322174
-0.0322287
-0.0322426
-0.0322644
-0.0323
-0.0323564
-0.0324468
-0.0324568
-0.0324399
-0.0324029
-0.0324428
-0.032426
-0.0324179
-0.0324144
-0.0324129
-0.0324119
-0.0324108
-0.032409
-0.0324064
-0.0324027
-0.032398
-0.0323922
-0.0323854
-0.0323778
-0.0323695
-0.0323605
-0.0323511
-0.0323413
-0.0323312
-0.0323209
-0.0323106
-0.0323003
-0.0322902
-0.0323191
-0.0323273
-0.0323264
-0.0323232
-0.0323189
-0.032312
-0.0323064
-0.0323013
-0.0322973
-0.032294
-0.0322917
-0.0322901
-0.03229
-0.0322911
-0.0322936
-0.0322974
-0.0323026
-0.0326655
-0.0331163
-0.033411
-0.0335774
-0.0336827
-0.0337533
-0.0337931
-0.0337574
-0.0337219
-0.0336529
-0.0335154
-0.0334198
-0.033323
-0.0332241
-0.0331324
-0.0330867
-0.0330719
-0.0330738
-0.0330848
-0.0331009
-0.0331279
-0.033173
-0.0332456
-0.033373
-0.0334104
-0.0334198
-0.0334295
-0.0334358
-0.0334277
-0.0333903
-0.0332693
-0.0332043
-0.0331933
-0.0332044
-0.0332162
-0.0332294
-0.0332488
-0.033279
-0.0333254
-0.0333946
-0.0334978
-0.0335983
-0.0336978
-0.03371
-0.0336631
-0.0336355
-0.0336268
-0.0336289
-0.0336372
-0.0336494
-0.0336641
-0.0338603
-0.0340934
-0.0342935
-0.0344636
-0.0346048
-0.0347174
-0.0348008
-0.034854
-0.0348761
-0.0348657
-0.0348214
-0.0347416
-0.0346247
-0.0344691
-0.0342736
-0.0341113
-0.0339724
-0.0338548
-0.0337562
-0.0343684
-0.0356262
-0.0373989
-0.038998
-0.0405363
-0.0420006
-0.0433876
-0.04454
-0.0454672
-0.0461667
-0.0466351
-0.046509
-0.045691
-0.0446343
-0.0435716
-0.0425786
-0.0416797
-0.0408916
-0.0403686
