0
0.000254631
0.000252918
0.000206205
0.000173468
-0.00015866
-0.000889755
-0.00136702
-0.00211866
-0.00240269
-0.00281477
-0.00299835
-0.00310155
-0.00315452
-0.00319742
-0.00323195
-0.00327093
-0.00331354
-0.00335923
-0.00340766
-0.00345862
-0.00351195
-0.00356749
-0.00362516
-0.00368463
-0.00374598
-0.00380883
-0.00387341
-0.00393771
-0.00400374
-0.00407157
-0.00414125
-0.0042128
-0.00428615
-0.00436099
-0.00444332
-0.00452426
-0.00460483
-0.00468623
-0.00476981
-0.00490632
-0.00501179
-0.00508631
-0.00515641
-0.00516453
-0.00519661
-0.0052274
-0.00528395
-0.00532531
-0.00535626
-0.00538087
-0.00540024
-0.00541521
-0.0054265
-0.00543473
-0.00544038
-0.00544389
-0.00544558
-0.00544576
-0.00544458
-0.00556333
-0.0055911
-0.0055714
-0.00554498
-0.00551249
-0.00547452
-0.00543168
-0.00542071
-0.0054093
-0.00539477
-0.00537766
-0.00537126
-0.00533095
-0.00528717
-0.0052405
-0.0051903
-0.00513694
-0.00508091
-0.0050225
-0.00496344
-0.00490566
-0.00485018
-0.00479386
-0.00473752
-0.00468125
-0.00462502
-0.0045688
-0.0045126
-0.0044564
-0.00440019
-0.00434394
-0.00428764
-0.00423125
-0.00417476
-0.00411812
-0.00406129
-0.00400423
-0.0039469
-0.00388925
-0.00383122
-0.00377278
-0.00371375
-0.00365401
-0.00359352
-0.00353219
-0.00346984
-0.00340625
-0.00334117
-0.00327432
-0.00320544
-0.00313432
-0.0030608
-0.00298484
-0.00290643
-0.00282557
-0.00274229
-0.00265658
-0.00256848
-0.002478
-0.00238516
-0.00228999
-0.00219309
-0.00208456
-0.0021531
-0.00229107
-0.00250245
-0.00278927
-0.0031522
-0.00359113
-0.00410514
-0.00469246
-0.0051231
-0.00544375
-0.00565668
-0.00575991
-0.0057709
-0.00574424
-0.00567765
-0.0055689
-0.00541458
-0.00520988
-0.00501416
-0.00498907
-0.00499984
-0.00500911
-0.00501491
-0.00501667
-0.00501468
-0.0050103
-0.00501359
-0.00508436
-0.00514711
-0.00520246
-0.00525466
-0.0053053
-0.00535408
-0.00540077
-0.0054452
-0.00548796
-0.00553071
-0.00557349
-0.00561626
-0.00565903
-0.00570177
-0.0057445
-0.0057872
-0.00582987
-0.00587251
-0.00591513
-0.00595773
-0.00600014
-0.00604242
-0.00608469
-0.00612691
-0.00616899
-0.00621094
-0.00625321
-0.00629631
-0.00634078
-0.0063872
-0.00643617
-0.00648829
-0.00654415
-0.00660427
-0.00666912
-0.0067391
-0.00681451
-0.00689559
-0.00698252
-0.0070754
-0.00717426
-0.00727847
-0.00739966
-0.00753668
-0.00769022
-0.00770736
-0.00761673
-0.00742189
-0.00712091
-0.00686892
-0.00661611
-0.00654976
-0.00653748
-0.00654083
-0.00654319
-0.00654314
-0.00653997
-0.00653353
-0.00652405
-0.00651159
-0.00649623
-0.00654053
-0.00656434
-0.00658663
-0.00661745
-0.00665625
-0.0067022
-0.00675485
-0.0066971
-0.00663504
-0.00658371
-0.00653652
-0.00649212
-0.00645086
-0.00641318
-0.00637955
-0.00635009
-0.00632049
-0.00629048
-0.00626035
-0.00623019
-0.00620004
-0.00616993
-0.00613986
-0.00610985
-0.00607989
-0.00605
-0.00602015
-0.00599036
-0.00596061
-0.00593106
-0.00590166
-0.00587229
-0.005843
-0.00581387
-0.00578498
-0.00575637
-0.0057281
-0.00570018
-0.00567261
-0.00564536
-0.00561836
-0.00559151
-0.00556461
-0.00553731
-0.00550935
-0.00548054
-0.00545077
-0.00541997
-0.00538815
-0.00535534
-0.00532234
-0.00527995
-0.00522871
-0.00516758
-0.00524377
-0.00542346
-0.00558609
-0.00571286
-0.00574234
-0.00578062
-0.00580244
-0.00581174
-0.00579058
-0.00578189
-0.00573707
-0.00572301
-0.00566783
-0.00568846
-0.00566362
-0.00569861
-0.00578673
-0.00580613
-0.00583581
-0.00586314
-0.0058957
-0.00592549
-0.00595303
-0.00598375
-0.00608641
-0.00618443
-0.00627761
-0.00636765
-0.00645395
-0.00653587
-0.00661634
-0.00669596
-0.00677416
-0.00685078
-0.00692591
-0.00699958
-0.00707186
-0.00714279
-0.00721245
-0.00728093
-0.00734832
-0.00741476
-0.00748038
-0.00754535
-0.00760983
-0.007674
-0.00773821
-0.00780275
-0.00786784
-0.00793377
-0.00800091
-0.0080697
-0.00814063
-0.00821424
-0.0082911
-0.00837179
-0.00845689
-0.00854696
-0.00864253
-0.00874403
-0.00885181
-0.00896618
-0.00908733
-0.00921542
-0.00935051
-0.00949262
-0.00964117
-0.00980781
-0.00999142
-0.0100294
-0.00998774
-0.00986509
-0.0096605
-0.00937406
-0.00900631
-0.00855774
-0.00802813
-0.00741069
-0.00693383
-0.0065737
-0.00633237
-0.00621198
-0.00620568
-0.00627294
-0.0064174
-0.00664283
-0.00695535
-0.00731797
-0.00757578
-0.00776031
-0.00787492
-0.00799424
-0.00812394
-0.00826188
-0.00840699
-0.00854777
-0.00866363
-0.00878509
-0.00891146
-0.0090661
-0.00909537
-0.00902461
-0.00895334
-0.00888276
-0.00881337
-0.00874585
-0.00868992
-0.00864278
-0.00859656
-0.00855059
-0.00850484
-0.0084593
-0.00841396
-0.00836881
-0.00832383
-0.00827916
-0.00823475
-0.00819046
-0.00814633
-0.00810244
-0.00805885
-0.0080156
-0.00797272
-0.00793022
-0.00788809
-0.00784622
-0.00780427
-0.00776199
-0.00771919
-0.00767571
-0.00763144
-0.00758629
-0.00754017
-0.00749301
-0.00744478
-0.00739546
-0.00734617
-0.00728727
-0.0072193
-0.00714121
-0.00711483
-0.00712795
-0.00717916
-0.00726646
-0.00731917
-0.00734404
-0.00735532
-0.0073611
-0.00736505
-0.00736937
-0.00737524
-0.00738337
-0.00739406
-0.00740745
-0.00742363
-0.00744262
-0.00741317
-0.0073931
-0.00737251
-0.00737128
-0.00738146
-0.00739407
-0.00741011
-0.00743138
-0.00745905
-0.00749545
-0.00755362
-0.00759449
-0.00763077
-0.00766703
-0.0077029
-0.00773733
-0.00776995
-0.00780032
-0.00784969
-0.00789515
-0.00793815
-0.00797856
-0.00801731
-0.00805588
-0.00809423
-0.00813227
-0.00816854
-0.00820326
-0.00821119
-0.00824865
-0.0082854
-0.00832166
-0.0083576
-0.00839339
-0.00842913
-0.00846525
-0.00850223
-0.00854057
-0.00858084
-0.00862358
-0.00866936
-0.00871872
-0.00877216
-0.00883009
-0.00889285
-0.0089607
-0.00903383
-0.00911237
-0.00919635
-0.00928578
-0.00938005
-0.00949077
-0.0096168
-0.00963551
-0.00961868
-0.00956731
-0.00948297
-0.00937376
-0.00931388
-0.00928103
-0.00926116
-0.00924664
-0.00923377
-0.00922036
-0.00920524
-0.00918777
-0.00916764
-0.00914474
-0.00911901
-0.00909106
-0.0091225
-0.00908205
-0.0089935
-0.00885441
-0.00866003
-0.00849616
-0.00839219
-0.00828992
-0.00813193
-0.00798155
-0.00783743
-0.00769925
-0.00756791
-0.00744497
-0.00733121
-0.00722729
-0.00712989
-0.00703905
-0.00695477
-0.00687703
-0.00680579
-0.00674101
-0.0066826
-0.00663049
-0.0065835
-0.00653812
-0.00649289
-0.00644777
-0.00640275
-0.00635799
-0.00631342
-0.00626892
-0.00622453
-0.00618033
-0.00613637
-0.00609272
-0.00604939
-0.0060064
-0.0059635
-0.00592039
-0.00587684
-0.00583264
-0.00578764
-0.00574171
-0.00569475
-0.0056467
-0.00559739
-0.00554672
-0.00549468
-0.00544131
-0.00538726
-0.00532258
-0.0052478
-0.00524986
-0.00530814
-0.00542366
-0.0055971
-0.00582905
-0.00612027
-0.0064732
-0.00671008
-0.00683952
-0.00685917
-0.00686903
-0.00686959
-0.00687263
-0.00687845
-0.00688724
-0.00689899
-0.00691368
-0.00689571
-0.00687788
-0.00686372
-0.00684575
-0.00682259
-0.00679453
-0.00676358
-0.00673059
-0.00671412
-0.00677631
-0.00683367
-0.00688457
-0.00693126
-0.00697319
-0.00701307
-0.00705156
-0.00708857
-0.00712403
-0.00715785
-0.00718993
-0.00722019
-0.00724861
-0.00727557
-0.00730252
-0.00732948
-0.00735643
-0.00738336
-0.00741029
-0.00743722
-0.00746398
-0.00749064
-0.00751731
-0.00754394
-0.00757052
-0.00759737
-0.00762491
-0.00765361
-0.00768395
-0.00771647
-0.00775172
-0.00779023
-0.00783255
-0.00787915
-0.00793043
-0.00798671
-0.00804825
-0.00811523
-0.00818776
-0.00826587
-0.00834956
-0.0084382
-0.00854341
-0.00866405
-0.00880081
-0.0088172
-0.00875974
-0.00862724
-0.00841931
-0.00813574
-0.0077756
-0.00751829
-0.00738492
-0.00725866
-0.00720715
-0.00719078
-0.00717466
-0.00715525
-0.00713214
-0.00710516
-0.00707482
-0.00710619
-0.00712101
-0.00713073
-0.00714639
-0.00716875
-0.00719772
-0.00723264
-0.00715977
-0.0070907
-0.00702452
-0.0069611
-0.00690079
-0.00684414
-0.00679175
-0.0067443
-0.00669992
-0.00665559
-0.00661133
-0.00656719
-0.00652317
-0.00647926
-0.00643545
-0.00639174
-0.00634814
-0.00630463
-0.0062612
-0.00621786
-0.0061746
-0.0061314
-0.00608842
-0.00604559
-0.0060028
-0.00596009
-0.00591754
-0.00587521
-0.00583315
-0.0057914
-0.00574997
-0.00570885
-0.005668
-0.00562722
-0.00558606
-0.00554414
-0.00550118
-0.00545697
-0.00541135
-0.00536425
-0.00531564
-0.00526553
-0.00521398
-0.00516182
-0.00509939
-0.00502723
-0.00494431
-0.00496737
-0.00506774
-0.0052088
-0.00529128
-0.00533116
-0.00534399
-0.00532912
-0.00533929
-0.00534412
-0.00534938
-0.00535633
-0.0053657
-0.0053777
-0.00539243
-0.00541696
-0.0054492
-0.00548479
-0.00554158
-0.00561536
-0.0056974
-0.00578539
-0.00587919
-0.00596922
-0.00602996
-0.00609604
-0.0061712
-0.00624504
-0.00631735
-0.00638799
-0.00645683
-0.00652375
-0.00658867
-0.00665153
-0.0067123
-0.00677098
-0.00682744
-0.00688166
-0.00693365
-0.00698347
-0.00703119
-0.00707692
-0.00712079
-0.00716293
-0.00720351
-0.00724269
-0.00728064
-0.00731772
-0.00735421
-0.00739031
-0.0074263
-0.00746254
-0.00749947
-0.00753755
-0.0075773
-0.00761927
-0.00766403
-0.00771214
-0.00776414
-0.00782052
-0.0078817
-0.00794803
-0.00801978
-0.00809714
-0.00818023
-0.00826912
-0.0083638
-0.00846367
-0.00858038
-0.00871277
-0.00871488
-0.00868157
-0.00861397
-0.00851372
-0.00838288
-0.0082678
-0.00817196
-0.00809417
-0.00804109
-0.00800617
-0.00797849
-0.00794957
-0.00791825
-0.00788421
-0.0078472
-0.00780635
-0.00776268
-0.00772352
-0.00768498
-0.0076522
-0.00762631
-0.00757828
-0.00749169
-0.0074028
-0.00731599
-0.00723569
-0.00716369
-0.00709495
-0.00702484
-0.00695147
-0.00687304
-0.00678781
-0.00669403
-0.00658982
-0.00647261
-0.00633851
-0.00618253
-0.00603376
-0.00591208
-0.00577723
-0.00564861
-0.00552637
-0.00541032
-0.0053003
-0.00519609
-0.00509748
-0.00500428
-0.0049161
-0.00483261
-0.00475358
-0.00467872
-0.00460762
-0.00453984
-0.00447489
-0.00441223
-0.0043513
-0.00429152
-0.00423232
-0.00417315
-0.00411352
-0.00405301
-0.00399129
-0.0039281
-0.00386325
-0.00379665
-0.00372827
-0.00365812
-0.00358685
-0.00350449
-0.00341154
-0.00339316
-0.00341384
-0.0034727
-0.00356838
-0.00369889
-0.00383533
-0.00393992
-0.0040123
-0.00405224
-0.00407567
-0.00411982
-0.0041823
-0.00426079
-0.00429321
-0.00431493
-0.00434598
-0.00438421
-0.004424
-0.0044678
-0.00451751
-0.00458219
-0.00466404
-0.00475064
-0.00484468
-0.00493048
-0.00501226
-0.00509337
-0.00517389
-0.0052528
-0.00532953
-0.00540549
-0.00547916
-0.00555028
-0.00561763
-0.00568394
-0.00574778
-0.00580915
-0.00586816
-0.00592491
-0.00597951
-0.00603211
-0.00608286
-0.00613197
-0.00617988
-0.00622343
-0.00626522
-0.00628027
-0.00632003
-0.00635882
-0.00639703
-0.00643492
-0.00647284
-0.00651118
-0.00655043
-0.0065911
-0.00663373
-0.00667887
-0.00672709
-0.00677893
-0.00683488
-0.00689535
-0.00696068
-0.00703114
-0.00710692
-0.00718815
-0.00727486
-0.00736707
-0.00746416
-0.00757777
-0.00770676
-0.00770942
-0.00767636
-0.00760873
-0.00750812
-0.00737661
-0.00727674
-0.0072158
-0.00717528
-0.00714498
-0.00711803
-0.00709121
-0.00706181
-0.00703013
-0.0069959
-0.00695893
-0.00691918
-0.00687663
-0.00689495
-0.00689983
-0.00691564
-0.0069324
-0.00691705
-0.00686828
-0.00678566
-0.00661651
-0.0063794
-0.00608767
-0.00575945
-0.00544475
-0.00513939
-0.00484295
-0.00455523
-0.00427723
-0.00400814
-0.00374731
-0.00349423
-0.00324854
-0.00301005
-0.00277883
-0.00255557
-0.00234687
-0.002097
-0.00187184
-0.00164753
-0.00142541
-0.00120548
-0.000987101
-0.000767308
-0.0005546
-0.000344046
-0.000135073
7.33871e-05
0.000281761
0.00049049
0.000700096
0.00091114
0.00112419
0.0013397
0.00153149
0.00175516
0.00198582
0.00222368
0.00246682
0.00271552
0.00297024
0.00323126
0.00349877
0.00377228
0.00384133
0.00383982
0.00376383
0.00360614
0.00336367
0.00303561
0.00262233
0.00212486
0.00154441
0.000882182
0.00013947
-0.000682521
-0.00158282
-0.00256101
-0.00362183
-0.00451636
-0.00529096
-0.00594388
-0.0064734
-0.0068769
-0.00721832
-0.00741203
-0.00760843
-0.00780841
-0.0080083
-0.00820179
-0.00843461
-0.00869331
-0.00896148
-0.00923927
-0.00951942
-0.00979896
-0.0100816
-0.0103
-0.0105546
-0.0108074
-0.0110628
-0.0113288
