0.087224
0.082541
0.0765709
0.0710547
0.0664634
0.06168
0.057247
0.0531145
0.0492996
0.0457449
0.0424569
0.039399
0.0365623
0.0339303
0.0314878
0.0292212
0.0271176
0.0251653
0.0233534
0.0216717
0.020111
0.0186624
0.0173178
0.0160698
0.0149112
0.0138358
0.0128374
0.0119106
0.0110496
0.0102503
0.00950833
0.00881952
0.00818007
0.00758642
0.00703529
0.00652396
0.00604941
0.00560899
0.00520023
0.00482083
0.00446919
0.0041433
0.00383933
0.00356
0.00329761
0.00305509
0.00282826
0.00261808
0.0024226
0.00224099
0.00207231
0.00191574
0.00177042
0.00163558
0.00151048
0.00139441
0.00128674
0.00118685
0.00109421
0.00100828
0.000926188
0.000851936
0.000783958
0.000721071
0.000662901
0.000609103
0.000559355
0.000512563
0.000469237
0.000429176
0.000392671
0.000362002
0.00198216
0.00216541
0.00200794
0.00186171
0.00172573
0.00159932
0.00148181
0.00137222
0.0012697
0.00117393
0.00108456
0.00100173
0.00092497
0.00085385
0.00078796
0.000726923
0.000670388
0.000618031
0.000569551
0.000524666
0.000483118
0.000444665
0.000409084
0.000376167
0.000345721
0.000317568
0.000291541
0.000267486
0.000245261
0.000224737
0.000205788
0.000188301
0.000172171
0.000157305
0.000143612
0.000131014
0.000119432
0.000108796
9.90359e-05
9.00864e-05
8.18847e-05
7.43736e-05
6.74985e-05
6.12098e-05
5.54617e-05
5.02113e-05
4.54187e-05
4.10466e-05
3.70606e-05
3.34671e-05
3.04915e-05
2.40286e-05
1.66632e-05
8.36281e-06
-8.54954e-07
-1.09412e-05
-2.18372e-05
-3.35379e-05
-4.60418e-05
-9.17939e-05
-9.19681e-05
-8.95252e-05
-8.47187e-05
-8.04071e-05
-7.54958e-05
-6.99842e-05
-6.38766e-05
-5.6982e-05
-4.92181e-05
-4.72669e-05
0.00134492
0.00328382
0.00463498
0.00571092
0.00678248
0.00784516
0.00882012
0.00816625
0.00756629
0.00701397
0.00648776
0.00601894
0.00558392
0.00518026
0.0048057
0.00445816
0.00413567
0.00383639
0.00355866
0.00330092
0.00306172
0.00283974
0.00263374
0.00244255
0.00226513
0.00210047
0.00194766
0.00180584
0.00167422
0.00155207
0.00143871
0.0013335
0.00123586
0.00114524
0.00106113
0.000983036
0.000910527
0.000843186
0.000780629
0.000722502
0.000668476
0.000618249
0.000571541
0.000528095
0.000487674
0.000450058
0.000415048
0.000382456
0.00035211
0.000323817
0.00029715
0.000272004
0.000248255
0.000229296
0.000213736
0.000201313
0.000192085
8.63094e-05
8.43285e-05
5.8962e-05
5.3389e-05
4.78243e-05
3.22601e-05
1.77426e-05
4.24776e-06
-8.29995e-06
-1.99666e-05
-3.08175e-05
-2.148e-05
0.000145068
0.00115604
0.00175003
0.00191515
0.0018854
0.00183211
0.00175955
0.00148461
0.0010104
0.000420163
-0.000147449
-0.000648113
-0.00104884
-0.0013246
-0.00145594
-0.00142724
-0.0013261
-0.00123224
-0.00114512
-0.00106427
-0.000989227
-0.000919578
-0.000854932
-0.00079493
-0.000739236
-0.000687543
-0.00063956
-0.000595019
-0.000553675
-0.000515295
-0.000479667
-0.000446592
-0.000415887
-0.000387379
-0.000360914
-0.000336341
-0.000313524
-0.000292339
-0.000272667
-0.000254398
-0.000237434
-0.000221679
-0.000207046
-0.00019345
-0.000180814
-0.00016907
-0.000158153
-0.000148009
-0.000138582
-0.000129824
-0.000121657
-0.000113809
-0.000106261
-9.89651e-05
-9.49325e-05
-9.29385e-05
-8.84533e-05
-8.40276e-05
-7.97566e-05
-7.53989e-05
-7.1154e-05
-6.70403e-05
-6.26445e-05
-5.90822e-05
-5.46267e-05
-5.11175e-05
-4.6934e-05
-4.44511e-05
-4.10816e-05
-3.92236e-05
0.000273131
0.000242379
0.00138275
0.00232764
0.00278765
0.00322926
0.00365841
0.00337244
0.00311313
0.00268287
0.00214459
0.0016412
0.00120813
0.000873074
0.000655234
0.000571338
0.000528733
0.000489229
0.000452602
0.000418643
0.000387156
0.000357965
0.000330903
0.000305814
0.000282553
0.000260986
0.000240991
0.000222448
0.000205252
0.000189299
0.000174491
0.000160743
0.000147976
0.000136108
0.000125068
0.000114785
0.000105195
9.62345e-05
8.78489e-05
7.99857e-05
7.25947e-05
6.5635e-05
5.90673e-05
5.28581e-05
4.69778e-05
4.14001e-05
3.61018e-05
3.10633e-05
2.62689e-05
2.16989e-05
1.73058e-05
1.27964e-05
8.19191e-06
6.7791e-06
7.038e-06
8.86619e-06
1.21742e-05
1.68597e-05
2.28165e-05
2.99504e-05
3.81861e-05
4.7585e-05
5.33825e-05
5.6291e-05
5.64717e-05
5.40763e-05
4.94327e-05
4.35375e-05
3.64082e-05
2.7976e-05
2.29115e-05
2.15825e-05
0.00275164
0.00483552
0.00655643
0.00781082
0.00878574
0.00973644
0.0106688
0.00992844
0.00923879
0.00859659
0.00799803
0.00744199
0.00651712
0.0056657
0.00492581
0.00432704
0.0038916
0.00361942
0.00336168
0.0031196
0.00289494
0.00268646
0.00249299
0.00231346
0.00214686
0.00199226
0.00184879
0.00171565
0.0015921
0.00147745
0.00137105
0.00127232
0.00118069
0.00109566
0.00101675
0.000943519
0.000875561
0.000812494
0.000753973
0.000699672
0.000649289
0.000602541
0.000559162
0.000518912
0.000481561
0.000446898
0.000414727
0.00038487
0.000357181
0.000331761
0.000308447
0.000287114
0.000266362
0.000246293
0.000226888
0.000208144
0.000191821
0.00017721
0.000163918
0.000151767
0.000140575
0.000130254
0.000120699
0.000111851
0.000103642
9.60249e-05
8.89525e-05
8.25683e-05
7.47396e-05
0.00106918
0.00169741
0.00193196
0.00194674
0.0017889
0.00164001
0.00149935
0.0013688
0.000135635
-0.000979612
-0.00190016
-0.00271845
-0.00284031
-0.00264247
-0.00245847
-0.0022873
-0.00212808
-0.00213407
-0.00216046
-0.00213877
-0.00214462
-0.00199074
-0.00184794
-0.00171541
-0.00159221
-0.00147767
-0.00137121
-0.00127208
-0.00140207
-0.00142191
-0.00132008
-0.00122557
-0.00113787
-0.0010565
-0.000980998
-0.000910967
-0.000846021
-0.000785806
-0.000729994
-0.000678279
-0.000630374
-0.000586014
-0.000544949
-0.000506944
-0.000471783
-0.000439258
-0.000409182
-0.000381373
-0.000355667
-0.000331949
-0.000310391
-0.000290819
-0.000270365
-0.000250648
-0.000231636
-0.000213315
-0.000195823
-0.000181019
-0.00016783
-0.000155888
-0.000145005
-0.000135016
-0.000125806
-0.000117293
-0.000109411
-0.000102192
-9.55611e-05
-8.94712e-05
-8.35741e-05
0.000591843
0.00133488
0.00169866
0.00169738
0.00160041
0.00151303
0.00222316
0.00208816
0.00195695
0.00175135
0.0015659
0.00144756
0.00135497
0.00126592
0.00117963
0.0010956
0.00101748
0.000944834
0.000877277
0.00081444
0.000755984
0.000701596
0.000650982
0.000603874
0.000560047
0.000519343
0.000481572
0.000446524
0.000414001
0.000383822
0.000355818
0.000329833
0.000305722
0.000283349
0.000262588
0.000243325
0.000225451
0.000208866
0.000193482
0.000179221
0.000166003
0.000153756
0.00014241
0.000131899
0.00012216
0.000113136
0.000104777
9.70308e-05
8.98512e-05
8.3196e-05
7.70641e-05
7.16941e-05
6.7031e-05
6.10687e-05
5.43166e-05
4.67999e-05
3.85558e-05
2.96226e-05
2.00253e-05
9.75467e-06
2.96626e-06
-7.50646e-07
-1.56369e-06
-2.23704e-06
-2.58628e-06
-2.6552e-06
-2.71108e-06
-2.75951e-06
-2.80514e-06
-2.72971e-06
-5.11017e-06
0.00197749
0.00350985
0.00460753
0.00528109
0.0056431
0.00597402
0.00628092
0.00580789
0.00534898
0.0047155
0.00391888
0.00315993
0.00247448
0.0018877
0.0014206
0.00109057
0.000911747
0.000845881
0.00078481
0.000728182
0.00067568
0.000626994
0.000581814
0.000539887
0.000500979
0.000464872
0.000431363
0.000400268
0.000371409
0.000344628
0.000319772
0.000296705
0.000275296
0.000255415
0.000236942
0.00021976
0.000203768
0.000188864
0.000174958
0.000161968
0.000149815
0.000138433
0.000127759
0.00011774
0.000108324
9.9468e-05
9.11336e-05
8.32854e-05
7.58898e-05
6.8875e-05
6.18836e-05
5.49303e-05
4.79873e-05
4.42825e-05
4.27049e-05
4.31221e-05
4.53917e-05
4.93871e-05
5.50086e-05
-0.000113988
-0.000102872
-9.26228e-05
-8.52281e-05
-7.93207e-05
-7.39247e-05
-7.792e-05
-8.52672e-05
-9.20892e-05
-7.51009e-05
-6.79474e-05
0.000998173
0.00163713
0.00184046
0.0018418
0.00181782
0.0017727
0.00151503
0.00105847
0.00051068
-2.22847e-05
-0.000493949
-0.000870066
-0.00112482
-0.00123828
-0.00119346
-0.00110776
-0.00102824
-0.000954453
-0.000885989
-0.000822461
-0.000763515
-0.000708821
-0.000658072
-0.000610982
-0.00056729
-0.000526748
-0.000489132
-0.000454227
-0.000421843
-0.000391793
-0.000363912
-0.000338043
-0.000314039
-0.000291768
-0.000271102
-0.000251928
-0.000234137
-0.00021763
-0.000202313
-0.000188097
-0.000174897
-0.00016263
-0.00015123
-0.00014063
-0.000130774
-0.000121611
-0.000113093
-0.000105179
-9.78271e-05
-9.09613e-05
-8.42558e-05
-7.77002e-05
-7.12518e-05
-6.77714e-05
-6.64871e-05
-6.58724e-05
-6.31427e-05
-5.98999e-05
-5.65797e-05
-5.2643e-05
-4.95706e-05
-4.65196e-05
-4.36269e-05
-4.09056e-05
-3.8364e-05
-3.60273e-05
-3.38554e-05
-3.20347e-05
-3.04049e-05
0.000643462
0.0012245
0.00152925
0.00147275
0.00134588
0.00122566
5.65145e-05
3.41386e-05
-0.000868337
-0.00146623
-0.00201421
-0.00250373
-0.00290934
-0.00321068
-0.00339111
-0.00343677
-0.00333588
-0.003097
-0.00287527
-0.00266944
-0.00247839
-0.00230104
-0.00213641
-0.00198359
-0.00184173
-0.00171004
-0.0015878
-0.00147432
-0.00136899
-0.00127121
-0.00118046
-0.00109623
-0.00101806
-0.000945526
-0.000878225
-0.000815795
-0.0007579
-0.000704225
-0.00065448
-0.000608397
-0.000565722
-0.000526222
-0.000489677
-0.00045588
-0.000424637
-0.000395766
-0.000369098
-0.000344471
-0.000321738
-0.000300761
-0.000281453
-0.00026404
-0.000248369
-0.000230639
-0.000213387
-0.000196598
-0.000180278
-0.000164446
-0.000150212
-0.00013758
-0.000126403
-0.000116745
-0.000108333
-0.000100801
-9.40682e-05
-8.7725e-05
-8.17413e-05
-7.6184e-05
-7.10012e-05
-6.62869e-05
0.000208574
0.000393912
0.000404283
0.000402045
0.000394264
0.000342843
0.000298405
0.000286676
0.000272295
0.000254632
0.000236438
0.000219583
0.000204029
0.00018973
0.000176043
0.000163009
0.000150658
0.000139598
0.000130827
0.000123822
0.000117161
0.000110476
3.6017e-05
3.51844e-05
3.42531e-05
3.32361e-05
3.21437e-05
3.09879e-05
2.97762e-05
2.85245e-05
2.72412e-05
2.59355e-05
2.46149e-05
2.32905e-05
2.19755e-05
2.068e-05
1.94171e-05
1.8198e-05
1.70358e-05
1.59368e-05
1.49114e-05
1.39652e-05
1.31009e-05
1.23186e-05
1.16173e-05
1.09915e-05
1.04392e-05
9.95118e-06
9.52091e-06
9.14093e-06
8.85129e-06
8.95187e-06
9.41474e-06
8.04011e-06
5.8664e-06
2.95229e-06
-6.09085e-07
-4.72367e-06
-8.49739e-06
-1.12094e-05
-1.28057e-05
-1.33719e-05
-1.33254e-05
-1.37724e-05
-1.45771e-05
-1.56593e-05
-1.54004e-05
-1.50129e-05
-1.45957e-05
-1.42492e-05
0.000288423
0.000515764
0.000495858
0.000442648
0.000393744
0.000345689
-0.000639899
-0.00112847
-0.00147507
-0.00167045
-0.00158682
-0.00147734
-0.00137487
-0.00137655
-0.00128973
-0.00119808
-0.00115419
-0.00107244
-0.000996526
-0.000925532
-0.000859164
-0.000797141
-0.000739196
-0.000685073
-0.000634534
-0.000587361
-0.000543352
-0.000509454
-0.0004733
-0.000439372
-0.000519127
-0.000482474
-0.000448443
-0.000416858
-0.000387555
-0.000360381
-0.000335198
-0.000311872
-0.00029029
-0.000270337
-0.000251906
-0.000234904
-0.000219235
-0.000204807
-0.000191541
-0.00017935
-0.000168158
-0.000157896
-0.000148488
-0.000139879
-0.000132049
-0.000125302
-0.000119543
-0.000110991
-0.000102218
-9.32533e-05
-8.4158e-05
-7.49901e-05
-6.74129e-05
-6.18249e-05
-5.70323e-05
-5.28526e-05
-4.91533e-05
-4.58099e-05
-4.27552e-05
-3.99128e-05
-3.72753e-05
-3.48352e-05
-3.26354e-05
-3.05641e-05
0.000645529
0.0014485
0.00181761
0.00189
0.00182152
0.00173331
0.00165919
0.00152764
0.00104428
0.000373919
-0.000363078
-0.000706255
-0.0009181
-0.000982847
-0.000882918
-0.000791563
-0.000707418
-0.000629878
-0.000558399
-0.000492483
-0.000431689
-0.000375597
-0.000323808
-0.000275763
-0.000262596
-0.00023197
-0.000206873
-0.000185063
-0.000165118
-0.000146901
-0.000130419
-0.000116499
-0.00010439
-9.31825e-05
-8.29194e-05
-7.34869e-05
-6.47977e-05
-5.6766e-05
-4.93135e-05
-4.23752e-05
-3.58783e-05
-3.01339e-05
-0.000305733
-0.000455279
-0.000439294
-0.000403084
-0.000369331
-0.00033786
-0.000308502
-0.000281105
-0.00025548
-0.000237297
-0.000221724
-0.000209566
-0.000200706
-0.000194939
-0.000192029
-0.000191735
-0.000193821
-0.000198072
-0.000204276
-0.000212247
-0.000221802
-0.000232788
-0.000245074
-0.000258682
-0.000266509
-0.000270305
-0.000270339
-0.00026668
-0.000269601
-0.00027925
-0.000291981
0.0045151
0.0088532
0.0128737
0.0166655
0.0199671
0.0228439
0.0253096
0.027368
0.027553
0.0255219
0.0224783
0.0193606
0.0165829
0.0139765
0.0115586
0.0107034
