0
-0.00312878
-0.00609689
-0.00737212
-0.00852447
-0.00914288
-0.00921617
-0.00882999
-0.00821343
-0.00784215
-0.00747401
-0.00723476
-0.00709039
-0.00703628
-0.00706302
-0.00716806
-0.00734808
-0.00760042
-0.00792244
-0.00831166
-0.00876583
-0.00928293
-0.00986075
-0.0104983
-0.0111923
-0.011944
-0.0127503
-0.0136123
-0.0145313
-0.0155043
-0.0165312
-0.017612
-0.0187467
-0.0199355
-0.0211793
-0.0223288
-0.0234078
-0.0244158
-0.0253527
-0.0262181
-0.0270122
-0.0277341
-0.0283842
-0.0289612
-0.0294667
-0.0298987
-0.0302578
-0.0305427
-0.0307536
-0.0308899
-0.0309514
-0.0309375
-0.030848
-0.0306826
-0.0304408
-0.0301223
-0.0297267
-0.0292535
-0.0287022
-0.0280723
-0.0273665
-0.0265786
-0.025712
-0.0247656
-0.0237385
-0.0226298
-0.0214387
-0.0201643
-0.0188054
-0.0173609
-0.0158296
-0.0146276
-0.0135755
-0.0125595
-0.0114817
-0.0104512
-0.00947918
-0.00857179
-0.00773267
-0.00696313
-0.00626349
-0.00563127
-0.00504116
-0.00446553
-0.00388062
-0.00328662
-0.00268391
-0.00207284
-0.00145373
-0.000826906
-0.00019269
0.000448595
0.00109667
0.00175137
0.00241259
0.00308034
0.0037547
0.00443581
0.00512391
0.00581927
0.00652212
0.00723277
0.00795173
0.00867957
0.00941692
0.0101644
0.0109228
0.0116928
0.0124752
0.0132707
0.0140804
0.0149049
0.0157451
0.0166017
0.0174751
0.0183657
0.0192738
0.0201996
0.0211431
0.0221042
0.023083
0.0240791
0.0250921
0.025962
0.0267652
0.0274882
0.0281242
0.0286695
0.029122
0.0294804
0.029743
0.0301889
0.0307535
0.0314368
0.0322395
0.0331688
0.0342205
0.0353947
0.0366917
0.0381118
0.0396549
0.0404973
0.0411878
0.042077
0.0431315
0.0442713
0.0453907
0.0464994
0.0476036
0.0490497
0.0504287
0.0517278
0.052995
0.0542842
0.0555776
0.0568722
0.0581669
0.0594609
0.0607538
0.0620453
0.0633354
0.0646239
0.0659109
0.0671964
0.0684805
0.0697634
0.0710454
0.0723268
0.073608
0.0748894
0.0761714
0.0774542
0.0787387
0.0800253
0.0813149
0.082608
0.0839055
0.0852081
0.0865166
0.0878318
0.0891546
0.0904858
0.0918261
0.0931762
0.0945365
0.0959073
0.0972888
0.0986811
0.100084
0.101498
0.102922
0.104356
0.105799
0.107252
0.108713
0.110218
0.111727
0.113276
0.114863
0.116586
0.118313
0.119908
0.121438
0.12294
0.12444
0.125938
0.127433
0.128924
0.13041
0.13189
0.133362
0.134459
0.135382
0.136472
0.137763
0.139155
0.14056
0.141971
0.14334
0.144678
0.14603
0.147432
0.148874
0.150346
0.151837
0.153341
0.154851
0.15633
0.157764
0.159171
0.160562
0.161943
0.163317
0.164685
0.166049
0.16741
0.168767
0.170122
0.171475
0.172826
0.174176
0.175524
0.176873
0.178221
0.179571
0.180923
0.182277
0.183634
0.184996
0.186363
0.187735
0.189115
0.190502
0.191897
0.193301
0.194714
0.196136
0.197568
0.19901
0.200461
0.201921
0.20339
0.204868
0.206354
0.207847
0.209373
0.210916
0.212445
0.213977
0.215497
0.217028
0.218565
0.220114
0.221641
0.223192
0.224716
0.226276
0.227828
0.229402
0.231011
0.232513
0.233833
0.234615
0.235617
0.23681
0.2382
0.239583
0.24096
0.242454
0.243863
0.245229
0.246595
0.248008
0.249456
0.250928
0.252416
0.253911
0.255376
0.256809
0.258223
0.259623
0.261015
0.262399
0.263777
0.26515
0.266518
0.267882
0.269242
0.270599
0.271952
0.273304
0.274653
0.276001
0.277348
0.278696
0.280044
0.281395
0.282747
0.284103
0.285463
0.286829
0.2882
0.289579
0.290965
0.292359
0.293762
0.295173
0.296593
0.298022
0.29946
0.300906
0.302361
0.303824
0.305294
0.306735
0.308204
0.309681
0.311165
0.312652
0.314143
0.315637
0.317131
0.318626
0.320137
0.321647
0.323154
0.324659
0.326159
0.327655
0.329144
0.330627
0.33142
0.331586
0.332064
0.332727
0.333603
0.334703
0.33595
0.337217
0.338492
0.340117
0.341663
0.343119
0.344479
0.345895
0.347225
0.348631
0.350086
0.351573
0.353079
0.354591
0.356057
0.357495
0.358914
0.360319
0.361714
0.363102
0.364483
0.36586
0.367231
0.368599
0.369964
0.371327
0.372688
0.374048
0.375409
0.37677
0.378134
0.3795
0.38087
0.382244
0.383624
0.385011
0.386405
0.387807
0.389217
0.390635
0.392062
0.393497
0.394941
0.396394
0.397855
0.399324
0.4008
0.402283
0.403755
0.40524
0.406736
0.408237
0.409745
0.411257
0.412772
0.414288
0.415804
0.41732
0.418834
0.420344
0.42185
0.423351
0.424844
0.426329
0.42739
0.428363
0.429467
0.430749
0.432139
0.433617
0.43514
0.43671
0.438305
0.440074
0.441798
0.443436
0.444976
0.446398
0.447713
0.448967
0.450178
0.451354
0.452627
0.45398
0.455394
0.456887
0.458305
0.459691
0.461057
0.462413
0.463752
0.465055
0.466378
0.467649
0.468992
0.470377
0.471741
0.473094
0.474443
0.47579
0.477139
0.478491
0.479848
0.481211
0.482581
0.483958
0.485343
0.486738
0.488141
0.489554
0.490976
0.492408
0.493849
0.4953
0.496759
0.498227
0.499704
0.50115
0.502625
0.504115
0.505614
0.507119
0.508629
0.510144
0.511662
0.513181
0.514701
0.51622
0.517737
0.519251
0.520761
0.522265
0.523762
0.52525
0.526373
0.5274
0.528576
0.529947
0.531437
0.532669
0.53406
0.535559
0.536971
0.538367
0.539781
0.541218
0.542653
0.544079
0.545499
0.546915
0.548326
0.549731
0.551131
0.552526
0.553915
0.5553
0.55668
0.558055
0.559426
0.560792
0.562155
0.563514
0.564871
0.566225
0.567576
0.568927
0.570277
0.571627
0.572977
0.57433
0.575685
0.577043
0.578406
0.579774
0.581148
0.582529
0.583917
0.585314
0.586719
0.588133
0.589555
0.590987
0.592428
0.593877
0.595335
0.5968
0.598274
0.599711
0.601172
0.602654
0.604142
0.605635
0.60713
0.608627
0.610141
0.611655
0.61317
0.614684
0.616196
0.617705
0.61921
0.620709
0.622201
0.623685
0.624455
0.625104
0.625892
0.626861
0.628033
0.629365
0.63072
0.632086
0.633576
0.634992
0.63637
0.637733
0.639156
0.64062
0.64211
0.643617
0.645132
0.646652
0.648156
0.649612
0.65104
0.65245
0.653848
0.655238
0.656621
0.657999
0.659373
0.660744
0.662111
0.663477
0.66484
0.666202
0.667564
0.668925
0.670288
0.671653
0.673021
0.674392
0.675767
0.677148
0.678535
0.67993
0.681332
0.682742
0.684161
0.685589
0.687026
0.688473
0.689928
0.691392
0.692865
0.694346
0.695836
0.697332
0.698813
0.700327
0.701875
0.703458
0.705077
0.706732
0.708531
0.710288
0.712041
0.713646
0.715177
0.716695
0.718207
0.719713
0.721212
0.722703
0.723803
0.724733
0.725829
0.727128
0.728528
0.72994
0.731358
0.732736
0.734083
0.735448
0.736858
0.738304
0.739779
0.741272
0.742778
0.74429
0.745762
0.747193
0.748601
0.749994
0.751377
0.752753
0.754123
0.755489
0.75685
0.758208
0.759563
0.760915
0.762265
0.763613
0.76496
0.766306
0.767652
0.768998
0.770346
0.771695
0.773048
0.774404
0.775765
0.777132
0.778505
0.779885
0.781272
0.782669
0.784074
0.785488
0.78691
0.788343
0.789784
0.791234
0.792692
0.794159
0.795634
0.797115
0.798596
0.800106
0.801657
0.803201
0.804731
0.806253
0.807885
0.809406
0.810921
0.812435
0.813947
0.815457
0.816962
0.818461
0.819951
0.821417
0.822519
0.823623
0.824839
0.826226
0.827704
0.829254
0.830973
0.832913
0.834522
0.835885
0.837295
0.83874
0.840208
0.84169
0.843182
0.844677
0.846173
0.84766
0.849089
0.850486
0.851864
0.85323
0.854589
0.855944
0.857295
0.858644
0.85999
0.861335
0.862679
0.864021
0.865363
0.866706
0.868049
0.869393
0.870739
0.872088
0.873441
0.874799
0.876161
0.87753
0.878906
0.880289
0.881681
0.883082
0.884492
0.885911
0.88734
0.888779
0.890227
0.891684
0.893151
0.894626
0.89611
0.897562
0.899043
0.900539
0.902044
0.903556
0.905077
0.90661
0.908147
0.90968
0.911208
0.912734
0.914258
0.915779
0.917295
0.918805
0.920308
0.921803
0.923144
0.924503
0.925923
0.927332
0.928767
0.930188
0.931619
0.933062
0.9345
0.935935
0.937369
0.9388
0.940231
0.941663
0.943099
0.944542
0.945993
0.947457
0.948936
0.950439
0.951873
0.953333
0.954686
0.956069
0.957441
0.958807
0.960167
0.961523
0.962877
0.964228
0.965577
0.966924
0.968272
0.96962
0.970968
0.972319
0.973673
0.97503
0.976392
0.977758
0.979132
0.980512
0.9819
0.983296
0.984701
0.986115
0.987538
0.98897
0.99041
0.99186
0.993318
0.994784
0.996259
0.997692
0.999153
1.00063
1.00212
1.00362
1.00512
1.00663
1.00814
1.00965
1.01117
1.01268
1.01419
1.0157
1.0172
1.0187
1.02019
1.02167
1.02298
1.02428
1.02565
1.02705
1.02851
1.03002
1.03166
1.03319
1.03469
1.03615
1.03755
1.03892
1.04025
1.04165
1.04307
1.04452
1.04603
1.04747
1.04886
1.05024
1.05162
1.05299
1.05435
1.0557
1.05703
1.05834
1.05961
1.06096
1.06234
1.06373
1.06504
1.06641
1.06777
1.06912
1.07047
1.07182
1.07318
1.07454
1.0759
1.07727
1.07865
1.08003
1.08142
1.08282
1.08423
1.08565
1.08708
1.08852
1.08997
1.09142
1.09289
1.09436
1.09585
1.0973
1.09878
1.10027
1.10178
1.10329
1.1048
1.10632
1.10785
1.10937
1.1109
1.11242
1.11394
1.11546
1.11698
1.11849
1.11999
1.12148
1.12261
1.12364
1.12482
1.12612
1.12747
1.12885
1.13026
1.13174
1.13321
1.13471
1.13628
1.1378
1.13931
1.14083
1.14233
1.14378
1.1452
1.14659
1.14797
1.14935
1.1507
1.15204
1.15335
1.15459
1.15592
1.15728
1.15863
1.15998
1.16135
1.16274
1.16421
1.16563
1.16699
1.16833
1.16967
1.17101
1.17234
1.17367
1.17498
1.17628
1.17755
1.17883
1.18011
1.18149
1.18294
1.18438
1.18581
1.18723
1.18866
1.19009
1.19153
1.1928
1.19404
1.19532
1.19664
1.19799
1.19938
1.2008
1.20226
1.20375
1.20528
1.20685
1.20845
1.21009
1.21176
1.21348
1.21516
1.21681
1.21843
1.22003
1.2209
1.22113
1.22083
1.2207
1.22062
1.22061
1.22067
1.22096
1.22147
1.2222
1.22316
1.22471
1.22695
1.22942
1.23189
1.23429
1.23659
1.23877
1.24069
