-0.0355023
-0.0302541
-0.0229348
-0.0194475
-0.0194661
-0.0194855
-0.0195073
-0.0202465
-0.0201956
-0.0204169
-0.0203866
-0.0203931
-0.0203823
-0.0203699
-0.020357
-0.0203446
-0.020333
-0.0203226
-0.0203136
-0.0203059
-0.0202995
-0.0202944
-0.0202902
-0.020287
-0.0202845
-0.0202827
-0.0202814
-0.0202808
-0.0202886
-0.0202959
-0.0203027
-0.0203091
-0.020315
-0.0203204
-0.0203255
-0.020329
-0.0203324
-0.0203359
-0.0203393
-0.0203426
-0.0203459
-0.0203491
-0.0203521
-0.0203549
-0.0203576
-0.0203602
-0.0203624
-0.0203643
-0.020366
-0.0203674
-0.0203685
-0.0203694
-0.0203701
-0.0203705
-0.0203706
-0.0203706
-0.0203703
-0.0203698
-0.0203691
-0.0203682
-0.0203688
-0.0203674
-0.020366
-0.0203644
-0.0203627
-0.0203608
-0.020359
-0.0203572
-0.0203554
-0.0203537
-0.0194952
-0.0166238
-0.0120253
-0.00601521
0.000322106
0.00638552
0.0120943
0.0174196
0.0223593
0.0269275
0.0311443
0.035032
0.0386139
0.0419109
0.0449453
0.0477376
0.0503069
0.0526708
0.0548457
0.0568466
0.0586873
0.0603807
0.0619384
0.0633713
0.0646894
0.0659017
0.0670168
0.0680423
0.0689854
0.0698527
0.0706501
0.0713833
0.0720573
0.0726768
0.0732462
0.0737695
0.0742502
0.0746918
0.0750973
0.0754696
0.0758114
0.076125
0.0764127
0.0766764
0.0769181
0.0771395
0.0773422
0.0775277
0.0776972
0.0778521
0.0779934
0.0780664
0.0781087
0.0781077
0.0781069
0.0781063
0.0781056
0.0781049
0.0781041
0.0781032
0.0781022
0.0780982
0.0780712
0.0780453
0.0780201
0.0780187
0.078018
0.0780178
0.0780178
0.0780171
-0.0211141
-0.0202509
-0.0166265
-0.0106004
-0.00233176
0.00809134
0.0206194
0.0352422
0.0517524
0.0660212
0.0778182
0.0870856
0.0944511
0.101149
0.107268
0.112876
0.118022
0.12275
0.127095
0.131091
0.134766
0.138147
0.141257
0.144118
0.14675
0.149171
0.151399
0.153449
0.155335
0.15707
0.158666
0.160134
0.161486
0.162729
0.163873
0.164925
0.165894
0.166785
0.167604
0.168359
0.169053
0.169691
0.170279
0.17082
0.171317
0.171775
0.172197
0.172584
0.172941
0.17327
0.173572
0.173738
0.173833
0.173886
0.173915
0.173914
0.173913
0.173913
0.173912
0.173957
0.17397
0.17397
0.17397
0.17397
0.17397
0.17397
0.17397
0.17397
0.17397
0.17397
0.0768905
0.0768788
0.0816005
0.0889134
0.0987572
0.111088
0.125883
0.143139
0.157683
0.169327
0.178759
0.187093
0.194557
0.201299
0.207422
0.213001
0.218094
0.222779
0.227115
0.231117
0.234807
0.238206
0.241335
0.244215
0.246865
0.249304
0.251548
0.253612
0.255511
0.257259
0.258866
0.260345
0.261706
0.262958
0.26411
0.265169
0.266144
0.267041
0.267866
0.268625
0.269324
0.269967
0.270558
0.271102
0.271602
0.272063
0.272487
0.272876
0.273235
0.273565
0.273869
0.274036
0.27413
0.274183
0.274213
0.274213
0.274214
0.27422
0.274216
0.274226
0.274225
0.274225
0.274224
0.274225
0.274226
0.274227
0.274227
0.274228
0.274228
0.274228
0.173851
0.177832
0.182053
0.188683
0.197532
0.20854
0.221637
0.236815
0.252025
0.264844
0.275182
0.283588
0.291129
0.297955
0.304167
0.309826
0.314988
0.319741
0.324127
0.32817
0.331894
0.335322
0.338477
0.34138
0.344052
0.34651
0.348771
0.350851
0.352765
0.354526
0.356145
0.357635
0.359006
0.360267
0.361427
0.362495
0.363476
0.36438
0.36521
0.365975
0.366678
0.367324
0.367919
0.368466
0.36897
0.369433
0.369859
0.37025
0.370611
0.370942
0.371247
0.371414
0.371508
0.371561
0.37156
0.37156
0.37156
0.37156
0.37156
0.37156
0.37156
0.37156
0.37156
0.371561
0.371561
0.371561
0.37156
0.37156
0.37156
0.37156
0.273182
0.273185
0.273692
0.276885
0.282621
0.290882
0.301667
0.314962
0.330739
0.348993
0.364618
0.377302
0.386964
0.39372
0.399976
0.405776
0.411031
0.415802
0.420142
0.424093
0.4277
0.431073
0.434207
0.437099
0.439765
0.44222
0.44448
0.44656
0.448474
0.450235
0.451855
0.453346
0.454717
0.455979
0.457139
0.458207
0.459189
0.460093
0.460924
0.461689
0.462392
0.463039
0.463635
0.464182
0.464686
0.465149
0.465575
0.465967
0.466327
0.466659
0.466964
0.467131
0.467225
0.467279
0.467309
0.467308
0.467308
0.467308
0.467308
0.467308
0.467308
0.467308
0.467308
0.467308
0.467308
0.467308
0.467308
0.467309
0.467309
0.467309
0.368502
0.368493
0.371918
0.377625
0.385511
0.39552
0.407637
0.421849
0.438152
0.454395
0.46832
0.479723
0.488567
0.494842
0.500349
0.50552
0.510443
0.515064
0.519364
0.523418
0.527155
0.530571
0.533731
0.53658
0.539222
0.541663
0.543916
0.545993
0.547905
0.549705
0.551406
0.552903
0.554234
0.555473
0.556621
0.557681
0.558659
0.55956
0.560389
0.561153
0.561856
0.562502
0.563097
0.563644
0.564147
0.56461
0.565036
0.565428
0.565788
0.56612
0.566425
0.566592
0.566686
0.566739
0.566739
0.566739
0.566739
0.566739
0.566739
0.566738
0.566738
0.566738
0.566738
0.566738
0.566739
0.566739
0.566739
0.566739
0.566739
0.566739
0.467072
0.467093
0.471184
0.477974
0.48735
0.499245
0.513622
0.530458
0.54552
0.557692
0.56769
0.57634
0.583977
0.59084
0.597082
0.602793
0.608039
0.612852
0.617272
0.621333
0.625068
0.628502
0.631661
0.634567
0.63724
0.639699
0.641961
0.644042
0.645956
0.647717
0.649338
0.650828
0.652199
0.653461
0.654621
0.655689
0.656671
0.657574
0.658405
0.65917
0.659873
0.66052
0.661115
0.661662
0.662166
0.662629
0.663055
0.663447
0.663807
0.664139
0.664444
0.664611
0.664705
0.664758
0.664758
0.664757
0.664757
0.664757
0.664757
0.664757
0.664757
0.664758
0.664758
0.664759
0.66476
0.66476
0.66476
0.66476
0.66476
0.66476
0.565986
0.565974
0.56975
0.575754
0.583911
0.594196
0.606591
0.621068
0.63762
0.652674
0.665285
0.675386
0.683143
0.690108
0.696414
0.702143
0.707359
0.712115
0.716456
0.720436
0.724126
0.727535
0.730681
0.733579
0.736248
0.738705
0.740966
0.743046
0.744961
0.746722
0.748343
0.749834
0.751206
0.752468
0.75363
0.754699
0.755682
0.756586
0.757419
0.758185
0.758889
0.759538
0.760134
0.760684
0.761189
0.761654
0.762082
0.762475
0.762838
0.763171
0.763478
0.763647
0.763743
0.763796
0.763827
0.763826
0.763826
0.763826
0.763826
0.763826
0.763825
0.76389
0.763862
0.763851
0.763851
0.763851
0.763851
0.763851
0.763851
0.763851
0.66375
0.663739
0.668474
0.675804
0.685668
0.69802
0.712837
0.730115
0.74468
0.756345
0.766009
0.774496
0.782068
0.788891
0.79508
0.800716
0.805856
0.810593
0.814972
0.81901
0.822732
0.826159
0.829314
0.832217
0.834889
0.837347
0.839608
0.841689
0.843603
0.845364
0.846984
0.848475
0.849846
0.851107
0.852268
0.853336
0.854318
0.855221
0.856053
0.856817
0.857521
0.858168
0.858764
0.859311
0.859815
0.860279
0.860705
0.861098
0.861459
0.861791
0.862096
0.862264
0.862358
0.862412
0.862442
0.862442
0.862441
0.862442
0.862443
0.862444
0.862446
0.862446
0.862446
0.862446
0.862447
0.862447
0.862447
0.862447
0.862447
0.862447
0.763556
0.767502
0.77429
0.783507
0.794973
0.808586
0.824052
0.837394
0.849149
0.859558
0.86841
0.876455
0.883797
0.890507
0.896643
0.902257
0.907393
0.91209
0.916391
0.920388
0.924086
0.927499
0.930647
0.933546
0.936215
0.938671
0.940931
0.943011
0.944925
0.946685
0.948305
0.949795
0.951166
0.952427
0.953588
0.954655
0.955637
0.956541
0.957372
0.958137
0.95884
0.959487
0.960083
0.96063
0.961134
0.961598
0.962025
0.962417
0.962778
0.96311
0.963416
0.963583
0.963678
0.963732
0.963731
0.963731
0.963731
0.963731
0.963731
0.963731
0.963731
0.963731
0.963731
0.963731
0.963731
0.963732
0.963732
0.963733
0.963733
0.963733
0.863366
0.868083
0.876167
0.887122
0.900707
0.914826
0.92741
0.93875
0.949047
0.958463
0.967103
0.975038
0.982326
0.989025
0.995185
1.00085
1.00607
1.01087
1.01529
1.01935
1.02308
1.02652
1.02974
1.03267
1.03533
1.03778
1.04004
1.04212
1.04403
1.04579
1.04741
1.0489
1.05027
1.05153
1.05269
1.05376
1.05474
1.05565
1.05648
1.05724
1.05795
1.05859
1.05919
1.05973
1.06024
1.0607
1.06113
1.06152
1.06188
1.06221
1.06252
1.06268
1.06278
1.06283
1.06283
1.06283
1.06283
1.06283
1.06283
1.06283
1.06283
1.06283
1.06283
1.06283
1.06283
1.06283
1.06283
1.06283
1.06283
1.06283
0.963847
0.967826
0.974641
0.983876
0.995336
1.00894
1.02436
1.03764
1.04886
1.05873
1.06756
1.07549
1.08276
1.08945
1.09564
1.10129
1.10649
1.1113
1.1157
1.11975
1.12348
1.12692
1.13008
1.13299
1.13567
1.13814
1.1404
1.14249
1.14441
1.14617
1.14783
1.14936
1.15071
1.15196
1.15312
1.15418
1.15516
1.15607
1.1569
1.15766
1.15836
1.15901
1.15961
1.16015
1.16066
1.16112
1.16155
1.16194
1.1623
1.16263
1.16293
1.1631
1.1632
1.16325
1.16325
1.16325
1.16325
1.16325
1.16325
1.16325
1.16325
1.16325
1.16325
1.16325
1.16325
1.16325
1.16325
1.16325
1.16325
1.16325
1.06284
1.06284
1.06692
1.0737
1.08304
1.09489
1.10923
1.12604
1.14134
1.1538
1.16395
1.17271
1.18028
1.18705
1.19316
1.19869
1.2038
1.20849
1.21282
1.21679
1.22044
1.22379
1.22687
1.2297
1.2323
1.23471
1.23694
1.239
1.2409
1.24265
1.24427
1.24575
1.24712
1.24838
1.24954
1.25061
1.25159
1.2525
1.25333
1.25409
1.2548
1.25544
1.25605
1.2567
1.25722
1.25764
1.25803
1.25841
1.25876
1.25908
1.25938
1.25955
1.25955
1.25955
1.25955
1.25955
1.25954
1.25954
1.25954
1.25954
1.25954
1.25954
1.25954
1.25954
1.25954
1.25954
1.25953
1.25954
1.25955
1.25956
1.16327
1.16331
1.16356
1.16366
1.16592
1.17024
1.17665
1.18516
1.19581
1.20861
1.22356
1.24064
1.25796
1.273
1.2856
1.29557
1.30293
1.30772
1.31001
1.31235
