-0.0355023
-0.028682
-0.0217093
-0.0183952
-0.0183892
-0.0193558
-0.0201248
-0.020139
-0.0196648
-0.0196686
-0.0195197
-0.0195017
-0.0194895
-0.0194813
-0.0194756
-0.0194715
-0.0194684
-0.0194662
-0.0194646
-0.0194636
-0.0194631
-0.0194629
-0.0194632
-0.0194637
-0.0194646
-0.0194655
-0.0194668
-0.019468
-0.0194716
-0.019475
-0.0194782
-0.0194813
-0.0194842
-0.0194868
-0.0194892
-0.019491
-0.0194928
-0.0194947
-0.0194967
-0.0194986
-0.0195006
-0.0195026
-0.0195044
-0.0195074
-0.0195089
-0.0195102
-0.0195117
-0.0195131
-0.0195143
-0.0195152
-0.0195158
-0.0195163
-0.0195165
-0.0195165
-0.0195163
-0.0195159
-0.0195154
-0.0195146
-0.0195136
-0.0195124
-0.0195116
-0.01951
-0.0195086
-0.0195072
-0.0195057
-0.0195043
-0.0195029
-0.0195009
-0.019499
-0.0194971
-0.0203521
-0.0210595
-0.0210591
-0.0210553
-0.0210502
-0.0210452
-0.0210405
-0.0210356
-0.0210311
-0.0210276
-0.0210257
-0.0210248
-0.0210247
-0.0210247
-0.0210247
-0.0210247
-0.0210247
-0.0210246
-0.0210246
-0.0210246
-0.0210246
-0.0210246
-0.0210246
-0.0210245
-0.0210245
-0.0210245
-0.0210245
-0.0210245
-0.0210244
-0.0210244
-0.0210244
-0.0210244
-0.0210243
-0.0210243
-0.0210243
-0.0210243
-0.0210242
-0.0210242
-0.0210242
-0.0210242
-0.0210241
-0.0210241
-0.0210241
-0.021024
-0.021024
-0.021024
-0.0210239
-0.0210239
-0.0210239
-0.0210239
-0.0210238
-0.0210238
-0.0210238
-0.0210493
-0.0210642
-0.0210732
-0.0210787
-0.0210824
-0.0210849
-0.0210871
-0.0210897
-0.0210954
-0.0211015
-0.0211081
-0.021115
-0.0211153
-0.0211156
-0.0211157
-0.0211156
-0.0211151
0.0780155
0.0767209
0.0767234
0.0767307
0.0767434
0.0767611
0.0767835
0.0768107
0.0768426
0.0768724
0.076891
0.0769015
0.0769049
0.0769049
0.0769049
0.0769049
0.0769049
0.0769049
0.0769049
0.0769049
0.0769049
0.0769049
0.0769049
0.0769049
0.0769049
0.0769049
0.0769049
0.0769049
0.0769049
0.0769049
0.0769049
0.0769049
0.076905
0.076905
0.076905
0.076905
0.076905
0.076905
0.0769051
0.0769051
0.0769051
0.0769051
0.0769051
0.0769051
0.0769052
0.0769052
0.0769052
0.0769052
0.0769052
0.0769052
0.0769052
0.0769052
0.0769052
0.0769052
0.0769051
0.0769459
0.0769064
0.0768842
0.0768693
0.0768687
0.0768914
0.0768913
0.0768912
0.0768911
0.076891
0.076891
0.0768909
0.0768908
0.0768907
0.0768906
0.17397
0.173591
0.173602
0.173617
0.173636
0.17366
0.173689
0.173723
0.173751
0.173772
0.173789
0.173804
0.173816
0.173825
0.173831
0.173834
0.173834
0.173834
0.173834
0.173834
0.173834
0.173834
0.173834
0.173834
0.173834
0.173834
0.173834
0.173834
0.173834
0.173834
0.173834
0.173834
0.173834
0.173834
0.173834
0.173834
0.173834
0.173834
0.173834
0.173834
0.173834
0.173834
0.173834
0.173834
0.173834
0.173834
0.173834
0.173834
0.173834
0.173834
0.173834
0.173834
0.173834
0.173834
0.173834
0.173869
0.173868
0.173861
0.173855
0.173855
0.173853
0.173852
0.173852
0.173852
0.173851
0.173851
0.173851
0.17385
0.17385
0.17385
0.274228
0.274238
0.272963
0.272985
0.273009
0.273038
0.273072
0.273112
0.273152
0.273184
0.273209
0.273227
0.27324
0.273248
0.273249
0.273249
0.273249
0.273249
0.273249
0.273249
0.273249
0.273249
0.273249
0.273249
0.273249
0.273249
0.273249
0.273249
0.273249
0.273249
0.273249
0.273249
0.273249
0.273249
0.273249
0.273249
0.273249
0.273249
0.273249
0.273249
0.273249
0.273249
0.273249
0.273249
0.273249
0.273249
0.273249
0.273249
0.273249
0.273249
0.273249
0.273249
0.273249
0.273249
0.273231
0.273208
0.273196
0.27319
0.273186
0.273184
0.273183
0.273183
0.273183
0.273183
0.273182
0.273182
0.273182
0.273182
0.273182
0.273182
0.37156
0.3703
0.367862
0.367844
0.367784
0.367821
0.367865
0.367915
0.36797
0.36803
0.368088
0.368142
0.368191
0.368235
0.368401
0.368427
0.368451
0.368473
0.368494
0.368513
0.36853
0.368535
0.368535
0.368535
0.368535
0.368535
0.368535
0.368535
0.368535
0.368535
0.368535
0.368535
0.368535
0.368535
0.368535
0.368535
0.368535
0.368535
0.368535
0.368535
0.368535
0.368535
0.368535
0.368535
0.368535
0.368535
0.368535
0.368535
0.368535
0.368535
0.368535
0.368535
0.368535
0.368535
0.368535
0.368518
0.368509
0.368504
0.368504
0.368503
0.368503
0.368502
0.368502
0.368502
0.368502
0.368502
0.368502
0.368502
0.368502
0.368502
0.467309
0.4667
0.466712
0.46673
0.466753
0.466781
0.466813
0.46685
0.466892
0.466934
0.466973
0.466998
0.467019
0.467033
0.467045
0.467055
0.467065
0.467075
0.467084
0.467089
0.467093
0.467097
0.467099
0.467099
0.467099
0.467099
0.467099
0.467098
0.467097
0.467136
0.467136
0.467136
0.467136
0.467136
0.467136
0.467136
0.467136
0.467136
0.467136
0.467136
0.467136
0.467136
0.467136
0.467136
0.467136
0.467136
0.467136
0.467136
0.467136
0.467136
0.467136
0.467136
0.467136
0.467136
0.467116
0.467095
0.467083
0.467077
0.467074
0.467073
0.467073
0.467073
0.467072
0.467072
0.467073
0.467073
0.467073
0.467073
0.467072
0.467072
0.566739
0.566727
0.566696
0.566653
0.566641
0.566614
0.56582
0.565869
0.565907
0.565939
0.565965
0.565989
0.566011
0.56603
0.566043
0.56605
0.56605
0.56605
0.56605
0.56605
0.56605
0.56605
0.56605
0.56605
0.56605
0.56605
0.56605
0.56605
0.56605
0.56605
0.56605
0.56605
0.56605
0.56605
0.56605
0.56605
0.56605
0.56605
0.56605
0.56605
0.56605
0.56605
0.56605
0.56605
0.56605
0.56605
0.56605
0.56605
0.56605
0.56605
0.56605
0.56605
0.56605
0.56605
0.566036
0.566012
0.565999
0.565992
0.565988
0.565986
0.565985
0.565985
0.565985
0.565985
0.565986
0.565985
0.565986
0.565986
0.565986
0.565986
0.66476
0.663498
0.66351
0.663528
0.663551
0.663579
0.663613
0.663651
0.663695
0.663728
0.663754
0.663773
0.663786
0.663793
0.663795
0.663795
0.663795
0.663795
0.663795
0.663795
0.663795
0.663795
0.663795
0.663795
0.663795
0.663795
0.663795
0.663795
0.663795
0.663795
0.663795
0.663795
0.663795
0.663795
0.663795
0.663795
0.663795
0.663795
0.663795
0.663795
0.663795
0.663795
0.663795
0.663795
0.663795
0.663795
0.663795
0.663795
0.663795
0.663795
0.663795
0.663795
0.663795
0.663795
0.663795
0.663778
0.663768
0.663761
0.663756
0.66375
0.663745
0.663745
0.663746
0.663751
0.66375
0.66375
0.66375
0.66375
0.66375
0.66375
0.763851
0.763317
0.763331
0.763347
0.763369
0.763396
0.763427
0.763463
0.763492
0.763515
0.763534
0.76355
0.763563
0.763572
0.763578
0.76358
0.76358
0.76358
0.76358
0.76358
0.76358
0.76358
0.76358
0.76358
0.76358
0.76358
0.76358
0.76358
0.76358
0.76358
0.76358
0.76358
0.76358
0.76358
0.76358
0.76358
0.76358
0.76358
0.76358
0.76358
0.76358
0.76358
0.76358
0.76358
0.76358
0.76358
0.76358
0.76358
0.76358
0.76358
0.76358
0.76358
0.76358
0.76358
0.76358
0.763571
0.763558
0.763557
0.763557
0.763557
0.763557
0.763557
0.763557
0.763557
0.763557
0.763557
0.763557
0.763557
0.763557
0.763556
0.862447
0.862455
0.862469
0.86249
0.862515
0.862545
0.862578
0.862609
0.863423
0.863431
0.863431
0.863431
0.863432
0.863432
0.863432
0.863432
0.863432
0.863432
0.863432
0.863432
0.863432
0.863432
0.863432
0.863432
0.863432
0.863432
0.863432
0.863432
0.863431
0.863431
0.863431
0.863431
0.863431
0.863431
0.863431
0.863431
0.863431
0.863431
0.863431
0.863431
0.863431
0.863431
0.863431
0.863431
0.863431
0.863431
0.863431
0.863431
0.863431
0.863431
0.863431
0.863431
0.863431
0.863431
0.863411
0.863389
0.863377
0.863371
0.863367
0.863367
0.863367
0.863367
0.863367
0.863366
0.863366
0.863366
0.863366
0.863366
0.863366
0.863366
0.963733
0.963741
0.963753
0.963758
0.963759
0.963789
0.963814
0.963833
0.963847
0.963856
0.963859
0.963859
0.963859
0.963859
0.963859
0.963858
0.963856
0.963854
0.963851
0.96385
0.963851
0.963851
0.96391
0.96391
0.96391
0.96391
0.96391
0.96391
0.96391
0.96391
0.96391
0.96391
0.96391
0.96391
0.963911
0.963911
0.963911
0.963911
0.963911
0.963911
0.963911
0.963911
0.963911
0.963911
0.963911
0.963911
0.963911
0.963911
0.963911
0.963911
0.963911
0.963911
0.963911
0.963911
0.963893
0.96387
0.963858
0.963851
0.963847
0.963847
0.963847
0.963847
0.963847
0.963847
0.963847
0.963847
0.963847
0.963847
0.963846
0.963847
1.06283
1.06284
1.06285
1.06281
1.06278
1.0628
1.06283
1.06285
1.06286
1.06287
1.06288
1.06288
1.06289
1.06289
1.06289
1.06289
1.06289
1.06289
1.06289
1.06289
1.06289
1.06289
1.06289
1.06288
1.06288
1.06288
1.06287
1.06287
1.06287
1.06287
1.06291
1.06291
1.06291
1.06291
1.06291
1.06291
1.06291
1.06291
1.06291
1.06291
1.06291
1.06291
1.06291
1.06291
1.06291
1.06291
1.06291
1.06291
1.06291
1.06291
1.06291
1.06291
1.06291
1.06291
1.06289
1.06287
1.06286
1.06285
1.06284
1.06284
1.06284
1.06284
1.06284
1.06284
1.06284
1.06284
1.06284
1.06284
1.06284
1.06284
1.16325
1.16324
1.16325
1.16321
1.16315
1.16308
1.163
1.1629
1.16296
1.16302
1.16306
1.16311
1.16314
1.16317
1.16321
1.16324
1.16327
1.1633
1.16333
1.16336
1.16338
1.16341
1.16344
1.16347
1.16349
1.16351
1.16352
1.16353
1.16353
1.16354
1.16354
1.16354
1.16354
1.16354
1.16354
1.16354
1.16354
1.16354
1.16354
1.16354
1.16354
1.16354
1.16355
1.16355
1.16355
1.16355
1.16355
1.16355
1.16355
1.16355
1.16355
1.16355
1.16358
1.16347
1.16341
1.16338
1.16335
1.16334
1.16333
1.16332
1.16331
1.16331
1.1633
1.16329
1.16328
1.16327
1.16326
1.16326
1.16327
1.16327
1.25957
1.25826
1.25572
1.25209
1.25213
1.25216
1.25219
1.25222
1.25226
1.25231
1.25237
1.25242
1.25249
1.25255
1.25261
1.25265
1.25268
1.25271
1.25274
1.25276
