0.000172078
6.00829e-05
3.85468e-05
3.84983e-05
-3.57147e-06
-5.06599e-06
-5.11077e-06
-2.92728e-05
-2.92032e-05
-4.37251e-05
-4.33986e-05
-5.24839e-05
-6.08055e-05
-6.84405e-05
-7.58169e-05
-8.28964e-05
-8.97208e-05
-9.63027e-05
-0.000102649
-0.000108766
-0.000114665
-0.000120354
-0.000125632
-0.000130797
-0.00013487
-0.000139088
-0.000142313
-0.000145623
-0.000148732
-0.000151656
-0.000154422
-0.000157053
-0.000159574
-0.000162007
-0.000164381
-0.000167364
-0.00017057
-0.000174003
-0.000177673
-0.000181595
-0.000184841
-0.000186564
-0.000189574
-0.000188097
-0.000188596
-0.000187121
-0.000186831
-0.000185367
-0.000183915
-0.000182473
-0.000181043
-0.000179623
-0.000178213
-0.000176813
-0.000175423
-0.000174043
-0.000172671
-0.000171308
-0.000169953
-0.000168605
-0.000167265
-0.000165931
-0.000164604
-0.000163282
-0.000161966
-0.000160654
-0.000159346
-0.000158041
-0.000156738
-0.000155438
-0.000154006
-0.000152656
-0.000151447
-0.000150224
-0.000149061
-0.00014794
-0.000146856
-0.000145806
-0.000144786
-0.000143797
-0.000142836
-0.000141902
-0.000140989
-0.000140093
-0.000139208
-0.000138333
-0.000137469
-0.000136614
-0.00013577
-0.000134935
-0.000134109
-0.000133292
-0.000132484
-0.000131684
-0.000130893
-0.000130109
-0.000129334
-0.000128565
-0.000127805
-0.000127051
-0.000126304
-0.000125564
-0.00012483
-0.000124102
-0.000123381
-0.000122666
-0.000121956
-0.000121252
-0.000120553
-0.00011986
-0.000119172
-0.000118489
-0.000117811
-0.000117138
-0.000116469
-0.000115805
-0.000115146
-0.00011449
-0.00011384
-0.000113193
-0.000112551
-0.000111913
-0.000111278
-0.000110677
-0.000110099
-0.000109546
-0.000109019
-0.000108517
-0.000108041
-0.000107588
-0.00010716
-0.000106826
-0.000106348
-0.000105848
-0.000105327
-0.000104779
-0.000104211
-0.000103621
-0.000103011
-0.00010238
-0.000101708
-0.000100915
-0.000100198
-9.95301e-05
-9.88582e-05
-9.81935e-05
-9.75442e-05
-9.69143e-05
-9.63125e-05
-9.57608e-05
-9.52336e-05
-9.47297e-05
-9.42377e-05
-9.37465e-05
-9.32567e-05
-9.27687e-05
-9.22824e-05
-9.17983e-05
-9.13163e-05
-9.08366e-05
-9.03594e-05
-8.98848e-05
-8.94129e-05
-8.89439e-05
-8.84778e-05
-8.80147e-05
-8.75548e-05
-8.7098e-05
-8.66446e-05
-8.61945e-05
-8.57478e-05
-8.53046e-05
-8.48649e-05
-8.44288e-05
-8.39964e-05
-8.35676e-05
-8.31425e-05
-8.27211e-05
-8.23035e-05
-8.18897e-05
-8.14797e-05
-8.10735e-05
-8.06711e-05
-8.02726e-05
-7.9878e-05
-7.94872e-05
-7.91002e-05
-7.87171e-05
-7.83379e-05
-7.79626e-05
-7.75911e-05
-7.72234e-05
-7.68596e-05
-7.64995e-05
-7.61433e-05
-7.5794e-05
-7.54326e-05
-7.50714e-05
-7.471e-05
-7.43274e-05
-7.39585e-05
-7.36119e-05
-7.32828e-05
-7.29625e-05
-7.26465e-05
-7.2334e-05
-7.2025e-05
-7.17193e-05
-7.14171e-05
-7.11181e-05
-7.08221e-05
-7.05273e-05
-7.03104e-05
-7.00771e-05
-6.98361e-05
-6.96015e-05
-6.93806e-05
-6.91741e-05
-6.89788e-05
-6.87979e-05
-6.86273e-05
-6.84549e-05
-6.8274e-05
-6.80792e-05
-6.78657e-05
-6.76299e-05
-6.73702e-05
-6.71047e-05
-6.6843e-05
-6.65849e-05
-6.63305e-05
-6.60796e-05
-6.58321e-05
-6.5588e-05
-6.53471e-05
-6.51094e-05
-6.48748e-05
-6.46432e-05
-6.44146e-05
-6.41888e-05
-6.39658e-05
-6.37456e-05
-6.3528e-05
-6.33131e-05
-6.31007e-05
-6.28908e-05
-6.26834e-05
-6.24784e-05
-6.22758e-05
-6.20755e-05
-6.18774e-05
-6.16816e-05
-6.1488e-05
-6.12965e-05
-6.11071e-05
-6.09198e-05
-6.07345e-05
-6.05512e-05
-6.03699e-05
-6.01906e-05
-6.00131e-05
-5.98375e-05
-5.96638e-05
-5.94919e-05
-5.93218e-05
-5.91554e-05
-5.89825e-05
-5.88227e-05
-5.85053e-05
-5.83454e-05
-5.81879e-05
-5.79887e-05
-5.77901e-05
-5.76374e-05
-5.748e-05
-5.73306e-05
-5.71745e-05
-5.70207e-05
-5.68632e-05
-5.6699e-05
-5.65959e-05
-5.64262e-05
-5.61155e-05
-5.58686e-05
-5.56419e-05
-5.54132e-05
-5.51866e-05
-5.49634e-05
-5.47694e-05
-5.46098e-05
-5.44675e-05
-5.43385e-05
-5.42165e-05
-5.41026e-05
-5.39984e-05
-5.38931e-05
-5.37835e-05
-5.36732e-05
-5.35637e-05
-5.34553e-05
-5.33478e-05
-5.32413e-05
-5.31357e-05
-5.30312e-05
-5.29276e-05
-5.2825e-05
-5.27234e-05
-5.26227e-05
-5.25231e-05
-5.24244e-05
-5.23267e-05
-5.223e-05
-5.21342e-05
-5.20395e-05
-5.19457e-05
-5.18528e-05
-5.1761e-05
-5.16701e-05
-5.15801e-05
-5.14911e-05
-5.14031e-05
-5.1316e-05
-5.12298e-05
-5.11446e-05
-5.10604e-05
-5.0977e-05
-5.08946e-05
-5.08131e-05
-5.07326e-05
-5.06529e-05
-5.05742e-05
-5.04963e-05
-5.04194e-05
-5.03433e-05
-5.02723e-05
-5.01972e-05
-5.01247e-05
-5.00541e-05
-4.99853e-05
-4.9918e-05
-4.98521e-05
-4.97875e-05
-4.97242e-05
-4.96578e-05
-4.95922e-05
-4.95272e-05
-4.94629e-05
-4.93993e-05
-4.93363e-05
-4.92739e-05
-4.92117e-05
-4.90534e-05
-4.88022e-05
-4.88644e-05
-4.88623e-05
-4.88179e-05
-4.87368e-05
-4.86326e-05
-4.85106e-05
-4.83678e-05
-4.83736e-05
-4.84269e-05
-4.85165e-05
-4.86342e-05
-4.87708e-05
-4.89412e-05
-4.91041e-05
-4.92495e-05
-4.93681e-05
-4.94517e-05
-4.9496e-05
-4.95174e-05
-4.95235e-05
-4.95256e-05
-4.9524e-05
-4.95191e-05
-4.95112e-05
-4.95005e-05
-4.94873e-05
-4.94718e-05
-4.94542e-05
-4.94347e-05
-4.94136e-05
-4.93909e-05
-4.93669e-05
-4.93417e-05
-4.93154e-05
-4.92881e-05
-4.926e-05
-4.92311e-05
-4.92017e-05
-4.91716e-05
-4.91412e-05
-4.91103e-05
-4.90792e-05
-4.90478e-05
-4.90162e-05
-4.89845e-05
-4.89527e-05
-4.89209e-05
-4.88892e-05
-4.88575e-05
-4.88259e-05
-4.87944e-05
-4.8763e-05
-4.87327e-05
-4.87028e-05
-4.86731e-05
-4.86444e-05
-4.86064e-05
-4.85705e-05
-4.85379e-05
-4.85091e-05
-4.84806e-05
-4.84525e-05
-4.84247e-05
-4.83974e-05
-4.83704e-05
-4.83438e-05
-4.83176e-05
-4.82955e-05
-4.82103e-05
-4.80218e-05
-4.78691e-05
-4.77566e-05
-4.76626e-05
-4.75778e-05
-4.74708e-05
-4.73387e-05
-4.71976e-05
-4.71368e-05
-4.71361e-05
-4.71593e-05
-4.72085e-05
-4.72247e-05
-4.7214e-05
-4.71939e-05
-4.71728e-05
-4.71557e-05
-4.71378e-05
-4.71121e-05
-4.70747e-05
-4.70238e-05
-4.6989e-05
-4.69564e-05
-4.6926e-05
-4.6899e-05
-4.6877e-05
-4.68645e-05
-4.68584e-05
-4.68674e-05
-4.6861e-05
-4.68377e-05
-4.68157e-05
-4.67953e-05
-4.67762e-05
-4.67585e-05
-4.6742e-05
-4.67266e-05
-4.67124e-05
-4.66992e-05
-4.6687e-05
-4.66758e-05
-4.66654e-05
-4.66558e-05
-4.66471e-05
-4.66391e-05
-4.66318e-05
-4.66253e-05
-4.66193e-05
-4.6614e-05
-4.66093e-05
-4.66052e-05
-4.66015e-05
-4.66022e-05
-4.6598e-05
-4.65946e-05
-4.65923e-05
-4.65909e-05
-4.65955e-05
-4.65982e-05
-4.65981e-05
-4.65984e-05
-4.65992e-05
-4.66005e-05
-4.6602e-05
-4.6604e-05
-4.66064e-05
-4.66092e-05
-4.66123e-05
-4.66138e-05
-4.64015e-05
-4.64379e-05
-4.65023e-05
-4.66018e-05
-4.67085e-05
-4.67144e-05
-4.67183e-05
-4.68345e-05
-4.69566e-05
-4.70833e-05
-4.71993e-05
-4.72955e-05
-4.73776e-05
-4.74431e-05
-4.74891e-05
-4.75138e-05
-4.7537e-05
-4.75589e-05
-4.75795e-05
-4.75991e-05
-4.76176e-05
-4.76353e-05
-4.76521e-05
-4.76681e-05
-4.76835e-05
-4.76983e-05
-4.77126e-05
-4.77263e-05
-4.77396e-05
-4.77526e-05
-4.77652e-05
-4.77775e-05
-4.77895e-05
-4.78014e-05
-4.7813e-05
-4.78245e-05
-4.78359e-05
-4.78473e-05
-4.78585e-05
-4.78698e-05
-4.7881e-05
-4.78922e-05
-4.79034e-05
-4.79146e-05
-4.79259e-05
-4.79373e-05
-4.79487e-05
-4.79603e-05
-4.79719e-05
-4.79837e-05
-4.79955e-05
-4.80075e-05
-4.80196e-05
-4.80392e-05
-4.80526e-05
-4.80655e-05
-4.808e-05
-4.80956e-05
-4.8112e-05
-4.81292e-05
-4.81426e-05
-4.81557e-05
-4.81687e-05
-4.81819e-05
-4.81954e-05
-4.8209e-05
-4.82229e-05
-4.82369e-05
-4.82511e-05
-4.82658e-05
-4.81334e-05
-4.7811e-05
-4.75422e-05
-4.73302e-05
-4.71721e-05
-4.70508e-05
-4.69351e-05
-4.68235e-05
-4.6859e-05
-4.6927e-05
-4.70324e-05
-4.71743e-05
-4.73182e-05
-4.74612e-05
-4.7589e-05
-4.7695e-05
-4.77763e-05
-4.78308e-05
-4.78654e-05
-4.78989e-05
-4.79315e-05
-4.79633e-05
-4.79944e-05
-4.80248e-05
-4.80547e-05
-4.80839e-05
-4.81126e-05
-4.81409e-05
-4.81687e-05
-4.81961e-05
-4.82231e-05
-4.82498e-05
-4.82762e-05
-4.83023e-05
-4.83281e-05
-4.83537e-05
-4.83791e-05
-4.84043e-05
-4.84292e-05
-4.84541e-05
-4.84788e-05
-4.85033e-05
-4.85278e-05
-4.85521e-05
-4.85764e-05
-4.86006e-05
-4.86247e-05
-4.86487e-05
-4.86728e-05
-4.86967e-05
-4.87206e-05
-4.87445e-05
-4.87684e-05
-4.87923e-05
-4.88173e-05
-4.88382e-05
-4.88539e-05
-4.88636e-05
-4.88668e-05
-4.88631e-05
-4.88399e-05
-4.88169e-05
-4.87926e-05
-4.8801e-05
-4.88258e-05
-4.88527e-05
-4.88814e-05
-4.89106e-05
-4.89396e-05
-4.89674e-05
-4.89743e-05
-4.89826e-05
-4.90201e-05
-4.91001e-05
-4.92111e-05
-4.93414e-05
-4.94913e-05
-4.96684e-05
-4.98744e-05
-5.00924e-05
-5.02984e-05
-5.04794e-05
-5.06251e-05
-5.0727e-05
-5.07789e-05
-5.0783e-05
-5.0777e-05
-5.07729e-05
-5.07707e-05
-5.07702e-05
-5.07714e-05
-5.07741e-05
-5.07783e-05
-5.07838e-05
-5.07907e-05
-5.07987e-05
-5.08079e-05
-5.08181e-05
-5.08293e-05
-5.08415e-05
-5.08546e-05
-5.08685e-05
-5.08832e-05
-5.08987e-05
-5.09149e-05
-5.09317e-05
-5.09492e-05
-5.09673e-05
-5.0986e-05
-5.10052e-05
-5.10249e-05
-5.10451e-05
-5.10658e-05
-5.10869e-05
-5.11084e-05
-5.11304e-05
-5.11527e-05
-5.11754e-05
-5.11984e-05
-5.12218e-05
-5.12455e-05
-5.12695e-05
-5.12937e-05
-5.13182e-05
-5.13434e-05
-5.1362e-05
-5.1377e-05
-5.13975e-05
-5.14205e-05
-5.14445e-05
-5.14427e-05
-5.14685e-05
-5.14961e-05
-5.15239e-05
-5.15518e-05
-5.158e-05
-5.1608e-05
-5.16363e-05
-5.16654e-05
-5.16987e-05
-5.16196e-05
-5.15324e-05
-5.14665e-05
-5.14309e-05
-5.13775e-05
-5.12927e-05
-5.13212e-05
-5.13819e-05
-5.15503e-05
-5.1701e-05
-5.18443e-05
-5.19741e-05
-5.20855e-05
-5.21743e-05
-5.22375e-05
-5.22726e-05
-5.22773e-05
-5.2254e-05
-5.22346e-05
-5.22189e-05
-5.22069e-05
-5.21982e-05
-5.21926e-05
-5.21898e-05
-5.21896e-05
-5.2192e-05
-5.21967e-05
-5.22037e-05
-5.22127e-05
-5.22237e-05
-5.22364e-05
-5.22508e-05
-5.22667e-05
-5.22841e-05
-5.23028e-05
-5.23228e-05
-5.23439e-05
-5.23661e-05
-5.23892e-05
-5.24134e-05
-5.24383e-05
-5.24641e-05
-5.24906e-05
-5.25179e-05
-5.25457e-05
-5.25742e-05
-5.26032e-05
-5.26327e-05
-5.26627e-05
-5.26932e-05
-5.2724e-05
-5.27553e-05
-5.27869e-05
-5.28233e-05
-5.28542e-05
-5.28854e-05
-5.29175e-05
-5.29502e-05
-5.29832e-05
-5.30142e-05
-5.30451e-05
-5.30776e-05
-5.31115e-05
-5.31461e-05
-5.31793e-05
-5.32129e-05
-5.32478e-05
-5.3283e-05
-5.33182e-05
-5.33541e-05
-5.34017e-05
-5.34847e-05
-5.36101e-05
-5.37617e-05
-5.39164e-05
-5.40587e-05
-5.41789e-05
-5.42709e-05
-5.43427e-05
-5.43895e-05
-5.44251e-05
-5.44596e-05
-5.44927e-05
-5.45241e-05
-5.45499e-05
-5.45697e-05
-5.45831e-05
-5.45926e-05
-5.4603e-05
-5.46098e-05
-5.46327e-05
-5.46617e-05
-5.47145e-05
-5.4749e-05
-5.47836e-05
-5.48182e-05
-5.48529e-05
-5.48876e-05
-5.49224e-05
-5.49573e-05
-5.49922e-05
-5.50272e-05
-5.50623e-05
-5.50975e-05
-5.51327e-05
-5.51679e-05
-5.52032e-05
-5.52386e-05
-5.5274e-05
-5.53095e-05
-5.53451e-05
-5.53807e-05
-5.54163e-05
-5.54521e-05
-5.54878e-05
-5.55236e-05
-5.55595e-05
-5.55955e-05
-5.56315e-05
-5.56675e-05
-5.57036e-05
-5.57398e-05
-5.57759e-05
-5.58201e-05
-5.58581e-05
-5.58953e-05
-5.59333e-05
-5.59714e-05
-5.60104e-05
-5.60483e-05
-5.60856e-05
-5.61224e-05
-5.616e-05
-5.61974e-05
-5.62348e-05
-5.62722e-05
-5.63089e-05
-5.63461e-05
-5.63834e-05
-5.64205e-05
-5.63881e-05
-5.63335e-05
-5.6283e-05
-5.62415e-05
-5.61988e-05
-5.61285e-05
-5.61816e-05
-5.62516e-05
-5.6321e-05
-5.638e-05
-5.64157e-05
-5.64461e-05
-5.64811e-05
-5.65205e-05
-5.65416e-05
-5.65545e-05
-5.65574e-05
-5.65691e-05
-5.65934e-05
-5.66222e-05
-5.66548e-05
-5.66907e-05
-5.67303e-05
-5.67746e-05
-5.68249e-05
-5.68826e-05
-5.69507e-05
-5.69844e-05
-5.70131e-05
-5.70483e-05
-5.71064e-05
-5.71394e-05
-5.7173e-05
-5.72072e-05
-5.7242e-05
-5.72773e-05
-5.7313e-05
-5.73492e-05
-5.73859e-05
-5.74229e-05
-5.74603e-05
-5.7498e-05
-5.75361e-05
-5.75744e-05
-5.7613e-05
-5.76518e-05
-5.76909e-05
-5.77301e-05
-5.77696e-05
-5.78092e-05
-5.78489e-05
-5.78889e-05
-5.7929e-05
-5.79738e-05
-5.80126e-05
-5.80516e-05
-5.80913e-05
-5.81315e-05
-5.81686e-05
-5.82075e-05
-5.82514e-05
-5.82931e-05
-5.83343e-05
-5.83756e-05
-5.84166e-05
-5.84579e-05
-5.84994e-05
-5.8541e-05
-5.85827e-05
-5.86227e-05
-5.84337e-05
-5.8468e-05
-5.85752e-05
-5.87466e-05
-5.89695e-05
-5.92224e-05
-5.94968e-05
-5.97931e-05
-6.01471e-05
-6.05472e-05
-6.09546e-05
-6.12636e-05
-6.15232e-05
-6.1726e-05
-6.18655e-05
-6.19946e-05
-6.2121e-05
-6.22451e-05
-6.23675e-05
-6.24885e-05
-6.26106e-05
-6.2736e-05
-6.28676e-05
-6.30126e-05
-6.3114e-05
-6.31622e-05
-6.31933e-05
-6.32167e-05
-6.3236e-05
-6.32474e-05
-6.32361e-05
-6.32324e-05
-6.32397e-05
-6.32537e-05
-6.32681e-05
-6.32832e-05
-6.33001e-05
-6.33203e-05
-6.33451e-05
-6.33763e-05
-6.34169e-05
-6.34604e-05
-6.36049e-05
-6.36931e-05
-6.3707e-05
-6.37122e-05
-6.3719e-05
-6.37274e-05
-6.37372e-05
-6.37485e-05
-6.37611e-05
-6.38323e-05
-6.38815e-05
-6.39331e-05
-6.39827e-05
-6.4028e-05
-6.40674e-05
-6.40999e-05
-6.41248e-05
-6.41417e-05
-6.41501e-05
-6.41495e-05
-6.41397e-05
-6.41204e-05
-6.40912e-05
-6.40518e-05
-6.40232e-05
-6.40001e-05
-6.39821e-05
-6.39691e-05
-6.37344e-05
-6.32907e-05
-6.26554e-05
-6.09644e-05
-5.95008e-05
-5.81962e-05
-5.70307e-05
-5.60735e-05
-5.53053e-05
-5.47168e-05
-5.42986e-05
-5.44004e-05
-5.50226e-05
-5.57579e-05
-5.64814e-05
-5.71367e-05
-5.77469e-05
-5.83166e-05
-5.86461e-05
