0
-0.00393378
-0.00259772
-0.00064439
-0.0755642
-0.0607057
-0.0311159
-0.0107211
0.0108419
-0.0118632
-0.0101093
-0.0196972
-0.0264922
-0.0327614
-0.0381329
-0.0433785
-0.0484432
-0.0534016
-0.0582532
-0.0630084
-0.0676808
-0.0722848
-0.0767928
-0.0813101
-0.0856188
-0.0901161
-0.0944289
-0.0989245
-0.10364
-0.108139
-0.112688
-0.1173
-0.121981
-0.126753
-0.131668
-0.121881
-0.114453
-0.107052
-0.0996726
-0.0923121
-0.0850133
-0.077655
-0.0703252
-0.0629947
-0.0556943
-0.0483698
-0.0410697
-0.0337514
-0.0264285
-0.0190946
-0.0117502
-0.00439347
0.00297905
0.010371
0.0177863
0.0252292
0.0327038
0.0402145
0.0477658
0.0553615
0.062694
0.0706214
0.0782146
0.0859259
0.0937146
0.101585
0.109543
0.117597
0.125754
0.134022
0.142414
0.142199
0.153267
0.160041
0.162353
0.153412
0.143091
0.13221
0.121141
0.110189
0.09947
0.0892584
0.0818206
0.0773726
0.0755149
0.073843
0.0723202
0.0709347
0.0696742
0.0685262
0.0674788
0.0665207
0.0656455
0.0648521
0.0641395
0.0635065
0.0629525
0.0624767
0.062079
0.0617591
0.061507
0.0613235
0.0612226
0.0612041
0.0612676
0.0614134
0.0616415
0.0619521
0.0623453
0.062821
0.0633789
0.0640183
0.0647316
0.0655042
0.0663231
0.0671765
0.0680533
0.068943
0.0698356
0.0707216
0.0715918
0.071948
0.0764073
0.0635631
0.0575641
0.0498066
0.0411255
0.0319584
0.0225362
0.0129486
0.00318461
0.0210412
0.0325928
0.0443031
0.0560584
0.0684792
0.0805201
0.0925845
0.104688
0.11685
0.129025
0.0902383
0.127884
0.169281
0.205084
0.232784
0.251566
0.270695
0.287034
0.274418
0.239358
0.203486
0.1794
0.174049
0.168048
0.162557
0.157526
0.152907
0.148658
0.144741
0.141125
0.137781
0.134685
0.131821
0.129174
0.126731
0.12448
0.122411
0.120513
0.118778
0.117188
0.115735
0.11443
0.113266
0.112237
0.111337
0.110563
0.10991
0.109375
0.108953
0.108641
0.108434
0.108322
0.108288
0.108315
0.10839
0.108498
0.108627
0.108765
0.1089
0.109021
0.107927
0.111404
0.11365
0.115167
0.119275
0.120444
0.124371
0.128092
0.141248
0.141224
0.128253
0.121854
0.11907
0.118659
0.118462
0.118221
0.117903
0.117463
0.116911
0.116248
0.0903745
0.13286
0.169124
0.205427
0.23261
0.252602
0.271731
0.240972
0.210192
0.189981
0.184153
0.179997
0.176702
0.173892
0.171402
0.169151
0.16353
0.1563
0.150813
0.146394
0.142655
0.139375
0.136433
0.133757
0.131304
0.129045
0.126963
0.125044
0.12328
0.12165
0.120149
0.118788
0.11756
0.116462
0.11549
0.114639
0.113906
0.113288
0.112783
0.112386
0.112094
0.111899
0.111781
0.111727
0.111723
0.111755
0.111812
0.111881
0.111952
0.112014
0.111085
0.114528
0.116697
0.118125
0.121295
0.123322
0.122253
0.122267
0.121018
0.121862
0.122503
0.123554
0.121332
0.123566
0.120964
0.124555
0.123821
0.126031
0.129655
0.11909
0.156265
0.121442
0.176863
0.214071
0.25006
0.269789
0.289035
0.289959
0.254439
0.221671
0.199151
0.193393
0.188773
0.184833
0.181032
0.177521
0.170763
0.163913
0.158323
0.153556
0.149356
0.145574
0.142126
0.138958
0.136035
0.133335
0.130839
0.128534
0.12641
0.124444
0.122631
0.120978
0.11948
0.118128
0.116919
0.115846
0.114907
0.114095
0.113408
0.112841
0.11239
0.112043
0.111783
0.111594
0.111461
0.111371
0.111309
0.111265
0.111227
0.111182
0.109912
0.113237
0.115342
0.112908
0.116199
0.117122
0.117695
0.118071
0.118311
0.118459
0.11848
0.118461
0.12008
0.119867
0.119608
0.119281
0.118861
0.118487
0.11797
0.117333
0.0666354
0.0271724
0.100816
0.136027
0.173447
0.209894
0.24007
0.260412
0.279937
0.268578
0.23381
0.198149
0.163611
0.163721
0.149152
0.151024
0.151904
0.152127
0.151946
0.151019
0.145062
0.140549
0.136806
0.133685
0.130979
0.128574
0.126404
0.124428
0.122624
0.120963
0.119437
0.118052
0.116803
0.115684
0.11469
0.113818
0.113064
0.112425
0.111899
0.111482
0.11117
0.110954
0.110816
0.110741
0.110715
0.110725
0.110758
0.110802
0.110848
0.110883
0.109921
0.113321
0.115466
0.116873
0.11603
0.117516
0.118513
0.119028
0.119663
0.120045
0.120177
0.120269
0.120251
0.120152
0.119954
0.119662
0.119271
0.11878
0.118186
0.117486
0.0888536
0.132899
0.169029
0.205114
0.234188
0.261023
0.285511
0.310261
0.310352
0.295004
0.260419
0.224214
0.187384
0.17164
0.16102
0.153859
0.14705
0.140332
0.146146
0.15004
0.152591
0.157204
0.147125
0.141838
0.137745
0.13439
0.130642
0.124978
0.124978
0.11743
0.122289
0.125059
0.121966
0.119722
0.118027
0.116694
0.115616
0.114734
0.114014
0.113434
0.112982
0.112642
0.112392
0.112215
0.112096
0.112021
0.111977
0.11195
0.11193
0.111905
0.110655
0.11401
0.116136
0.113694
0.116979
0.118487
0.119298
0.119837
0.120267
0.120576
0.12076
0.120854
0.120832
0.12072
0.120513
0.12021
0.119792
0.119285
0.118674
0.117943
0.0980933
0.134759
0.170852
0.20746
0.238361
0.238145
0.277105
0.25964
0.224894
0.202988
0.192398
0.18562
0.178388
0.171723
0.166159
0.161357
0.15679
0.152637
0.148826
0.145308
0.142042
0.139004
0.136175
0.133543
0.131089
0.128807
0.126695
0.124742
0.12294
0.121273
0.119734
0.118335
0.117071
0.115936
0.114927
0.114041
0.113274
0.112623
0.112085
0.111657
0.111335
0.111109
0.110963
0.110879
0.110845
0.110847
0.110872
0.110909
0.110948
0.110977
0.110006
0.113395
0.115532
0.112468
0.115363
0.117512
0.118075
0.118442
0.118661
0.118765
0.120345
0.120336
0.120261
0.120262
0.119948
0.119678
0.119296
0.118814
0.118224
0.117521
0.0659423
0.117893
0.153787
0.189722
0.225791
0.257947
0.279354
0.299778
0.284082
0.249173
0.216589
0.188185
0.184291
0.180956
0.177657
0.17453
0.171625
0.168937
0.164799
0.157532
0.15195
0.147421
0.143574
0.140199
0.137174
0.134428
0.131919
0.129618
0.127506
0.125558
0.123764
0.122133
0.120657
0.119328
0.118141
0.117091
0.116173
0.115384
0.114718
0.114173
0.113743
0.113417
0.113178
0.11301
0.112899
0.11283
0.112791
0.11277
0.112755
0.112735
0.111489
0.114848
0.116978
0.118382
0.11703
0.120493
0.123892
0.127292
0.130731
0.134229
0.148188
0.143413
0.143384
0.128988
0.121697
0.12042
0.119768
0.119216
0.118672
0.117987
0.0896505
0.134247
0.170487
0.206783
0.234027
0.2539
0.272926
0.242236
0.211297
0.193672
0.186508
0.181645
0.17797
0.174951
0.172341
0.169949
0.163219
0.156372
0.151068
0.146721
0.142994
0.139695
0.136717
0.133998
0.131497
0.12919
0.127059
0.125092
0.12328
0.121604
0.120059
0.118654
0.117384
0.116244
0.115231
0.114341
0.11357
0.112915
0.112374
0.111942
0.111617
0.111388
0.111238
0.111152
0.111116
0.111117
0.111141
0.111178
0.111217
0.111246
0.110277
0.11366
0.115789
0.117185
0.117291
0.120321
0.124381
0.123737
0.122195
0.121236
0.132091
0.121
0.120334
0.120225
0.120026
0.119746
0.11934
0.118836
0.117911
0.115724
0.139042
0.176302
0.212555
0.248692
0.277938
0.302852
0.288701
0.288961
0.239992
0.204702
0.199164
0.194344
0.189807
0.185557
0.181607
0.177964
0.174633
0.170981
0.1624
0.155994
0.150919
0.146683
0.143008
0.139742
0.136791
0.134102
0.131597
0.129293
0.127176
0.125223
0.123425
0.12179
0.12031
0.118978
0.117789
0.116738
0.11582
0.115031
0.114367
0.113823
0.113395
0.113072
0.112836
0.112672
0.112565
0.112501
0.112467
0.112452
0.112442
0.112428
0.111188
0.114566
0.116708
0.114154
0.117348
0.118991
0.119801
0.120379
0.121099
0.122237
0.122536
0.122082
0.121559
0.12122
0.121115
0.120729
0.120289
0.119766
0.119223
0.118484
0.155902
0.192879
0.223958
0.245192
0.250923
0.234519
0.223286
0.214371
0.205056
0.197136
0.190006
0.183537
0.177825
0.172817
0.168503
0.164835
0.161806
0.159393
0.157618
0.156856
0.147241
0.147249
0.133918
0.13461
0.131721
0.129189
0.126938
0.12491
0.123067
0.121378
0.119828
0.118424
0.117158
0.116023
0.115015
0.11413
0.113364
0.112714
0.112177
0.11175
0.111429
0.111204
0.111057
0.110974
0.110941
0.110944
0.110972
0.111013
0.111055
0.111088
0.110121
0.113505
0.115639
0.112215
0.11523
0.117328
0.118181
0.118837
0.119367
0.119778
0.120054
0.120239
0.120056
0.119967
0.119802
0.119545
0.119331
0.118669
0.11808
0.117388
0.154681
0.191542
0.223883
0.249927
0.276701
0.298457
0.281886
0.248069
0.229933
0.216114
0.202283
0.192141
0.182198
0.182565
0.179774
0.176903
0.179009
0.16713
0.157826
0.153354
0.149362
0.145699
0.142055
0.138108
0.1338
0.128979
0.123039
0.128662
0.129155
0.129153
0.119326
0.123071
0.120881
0.119142
0.117732
0.116561
0.115579
0.114757
0.114076
0.113524
0.113094
0.112771
0.112537
0.112375
0.11227
0.112209
0.112178
0.112165
0.112158
0.112147
0.11091
0.114303
0.116456
0.113915
0.117114
0.118763
0.119573
0.120153
0.12075
0.120938
0.121105
0.121152
0.121141
0.12103
0.120845
0.120508
0.120085
0.119565
0.118941
0.11821
0.0981006
0.135237
0.17088
0.20134
0.225134
0.247132
0.268948
0.259528
0.230906
0.210715
0.202713
0.188867
0.18263
0.177904
0.173315
0.165063
0.158175
0.152735
0.148205
0.144268
0.139938
0.135097
0.129499
0.121357
0.127835
0.128371
0.126298
0.124684
0.124327
0.125573
0.132378
0.12535
0.118664
0.115282
0.114162
0.113074
0.111649
0.109859
0.107647
0.104878
0.101108
0.101118
0.100152
0.107917
0.114138
0.112915
0.111489
0.1107
0.11026
0.11
0.108846
0.0934541
0.0930222
0.0976912
0.101676
0.105306
0.108769
0.112171
0.115574
0.119014
0.122508
0.126066
0.129695
0.133399
0.13718
0.140987
0.137448
0.134704
0.132062
0.129512
0.0794503
0.0382749
-0.00148489
0.0646365
0.0900961
0.115895
0.141613
0.179116
0.215833
0.252734
0.289856
0.32415
0.33657
0.324617
0.291999
0.256786
0.220462
0.184245
0.168086
