1.65183e-05
1.19326e-05
7.61536e-06
5.63214e-06
6.59541e-07
-1.4294e-06
-2.0947e-06
-4.42897e-06
-4.99246e-06
-6.17516e-06
-6.1056e-06
-6.39957e-06
-6.73204e-06
-6.98567e-06
-7.16642e-06
-7.28682e-06
-7.37078e-06
-7.44461e-06
-7.53545e-06
-7.67132e-06
-7.88098e-06
-8.19375e-06
-8.61893e-06
-9.2066e-06
-9.89988e-06
-1.08141e-05
-1.19034e-05
-1.32716e-05
-1.4949e-05
-1.69651e-05
-1.93491e-05
-2.21293e-05
-2.53328e-05
-2.89855e-05
-3.31129e-05
-3.78002e-05
-4.30536e-05
-4.88842e-05
-5.53052e-05
-6.23308e-05
-6.98847e-05
-7.7864e-05
-8.65099e-05
-9.53709e-05
-0.000104904
-0.000114919
-0.000125652
-0.000136976
-0.000148954
-0.000161617
-0.000174976
-0.000189033
-0.000203788
-0.000219235
-0.000235369
-0.00025218
-0.000269659
-0.000287795
-0.000306576
-0.000325986
-0.000346011
-0.000366636
-0.000387842
-0.000409612
-0.000431926
-0.000454765
-0.000478108
-0.000501934
-0.00052622
-0.000550946
-0.000576074
-0.000601598
-0.000627505
-0.000653763
-0.000680348
-0.000707236
-0.000734402
-0.00076182
-0.000789465
-0.000817313
-0.000845338
-0.000873517
-0.000901825
-0.000930237
-0.00095873
-0.00098728
-0.00101587
-0.00104446
-0.00107305
-0.00110161
-0.00113013
-0.00115857
-0.00118692
-0.00121517
-0.00124329
-0.00127126
-0.00129908
-0.00132673
-0.00135418
-0.00138143
-0.00140845
-0.00143525
-0.0014618
-0.00148809
-0.00151412
-0.00153986
-0.00156532
-0.00159048
-0.00161533
-0.00163987
-0.00166409
-0.00168798
-0.00171154
-0.00173476
-0.00175764
-0.00178017
-0.00180235
-0.00182418
-0.00184566
-0.00186678
-0.00188755
-0.00190795
-0.00192801
-0.00194771
-0.00196706
-0.00198606
-0.00200471
-0.00202302
-0.00204098
-0.00205861
-0.0020759
-0.00209287
-0.0021095
-0.00212579
-0.00214177
-0.00215742
-0.00217276
-0.0021878
-0.00220254
-0.00221699
-0.00223115
-0.00224503
-0.00225864
-0.002272
-0.0022851
-0.00229797
-0.0023106
-0.002323
-0.00233518
-0.00234715
-0.00235892
-0.00237049
-0.00238187
-0.00239306
-0.00240407
-0.00241491
-0.00242559
-0.0024361
-0.00244646
-0.00245668
-0.00246676
-0.0024767
-0.00248652
-0.00249622
-0.00250581
-0.00251529
-0.00252467
-0.00253396
-0.00254315
-0.00255226
-0.0025613
-0.00257026
-0.00257915
-0.00258797
-0.00259674
-0.00260545
-0.00261411
-0.00262273
-0.0026313
-0.00263983
-0.00264832
-0.00265678
-0.00266522
-0.00267362
-0.002682
-0.00269037
-0.00269871
-0.00270703
-0.00271534
-0.00272364
-0.00273193
-0.00274021
-0.00274848
-0.00275674
-0.002765
-0.00277325
-0.0027815
-0.00278975
-0.00279799
-0.00280623
-0.00281446
-0.0028227
-0.00283094
-0.00283918
-0.00284741
-0.00285565
-0.00286389
-0.00287212
-0.00288035
-0.00288858
-0.0028968
-0.00290502
-0.00291324
-0.00292146
-0.00292967
-0.00293787
-0.00294606
-0.00295425
-0.00296242
-0.00297059
-0.00297874
-0.00298688
-0.00299501
-0.00300311
-0.0030112
-0.00301927
-0.00302731
-0.00303534
-0.00304334
-0.00305132
-0.00305928
-0.00306722
-0.00307513
-0.00308302
-0.00309089
-0.00309873
-0.00310654
-0.00311432
-0.00312207
-0.0031298
-0.00313749
-0.00314515
-0.00315277
-0.00316037
-0.00316792
-0.00317545
-0.00318293
-0.00319038
-0.0031978
-0.00320517
-0.00321251
-0.0032198
-0.00322706
-0.00323427
-0.00324145
-0.00324858
-0.00325567
-0.00326272
-0.00326973
-0.00327669
-0.00328362
-0.00329049
-0.00329733
-0.00330412
-0.00331087
-0.00331757
-0.00332423
-0.00333085
-0.00333741
-0.00334393
-0.00335042
-0.00335686
-0.00336325
-0.00336961
-0.00337592
-0.00338219
-0.00338842
-0.00339461
-0.00340075
-0.00340686
-0.00341292
-0.00341894
-0.0034249
-0.00343083
-0.00343671
-0.00344256
-0.00344837
-0.00345414
-0.00345987
-0.00346557
-0.00347124
-0.00347688
-0.00348248
-0.00348804
-0.00349357
-0.00349906
-0.00350452
-0.00350994
-0.00351533
-0.00352068
-0.003526
-0.00353128
-0.00353654
-0.00354176
-0.00354695
-0.0035521
-0.00355723
-0.00356233
-0.0035674
-0.00357244
-0.00357745
-0.00358243
-0.00358739
-0.00359232
-0.00359722
-0.0036021
-0.00360695
-0.00361178
-0.00361658
-0.00362136
-0.00362612
-0.00363085
-0.00363557
-0.00364026
-0.00364493
-0.00364958
-0.00365421
-0.00365882
-0.00366342
-0.00366799
-0.00367255
-0.00367709
-0.00368161
-0.00368612
-0.00369061
-0.00369508
-0.00369954
-0.00370398
-0.00370841
-0.00371283
-0.00371723
-0.00372162
-0.00372599
-0.00373035
-0.0037347
-0.00373904
-0.00374337
-0.00374768
-0.00375198
-0.00375627
-0.00376055
-0.00376482
-0.00376905
-0.00377331
-0.00377756
-0.00378179
-0.00378601
-0.00379022
-0.00379442
-0.0037986
-0.00380279
-0.00380698
-0.00381117
-0.00381535
-0.00381953
-0.00382371
-0.00382788
-0.00383204
-0.00383619
-0.00384033
-0.00384446
-0.00384857
-0.00385268
-0.00385678
-0.00386087
-0.00386496
-0.00386905
-0.00387313
-0.00387721
-0.00388128
-0.00388535
-0.00388943
-0.00389349
-0.00389756
-0.00390163
-0.00390569
-0.00390976
-0.00391382
-0.00391788
-0.00392195
-0.00392601
-0.00393007
-0.00393413
-0.00393819
-0.00394225
-0.00394632
-0.00395038
-0.00395444
-0.0039585
-0.00396256
-0.00396662
-0.00397068
-0.00397474
-0.00397879
-0.00398285
-0.00398691
-0.00399096
-0.00399502
-0.00399907
-0.00400312
-0.00400717
-0.00401122
-0.00401526
-0.0040193
-0.00402334
-0.00402738
-0.00403142
-0.00403545
-0.00403948
-0.00404351
-0.00404753
-0.00405154
-0.00405554
-0.00405953
-0.00406352
-0.00406751
-0.0040715
-0.00407549
-0.00407946
-0.00408343
-0.0040874
-0.00409138
-0.00409535
-0.00409932
-0.00410328
-0.00410723
-0.00411117
-0.0041151
-0.00411902
-0.00412293
-0.00412684
-0.00413073
-0.00413461
-0.00413848
-0.00414234
-0.00414619
-0.00415003
-0.00415387
-0.00415769
-0.0041615
-0.00416531
-0.0041691
-0.00417288
-0.00417665
-0.0041804
-0.00418415
-0.00418788
-0.00419161
-0.00419532
-0.00419902
-0.00420272
-0.0042064
-0.00421007
-0.00421373
-0.00421738
-0.00422102
-0.00422464
-0.00422826
-0.00423187
-0.00423547
-0.00423906
-0.00424264
-0.00424621
-0.00424978
-0.00425333
-0.00425687
-0.00426041
-0.00426394
-0.00426746
-0.00427097
-0.00427447
-0.00427797
-0.00428146
-0.00428494
-0.00428842
-0.00429189
-0.00429535
-0.00429881
-0.00430226
-0.00430571
-0.00430915
-0.00431257
-0.004316
-0.00431943
-0.00432286
-0.0043263
-0.00432972
-0.00433313
-0.00433655
-0.00433997
-0.00434339
-0.0043468
-0.00435021
-0.00435362
-0.00435702
-0.00436041
-0.0043638
-0.00436719
-0.00437058
-0.00437397
-0.00437736
-0.00438074
-0.00438414
-0.00438753
-0.00439092
-0.00439432
-0.00439771
-0.00440111
-0.00440452
-0.00440793
-0.00441134
-0.00441475
-0.00441817
-0.00442159
-0.00442501
-0.00442844
-0.00443188
-0.00443531
-0.00443876
-0.0044422
-0.00444565
-0.00444911
-0.00445257
-0.00445604
-0.00445951
-0.00446298
-0.00446646
-0.00446994
-0.00447343
-0.00447692
-0.00448042
-0.00448392
-0.00448743
-0.00449093
-0.00449445
-0.00449797
-0.00450149
-0.00450501
-0.00450854
-0.00451207
-0.00451561
-0.00451915
-0.00452269
-0.00452624
-0.00452978
-0.00453333
-0.00453689
-0.00454044
-0.004544
-0.00454756
-0.00455112
-0.00455467
-0.0045582
-0.00456172
-0.00456525
-0.0045688
-0.00457235
-0.0045759
-0.00457946
-0.00458304
-0.00458662
-0.00459021
-0.00459381
-0.0045974
-0.00460099
-0.00460458
-0.00460816
-0.00461174
-0.0046153
-0.00461886
-0.00462242
-0.00462596
-0.00462951
-0.00463305
-0.00463659
-0.00464012
-0.00464364
-0.00464717
-0.00465069
-0.0046542
-0.00465771
-0.00466122
-0.00466472
-0.00466822
-0.00467171
-0.0046752
-0.00467869
-0.00468217
-0.00468565
-0.00468912
-0.0046926
-0.00469606
-0.00469953
-0.00470299
-0.00470644
-0.0047099
-0.00471335
-0.00471679
-0.00472024
-0.00472368
-0.00472712
-0.00473055
-0.00473399
-0.00473742
-0.00474085
-0.00474427
-0.0047477
-0.00475112
-0.00475454
-0.00475796
-0.00476138
-0.00476479
-0.0047682
-0.00477161
-0.00477502
-0.00477843
-0.00478185
-0.00478526
-0.00478868
-0.00479209
-0.0047955
-0.00479891
-0.00480232
-0.00480574
-0.00480915
-0.00481257
-0.004816
-0.00481943
-0.00482286
-0.00482629
-0.00482973
-0.00483317
-0.0048366
-0.00484003
-0.00484346
-0.00484688
-0.00485029
-0.0048537
-0.00485712
-0.00486054
-0.00486396
-0.00486739
-0.00487082
-0.00487426
-0.0048777
-0.00488115
-0.0048846
-0.00488806
-0.00489153
-0.004895
-0.00489848
-0.00490197
-0.00490546
-0.00490896
-0.00491247
-0.00491598
-0.0049195
-0.00492303
-0.00492656
-0.0049301
-0.00493364
-0.00493719
-0.00494075
-0.00494431
-0.00494788
-0.00495146
-0.00495504
-0.00495863
-0.00496222
-0.00496582
-0.00496942
-0.00497303
-0.00497665
-0.00498027
-0.00498389
-0.00498752
-0.00499116
-0.0049948
-0.00499844
-0.00500208
-0.00500574
-0.00500939
-0.00501305
-0.00501671
-0.00502038
-0.00502405
-0.00502772
-0.0050314
-0.00503507
-0.00503876
-0.00504244
-0.00504612
-0.00504979
-0.00505347
-0.00505715
-0.00506083
-0.00506452
-0.00506821
-0.00507192
-0.00507563
-0.00507935
-0.00508308
-0.0050868
-0.00509051
-0.00509423
-0.00509794
-0.00510164
-0.00510534
-0.00510903
-0.00511272
-0.00511641
-0.0051201
-0.0051238
-0.00512749
-0.00513118
-0.00513487
-0.00513856
-0.00514225
-0.00514594
-0.00514963
-0.00515332
-0.00515701
-0.0051607
-0.00516439
-0.00516808
-0.00517176
-0.00517545
-0.00517913
-0.00518281
-0.00518649
-0.00519017
-0.00519385
-0.00519753
-0.00520121
-0.00520488
-0.00520855
-0.00521223
-0.0052159
-0.00521957
-0.00522324
-0.0052269
-0.00523057
-0.00523424
-0.0052379
-0.00524157
-0.00524523
-0.00524889
-0.00525255
-0.00525621
-0.00525987
-0.00526353
-0.00526719
-0.00527085
-0.00527451
-0.00527817
-0.00528182
-0.00528548
-0.00528914
-0.0052928
-0.00529646
-0.00530012
-0.00530378
-0.00530745
-0.00531112
-0.0053148
-0.00531848
-0.00532216
-0.00532584
-0.00532951
-0.00533318
-0.00533685
-0.00534052
-0.00534419
-0.00534787
-0.00535154
-0.00535522
-0.0053589
-0.00536259
-0.00536627
-0.00536997
-0.00537366
-0.00537736
-0.00538107
-0.00538478
-0.0053885
-0.00539223
-0.00539595
-0.00539969
-0.00540343
-0.00540717
-0.00541092
-0.00541467
-0.00541843
-0.0054222
-0.00542597
-0.00542974
-0.00543352
-0.00543731
-0.0054411
-0.00544489
-0.0054487
-0.0054525
-0.00545631
-0.00546013
-0.00546395
-0.00546778
-0.00547161
-0.00547545
-0.00547929
-0.00548314
-0.00548699
-0.00549085
-0.00549471
-0.00549857
-0.00550245
-0.00550632
-0.0055102
-0.00551408
-0.00551797
-0.00552186
-0.00552576
-0.00552966
-0.00553356
-0.00553747
-0.00554138
-0.0055453
-0.00554921
-0.00555314
-0.00555706
-0.00556099
-0.00556492
-0.00556885
-0.00557278
-0.0055767
-0.00558064
-0.00558457
-0.00558851
-0.00559246
-0.00559642
-0.00560038
-0.00560435
-0.00560831
-0.00561228
-0.00561625
-0.00562021
-0.00562418
-0.00562815
-0.00563211
-0.00563608
-0.00564005
-0.00564402
-0.00564799
-0.00565196
-0.00565594
-0.00565991
-0.00566389
-0.00566786
-0.00567184
-0.00567581
-0.00567978
-0.00568375
-0.00568772
-0.00569169
-0.00569566
-0.00569963
-0.0057036
-0.00570756
-0.00571153
-0.0057155
-0.00571946
-0.00572343
-0.00572739
-0.00573136
-0.00573532
-0.00573929
-0.00574325
-0.00574722
-0.00575118
-0.00575514
-0.00575911
-0.00576307
-0.00576704
-0.005771
-0.00577497
-0.00577894
-0.0057829
-0.00578687
-0.00579084
-0.00579481
-0.00579878
-0.00580275
-0.00580672
-0.00581069
-0.00581467
-0.00581864
-0.00582262
-0.0058266
-0.00583058
-0.00583456
-0.00583855
-0.00584253
-0.0058465
-0.00585048
-0.00585447
-0.00585848
-0.0058625
-0.00586653
-0.00587057
-0.00587461
-0.00587866
-0.00588271
-0.00588677
-0.00589083
-0.00589487
-0.00589892
-0.00590295
-0.00590699
-0.00591103
-0.00591507
-0.00591912
-0.00592318
-0.00592725
-0.00593133
-0.00593542
-0.00593952
-0.00594363
-0.00594775
-0.00595187
-0.005956
-0.00596015
-0.00596431
-0.00596849
-0.00597268
-0.00597688
-0.0059811
-0.00598535
-0.0059896
-0.00599388
-0.00599817
-0.00600248
-0.0060068
-0.00601115
-0.00601551
-0.0060199
-0.0060243
-0.00602871
-0.00603314
-0.00603757
-0.00604203
-0.00604649
-0.00605098
-0.00605548
-0.00606
-0.00606453
-0.00606908
-0.00607365
-0.00607822
-0.00608281
-0.00608741
-0.00609202
-0.00609665
-0.00610128
-0.00610592
-0.00611057
-0.00611524
-0.00611991
-0.00612459
-0.00612928
-0.00613398
-0.00613868
-0.0061434
-0.00614811
-0.00615279
-0.00615745
-0.00616201
-0.00616656
-0.00617112
-0.00617572
-0.00618035
-0.00618503
-0.00618973
-0.00619446
-0.00619926
-0.00620412
-0.006209
-0.00621389
-0.00621875
-0.00622358
-0.00622838
-0.00623313
