0
2.27741
-0.119441
-1.23718
-0.102116
-0.395089
-0.404488
-0.342144
-0.175198
0.169256
-0.00527557
0.0859304
0.0616873
0.0583774
0.0515211
0.0495642
0.0469737
0.0447833
0.0425434
0.0403591
0.0382692
0.0362845
0.0341058
0.0327254
0.0297118
0.0297455
0.0268037
0.0267563
0.0266479
0.0236498
0.0224862
0.0213524
0.0202384
0.0192313
0.0185638
-0.0895826
-0.0745305
-0.0757206
-0.076861
-0.0779499
-0.0786591
-0.0799807
-0.080369
-0.0819032
-0.081196
-0.0831414
-0.0830179
-0.0842261
-0.08433
-0.084835
-0.0851797
-0.0854158
-0.0855712
-0.0856566
-0.085679
-0.0856424
-0.0855488
-0.0853999
-0.0851965
-0.0849324
-0.0823425
-0.0859706
-0.0826209
-0.0825489
-0.0821114
-0.0816148
-0.0810711
-0.0804894
-0.0799026
-0.0792524
-0.0786074
0.226607
0.0918371
0.0132724
-0.05616
0.0238288
0.0329351
0.0381802
0.0417004
0.0434057
0.0443314
0.0431654
0.025442
0.00600867
-0.0105944
-0.009866
-0.00898499
-0.00812335
-0.00726749
-0.00640873
-0.00554264
-0.00466707
-0.00381806
-0.00303546
-0.00231276
-0.00164423
-0.00102568
-0.00045393
7.3617e-05
0.000559494
0.00109839
0.00159552
0.00193386
0.00224855
0.00254011
0.00280948
0.00305871
0.00329043
0.00350809
0.00371552
0.00391723
0.00411825
0.00438321
0.0047764
0.00528481
0.00589917
0.00661294
0.00742093
0.00831876
0.00930254
0.0103686
0.0115101
0.0128777
0.129675
0.0749717
0.0853796
0.0910573
0.0942632
0.0961448
0.0975148
0.0989958
-0.101739
-0.055195
-0.054534
-0.0542375
-0.0585144
-0.0543818
-0.0532947
-0.0521589
-0.0509844
-0.049365
0.549571
0.149663
-0.10244
-0.0765577
-0.0174262
0.0600919
0.0541817
0.0509476
-0.19838
0.0991685
0.109664
0.0760792
0.0383813
0.0526338
0.0558722
0.058168
0.059987
0.0615575
0.063004
0.0643824
0.0657352
0.0670487
0.0682923
0.0694773
0.0706134
0.0717051
0.0727533
0.0737628
0.074736
0.0757768
0.0767795
0.0776134
0.0784294
0.0792252
0.0800016
0.0807617
0.0815067
0.0822391
0.0829633
0.0836839
0.0844062
0.0851953
0.0861157
0.0871532
0.0882982
0.089544
0.0908849
0.092316
0.0938332
0.0954321
0.0970941
0.098906
0.100603
0.102431
0.078926
0.108805
0.0839902
0.087008
0.018618
0.116228
0.214673
0.168358
0.14319
0.12637
0.127346
0.129315
0.131554
0.134117
0.136613
0.139116
0.405583
0.261272
0.0160519
-0.00885307
0.066765
0.130919
0.137867
0.174098
0.166468
0.136886
0.11048
0.119939
0.129272
0.137509
0.144458
0.150316
0.17874
0.190721
0.178322
0.172104
0.169348
0.168461
0.168548
0.169148
0.170007
0.170987
0.172013
0.173045
0.174062
0.175156
0.176214
0.177101
0.177967
0.178809
0.179629
0.180426
0.181205
0.181968
0.182719
0.183463
0.184205
0.185009
0.18594
0.186982
0.188128
0.189372
0.190708
0.19213
0.193635
0.195219
0.196866
0.198543
0.200434
0.202312
0.186146
0.198689
0.221732
0.212826
0.223375
0.210111
0.213142
0.211838
0.237367
0.206556
0.24372
0.2002
0.2335
0.213824
0.205335
0.310316
0.364593
0.62573
0.0749949
0.0987893
0.0959746
0.243734
0.246121
0.157429
0.305783
0.276291
0.246399
0.214426
0.224299
0.232938
0.241866
0.248229
0.277141
0.279717
0.272411
0.268985
0.26774
0.267664
0.268177
0.268991
0.26995
0.270968
0.271998
0.273016
0.274011
0.275077
0.276105
0.276962
0.277799
0.278611
0.279401
0.280168
0.280917
0.281651
0.282373
0.283088
0.283802
0.284581
0.285488
0.28651
0.287638
0.288864
0.290183
0.291591
0.293083
0.294655
0.296286
0.298073
0.299727
0.328497
0.287449
0.303614
0.306917
0.309496
0.311829
0.313955
0.316413
0.318296
0.308026
0.322846
0.324788
0.326937
0.329296
0.330655
0.333435
0.336022
0.830061
0.786666
0.104309
0.199998
0.178919
0.172412
0.229721
0.323224
0.331673
0.0879403
0.398217
0.409206
0.413484
0.304505
0.410494
0.294528
0.313985
0.328488
0.339344
0.350972
0.388866
0.377788
0.372956
0.369992
0.368847
0.368679
0.369031
0.369652
0.370404
0.371315
0.372239
0.373022
0.3738
0.374564
0.375313
0.376045
0.376763
0.377468
0.378165
0.378857
0.379547
0.380305
0.381194
0.382201
0.383314
0.384528
0.385836
0.387233
0.388715
0.390276
0.391876
0.393638
0.395352
0.397158
0.412155
0.395295
0.399558
0.404089
0.404834
0.407887
0.411249
0.413182
0.415611
0.417872
0.42027
0.422638
0.425046
0.427469
0.429913
0.432376
0.734016
0.492791
0.333768
0.302044
0.354147
0.369775
0.402532
0.402504
0.420617
0.313729
0.475408
0.505183
0.515922
0.531512
0.525589
0.493402
0.481037
0.476571
0.383096
0.395613
0.410695
0.400491
0.512492
0.482966
0.474683
0.470723
0.475365
0.491228
0.452344
0.505151
0.416168
0.44059
0.487047
0.480946
0.477794
0.476411
0.475995
0.476104
0.476499
0.477049
0.477687
0.478436
0.479339
0.480369
0.481511
0.482753
0.484089
0.485513
0.487021
0.488607
0.490261
0.492023
0.493769
0.522848
0.481548
0.49354
0.499393
0.502512
0.504732
0.507067
0.509565
0.511859
0.514365
0.516706
0.519095
0.521502
0.524031
0.526389
0.528855
0.531452
0.790465
0.59712
0.420588
0.388991
0.445211
0.720382
0.417968
0.457975
0.599152
0.551148
0.525789
0.524747
0.544697
0.550563
0.549567
0.549643
0.552533
0.55366
0.554899
0.55621
0.557568
0.558919
0.560214
0.561455
0.562687
0.563853
0.564913
0.565955
0.566962
0.568031
0.56906
0.569916
0.57075
0.571559
0.572346
0.573111
0.573857
0.574589
0.575307
0.576019
0.57673
0.577508
0.578415
0.579439
0.580568
0.581795
0.583122
0.584529
0.586019
0.58759
0.589222
0.590989
0.592696
0.626161
0.583343
0.587656
0.599954
0.602536
0.604971
0.607274
0.598113
0.611215
0.613279
0.614358
0.618344
0.61974
0.62225
0.624679
0.627168
0.629678
1.1412
0.712177
0.52553
0.495984
0.481229
0.51311
0.614257
0.624008
0.544143
0.688716
0.664503
0.647327
0.596976
0.610613
0.622933
0.631784
0.638509
0.64396
0.65966
0.683938
0.671642
0.665331
0.662413
0.661338
0.661265
0.661715
0.662435
0.663285
0.664191
0.665214
0.666221
0.66707
0.667906
0.668723
0.669519
0.670296
0.671057
0.671802
0.672537
0.673266
0.673994
0.674785
0.675704
0.676738
0.677876
0.679112
0.680439
0.681855
0.683353
0.684932
0.686582
0.688326
0.69009
0.691948
0.710688
0.675824
0.677063
0.678251
0.679414
0.680584
0.60363
0.741488
0.715048
0.820361
0.768747
0.726392
0.722559
0.723947
0.725935
0.728668
1.00741
0.846951
0.605766
0.580339
0.655123
0.720893
0.727676
0.761528
0.757138
0.721791
0.704948
0.711599
0.71961
0.727248
0.733939
0.74016
0.775025
0.776148
0.765755
0.760643
0.758491
0.757932
0.758197
0.75889
0.759796
0.760798
0.761832
0.762864
0.763877
0.764963
0.766013
0.766892
0.767748
0.76858
0.769388
0.770173
0.770939
0.771689
0.772426
0.773157
0.773886
0.774678
0.775597
0.776631
0.77777
0.779007
0.780337
0.781754
0.783255
0.784835
0.786466
0.788209
0.789973
0.791796
0.79949
0.77921
0.771814
0.807712
0.815189
0.812425
0.72821
0.889481
0.815324
0.812939
0.815277
0.817562
0.820167
0.822586
0.827342
0.838205
1.08573
0.822218
0.743574
0.702375
0.762301
0.776698
0.708913
0.672622
1.07437
1.01396
0.803676
0.81381
0.823324
0.830864
0.836912
0.841849
0.845962
0.85369
0.891057
0.874245
0.865527
0.86138
0.859711
0.859353
0.8597
0.860413
0.861611
0.862602
0.863594
0.864684
0.865749
0.866647
0.867527
0.868383
0.869216
0.870027
0.870817
0.871591
0.872352
0.873105
0.873854
0.874666
0.875604
0.876654
0.877807
0.879056
0.880396
0.881822
0.883334
0.88492
0.886581
0.888322
0.890112
0.920106
0.878649
0.88897
0.895823
0.898687
0.898904
0.897584
0.905263
0.912378
0.914559
0.914912
0.915006
0.91861
0.920738
0.923064
0.92494
0.928077
1.03426
0.911666
0.88181
0.935265
0.909405
0.940778
0.924433
0.924176
0.938894
0.93742
0.938895
0.940381
0.940545
0.940558
0.94026
0.939931
0.93938
0.938721
0.937686
0.933811
1.00114
0.934548
1.03235
0.934657
0.9646
0.963943
0.963945
0.964401
0.965091
0.965994
0.966936
0.967751
0.968567
0.969372
0.970161
0.970933
0.971688
0.972428
0.973158
0.973881
0.974603
0.975389
0.976302
0.97733
0.978462
0.979692
0.981014
0.982424
0.983918
0.985491
0.987127
0.988893
0.990615
1.02683
0.980191
0.985966
0.995773
0.998363
1.00055
1.0031
1.00547
1.00775
1.01208
1.01305
1.0153
1.01766
1.01905
1.02397
1.02515
1.0276
1.15193
1.0254
0.977393
1.00409
0.985496
0.998145
0.932444
1.11358
1.06118
1.05876
1.08
1.06598
1.06756
0.994576
1.02124
1.02914
0.99629
1.10105
1.08742
1.05575
1.05552
1.05633
1.05926
1.06437
1.06976
1.0761
1.08666
1.00492
1.04484
1.05088
1.12212
1.0263
1.07467
1.07246
1.07144
1.07123
1.07145
1.07191
1.07248
1.07313
1.07382
1.07459
1.0755
1.07653
1.07766
1.0789
1.08023
1.08165
1.08315
1.08472
1.08638
1.08811
1.08989
1.11984
1.07843
1.08872
1.0956
1.09846
1.09957
1.10433
1.10591
1.10849
1.11053
1.11296
1.11521
1.118
1.12033
1.12276
1.12523
1.12772
1.38736
1.19294
1.01717
1.03831
1.08807
1.1082
1.1124
1.08137
1.13746
1.11421
1.09032
1.17156
1.14172
1.14251
1.15056
1.18014
1.17049
1.16169
1.15751
1.15594
1.16161
1.1681
1.17628
1.19722
1.09359
1.13967
1.16118
1.15986
1.15276
1.14321
1.10504
1.20722
1.20655
1.18435
1.16968
1.1711
1.17515
1.17935
1.18392
1.18941
1.19807
1.17195
1.17446
1.11269
1.13411
1.19202
1.19305
1.18842
1.18656
1.18629
1.1869
1.31824
1.21464
1.16557
1.16948
1.17215
1.17412
1.1757
1.17705
1.17827
1.17946
1.18068
1.1819
1.18314
1.18443
1.18612
1.24144
1.23713
1.23804
1.23908
1.741
1.69552
1.59895
1.09898
1.18156
1.17152
1.16911
1.05493
1.06248
1.06111
1.05955
0.797876
0.729442
1.05943
1.231
1.28779
1.30758
1.32197
1.43573
