0.000104932
8.14802e-05
5.80175e-05
4.76245e-05
1.71914e-05
2.92313e-06
-3.49496e-06
-2.12236e-05
-2.89772e-05
-4.12942e-05
-4.64479e-05
-5.42008e-05
-6.25306e-05
-7.06092e-05
-7.83363e-05
-8.56403e-05
-9.25117e-05
-9.89501e-05
-0.000104956
-0.000110533
-0.000115684
-0.000120416
-0.000124608
-0.000128389
-0.000131218
-0.000133619
-0.000135123
-0.000136191
-0.000136848
-0.000137118
-0.000137032
-0.00013662
-0.000135915
-0.000134948
-0.000133755
-0.000132762
-0.000131921
-0.000131217
-0.000130653
-0.000130241
-0.000129425
-0.00012745
-0.000125713
-0.000121295
-0.000116893
-0.000111264
-0.000105807
-9.9693e-05
-9.32951e-05
-8.67818e-05
-8.02329e-05
-7.36896e-05
-6.71764e-05
-6.07102e-05
-5.43044e-05
-4.79704e-05
-4.17187e-05
-3.5559e-05
-2.95001e-05
-2.35504e-05
-1.77178e-05
-1.20096e-05
-6.43252e-06
-9.92817e-07
4.30392e-06
9.45261e-06
1.44487e-05
1.92881e-05
2.39673e-05
2.84832e-05
3.29137e-05
3.71611e-05
4.1146e-05
4.49273e-05
4.84858e-05
5.18229e-05
5.49427e-05
5.78492e-05
6.05457e-05
6.30351e-05
6.53206e-05
6.74048e-05
6.92938e-05
7.09948e-05
7.25156e-05
7.38614e-05
7.50366e-05
7.60449e-05
7.68904e-05
7.7577e-05
7.81089e-05
7.84904e-05
7.87259e-05
7.88201e-05
7.87775e-05
7.86031e-05
7.83018e-05
7.78785e-05
7.73382e-05
7.66862e-05
7.59275e-05
7.50674e-05
7.4111e-05
7.30636e-05
7.19304e-05
7.07166e-05
6.94273e-05
6.80677e-05
6.6643e-05
6.51581e-05
6.3618e-05
6.20278e-05
6.03921e-05
5.87159e-05
5.70037e-05
5.52601e-05
5.34897e-05
5.16968e-05
4.98857e-05
4.80605e-05
4.62253e-05
4.43839e-05
4.25402e-05
4.06804e-05
3.8806e-05
3.69187e-05
3.50209e-05
3.31154e-05
3.12055e-05
2.92945e-05
2.7386e-05
2.54394e-05
2.35857e-05
2.18068e-05
2.00956e-05
1.84541e-05
1.68805e-05
1.53747e-05
1.39375e-05
1.25693e-05
1.12838e-05
1.01356e-05
9.02841e-06
7.93807e-06
6.88618e-06
5.87571e-06
4.90314e-06
3.96467e-06
3.05344e-06
2.15322e-06
1.27265e-06
4.16061e-07
-4.07918e-07
-1.18892e-06
-1.92318e-06
-2.6095e-06
-3.2478e-06
-3.83853e-06
-4.38238e-06
-4.88018e-06
-5.33284e-06
-5.74136e-06
-6.10675e-06
-6.43009e-06
-6.7125e-06
-6.95513e-06
-7.15914e-06
-7.32574e-06
-7.45618e-06
-7.5517e-06
-7.61358e-06
-7.64311e-06
-7.64157e-06
-7.6103e-06
-7.5506e-06
-7.46382e-06
-7.35127e-06
-7.21428e-06
-7.05419e-06
-6.8723e-06
-6.66993e-06
-6.44839e-06
-6.20896e-06
-5.95292e-06
-5.68154e-06
-5.39606e-06
-5.0977e-06
-4.78769e-06
-4.46719e-06
-4.13738e-06
-3.79936e-06
-3.45427e-06
-3.10317e-06
-2.74708e-06
-2.38704e-06
-2.02601e-06
-1.65405e-06
-1.27513e-06
-8.91043e-07
-4.90373e-07
-9.00524e-08
2.96995e-07
6.67675e-07
1.02553e-06
1.37446e-06
1.71624e-06
2.05132e-06
2.37965e-06
2.70088e-06
3.01459e-06
3.32064e-06
3.61967e-06
3.86502e-06
4.09409e-06
4.31746e-06
4.53115e-06
4.72878e-06
4.90712e-06
5.06666e-06
5.20569e-06
5.32589e-06
5.43531e-06
5.54142e-06
5.65079e-06
5.76906e-06
5.90076e-06
6.04886e-06
6.20345e-06
6.35445e-06
6.49755e-06
6.63092e-06
6.75382e-06
6.86606e-06
6.96759e-06
7.0585e-06
7.13896e-06
7.20912e-06
7.26916e-06
7.3193e-06
7.35974e-06
7.39073e-06
7.41249e-06
7.42527e-06
7.42933e-06
7.42491e-06
7.41231e-06
7.39178e-06
7.36362e-06
7.3281e-06
7.28553e-06
7.23618e-06
7.18036e-06
7.11836e-06
7.05048e-06
6.97705e-06
6.89833e-06
6.81463e-06
6.72626e-06
6.63351e-06
6.53668e-06
6.43607e-06
6.33195e-06
6.22463e-06
6.1144e-06
6.00153e-06
5.88511e-06
5.77117e-06
5.65039e-06
5.623e-06
5.53994e-06
5.4318e-06
5.33886e-06
5.2526e-06
5.14178e-06
5.02408e-06
4.89938e-06
4.77678e-06
4.65473e-06
4.53631e-06
4.4248e-06
4.28035e-06
4.1639e-06
4.14694e-06
4.1352e-06
4.11481e-06
4.09347e-06
4.07186e-06
4.04967e-06
4.01092e-06
3.94571e-06
3.86015e-06
3.75943e-06
3.64962e-06
3.5326e-06
3.40832e-06
3.28338e-06
3.1626e-06
3.04586e-06
2.93223e-06
2.8213e-06
2.71294e-06
2.60711e-06
2.50385e-06
2.40322e-06
2.30525e-06
2.21e-06
2.1175e-06
2.0278e-06
1.94094e-06
1.85693e-06
1.77579e-06
1.69755e-06
1.62222e-06
1.54979e-06
1.48027e-06
1.41365e-06
1.34993e-06
1.28907e-06
1.23107e-06
1.1759e-06
1.12353e-06
1.07393e-06
1.02707e-06
9.82892e-07
9.41362e-07
9.02431e-07
8.66058e-07
8.32186e-07
8.00742e-07
7.71689e-07
7.44959e-07
7.20503e-07
6.98246e-07
6.78133e-07
6.57541e-07
6.40924e-07
6.26039e-07
6.12239e-07
5.99372e-07
5.8749e-07
5.76651e-07
5.66792e-07
5.57972e-07
5.52798e-07
5.50027e-07
5.49101e-07
5.49768e-07
5.51816e-07
5.55233e-07
5.5992e-07
5.66027e-07
6.32317e-07
7.81842e-07
7.76618e-07
7.4483e-07
7.28383e-07
7.41987e-07
7.83653e-07
8.4936e-07
9.39149e-07
9.49636e-07
8.98244e-07
7.99306e-07
6.63998e-07
5.0285e-07
3.11371e-07
1.13031e-07
-7.6021e-08
-2.43022e-07
-3.77456e-07
-4.72231e-07
-5.34237e-07
-5.71231e-07
-5.93439e-07
-6.0554e-07
-6.09848e-07
-6.07574e-07
-5.99505e-07
-5.86184e-07
-5.68114e-07
-5.45687e-07
-5.19282e-07
-4.89285e-07
-4.56016e-07
-4.19824e-07
-3.80999e-07
-3.39863e-07
-2.96684e-07
-2.51746e-07
-2.05299e-07
-1.57604e-07
-1.08895e-07
-5.93909e-08
-9.33413e-09
4.11147e-08
9.17428e-08
1.42375e-07
1.9282e-07
2.42929e-07
2.92554e-07
3.41534e-07
3.8978e-07
4.37152e-07
4.83553e-07
5.28882e-07
5.72471e-07
6.14496e-07
6.55061e-07
6.93646e-07
7.36383e-07
7.78903e-07
8.18602e-07
8.53946e-07
8.86497e-07
9.16819e-07
9.45183e-07
9.71675e-07
9.96344e-07
1.0192e-06
1.04026e-06
1.05732e-06
1.11032e-06
1.24095e-06
1.38212e-06
1.50219e-06
1.60083e-06
1.68352e-06
1.77175e-06
1.87643e-06
1.99238e-06
2.06267e-06
2.0753e-06
2.04717e-06
1.9842e-06
1.92505e-06
1.8826e-06
1.85188e-06
1.82559e-06
1.79761e-06
1.7684e-06
1.74253e-06
1.72431e-06
1.71686e-06
1.70336e-06
1.68516e-06
1.66296e-06
1.63636e-06
1.60431e-06
1.5636e-06
1.51491e-06
1.45334e-06
1.39536e-06
1.34914e-06
1.30702e-06
1.26572e-06
1.22397e-06
1.18129e-06
1.13761e-06
1.09297e-06
1.0475e-06
1.00133e-06
9.54614e-07
9.07477e-07
8.6008e-07
8.12549e-07
7.65015e-07
7.17588e-07
6.70399e-07
6.23543e-07
5.77131e-07
5.31265e-07
4.86044e-07
4.41516e-07
3.97796e-07
3.52638e-07
3.10732e-07
2.70596e-07
2.31488e-07
1.9317e-07
1.52462e-07
1.12903e-07
7.6458e-08
4.20926e-08
9.31003e-09
-2.20435e-08
-5.20101e-08
-8.06316e-08
-1.07951e-07
-1.33922e-07
-1.58531e-07
-1.80643e-07
-7.02823e-08
-5.40271e-08
-9.44095e-08
-1.79603e-07
-2.87389e-07
-3.4224e-07
-3.7202e-07
-4.58375e-07
-5.71367e-07
-6.97205e-07
-8.20613e-07
-9.29322e-07
-1.02154e-06
-1.09495e-06
-1.1468e-06
-1.17481e-06
-1.19011e-06
-1.19766e-06
-1.19973e-06
-1.19741e-06
-1.19126e-06
-1.18168e-06
-1.16895e-06
-1.15328e-06
-1.1349e-06
-1.11401e-06
-1.09077e-06
-1.06537e-06
-1.03798e-06
-1.00877e-06
-9.77899e-07
-9.45549e-07
-9.11876e-07
-8.77021e-07
-8.4113e-07
-8.04358e-07
-7.66831e-07
-7.28681e-07
-6.90044e-07
-6.51032e-07
-6.11755e-07
-5.72334e-07
-5.32869e-07
-4.93473e-07
-4.54236e-07
-4.15243e-07
-3.76613e-07
-3.38404e-07
-3.00699e-07
-2.63578e-07
-2.2711e-07
-1.91331e-07
-1.56319e-07
-1.26634e-07
-9.59095e-08
-6.48736e-08
-3.51207e-08
-7.09133e-09
1.91591e-08
4.36868e-08
6.92575e-08
9.48779e-08
1.20076e-07
1.4438e-07
1.67591e-07
1.89663e-07
2.10541e-07
2.30198e-07
2.48657e-07
2.65747e-07
3.71292e-07
6.30008e-07
9.20652e-07
1.18905e-06
1.41355e-06
1.59527e-06
1.75364e-06
1.89786e-06
1.94454e-06
1.92795e-06
1.85994e-06
1.74616e-06
1.6104e-06
1.46463e-06
1.32295e-06
1.19559e-06
1.08873e-06
1.00645e-06
9.4638e-07
8.96034e-07
8.49977e-07
8.05891e-07
7.62774e-07
7.20225e-07
6.78075e-07
6.36289e-07
5.94853e-07
5.53784e-07
5.1313e-07
4.72899e-07
4.33143e-07
3.93878e-07
3.55158e-07
3.16995e-07
2.79426e-07
2.42477e-07
2.06186e-07
1.70575e-07
1.3568e-07
1.01529e-07
6.8121e-08
3.55129e-08
3.70228e-09
-2.72707e-08
-5.74061e-08
-8.66771e-08
-1.15081e-07
-1.4258e-07
-1.69183e-07
-1.94858e-07
-2.19618e-07
-2.43437e-07
-2.66332e-07
-2.88271e-07
-3.09928e-07
-3.28429e-07
-3.41869e-07
-3.48961e-07
-3.48849e-07
-3.40871e-07
-3.17229e-07
-2.86509e-07
-2.51677e-07
-2.34648e-07
-2.35072e-07
-2.43926e-07
-2.57198e-07
-2.72411e-07
-2.88015e-07
-3.02676e-07
-3.03894e-07
-2.99906e-07
-3.11135e-07
-3.54442e-07
-4.29936e-07
-5.30417e-07
-6.52811e-07
-8.00344e-07
-9.75227e-07
-1.16804e-06
-1.35985e-06
-1.53451e-06
-1.67867e-06
-1.78145e-06
-1.83435e-06
-1.83509e-06
-1.80588e-06
-1.76363e-06
-1.71567e-06
-1.66518e-06
-1.61356e-06
-1.56144e-06
-1.50912e-06
-1.45675e-06
-1.40443e-06
-1.35224e-06
-1.30025e-06
-1.24851e-06
-1.19709e-06
-1.14604e-06
-1.09539e-06
-1.04523e-06
-9.95619e-07
-9.46595e-07
-8.98218e-07
-8.50533e-07
-8.03596e-07
-7.57457e-07
-7.12171e-07
-6.67767e-07
-6.24288e-07
-5.81778e-07
-5.40278e-07
-4.99804e-07
-4.60416e-07
-4.2212e-07
-3.84958e-07
-3.48956e-07
-3.14138e-07
-2.8052e-07
-2.48103e-07
-2.16903e-07
-1.86916e-07
-1.58164e-07
-1.30949e-07
-1.00862e-07
-6.79895e-08
-3.7838e-08
-1.10574e-08
1.31151e-08
5.13032e-08
7.79837e-08
9.80184e-08
1.14449e-07
1.28605e-07
1.41067e-07
1.52211e-07
1.62084e-07
1.70289e-07
1.74725e-07
2.45425e-07
3.48949e-07
4.528e-07
5.37562e-07
6.24089e-07
7.29693e-07
7.73419e-07
7.69937e-07
6.79513e-07
5.61822e-07
4.36291e-07
3.15044e-07
2.0649e-07
1.16763e-07
5.04832e-08
1.12086e-08
1.75488e-09
2.20013e-08
5.23261e-08
8.43764e-08
1.14676e-07
1.41909e-07
1.65634e-07
1.85813e-07
2.02563e-07
2.16035e-07
2.26383e-07
2.3378e-07
2.38384e-07
2.40396e-07
2.39999e-07
2.37373e-07
2.32674e-07
2.26071e-07
2.17693e-07
2.07711e-07
1.96257e-07
1.83469e-07
1.69476e-07
1.54393e-07
1.38351e-07
1.21442e-07
1.03774e-07
8.54635e-08
6.66069e-08
4.7279e-08
2.75907e-08
7.61061e-09
-1.25773e-08
-3.29064e-08
-5.32953e-08
-7.37032e-08
-9.40504e-08
-1.16981e-07
-1.37349e-07
-1.56488e-07
-1.75324e-07
-1.94018e-07
-2.12479e-07
-2.29263e-07
-2.4489e-07
-2.60614e-07
-2.76844e-07
-2.93341e-07
-3.08703e-07
-3.2339e-07
-3.38159e-07
-3.52796e-07
-3.66913e-07
-3.80888e-07
-4.01475e-07
-4.46078e-07
-5.26315e-07
-6.37235e-07
-7.62471e-07
-8.85364e-07
-9.92793e-07
-1.07534e-06
-1.13384e-06
-1.1656e-06
-1.178e-06
-1.18038e-06
-1.17661e-06
-1.16818e-06
-1.15345e-06
-1.13155e-06
-1.10185e-06
-1.06574e-06
-1.02678e-06
-9.83817e-07
-9.48469e-07
-9.19677e-07
-9.07824e-07
-8.91707e-07
-8.73419e-07
-8.53921e-07
-8.33683e-07
-8.12919e-07
-7.91777e-07
-7.70343e-07
-7.48672e-07
-7.26831e-07
-7.04877e-07
-6.82853e-07
-6.60826e-07
-6.38808e-07
-6.16873e-07
-5.95056e-07
-5.73383e-07
-5.51921e-07
-5.30687e-07
-5.09731e-07
-4.89071e-07
-4.68754e-07
-4.48819e-07
-4.29264e-07
-4.10148e-07
-3.91489e-07
-3.73317e-07
-3.55646e-07
-3.38505e-07
-3.21893e-07
-3.05818e-07
-2.95134e-07
-2.83355e-07
-2.70892e-07
-2.58878e-07
-2.47521e-07
-2.37288e-07
-2.27129e-07
-2.17014e-07
-2.0693e-07
-1.97602e-07
-1.88849e-07
-1.80663e-07
-1.73046e-07
-1.65523e-07
-1.58668e-07
-1.52477e-07
-1.46794e-07
-9.91809e-08
-2.04783e-08
6.86436e-08
1.56214e-07
2.43251e-07
3.46171e-07
3.79862e-07
3.72758e-07
3.47691e-07
3.20532e-07
3.06044e-07
2.99486e-07
2.9282e-07
2.8283e-07
2.82029e-07
2.89542e-07
3.06162e-07
3.20764e-07
3.26235e-07
3.24556e-07
3.17e-07
3.04414e-07
2.87033e-07
2.64344e-07
2.35427e-07
1.99007e-07
1.52795e-07
1.23267e-07
1.03821e-07
8.46621e-08
5.16521e-08
2.79368e-08
7.88302e-09
-1.09333e-08
-2.94985e-08
-4.82035e-08
-6.71494e-08
-8.63699e-08
-1.05825e-07
-1.25443e-07
-1.45174e-07
-1.64946e-07
-1.84729e-07
-2.04441e-07
-2.24028e-07
-2.43441e-07
-2.62646e-07
-2.81568e-07
-3.00209e-07
-3.18491e-07
-3.36392e-07
-3.53894e-07
-3.70968e-07
-3.90369e-07
-4.06767e-07
-4.21572e-07
-4.35808e-07
-4.49662e-07
-4.6112e-07
-4.72228e-07
-4.85855e-07
-4.98866e-07
-5.10889e-07
-5.22129e-07
-5.32517e-07
-5.42298e-07
-5.51591e-07
-5.6034e-07
-5.68521e-07
-5.75109e-07
-4.4092e-07
-3.82461e-07
-4.00744e-07
-4.90903e-07
-6.4285e-07
-8.38966e-07
-1.06623e-06
-1.31907e-06
-1.61665e-06
-1.95987e-06
-2.32502e-06
-2.63715e-06
-2.89392e-06
-3.08954e-06
-3.21757e-06
-3.30757e-06
-3.3768e-06
-3.43309e-06
-3.48013e-06
-3.51977e-06
-3.55429e-06
-3.58617e-06
-3.6182e-06
-3.65601e-06
-3.66739e-06
-3.63264e-06
-3.5655e-06
-3.47782e-06
-3.37702e-06
-3.26416e-06
-3.13093e-06
-2.99232e-06
-2.85716e-06
-2.72676e-06
-2.59798e-06
-2.46983e-06
-2.34281e-06
-2.21808e-06
-2.09712e-06
-1.98183e-06
-1.87491e-06
-1.7737e-06
-1.73696e-06
-1.694e-06
-1.60356e-06
-1.48801e-06
-1.3634e-06
-1.23673e-06
-1.11103e-06
-9.87708e-07
-8.67373e-07
-7.85321e-07
-7.07629e-07
-6.34521e-07
-5.63542e-07
-4.922e-07
-4.1853e-07
-3.41107e-07
-2.58949e-07
-1.71344e-07
-7.78191e-08
2.20592e-08
1.28589e-07
2.42049e-07
3.62704e-07
4.90682e-07
6.13251e-07
7.28103e-07
8.34388e-07
9.31777e-07
1.1584e-06
1.56545e-06
2.1638e-06
3.48431e-06
4.97058e-06
6.42407e-06
7.77053e-06
8.93504e-06
9.89662e-06
1.06515e-05
1.12037e-05
1.13417e-05
1.09752e-05
1.03149e-05
9.52867e-06
8.72402e-06
7.9341e-06
7.17102e-06
6.56273e-06
