0
0.000254348
0.000250678
0.000198766
0.000156139
-0.000191897
-0.000946141
-0.00145491
-0.00224743
-0.00258264
-0.00305701
-0.00331477
-0.00350469
-0.00365751
-0.00381391
-0.00397605
-0.00415711
-0.0043566
-0.00457424
-0.00480988
-0.00506347
-0.00533494
-0.00562419
-0.00593112
-0.0062554
-0.00659701
-0.00695543
-0.00733073
-0.00772073
-0.00812718
-0.00854988
-0.00898852
-0.00944279
-0.00991223
-0.0103961
-0.0108997
-0.0114135
-0.0119378
-0.0124729
-0.0130191
-0.0136263
-0.0142093
-0.0147671
-0.0153252
-0.0158248
-0.0163508
-0.016877
-0.0174294
-0.017966
-0.0184907
-0.0190066
-0.0195139
-0.0200124
-0.0205022
-0.0209828
-0.0214539
-0.0219152
-0.0223661
-0.0228062
-0.0232349
-0.0237727
-0.0242081
-0.0245838
-0.0249399
-0.0252762
-0.0255927
-0.0258893
-0.0262019
-0.0264977
-0.0267733
-0.0270285
-0.027276
-0.0274712
-0.0276443
-0.0277959
-0.0279253
-0.0280328
-0.0281189
-0.0281837
-0.0282288
-0.0282563
-0.0282669
-0.0282575
-0.0282287
-0.0281806
-0.028113
-0.0280258
-0.0279188
-0.0277919
-0.0276448
-0.0274775
-0.0272896
-0.027081
-0.0268514
-0.0266006
-0.0263282
-0.026034
-0.0257177
-0.0253789
-0.0250172
-0.0246324
-0.024224
-0.0237917
-0.023335
-0.0228534
-0.0223467
-0.0218145
-0.0212563
-0.0206717
-0.0200602
-0.0194211
-0.0187537
-0.0180572
-0.0173307
-0.0165733
-0.0157841
-0.0149622
-0.0141065
-0.013216
-0.0122896
-0.0113262
-0.0103262
-0.00928321
-0.00839047
-0.00754461
-0.00675382
-0.00602417
-0.00536028
-0.00476585
-0.00424361
-0.00379524
-0.00319406
-0.00249011
-0.001689
-0.00079193
0.000180515
0.00117072
0.00217803
0.00320182
0.00424272
0.00530282
0.00632049
0.00713334
0.00787582
0.008585
0.00926262
0.00990905
0.0105238
0.0111055
0.0116438
0.012079
0.0124865
0.0128656
0.013212
0.0135242
0.0138026
0.0140474
0.0142588
0.0144363
0.0145783
0.0146849
0.0147561
0.0147922
0.0147932
0.0147592
0.0146903
0.0145866
0.0144483
0.0142754
0.014068
0.0138265
0.0135511
0.0132419
0.0128989
0.0125224
0.0121128
0.0116699
0.0111937
0.0106841
0.0101409
0.00956391
0.00895296
0.00830768
0.00762763
0.00691224
0.00616087
0.00537276
0.00454704
0.00368277
0.0027789
0.0018343
0.000849365
-0.00018405
-0.00126048
-0.00237644
-0.00337491
-0.00428052
-0.00509296
-0.00580652
-0.00657268
-0.0073382
-0.00828706
-0.00928342
-0.0102855
-0.0112734
-0.0122424
-0.0131888
-0.0141092
-0.015001
-0.0158613
-0.0166873
-0.017539
-0.0183358
-0.0190964
-0.0198307
-0.0205382
-0.0212177
-0.0218689
-0.0223746
-0.0228409
-0.0232829
-0.0236939
-0.0240726
-0.0244195
-0.0247351
-0.0250198
-0.025274
-0.0254933
-0.0256776
-0.0258273
-0.0259425
-0.0260235
-0.0260703
-0.0260831
-0.0260619
-0.0260069
-0.0259181
-0.0257956
-0.0256395
-0.0254499
-0.025227
-0.0249712
-0.0246822
-0.0243603
-0.0240057
-0.0236186
-0.0231995
-0.0227488
-0.0222669
-0.0217541
-0.0212108
-0.0206372
-0.0200333
-0.019399
-0.0187338
-0.0180369
-0.0173078
-0.0165455
-0.0157491
-0.0149176
-0.0140499
-0.0131466
-0.012202
-0.011221
-0.0102067
-0.0093105
-0.00850252
-0.00766614
-0.00678634
-0.00580535
-0.00483269
-0.00384645
-0.00285398
-0.00184073
-0.000852918
0.00015484
0.00111251
0.00208892
0.00296412
0.00385646
0.00465777
0.00537233
0.00612134
0.00682562
0.00749762
0.00812967
0.00872964
0.00929696
0.00982615
0.0102484
0.0106404
0.0110022
0.0113322
0.011631
0.0118994
0.0121345
0.0123357
0.0125038
0.0126389
0.012741
0.0128102
0.0128466
0.0128502
0.012821
0.012759
0.0126643
0.0125367
0.0123762
0.0121827
0.0119562
0.0116966
0.0114038
0.0110776
0.0107178
0.0103243
0.00989704
0.00943579
0.00894047
0.00841092
0.00784697
0.00724838
0.00661485
0.00594598
0.00524128
0.00450012
0.00372179
0.00290546
0.00205021
0.00115502
0.000218792
-0.000759604
-0.00177979
-0.00284993
-0.00396457
-0.00495686
-0.00588881
-0.00675494
-0.00755044
-0.0082716
-0.00891532
-0.00947864
-0.00995802
-0.0103432
-0.0108593
-0.0114792
-0.0122016
-0.0130256
-0.0139412
-0.014905
-0.0159177
-0.0169801
-0.0180959
-0.0192275
-0.0202199
-0.0211043
-0.0218841
-0.0226337
-0.0233587
-0.024057
-0.0247276
-0.0253587
-0.02593
-0.0264719
-0.0269839
-0.0274892
-0.0278344
-0.0280449
-0.0282202
-0.0283616
-0.0284698
-0.0285456
-0.0285986
-0.0286263
-0.0286208
-0.0285816
-0.0285088
-0.0284023
-0.0282624
-0.028089
-0.0278822
-0.0276424
-0.0273696
-0.0270639
-0.0267253
-0.0263541
-0.0259505
-0.025515
-0.025048
-0.0245497
-0.0240207
-0.0234611
-0.0228709
-0.02225
-0.0215983
-0.0209153
-0.0202006
-0.0194537
-0.0186736
-0.0178595
-0.0170103
-0.0161248
-0.015204
-0.0142417
-0.0132429
-0.0122105
-0.0112107
-0.0102352
-0.00928638
-0.00836617
-0.00740751
-0.00642058
-0.00542296
-0.00442616
-0.00343725
-0.0024617
-0.00150391
-0.000567729
0.000343478
0.00122656
0.00207849
0.00289639
0.00372909
0.00451812
0.0052732
0.00597427
0.00662917
0.0072468
0.00782606
0.00836514
0.00886282
0.00931678
0.00971398
0.0100935
0.0104428
0.0107572
0.0110372
0.011284
0.0114979
0.0116795
0.0118077
0.0119055
0.0119714
0.0120058
0.0120078
0.0119759
0.0119105
0.0118115
0.0116806
0.0115176
0.0113479
0.0111152
0.0108501
0.0105524
0.010222
0.00985882
0.00946311
0.00903471
0.00857353
0.00807944
0.00755226
0.00699178
0.00639774
0.00576974
0.00510733
0.00440989
0.00367673
0.00290706
0.00209997
0.00125446
0.00036947
-0.000556118
-0.0015219
-0.002536
-0.00359296
-0.00456592
-0.00552255
-0.00645985
-0.0073755
-0.00827381
-0.00922531
-0.0102043
-0.0111933
-0.0121814
-0.0131614
-0.0141278
-0.0150764
-0.0160032
-0.016905
-0.0177786
-0.018621
-0.0194299
-0.0202646
-0.0209931
-0.0216391
-0.0221998
-0.0226705
-0.0231369
-0.0236283
-0.0240863
-0.0244537
-0.0247937
-0.0251049
-0.0253872
-0.0256414
-0.0258691
-0.0260712
-0.0262485
-0.0263976
-0.0265188
-0.0266121
-0.0266776
-0.0267153
-0.0267253
-0.0267076
-0.0266622
-0.0265881
-0.0264818
-0.026342
-0.0261686
-0.0259618
-0.0257218
-0.0254488
-0.0251429
-0.024804
-0.0244325
-0.0240286
-0.0235926
-0.0231251
-0.0226264
-0.0220966
-0.0215357
-0.0209439
-0.0203211
-0.0196671
-0.0189817
-0.0182643
-0.0175144
-0.0167312
-0.0159135
-0.0150605
-0.0141709
-0.0132454
-0.0122773
-0.0112716
-0.0103194
-0.00940426
-0.0085311
-0.00770454
-0.00692897
-0.00620882
-0.00554994
-0.00477792
-0.00390477
-0.00293154
-0.00196153
-0.000998421
-5.71496e-05
0.000858928
0.00174662
0.00260299
0.0034252
0.00424642
0.00503322
0.00578186
0.00649968
0.00718793
0.00784622
0.00847249
0.00906582
0.00960765
0.0100358
0.0104338
0.0108034
0.0111422
0.0114509
0.011727
0.0119697
0.0121792
0.0123557
0.0124995
0.0126106
0.0126893
0.0127357
0.0127494
0.0127292
0.0126752
0.0125873
0.0124657
0.0123106
0.0121218
0.0118998
0.0116448
0.0113567
0.0110356
0.0106817
0.0102948
0.00987501
0.00942212
0.00893603
0.00841659
0.00786361
0.00727683
0.00665588
0.00600031
0.00530952
0.00458284
0.00381948
0.00301854
0.00217904
0.00129992
0.000380081
-0.000580071
-0.00158867
-0.00264023
-0.00373124
-0.00472109
-0.0056523
-0.0065198
-0.00731939
-0.00804719
-0.00869885
-0.00945046
-0.0103197
-0.0111863
-0.0121147
-0.0130619
-0.0139901
-0.0148926
-0.015766
-0.0166071
-0.0174137
-0.0182483
-0.0190321
-0.0197763
-0.0204918
-0.0211793
-0.0218385
-0.0224687
-0.0229562
-0.0234125
-0.0238367
-0.0242286
-0.0245887
-0.0249176
-0.0252159
-0.0254843
-0.0257211
-0.0259234
-0.0260911
-0.0262245
-0.0263237
-0.0263887
-0.0264197
-0.0264167
-0.0263799
-0.0263093
-0.0262049
-0.026067
-0.0258954
-0.0256904
-0.0254522
-0.025181
-0.0248768
-0.0245396
-0.0241697
-0.0237674
-0.0233331
-0.0228671
-0.0223699
-0.0218419
-0.0212833
-0.0206943
-0.0200745
-0.0194236
-0.0187411
-0.0180265
-0.0172791
-0.016498
-0.0156824
-0.0148313
-0.0139436
-0.0130199
-0.0120541
-0.0110511
-0.0100139
-0.00906348
-0.00817518
-0.00731625
-0.00639121
-0.00541972
-0.00442073
-0.00339696
-0.00240454
-0.00141649
-0.00044188
0.000514841
0.00144978
0.00235968
0.00324143
0.00408502
0.00488968
0.00565734
0.00636951
0.00703022
0.00764803
0.00822513
0.00876157
0.00926685
0.00976645
0.0102257
0.0106409
0.0110225
0.0113706
0.0116855
0.0119673
0.0122163
0.0124325
0.0126162
0.0127675
0.0128864
0.0129731
0.0130278
0.0130506
0.0130415
0.0130006
0.0129277
0.0128229
0.0126862
0.0125173
0.0123163
0.0120831
0.0118177
0.0115198
0.0111892
0.0108259
0.0104297
0.0100005
0.00953818
0.00904267
0.00851378
0.00795129
0.00735492
0.0067243
0.00605894
0.00535825
0.00462152
0.00384795
0.00303664
0.00218657
0.00129668
0.000365841
-0.000605547
-0.00162563
-0.00268895
-0.00364531
-0.00458546
-0.00550654
-0.00640628
-0.00728295
-0.00817925
-0.00909522
-0.0100263
-0.0109758
-0.0119338
-0.012886
-0.0138207
-0.0147337
-0.0156216
-0.0164811
-0.0173083
-0.0181016
-0.0188656
-0.0195961
-0.0202978
-0.0209717
-0.0215888
-0.0221324
-0.0226389
-0.0231124
-0.0235575
-0.0239758
-0.0243625
-0.0247128
-0.0250249
-0.0252972
-0.0255278
-0.0257152
-0.0258576
-0.0259524
-0.0259958
-0.0259831
-0.0259432
-0.0258964
-0.0258022
-0.0256804
-0.025531
-0.025354
-0.0251494
-0.0249169
-0.0246565
-0.0243681
-0.0240515
-0.0237066
-0.0233331
-0.0229309
-0.0224998
-0.0220398
-0.0215506
-0.0210322
-0.0204844
-0.0199068
-0.0192994
-0.0186616
-0.017993
-0.017293
-0.0165608
-0.0157958
-0.014997
-0.0141635
-0.0132941
-0.0123878
-0.011445
-0.0104592
-0.00943536
-0.00846273
-0.00750995
-0.00658014
-0.00567583
-0.00479882
-0.00392388
-0.00301666
-0.00208014
-0.0011175
-0.000148043
0.000787679
0.00168886
0.00255469
0.00344417
0.00431893
0.005156
0.00595467
0.00671813
0.00744329
0.00812807
0.00876324
0.00934648
0.00989012
0.0103914
0.0108659
0.0113095
0.0117188
0.0120936
0.0124351
0.0127439
0.0130186
0.0132609
0.0134709
0.0136501
0.0137958
0.0139095
0.0139914
0.0140413
0.0140594
0.0140455
0.0139996
0.0139218
0.0138118
0.0136692
0.0134974
0.0132938
0.0130835
0.0128154
0.0125152
0.0121825
0.0118172
0.0114194
0.0109887
0.0105253
0.0100289
0.00949933
0.00893645
0.00833997
0.0077095
0.00704458
0.0063446
0.00560887
0.00483659
0.00402685
0.00317866
0.00229094
0.00136258
0.000393967
-0.000623027
-0.00168294
-0.00263984
-0.00358025
-0.00450129
-0.00540068
-0.00627668
-0.00718819
-0.00813906
-0.00910744
-0.0100797
-0.0110457
-0.0119987
-0.012933
-0.0138456
-0.0147333
-0.0155928
-0.0164212
-0.0172155
-0.0180371
-0.0188109
-0.0195612
-0.0202778
-0.0209276
-0.021509
-0.0220217
-0.0224129
-0.0227012
-0.0228998
-0.023027
-0.0231327
-0.0232129
-0.0232671
-0.0232953
-0.0232984
-0.0232759
-0.0232271
-0.0231516
-0.0230491
-0.0229195
-0.0227631
-0.0225806
-0.0223786
-0.0221016
-0.0218156
-0.0214966
-0.0211463
-0.0207645
-0.0203509
-0.0199027
-0.0194286
-0.0189236
-0.0183872
-0.0178188
-0.0172182
-0.0165852
-0.0159199
-0.0152219
-0.0144911
-0.0137274
-0.0129569
-0.0121243
-0.0112541
-0.0103459
-0.00940091
-0.00841826
-0.00739657
-0.00633453
-0.00523087
-0.00408585
-0.00311341
-0.002184
-0.00130575
-0.000489976
0.00025623
0.000928161
0.00152241
0.00203631
0.00246766
0.00281435
0.00307422
0.0032451
0.00332468
0.00331016
0.00319365
0.00322102
0.0033429
0.0035581
0.00386547
0.00426523
0.00469278
0.00523354
0.005737
0.00620211
0.00663246
0.00703428
0.00736181
0.00762846
0.00785065
0.00802824
0.00816852
0.0082745
0.00834255
0.00844006
0.00846659
0.00846033
0.00841694
0.00832853
