-0.099997
-0.0951717
-0.0883889
-0.0836467
-0.0835999
-0.0835364
-0.0834494
-0.0817288
-0.08163
-0.0810082
-0.0809627
-0.0807879
-0.0807711
-0.0807512
-0.0807303
-0.0807097
-0.0806898
-0.080671
-0.0806534
-0.0806368
-0.0806213
-0.0806069
-0.0805422
-0.0805295
-0.080304
-0.0802929
-0.0801015
-0.0800919
-0.0800831
-0.080075
-0.0800674
-0.0800605
-0.080054
-0.080048
-0.0800424
-0.0800488
-0.0800547
-0.0800601
-0.0800651
-0.0800696
-0.0800743
-0.0800788
-0.0800826
-0.0800863
-0.0800516
-0.0800554
-0.080058
-0.0800607
-0.080063
-0.080065
-0.0800667
-0.0800682
-0.0800695
-0.0800707
-0.0800716
-0.0800725
-0.0800732
-0.0800738
-0.0800744
-0.0800749
-0.0800758
-0.080076
-0.0800761
-0.080076
-0.0800759
-0.0800756
-0.0800754
-0.0800755
-0.0800755
-0.0800756
0.0699219
0.0698832
0.0698552
0.0698078
0.0697574
0.0697118
0.0696715
0.0696362
0.0696052
0.069579
0.0695589
0.0695415
0.0695265
0.0695129
0.0695004
0.0694891
0.0694788
0.0694695
0.069461
0.0694532
0.0694462
0.0694398
0.0694339
0.0694285
0.0694236
0.0694191
0.0694149
0.069411
0.0694073
0.0694039
0.0694006
0.0693975
0.0693944
0.0693915
0.0693885
0.0693856
0.0693826
0.0693797
0.0693766
0.0693735
0.0693702
0.0693668
0.0693631
0.0693592
0.0693551
0.0693506
0.0693458
0.0693405
0.0693349
0.0693288
0.0693221
0.0693153
0.0693129
0.0693119
0.0693111
0.0693105
0.0693099
0.0693093
0.0693086
0.0693082
0.0693083
0.069316
0.0693375
0.0693589
0.0693804
0.069381
0.0693814
0.0693817
0.0693821
0.0693842
-0.0801651
-0.0801951
-0.0801873
-0.0801664
-0.0801423
-0.0801238
-0.0801194
-0.0801353
-0.0801763
-0.0802236
-0.080374
-0.0804891
-0.0805706
-0.0806365
-0.0806963
-0.0807507
-0.0808005
-0.080846
-0.0808876
-0.0809258
-0.0809609
-0.080993
-0.0810225
-0.0810495
-0.0810743
-0.081097
-0.0811178
-0.0811369
-0.0811543
-0.0811702
-0.0811848
-0.0811981
-0.0812103
-0.0812214
-0.0812314
-0.0812406
-0.081249
-0.0812566
-0.0812635
-0.0812698
-0.0812756
-0.0812808
-0.0812856
-0.08129
-0.0812939
-0.0812974
-0.0813004
-0.081303
-0.0813051
-0.0813067
-0.0813078
-0.0813073
-0.0813084
-0.0813098
-0.0813109
-0.0813093
-0.0813078
-0.0813066
-0.0813045
-0.0813016
-0.0813004
-0.0813005
-0.0813006
-0.0813007
-0.0813008
-0.0813008
-0.0813008
-0.0813009
-0.0813009
-0.0813009
0.0696029
0.0695667
0.0694418
0.0692983
0.0691244
0.068931
0.0687276
0.0685215
0.0684875
0.0684799
0.0684763
0.0684767
0.0684789
0.0684802
0.0684781
0.0684704
0.0684561
0.0684428
0.0684307
0.0684196
0.0684093
0.0683998
0.068391
0.0683828
0.0683753
0.0683683
0.0683618
0.0683557
0.0683501
0.0683448
0.0683399
0.0683353
0.068331
0.068327
0.0683232
0.0683196
0.0683162
0.068313
0.0683099
0.068307
0.0683042
0.0683015
0.0682989
0.0682964
0.068294
0.0682916
0.0682893
0.0682871
0.0682849
0.0682827
0.0682806
0.0682788
0.0682792
0.0682803
0.0682812
0.0682808
0.0682816
0.0682917
0.0683002
0.0682932
0.068295
0.068296
0.0682965
0.068294
0.0682924
0.0682917
0.0682913
0.0682911
0.0682911
0.0682915
-0.0814404
-0.0813967
-0.0813274
-0.0812439
-0.0811528
-0.0810874
-0.0810414
-0.0810225
-0.0810289
-0.0812053
-0.081362
-0.0814955
-0.081611
-0.0817062
-0.0817785
-0.0818411
-0.081898
-0.0819506
-0.0819992
-0.082044
-0.0820854
-0.0821234
-0.0821585
-0.0821906
-0.0822202
-0.0822473
-0.0822722
-0.0822949
-0.0823158
-0.0823348
-0.0823522
-0.0823681
-0.0823826
-0.0823957
-0.0824077
-0.0824185
-0.0824283
-0.0824371
-0.0824451
-0.0824522
-0.0824586
-0.0824641
-0.082469
-0.0824732
-0.0824766
-0.0824793
-0.0824813
-0.0824826
-0.082483
-0.0824825
-0.0824812
-0.0824778
-0.0824772
-0.0824776
-0.082477
-0.0824767
-0.0824763
-0.082476
-0.0824756
-0.0824752
-0.0824747
-0.0824742
-0.0824736
-0.0824733
-0.082473
-0.0824727
-0.0824726
-0.0824727
-0.0824728
-0.0824731
0.0685793
0.0685421
0.0684624
0.0682396
0.067995
0.0677407
0.0674758
0.0672162
0.0669778
0.0667723
0.0666198
0.0665464
0.0664799
0.066428
0.0663635
0.066358
0.0664523
0.0665457
0.0666364
0.0667228
0.0668016
0.0668473
0.0668726
0.0668958
0.0669172
0.0669369
0.066955
0.0669716
0.0669868
0.0670007
0.0670135
0.0670252
0.0670359
0.0670456
0.0670545
0.0670627
0.0670701
0.0670768
0.0670829
0.0670884
0.0670934
0.0670979
0.067102
0.0671056
0.0671089
0.0671118
0.0671144
0.0671167
0.0671186
0.0671203
0.0671217
0.0671219
0.0671235
0.067125
0.0671262
0.0671259
0.0671257
0.0671255
0.0671254
0.0671263
0.0671267
0.0671266
0.0671266
0.0671265
0.0671265
0.0671265
0.0671265
0.0671265
0.0671265
0.0671265
-0.0836624
-0.0836316
-0.0835263
-0.083382
-0.0832609
-0.0831482
-0.0830444
-0.0829608
-0.0829083
-0.0828974
-0.0829451
-0.0829873
-0.0829977
-0.083006
-0.0830135
-0.083022
-0.0830324
-0.0830437
-0.083055
-0.0830837
-0.0831046
-0.0831234
-0.0831408
-0.0831473
-0.0831534
-0.0831591
-0.0831637
-0.0831676
-0.0831715
-0.0831569
-0.083161
-0.0831642
-0.0831668
-0.0831693
-0.0831716
-0.0831736
-0.0831755
-0.0831773
-0.0831789
-0.0831803
-0.0831817
-0.083183
-0.0831841
-0.0831852
-0.0831861
-0.0831869
-0.0831876
-0.083188
-0.0831882
-0.0831881
-0.0831877
-0.0831866
-0.0831875
-0.0831886
-0.0831881
-0.0831877
-0.0831875
-0.0831873
-0.0831871
-0.0831879
-0.0831881
-0.083188
-0.083188
-0.083188
-0.0831879
-0.0831879
-0.0831879
-0.0831879
-0.083188
-0.083188
0.0670339
0.0669975
0.0669446
0.0669059
0.0668955
0.066918
0.0669478
0.0668497
0.0668073
0.0669168
0.0670227
0.0671268
0.0672292
0.0673269
0.0674122
0.0674802
0.0675266
0.0675693
0.0676084
0.0676443
0.0676772
0.0677072
0.0677347
0.0677597
0.0677824
0.067803
0.0678218
0.0678389
0.0678545
0.0678686
0.0678815
0.0678931
0.0679035
0.0679129
0.0679213
0.0679288
0.0679354
0.0679411
0.0679462
0.0679505
0.0679542
0.0679573
0.0679598
0.0679617
0.0679631
0.0679641
0.0679645
0.0679645
0.0679641
0.0679632
0.0679619
0.0679593
0.0679593
0.06796
0.0679595
0.0679591
0.0679588
0.0679585
0.0679583
0.067958
0.0679576
0.0679575
0.0679574
0.0679575
0.067967
0.067967
0.067967
0.0679671
0.0679671
0.0679671
-0.0828429
-0.082808
-0.0826898
-0.0825456
-0.0823741
-0.0821842
-0.0819863
-0.0817924
-0.0816112
-0.0814932
-0.0815317
-0.0815711
-0.081603
-0.0816224
-0.0816261
-0.0816258
-0.0816252
-0.0816243
-0.0816233
-0.0816222
-0.0816211
-0.0816201
-0.0816191
-0.081618
-0.081617
-0.0816159
-0.0816148
-0.0816136
-0.0816125
-0.0816113
-0.08161
-0.0816088
-0.0816075
-0.0816061
-0.0816048
-0.0816034
-0.081602
-0.0816006
-0.0815992
-0.0815978
-0.0815965
-0.0815952
-0.0815938
-0.0815925
-0.0815911
-0.0815897
-0.0815881
-0.0815864
-0.0815845
-0.0815824
-0.08158
-0.0815773
-0.0815772
-0.081578
-0.0815788
-0.0815785
-0.0815777
-0.0815764
-0.0815745
-0.0815722
-0.0815694
-0.081569
-0.0815691
-0.0815768
-0.081577
-0.081577
-0.0815771
-0.0815771
-0.0815772
-0.0815772
0.0683685
0.0683322
0.0682438
0.0681639
0.0680793
0.0680007
0.067938
0.0678987
0.068012
0.0681171
0.0682146
0.0683054
0.0683881
0.0684609
0.0685223
0.0685704
0.0686089
0.0686444
0.0686773
0.0687077
0.0687356
0.0687613
0.0687849
0.0688066
0.0688265
0.0688447
0.0688614
0.0688767
0.0688907
0.0689035
0.0689151
0.0689258
0.0689354
0.0689442
0.0689522
0.0689595
0.068966
0.0689719
0.0689772
0.068982
0.0689862
0.06899
0.0689933
0.0689962
0.0689988
0.069001
0.0690028
0.0690044
0.0690056
0.0690066
0.0690072
0.0690067
0.0690079
0.0690093
0.0690105
0.0690101
0.0690095
0.0690102
0.0690107
0.069011
0.0690111
0.069012
0.0690119
0.0690119
0.0690119
0.0690119
0.0690119
0.0690118
0.0690117
0.0690116
-0.0817218
-0.081647
-0.0815527
-0.0814659
-0.0813858
-0.0813176
-0.0812697
-0.0812531
-0.0812324
-0.0811997
-0.0811802
-0.0811629
-0.0811474
-0.0811332
-0.0811204
-0.0811086
-0.0810978
-0.0810879
-0.0810788
-0.0810706
-0.0810631
-0.0810562
-0.0810498
-0.0810439
-0.0810384
-0.0810333
-0.0810284
-0.0810238
-0.0810195
-0.0810153
-0.0810113
-0.0810075
-0.0810038
-0.0810002
-0.0809967
-0.0809934
-0.0809901
-0.0809869
-0.0809838
-0.0809808
-0.0809779
-0.080975
-0.0809721
-0.0809692
-0.0809663
-0.0809632
-0.08096
-0.0809567
-0.0809531
-0.0809492
-0.0809449
-0.0809405
-0.0809394
-0.0809394
-0.0809389
-0.0809386
-0.0809383
-0.0809381
-0.080938
-0.0809379
-0.0809379
-0.0809379
-0.0809378
-0.0809378
-0.0809378
-0.0809384
-0.0809387
-0.0809388
-0.0809388
-0.0809388
0.0688158
0.0687808
0.0687203
0.0686487
0.0685826
0.068595
0.0686927
0.0687898
0.0688817
0.0689641
0.0690306
0.0690865
0.069138
0.0691855
0.0692293
0.0692687
0.0693034
0.0693335
0.0693607
0.0693891
0.0694182
0.0694453
0.0694523
0.0694756
0.0694966
0.0695161
0.069534
0.0695504
0.0695654
0.069579
0.0695914
0.0696026
0.0696127
0.0696218
0.0696298
0.069637
0.0696433
0.0696488
0.0696535
0.0696576
0.0696611
0.069664
0.0696663
0.0696681
0.0696694
0.0696702
0.0696706
0.0696704
0.0696699
0.0696688
0.0696673
0.0696646
0.0696645
0.0696651
0.0696646
0.0696643
0.069664
0.0696639
0.0696637
0.0696639
0.0696639
0.069664
0.069664
0.0696641
0.069664
0.069664
0.0696639
0.0696639
0.0696639
0.0696639
-0.0810075
-0.0809315
-0.0807977
-0.0806467
-0.0805264
-0.0804476
-0.0803832
-0.0803694
-0.0803434
-0.0803178
-0.0802977
-0.0802812
-0.0802673
-0.0802542
-0.0802433
-0.0802332
-0.0802233
-0.0802111
-0.0802033
-0.0801962
-0.0801886
-0.0801806
-0.0801725
-0.0801643
-0.0801562
-0.0801482
-0.0801408
-0.0801346
-0.0801298
-0.0801245
-0.0801013
-0.0800972
-0.0800933
-0.0800895
-0.0800858
-0.0800823
-0.0800789
-0.0800757
-0.0800725
-0.0800694
-0.0800664
-0.0800635
-0.0800606
-0.0800578
-0.0800549
-0.0800519
-0.0800488
-0.0800455
-0.080042
-0.0800383
-0.0800342
-0.08003
-0.080029
-0.0800292
-0.0800286
-0.0800283
-0.0800281
-0.0800279
-0.0800278
-0.0800277
-0.0800285
-0.0800287
-0.0800287
-0.0800286
-0.0800286
-0.0800286
-0.0800286
-0.0800287
-0.0800287
-0.0800287
0.0696999
0.0696639
0.0695753
0.0694553
0.0693488
0.069261
0.0692099
0.0692158
0.0694143
0.0696194
0.0698328
0.0700607
0.0702594
0.0704448
0.070618
0.0707797
0.0709299
0.0710704
0.0712017
0.071324
0.0714375
0.0715424
0.0716382
0.0717231
0.0717828
0.0719249
0.0719948
0.0720589
0.0721179
0.0721736
0.0722265
0.0722801
0.0723173
0.0723512
0.0723818
0.072409
0.0724331
0.0724544
0.0724729
0.0724888
0.0725023
0.0725136
0.0725065
0.0725163
0.0725216
0.0725228
0.0725222
0.0725197
0.0725151
0.0725083
0.0724993
0.072485
0.0724833
0.0724836
0.0724829
0.0724815
0.0724795
0.0724769
0.0724737
0.0724701
0.0724661
0.0724617
0.0724569
0.0724519
0.0724467
0.0724412
0.0724357
0.0724348
0.0724337
0.0724326
-0.0799715
-0.0799252
-0.0798333
-0.0796585
-0.0794112
-0.0791618
-0.0788832
-0.0785613
-0.0783121
-0.0781185
-0.0779507
-0.0778166
-0.0777335
-0.0777136
-0.0777547
-0.0776329
-0.0776102
-0.0775962
-0.0775982
-0.0775969
