0.099997
0.0925051
0.0842454
0.0788103
0.078853
0.0766668
0.0741687
0.0741959
0.0720933
0.0720963
0.0709783
0.0709612
0.070951
0.070944
0.0709387
0.0709346
0.0709311
0.0709282
0.0709257
0.0709235
0.0709217
0.07092
0.0709186
0.0709174
0.0709164
0.0709154
0.0709147
0.070914
0.0709153
0.0709166
0.0709177
0.0709187
0.0709197
0.0709205
0.0709213
0.0709204
0.0709195
0.0709187
0.070918
0.0709173
0.0707973
0.0706232
0.0706226
0.0703004
0.0702996
0.0701367
0.0701362
0.070045
0.069994
0.0699653
0.0699488
0.0699392
0.0699334
0.0699299
0.0699275
0.069926
0.0699248
0.069924
0.0699233
0.0699227
0.0699218
0.0699215
0.0699214
0.0699215
0.0699216
0.0699219
0.0699222
0.0699221
0.069922
0.069922
-0.0800756
-0.0800934
-0.0800945
-0.0801084
-0.0801263
-0.0801433
-0.0801585
-0.0801722
-0.0801845
-0.080194
-0.0801982
-0.0802001
-0.0802001
-0.0802001
-0.0802
-0.0802
-0.0802
-0.0801999
-0.0801999
-0.0801999
-0.0801999
-0.0801998
-0.0801998
-0.0801997
-0.0801997
-0.0801997
-0.0801996
-0.0801996
-0.0801996
-0.0801995
-0.0801995
-0.0801994
-0.0801994
-0.0801993
-0.0801993
-0.0801992
-0.0801992
-0.0801991
-0.080199
-0.080199
-0.0801989
-0.0801988
-0.0801988
-0.0801987
-0.0801986
-0.0801985
-0.0801984
-0.0801983
-0.0801982
-0.0801981
-0.080198
-0.0801979
-0.0801977
-0.080198
-0.0801988
-0.0801999
-0.0802012
-0.0802024
-0.0802037
-0.0802043
-0.0802036
-0.0801959
-0.0801876
-0.0801784
-0.0801687
-0.0801686
-0.0801685
-0.0801683
-0.0801681
-0.0801671
0.0693882
0.0693295
0.0693353
0.0693521
0.0693811
0.0694215
0.0694723
0.0695339
0.0696059
0.0696731
0.0696309
0.0696068
0.0695994
0.0695994
0.0695994
0.0695994
0.0695994
0.0695995
0.0695995
0.0695995
0.0695995
0.0695996
0.0695996
0.0695996
0.0695997
0.0695997
0.0695997
0.0695998
0.0695998
0.0695998
0.0695998
0.0695999
0.0695999
0.0695999
0.0696
0.0696
0.0696
0.0696
0.0696001
0.0696001
0.0696001
0.0696001
0.0696001
0.0696001
0.0696001
0.0696001
0.0696001
0.0696
0.0696
0.0696
0.0695999
0.0695999
0.0695998
0.0695997
0.0695996
0.0695994
0.0696007
0.0696017
0.0696025
0.0696039
0.0696033
0.0696032
0.0696032
0.0696031
0.0696031
0.0696031
0.069603
0.069603
0.0696029
0.0696029
-0.081301
-0.0813039
-0.0813431
-0.081378
-0.0814246
-0.0814822
-0.0815505
-0.0816298
-0.0815784
-0.0815312
-0.0814995
-0.0814738
-0.0814528
-0.0814367
-0.0814259
-0.0814207
-0.0814207
-0.0814207
-0.0814207
-0.0814208
-0.0814208
-0.0814208
-0.0814209
-0.0814209
-0.0814209
-0.081421
-0.081421
-0.081421
-0.0814211
-0.0814211
-0.0814211
-0.0814212
-0.0814212
-0.0814212
-0.0814213
-0.0814213
-0.0814213
-0.0814213
-0.0814213
-0.0814214
-0.0814214
-0.0814214
-0.0814214
-0.0814214
-0.0814214
-0.0814214
-0.0814214
-0.0814214
-0.0814214
-0.0814214
-0.0814214
-0.0814214
-0.0814214
-0.0814213
-0.0814213
-0.0814222
-0.0814232
-0.0814342
-0.0814435
-0.0814435
-0.0814408
-0.0814422
-0.0814429
-0.0814428
-0.0814412
-0.0814411
-0.0814407
-0.0814404
-0.0814404
-0.0814403
0.0682915
0.0683141
0.0683398
0.0683892
0.0684628
0.0685303
0.0686085
0.0686977
0.0687903
0.068719
0.0686619
0.0686195
0.0685901
0.068574
0.0685714
0.0685714
0.0685715
0.0685715
0.0685715
0.0685715
0.0685715
0.0685716
0.0685716
0.0685716
0.0685716
0.0685717
0.0685717
0.0685717
0.0685718
0.0685718
0.0685718
0.0685718
0.0685718
0.0685719
0.0685719
0.0685719
0.0685719
0.0685719
0.0685719
0.0685719
0.0685719
0.0685719
0.0685719
0.0685719
0.0685719
0.0685718
0.0685718
0.0685718
0.0685717
0.0685716
0.0685716
0.0685715
0.0685714
0.0685713
0.0685722
0.0685733
0.0685743
0.0685752
0.068576
0.0685769
0.0685777
0.0685785
0.0685792
0.0685794
0.0685796
0.0685798
0.0685798
0.0685798
0.0685797
0.0685795
-0.0824734
-0.0824608
-0.0824485
-0.0825472
-0.0826358
-0.0827299
-0.0828359
-0.0829532
-0.0830814
-0.0832209
-0.0833555
-0.0834466
-0.083552
-0.0836523
-0.0837749
-0.0838347
-0.0837958
-0.0837589
-0.0837244
-0.0836928
-0.0836656
-0.0836559
-0.0836559
-0.0836559
-0.083656
-0.083656
-0.083656
-0.0836561
-0.0836561
-0.0836561
-0.0836562
-0.0836562
-0.0836562
-0.0836563
-0.0836563
-0.0836563
-0.0836564
-0.0836564
-0.0836564
-0.0836564
-0.0836565
-0.0836565
-0.0836565
-0.0836565
-0.0836565
-0.0836565
-0.0836565
-0.0836565
-0.0836565
-0.0836565
-0.0836565
-0.0836565
-0.0836565
-0.0836565
-0.0836565
-0.083658
-0.083659
-0.0836598
-0.0836604
-0.0836617
-0.0836624
-0.0836626
-0.0836625
-0.0836624
-0.0836624
-0.0836624
-0.0836624
-0.0836624
-0.0836624
-0.0836624
0.0671265
0.0671223
0.0671514
0.0671936
0.0671973
0.0671879
0.0671745
0.0671558
0.0671297
0.0670953
0.0670348
0.0669971
0.0669986
0.0670054
0.0670126
0.0670196
0.0670268
0.0670342
0.0670425
0.0670301
0.0670239
0.0670182
0.0670126
0.0670127
0.0670127
0.0670127
0.0670126
0.067012
0.0670105
0.0670261
0.0670261
0.0670261
0.0670262
0.0670262
0.0670262
0.0670263
0.0670263
0.0670263
0.0670264
0.0670264
0.0670264
0.0670264
0.0670265
0.0670265
0.0670265
0.0670265
0.0670265
0.0670266
0.0670266
0.0670266
0.0670266
0.0670266
0.0670266
0.0670266
0.0670282
0.0670296
0.0670306
0.0670314
0.0670321
0.0670331
0.0670336
0.0670337
0.0670338
0.0670339
0.067034
0.0670341
0.0670341
0.0670341
0.067034
0.067034
-0.083188
-0.0832044
-0.0831756
-0.0831219
-0.0830432
-0.0829487
-0.0828846
-0.0829961
-0.0830851
-0.0830327
-0.0829883
-0.0829485
-0.0829118
-0.0828799
-0.0828572
-0.0828453
-0.0828454
-0.0828454
-0.0828454
-0.0828455
-0.0828455
-0.0828455
-0.0828456
-0.0828456
-0.0828456
-0.0828457
-0.0828457
-0.0828457
-0.0828458
-0.0828458
-0.0828458
-0.0828459
-0.0828459
-0.0828459
-0.0828459
-0.0828459
-0.082846
-0.082846
-0.082846
-0.082846
-0.082846
-0.082846
-0.082846
-0.082846
-0.082846
-0.082846
-0.082846
-0.082846
-0.082846
-0.082846
-0.082846
-0.082846
-0.082846
-0.0828459
-0.0828471
-0.0828485
-0.0828495
-0.0828503
-0.0828511
-0.0828517
-0.0828524
-0.0828525
-0.0828526
-0.0828526
-0.0828431
-0.082843
-0.082843
-0.082843
-0.082843
-0.082843
0.0679671
0.0679633
0.0680047
0.068047
0.0681015
0.0681684
0.0682474
0.0683378
0.0684398
0.068517
0.068461
0.0684182
0.0683901
0.0683747
0.068372
0.0683721
0.0683721
0.0683722
0.0683722
0.0683722
0.0683723
0.0683723
0.0683723
0.0683724
0.0683724
0.0683724
0.0683725
0.0683725
0.0683726
0.0683726
0.0683726
0.0683727
0.0683727
0.0683727
0.0683728
0.0683728
0.0683728
0.0683729
0.0683729
0.0683729
0.0683729
0.0683729
0.0683729
0.0683729
0.0683729
0.0683729
0.0683729
0.0683729
0.0683728
0.0683728
0.0683728
0.0683727
0.0683726
0.0683726
0.0683725
0.0683736
0.0683745
0.0683752
0.0683757
0.0683761
0.0683764
0.0683765
0.0683766
0.0683689
0.0683688
0.0683688
0.0683687
0.0683687
0.0683686
0.0683686
-0.0815772
-0.0815835
-0.0816278
-0.0816663
-0.0817166
-0.0817778
-0.0818497
-0.0819326
-0.0818785
-0.0818355
-0.0817996
-0.0817698
-0.081746
-0.0817286
-0.0817178
-0.0817139
-0.081714
-0.081714
-0.081714
-0.081714
-0.0817141
-0.0817141
-0.0817141
-0.0817142
-0.0817142
-0.0817142
-0.0817143
-0.0817143
-0.0817143
-0.0817144
-0.0817144
-0.0817144
-0.0817145
-0.0817145
-0.0817145
-0.0817146
-0.0817146
-0.0817146
-0.0817146
-0.0817146
-0.0817147
-0.0817147
-0.0817147
-0.0817147
-0.0817147
-0.0817147
-0.0817147
-0.0817147
-0.0817147
-0.0817147
-0.0817147
-0.0817147
-0.0817147
-0.0817146
-0.0817146
-0.0817158
-0.0817168
-0.0817176
-0.0817207
-0.0817222
-0.0817222
-0.0817218
-0.081722
-0.0817221
-0.0817222
-0.0817222
-0.0817223
-0.0817223
-0.0817223
-0.0817221
0.0690116
0.0690302
0.0690317
0.0690074
0.0689701
0.0689245
0.068871
0.0688217
0.068799
0.0688105
0.0688106
0.0688107
0.0688108
0.0688108
0.0688109
0.068811
0.068811
0.0688111
0.0688111
0.0688112
0.0688112
0.0688112
0.0688113
0.0688113
0.0688114
0.0688114
0.0688115
0.0688115
0.0688115
0.0688116
0.0688116
0.0688117
0.0688117
0.0688117
0.0688118
0.0688118
0.0688118
0.0688119
0.0688119
0.0688119
0.0688119
0.068812
0.068812
0.068812
0.068812
0.0688121
0.0688121
0.0688121
0.0688121
0.0688121
0.0688121
0.0688121
0.0688121
0.068812
0.0688129
0.0688137
0.0688144
0.0688149
0.0688153
0.0688155
0.0688156
0.0688156
0.0688157
0.0688156
0.0688157
0.0688159
0.0688159
0.0688159
0.0688159
0.0688159
-0.0809388
-0.0809584
-0.0809956
-0.0810499
-0.0811186
-0.0811327
-0.0810787
-0.0810359
-0.0810041
-0.0809839
-0.0809778
-0.0809778
-0.0809779
-0.0809779
-0.0809779
-0.0809784
-0.0809796
-0.0809816
-0.0809838
-0.0809848
-0.0809847
-0.0809846
-0.0810018
-0.0810019
-0.081002
-0.081002
-0.0810021
-0.0810022
-0.0810022
-0.0810023
-0.0810023
-0.0810023
-0.0810024
-0.0810024
-0.0810025
-0.0810025
-0.0810025
-0.0810025
-0.0810025
-0.0810026
-0.0810026
-0.0810026
-0.0810026
-0.0810026
-0.0810026
-0.0810026
-0.0810026
-0.0810026
-0.0810026
-0.0810026
-0.0810026
-0.0810026
-0.0810025
-0.0810025
-0.0810036
-0.0810046
-0.0810054
-0.081006
-0.0810065
-0.081007
-0.081007
-0.0810071
-0.0810071
-0.0810072
-0.0810073
-0.0810074
-0.0810075
-0.0810074
-0.0810074
-0.0810075
0.0696639
0.0696839
0.0697233
0.0697626
0.0697799
0.0697651
0.0697435
0.069702
0.06969
0.0696883
0.0696878
0.0696881
0.0696891
0.0696914
0.0696914
0.0696914
0.0696917
0.0696941
0.0696941
0.0696941
0.0696941
0.0696939
0.0696932
0.069692
0.06969
0.0696871
0.0696831
0.0696773
0.0696774
0.0696775
0.0696949
0.0696949
0.069695
0.069695
0.069695
0.0696951
0.0696951
0.0696951
0.0696951
0.0696952
0.0696952
0.0696952
0.0696952
0.0696952
0.0696952
0.0696952
0.0696952
0.0696953
0.0696953
0.0696953
0.0696952
0.0696952
0.0696952
0.0696952
0.0696961
0.069697
0.0696977
0.0696982
0.0696987
0.0696987
0.0696998
0.0697001
0.0697001
0.0697
0.0697
0.0697001
0.0697001
0.0697001
0.0697
0.0697
-0.0800287
-0.080044
-0.0800802
-0.080142
-0.0801992
-0.0802643
-0.0803368
-0.0804138
-0.0803337
-0.0802588
-0.0801773
-0.0800844
-0.080017
-0.0799631
-0.0799211
-0.0798899
-0.0798697
-0.0798586
-0.0798556
-0.07986
-0.0798712
-0.0798889
-0.0799134
-0.0799462
-0.0800019
-0.079959
-0.079969
-0.0799728
-0.079974
-0.079974
-0.0799725
-0.0799659
-0.079968
-0.0799679
-0.0799677
-0.0799675
-0.0799671
-0.0799667
-0.079966
-0.0799652
-0.0799641
-0.0799628
-0.079977
-0.079977
-0.0799769
-0.0799769
-0.0799769
-0.0799769
-0.0799769
-0.0799768
-0.0799768
-0.0799767
-0.0799679
-0.0799677
-0.0799685
-0.0799697
-0.0799711
-0.0799726
-0.0799743
-0.0799759
-0.0799775
-0.0799791
-0.0799806
-0.0799819
-0.079983
-0.0799839
-0.0799845
-0.0799809
-0.0799776
-0.0799745
0.0724316
0.0723978
0.0723499
0.0723503
0.0724621
0.0725464
0.072621
0.072706
0.0726951
0.072621
0.0725276
0.0724206
0.072308
0.0721989
0.0720893
0.0721784
0.0721953
0.072225
0.0722546
0.072286
