0.00087273
0.000826468
0.000766973
0.000711859
0.000665934
0.000618067
0.000573695
0.000532329
0.000494144
0.000458567
0.000425667
0.000395073
0.0003667
0.000340383
0.000315968
0.00029332
0.000272311
0.000252823
0.000234747
0.000217981
0.000202432
0.000188013
0.000174641
0.000162242
0.000150745
0.000140086
0.000130204
0.000121045
0.00011255
0.000104679
9.73862e-05
9.06311e-05
8.43749e-05
7.85819e-05
7.32191e-05
6.8259e-05
6.36714e-05
5.94292e-05
5.55076e-05
5.18836e-05
4.85407e-05
4.54586e-05
4.25989e-05
3.99884e-05
3.75501e-05
3.53131e-05
3.3235e-05
3.13257e-05
2.95652e-05
2.7945e-05
2.64557e-05
2.50887e-05
2.38355e-05
2.26879e-05
2.16384e-05
2.068e-05
1.98059e-05
1.901e-05
1.82866e-05
1.76304e-05
1.70124e-05
1.64725e-05
1.59949e-05
1.55676e-05
1.51869e-05
1.48491e-05
1.45508e-05
1.42811e-05
1.40449e-05
1.38401e-05
1.36695e-05
1.35559e-05
2.99583e-05
3.19932e-05
3.06126e-05
2.93385e-05
2.81632e-05
2.70811e-05
2.6086e-05
2.51679e-05
2.43185e-05
2.35346e-05
2.28127e-05
2.21541e-05
2.15542e-05
2.10084e-05
2.05128e-05
2.00635e-05
1.9657e-05
1.929e-05
1.89595e-05
1.86626e-05
1.83968e-05
1.81595e-05
1.79486e-05
1.77619e-05
1.75976e-05
1.74537e-05
1.73287e-05
1.7221e-05
1.71292e-05
1.70519e-05
1.6988e-05
1.69362e-05
1.68956e-05
1.68652e-05
1.68442e-05
1.68316e-05
1.68269e-05
1.68292e-05
1.68379e-05
1.68523e-05
1.68719e-05
1.6896e-05
1.69242e-05
1.69559e-05
1.69908e-05
1.70284e-05
1.70684e-05
1.71103e-05
1.71539e-05
1.71993e-05
1.72487e-05
1.72611e-05
1.72624e-05
1.72522e-05
1.72308e-05
1.71988e-05
1.71566e-05
1.71044e-05
1.70423e-05
1.66456e-05
1.67029e-05
1.67847e-05
1.68885e-05
1.69857e-05
1.70872e-05
1.71931e-05
1.73033e-05
1.74197e-05
1.75433e-05
1.76072e-05
3.15798e-05
5.10305e-05
6.46071e-05
7.54284e-05
8.62029e-05
9.68867e-05
0.000106692
0.000100198
9.42309e-05
8.87355e-05
8.34988e-05
7.8835e-05
7.45086e-05
7.04957e-05
6.67736e-05
6.33216e-05
6.01202e-05
5.71509e-05
5.4397e-05
5.18432e-05
4.94749e-05
4.72789e-05
4.52427e-05
4.3355e-05
4.1605e-05
3.99827e-05
3.84792e-05
3.70857e-05
3.57944e-05
3.4598e-05
3.34896e-05
3.2463e-05
3.15121e-05
3.06317e-05
2.98164e-05
2.90616e-05
2.83627e-05
2.77156e-05
2.71165e-05
2.65619e-05
2.60483e-05
2.55729e-05
2.51327e-05
2.47253e-05
2.43482e-05
2.39992e-05
2.36763e-05
2.33777e-05
2.31016e-05
2.2846e-05
2.26067e-05
2.23827e-05
2.21726e-05
2.20105e-05
2.18823e-05
2.17855e-05
2.17207e-05
2.06899e-05
2.06969e-05
2.04702e-05
2.04416e-05
2.04131e-05
2.02845e-05
2.01662e-05
2.00581e-05
1.99593e-05
1.98693e-05
1.97873e-05
1.99072e-05
2.16001e-05
3.17429e-05
3.77198e-05
3.94054e-05
3.91384e-05
3.86332e-05
3.79338e-05
3.52089e-05
3.04883e-05
2.46045e-05
1.89452e-05
1.3955e-05
9.96473e-06
7.22536e-06
5.93188e-06
6.24103e-06
7.27647e-06
8.24023e-06
9.13683e-06
9.97079e-06
1.07465e-05
1.14681e-05
1.21394e-05
1.2764e-05
1.33452e-05
1.38862e-05
1.43898e-05
1.48587e-05
1.52954e-05
1.57021e-05
1.60811e-05
1.64342e-05
1.67633e-05
1.70702e-05
1.73564e-05
1.76233e-05
1.78724e-05
1.81049e-05
1.8322e-05
1.85249e-05
1.87143e-05
1.88915e-05
1.90571e-05
1.92122e-05
1.93573e-05
1.94933e-05
1.96208e-05
1.97403e-05
1.98524e-05
1.99576e-05
2.00566e-05
2.01523e-05
2.02447e-05
2.03344e-05
2.03912e-05
2.04275e-05
2.04884e-05
2.05486e-05
2.0607e-05
2.06662e-05
2.0724e-05
2.07804e-05
2.08394e-05
2.089e-05
2.09493e-05
2.09991e-05
2.10554e-05
2.10946e-05
2.11425e-05
2.11752e-05
2.43144e-05
2.40227e-05
3.54473e-05
4.49233e-05
4.95497e-05
5.39897e-05
5.8304e-05
5.54625e-05
5.2883e-05
4.8591e-05
4.32163e-05
3.8189e-05
3.38647e-05
3.05215e-05
2.83518e-05
2.75235e-05
2.71098e-05
2.67281e-05
2.63758e-05
2.60505e-05
2.57502e-05
2.54731e-05
2.52175e-05
2.49818e-05
2.47647e-05
2.45646e-05
2.43805e-05
2.42111e-05
2.40554e-05
2.39122e-05
2.37807e-05
2.36599e-05
2.35491e-05
2.34475e-05
2.33543e-05
2.32687e-05
2.31903e-05
2.31183e-05
2.30521e-05
2.29913e-05
2.29353e-05
2.28838e-05
2.28362e-05
2.27923e-05
2.27519e-05
2.27145e-05
2.268e-05
2.26481e-05
2.26188e-05
2.25918e-05
2.25666e-05
2.25403e-05
2.25131e-05
2.25179e-05
2.25395e-05
2.25768e-05
2.26289e-05
2.2695e-05
2.27737e-05
2.28643e-05
2.29659e-05
2.30792e-05
2.31565e-05
2.32049e-05
2.3226e-05
2.32213e-05
2.3194e-05
2.31542e-05
2.3102e-05
2.30368e-05
2.30052e-05
2.3011e-05
5.03461e-05
7.12343e-05
8.84949e-05
0.000101087
0.000110881
0.000120429
0.000129793
0.000122419
0.000115542
0.000109136
0.000103165
9.7619e-05
8.83833e-05
7.98804e-05
7.24933e-05
6.65192e-05
6.21811e-05
5.94785e-05
5.69229e-05
5.45255e-05
5.23035e-05
5.02445e-05
4.83367e-05
4.65692e-05
4.4932e-05
4.34158e-05
4.20118e-05
4.0712e-05
3.9509e-05
3.83958e-05
3.73659e-05
3.64134e-05
3.55327e-05
3.47187e-05
3.39666e-05
3.32719e-05
3.26305e-05
3.20387e-05
3.14928e-05
3.09897e-05
3.05263e-05
3.00996e-05
2.97071e-05
2.93462e-05
2.90148e-05
2.87105e-05
2.84315e-05
2.81758e-05
2.79422e-05
2.77314e-05
2.75419e-05
2.73724e-05
2.72088e-05
2.70522e-05
2.69024e-05
2.67592e-05
2.66403e-05
2.65385e-05
2.645e-05
2.63729e-05
2.63053e-05
2.62464e-05
2.61952e-05
2.61509e-05
2.61129e-05
2.60807e-05
2.60538e-05
2.60337e-05
2.5999e-05
3.59924e-05
4.23283e-05
4.47256e-05
4.49215e-05
4.33876e-05
4.19408e-05
4.05753e-05
3.93104e-05
2.70129e-05
1.58874e-05
6.70718e-06
-1.45015e-06
-2.63894e-06
-6.24433e-07
1.25555e-06
3.00857e-06
4.64254e-06
4.62329e-06
4.39865e-06
4.65406e-06
4.63361e-06
6.21081e-06
7.67778e-06
9.04178e-06
1.03122e-05
1.14954e-05
1.25973e-05
1.36252e-05
1.236e-05
1.21948e-05
1.32467e-05
1.42254e-05
1.51359e-05
1.59826e-05
1.67699e-05
1.7502e-05
1.81826e-05
1.88153e-05
1.94033e-05
1.99497e-05
2.04574e-05
2.09291e-05
2.13672e-05
2.17741e-05
2.21521e-05
2.25031e-05
2.28291e-05
2.31318e-05
2.34131e-05
2.36739e-05
2.39126e-05
2.4131e-05
2.43577e-05
2.45766e-05
2.47881e-05
2.49922e-05
2.51876e-05
2.53557e-05
2.55072e-05
2.56459e-05
2.57737e-05
2.58921e-05
2.60024e-05
2.61053e-05
2.62017e-05
2.62911e-05
2.63743e-05
2.64518e-05
2.65271e-05
3.33012e-05
4.07561e-05
4.44187e-05
4.4427e-05
4.34747e-05
4.26163e-05
4.97364e-05
4.84056e-05
4.7109e-05
4.50667e-05
4.32248e-05
4.20538e-05
4.11409e-05
4.02635e-05
3.94139e-05
3.85871e-05
3.78194e-05
3.71067e-05
3.6445e-05
3.58306e-05
3.52603e-05
3.47308e-05
3.42392e-05
3.37829e-05
3.33596e-05
3.29676e-05
3.26053e-05
3.22703e-05
3.19608e-05
3.16749e-05
3.14109e-05
3.11674e-05
3.09427e-05
3.07356e-05
3.05449e-05
3.03693e-05
3.02077e-05
3.00593e-05
2.9923e-05
2.97981e-05
2.96838e-05
2.95794e-05
2.94841e-05
2.93974e-05
2.93185e-05
2.92469e-05
2.91821e-05
2.91236e-05
2.90709e-05
2.90236e-05
2.89816e-05
2.89473e-05
2.89203e-05
2.88804e-05
2.88327e-05
2.87774e-05
2.87149e-05
2.86456e-05
2.85698e-05
2.84873e-05
2.84397e-05
2.84229e-05
2.84353e-05
2.84492e-05
2.84665e-05
2.84866e-05
2.85069e-05
2.85273e-05
2.85479e-05
2.85697e-05
2.8567e-05
4.84253e-05
6.37921e-05
7.4813e-05
8.15889e-05
8.52444e-05
8.85858e-05
9.16852e-05
8.69805e-05
8.24117e-05
7.60941e-05
6.81422e-05
6.05654e-05
5.37236e-05
4.78693e-05
4.32135e-05
3.99305e-05
3.81622e-05
3.7526e-05
3.69396e-05
3.63987e-05
3.58998e-05
3.54396e-05
3.5015e-05
3.46234e-05
3.42625e-05
3.39299e-05
3.36238e-05
3.33421e-05
3.30832e-05
3.28454e-05
3.26272e-05
3.24271e-05
3.2244e-05
3.20764e-05
3.19231e-05
3.1783e-05
3.1655e-05
3.15382e-05
3.14315e-05
3.13341e-05
3.12453e-05
3.11643e-05
3.10905e-05
3.10235e-05
3.09625e-05
3.09073e-05
3.08574e-05
3.08124e-05
3.07719e-05
3.07354e-05
3.06991e-05
3.06632e-05
3.06274e-05
3.06241e-05
3.0642e-05
3.06799e-05
3.07363e-05
3.081e-05
3.09e-05
2.92427e-05
2.93864e-05
2.9522e-05
2.96293e-05
2.97217e-05
2.98089e-05
2.98022e-05
2.97617e-05
2.97263e-05
2.9929e-05
3.00334e-05
4.07332e-05
4.71662e-05
4.92406e-05
4.92913e-05
4.90859e-05
4.86678e-05
4.61222e-05
4.15847e-05
3.61322e-05
3.08264e-05
2.61331e-05
2.23958e-05
1.98733e-05
1.87654e-05
1.92426e-05
2.01303e-05
2.0957e-05
2.17266e-05
2.2443e-05
2.31099e-05
2.37309e-05
2.43091e-05
2.48477e-05
2.53494e-05
2.5817e-05
2.62528e-05
2.66591e-05
2.70381e-05
2.73916e-05
2.77215e-05
2.80296e-05
2.83172e-05
2.8586e-05
2.88372e-05
2.90721e-05
2.92919e-05
2.94976e-05
2.96903e-05
2.98708e-05
3.004e-05
3.01989e-05
3.03483e-05
3.04887e-05
3.0621e-05
3.07455e-05
3.0863e-05
3.09738e-05
3.10784e-05
3.11771e-05
3.12708e-05
3.13627e-05
3.1453e-05
3.1542e-05
3.16011e-05
3.16381e-05
3.16682e-05
3.17192e-05
3.17753e-05
3.1832e-05
3.18948e-05
3.19487e-05
3.20023e-05
3.20542e-05
3.21043e-05
3.21524e-05
3.21984e-05
3.22426e-05
3.22831e-05
3.23217e-05
3.90863e-05
4.49266e-05
4.80037e-05
4.74652e-05
4.62196e-05
4.50387e-05
3.33619e-05
3.31518e-05
2.41401e-05
1.81718e-05
1.27031e-05
7.81946e-06
3.77582e-06
7.76136e-07
-1.01296e-06
-1.45263e-06
-4.24561e-07
1.98555e-06
4.22564e-06
6.30698e-06
8.24059e-06
1.00369e-05
1.17056e-05
1.32559e-05
1.46961e-05
1.60343e-05
1.72776e-05
1.84328e-05
1.95061e-05
2.05035e-05
2.14303e-05
2.22914e-05
2.30916e-05
2.38351e-05
2.45258e-05
2.51675e-05
2.57635e-05
2.6317e-05
2.68308e-05
2.73077e-05
2.77502e-05
2.81607e-05
2.85413e-05
2.88942e-05
2.92213e-05
2.95244e-05
2.98053e-05
3.00655e-05
3.03066e-05
3.053e-05
3.07364e-05
3.09238e-05
3.10935e-05
3.12837e-05
3.14691e-05
3.16496e-05
3.18254e-05
3.19962e-05
3.2151e-05
3.22896e-05
3.24136e-05
3.25224e-05
3.26186e-05
3.2706e-05
3.27853e-05
3.28607e-05
3.29325e-05
3.3e-05
3.30638e-05
3.31229e-05
3.5885e-05
3.77533e-05
3.78711e-05
3.78618e-05
3.77965e-05
3.72944e-05
3.68619e-05
3.67565e-05
3.66248e-05
3.64605e-05
3.62909e-05
3.61349e-05
3.5992e-05
3.58617e-05
3.57378e-05
3.56205e-05
3.55102e-05
3.54129e-05
3.53387e-05
3.52824e-05
3.52297e-05
3.51769e-05
3.44461e-05
3.44517e-05
3.44568e-05
3.44613e-05
3.44653e-05
3.44689e-05
3.4472e-05
3.44749e-05
3.44777e-05
3.44805e-05
3.44832e-05
3.44861e-05
3.44893e-05
3.44928e-05
3.44968e-05
3.45014e-05
3.45067e-05
3.45129e-05
3.45199e-05
3.45279e-05
3.45369e-05
3.45469e-05
3.45578e-05
3.45697e-05
3.45824e-05
3.4596e-05
3.46103e-05
3.46252e-05
3.46412e-05
3.46612e-05
3.4685e-05
3.46906e-05
3.46883e-05
3.46788e-05
3.46629e-05
3.46416e-05
3.46238e-05
3.46168e-05
3.4621e-05
3.46357e-05
3.46567e-05
3.46729e-05
3.46856e-05
3.46957e-05
3.47193e-05
3.47443e-05
3.47697e-05
3.47946e-05
3.78445e-05
4.01428e-05
3.99678e-05
3.94582e-05
3.89909e-05
3.8532e-05
2.86923e-05
2.38193e-05
2.03673e-05
1.84295e-05
1.92849e-05
2.04015e-05
2.14493e-05
2.14555e-05
2.23468e-05
2.32868e-05
2.37492e-05
2.45902e-05
2.53729e-05
2.61065e-05
2.67937e-05
2.74375e-05
2.80403e-05
2.86048e-05
2.91334e-05
2.96282e-05
3.00913e-05
3.04531e-05
3.08373e-05
3.11991e-05
3.04235e-05
3.08117e-05
3.1174e-05
3.1512e-05
3.18271e-05
3.21208e-05
3.23946e-05
3.26497e-05
3.28872e-05
3.31084e-05
3.33143e-05
3.35058e-05
3.36838e-05
3.38494e-05
3.40033e-05
3.41463e-05
3.42793e-05
3.4403e-05
3.4518e-05
3.4625e-05
3.47241e-05
3.48123e-05
3.48907e-05
3.49969e-05
3.51053e-05
3.52156e-05
3.53272e-05
3.54395e-05
3.55359e-05
3.56124e-05
3.56809e-05
3.57432e-05
3.58007e-05
3.58546e-05
3.59057e-05
3.59546e-05
3.60014e-05
3.60464e-05
3.60889e-05
3.61301e-05
4.29154e-05
5.09747e-05
5.4696e-05
5.5447e-05
5.47858e-05
5.39253e-05
5.32049e-05
5.19095e-05
4.70936e-05
4.04041e-05
3.30455e-05
2.96258e-05
2.75221e-05
2.6892e-05
2.79114e-05
2.88469e-05
2.97111e-05
3.05096e-05
3.12477e-05
3.19303e-05
3.25617e-05
3.31461e-05
3.36875e-05
3.41914e-05
3.43465e-05
3.46761e-05
3.49504e-05
3.51919e-05
3.54147e-05
3.56203e-05
3.58085e-05
3.59712e-05
3.61158e-05
3.62513e-05
3.63775e-05
3.64954e-05
3.66058e-05
3.67098e-05
3.6808e-05
3.6901e-05
3.69897e-05
3.70709e-05
3.43371e-05
3.28627e-05
3.30445e-05
3.34299e-05
3.37912e-05
3.41301e-05
3.44479e-05
3.47461e-05
3.50266e-05
3.52327e-05
3.54127e-05
3.55585e-05
3.56712e-05
3.5753e-05
3.58061e-05
3.58331e-05
3.58362e-05
3.58177e-05
3.57796e-05
3.57237e-05
3.56521e-05
3.5566e-05
3.5467e-05
3.53547e-05
3.53002e-05
3.52861e-05
3.53097e-05
3.53702e-05
3.5365e-05
3.52924e-05
3.5189e-05
8.33106e-05
0.000126773
0.000167069
0.00020508
0.000238188
0.000267043
0.000291783
0.000312444
0.000314357
0.000294083
0.000263659
0.00023248
0.000204695
0.000178624
0.00015444
0.000145895
