0
-0.000311446
-0.000218401
-0.00012523
-0.00223907
-0.0379703
-0.0637298
-0.00769457
-0.0598384
-0.00767401
-0.0344282
-0.00860358
-0.00386168
-0.00058957
-0.000868837
-0.00144864
-0.00329957
-0.00509951
-0.00686818
-0.00861784
-0.0103528
-0.0120734
-0.0135157
-0.0156489
-0.0162413
-0.0197585
-0.020522
-0.0237333
-0.0252332
-0.0268187
-0.0283601
-0.0298515
-0.0312915
-0.0326682
-0.0339446
-0.0349641
-0.0354591
-0.0359946
-0.0365738
-0.0371997
-0.0428321
-0.0418249
-0.0393234
-0.0419696
-0.0364527
-0.0404579
-0.040582
-0.043843
-0.042737
-0.0418367
-0.0411615
-0.0404644
-0.0397509
-0.0390232
-0.0382787
-0.0375131
-0.0367217
-0.0358995
-0.035043
-0.0341422
-0.0452524
-0.0353204
-0.0296659
-0.028007
-0.0263536
-0.0247049
-0.0230599
-0.0250188
-0.0237058
-0.0220721
-0.020441
-0.0204308
-0.0159466
-0.0141036
-0.0122952
-0.0104298
-0.00859474
-0.0067965
-0.00502557
-0.00344246
-0.0020609
-0.000773453
0.000831608
0.00239071
0.00394641
0.00551017
0.00708265
0.00866481
0.0102579
0.0118633
0.0134825
0.0151172
0.0167687
0.0184389
0.0201293
0.0218416
0.0235776
0.025339
0.0271276
0.0289452
0.0307896
0.032663
0.0345728
0.0365179
0.0384969
0.0405093
0.0425559
0.0446389
0.0467621
0.0489305
0.0511502
0.0534279
0.0557689
0.0581758
0.0606512
0.0631978
0.0658186
0.0685168
0.0712955
0.074158
0.077108
0.0800655
0.0837891
0.0683697
0.0633357
0.0575726
0.0512867
0.0446213
0.0376621
0.0305003
0.0232365
0.0387299
0.0491005
0.0590177
0.0688742
0.0766439
0.0788473
0.0810429
0.0832319
0.0855434
0.0881177
0.0844085
0.064806
0.0582496
0.055368
0.0526007
0.0498429
0.0470242
0.044088
0.0408416
0.0318666
0.0303871
0.0287707
0.026464
0.0238259
0.0212126
0.0186189
0.0160414
0.013408
0.0106086
0.0078116
0.00502065
0.00223632
-0.000540999
-0.00331101
-0.00607353
-0.00882848
-0.011576
-0.0143161
-0.0170493
-0.0197563
-0.0224398
-0.0251253
-0.0278016
-0.0304552
-0.0330861
-0.0357326
-0.038396
-0.0410786
-0.0437829
-0.0465124
-0.0492712
-0.0520653
-0.0549015
-0.0577864
-0.0607267
-0.0637286
-0.0667986
-0.069943
-0.0731681
-0.0764788
-0.0797798
-0.0840748
-0.0878913
-0.0914345
-0.0793973
-0.0699427
-0.0605243
-0.0505978
-0.0558206
-0.0558548
-0.0742063
-0.0791118
-0.0799226
-0.0788178
-0.0773201
-0.0755029
-0.073429
-0.0711381
-0.0686222
-0.0658829
-0.0693227
-0.0650579
-0.0621429
-0.0601297
-0.0580686
-0.0559263
-0.0537267
-0.039941
-0.0367448
-0.0350083
-0.0326268
-0.030145
-0.0277278
-0.0253811
-0.0231078
-0.0208539
-0.0180434
-0.0152189
-0.0124296
-0.00965634
-0.00689593
-0.00414681
-0.00140806
0.00132101
0.00404095
0.0067523
0.00945563
0.0121515
0.0148408
0.0175056
0.0201489
0.0227952
0.0254338
0.0280522
0.0306433
0.0332026
0.0357281
0.03822
0.0406804
0.0431143
0.0455294
0.0479384
0.0503623
0.0528306
0.055349
0.0579241
0.060563
0.0632732
0.0660611
0.0689306
0.0717872
0.0753237
0.0784628
0.0813704
0.0692982
0.0603015
0.0631692
0.0671552
0.0771735
0.0764609
0.0778973
0.0786917
0.0810299
0.0788102
0.0811961
0.0766552
0.0790207
0.069519
0.0718442
0.0634612
0.0554669
0.0594088
0.05541
0.0526247
0.0489426
0.0460225
0.0430199
0.039787
0.0302188
0.0283173
0.0264245
0.0242744
0.0221988
0.0202002
0.0176662
0.0150045
0.01241
0.00983728
0.00726333
0.00469007
0.00211787
-0.000453869
-0.00302638
-0.00560121
-0.00818012
-0.010765
-0.0133578
-0.0159606
-0.0185755
-0.0211989
-0.0238337
-0.0264896
-0.0291651
-0.0318585
-0.0345697
-0.0372994
-0.040049
-0.0428208
-0.0456176
-0.0484428
-0.0513009
-0.0541981
-0.0571412
-0.0601371
-0.0631925
-0.0663137
-0.0695074
-0.0727799
-0.0761363
-0.0795797
-0.0830131
-0.0874696
-0.0914407
-0.0788771
-0.072562
-0.0657792
-0.0585929
-0.0511134
-0.0433946
-0.0354479
-0.0272174
-0.0180406
-0.0312965
-0.0419357
-0.0525227
-0.0630669
-0.0726854
-0.0780303
-0.0835027
-0.0891196
-0.0953195
-0.0977662
-0.0847618
-0.0743247
-0.0644114
-0.0618055
-0.0597458
-0.05746
-0.0550235
-0.0515787
-0.0463028
-0.044147
-0.0419484
-0.0419412
-0.0275094
-0.0147929
-0.0120009
-0.00935727
-0.00678881
-0.00433996
-0.00329753
-0.00173962
0.000899282
0.00359724
0.0062885
0.00897264
0.0116501
0.0143215
0.0169874
0.01963
0.0222519
0.0248782
0.0274976
0.0300976
0.032671
0.0352136
0.0377233
0.0402002
0.0426465
0.045073
0.047508
0.0499506
0.0524073
0.054888
0.057404
0.0599672
0.0625898
0.0652843
0.0680602
0.0709233
0.0737292
0.0773046
0.0804709
0.083399
0.079851
0.0771919
0.074363
0.0714298
0.0752422
0.0780906
0.079261
0.0793607
0.0788221
0.0778042
0.076411
0.0746966
0.0727086
0.0704654
0.0679814
0.0652661
0.0676863
0.0644181
0.0616776
0.0568505
0.0527945
0.0495892
0.0462496
0.0426944
0.039117
0.03545
0.0309459
0.0300018
0.0277797
0.0250013
0.0222674
0.019644
0.0170646
0.0145356
0.0100423
0.00773389
0.00525625
0.00280076
0.000354372
-0.00235532
-0.00505405
-0.00771362
-0.0102257
-0.012757
-0.0127588
-0.0184365
-0.0210324
-0.0236396
-0.026252
-0.0288674
-0.0314741
-0.0340971
-0.0367377
-0.0393981
-0.0420809
-0.0447897
-0.0475288
-0.0503043
-0.0531233
-0.0559926
-0.0589188
-0.0619085
-0.0649682
-0.0681043
-0.0713217
-0.0746238
-0.0779236
-0.0821803
-0.0859672
-0.0772119
-0.0752728
-0.0731131
-0.0707995
-0.068989
-0.0742754
-0.0770474
-0.078163
-0.0782506
-0.0776998
-0.0766684
-0.0752637
-0.073544
-0.0715484
-0.0693037
-0.0668192
-0.0641643
-0.0676637
-0.0575378
-0.0497149
-0.04158
-0.0329144
-0.0328847
-0.0358184
-0.0335143
-0.0253931
-0.0235595
-0.0214912
-0.0193548
-0.0173712
-0.0156807
-0.0141328
-0.012692
-0.0105852
-0.00848574
-0.0063926
-0.00430449
-0.00222007
-0.000137888
0.00194357
0.00402589
0.00621885
0.00875423
0.0114295
0.0141009
0.0167672
0.0194105
0.0220335
0.0246611
0.0272821
0.0298839
0.0324594
0.0350043
0.0375165
0.0399961
0.0424691
0.0449424
0.0474138
0.0498875
0.0523724
0.054879
0.0574189
0.060004
0.0626572
0.0653848
0.0681915
0.07108
0.0739576
0.0776526
0.0809325
0.0752141
0.0712183
0.0668033
0.0620082
0.0568513
0.0513242
0.0452795
0.0566489
0.0668953
0.0771023
0.0771035
0.0767881
0.0750559
0.0730497
0.0707853
0.0682881
0.0655639
0.0664741
0.0642734
0.0610603
0.0585319
0.0560829
0.0535674
0.050845
0.0479919
0.0437928
0.0333552
0.0312019
0.02925
0.0271117
0.0250615
0.022527
0.0198695
0.0172294
0.0146042
0.0119982
0.00941848
0.00685135
0.00429332
0.00170654
-0.00101883
-0.00373669
-0.00644568
-0.00914666
-0.0118404
-0.0145277
-0.0171909
-0.0198327
-0.0224781
-0.0251159
-0.0277396
-0.0303773
-0.0330298
-0.0356985
-0.0383855
-0.0410937
-0.0438266
-0.0465886
-0.0493858
-0.0522254
-0.0551142
-0.058059
-0.0610664
-0.0641429
-0.067295
-0.0705277
-0.0738444
-0.0771613
-0.0814306
-0.0852295
-0.0887594
-0.0783801
-0.0723015
-0.065796
-0.0589512
-0.0517924
-0.0442677
-0.0543701
-0.0662446
-0.0662642
-0.0727025
-0.0749651
-0.0735078
-0.0714541
-0.0691192
-0.0665341
-0.0637686
-0.0673377
-0.0628706
-0.0594575
-0.0570431
-0.0546817
-0.0522967
-0.0498431
-0.0365698
-0.0344543
-0.0321293
-0.0297558
-0.0274241
-0.0251571
-0.0229655
-0.0208555
-0.0184876
-0.0157326
-0.012991
-0.010262
-0.00753884
-0.00482196
-0.00211179
0.000591492
0.00328787
0.0059775
0.00866064
0.0113377
0.0140091
0.0166754
0.0193187
0.0219419
0.0245696
0.0271908
0.0297928
0.0323685
0.0349136
0.037426
0.0399058
0.0423553
0.0447792
0.0471974
0.0496439
0.0521231
0.0546405
0.057203
0.0598176
0.0624926
0.0652361
0.0680549
0.0709539
0.0738272
0.0774713
0.0807057
0.0837017
0.0747512
0.0683302
0.0652661
0.0717839
0.07637
0.0791335
0.081718
0.0787832
0.0785947
0.0775696
0.0761657
0.0744374
0.0724456
0.0702039
0.0670255
0.0638259
0.0613905
0.0567399
0.0522875
0.0485864
0.0450938
0.0415903
0.0390777
0.0391014
0.0365144
0.0330178
0.0303097
0.0276243
0.0249589
0.0223126
0.0196839
0.0170712
0.0144724
0.0118866
0.00932116
0.0067717
0.00423278
0.00170059
-0.000827915
-0.00335519
-0.00588353
-0.00841513
-0.0109522
-0.0134969
-0.0160514
-0.0186122
-0.0211822
-0.023771
-0.0263771
-0.0289986
-0.0316355
-0.0342885
-0.0369591
-0.0396493
-0.042362
-0.0451005
-0.0478695
-0.050675
-0.0535241
-0.0564238
-0.0593808
-0.0624018
-0.0654932
-0.0686617
-0.0719122
-0.0752481
-0.078588
-0.08288
-0.0867029
-0.0756594
-0.0737305
-0.0715951
-0.069311
-0.0669298
-0.0688643
-0.0708703
-0.072492
-0.0745035
-0.0755926
-0.0753344
-0.0739839
-0.0722519
-0.0702463
-0.0679787
-0.0653904
-0.0626758
-0.0604017
-0.0575785
-0.0551349
-0.0527493
-0.0476366
-0.0411718
-0.0383304
-0.0359359
-0.0340111
-0.0323397
-0.0300131
-0.0271042
-0.0240073
-0.0207292
-0.0173228
-0.0137436
-0.00997832
-0.00592032
-0.00140356
0.00357215
0.00559183
0.00557762
0.00964003
0.0117342
0.0138016
0.0158786
0.0179671
0.020069
0.022186
0.0243142
0.0264561
0.0286211
0.0308073
0.0330126
0.0352367
0.0374798
0.0397432
0.0420286
0.0443385
0.0466761
0.0490456
0.0514527
0.0539041
0.0564063
0.0589658
0.0615886
0.0642811
0.0670492
0.0698978
0.0728297
0.0757534
0.0794901
0.0828153
0.0773222
0.0750346
0.0725138
0.0698189
0.0670177
0.0668014
0.0700589
0.0730898
0.075873
0.0768029
0.0737619
0.0707053
0.0676291
0.0704813
0.0695774
0.066447
0.0633026
0.0609677
0.058009
0.054639
0.0504518
0.045983
0.0426295
0.039159
0.0372609
0.0348689
0.0321432
0.0294222
0.0268029
0.0242429
0.0216477
0.0190592
0.016528
0.0141575
0.0114084
0.00887542
0.00638606
0.00389233
0.00139425
-0.00110942
-0.00362056
-0.00614169
-0.00867858
-0.011255
-0.0137019
-0.0161986
-0.0161981
-0.0213443
-0.0239044
-0.0264886
-0.0290866
-0.0316988
-0.0343265
-0.0369712
-0.0396353
-0.0423215
-0.0450334
-0.0477755
-0.0505538
-0.0533756
-0.0562478
-0.059177
-0.06217
-0.0652331
-0.068373
-0.0715948
-0.0749016
-0.0782125
-0.0824723
-0.0862636
-0.0756136
-0.0736572
-0.0714929
-0.0691787
-0.0667667
-0.0702859
-0.0742688
-0.0761057
-0.0766746
-0.0762938
-0.0753279
-0.073837
-0.0721241
-0.0701383
-0.0678968
-0.065415
-0.0627033
-0.0662825
-0.0619191
-0.0598545
-0.0567071
-0.0502106
-0.0435036
-0.0366674
-0.025252
-0.016066
-0.00806979
-0.00187486
-0.000726995
0.00104824
0.00288315
0.00474624
0.00644592
0.00826086
0.0101342
0.0120495
0.0139961
0.01595
0.017888
0.0197445
0.0209266
0.0273593
0.027119
0.0294951
0.0318422
0.0342559
0.0367284
0.0394733
0.041299
0.0436418
0.0460641
0.0485673
0.0510945
0.0536398
0.0562069
0.0587985
0.0614155
0.0640527
0.0640282
0.0696075
0.0726934
0.0758403
0.0788347
0.0818992
0.0850678
0.088338
0.0917085
0.0950666
0.077438
0.0727458
0.0672693
0.0607366
0.0535784
0.0460309
0.0382225
0.0302244
0.0220751
0.013786
0.00535637
-0.00321917
-0.0119575
-0.0209064
-0.0305735
-0.0157755
-0.00579506
0.00411665
0.0139648
0.024367
0.0284157
0.0406778
0.0387301
0.035281
0.0323655
0.0301249
0.0231855
0.0175987
0.0135989
0.00953087
0.00578981
0.0023795
-0.000820258
0.00354807
-0.00279574
-0.00533396
-0.00831971
-0.0120439
