8.67367e-05
0.000120741
0.000131047
0.000131697
0.000129159
0.000125126
0.000120885
0.000116973
0.000113669
0.000111068
0.000109243
0.000108212
0.000107994
0.000108598
0.000110026
0.000112276
0.000115346
0.000119226
0.000123908
0.00012938
0.00013563
0.000142641
0.000150397
0.000158882
0.000168075
0.000177957
0.000188507
0.000199704
0.000211525
0.000223949
0.000236952
0.000250512
0.000264605
0.000279208
0.000294297
0.00030985
0.000325842
0.00034225
0.000359051
0.000376222
0.000393742
0.000411586
0.000429733
0.000448162
0.000466849
0.000485774
0.000504916
0.000524255
0.000543772
0.000563447
0.000583262
0.000603198
0.000623237
0.000643363
0.000663557
0.000683805
0.000704089
0.000724394
0.000744705
0.000765008
0.000785286
0.000805528
0.000825722
0.000845855
0.000865914
0.000885887
0.000905762
0.000925528
0.000945176
0.000964694
0.000984075
0.00100331
0.00102403
0.00104389
0.00106294
0.00108155
0.00109987
0.00111796
0.00113585
0.00115354
0.00117102
0.0011883
0.00120538
0.00122225
0.00123891
0.00125535
0.00127157
0.00128757
0.00130334
0.00131888
0.0013342
0.00134928
0.00136412
0.00137873
0.0013931
0.00140724
0.00142113
0.00143478
0.00144818
0.00146135
0.00147427
0.00148695
0.00149938
0.00151157
0.00152352
0.00153523
0.0015467
0.00155792
0.00156891
0.00157966
0.00159017
0.00160045
0.00161049
0.0016203
0.00162988
0.00163923
0.00164835
0.00165725
0.00166593
0.00167439
0.00168263
0.00169065
0.00169846
0.00170606
0.00171345
0.00172063
0.00172761
0.00173439
0.00174097
0.00174736
0.00175355
0.00175953
0.00176535
0.00177101
0.00177651
0.00178183
0.00178699
0.00179198
0.00179681
0.00180148
0.001806
0.00181036
0.00181596
0.00182256
0.00182898
0.00183499
0.00184077
0.00184641
0.00185186
0.00185556
0.00185852
0.00186115
0.00186362
0.00186602
0.00186839
0.00187074
0.00187309
0.00187543
0.00187777
0.00188011
0.00188247
0.00188483
0.0018872
0.00188958
0.00189198
0.00189439
0.00189682
0.00189926
0.00190173
0.00190421
0.0019067
0.00190922
0.00191175
0.0019143
0.00191687
0.00191945
0.00192205
0.00192466
0.00192729
0.00192993
0.00193258
0.00193525
0.00193793
0.00194061
0.00194331
0.00194602
0.00194873
0.00195145
0.00195418
0.00195691
0.00195964
0.00196238
0.00196512
0.00196787
0.00197061
0.00197335
0.0019761
0.00197884
0.00198159
0.00198424
0.00198694
0.00198964
0.00199235
0.00199507
0.00199777
0.00200045
0.00200313
0.0020058
0.00200845
0.0020111
0.00201376
0.00201656
0.00202027
0.00202396
0.00202722
0.0020301
0.00203278
0.00203536
0.00203769
0.0020397
0.00204144
0.00204309
0.00204473
0.00204647
0.00204835
0.00205043
0.00205274
0.00205522
0.00205776
0.00206031
0.00206284
0.00206536
0.00206786
0.00207033
0.00207278
0.0020752
0.00207759
0.00207996
0.00208229
0.0020846
0.00208688
0.00208913
0.00209136
0.00209355
0.00209572
0.00209785
0.00209996
0.00210204
0.0021041
0.00210612
0.00210812
0.00211009
0.00211204
0.00211396
0.00211585
0.00211772
0.00211956
0.00212138
0.00212318
0.00212495
0.0021267
0.00212843
0.00213013
0.00213182
0.00213348
0.00213512
0.00213674
0.00213834
0.00213992
0.00214149
0.00214304
0.00214457
0.00214608
0.00214758
0.00214907
0.00215054
0.002152
0.00215344
0.00215487
0.00215629
0.00215769
0.00215939
0.00216087
0.00216343
0.00216626
0.00216874
0.00217106
0.00217331
0.00217482
0.00217605
0.00217698
0.00217768
0.00217831
0.00217898
0.00217976
0.0021807
0.00218186
0.00218316
0.00218453
0.00218594
0.00218738
0.00218885
0.00219034
0.00219186
0.00219339
0.00219495
0.00219652
0.00219811
0.00219973
0.00220136
0.002203
0.00220467
0.00220635
0.00220804
0.00220975
0.00221148
0.00221322
0.00221497
0.00221673
0.00221851
0.00222029
0.00222209
0.0022239
0.00222572
0.00222755
0.00222938
0.00223123
0.00223308
0.00223494
0.0022368
0.00223868
0.00224055
0.00224244
0.00224432
0.00224622
0.00224812
0.00225002
0.00225194
0.00225385
0.00225578
0.0022577
0.00225963
0.00226157
0.0022635
0.00226543
0.00226735
0.00226927
0.00227119
0.0022731
0.00227501
0.00227692
0.00227883
0.00228074
0.00228537
0.00229056
0.00229569
0.00230035
0.00230457
0.00230861
0.00231259
0.00231492
0.0023166
0.00231806
0.0023195
0.00232098
0.00232214
0.00232327
0.00232451
0.00232597
0.00232771
0.00232979
0.00233205
0.00233445
0.00233698
0.00233961
0.00234234
0.00234517
0.0023481
0.00235113
0.00235424
0.00235744
0.00236073
0.0023641
0.00236755
0.00237107
0.00237466
0.00237833
0.00238206
0.00238585
0.00238971
0.00239362
0.00239758
0.00240159
0.00240565
0.00240976
0.00241391
0.00241809
0.00242231
0.00242656
0.00243084
0.00243515
0.00243949
0.00244384
0.00244822
0.00245261
0.00245701
0.00246143
0.00246585
0.00247028
0.00247471
0.00247915
0.00248359
0.00248803
0.00249246
0.00249689
0.00250132
0.00250573
0.00251014
0.00251453
0.00251891
0.00252328
0.00252762
0.00253295
0.00253834
0.00254336
0.002548
0.0025523
0.00255645
0.00256053
0.00256457
0.00256749
0.00257002
0.00257253
0.00257512
0.00257839
0.00258226
0.00258636
0.00259052
0.00259469
0.00259868
0.00260255
0.00260639
0.00261017
0.00261405
0.00261794
0.00262181
0.00262562
0.00262937
0.00263307
0.0026367
0.00264005
0.00264335
0.00264673
0.00265009
0.00265341
0.00265668
0.00265989
0.00266303
0.00266612
0.00266914
0.0026721
0.00267499
0.00267783
0.00268061
0.00268333
0.00268599
0.00268859
0.00269114
0.00269364
0.00269608
0.00269847
0.00270081
0.0027031
0.00270534
0.00270754
0.0027097
0.00271181
0.00271387
0.0027159
0.00271789
0.00271984
0.00272174
0.00272362
0.00272545
0.00272725
0.00272902
0.00273076
0.00273246
0.00273414
0.00273579
0.00273741
0.00273968
0.00274228
0.00274465
0.00274656
0.00274817
0.00274965
0.00275186
0.00275355
0.00275501
0.0027563
0.00275753
0.00275879
0.0027601
0.00276142
0.00276276
0.00276411
0.00276547
0.00276685
0.00276825
0.00276966
0.00277109
0.00277253
0.002774
0.00277548
0.00277699
0.00277851
0.00278005
0.00278161
0.00278319
0.00278479
0.00278641
0.00278805
0.0027897
0.00279138
0.00279307
0.00279478
0.00279651
0.00279826
0.00280002
0.0028018
0.0028036
0.00280541
0.00280724
0.00280908
0.00281094
0.00281282
0.00281471
0.00281661
0.00281852
0.00282045
0.00282239
0.00282434
0.00282631
0.00282828
0.00283027
0.00283226
0.00283426
0.00283627
0.00283829
0.00284031
0.00284235
0.00284439
0.00284645
0.00284852
0.0028506
0.00285268
0.00285477
0.00285687
0.00285897
0.00286108
0.00286319
0.00286728
0.0028718
0.00287612
0.00287995
0.00288328
0.00288639
0.0028894
0.00289161
0.00289351
0.0028951
0.00289641
0.00289765
0.00289893
0.00290035
0.00290195
0.00290379
0.0029059
0.00290825
0.00291075
0.00291332
0.00291597
0.00291866
0.00292141
0.0029242
0.00292703
0.0029299
0.00293281
0.00293576
0.00293875
0.00294176
0.00294481
0.00294789
0.002951
0.00295414
0.0029573
0.00296048
0.00296368
0.00296691
0.00297015
0.00297342
0.0029767
0.00297999
0.00298329
0.00298661
0.00298994
0.00299328
0.00299662
0.00299997
0.00300333
0.00300669
0.00301006
0.00301342
0.00301679
0.00302016
0.00302353
0.0030269
0.00303028
0.00303365
0.00303702
0.00304022
0.00304351
0.00304684
0.00305017
0.00305351
0.00305683
0.00306014
0.00306343
0.00306671
0.00307
0.00307328
0.00307759
0.00308194
0.00308588
0.00308944
0.0030928
0.00309606
0.00309906
0.00310173
0.00310417
0.0031065
0.00310884
0.00311126
0.00311383
0.00311659
0.00311958
0.0031227
0.00312587
0.00312906
0.00313223
0.00313539
0.00313853
0.00314164
0.00314474
0.00314781
0.00315087
0.0031539
0.0031569
0.00315988
0.00316284
0.00316577
0.00316868
0.00317157
0.00317443
0.00317727
0.00318009
0.00318288
0.00318565
0.00318839
0.00319111
0.00319381
0.00319649
0.00319915
0.00320178
0.0032044
0.00320699
0.00320956
0.00321212
0.00321465
0.00321716
0.00321966
0.00322214
0.0032246
0.00322704
0.00322946
0.00323187
0.00323425
0.00323662
0.00323898
0.00324133
0.00324366
0.00324597
0.00324828
0.00325057
0.00325285
0.00325511
0.00325737
0.00325961
0.00326184
0.00326406
0.00326694
0.00327001
0.0032729
0.00327536
0.00327755
0.00327964
0.00328063
0.00328228
0.00328332
0.0032844
0.00328552
0.00328671
0.003288
0.00328942
0.00329101
0.0032928
0.0032948
0.00329704
0.00329934
0.00330166
0.00330395
0.00330621
0.00330844
0.00331063
0.00331278
0.00331488
0.00331695
0.00331898
0.00332096
0.00332291
0.00332481
0.00332668
0.00332851
0.0033303
0.00333206
0.00333378
0.00333547
0.00333712
0.00333875
0.00334034
0.0033419
0.00334343
0.00334494
0.00334642
0.00334787
0.00334931
0.00335071
0.0033521
0.00335347
0.00335481
0.00335614
0.00335746
0.00335875
0.00336004
0.00336131
0.00336258
0.00336383
0.00336508
0.00336631
0.00336754
0.00336876
0.00336997
0.00337118
0.00337238
0.00337358
0.00337478
0.00337598
0.00337717
0.00337837
0.00337956
0.00338103
0.00338253
0.00338388
0.00338516
0.0033864
0.00338759
0.00338876
0.00338997
0.00339119
0.00339243
0.00339367
0.00339493
0.0033962
0.00339748
0.00339878
0.00340009
0.00340142
0.00340276
0.00340412
0.0034055
0.0034069
0.00340831
0.00340967
0.00341109
0.00341255
0.00341403
0.00341553
0.00341705
0.00341859
0.00342014
0.00342171
0.0034233
0.00342491
0.00342653
0.00342817
0.00342982
0.00343149
0.00343318
0.00343489
0.00343661
0.00343835
0.0034401
0.00344187
0.00344366
0.00344547
0.00344728
0.00344912
0.00345097
0.00345284
0.00345472
0.00345661
0.00345853
0.00346045
0.00346239
0.00346434
0.00346631
0.00346829
0.00347027
0.00347228
0.00347429
0.00347633
0.00347837
0.00348043
0.0034825
0.00348459
0.00348668
0.00348879
0.00349091
0.00349304
0.00349518
0.00349763
0.00350016
0.00350247
0.00350468
0.00350684
0.00350899
0.00351021
0.00351152
0.003513
0.0035147
0.00351677
0.00351903
0.00352137
0.00352364
0.00352597
0.00352834
0.00353068
0.00353304
0.0035354
0.00353776
0.00354011
0.00354246
0.00354479
0.00354712
0.00354943
0.00355173
0.00355403
0.0035563
0.00355856
0.00356082
0.00356295
0.00356514
0.00356735
0.00356957
0.00357177
0.00357397
0.00357616
0.00357834
0.00358051
0.00358267
0.00358482
0.00358696
0.0035891
0.00359122
0.00359334
0.00359545
0.00359756
0.00359965
0.00360175
0.00360383
0.00360591
0.00360799
0.00361006
0.00361213
0.0036142
0.00361626
0.00361833
0.00362039
0.00362245
0.00362451
0.00362656
0.00362861
0.00363066
0.00363271
0.00363476
0.00363681
0.00363886
0.00364091
0.00364297
0.00364502
0.00364775
0.0036509
0.00365382
0.00365636
0.0036586
0.0036607
0.00366275
0.00366473
0.00366634
0.0036676
0.00366865
0.00366998
0.00367157
0.00367342
0.00367554
0.00367779
0.00368009
0.00368242
0.00368476
0.0036871
0.00368945
0.0036918
0.00369415
0.00369651
0.00369883
0.00370117
0.0037035
0.00370584
0.00370818
0.00371053
0.00371287
0.00371522
0.00371757
0.00371992
0.00372227
0.00372463
0.00372699
0.00372935
0.00373172
0.00373409
0.00373647
0.00373884
0.00374094
0.00374305
0.00374532
0.00374768
0.00375009
0.0037525
0.00375493
0.00375736
0.00375979
0.00376221
0.00376464
0.00376705
0.00376947
0.00377187
0.00377428
0.00377668
0.00377908
0.00378147
0.00378386
0.00378625
0.00378864
0.00379102
0.0037934
0.00379578
0.00379816
0.00380055
0.00380294
0.00380534
0.00380774
0.00381013
0.00381251
0.00381968
0.00382851
0.00383784
0.00384723
0.00385626
0.0038648
0.00387281
0.00388029
0.00388576
0.00388825
0.00388849
0.00388773
0.00388691
0.00388628
0.00388597
0.00388741
