0
-0.183328
0.186926
0.0349658
-0.00668529
0.220568
0.293774
-0.178847
0.203358
-0.333595
0.0976794
-0.160097
-0.0525437
-0.0304652
-0.0012108
0.000190111
0.0095414
0.00899259
0.0085605
0.00823026
0.00792736
0.00761641
0.00724148
0.00688156
0.00628413
0.00595903
0.00520705
0.00490028
0.0028914
0.0037867
0.0032164
0.00256162
0.00187253
0.00107129
2.80072e-05
0.00325935
-0.00403297
-0.00438192
-0.00468285
-0.00493668
0.0304469
-0.031694
-0.0330078
-0.0151871
-0.0581186
0.00276632
-0.0167706
0.00150907
-0.0293794
-0.0271394
-0.0253932
-0.02578
-0.0263121
-0.0269198
-0.0275902
-0.0283103
-0.0290675
-0.029856
-0.030662
-0.0315199
0.0551913
-0.0983426
-0.0677821
-0.0391682
-0.0395713
-0.0399589
-0.0403315
-0.0145481
-0.0387216
-0.0414315
-0.0417675
-0.0328541
-0.0653066
-0.0436246
-0.043396
-0.0439836
-0.0438442
-0.0436429
-0.0435399
-0.0423785
-0.0410744
-0.0404185
-0.0427441
-0.0422141
-0.0421837
-0.0422199
-0.0422355
-0.0422357
-0.042224
-0.0422024
-0.0421723
-0.0421341
-0.0420882
-0.0420346
-0.0419735
-0.041905
-0.0418294
-0.0417467
-0.0416571
-0.0415605
-0.0413995
-0.0412385
-0.0411429
-0.0409988
-0.0408007
-0.040563
-0.0402998
-0.040031
-0.0397763
-0.039552
-0.0393701
-0.0392405
-0.0391404
-0.0390342
-0.0389192
-0.0387976
-0.0386704
-0.0385382
-0.0384013
-0.0382596
-0.0381133
-0.0368438
-0.04035
0.100476
0.0263057
0.0330248
0.0381607
0.0421639
0.0454497
0.0479484
0.0496017
-0.113368
-0.0769224
-0.0720783
-0.0702842
-0.0543213
-0.0116823
-0.0101986
-0.00871845
-0.00813042
-0.0085988
0.0375708
0.154963
0.0589617
0.0328479
0.0322568
0.0325599
0.0335179
0.035171
0.0432868
0.0864383
0.0323032
0.0332251
0.0367511
0.0382789
0.038317
0.0383681
0.0384169
0.0389593
0.0402649
0.040319
0.0403142
0.040272
0.040194
0.0400808
0.0399332
0.0397521
0.0395389
0.0392942
0.0390191
0.0385376
0.0380474
0.0377571
0.0373306
0.0367492
0.0361214
0.0357306
0.0353133
0.0348782
0.0344341
0.0339902
0.0335562
0.0331535
0.0327971
0.0324823
0.032206
0.0319659
0.0317598
0.0315861
0.0314431
0.03131
0.0300417
0.0349034
0.0298749
0.0262273
-0.0884281
-0.0714788
-0.072509
-0.0773485
0.0314875
-0.00729463
0.124094
0.0251049
-0.00615251
-0.0215513
-0.0258723
-0.0296068
-0.0328429
-0.035751
-0.0386759
-0.041546
0.0010959
-0.0581916
-0.0454268
-0.0390868
-0.0402299
-0.041508
-0.0425192
-0.127456
-0.0511816
-0.0408206
-0.0460437
-0.0473575
-0.0474064
-0.0473555
-0.0472317
-0.0473432
-0.0507024
-0.0510113
-0.0508807
-0.050863
-0.050839
-0.0507958
-0.0507274
-0.0506314
-0.0505068
-0.0503534
-0.0501714
-0.0499614
-0.049724
-0.0492927
-0.0488544
-0.048607
-0.0482266
-0.0477013
-0.0470773
-0.0463825
-0.0456371
-0.0448612
-0.0440755
-0.0433029
-0.04257
-0.0419239
-0.0414283
-0.0411459
-0.0408999
-0.0406948
-0.0405339
-0.0404193
-0.0403292
-0.0402369
-0.0389152
-0.0420929
-0.0375968
-0.0342734
0.0761724
0.0553301
-0.0283548
-0.038191
-0.0789392
0.00116748
-0.0136613
-0.00735563
-0.0168738
0.017582
-0.0143025
0.0373664
-0.0114696
0.0762103
-0.00855673
0.0705487
0.0683627
-0.0190136
0.0394722
0.0310782
0.037376
0.0320598
0.0330355
0.0376267
0.0872969
0.0323933
0.0326363
0.0342227
0.0340304
0.0337932
0.0362154
0.0368469
0.0365223
0.0364933
0.0365813
0.0366191
0.0366211
0.0365959
0.0365485
0.0364817
0.0363969
0.0362951
0.0361771
0.0360433
0.0358941
0.0356536
0.0354075
0.0352453
0.0350193
0.0347235
0.0343815
0.0340042
0.0336004
0.0331789
0.0327484
0.032319
0.0319021
0.031518
0.0311803
0.0308844
0.0306269
0.0304055
0.0302181
0.0300627
0.0299183
0.0297607
0.028466
0.0333022
0.0282459
-0.093517
-0.0495528
-0.054379
-0.058652
-0.062047
-0.0649452
-0.0676493
-0.0706854
-0.0784566
0.0836521
0.0636205
0.0620736
0.0604993
0.0524188
0.0199311
0.0194298
0.0190085
0.0206312
-0.00791603
-0.121146
-0.0995643
-0.0980117
-0.0449109
-0.0415064
-0.043548
-0.0449968
-0.0544938
-0.0689939
-0.0474185
-0.0484156
-0.0323932
-0.143182
-0.125577
-0.0536669
-0.0528449
-0.0525026
-0.051997
-0.0447068
-0.046825
-0.0526135
-0.0529923
-0.0528661
-0.0527045
-0.0525141
-0.0522955
-0.0520496
-0.0516085
-0.0511605
-0.0509052
-0.0505171
-0.0499803
-0.0493476
-0.0486444
-0.0478907
-0.0471068
-0.046313
-0.0455744
-0.0450253
-0.0444623
-0.0439472
-0.0434998
-0.0431293
-0.0428394
-0.0426307
-0.042502
-0.0424233
-0.0423553
-0.0407729
-0.0442563
-0.0397458
-0.0364075
0.012291
0.00734806
0.0100881
0.0123086
-0.0352545
-0.0268762
-0.0131533
-0.00382764
0.00226966
0.00720998
0.0113508
0.0150745
0.0184159
0.0215866
0.0246149
0.0275333
-0.00691957
0.0362348
0.0300381
0.0453054
0.0402623
0.0344352
0.0357775
0.03765
0.0388627
0.0410854
0.0503145
0.0226403
0.0321796
0.035871
0.0358595
0.0353337
0.0352198
0.0350237
0.0504384
0.0339143
0.0349753
0.0348449
0.0353879
0.0364355
0.0362753
0.036027
0.034789
0.0347347
0.0162832
0.056683
0.0343084
0.0341271
0.0339082
0.0335403
0.0330427
0.0326859
0.0323033
0.0319037
0.0314958
0.0310893
0.0306959
0.0303363
0.0300247
0.0297563
0.0295278
0.0293366
0.0291807
0.0290582
0.0289477
0.0288253
0.0275662
0.0324411
0.0274226
-0.0653691
-0.0173359
-0.0204431
-0.0230385
-0.0208214
0.029286
0.00966618
-0.00390333
-0.0128902
-0.0189916
-0.0239245
-0.0280468
-0.0317133
-0.0350565
-0.038178
-0.0411872
-0.0436467
-0.00171586
-0.0980425
-0.0817026
-0.0842542
-0.0881942
-0.0257508
-0.00621333
-0.048073
-0.0898044
-0.0444672
-0.0458423
-0.0463507
-0.0458704
-0.0448704
-0.0444282
-0.0440728
-0.0467338
-0.0467722
-0.0467982
-0.0468082
-0.0468021
-0.0467802
-0.0467431
-0.046691
-0.0474065
-0.0497694
-0.0506336
-0.0504256
-0.050177
-0.049733
-0.0492823
-0.0490244
-0.0486337
-0.0480945
-0.0474595
-0.0467539
-0.0459981
-0.045212
-0.0445885
-0.0439927
-0.0433644
-0.0427591
-0.0422178
-0.0417503
-0.0413614
-0.0410526
-0.0409017
-0.0407873
-0.0406864
-0.0405749
-0.039326
-0.0430356
-0.0385189
0.0284315
0.0173762
0.0218653
0.0260121
0.0299593
0.0338852
0.0387892
-0.0866265
-0.0771027
-0.0753701
0.000348153
0.0039921
0.0157482
0.0190936
0.0222921
0.0252661
0.0281577
0.00495539
0.0300114
0.0335612
0.0290367
0.0289005
0.0298389
0.0318005
0.0330487
0.0467496
0.0920034
0.032079
0.0312408
0.0332321
0.0330779
0.0353787
0.0360937
0.0361716
0.0362312
0.0362497
0.0362102
0.0361709
0.0361321
0.03634
0.0373123
0.0371962
0.0370385
0.036855
0.0366453
0.0364088
0.0359783
0.0355412
0.035296
0.0349179
0.0344352
0.0341105
0.0337509
0.033365
0.0329618
0.03255
0.0321397
0.0317425
0.0313794
0.0310646
0.0307934
0.0305625
0.0303692
0.0302116
0.0300878
0.0299763
0.0298532
0.0285939
0.0334721
0.0284553
0.024822
-0.0779426
-0.0480911
-0.0526367
-0.0564596
-0.0599946
-0.0637948
0.0629039
0.074772
-0.0127856
0.0323955
0.000632103
-0.0278128
-0.0334935
-0.0368423
-0.0399249
-0.0424594
0.00201754
-0.0559138
-0.048579
-0.0415285
-0.0416888
-0.0424226
-0.0435633
-0.126053
-0.0458049
-0.0469893
-0.0474945
-0.0475596
-0.0474578
-0.0472605
-0.0469936
-0.0485591
-0.050955
-0.0510401
-0.0510655
-0.0511034
-0.0511034
-0.051067
-0.0509966
-0.0508938
-0.05076
-0.0505961
-0.0504032
-0.050182
-0.0499335
-0.0494899
-0.0490394
-0.0487818
-0.0483913
-0.0478522
-0.0472174
-0.046512
-0.0457564
-0.0449705
-0.044175
-0.0433925
-0.0427377
-0.0423231
-0.0419395
-0.0415938
-0.0412911
-0.0410352
-0.0408287
-0.0406731
-0.040547
-0.0404229
-0.0390616
-0.0425427
-0.0380267
-0.0346831
0.0537396
0.0367712
0.0139128
-0.0542655
-0.0390242
-0.0242967
-0.0213497
0.0203022
0.00174
0.00928289
0.0134658
0.0172153
0.0204788
0.0236197
0.0317007
0.0330743
0.0325364
0.0466768
0.0444656
0.0389575
0.0378941
0.0383847
0.0318609
0.0139612
0.0386796
0.0423682
0.0353697
0.0355662
0.0357411
0.0358865
0.0360082
0.0361098
0.0361937
0.0362601
0.0362977
0.0362375
0.0361979
0.0361625
0.0361224
0.0360714
0.036007
0.035928
0.0358343
0.0357244
0.035599
0.0353835
0.0351619
0.0350221
0.0348184
0.0345446
0.0342244
0.0338687
0.0334865
0.0330864
0.0326775
0.0322697
0.0318746
0.0315135
0.0312007
0.0309314
0.0307023
0.0305108
0.0303548
0.0302324
0.0301226
0.0300004
0.0287419
0.0336187
0.0286006
-0.0810703
-0.0163146
-0.0192999
-0.0218425
-0.0239711
0.00602307
0.0051456
0.000938336
0.00233021
-0.00581732
-0.0170459
-0.0264475
-0.0304882
-0.0338078
-0.0370309
-0.0406149
-0.042741
-0.0401382
-0.0441578
-0.0413147
-0.0412091
-0.0628103
-0.0750993
-0.0494535
-0.0467925
-0.0440364
-0.0431165
-0.0472497
-0.0510062
-0.052639
-0.0541899
-0.0555992
-0.0570001
-0.0584537
-0.0603543
-0.0631938
-0.066709
-0.045518
-0.0307966
-0.0602004
-0.0457582
-0.0454401
-0.0453206
-0.0451906
-0.0450476
-0.0448917
-0.0446472
-0.044399
-0.0442362
-0.0440115
-0.0437191
-0.0433824
-0.0430124
-0.0426178
-0.0422075
-0.0417902
-0.041376
-0.0409764
-0.040612
-0.0402965
-0.0400253
-0.0397951
-0.0396036
-0.0394486
-0.0393282
-0.0392213
-0.0391037
-0.0378484
-0.0415517
-0.0370275
0.028627
0.00685189
0.0100415
0.0127681
0.0149585
-0.00243361
-0.0263776
-0.0232838
-0.0200263
-0.00507771
0.0252014
0.026685
0.0281444
-0.013671
0.0149678
0.0324354
0.0337487
0.032384
0.0353566
0.0375644
0.0446473
0.0469767
0.0386931
0.0409388
0.0299932
0.0336289
0.0365034
0.0369182
0.0365282
0.0363966
0.037602
0.0367833
0.0367393
0.0359538
0.0380785
0.0370563
0.0370525
0.0371092
0.0371334
0.0371367
0.0371241
0.0370971
0.0370788
0.0371955
0.0347672
0.0362954
0.0179439
0.0546679
0.0357494
0.0356749
0.0353803
0.0350457
0.0346804
0.0342914
0.0338862
0.0334733
0.0330622
0.0326643
0.0323007
0.0319858
0.0317147
0.031484
0.0312912
0.0311342
0.031011
0.0309003
0.0307781
0.0295201
0.0343965
0.0293791
-0.0772097
-0.0155138
-0.0185101
-0.021062
-0.0231963
0.0185138
0.0203628
0.0035552
-0.00725808
-0.015642
-0.0213172
-0.0265351
-0.0294967
-0.0328107
-0.0359624
-0.0389624
-0.0418444
0.00158748
-0.0534933
-0.0369594
-0.04503
-0.0696326
-0.0711986
-0.0720784
-0.110398
-0.096974
-0.0876643
-0.0746978
-0.038426
-0.041685
-0.0420089
-0.0421306
-0.041281
-0.0418256
-0.0422103
-0.0424375
-0.0425526
-0.0424672
-0.0421963
-0.041428
-0.0363632
-0.0763196
-0.0281752
-0.0451737
-0.0438605
-0.0434637
-0.0434159
-0.0448965
-0.0381827
-0.0412456
-0.041039
-0.0410542
-0.0405299
-0.0399507
-0.0393833
-0.0388167
-0.0382407
-0.037613
-0.0174498
-0.0574903
-0.0384213
-0.0379175
-0.0359662
-0.0356997
-0.0356483
-0.0355322
-0.0353592
-0.0340212
0.121794
0.0289563
0.0356966
0.0447035
0.0505684
0.0546538
0.0577204
0.0601557
0.0621932
0.06407
0.0658777
0.0676182
0.0693766
0.0713742
0.0769406
-0.100187
-0.0651315
-0.0640443
-0.062889
-0.0625617
-0.0161878
-0.077259
0.0330756
0.0340211
0.0318675
0.0277775
0.0615383
0.0520884
0.0405094
0.0408516
0.0365021
0.0344604
0.035992
-0.013515
0.0595094
0.0318482
0.0349601
0.0407806
