0.000489309
0.000670298
0.000713189
0.000699813
0.000667485
0.000625771
0.000581793
0.000538318
0.000496644
0.000457025
0.000419633
0.000384357
0.000351122
0.000319824
0.000290351
0.000262597
0.000236459
0.000211842
0.000188657
0.00016682
0.000146253
0.000126884
0.000108644
9.14705e-05
7.53018e-05
6.00839e-05
4.57632e-05
3.22921e-05
1.96207e-05
7.70875e-06
-3.48299e-06
-1.3992e-05
-2.38539e-05
-3.3102e-05
-4.17681e-05
-4.98799e-05
-5.74658e-05
-6.45524e-05
-7.11651e-05
-7.73277e-05
-8.30597e-05
-8.83815e-05
-9.3324e-05
-9.7886e-05
-0.000102111
-0.000106003
-0.000109588
-0.000112873
-0.000115873
-0.000118601
-0.00012107
-0.000123291
-0.000125275
-0.000127033
-0.000128577
-0.000129915
-0.000131058
-0.000132015
-0.000132796
-0.000133407
-0.000133872
-0.000134178
-0.000134332
-0.000134344
-0.000134223
-0.000133977
-0.00013361
-0.000133136
-0.000132556
-0.000131876
-0.000131097
-0.000130208
-0.000119979
-0.000113824
-0.000111281
-0.000110184
-0.000109623
-0.000109217
-0.000108808
-0.000108338
-0.000107786
-0.000107147
-0.000106421
-0.000105608
-0.000104712
-0.000103738
-0.000102691
-0.000101576
-0.000100398
-9.91631e-05
-9.78746e-05
-9.65374e-05
-9.51557e-05
-9.37333e-05
-9.2274e-05
-9.07815e-05
-8.92591e-05
-8.77101e-05
-8.61373e-05
-8.45439e-05
-8.29324e-05
-8.13055e-05
-7.96657e-05
-7.80153e-05
-7.63564e-05
-7.46913e-05
-7.30219e-05
-7.135e-05
-6.96775e-05
-6.80059e-05
-6.6337e-05
-6.46722e-05
-6.3013e-05
-6.13608e-05
-5.97169e-05
-5.80827e-05
-5.64592e-05
-5.48477e-05
-5.32491e-05
-5.16646e-05
-5.0095e-05
-4.85413e-05
-4.70029e-05
-4.55031e-05
-4.40374e-05
-4.26046e-05
-4.12042e-05
-3.98361e-05
-3.84999e-05
-3.71958e-05
-3.5924e-05
-3.48666e-05
-3.36586e-05
-3.23866e-05
-3.10885e-05
-2.97965e-05
-2.85183e-05
-2.7257e-05
-2.60141e-05
-2.4789e-05
-2.35812e-05
-2.24278e-05
-1.35129e-05
1.74225e-06
1.63675e-05
2.91567e-05
4.11127e-05
5.26309e-05
6.34326e-05
6.47507e-05
6.23085e-05
5.84972e-05
5.42121e-05
5.00115e-05
4.6003e-05
4.22216e-05
3.86726e-05
3.53492e-05
3.224e-05
2.93324e-05
2.66137e-05
2.40719e-05
2.16954e-05
1.94739e-05
1.73971e-05
1.54561e-05
1.36419e-05
1.19467e-05
1.03629e-05
8.88357e-06
7.50209e-06
6.21242e-06
5.00886e-06
3.88612e-06
2.83925e-06
1.86361e-06
9.54819e-07
1.0876e-07
-6.78434e-07
-1.41038e-06
-2.09049e-06
-2.7219e-06
-3.30759e-06
-3.85031e-06
-4.35262e-06
-4.81691e-06
-5.24541e-06
-5.64018e-06
-6.00317e-06
-6.33618e-06
-6.6409e-06
-6.91911e-06
-7.17399e-06
-7.40745e-06
-7.62102e-06
-7.79634e-06
-7.93348e-06
-8.03397e-06
-8.0982e-06
-8.68595e-06
-8.91055e-06
-9.10964e-06
-9.18409e-06
-9.20292e-06
-9.25159e-06
-9.30446e-06
-9.35086e-06
-9.38678e-06
-9.41098e-06
-9.42336e-06
-9.31528e-06
-8.27215e-06
-2.09392e-06
3.92173e-06
7.46071e-06
8.85288e-06
9.1979e-06
8.98536e-06
7.39568e-06
4.09943e-06
-5.74921e-07
-5.70856e-06
-1.06613e-05
-1.49747e-05
-1.83119e-05
-2.04194e-05
-2.1101e-05
-2.07646e-05
-2.00303e-05
-1.91582e-05
-1.82565e-05
-1.73692e-05
-1.65132e-05
-1.5694e-05
-1.49126e-05
-1.4168e-05
-1.34584e-05
-1.27821e-05
-1.21371e-05
-1.15216e-05
-1.0934e-05
-1.03726e-05
-9.83591e-06
-9.3226e-06
-8.83135e-06
-8.36098e-06
-7.91036e-06
-7.47845e-06
-7.0643e-06
-6.667e-06
-6.2857e-06
-5.91963e-06
-5.56806e-06
-5.23031e-06
-4.90569e-06
-4.59361e-06
-4.29349e-06
-4.00482e-06
-3.72712e-06
-3.45995e-06
-3.20289e-06
-2.95542e-06
-2.71583e-06
-2.48332e-06
-2.25735e-06
-2.0546e-06
-1.8753e-06
-1.69414e-06
-1.51473e-06
-1.33912e-06
-1.16684e-06
-9.98809e-07
-8.35509e-07
-6.7483e-07
-5.22127e-07
-3.69973e-07
-2.25529e-07
-8.27246e-08
4.77065e-08
1.75747e-07
2.92197e-07
2.14349e-06
2.80288e-06
9.52418e-06
1.77137e-05
2.37988e-05
2.88791e-05
3.34519e-05
3.37842e-05
3.24546e-05
2.94477e-05
2.51112e-05
2.03963e-05
1.5907e-05
1.20571e-05
9.13184e-06
7.3476e-06
6.27767e-06
5.52773e-06
4.92991e-06
4.41222e-06
3.9433e-06
3.50905e-06
3.10273e-06
2.72077e-06
2.36094e-06
2.02166e-06
1.70168e-06
1.39988e-06
1.11525e-06
8.46839e-07
5.93763e-07
3.55199e-07
1.30381e-07
-8.14434e-08
-2.80976e-07
-4.68908e-07
-6.45875e-07
-8.1251e-07
-9.69392e-07
-1.11707e-06
-1.25607e-06
-1.38687e-06
-1.50991e-06
-1.62557e-06
-1.73424e-06
-1.83623e-06
-1.93184e-06
-2.02136e-06
-2.105e-06
-2.18303e-06
-2.25585e-06
-2.32531e-06
-2.39211e-06
-2.43816e-06
-2.46435e-06
-2.47169e-06
-2.46116e-06
-2.4338e-06
-2.39074e-06
-2.33303e-06
-2.26163e-06
-2.17668e-06
-2.10504e-06
-2.05419e-06
-2.02646e-06
-2.02206e-06
-2.03926e-06
-2.0718e-06
-2.11694e-06
-2.17392e-06
-2.21624e-06
-2.2306e-06
1.30902e-05
3.12829e-05
4.86485e-05
6.30314e-05
7.45605e-05
8.47174e-05
9.41589e-05
9.3879e-05
8.97286e-05
8.41699e-05
7.82284e-05
7.23359e-05
6.43716e-05
5.59217e-05
4.78762e-05
4.07826e-05
3.50014e-05
3.06882e-05
2.70766e-05
2.38509e-05
2.08884e-05
1.81317e-05
1.55511e-05
1.31289e-05
1.0853e-05
8.71363e-06
6.70271e-06
4.81286e-06
3.03733e-06
1.36986e-06
-1.95424e-07
-1.66399e-06
-3.04099e-06
-4.33124e-06
-5.53928e-06
-6.66938e-06
-7.72553e-06
-8.71152e-06
-9.63087e-06
-1.04869e-05
-1.12828e-05
-1.20215e-05
-1.27059e-05
-1.33386e-05
-1.39223e-05
-1.44593e-05
-1.4952e-05
-1.54024e-05
-1.58126e-05
-1.61829e-05
-1.65148e-05
-1.68098e-05
-1.70765e-05
-1.73183e-05
-1.75371e-05
-1.77338e-05
-1.78993e-05
-1.80339e-05
-1.81402e-05
-1.82206e-05
-1.82774e-05
-1.83124e-05
-1.8327e-05
-1.83227e-05
-1.83005e-05
-1.82615e-05
-1.82067e-05
-1.81359e-05
-1.80613e-05
-1.23577e-05
-6.31916e-06
-2.34576e-06
-4.81273e-07
-4.81324e-07
-1.22432e-06
-2.2389e-06
-3.31435e-06
-1.0603e-05
-1.98634e-05
-2.88645e-05
-3.71754e-05
-4.12769e-05
-4.17882e-05
-4.08419e-05
-3.93365e-05
-3.76485e-05
-3.67986e-05
-3.6408e-05
-3.59329e-05
-3.55674e-05
-3.4344e-05
-3.28113e-05
-3.11985e-05
-2.95979e-05
-2.80462e-05
-2.65564e-05
-2.51307e-05
-2.5015e-05
-2.48346e-05
-2.39425e-05
-2.27884e-05
-2.15605e-05
-2.03363e-05
-1.91467e-05
-1.80031e-05
-1.69086e-05
-1.58631e-05
-1.48651e-05
-1.39125e-05
-1.30032e-05
-1.21353e-05
-1.13068e-05
-1.05156e-05
-9.76012e-06
-9.03851e-06
-8.34922e-06
-7.69069e-06
-7.06149e-06
-6.46049e-06
-5.88827e-06
-5.34417e-06
-4.81191e-06
-4.29372e-06
-3.79039e-06
-3.30224e-06
-2.8302e-06
-2.38511e-06
-1.96555e-06
-1.56885e-06
-1.19283e-06
-8.3559e-07
-4.95673e-07
-1.71949e-07
1.3647e-07
4.29834e-07
7.08727e-07
9.7372e-07
1.22707e-06
5.22677e-06
1.11882e-05
1.58468e-05
1.78966e-05
1.82938e-05
1.8034e-05
2.19593e-05
2.29066e-05
2.26021e-05
2.13389e-05
1.97719e-05
1.84432e-05
1.73516e-05
1.63728e-05
1.54504e-05
1.45586e-05
1.37075e-05
1.28995e-05
1.21341e-05
1.14096e-05
1.07237e-05
1.00742e-05
9.45892e-06
8.87584e-06
8.32316e-06
7.79956e-06
7.30371e-06
6.83415e-06
6.38938e-06
5.96799e-06
5.56864e-06
5.19006e-06
4.83109e-06
4.49062e-06
4.16762e-06
3.86112e-06
3.57025e-06
3.29415e-06
3.03208e-06
2.78334e-06
2.54729e-06
2.3233e-06
2.11077e-06
1.90912e-06
1.7178e-06
1.53629e-06
1.36412e-06
1.20082e-06
1.04596e-06
8.99113e-07
7.60126e-07
6.30267e-07
5.09771e-07
3.87479e-07
2.61518e-07
1.31229e-07
-3.46083e-09
-1.42368e-07
-2.85274e-07
-4.32136e-07
-5.59619e-07
-6.6014e-07
-7.3143e-07
-7.88055e-07
-8.35181e-07
-8.75277e-07
-9.10928e-07
-9.43297e-07
-9.72943e-07
-9.99481e-07
-1.03724e-06
1.00568e-05
2.33418e-05
3.51119e-05
4.38504e-05
4.95418e-05
5.37501e-05
5.71756e-05
5.58738e-05
5.26274e-05
4.75586e-05
4.07856e-05
3.3488e-05
2.63704e-05
1.98758e-05
1.43134e-05
9.91448e-06
6.85881e-06
5.00968e-06
3.70348e-06
2.65769e-06
1.75111e-06
9.30913e-07
1.73111e-07
-5.33755e-07
-1.19577e-06
-1.81667e-06
-2.39916e-06
-2.94538e-06
-3.45725e-06
-3.93647e-06
-4.38465e-06
-4.80329e-06
-5.19382e-06
-5.55761e-06
-5.89602e-06
-6.21034e-06
-6.50179e-06
-6.77156e-06
-7.02074e-06
-7.25038e-06
-7.46147e-06
-7.65494e-06
-7.83164e-06
-7.99236e-06
-8.13785e-06
-8.2688e-06
-8.38587e-06
-8.48965e-06
-8.58072e-06
-8.65988e-06
-8.72959e-06
-8.79097e-06
-8.84476e-06
-8.87334e-06
-8.87557e-06
-8.85189e-06
-8.80341e-06
-8.73147e-06
-8.63735e-06
-9.51047e-06
-9.78012e-06
-9.79587e-06
-9.717e-06
-9.60345e-06
-9.47532e-06
-9.3911e-06
-9.34186e-06
-9.3022e-06
-9.13086e-06
-8.95684e-06
-2.83919e-06
3.40174e-06
7.24958e-06
8.94636e-06
9.58436e-06
9.6494e-06
8.2735e-06
5.1659e-06
8.08327e-07
-3.99854e-06
-8.65267e-06
-1.27047e-05
-1.58176e-05
-1.7735e-05
-1.82521e-05
-1.79401e-05
-1.73051e-05
-1.65597e-05
-1.57919e-05
-1.50375e-05
-1.43102e-05
-1.36144e-05
-1.29508e-05
-1.23185e-05
-1.17161e-05
-1.11418e-05
-1.05942e-05
-1.00716e-05
-9.57259e-06
-9.09584e-06
-8.64006e-06
-8.20407e-06
-7.78675e-06
-7.3871e-06
-7.00415e-06
-6.63701e-06
-6.28486e-06
-5.94693e-06
-5.6225e-06
-5.31087e-06
-5.01138e-06
-4.7234e-06
-4.44634e-06
-4.17969e-06
-3.92298e-06
-3.6758e-06
-3.43775e-06
-3.20849e-06
-2.98768e-06
-2.7748e-06
-2.56783e-06
-2.36589e-06
-2.16838e-06
-1.99114e-06
-1.83655e-06
-1.69707e-06
-1.55389e-06
-1.40801e-06
-1.2623e-06
-1.11495e-06
-9.73484e-07
-8.36377e-07
-7.03735e-07
-5.75671e-07
-4.5227e-07
-3.337e-07
-2.19792e-07
-1.11508e-07
-8.33889e-09
3.86213e-06
8.80613e-06
1.26514e-05
1.3999e-05
1.38867e-05
1.31862e-05
6.34551e-06
3.33079e-06
-3.00269e-06
-9.03464e-06
-1.46569e-05
-1.97734e-05
-2.41981e-05
-2.77361e-05
-3.02101e-05
-3.14662e-05
-3.13723e-05
-2.99207e-05
-2.79789e-05
-2.59089e-05
-2.38586e-05
-2.18863e-05
-2.00122e-05
-1.82408e-05
-1.65703e-05
-1.49966e-05
-1.35146e-05
-1.21191e-05
-1.08051e-05
-9.56797e-06
-8.40319e-06
-7.30664e-06
-6.2744e-06
-5.30285e-06
-4.38861e-06
-3.52855e-06
-2.71975e-06
-1.95946e-06
-1.24514e-06
-5.74393e-07
5.50388e-08
6.45268e-07
1.19831e-06
1.71608e-06
2.20038e-06
2.65295e-06
3.07541e-06
3.46936e-06
3.83625e-06
4.17749e-06
4.49418e-06
4.78553e-06
5.05211e-06
5.31551e-06
5.5707e-06
5.81571e-06
6.04969e-06
6.27225e-06
6.47705e-06
6.66144e-06
6.82521e-06
6.96796e-06
7.09115e-06
7.19755e-06
7.28886e-06
7.3682e-06
7.43717e-06
7.49616e-06
7.54575e-06
7.58574e-06
9.13425e-06
1.08168e-05
1.15711e-05
1.18574e-05
1.19101e-05
1.16149e-05
1.12076e-05
1.09326e-05
1.06956e-05
1.04531e-05
1.02025e-05
9.9533e-06
9.70965e-06
9.47318e-06
9.24119e-06
9.01294e-06
8.78846e-06
8.57136e-06
8.36891e-06
8.18141e-06
8.00115e-06
7.82292e-06
7.26457e-06
6.95754e-06
6.75606e-06
6.59858e-06
6.45916e-06
6.32696e-06
6.19749e-06
6.06902e-06
5.94088e-06
5.81292e-06
5.68517e-06
5.55773e-06
5.43079e-06
5.30451e-06
5.17909e-06
5.05471e-06
4.93156e-06
4.8098e-06
4.68957e-06
4.57102e-06
4.45424e-06
4.33931e-06
4.22628e-06
4.11517e-06
4.006e-06
3.89876e-06
3.7934e-06
3.68991e-06
3.58851e-06
3.49101e-06
3.39801e-06
3.29746e-06
3.19008e-06
3.07652e-06
2.9576e-06
2.83421e-06
2.71176e-06
2.5966e-06
2.49176e-06
2.39805e-06
2.31348e-06
2.23099e-06
2.14838e-06
2.06515e-06
1.99017e-06
1.92039e-06
1.85396e-06
1.78954e-06
3.42292e-06
5.35387e-06
6.02394e-06
5.97224e-06
5.63796e-06
5.1879e-06
-5.71225e-07
-5.79161e-06
-9.98476e-06
-1.28897e-05
-1.36775e-05
-1.34162e-05
-1.27427e-05
-1.24722e-05
-1.187e-05
-1.10944e-05
-1.05082e-05
-9.78526e-06
-9.03289e-06
-8.29198e-06
-7.57869e-06
-6.89872e-06
-6.25341e-06
-5.6423e-06
-5.06419e-06
-4.5177e-06
-4.0014e-06
-3.55395e-06
-3.12258e-06
-2.71029e-06
-2.94382e-06
-2.79805e-06
-2.50633e-06
-2.1666e-06
-1.81956e-06
-1.48175e-06
-1.15954e-06
-8.54997e-07
-5.68487e-07
-2.99625e-07
-4.77334e-08
1.87916e-07
4.08097e-07
6.13597e-07
8.05141e-07
9.83485e-07
1.14934e-06
1.30336e-06
1.44625e-06
1.57858e-06
1.7007e-06
1.81106e-06
1.90952e-06
2.01725e-06
2.1288e-06
2.2417e-06
2.35457e-06
2.46649e-06
2.56775e-06
2.65201e-06
2.72328e-06
2.78431e-06
2.83703e-06
2.88298e-06
2.92322e-06
2.95864e-06
2.98972e-06
3.01672e-06
3.03954e-06
3.05881e-06
6.85666e-06
1.2966e-05
1.76176e-05
1.99816e-05
2.05788e-05
2.0309e-05
1.97432e-05
1.87226e-05
1.55292e-05
1.03602e-05
3.97651e-06
-7.14079e-07
-3.94926e-06
-5.73944e-06
-5.98923e-06
-5.62965e-06
-5.04765e-06
-4.40416e-06
-3.76474e-06
-3.15482e-06
-2.58311e-06
-2.05132e-06
-1.55831e-06
-1.10078e-06
-8.52258e-07
-5.92942e-07
-3.58809e-07
-1.52695e-07
3.204e-08
1.98849e-07
3.49052e-07
4.78461e-07
5.89436e-07
6.88003e-07
7.76412e-07
8.56196e-07
9.28448e-07
9.94068e-07
1.05384e-06
1.10842e-06
1.15846e-06
1.20248e-06
-3.34235e-07
-1.83337e-06
-2.38709e-06
-2.42535e-06
-2.25741e-06
-2.0134e-06
-1.74765e-06
-1.48246e-06
-1.22642e-06
-1.01511e-06
-8.36638e-07
-6.90615e-07
-5.76304e-07
-4.92337e-07
-4.3687e-07
-4.07812e-07
-4.02996e-07
-4.20314e-07
-4.57702e-07
-5.13231e-07
-5.85065e-07
-6.71543e-07
-7.71212e-07
-8.83554e-07
-9.68471e-07
-1.01876e-06
-1.03287e-06
-1.01054e-06
-1.00927e-06
-1.05431e-06
-1.13592e-06
2.58055e-05
6.15639e-05
9.92622e-05
0.00013647
0.000170677
0.00020117
0.000227714
0.00025022
0.000260416
0.000252872
0.000232039
0.000205074
0.000177346
0.000150199
0.00012431
0.000107692
