-0.0355023
-0.0288707
-0.0184689
-0.0115133
-0.011519
-0.0124342
-0.0136894
-0.0146563
-0.0151137
-0.0150995
-0.0145171
-0.0136813
-0.0132907
-0.0131237
-0.0130675
-0.0130654
-0.0130788
-0.013085
-0.0130895
-0.0130926
-0.0130963
-0.0131006
-0.0131055
-0.013111
-0.013117
-0.0131234
-0.0131303
-0.0131375
-0.0131448
-0.0131522
-0.0131597
-0.0131678
-0.0131761
-0.0131845
-0.0131931
-0.0132019
-0.013211
-0.0132207
-0.0131451
-0.0131449
-0.0131613
-0.0131672
-0.0131685
-0.0131684
-0.0131671
-0.0131659
-0.013165
-0.0131645
-0.0131645
-0.0131649
-0.0137228
-0.0137232
-0.0137253
-0.0137277
-0.01373
-0.0137317
-0.0137286
-0.0137256
-0.0137228
-0.0137201
-0.0137175
-0.0137151
-0.0137128
-0.0137107
-0.0137089
-0.0137072
-0.0137057
-0.0137046
-0.0137036
-0.013703
-0.0137028
-0.0137029
-0.0137034
-0.0136901
-0.0136911
-0.0136939
-0.0136975
-0.0137012
-0.0137051
-0.0137093
-0.0137139
-0.0137186
-0.0137214
-0.0137231
-0.0137348
-0.0137467
-0.0137468
-0.0137464
-0.0137457
-0.0137449
-0.0137441
-0.0137434
-0.0137431
-0.013743
-0.0137435
-0.0137446
-0.0137418
-0.0137392
-0.0137367
-0.0137343
-0.0129575
-0.0129444
-0.0130868
-0.0130868
-0.0130879
-0.0130889
-0.01309
-0.0130913
-0.0130927
-0.0130944
-0.0130962
-0.0130981
-0.0131003
-0.0131026
-0.0131051
-0.0131077
-0.0131105
-0.0131133
-0.0131164
-0.0131195
-0.0131228
-0.0131262
-0.0131297
-0.0131333
-0.0131371
-0.0131409
-0.0131411
-0.0131413
-0.0131416
-0.0131423
-0.0131435
-0.0131456
-0.0131457
-0.0131457
-0.0131456
-0.0131455
-0.0131456
-0.0131455
-0.0131453
-0.0131366
-0.0131329
-0.0131318
-0.0131322
-0.0131324
-0.0131323
-0.0131323
-0.0131323
-0.0131326
-0.0131337
-0.0131361
-0.0136784
-0.013672
-0.0136619
-0.0136504
-0.0136389
-0.0136278
-0.0136171
-0.0136068
-0.013597
-0.0135876
-0.0135786
-0.0135704
-0.0135625
-0.0135551
-0.013548
-0.0135413
-0.0135348
-0.0135287
-0.0135229
-0.0135174
-0.0135164
-0.0135164
-0.0135163
-0.0135167
-0.0135176
-0.013519
-0.013521
-0.0135237
-0.0135265
-0.0135296
-0.0135204
-0.0135207
-0.0135211
-0.0135216
-0.0135972
-0.0136365
-0.0136565
-0.013667
-0.0136676
-0.0136681
-0.0136685
-0.0136714
-0.013673
-0.0136735
-0.0136742
-0.0136746
-0.0136751
-0.0136756
-0.0136761
-0.0136766
0.0647675
0.0647719
0.0647389
0.0647675
0.0647987
0.0648287
0.0648577
0.0648858
0.064913
0.0649394
0.0649651
0.06499
0.0650142
0.0650378
0.0650609
0.0650833
0.0651053
0.065172
0.0651793
0.0651799
0.0651805
0.0651811
0.0651817
0.0651822
0.0651825
0.0651828
0.0651829
0.0651829
0.0651826
0.0651822
0.0651817
0.0651811
0.0651803
0.0651796
0.065092
0.0649858
0.064931
0.0649044
0.0648966
0.0648946
0.0648957
0.0648945
0.0648942
0.0648936
0.0648929
0.064892
0.0648914
0.0648907
0.0648919
0.0648912
0.141865
0.141851
0.141875
0.141905
0.141939
0.141978
0.142015
0.14205
0.142084
0.142117
0.142143
0.142157
0.14216
0.142161
0.142161
0.142161
0.142162
0.142162
0.142162
0.142163
0.142163
0.142163
0.142164
0.142164
0.142164
0.142164
0.142164
0.142164
0.142164
0.142163
0.142163
0.142162
0.142162
0.142161
0.14216
0.142075
0.142032
0.142009
0.142005
0.142002
0.142
0.141999
0.141998
0.141997
0.141998
0.141997
0.141997
0.141997
0.141996
0.141995
0.237631
0.237621
0.237628
0.237642
0.237663
0.23769
0.237721
0.237755
0.237785
0.237809
0.237833
0.237855
0.237877
0.237899
0.237917
0.237934
0.23795
0.237965
0.23798
0.237994
0.238007
0.23802
0.238033
0.238044
0.238055
0.238066
0.238076
0.238086
0.238095
0.238104
0.238111
0.238115
0.23812
0.238124
0.238129
0.238452
0.238452
0.238618
0.238623
0.238625
0.238625
0.238623
0.238622
0.238621
0.238619
0.238618
0.238617
0.238616
0.238616
0.238615
0.331984
0.33164
0.33166
0.331687
0.331718
0.331754
0.331792
0.331826
0.331857
0.331887
0.331916
0.331944
0.331972
0.331997
0.332015
0.332032
0.332049
0.332065
0.332081
0.332096
0.33211
0.332124
0.332137
0.33215
0.332162
0.332174
0.332185
0.332196
0.332206
0.332215
0.332225
0.332228
0.332231
0.332233
0.332232
0.332231
0.332231
0.33223
0.332231
0.332231
0.33223
0.332229
0.332228
0.332227
0.332227
0.332227
0.332227
0.332226
0.332226
0.332224
0.431115
0.431104
0.431117
0.43114
0.431169
0.431199
0.431233
0.431271
0.431305
0.431334
0.431362
0.431388
0.431415
0.43143
0.431444
0.431457
0.431469
0.43148
0.43149
0.431499
0.431508
0.431516
0.431523
0.431529
0.431535
0.43154
0.431544
0.431547
0.43155
0.431552
0.431553
0.431551
0.431551
0.43155
0.431549
0.431453
0.431404
0.431378
0.431364
0.431356
0.431351
0.43135
0.431348
0.431347
0.431345
0.431345
0.431344
0.431343
0.431342
0.431341
0.528795
0.528794
0.528771
0.528792
0.528817
0.528847
0.528873
0.528897
0.52892
0.528942
0.528963
0.528984
0.529001
0.529017
0.529033
0.529048
0.529063
0.529077
0.52909
0.529103
0.529115
0.529127
0.529135
0.529143
0.529151
0.529157
0.529163
0.529168
0.529172
0.529176
0.529178
0.529179
0.52918
0.529181
0.529326
0.529325
0.529368
0.529361
0.529359
0.529358
0.529357
0.529356
0.529355
0.529354
0.529353
0.529352
0.529351
0.529352
0.529352
0.529351
0.629038
0.627779
0.627789
0.627807
0.627831
0.627861
0.627896
0.627934
0.627965
0.627992
0.628018
0.628042
0.628066
0.628089
0.628111
0.628133
0.628155
0.628175
0.628248
0.628254
0.62826
0.628265
0.628269
0.628273
0.628277
0.628279
0.628282
0.628283
0.628285
0.628285
0.628285
0.628282
0.628279
0.628276
0.628079
0.627976
0.62792
0.627889
0.62787
0.627869
0.627868
0.627867
0.627866
0.627865
0.627864
0.627863
0.627862
0.627862
0.62786
0.627856
0.726518
0.7265
0.726464
0.726413
0.726359
0.726311
0.726266
0.726225
0.726234
0.726241
0.726245
0.726219
0.726244
0.726269
0.726293
0.726316
0.726339
0.726361
0.726382
0.726403
0.726423
0.726442
0.726461
0.726479
0.726497
0.726514
0.726531
0.726547
0.726563
0.726579
0.726613
0.726613
0.726614
0.72767
0.728037
0.727998
0.727797
0.727542
0.727545
0.727548
0.727551
0.727557
0.727562
0.727565
0.727563
0.727559
0.727554
0.72755
0.727547
0.727541
0.826193
0.82617
0.826127
0.826071
0.826004
0.825933
0.825872
0.825817
0.825768
0.825723
0.825679
0.825638
0.825636
0.825634
0.82563
0.825624
0.825651
0.825678
0.825703
0.825729
0.825795
0.825827
0.825857
0.825874
0.82589
0.825906
0.825921
0.825936
0.82595
0.825964
0.825978
0.825988
0.825734
0.825219
0.824984
0.824888
0.824862
0.82487
0.824893
0.824925
0.824959
0.824995
0.825031
0.825066
0.825101
0.825136
0.82517
0.825235
0.825219
0.8252
0.923127
