0
-0.00417293
-0.00515874
-0.00225695
-0.199403
-0.187804
-0.152358
-0.119053
-0.0890048
-0.0646073
-0.0418068
-0.031376
-0.0472984
-0.0582654
-0.0666646
-0.0737751
-0.0801686
-0.0861907
-0.092632
-0.0994107
-0.106437
-0.112842
-0.119296
-0.125827
-0.132451
-0.139184
-0.146041
-0.153066
-0.13632
-0.129438
-0.123334
-0.117909
-0.112913
-0.108251
-0.102489
-0.0966484
-0.0907602
-0.0848774
-0.0737044
-0.0697242
-0.0641389
-0.0578111
-0.0516656
-0.0456264
-0.0396447
-0.0336755
-0.0277192
-0.0217829
-0.0158594
-0.00994283
-0.00402753
-6.40691e-05
0.0135441
0.0218254
0.0278951
0.0331831
0.0387633
0.0438508
0.0490429
0.0543474
0.0597547
0.0652529
0.0708326
0.0764877
0.082215
0.0880134
0.0938834
0.0998264
0.105845
0.111941
0.118119
0.124381
0.130731
0.130608
0.143525
0.136435
0.132165
0.131151
0.130647
0.130634
0.131175
0.122612
0.120397
0.115574
0.101595
0.0946839
0.0870159
0.0811353
0.0752967
0.0694668
0.0636769
0.0579345
0.0522382
0.0465845
0.0409717
0.0354148
0.025086
0.0212641
0.0174578
0.0136677
0.00989165
0.00405346
0.00412323
0.0162984
0.0106486
0.0101331
0.00946603
0.00886399
0.00836527
0.00773083
0.00680756
0.00592608
0.00506249
0.00419446
0.00330763
0.00239341
0.00144664
0.000464307
-0.000555585
-0.00161457
-0.00271455
-0.00385837
-0.00505029
-0.00629704
-0.00761378
-0.00907241
0.00176347
0.0101194
0.0185187
0.0270474
0.0355607
0.0413655
0.0573302
0.0687796
0.0779975
0.0865708
0.0782681
0.0727105
0.0673626
0.0624723
0.0574213
0.0525796
0.0478888
0.0430439
0.0384904
0.0342018
0.0298792
0.0297081
0.0291902
0.0252329
0.0361988
0.0652196
0.0829618
0.0900173
0.0931067
0.0954731
0.0889553
0.0829502
0.0773105
0.0719918
0.0669309
0.0620889
0.0587203
0.0554716
0.052312
0.0492242
0.0461945
0.0432103
0.0402565
0.0372873
0.0494643
0.0597706
0.0699446
0.0795894
0.0864025
0.0936272
0.101189
0.109285
0.105591
0.102139
0.102108
0.0910686
0.098788
0.103873
0.0981016
0.0981112
0.0964862
0.0998298
0.107143
0.110451
0.115487
0.115289
0.117564
0.119975
0.119357
0.12296
0.123039
0.125903
0.127267
0.128708
0.130157
0.171597
0.196518
0.211391
0.208256
0.189467
0.175014
0.163142
0.152844
0.143538
0.134878
0.126744
0.118962
0.11142
0.10407
0.0968772
0.0898126
0.0899451
0.101843
0.111954
0.12149
0.130699
0.138326
0.144362
0.149432
0.153715
0.157367
0.160512
0.163249
0.165657
0.163218
0.147479
0.1533
0.15704
0.15014
0.150949
0.153561
0.156883
0.166339
0.171415
0.173394
0.175698
0.179227
0.177133
0.175195
0.173357
0.177702
0.169875
0.16987
0.165291
0.164804
0.150351
0.192935
0.221804
0.232126
0.241538
0.211289
0.187935
0.171446
0.158185
0.149391
0.145664
0.147565
0.149085
0.150301
0.151495
0.15269
0.153907
0.155161
0.156461
0.157808
0.159198
0.160627
0.162085
0.163566
0.165058
0.166552
0.168037
0.169498
0.170924
0.172284
0.163018
0.17265
0.178523
0.182159
0.174689
0.17354
0.171119
0.168484
0.166688
0.163854
0.159545
0.157637
0.171359
0.171385
0.185479
0.190769
0.190449
0.188823
0.186848
0.184461
0.167563
0.209508
0.248066
0.262368
0.27422
0.283608
0.285592
0.247011
0.217298
0.199781
0.186088
0.174097
0.162904
0.154946
0.152304
0.149823
0.147477
0.145261
0.143172
0.141205
0.13935
0.137599
0.135938
0.134352
0.13282
0.131318
0.129807
0.128214
0.126313
0.138747
0.140184
0.158465
0.174361
0.189437
0.189536
0.196299
0.198346
0.198526
0.202913
0.203328
0.202603
0.202058
0.201572
0.200785
0.199789
0.198496
0.196836
0.19512
0.193426
0.190367
0.160119
0.206333
0.239893
0.253503
0.266405
0.268426
0.233211
0.212611
0.198715
0.187889
0.178491
0.169799
0.161558
0.154697
0.154686
0.154795
0.155011
0.155326
0.155731
0.156215
0.156763
0.15736
0.157986
0.158617
0.159223
0.159766
0.160188
0.160402
0.16023
0.159097
0.160907
0.17797
0.177142
0.190593
0.201494
0.209408
0.219463
0.208452
0.203914
0.197532
0.205988
0.213598
0.225033
0.214394
0.205162
0.202057
0.197741
0.192099
0.184788
0.184799
0.175796
0.217042
0.2514
0.25964
0.266253
0.271354
0.276146
0.231229
0.197499
0.179475
0.165317
0.152706
0.145446
0.14675
0.148219
0.149806
0.151501
0.153303
0.155213
0.15723
0.159348
0.161558
0.163852
0.166217
0.168641
0.171109
0.173606
0.176114
0.17862
0.181105
0.17074
0.177314
0.1834
0.188711
0.178275
0.175457
0.171149
0.166027
0.160413
0.154442
0.168124
0.168179
0.188342
0.199939
0.205959
0.209495
0.207533
0.203641
0.199079
0.19386
0.192896
0.229776
0.249773
0.261176
0.269343
0.235697
0.214387
0.19903
0.1866
0.175665
0.165554
0.156033
0.149004
0.143425
0.138066
0.132895
0.127891
0.123033
0.118298
0.113646
0.108946
0.118686
0.125962
0.133196
0.140459
0.147805
0.155271
0.162882
0.170631
0.178518
0.179111
0.197176
0.212292
0.21234
0.191402
0.194506
0.195141
0.203523
0.210855
0.212293
0.21386
0.214859
0.214886
0.214001
0.212319
0.209934
0.206911
0.203117
0.198724
0.194508
0.14458
0.195887
0.23132
0.260663
0.290382
0.310315
0.329145
0.292178
0.260898
0.24224
0.2289
0.217895
0.207931
0.198473
0.189319
0.180402
0.17171
0.171749
0.157157
0.155706
0.154414
0.153266
0.152254
0.151368
0.150593
0.149918
0.149327
0.148805
0.148335
0.147891
0.134352
0.138092
0.141211
0.120801
0.11838
0.112706
0.105327
0.0970061
0.118954
0.130684
0.141982
0.152853
0.163433
0.17383
0.184126
0.194353
0.204174
0.211005
0.21074
0.214487
0.228251
0.262347
0.29052
0.298427
0.292396
0.289071
0.287443
0.271321
0.258789
0.247094
0.235264
0.226562
0.216585
0.206988
0.197726
0.188766
0.180082
0.171652
0.163459
0.155657
0.148043
0.140605
0.133328
0.126196
0.119195
0.112307
0.105517
0.0988069
0.0921546
0.0922423
0.109593
0.128471
0.148729
0.126376
0.115668
0.112476
0.112771
0.131953
0.140435
0.149444
0.159109
0.168823
0.178332
0.184825
0.190736
0.194856
0.198001
0.199239
0.200457
0.200079
0.234527
0.265293
0.283217
0.298494
0.301647
0.28391
0.271457
0.261397
0.256338
0.253086
0.252676
0.240094
0.229046
0.218405
0.208098
0.198996
0.189315
0.179906
0.170753
0.170771
0.15829
0.15345
0.151086
0.151421
0.151841
0.15233
0.152873
0.153455
0.15406
0.154649
0.142204
0.0899267
0.0860676
0.09392
0.0938194
0.0894092
0.0926544
0.0948189
0.0964899
0.0978496
0.0990026
0.100006
0.100892
0.101681
0.102384
0.10301
0.103151
0.124636
0.136938
0.144014
