-0.000241491
-0.000466112
-0.000674521
-0.000867351
-0.00104521
-0.00120868
-0.00135833
-0.00149469
-0.0016183
-0.00172964
-0.00182921
-0.00191745
-0.00199483
-0.00206177
-0.00211867
-0.00216595
-0.00220397
-0.0022331
-0.00225371
-0.00226612
-0.00227066
-0.00226765
-0.00225739
-0.00224017
-0.00221627
-0.00218596
-0.00214949
-0.00210711
-0.00205907
-0.0020001
-0.00194183
-0.00187855
-0.00181009
-0.00173632
-0.00165708
-0.00157225
-0.00148168
-0.00138527
-0.00128287
-0.00117439
-0.00105971
-0.000937962
-0.000810639
-0.000676815
-0.000536401
-0.000389308
-0.000235453
-7.47582e-05
9.28532e-05
0.000267453
0.000639435
0.00100372
0.0013606
0.00171033
0.00205318
0.00238939
0.00271922
0.00304288
0.0033606
0.00367261
0.00397909
0.00428025
0.00457629
0.00486738
0.0051537
0.00543542
0.00571271
0.00598572
0.0062546
0.00651951
0.00678056
0.00703792
0.00729169
0.00754201
0.007789
0.00803277
0.00827343
0.0085111
0.00874586
0.00898332
0.00921215
0.00943839
0.00966247
0.00988483
0.0101059
0.010326
0.0105456
0.0107651
0.0109847
0.0112048
0.0114258
0.011648
0.0118265
0.0119346
0.0119796
0.0119683
0.0119075
0.0118035
0.0116652
0.0115627
0.0118
0.0120483
0.0123073
0.0125764
0.0128553
0.0131436
0.0134408
0.0137467
0.0140608
0.0143828
0.0147124
0.0150493
0.015393
0.0157434
0.0161001
0.0164629
0.0168314
0.0172055
0.0175848
0.0179691
0.0183582
0.0187518
0.0191497
0.0195517
0.0199575
0.0203671
0.02078
0.0211963
0.0216155
0.0220751
0.0224952
0.0228981
0.023284
0.0236532
0.0240063
0.0243437
0.0246657
0.0249729
0.0252551
0.0254966
0.0256989
0.0258639
0.0259933
0.0260891
0.0261532
0.0261878
0.0261952
0.0261779
0.0261387
0.0260806
0.026586
0.0270743
0.0275471
0.0280057
0.0284519
0.0288871
0.029313
0.0297311
0.0301433
0.030551
0.0309561
0.0313603
0.031765
0.0321721
0.032583
0.0329993
0.0334223
0.0338535
0.0342939
0.0347449
0.0352073
0.0356821
0.03617
0.0366719
0.0371881
0.0377193
0.0382659
0.0388281
0.0394063
0.0397021
0.0411716
0.042633
0.0440863
0.0455318
0.0469697
0.0484003
0.0498239
0.0512407
0.052651
0.0540551
0.0554532
0.0568455
0.0582322
0.0596135
0.0609897
0.0623611
0.0637277
0.0650899
0.0664478
0.0678017
0.0698756
0.0718784
0.0738147
0.0756897
0.0775082
0.0792753
0.080975
0.0826121
0.0841921
0.0857209
0.0872049
0.0886508
0.090066
0.0914666
0.0928715
0.0942816
0.0956977
0.0971207
0.0985516
0.0999917
0.101442
0.102905
0.10438
0.105871
0.107379
0.108907
0.110456
0.11203
0.113632
0.115511
0.117146
0.118799
0.120476
0.122183
0.123931
0.125728
0.127582
0.129501
0.131494
0.133568
0.13573
0.137986
0.140343
0.142805
0.145377
0.148062
0.150865
0.153787
0.15683
0.159997
0.1616
0.163092
0.164479
0.165767
0.166964
0.168075
0.169109
0.170072
0.170972
0.171818
0.172618
0.173384
0.174126
0.174856
0.175587
0.176333
0.177109
0.177931
0.178815
0.17978
0.180833
0.181974
0.183204
0.184521
0.185928
0.187426
0.189017
0.190703
0.192486
0.194616
0.196574
0.198626
0.200772
0.203023
0.205388
0.207875
0.210496
0.213258
0.216171
0.219244
0.22248
0.225885
0.229466
0.233229
0.237179
0.241324
0.245671
0.250227
0.254999
0.259993
0.260163
0.260313
0.260447
0.260569
0.260685
0.260798
0.260915
0.261042
0.261185
0.261353
0.261555
0.261855
0.262254
0.262749
0.26334
0.264024
0.264801
0.26567
0.266631
0.267683
0.268827
0.270063
0.271393
0.272818
0.274341
0.275964
0.277691
0.279526
0.281474
0.283786
0.285945
0.288221
0.290617
0.293144
0.295814
0.298637
0.301619
0.304768
0.308092
0.3116
0.315304
0.319216
0.323349
0.327719
0.332344
0.337241
0.342432
0.347938
0.353782
0.35999
0.359344
0.358712
0.358097
0.357503
0.356934
0.356396
0.355895
0.355438
0.355105
0.354892
0.354796
0.354816
0.354948
0.355192
0.355545
0.356007
0.356576
0.357252
0.358034
0.358923
0.35992
0.361026
0.362242
0.363572
0.365018
0.366584
0.368275
0.370097
0.372056
0.374402
0.376626
0.379
0.381518
0.384186
0.387011
0.390001
0.393166
0.396517
0.400067
0.403834
0.407835
0.412096
0.416643
0.421507
0.426728
0.432358
0.438467
0.445113
0.452376
0.459981
0.458255
0.456613
0.455117
0.453775
0.452583
0.451536
0.450632
0.449866
0.449235
0.448737
0.448369
0.448128
0.448013
0.44802
0.44815
0.448401
0.448771
0.449261
0.449871
0.450602
0.451454
0.45243
0.453532
0.454764
0.45613
0.457634
0.459283
0.461084
0.463045
0.465416
0.467672
0.470084
0.472649
0.475369
0.478254
0.481312
0.484557
0.488009
0.491694
0.495648
0.499929
0.504598
0.509747
0.515468
0.52191
0.529348
0.536992
0.54462
0.552114
0.559163
0.556768
0.554559
0.552531
0.550679
0.548998
0.547484
0.546133
0.544941
0.543903
0.543018
0.542281
0.541691
0.541244
0.540939
0.540774
0.540748
0.54086
0.541111
0.541499
0.542026
0.542694
0.543506
0.544463
0.54557
0.546833
0.548256
0.549844
0.551598
0.553521
0.555918
0.55814
0.560526
0.563068
0.56577
0.56864
0.571706
0.57501
0.578612
0.582595
0.587046
0.592049
0.598315
0.605887
0.613081
0.62017
0.627188
0.634133
0.641005
0.647804
0.654529
0.651979
0.649614
0.64743
0.645423
0.643587
0.641919
0.640414
0.639069
0.637881
0.636846
0.635963
0.635228
0.634639
0.634196
0.633896
0.63374
0.633726
0.633855
0.634128
0.634546
0.635113
0.63583
0.636703
0.637736
0.638932
0.640292
0.641817
0.643507
0.645358
0.64778
0.64988
0.652127
0.654523
0.657085
0.659858
0.662915
0.666269
0.669793
0.67497
0.682228
0.689386
0.696461
0.703452
0.710362
0.717189
0.723935
0.730599
0.737181
0.74368
0.750097
0.747398
0.744883
0.742549
0.74039
0.738403
0.736583
0.734928
0.733433
0.732095
0.730913
0.729883
0.729003
0.728272
0.727689
0.727253
0.726964
0.726822
0.726827
0.726982
0.727288
0.727749
0.728369
0.729152
0.730097
0.731199
0.732448
0.733839
0.735367
0.737029
0.739482
0.741282
0.743221
0.745322
0.747592
0.749583
0.751657
0.758977
0.766192
0.77331
0.78033
0.787255
0.794086
0.800825
0.807471
0.814025
0.820488
0.82686
0.83314
0.839328
0.845425
0.84257
0.8399
0.837409
0.835095
0.832952
0.830978
0.829169
0.827521
0.826033
0.824701
0.823525
0.822501
0.821629
0.820908
0.820337
0.819918
0.81965
0.819535
0.819575
0.819773
0.820133
0.820646
0.821303
0.822093
0.823008
0.824032
0.825161
0.826384
0.827698
0.830219
0.831453
0.832519
0.829707
0.836034
0.843369
0.850586
0.857687
0.864676
0.871555
0.878327
0.884993
0.891554
0.898013
0.90437
0.910625
0.916779
0.922832
0.928784
0.934635
0.940386
0.937364
