0.099997
0.0923821
0.0836738
0.078565
0.0785608
0.0771273
0.0766344
0.0770269
0.0778244
0.0788031
0.0798376
0.0808791
0.081899
0.0828809
0.0838195
0.0847136
0.0855696
0.0855569
0.0855531
0.085556
0.0855589
0.0855621
0.0855659
0.0855702
0.0855752
0.0855809
0.0855872
0.0855943
0.0855835
0.0855731
0.0855628
0.085552
0.0855411
0.0855303
0.0855189
0.0855071
0.0854945
0.0854812
0.0854748
0.0854688
0.0854634
0.0854587
0.0854549
0.085452
0.0854493
0.0854472
0.0854457
0.0854448
0.0854443
0.0854443
-0.102039
-0.102038
-0.102032
-0.102024
-0.102015
-0.102007
-0.102
-0.101993
-0.101988
-0.101984
-0.10198
-0.101978
-0.101976
-0.101976
-0.101977
-0.101978
-0.10198
-0.101984
-0.101988
-0.101993
-0.102
-0.102007
-0.102015
-0.102065
-0.102064
-0.102064
-0.102064
-0.102065
-0.102066
-0.102067
-0.102069
-0.102057
-0.102049
-0.102043
-0.102033
-0.102027
-0.102028
-0.10203
-0.102031
-0.102034
-0.102036
-0.102038
-0.102039
-0.102041
-0.102042
-0.102043
-0.102041
-0.102039
-0.102036
-0.102034
0.0815222
0.0812176
0.0809758
0.080976
0.0809757
0.0809755
0.0809753
0.080975
0.0809747
0.0809743
0.0809737
0.0809731
0.0809723
0.0809714
0.0809703
0.0809691
0.0809677
0.0809662
0.0809646
0.0809629
0.080961
0.0809589
0.0809567
0.0809544
0.0809519
0.0809492
0.0809492
0.0809493
0.0809495
0.0809505
0.0809525
0.0809561
0.0809563
0.0809565
0.0809567
0.080957
0.0809571
0.0809576
0.0809583
0.0809579
0.0809576
0.0809574
0.0809571
0.0809571
0.0809578
0.0809585
0.080959
0.0809592
0.0809592
0.0809587
-0.0927895
-0.0927896
-0.092787
-0.0927834
-0.0927793
-0.0927735
-0.0927975
-0.0928205
-0.0928425
-0.0928636
-0.0928839
-0.0928986
-0.0929128
-0.0929264
-0.0929394
-0.0929519
-0.0929639
-0.0929754
-0.0929865
-0.0929973
-0.0929947
-0.0929947
-0.0929946
-0.092995
-0.092996
-0.0929979
-0.0930005
-0.0930043
-0.0929979
-0.0929912
-0.0930169
-0.093017
-0.0930172
-0.0930174
-0.0930143
-0.0930136
-0.0930137
-0.0930139
-0.0930139
-0.0930141
-0.0930143
-0.0930145
-0.0930147
-0.0930147
-0.0930148
-0.0930148
-0.0930149
-0.0930148
-0.0930148
-0.0930147
0.0729944
0.0730162
0.0730681
0.0731343
0.0732054
0.0732731
0.073338
0.0734006
0.0734612
0.0735198
0.0735757
0.0736302
0.0736834
0.0737355
0.0737863
0.0738362
0.0738852
0.0739621
0.0739773
0.0739772
0.0739771
0.073977
0.0739769
0.0739768
0.0739767
0.0739766
0.0739766
0.0739767
0.0739767
0.0739769
0.0739771
0.0739774
0.0739777
0.073978
0.0739683
0.0739653
0.0739637
0.0739637
0.0739595
0.0739649
0.0739685
0.0739691
0.0739702
0.0739706
0.0739712
0.073972
0.0739721
0.0739721
0.0739504
0.0739505
-0.0802661
-0.0803185
-0.0804052
-0.0805116
-0.0806325
-0.0807662
-0.0808536
-0.0809348
-0.0810121
-0.0810867
-0.0811465
-0.08116
-0.0811561
-0.0811561
-0.081156
-0.081156
-0.0811559
-0.0811558
-0.0811558
-0.0811557
-0.0811556
-0.0811554
-0.0811553
-0.0811552
-0.0811551
-0.081155
-0.081155
-0.0811549
-0.0811549
-0.0811549
-0.0811549
-0.081155
-0.0811552
-0.0811553
-0.0811554
-0.0811592
-0.0811612
-0.0811621
-0.0811697
-0.0811721
-0.0811733
-0.0811759
-0.081176
-0.0811761
-0.0811606
-0.0811606
-0.081161
-0.0811613
-0.081161
-0.0811608
0.0753719
0.0753917
0.075414
0.0754489
0.0754976
0.0755583
0.0756294
0.0757071
0.0757726
0.0758515
0.0759256
0.075997
0.0760668
0.0761155
0.076126
0.0761365
0.0761469
0.0761571
0.0761673
0.0761773
0.0761872
0.076197
0.0762067
0.0762163
0.0762259
0.0762354
0.076245
0.0762546
0.0762645
0.0762752
0.076259
0.0762483
0.07624
0.0762314
0.0762219
0.0762208
0.0762194
0.0762184
0.076227
0.0762325
0.0762323
0.0762313
0.0762311
0.076231
0.076231
0.0762309
0.0762308
0.0762308
0.0762308
0.0762307
-0.0765597
-0.076621
-0.0766699
-0.0767348
-0.0768109
-0.076896
-0.0769857
-0.0770641
-0.0771363
-0.077205
-0.0772713
-0.0773358
-0.0773988
-0.0774558
-0.0774512
-0.0774474
-0.0774444
-0.077442
-0.0774404
-0.0774394
-0.077439
-0.0774393
-0.0774401
-0.0774416
-0.0774437
-0.0774464
-0.0774499
-0.0774541
-0.0774594
-0.077466
-0.0774757
-0.0774688
-0.0774632
-0.0774649
-0.0774649
-0.0774647
-0.0774642
-0.0774635
-0.0774646
-0.0774654
-0.0774655
-0.0774656
-0.0774656
-0.077465
-0.0774654
-0.0774657
-0.0774658
-0.0774657
-0.0774652
-0.077464
0.0768293
0.0768538
0.0768852
0.0769529
0.0770374
0.0771385
0.0772534
0.0773807
0.0774585
0.0775531
0.0776425
0.0777257
0.0777838
0.077768
0.077754
0.0777416
0.0777306
0.077721
0.0777125
0.0777051
0.0776988
0.0776933
0.0776886
0.0776847
0.0776815
0.0776789
0.0776769
0.0776754
0.0776743
0.0776736
0.0776734
0.077674
0.0776743
0.0776746
0.0776748
0.0776758
0.0776758
0.0776751
0.0776741
0.0776727
0.077671
0.0776713
0.0776629
0.0776627
0.0776639
0.0776647
0.0776635
0.0776634
0.0776632
0.0776631
-0.0747944
-0.0748157
-0.0748496
-0.0748994
-0.0749601
-0.0750293
-0.0750895
-0.0751447
-0.0751967
-0.0752465
-0.0752945
-0.0753409
-0.0753594
-0.0753781
-0.0753963
-0.0754141
-0.0754315
-0.0754485
-0.0754652
-0.0754817
-0.075498
-0.0755147
-0.0754956
-0.0754781
-0.075462
-0.0754474
-0.0754342
-0.0754224
-0.0754136
-0.0754059
-0.0753994
-0.0753979
-0.0753963
-0.0753946
-0.075421
-0.0754208
-0.075424
-0.075426
-0.0754275
-0.0754273
-0.0754272
-0.0754273
-0.0754279
-0.0754281
-0.0754282
-0.0754283
-0.0754284
-0.0754284
-0.0754284
-0.0754284
0.0772094
0.0771865
0.0771781
0.0771586
0.0771304
0.0770954
0.0770545
0.0770074
0.0770752
0.0771337
0.0771873
0.077238
0.0772869
0.0773345
0.0773811
0.0774268
0.0774715
0.0775152
0.0775837
0.0775846
0.0775855
0.0775863
0.0775871
0.077588
0.0775888
0.0775896
0.0775904
0.077591
0.0775916
0.0775922
0.0775926
0.0775917
0.0775908
0.0775899
0.0775872
0.0775823
0.0775761
0.0775691
0.0775614
0.0775615
0.077562
0.0775623
0.0775624
0.0775622
0.0775617
0.0775612
0.0775603
0.0775589
0.0775602
0.0775676
-0.0751638
-0.0751404
-0.0750933
-0.0750269
-0.0749548
-0.0748881
-0.0748256
-0.0747657
-0.0748274
-0.0748868
-0.0749438
-0.0749978
-0.0750505
-0.0751016
-0.0751514
-0.0751999
-0.0752471
-0.0752933
-0.0753384
-0.0753814
-0.0754236
-0.0754651
-0.075506
-0.0755462
-0.075586
-0.0756253
-0.0756643
-0.0757028
-0.0757411
-0.0757791
-0.0758425
-0.0758419
-0.0758414
-0.0758324
-0.0758324
-0.0758363
-0.0758414
-0.0758466
-0.0758262
-0.0758054
-0.0757859
-0.0757681
-0.075753
-0.0757419
-0.0757425
-0.0757467
-0.0757552
-0.0757485
-0.0757453
-0.0757436
0.0772695
0.0772587
0.0772371
0.077207
0.0771695
0.0771282
0.0770905
0.0770558
0.0770236
0.0769922
0.076961
0.0769125
0.076974
0.0770337
0.0770915
0.0771478
0.0772029
0.0772569
0.0773098
0.0773617
0.0774363
0.0774574
0.0774776
0.0774694
0.0774619
0.0774552
0.0774492
0.0774439
0.0774393
0.0774353
0.0774321
0.0774299
0.077453
0.0774999
0.0775416
0.0775806
0.0776187
0.0776244
0.0776308
0.0776378
0.0776452
0.0776528
0.0776605
0.0776681
0.0776756
0.0776827
0.0776893
0.0776747
0.0776508
0.0776215
-0.0758656
