0
0.000733707
0.000593482
0.000151053
0.0348751
-0.000435767
0.00823605
0.0227084
0.0306531
0.044259
0.0553964
0.0655598
0.0675243
0.0691244
0.0706023
0.0720603
0.0725342
0.0618438
0.0381663
0.0210435
0.00970237
-0.00183811
-0.0138812
-0.0260972
-0.0383484
-0.0505824
-0.0627812
-0.0749308
-0.0910835
-0.102859
-0.11456
-0.124374
-0.135468
-0.147114
-0.158732
-0.170533
-0.182491
-0.194696
-0.179616
-0.168088
-0.156808
-0.145655
-0.134468
-0.123252
-0.112041
-0.103261
-0.0943767
-0.0854088
-0.0763501
-0.0671901
-0.0579136
-0.0506037
-0.0376672
-0.0264882
-0.016172
-0.00622201
-0.00194445
0.00214586
0.00622394
0.0103127
0.0144234
0.0185614
0.0227283
0.026924
0.0311476
0.0353975
0.0396723
0.0439702
0.0482898
0.0526294
0.0569875
0.0613625
0.0657528
0.0657258
0.0748949
0.0800331
0.0847339
0.0892032
0.0937024
0.0982117
0.102736
0.10877
0.115727
0.121507
0.111891
0.104996
0.096628
0.09112
0.0854357
0.0794822
0.0732931
0.0668784
0.0602379
0.0533606
0.0462107
0.0385692
0.0537063
0.0645729
0.0752832
0.0858296
0.0962098
0.0927265
0.0927789
0.0908588
0.0847686
0.0793945
0.0742402
0.0692434
0.0643632
0.0590203
0.0528963
0.0468986
0.0410218
0.0352486
0.0295697
0.0239814
0.0184828
0.0130745
0.00775758
0.00253316
-0.00259839
-0.00763828
-0.0125879
-0.0174463
-0.0222058
-0.0267157
-0.0393492
-0.0514153
-0.0600665
-0.0653235
-0.0705235
-0.0767022
-0.0850181
-0.0908697
-0.0958485
-0.100271
-0.104856
-0.108854
-0.112762
-0.100904
-0.0930142
-0.0847933
-0.0762415
-0.0841865
-0.090844
-0.0942128
-0.0975143
-0.0851543
-0.0732001
-0.061311
-0.0712648
-0.0682179
-0.0622214
-0.0561694
-0.0499262
-0.0440599
-0.0409787
-0.036875
-0.0328731
-0.0287433
-0.0240562
-0.0190028
-0.0144857
-0.0101948
-0.00593387
-0.00169035
0.0025433
0.00677321
0.0109982
0.0151838
0.0223252
0.0265466
0.0311184
0.0356202
0.0402317
0.0448451
0.0494823
0.0541049
0.0598176
0.0648092
0.0647922
0.0750068
0.081361
0.086529
0.0823902
0.0803626
0.077845
0.0806862
0.0874117
0.0916308
0.0951753
0.0926586
0.0921723
0.095569
0.0931977
0.096486
0.0897336
0.0929182
0.0811754
0.0740923
0.0697677
0.0681215
0.05667
0.0525118
0.0482158
0.0439213
0.0398961
0.0360651
0.0323743
0.0287823
0.0252277
0.021787
0.018395
0.0150456
0.0117339
0.00845578
0.00520835
0.00520654
-0.00667284
-0.0115389
-0.0153866
-0.0192332
-0.0230822
-0.0268636
-0.0306475
-0.0344431
-0.0382621
-0.0421182
-0.046027
-0.0499994
-0.0539902
-0.0586872
-0.0645742
-0.0690611
-0.0575123
-0.0553115
-0.0529215
-0.05211
-0.059501
-0.059677
-0.0567064
-0.0674604
-0.0643446
-0.0704756
-0.0772748
-0.0853586
-0.0736564
-0.0621719
-0.0621693
-0.0535624
-0.0498987
-0.0573373
-0.0487327
-0.0454702
-0.0422095
-0.0387518
-0.032463
-0.0275364
-0.0229408
-0.0185386
-0.0132264
-0.00532606
-0.000137214
0.00325994
0.0071744
0.0111036
0.0150454
0.0190052
0.0229886
0.0270013
0.031049
0.035137
0.0392706
0.0434563
0.0476999
0.0520073
0.0563845
0.0608378
0.0653734
0.0699978
0.0747175
0.0789614
0.0845692
0.0892121
0.0933088
0.088963
0.0868155
0.0843503
0.0835179
0.0899657
0.0928843
0.0898909
0.0966337
0.0998854
0.0998657
0.0840533
0.0782634
0.0753296
0.0723384
0.0690691
0.0655979
0.0651322
0.0627387
0.0583111
0.0547299
0.0506384
0.0463858
0.0417642
0.0354308
0.0320699
0.0265994
0.0212891
0.0160668
0.00891132
0.00033353
-0.00476564
-0.00991413
-0.0149522
-0.0198768
-0.024686
-0.0293779
-0.0339511
-0.0384063
-0.0427464
-0.0469751
-0.0510974
-0.055119
-0.0590437
-0.0628644
-0.0665192
-0.0707073
-0.0734354
-0.0785264
-0.0825917
-0.0860894
-0.0860831
-0.0825717
-0.0795844
-0.0785742
-0.0801544
-0.0801195
-0.0801044
-0.0794894
-0.0779072
-0.0760979
-0.0737894
-0.071124
-0.0681137
-0.0647736
-0.0611164
-0.0571482
-0.0617116
-0.0533235
-0.0501433
-0.0467814
-0.0434627
-0.0399327
-0.0356414
-0.0308743
-0.0262998
-0.0219706
-0.0177796
-0.0136666
-0.00920495
0.000547618
0.00431753
0.00803932
0.0117845
0.0155545
0.0193498
0.0231723
0.0270246
0.0309102
0.0348319
0.0387935
0.0427966
0.0468425
0.0509287
0.0550447
0.0591552
0.0630876
0.0693639
0.0746245
0.0791808
0.0829246
0.0865908
0.0901034
0.0934017
0.0828249
0.0730268
0.0626882
0.0743681
0.0819328
0.0848002
0.0781244
0.0751124
0.0720312
0.0689133
0.0657624
0.0625849
0.0625876
0.0602162
0.0574327
0.0545469
0.0516603
0.0485913
0.0455074
0.042369
0.0343085
0.0313001
0.0261778
0.0209648
0.0138553
0.00216906
-0.00222697
-0.0065135
-0.0107459
-0.0149275
-0.0190526
-0.0231165
-0.0271178
-0.0310571
-0.0349374
-0.0387635
-0.0425421
-0.0462814
-0.0499913
-0.0536831
-0.0573691
-0.0610482
-0.0647217
-0.0682346
-0.0737026
-0.0778614
-0.0814132
-0.0750342
-0.0726755
-0.0700202
-0.0671788
-0.0642076
-0.0611358
-0.073476
-0.0734845
-0.0772972
-0.0796526
-0.0730843
-0.0699838
-0.0675266
-0.0644367
-0.0607459
-0.0567886
-0.0711083
-0.0582645
-0.0506122
-0.0471066
-0.0436834
-0.0388335
-0.0340226
-0.0296012
-0.0254141
-0.02137
-0.0174166
-0.0108963
-0.00718732
-0.00391586
-0.000764146
0.00235349
0.00545383
0.00853774
0.0115957
0.0146159
0.0176382
0.02992
0.0336864
0.0373955
0.0411479
0.0449465
0.0487878
0.0525199
0.0565152
0.0605636
0.0637969
0.0688951
0.0731782
0.07318
0.0678615
0.0649473
0.0625868
0.0699953
0.0751759
0.0784837
0.0787298
0.0778891
0.0767475
0.0752412
0.0733544
0.0710997
0.0684919
0.0655194
0.0622015
0.0586565
0.060858
0.0513096
0.0462768
0.0422787
0.0385267
0.0349002
0.0312566
0.0318914
0.0264826
0.0215767
0.0169364
0.0124358
0.00803042
0.00372027
-0.000446141
-0.0042388
-0.00736581
-0.00736775
-0.0211281
-0.0252295
-0.0291451
-0.0329837
-0.0367701
-0.0405212
-0.0442522
-0.0479778
-0.0517127
-0.0554722
-0.0592727
-0.0631306
-0.0666995
-0.0720908
-0.0763495
-0.0725615
-0.0708691
-0.0686204
-0.0660523
-0.0632865
-0.0767277
-0.0800426
-0.0827423
-0.0853701
-0.0879327
-0.0904378
-0.0928567
-0.0952707
-0.0976521
-0.0927114
-0.0810406
-0.0825264
-0.0692388
-0.0539028
-0.0407924
-0.0290983
-0.0188028
-0.00841293
0.00198859
0.00351238
0.00882675
0.0145207
0.0236645
0.0267074
0.0296661
0.03264
0.0356352
0.038657
0.0417105
0.0448003
0.0479817
0.0511538
0.0543766
0.0576534
0.0609884
0.064386
0.0678504
0.0713857
0.0749961
0.0786857
0.0824586
0.0823986
0.0882307
0.0929449
0.0747985
0.0706149
0.0695401
0.0659277
0.0609391
0.0673559
0.0723992
0.0771923
0.0811095
0.0843309
0.0871007
0.0845345
0.0818192
0.0766405
0.0696208
0.0645299
0.0592472
0.0519459
0.0461904
0.036343
0.0238761
0.0123124
0.001241
-0.00869061
-0.019047
-0.0295446
-0.039653
-0.0497696
-0.0602585
-0.0634038
-0.0697014
-0.0761771
-0.0829536
-0.0859831
-0.0889369
-0.0919415
-0.0950047
-0.0948825
-0.100363
-0.102478
-0.106253
-0.109696
-0.113223
-0.116845
-0.12057
-0.124405
-0.128354
-0.13242
-0.13616
-0.103541
-0.101166
-0.0972245
-0.0906914
-0.082809
-0.073149
-0.0640467
-0.0546949
-0.0451611
-0.0354797
-0.0256672
-0.0157311
-0.00567372
0.00450536
0.0148087
0.0146896
-0.00205387
-0.0149059
-0.0242582
