0.000137294
0.000418533
0.00084463
0.00141173
0.00212936
0.00300411
0.00403304
0.00520931
0.00652423
0.00796611
0.00952198
0.011179
0.0129284
0.0147623
0.0166731
0.0186541
0.0206992
0.0228068
0.0249797
0.0272138
0.029483
0.0317989
0.0341592
0.0365554
0.0389782
0.0414163
0.0438571
0.0462858
0.0486855
0.0510424
0.0533291
0.055517
0.0575784
0.0594856
0.0612113
0.0627284
0.0640105
0.0650322
0.0657694
0.0661995
0.0662795
0.0659894
0.0652966
0.064182
0.0626303
0.060628
0.0581618
0.0552151
0.051767
0.047788
0.0439754
0.0403401
0.0368845
0.0336114
0.0305238
0.0276242
0.0249144
0.0223955
0.0200684
0.0179383
0.0160088
0.0142817
0.0127575
0.0114351
0.0103162
0.00939784
0.00867679
0.00814805
0.00780511
0.0076401
0.00764395
0.00780652
0.00811676
0.00856287
0.00913245
0.00981266
0.0105904
0.0114523
0.0123851
0.0133179
0.0143505
0.0154667
0.0166519
0.0178967
0.0191998
0.02056
0.0219779
0.0234565
0.0250008
0.0266185
0.0283191
0.0301042
0.0319866
0.0339812
0.0361061
0.0383821
0.0408336
0.0434881
0.046367
0.049499
0.052917
0.056588
0.0604834
0.0645758
0.068843
0.0732638
0.0778175
0.0824849
0.0872474
0.0920874
0.0969884
0.101935
0.106914
0.111913
0.116921
0.121927
0.126922
0.131894
0.136836
0.141739
0.146597
0.151403
0.156152
0.16084
0.165462
0.170016
0.174499
0.178912
0.183253
0.18755
0.191519
0.195148
0.198419
0.201315
0.20382
0.205929
0.207634
0.208931
0.209811
0.210267
0.210294
0.209892
0.209059
0.207794
0.206117
0.204036
0.201557
0.198689
0.195429
0.191771
0.188541
0.185941
0.183902
0.182356
0.181246
0.18052
0.180127
0.180022
0.180163
0.180509
0.181022
0.181659
0.18238
0.183144
0.183911
0.184641
0.185291
0.185821
0.186193
0.186365
0.186301
0.185961
0.185305
0.184295
0.182891
0.181052
0.178736
0.175902
0.172505
0.168526
0.165104
0.162231
0.1599
0.158111
0.156867
0.156173
0.156041
0.156484
0.157516
0.159155
0.161423
0.164339
0.167926
0.172209
0.177215
0.182978
0.189532
0.196918
0.205177
0.21436
0.225082
0.236849
0.249668
0.263484
0.278274
0.293972
0.310507
0.32781
0.345808
0.364389
0.383508
0.40299
0.422737
0.442662
0.46269
0.482804
0.502857
0.522984
0.543111
0.563237
0.583369
0.603527
0.623738
0.643505
0.662749
0.681498
0.699856
0.717878
0.735591
0.753083
0.767706
0.77949
0.788518
0.794943
0.79897
0.800812
0.800669
0.798697
0.795025
0.789773
0.783082
0.775129
0.766107
0.756226
0.745705
0.73477
0.723649
0.712573
0.701767
0.691453
0.683505
0.680454
0.682112
0.68828
0.69875
0.713306
0.73078
0.750329
0.771705
0.794861
0.819721
0.846104
0.873895
0.903041
0.933478
0.965137
0.997966
1.0313
1.06526
1.09996
1.1355
1.17206
1.20982
1.24864
1.28869
1.32986
1.37203
1.41509
1.45892
1.5037
1.55582
1.61492
1.68068
1.75273
1.83084
1.91476
2.00428
2.09922
2.19958
2.30518
2.4159
2.53205
2.65383
2.78146
2.91483
3.05458
3.20063
3.35299
3.51217
3.6785
3.8526
4.03373
4.22111
4.41394
4.61141
4.81289
5.01773
