-0.000100176
-0.000286915
-0.000546718
-0.000866364
-0.00124085
-0.00166012
-0.00211521
-0.00259984
-0.00310959
-0.00364251
-0.00419896
-0.0047815
-0.00539409
-0.00604157
-0.00672955
-0.00746441
-0.00825317
-0.00910195
-0.0100135
-0.0109876
-0.0120294
-0.0131418
-0.0143234
-0.0155707
-0.0168785
-0.0182406
-0.0196487
-0.0210933
-0.0225633
-0.0240592
-0.0255521
-0.0270256
-0.0284639
-0.029851
-0.0311716
-0.03241
-0.0335507
-0.0345784
-0.0354776
-0.0362329
-0.0368299
-0.0372603
-0.037517
-0.0375971
-0.0375008
-0.037231
-0.0367927
-0.0361925
-0.0354382
-0.0345381
-0.0339617
-0.0336879
-0.0336963
-0.0339687
-0.0344883
-0.0352396
-0.0362086
-0.0373821
-0.0387483
-0.0402959
-0.0420135
-0.0438896
-0.0459123
-0.0480697
-0.0503498
-0.0527404
-0.0552296
-0.0578053
-0.0604551
-0.0631666
-0.0659275
-0.0687253
-0.0715475
-0.0743818
-0.0772157
-0.0800372
-0.0828342
-0.0855949
-0.0883079
-0.0909672
-0.0935632
-0.0960853
-0.0985247
-0.100875
-0.103131
-0.105286
-0.107337
-0.109278
-0.111106
-0.11282
-0.114417
-0.115894
-0.117253
-0.118494
-0.119619
-0.120631
-0.121536
-0.122337
-0.123046
-0.123673
-0.124602
-0.125804
-0.127253
-0.128927
-0.130802
-0.132858
-0.135074
-0.137431
-0.139909
-0.142491
-0.14516
-0.147899
-0.150694
-0.15353
-0.156394
-0.159273
-0.162154
-0.165026
-0.167878
-0.1707
-0.173482
-0.176214
-0.17889
-0.181499
-0.184035
-0.186491
-0.188859
-0.191134
-0.193309
-0.195396
-0.197339
-0.199129
-0.200762
-0.20223
-0.203533
-0.204671
-0.205648
-0.206468
-0.207135
-0.207657
-0.208041
-0.208297
-0.208433
-0.208463
-0.208395
-0.208237
-0.207996
-0.207679
-0.207289
-0.206829
-0.206776
-0.207121
-0.207826
-0.208854
-0.210173
-0.211751
-0.213559
-0.215569
-0.217755
-0.220092
-0.222557
-0.225125
-0.227775
-0.230485
-0.233235
-0.236003
-0.238771
-0.24152
-0.244231
-0.246887
-0.249473
-0.251971
-0.254367
-0.256645
-0.258791
-0.260792
-0.262632
-0.2643
-0.265781
-0.26708
-0.268324
-0.269506
-0.270622
-0.271669
-0.272647
-0.273556
-0.2744
-0.275184
-0.275916
-0.276604
-0.277259
-0.277893
-0.278519
-0.279153
-0.279813
-0.280518
-0.281289
-0.282148
-0.283121
-0.284234
-0.285954
-0.288204
-0.290969
-0.29423
-0.29797
-0.302167
-0.306803
-0.311862
-0.317327
-0.32318
-0.329413
-0.336004
-0.342946
-0.350232
-0.35786
-0.365835
-0.374149
-0.382825
-0.391859
-0.401262
-0.411041
-0.421207
-0.431772
-0.442695
-0.453998
-0.465717
-0.4779
-0.49059
-0.503831
-0.517689
-0.531845
-0.546345
-0.561241
-0.576593
-0.592468
-0.608928
-0.626035
-0.643838
-0.662385
-0.681721
-0.701893
-0.722949
-0.744941
-0.767919
-0.791932
-0.817031
-0.84326
-0.870667
-0.899294
-0.92918
-0.960946
-0.994893
-1.03097
-1.06912
-1.10928
-1.1514
-1.1953
-1.24088
-1.28807
-1.33688
-1.38726
-1.4392
-1.49267
-1.54763
-1.60407
-1.66197
-1.72129
-1.78193
-1.84389
-1.90718
-1.97179
-2.03773
-2.105
-2.17356
-2.24342
-2.31454
-2.38687
-2.46039
-2.53505
-2.61086
-2.68864
-2.7683
-2.84979
-2.93305
-3.01803
-3.10468
-3.19297
-3.28286
-3.37435
-3.4674
-3.562
-3.65816
-3.75591
-3.85525
-3.95616
-4.05873
-4.16292
-4.26874
-4.37623
-4.48543
-4.59675
-4.71007
-4.82522
-4.94208
-5.06048
-5.18031
-5.30146
