-0.000308286
-0.000898499
-0.00174551
-0.00282531
-0.00414665
-0.00571647
-0.00753608
-0.00960163
-0.011905
-0.0144348
-0.0171769
-0.0201165
-0.0232422
-0.026545
-0.030018
-0.0336558
-0.0374549
-0.041413
-0.0455302
-0.0498076
-0.0542474
-0.0588533
-0.0636303
-0.0685842
-0.0737219
-0.079051
-0.0845803
-0.0903194
-0.0962785
-0.102458
-0.108878
-0.115546
-0.122467
-0.129646
-0.137085
-0.144785
-0.152745
-0.160963
-0.169435
-0.178157
-0.18712
-0.196316
-0.205734
-0.215364
-0.225192
-0.235207
-0.245394
-0.255738
-0.266222
-0.276831
-0.287172
-0.297255
-0.307092
-0.316691
-0.326057
-0.335197
-0.344116
-0.352819
-0.361308
-0.369586
-0.377654
-0.385513
-0.393162
-0.400601
-0.407827
-0.414844
-0.421654
-0.428262
-0.434672
-0.440893
-0.44693
-0.452793
-0.45849
-0.464033
-0.469433
-0.474701
-0.479849
-0.484893
-0.489845
-0.494708
-0.499511
-0.50427
-0.508998
-0.513709
-0.518415
-0.523128
-0.527859
-0.532618
-0.537416
-0.542262
-0.547165
-0.552134
-0.557178
-0.562304
-0.567522
-0.572838
-0.57826
-0.583797
-0.589453
-0.59523
-0.600749
-0.606037
-0.61112
-0.616024
-0.620769
-0.625377
-0.629865
-0.634251
-0.63855
-0.642778
-0.646947
-0.65107
-0.65516
-0.65923
-0.663293
-0.66736
-0.671442
-0.675552
-0.679698
-0.683891
-0.68814
-0.692454
-0.696843
-0.701313
-0.705872
-0.710528
-0.715288
-0.720159
-0.725146
-0.730249
-0.735485
-0.740867
-0.746398
-0.752079
-0.757913
-0.763907
-0.770073
-0.776423
-0.782966
-0.789705
-0.796641
-0.803776
-0.81111
-0.818652
-0.826399
-0.834341
-0.842465
-0.850753
-0.859224
-0.867897
-0.876424
-0.884863
-0.893265
-0.901677
-0.910141
-0.918695
-0.927371
-0.936201
-0.945219
-0.954457
-0.963952
-0.973735
-0.98384
-0.994296
-1.00513
-1.01638
-1.02805
-1.04018
-1.05278
-1.06588
-1.07948
-1.09362
-1.1083
-1.12355
-1.13937
-1.15578
-1.1728
-1.19044
-1.20872
-1.22763
-1.24722
-1.26749
-1.28847
-1.31015
-1.33257
-1.35571
-1.37959
-1.40422
-1.4296
-1.45573
-1.48263
-1.51029
-1.53871
-1.56791
-1.59788
-1.62862
-1.66015
-1.69246
-1.72555
-1.75944
-1.79375
-1.8285
-1.86373
-1.89947
-1.93575
-1.97261
-2.01007
-2.04818
-2.08697
-2.12646
-2.16668
-2.20764
-2.24934
-2.29179
-2.33499
-2.37893
-2.42361
-2.46899
-2.51508
-2.56186
-2.60931
-2.65743
-2.7062
-2.75562
-2.80567
-2.85636
-2.90769
-2.95969
-3.01237
-3.06573
-3.11978
-3.17452
-3.22996
-3.28611
-3.34299
-3.40063
-3.45903
-3.51821
-3.57819
-3.63898
-3.70059
-3.76303
-3.82631
-3.89045
-3.95546
-4.02135
-4.08814
-4.15584
-4.22447
-4.29404
-4.3642
-4.43502
-4.50655
-4.57881
-4.65184
-4.72568
-4.80034
-4.87581
-4.9521
-5.02922
-5.10718
-5.18598
-5.26562
-5.34612
-5.42748
-5.50971
-5.59279
-5.67673
-5.76153
-5.84719
-5.93373
-6.02116
-6.10951
-6.19878
-6.289
-6.38018
-6.47235
-6.56551
-6.65968
-6.75487
-6.85117
-6.94858
-7.04713
-7.14681
-7.24765
-7.34965
-7.45282
-7.55718
-7.66273
-7.76948
-7.87744
-7.9866
-8.09697
-8.20857
-8.32138
-8.43545
-8.55078
-8.66737
-8.78522
-8.90436
-9.0244
-9.14537
-9.26729
-9.39018
-9.51407
-9.63897
-9.76491
