-1.54143e-06
-7.57536e-06
-2.07954e-05
-4.36495e-05
-7.85093e-05
-0.000127825
-0.000194088
-0.000279776
-0.000387309
-0.000519008
-0.000677066
-0.000863533
-0.00108033
-0.00132926
-0.00161208
-0.00193045
-0.002286
-0.00268034
-0.00311506
-0.00359175
-0.00411202
-0.00467752
-0.00528994
-0.00595101
-0.00666255
-0.00742641
-0.00824457
-0.00911906
-0.0100521
-0.0110457
-0.0121024
-0.0132245
-0.0144146
-0.0156752
-0.0170088
-0.0184182
-0.0199058
-0.0214744
-0.0231263
-0.0248643
-0.0266907
-0.0286079
-0.0306181
-0.0327236
-0.0349264
-0.0372284
-0.0396314
-0.042137
-0.0447468
-0.0474621
-0.0502821
-0.0532043
-0.056226
-0.0593449
-0.0625586
-0.0658649
-0.0692615
-0.0727462
-0.0763168
-0.0799713
-0.0837075
-0.0875233
-0.0914167
-0.0953855
-0.0994276
-0.103541
-0.107723
-0.111973
-0.116288
-0.120666
-0.125105
-0.129603
-0.13416
-0.138772
-0.14344
-0.14816
-0.152933
-0.157757
-0.16263
-0.167553
-0.172524
-0.177543
-0.18261
-0.187723
-0.192884
-0.198091
-0.203346
-0.208649
-0.213999
-0.219397
-0.224844
-0.230341
-0.235888
-0.241485
-0.247134
-0.252836
-0.258591
-0.264402
-0.270268
-0.276191
-0.282171
-0.288205
-0.294291
-0.300427
-0.306611
-0.312841
-0.319118
-0.325438
-0.331802
-0.338209
-0.344657
-0.351147
-0.357679
-0.364251
-0.370863
-0.377516
-0.38421
-0.390945
-0.397722
-0.40454
-0.4114
-0.418303
-0.425249
-0.43224
-0.439276
-0.446358
-0.453487
-0.460664
-0.467891
-0.475168
-0.482496
-0.489878
-0.497315
-0.504807
-0.512357
-0.519966
-0.527636
-0.535368
-0.543165
-0.551029
-0.55896
-0.566962
-0.575037
-0.583186
-0.591411
-0.599715
-0.608099
-0.616565
-0.625115
-0.63375
-0.642472
-0.651278
-0.660169
-0.669144
-0.678203
-0.687347
-0.696577
-0.705895
-0.715302
-0.724801
-0.734393
-0.744081
-0.753869
-0.76376
-0.773757
-0.783864
-0.794086
-0.804428
-0.814892
-0.825486
-0.836213
-0.847078
-0.858088
-0.869247
-0.880561
-0.892037
-0.90368
-0.915496
-0.927492
-0.939674
-0.952048
-0.964622
-0.977401
-0.990395
-1.00361
-1.01705
-1.03073
-1.04465
-1.05881
-1.07324
-1.08793
-1.1029
-1.11814
-1.13368
-1.1495
-1.16564
-1.18208
-1.19884
-1.21593
-1.23336
-1.25112
-1.26924
-1.2877
-1.30651
-1.32569
-1.34523
-1.36514
-1.38544
-1.40611
-1.42718
-1.44864
-1.47052
-1.4928
-1.51551
-1.53864
-1.56221
-1.58622
-1.61069
-1.63561
-1.66099
-1.68685
-1.71318
-1.74
-1.76731
-1.79511
-1.82342
-1.85224
-1.88158
-1.91144
-1.94183
-1.97276
-2.00423
-2.03625
-2.06883
-2.10198
-2.1357
-2.17
-2.20488
-2.24036
-2.27645
-2.31315
-2.35047
-2.38841
-2.427
-2.46623
-2.50611
-2.54666
-2.58788
-2.62978
-2.67237
-2.71566
-2.75966
-2.80437
-2.84979
-2.89595
-2.94283
-2.99046
-3.03884
-3.08798
-3.13789
-3.18857
-3.24004
-3.2923
-3.34536
-3.39922
-3.45391
-3.50942
-3.56577
-3.62296
-3.681
-3.73991
-3.79968
-3.86034
-3.92188
-3.98432
-4.04766
-4.11193
-4.17712
-4.24324
-4.31031
-4.37834
-4.44734
-4.51732
-4.58829
-4.66026
-4.73325
-4.80726
-4.88231
-4.95841
-5.03557
-5.11381
-5.19313
-5.27355
-5.35507
-5.43772
-5.52151
-5.60644
-5.69253
-5.77979
-5.86824
-5.95788
-6.04873
-6.1408
-6.23408
-6.3286
-6.42437
-6.52139
