0.0113521
0.0113372
0.0113245
0.0113217
0.00932923
0.00744903
0.00592507
0.00474494
0.00386559
0.00322931
0.00282091
0.00251682
0.00206042
0.00150118
0.000864497
0.000163311
-0.000595153
-0.00141918
-0.00233161
-0.00330447
-0.00432302
-0.00541375
-0.00655735
-0.00775324
-0.00900183
-0.0103038
-0.01166
-0.0130714
-0.0145393
-0.0160658
-0.0174271
-0.0187181
-0.0199462
-0.0211172
-0.0222225
-0.0232582
-0.0242235
-0.0251179
-0.0259413
-0.0266946
-0.0272661
-0.0277855
-0.0282262
-0.02859
-0.0288775
-0.0290893
-0.0292283
-0.0292908
-0.029277
-0.0291865
-0.029019
-0.0287879
-0.0284035
-0.0279189
-0.0273558
-0.0267216
-0.0260181
-0.0252448
-0.0244007
-0.023479
-0.0224847
-0.0214166
-0.0202739
-0.0190556
-0.0178373
-0.0167709
-0.0157687
-0.0148306
-0.0139564
-0.0131462
-0.0123999
-0.0117175
-0.0110992
-0.0105449
-0.0100548
-0.00962922
-0.00926826
-0.00897224
-0.0087415
-0.00857624
-0.0084627
-0.00839851
-0.00832925
-0.00828608
-0.00823288
-0.00821562
-0.00822137
-0.00825649
-0.0083247
-0.00842851
-0.00856986
-0.00875042
-0.00897177
-0.00923546
-0.00954302
-0.00989606
-0.0102964
-0.0107514
-0.0110945
-0.0113561
-0.0115362
-0.0116199
-0.0117033
-0.0116723
-0.0115551
-0.0113714
-0.0111346
-0.0108547
-0.0105396
-0.0101958
-0.00982848
-0.00944406
-0.00910174
-0.00878594
-0.00848584
-0.0081944
-0.00790723
-0.00762166
-0.00733614
-0.00704988
-0.00676253
-0.00647404
-0.00618467
-0.00589515
-0.00560587
-0.00531729
-0.00502996
-0.00474453
-0.00446897
-0.00432902
-0.00431576
-0.00442431
-0.00419888
-0.00367161
-0.00345982
-0.00355676
-0.00392037
-0.00452767
-0.00486757
-0.00495851
-0.0049937
-0.00505278
-0.00515838
-0.00572754
-0.00563057
-0.0052212
-0.00454324
-0.00359557
-0.00485877
-0.00640663
-0.00832417
-0.0104177
-0.0123766
-0.0141597
-0.0157665
-0.0172086
-0.0184284
-0.0196869
-0.0210771
-0.0226326
-0.0243389
-0.0260693
-0.0277953
-0.029522
-0.0312563
-0.0329282
-0.03451
-0.0360505
-0.0375751
-0.0390961
-0.0406191
-0.0421475
-0.0436838
-0.0452303
-0.0467902
-0.0483664
-0.0499625
-0.0515822
-0.0532294
-0.0549083
-0.0566237
-0.0584247
-0.0602362
-0.0620258
-0.0637902
-0.0655373
-0.067277
-0.0690186
-0.0707696
-0.0725365
-0.0743246
-0.0761393
-0.0779856
-0.0798689
-0.0817951
-0.0837705
-0.0858023
-0.0878984
-0.0900683
-0.0923234
-0.0946776
-0.0969184
-0.0991521
-0.101385
-0.103948
-0.106706
-0.109663
-0.11283
-0.115695
-0.11825
-0.120806
-0.122778
-0.124462
-0.12586
-0.12697
-0.128079
-0.128536
-0.12867
-0.129053
-0.129426
-0.129778
-0.130113
-0.130435
-0.130988
-0.131769
-0.132909
-0.134376
-0.136148
-0.13822
-0.140574
-0.142229
-0.143868
-0.145579
-0.147599
-0.149825
-0.15222
-0.154727
-0.157205
-0.159629
-0.162007
-0.164399
-0.166861
-0.169406
-0.172048
-0.174798
-0.177661
-0.180642
-0.183743
-0.186967
-0.190318
-0.193801
-0.197291
-0.200777
-0.204274
-0.207774
-0.211266
-0.214027
-0.215972
-0.217856
-0.219874
-0.221979
-0.224121
-0.226272
-0.228349
-0.230359
-0.23231
-0.23422
-0.235789
-0.237642
-0.23981
-0.242308
-0.245043
-0.247977
-0.250911
-0.25404
-0.257186
-0.26032
-0.263444
-0.266556
-0.269689
-0.27288
-0.276082
-0.279284
-0.282634
-0.285982
-0.289323
-0.292745
-0.296163
-0.29978
-0.303369
-0.306229
-0.309274
-0.312594
-0.316208
-0.319805
-0.324041
-0.328266
-0.33195
-0.335684
-0.339563
-0.343423
-0.347363
-0.351368
-0.355407
-0.359456
-0.3635
-0.36753
