0.00113603
0.00113627
0.00113687
0.00113854
0.000941142
0.00075473
0.000603706
0.000486861
0.000399909
0.000337093
0.000296901
0.000266974
0.000221621
0.000165752
0.000101873
3.12522e-05
-4.54109e-05
-0.000128966
-0.000221719
-0.000320891
-0.000425023
-0.000536779
-0.00065424
-0.000777358
-0.000906185
-0.0010408
-0.00118129
-0.00132776
-0.00148034
-0.00163926
-0.00178212
-0.00191841
-0.00204882
-0.00217396
-0.00229295
-0.00240537
-0.00251117
-0.00261027
-0.00270266
-0.00278843
-0.00285639
-0.0029195
-0.00297511
-0.00302339
-0.00306442
-0.00309822
-0.00312511
-0.00314472
-0.00315704
-0.00316206
-0.00315979
-0.0031517
-0.00312884
-0.00309646
-0.00305669
-0.00301025
-0.00295726
-0.00289766
-0.00283132
-0.00275752
-0.00267673
-0.00258883
-0.00249369
-0.0023912
-0.0022889
-0.00220199
-0.0021217
-0.00204801
-0.00198092
-0.00192042
-0.0018665
-0.00181917
-0.00177842
-0.00174428
-0.00171675
-0.00169584
-0.00168159
-0.00167401
-0.00167315
-0.00167901
-0.00169024
-0.00170657
-0.00172257
-0.00174135
-0.00175928
-0.00178095
-0.00180509
-0.00183231
-0.00186299
-0.00189739
-0.0019357
-0.00197809
-0.00202473
-0.00207577
-0.0021314
-0.00219179
-0.00225719
-0.00232836
-0.00238869
-0.00244125
-0.00248614
-0.00252202
-0.00255853
-0.00258425
-0.00260196
-0.0026136
-0.0026205
-0.00262365
-0.0026238
-0.00262161
-0.00261757
-0.0026123
-0.00261173
-0.00261429
-0.00261889
-0.00262481
-0.00263161
-0.00263901
-0.00264684
-0.00265501
-0.00266349
-0.00267225
-0.00268132
-0.00269075
-0.00270057
-0.00271083
-0.00272157
-0.00273285
-0.00274546
-0.00277197
-0.00281151
-0.00286359
-0.0028826
-0.00287173
-0.0028927
-0.0029449
-0.00302416
-0.00312823
-0.00320601
-0.00325933
-0.0033075
-0.00335853
-0.00341472
-0.00351786
-0.00355501
-0.00356153
-0.00354184
-0.00349585
-0.00367185
-0.00387746
-0.00412131
-0.00438424
-0.00463522
-0.00487009
-0.00508874
-0.00529231
-0.00547501
-0.00566293
-0.00586536
-0.00608573
-0.00632258
-0.00656329
-0.00680501
-0.00704828
-0.00729379
-0.00753457
-0.00776785
-0.00799855
-0.00822922
-0.00846111
-0.00869484
-0.00893075
-0.00916915
-0.00941031
-0.00965456
-0.00990227
-0.0101538
-0.0104096
-0.0106701
-0.0109358
-0.0112071
-0.0114891
-0.011774
-0.0120586
-0.0123425
-0.0126264
-0.0129113
-0.0131981
-0.0134873
-0.0137797
-0.0140758
-0.014376
-0.0146809
-0.0149909
-0.0153067
-0.0156288
-0.0159579
-0.0162948
-0.0166406
-0.0169962
-0.0173632
-0.0177204
-0.0180782
-0.0184374
-0.0188307
-0.0192449
-0.01968
-0.0201374
-0.0205655
-0.0209637
-0.0213627
-0.0217044
-0.0220179
-0.0223037
-0.0225613
-0.0228194
-0.0230131
-0.023175
-0.0233625
-0.0235495
-0.0237352
-0.0239198
-0.0241038
-0.0243116
-0.0245429
-0.0248111
-0.0251127
-0.0254458
-0.0258097
-0.0262028
-0.0265269
-0.0268502
-0.0271815
-0.0275444
-0.0279289
-0.028331
-0.0287452
-0.0291572
-0.0295646
-0.029968
-0.0303734
-0.0307864
-0.031208
-0.0316398
-0.0320826
-0.0325369
-0.033003
-0.0334809
-0.0339709
-0.034473
-0.0349877
-0.0355027
-0.036017
-0.0365319
-0.0370466
-0.0375603
-0.0380006
-0.0383587
-0.0387105
-0.0390754
-0.0394488
-0.0398259
-0.0402039
-0.0405748
-0.0409392
-0.0412982
-0.0416536
-0.0419754
-0.0423264
-0.0427098
-0.0431271
-0.0435694
-0.0440326
-0.0444972
-0.0449827
-0.0454712
-0.0459599
-0.046449
-0.0469385
-0.0474313
-0.0479314
-0.0484339
-0.0489376
-0.0494575
-0.0499783
-0.0504996
-0.05103
-0.0515609
-0.0521124
-0.0526619
-0.053139
-0.0536347
-0.0541581
-0.0547106
-0.0552611
-0.0558749
-0.0564866
-0.057043
-0.0576026
-0.0581746
-0.0587425
-0.0593162
-0.0598945
-0.0604748
-0.0610545
-0.0616326
-0.0622082
