0
-0.00417322
-0.0051596
-0.00225603
-0.199342
-0.187834
-0.152398
-0.118048
-0.0879591
-0.0636342
-0.0408326
-0.0303935
-0.0456276
-0.0559116
-0.0636537
-0.0701013
-0.0758205
-0.0823585
-0.0911964
-0.0972379
-0.101772
-0.109047
-0.114329
-0.119549
-0.124811
-0.13014
-0.135553
-0.141064
-0.146697
-0.152549
-0.136105
-0.129091
-0.122799
-0.117097
-0.110522
-0.103547
-0.0965011
-0.0894039
-0.0822917
-0.0752776
-0.057166
-0.051954
-0.0440794
-0.0363715
-0.028746
-0.0211571
-0.0138804
-0.00622958
0.00141405
0.00908206
0.0167773
0.0231658
0.0385008
0.0485272
0.0563853
0.0634984
0.0704467
0.0774372
0.0845211
0.0922719
0.0995405
0.106912
0.114378
0.121936
0.122194
0.106655
0.100225
0.0938095
0.087403
0.0810008
0.0745991
0.0681939
0.0617815
0.0553578
0.0489188
0.0424603
0.0359775
0.0294657
0.0229197
0.0163517
0.0111583
0.0061995
0.00673497
0.00413461
0.0048973
0.00142806
-0.000797483
-0.00369146
-0.00697722
-0.0105227
-0.0142662
-0.0181804
-0.0222542
-0.0264834
-0.0308674
-0.0354116
-0.040141
-0.0455975
-0.0346194
-0.0264438
-0.0182719
-0.00869299
-0.00781934
0.00290084
0.0115517
0.0182319
0.0235551
0.0278671
0.031384
0.0342477
0.0365858
0.0382852
0.0340749
0.0314207
0.0298495
0.0289787
0.028547
0.0283805
0.0283663
0.028432
0.0285312
0.0286343
0.0287109
0.0287144
0.0286794
0.0285982
0.0284621
0.0282617
0.027263
0.0136513
0.0009475
-0.0112561
0.0220898
0.0523689
0.0200928
-0.0106693
-0.0369568
-0.0610888
-0.0342363
-0.00927794
-0.00368841
-0.00608846
-0.0107602
-0.0565883
0.00933769
0.0407005
0.0676355
0.0946344
-0.126499
-0.154991
-0.191971
-0.209551
-0.196228
-0.178712
-0.161132
-0.144709
-0.122651
-0.126547
-0.139552
-0.155844
-0.17076
-0.173141
-0.172678
-0.172739
-0.173463
-0.167217
-0.158196
-0.154056
-0.152447
-0.15206
-0.152254
-0.15277
-0.153536
-0.154559
-0.155867
-0.157495
-0.159469
-0.161815
-0.164557
-0.167721
-0.171351
-0.179929
-0.180969
-0.178768
-0.176265
-0.174535
-0.173807
-0.173995
-0.174942
-0.176519
-0.178647
-0.181292
-0.184454
-0.188153
-0.192431
-0.197344
-0.202966
-0.209397
-0.216771
-0.225273
-0.235171
-0.223908
-0.223183
-0.223215
-0.255825
-0.275236
-0.295186
-0.316893
-0.286836
-0.255651
-0.255166
-0.196932
-0.167828
-0.138916
-0.109624
-0.109871
-0.044754
-0.0144005
-0.0413512
-0.0380258
-0.0335205
-0.0295686
-0.0263975
-0.0496558
-0.0732585
-0.110174
-0.143178
-0.174021
-0.20356
-0.230348
-0.160406
-0.158932
-0.166031
-0.19657
-0.216957
-0.23374
-0.245077
-0.242502
-0.237624
-0.233323
-0.234948
-0.242087
-0.250399
-0.260261
-0.271104
-0.28254
-0.294351
-0.306449
-0.318837
-0.331577
-0.34476
-0.347953
-0.347545
-0.34981
-0.350337
-0.352908
-0.276542
-0.193476
-0.186102
-0.198432
-0.206382
-0.2099
-0.210684
-0.203803
-0.197567
-0.192138
-0.188489
-0.153972
-0.182441
-0.214061
-0.247099
-0.270986
-0.290953
-0.291751
-0.311328
-0.313448
-0.312639
-0.311991
-0.311236
-0.313572
-0.319636
-0.32084
-0.320813
-0.335943
-0.335759
-0.335211
-0.34396
-0.344169
-0.364019
-0.358089
-0.282082
-0.298263
-0.324151
-0.352141
-0.348207
-0.412324
-0.410005
-0.354844
-0.358504
-0.371997
-0.367759
-0.385372
-0.399197
-0.405792
-0.405556
-0.40449
-0.401985
