0.00016743
0.000354945
0.000560811
0.000783479
0.000994921
0.00119719
0.00139548
0.00159441
0.00179771
0.00200806
0.00222769
0.00245704
0.00269308
0.00293365
0.0031771
0.00342208
0.00366745
0.00391207
0.00415459
0.00439416
0.00463022
0.00486193
0.0050888
0.00531043
0.00552647
0.00573664
0.0059407
0.00613847
0.00632979
0.00651418
0.00669458
0.00687286
0.00705031
0.00722799
0.007407
0.00758838
0.00777307
0.00796191
0.00815564
0.00835491
0.00856175
0.00877625
0.00899882
0.00922975
0.00946925
0.00971745
0.00997438
0.01024
0.0105144
0.0107973
0.0110755
0.0113364
0.0115829
0.0118168
0.0120398
0.0122531
0.0124581
0.0126561
0.0128481
0.0130355
0.0132193
0.0134005
0.0135803
0.0137595
0.013938
0.0141138
0.0142861
0.0144543
0.0146178
0.0147761
0.0149288
0.0150755
0.015216
0.0153501
0.0154775
0.0155982
0.0157121
0.0158193
0.0159196
0.0160129
0.0160995
0.01618
0.0162557
0.0163271
0.0163952
0.0164602
0.0165227
0.016583
0.0166413
0.0166977
0.0167524
0.0168054
0.0168567
0.0169062
0.0169539
0.0169997
0.0170434
0.0170847
0.0171255
0.0171672
0.0171977
0.0172062
0.0171945
0.017166
0.0171232
0.0170687
0.0170042
0.0169316
0.0168525
0.0167683
0.0166801
0.0165891
0.0164955
0.0163997
0.0163025
0.0162043
0.016106
0.0160082
0.0159116
0.0158168
0.0157245
0.0156352
0.0155496
0.0154681
0.0153913
0.0153195
0.0152532
0.0151929
0.0151387
0.0150889
0.0150423
0.0149984
0.0149623
0.0149383
0.014922
0.0149096
0.0148978
0.0148843
0.0148732
0.0148684
0.0148708
0.01488
0.0148954
0.0149108
0.0149355
0.0149733
0.0150271
0.0150993
0.0151593
0.0152044
0.0152176
0.0151861
0.0151153
0.0150107
0.0148778
0.0147215
0.014547
0.014356
0.0141488
0.013925
0.013685
0.0134305
0.0131637
0.0128865
0.0126007
0.0123089
0.012014
0.0117178
0.0114218
0.0111274
0.0108355
0.0105472
0.0102633
0.00998461
0.00971173
0.00944527
0.00918575
0.00893356
0.00868903
0.00845203
0.00822275
0.00800111
0.00778766
0.00758328
0.00738881
0.00720487
0.00703188
0.00687002
0.00671935
0.00657975
0.00645102
0.00633283
0.00622476
0.00612632
0.00603688
0.00595577
0.0058822
0.00581529
0.00575404
0.00569733
0.00563075
0.00554379
0.00543851
0.0053168
0.0051761
0.00501588
0.00483574
0.00463518
0.00442066
0.00419828
0.00396963
0.00374394
0.00352584
0.00331957
0.00312905
0.00295408
0.00280306
0.00267935
0.0025784
0.00249938
0.00244163
0.00240445
0.00238707
0.00238557
0.00239627
0.00241404
0.00243461
0.00245428
0.00246978
0.00247798
0.00248943
0.00250523
0.00252483
0.00254456
0.00256238
0.00257686
0.00258747
0.00259557
0.00260272
0.00261026
0.00261861
0.00262741
0.00263613
0.00264407
0.00265044
0.00265442
0.0026552
0.002652
0.00264405
0.00263061
0.00259777
0.00253435
0.00244333
0.0023274
0.00218921
0.00203145
0.00186621
0.00170588
0.00155182
0.00140272
0.00125795
0.00111759
0.000982077
0.000852895
0.000731305
0.000618345
0.000514711
0.000425021
0.000345186
0.000270994
0.000198355
0.000124722
4.8279e-05
-3.00062e-05
-0.000111794
-0.000196232
-0.000282109
-0.000368302
-0.000453736
-0.00053819
-0.000621557
-0.000702677
-0.000780723
-0.000856924
-0.000930417
-0.00100038
-0.00106722
-0.00113021
-0.00119139
-0.00124963
-0.00129461
-0.00132895
-0.0013563
-0.0013803
-0.00140021
-0.00142402
-0.00145049
-0.0014714
-0.00148699
-0.00149877
-0.00151911
-0.00156078
-0.00162224
-0.00170164
-0.00179688
-0.00190581
-0.0020263
