-0.000152593
-0.000292057
-0.000419033
-0.000534094
-0.000653467
-0.000776273
-0.000899751
-0.00102135
-0.00113894
-0.00125095
-0.001356
-0.00145372
-0.0015458
-0.00163345
-0.00171768
-0.00179932
-0.00187914
-0.00195794
-0.00203667
-0.00211601
-0.00219651
-0.00227889
-0.0023637
-0.00245147
-0.00254267
-0.00263779
-0.00273728
-0.0028416
-0.00295116
-0.00306092
-0.00318091
-0.00330467
-0.00343134
-0.00356017
-0.00369037
-0.00382113
-0.00395168
-0.00408129
-0.00420925
-0.00433489
-0.0044567
-0.00457424
-0.00468691
-0.00479413
-0.00489537
-0.00499012
-0.00507793
-0.00515836
-0.00523096
-0.00529533
-0.00516075
-0.00503212
-0.00490824
-0.00478837
-0.00467196
-0.00455853
-0.00444762
-0.00433877
-0.00423155
-0.00412545
-0.00402003
-0.00391487
-0.00380953
-0.00370359
-0.00359724
-0.00349185
-0.00338805
-0.00328642
-0.00318753
-0.00309192
-0.00300011
-0.00291259
-0.00282981
-0.00275222
-0.00268024
-0.00261426
-0.00255466
-0.0025018
-0.00245602
-0.00241216
-0.00238182
-0.00235923
-0.00234376
-0.00233505
-0.00233245
-0.0023357
-0.00234445
-0.00235841
-0.00237733
-0.00240098
-0.00242916
-0.0024617
-0.00249842
-0.00253919
-0.00258386
-0.00263235
-0.00268454
-0.00274043
-0.00279867
-0.00285824
-0.00272782
-0.00261148
-0.00250872
-0.00241815
-0.00233862
-0.00226919
-0.00220904
-0.00215746
-0.00211382
-0.00207755
-0.00204815
-0.00202518
-0.00200869
-0.00199858
-0.00199468
-0.00199678
-0.00200462
-0.00201796
-0.00203651
-0.00206003
-0.00208827
-0.00212099
-0.00215796
-0.00219897
-0.00224382
-0.00229234
-0.00234436
-0.00239973
-0.00245837
-0.00251571
-0.00258395
-0.00265792
-0.0027344
-0.00281055
-0.00288851
-0.00297028
-0.00305743
-0.00315133
-0.00324927
-0.00334879
-0.00344907
-0.00354993
-0.00365139
-0.00375676
-0.00386036
-0.00395951
-0.00405201
-0.00413575
-0.00422815
-0.00433085
-0.00425577
-0.00420866
-0.00418745
-0.00418976
-0.00421329
-0.0042559
-0.00431505
-0.00439036
-0.00448215
-0.00459099
-0.00471729
-0.00486048
-0.00501972
-0.00519428
-0.00538349
-0.00558616
-0.00580091
-0.00602681
-0.00626317
-0.00650941
-0.00676504
-0.00702961
-0.00730272
-0.00758399
-0.00787311
-0.00816981
-0.00847385
-0.00878505
-0.00910327
-0.00942295
-0.00975545
-0.0100952
-0.0104416
-0.0107937
-0.0111508
-0.0115122
-0.0118772
-0.0122453
-0.012616
-0.012989
-0.0133641
-0.0137409
-0.0141193
-0.0144991
-0.0148803
-0.0152629
-0.0156469
-0.0160325
-0.0164197
-0.016809
-0.0170103
-0.0172274
-0.0174598
-0.0177067
-0.0179702
-0.0182512
-0.0185502
-0.0188684
-0.0192023
-0.0195488
-0.0199073
-0.0202727
-0.0206422
-0.0210132
-0.0213835
-0.0217527
-0.0221159
-0.0224706
-0.0228191
-0.0231614
-0.0234976
-0.0238278
-0.0241523
-0.0244729
-0.0247918
-0.0251118
-0.0254355
-0.0257652
-0.0261032
-0.0264458
-0.0267986
-0.0271554
-0.0275164
-0.0278835
-0.0282577
-0.0286398
-0.02903
-0.0294274
-0.0298311
-0.0302401
-0.0306538
-0.0310725
-0.0314961
-0.0319248
-0.032359
-0.0327989
-0.0332448
-0.0336971
-0.034156
-0.0346218
-0.0349044
-0.0352084
-0.0355327
-0.0358765
-0.0362389
-0.0366188
-0.0370097
-0.0374045
-0.0378026
-0.0382045
-0.0386106
-0.039021
-0.0394355
-0.039853
-0.040273
-0.0406948
-0.0411178
-0.0415393
-0.0419616
-0.042387
-0.042818
-0.0432563
-0.0437031
-0.0441581
-0.0446224
-0.045096
-0.0455782
-0.0460688
-0.0465672
-0.0470678
-0.0475823
-0.0481044
-0.0486335
-0.0491701
-0.0497135
-0.0502631
-0.0508188
-0.05138
-0.0519476
-0.0525208
-0.0530932
-0.053666
-0.0542407
-0.0548193
-0.0554009
-0.05599
-0.0565857
-0.057183
-0.0577816
-0.0583821
-0.0587933
-0.0592204
-0.059663
-0.0601205
-0.0605922
-0.0610774
-0.061575
