-0.00652898
-0.0065262
-0.00652517
-0.00652711
-0.00617746
-0.00618125
-0.0060991
-0.00587203
-0.00556839
-0.00513131
-0.00458351
-0.00393568
-0.00326921
-0.00258706
-0.00189041
-0.00117947
-0.000460955
0.000141336
0.000458044
0.000621102
0.00125415
0.00143224
0.00140542
0.00126114
0.00099505
0.000605551
9.22276e-05
-0.000544878
-0.00130552
-0.00218891
-0.00322725
-0.00435312
-0.00557885
-0.00690962
-0.00834536
-0.00988669
-0.0115347
-0.0132904
-0.0151555
-0.0171335
-0.0189623
-0.0206781
-0.0222836
-0.0237784
-0.0251617
-0.026433
-0.0275916
-0.0286369
-0.0295807
-0.0304216
-0.0311581
-0.0318139
-0.032327
-0.0327162
-0.0329912
-0.0331567
-0.0332148
-0.0331662
-0.0330096
-0.0328125
-0.0325767
-0.0323022
-0.0319892
-0.0316376
-0.0312861
-0.0308525
-0.0303792
-0.029866
-0.0293129
-0.0287198
-0.0280864
-0.0274127
-0.0266985
-0.0259436
-0.0251479
-0.0243112
-0.0234333
-0.0225137
-0.0215515
-0.0205356
-0.0194742
-0.0183684
-0.0171979
-0.0159737
-0.0148436
-0.0137508
-0.0126922
-0.0116708
-0.0106886
-0.00974662
-0.00884602
-0.00798764
-0.00717238
-0.00640107
-0.00567466
-0.00499412
-0.00436049
-0.00377399
-0.00304736
-0.00221615
-0.00128165
-0.000361865
0.000558281
0.00148228
0.0023385
0.00312817
0.00385291
0.00451421
0.00511318
0.00565063
0.0061272
0.00654341
0.00690097
0.00719914
0.00743803
0.00761788
0.00773906
0.00780202
0.00780725
0.00775528
0.00764668
0.00748199
0.00726155
0.00698513
0.0066531
0.0062658
0.00582347
0.00532626
0.00477442
0.00417158
0.0035164
0.00280251
0.00201046
0.00116949
0.000427587
-0.000273581
-0.000958019
-0.00162424
-0.00228422
-0.00293239
-0.0035584
-0.00415701
-0.00472545
-0.00524197
-0.00602033
-0.0068963
-0.00780676
-0.00876099
-0.00978543
-0.010883
-0.0120127
-0.0131025
-0.0140136
-0.0147513
-0.0153712
-0.0159189
-0.0164089
-0.0168432
-0.0172154
-0.0175266
-0.0177846
-0.0179945
-0.018161
-0.0182863
-0.0183716
-0.0184184
-0.018424
-0.018384
-0.0182972
-0.0181637
-0.0179838
-0.0177579
-0.017486
-0.0171678
-0.0168028
-0.0163903
-0.0159297
-0.0154198
-0.0148597
-0.0142482
-0.0135838
-0.0128608
-0.0120725
-0.0112321
-0.0103457
-0.00941596
-0.00844431
-0.00743151
-0.00637809
-0.00528448
-0.00415107
-0.0029782
-0.00176618
-0.000515252
0.000774337
0.0021024
0.00346876
0.00487328
0.00631588
0.00779651
0.00931522
0.0109617
0.0124501
0.0139387
0.0153554
0.0168209
0.0183529
0.0199603
0.0216172
0.0234083
0.0252005
0.0272545
0.0294178
0.0316746
0.0340109
0.0363407
0.0388791
0.0410603
0.0434066
0.0457617
0.0481124
0.0504616
0.0528085
0.0562719
0.0601227
0.0642225
0.0684568
0.0729311
0.0776366
0.0826389
0.0877069
0.092889
0.0981279
0.103377
0.108537
0.113591
0.118543
0.123434
0.128305
0.133178
0.138051
0.142904
0.147725
0.152503
0.157229
0.161893
0.166492
0.171024
0.175489
0.17989
0.184229
0.188553
0.192876
0.197204
0.201536
0.205866
0.211036
0.21662
0.222326
0.228021
0.233709
0.239488
0.245264
0.25091
0.25644
0.261862
0.267171
0.272877
0.278571
0.284269
0.289985
0.295598
0.301047
0.306496
0.311803
0.317082
0.322339
0.327568
0.33277
0.337997
0.343311
0.348641
0.35397
0.359456
0.364926
0.370385
0.37591
0.381432
0.386983
0.392538
0.397557
0.402349
0.407097
0.411798
0.416504
0.421121
0.425755
0.429945
0.433747
0.437386
0.441033
0.444661
0.448308
0.452014
0.455771
0.459466
0.463124
