0.099997
0.0923821
0.0836731
0.0785646
0.0785618
0.0771312
0.0766402
0.0770363
0.0778388
0.0788174
0.0798527
0.0808928
0.0819097
0.0828897
0.0838276
0.0847221
0.085579
0.085571
0.0855753
0.0855876
0.0864832
0.086493
0.0865083
0.0865259
0.086546
0.0865686
0.0865939
0.086622
0.0866529
0.0866874
0.0866472
0.0866047
0.0865604
0.0865146
0.0864668
0.086417
0.0863654
0.0863118
0.0862564
0.0861994
0.0861512
0.0861016
0.0860537
0.086008
0.0859647
0.0859243
0.0858866
0.0858519
0.0858206
0.085793
-0.101699
-0.101718
-0.101728
-0.101733
-0.101735
-0.101734
-0.101732
-0.101728
-0.101722
-0.101716
-0.101709
-0.101702
-0.101695
-0.101688
-0.10172
-0.101728
-0.101738
-0.101748
-0.101759
-0.101771
-0.101782
-0.101794
-0.101806
-0.101818
-0.10183
-0.101841
-0.101852
-0.101863
-0.101874
-0.101881
-0.101888
-0.101894
-0.101904
-0.101914
-0.101908
-0.101906
-0.101904
-0.101902
-0.101899
-0.101896
-0.101892
-0.101887
-0.10188
-0.101872
-0.101862
-0.101851
-0.101837
-0.101819
-0.101823
-0.101826
0.0817155
0.0814022
0.0811566
0.0811579
0.0811593
0.0811608
0.0811623
0.081164
0.0811656
0.0811674
0.0811691
0.0811709
0.0811728
0.0811748
0.0811769
0.081179
0.0811813
0.0811836
0.0811861
0.0811886
0.0811912
0.081194
0.0811968
0.0811998
0.0812029
0.0812061
0.0812094
0.0812129
0.0812165
0.0812203
0.0812243
0.0812285
0.0812329
0.0812522
0.0813184
0.0814045
0.0815023
0.081605
0.0816768
0.0817229
0.0817598
0.0817933
0.0818241
0.081976
0.0820429
0.0821159
0.0821963
0.0822843
0.0823796
0.082513
-0.0925248
-0.0926231
-0.0926917
-0.0927441
-0.0927851
-0.0928145
-0.0928355
-0.092869
-0.0929161
-0.0929778
-0.0930526
-0.0931302
-0.0932076
-0.0932847
-0.0933614
-0.0934356
-0.0935067
-0.0935768
-0.0936464
-0.0937156
-0.0937842
-0.0938518
-0.0939181
-0.0939826
-0.0940449
-0.0941047
-0.0941615
-0.0942149
-0.0942643
-0.0943094
-0.0943494
-0.0943875
-0.0944192
-0.0944438
-0.0944619
-0.0944741
-0.094481
-0.0944831
-0.0944808
-0.0944744
-0.0944642
-0.0944505
-0.0944337
-0.094414
-0.0943918
-0.0943677
-0.0943419
-0.094315
-0.0942876
-0.0942603
0.0707508
0.071143
0.0712369
0.0715238
0.0716519
0.0720675
0.0728745
0.0739824
0.0753078
0.0765472
0.0776147
0.0790563
0.0806467
0.0823729
0.0842184
0.0849188
0.0856989
0.088111
0.0892162
0.0860498
0.0788035
0.0703206
0.0611869
0.0594549
0.0575265
0.0557772
0.0535515
0.0515621
0.049739
0.0483316
0.0473265
0.0466002
0.0459233
0.0452887
0.0447006
0.0441557
0.0436503
0.043179
0.0427392
0.042329
0.0419487
0.0415963
0.0412684
0.040963
0.0406779
0.0404103
0.0401573
0.0399165
0.0396855
0.0394621
-0.120535
-0.119397
-0.118314
-0.119668
-0.122384
-0.118388
-0.114267
-0.110945
-0.10887
-0.108324
-0.108675
-0.109279
-0.11005
-0.111086
-0.112261
-0.113508
-0.114816
-0.114823
-0.114905
-0.115007
-0.115059
-0.115261
-0.115676
-0.116258
-0.116429
-0.116291
-0.115913
-0.115367
-0.114685
-0.113722
-0.112297
-0.110643
-0.108672
-0.106242
-0.10372
-0.101095
-0.101054
-0.100146
-0.0966535
-0.0902461
-0.0821834
-0.0731565
-0.063082
-0.052278
-0.0411847
-0.029093
-0.0172851
-0.00612945
0.00378861
0.0132205
0.102729
0.101443
0.0972299
0.0911954
0.0862972
0.083764
0.0838385
