-0.00065326
-0.000653257
-0.000652355
-0.000650176
-0.000610789
-0.000604294
-0.000586412
-0.000550907
-0.000504324
-0.000440718
-0.000362141
-0.000269481
-0.000170731
-6.60792e-05
4.44321e-05
0.000160832
0.000282474
0.000396964
0.000487314
0.00056664
0.00069726
0.000786586
0.000859473
0.000924515
0.000981116
0.00102894
0.00106776
0.00109735
0.00111754
0.00112814
0.00112567
0.00111661
0.00109945
0.00107339
0.00103814
0.000993316
0.00093849
0.000873218
0.000797002
0.000709116
0.00063545
0.000572051
0.000518296
0.000473915
0.000438631
0.000412168
0.000394233
0.000384547
0.000381557
0.000384999
0.000394555
0.000407284
0.000429014
0.000457567
0.000491714
0.000530747
0.000574251
0.000621996
0.000673941
0.000723215
0.00076954
0.000812819
0.000852981
0.000889979
0.00091994
0.000951073
0.000979166
0.00100427
0.00102644
0.00104576
0.00106235
0.00107632
0.00108782
0.00109699
0.00110402
0.0011091
0.00111244
0.00111431
0.00111504
0.00111592
0.00111632
0.00111649
0.00111889
0.00112289
0.00111415
0.00109881
0.00107765
0.00105086
0.00101876
0.000981743
0.000940248
0.000894736
0.000845672
0.000793534
0.000738811
0.000682008
0.000623638
0.000564323
0.000523465
0.000498217
0.000489034
0.000484179
0.000485239
0.000492675
0.00049941
0.000505629
0.000511543
0.000517332
0.000523125
0.000529008
0.000535037
0.000541245
0.000547772
0.000554508
0.000561415
0.000568463
0.00057563
0.000582894
0.000590237
0.000597643
0.000605098
0.00061259
0.000620093
0.000627527
0.000634884
0.000642157
0.000649342
0.000656435
0.00066346
0.000670788
0.000678218
0.000684637
0.00068752
0.000689218
0.000703979
0.000725431
0.000750637
0.000779216
0.000809447
0.00084137
0.000875513
0.0009119
0.000950318
0.000992457
0.00100644
0.0010082
0.00100356
0.000991114
0.000967748
0.000932694
0.000889547
0.00084511
0.000813255
0.000793585
0.000780642
0.000769949
0.000760155
0.000751116
0.000743547
0.000737383
0.000731904
0.000726648
0.00072117
0.000715275
0.000708873
0.000701833
0.000694418
0.000687075
0.000679923
0.00067294
0.000666071
0.000659261
0.000652479
0.000645708
0.000638953
0.000632228
0.000625553
0.000618959
0.000612479
0.00060615
0.000600147
0.000595564
0.000593708
0.000593855
0.000595966
0.000600308
0.000607267
0.000617271
0.00063075
0.00064813
0.000669823
0.000696233
0.000727753
0.000764765
0.000807643
0.000856753
0.000912453
0.000975095
0.00104503
0.0011226
0.00120809
0.0013105
0.00140129
0.00149632
0.0015884
0.00168962
0.0018018
0.00192582
0.00205911
0.00221014
0.00236558
0.0025515
0.00275263
0.00296736
0.00319428
0.00342474
0.00368019
0.00390401
0.00414838
0.00439763
0.00465041
0.00490697
0.00516721
0.00554307
0.00596175
0.00640942
0.00687469
0.00736816
0.00788901
0.00844388
0.00900963
0.00959069
0.0101808
0.0107749
0.0113624
0.0119413
0.0125113
0.0130763
0.0136396
0.0142033
0.0147667
0.0153273
0.0158836
0.0164341
0.0169774
0.0175123
0.0180381
0.0185542
0.0190604
0.0195565
0.0200423
0.0205221
0.0209971
0.0214683
0.0219352
0.0223977
0.0229397
0.023519
0.0241065
0.0246886
0.0252662
0.0258486
0.0264268
0.0269879
0.0275333
0.0280639
0.0285791
0.0291298
0.0296752
0.0302168
0.0307561
0.0312809
0.031785
0.0322847
0.0327658
0.0332396
0.0337067
0.0341664
0.0346186
0.0350685
0.0355224
0.0359738
0.0364217
0.0368827
0.0373401
0.0377949
0.0382555
0.0387155
0.0391785
0.0396424
0.0400537
0.0404437
0.0408307
0.0412152
0.0416023
0.041983
0.0423684
0.0427122
0.0430204
0.0433156
0.0436151
0.0439162
0.0442229
0.0445396
0.0448655
0.0451897
0.0455147
