-5.73455e-06
-1.72476e-05
-3.45364e-05
-5.75499e-05
-8.67798e-05
-0.00012228
-0.000163927
-0.000211456
-0.000264541
-0.000322924
-0.000386247
-0.000454195
-0.000526388
-0.000602434
-0.000681897
-0.00076431
-0.000849174
-0.000935956
-0.00102409
-0.00111298
-0.00120199
-0.00129046
-0.0013777
-0.00146299
-0.00154557
-0.00162467
-0.00169948
-0.00176918
-0.00183281
-0.00188948
-0.00193825
-0.00197823
-0.00200856
-0.00202836
-0.00203683
-0.00203319
-0.00201668
-0.00198661
-0.00194235
-0.0018833
-0.00180895
-0.00171882
-0.00161252
-0.00148974
-0.00135021
-0.00119377
-0.0010203
-0.000829799
-0.000622312
-0.000397978
-0.00015701
0.000216846
0.000828836
0.00177203
0.00312605
0.00495614
0.00731243
0.0102293
0.0137252
0.0178026
0.022448
0.0276325
0.0333127
0.0394311
0.0459178
0.0526912
0.0596599
0.0667244
0.0737783
0.0807107
0.0874083
0.0937561
0.0996409
0.104953
0.109586
0.113443
0.116434
0.118478
0.119506
0.119463
0.118305
0.116001
0.112537
0.107912
0.102141
0.0952555
0.087301
0.0783377
0.0684393
0.057691
0.0461894
0.0340404
0.0213579
0.00826208
-0.00512247
-0.0186688
-0.0322494
-0.0457383
-0.0590127
-0.0719554
-0.0844499
-0.0963962
-0.107706
-0.1183
-0.128114
-0.137094
-0.145202
-0.152416
-0.158728
-0.164147
-0.168696
-0.172416
-0.175358
-0.177588
-0.179185
-0.180238
-0.180845
-0.181113
-0.181156
-0.18109
-0.181036
-0.181115
-0.181447
-0.182146
-0.183325
-0.185089
-0.187532
-0.190742
-0.194792
-0.199744
-0.205643
-0.212521
-0.220397
-0.229273
-0.239135
-0.249957
-0.261697
-0.274298
-0.28769
-0.301793
-0.316514
-0.331752
-0.347398
-0.363337
-0.379451
-0.395618
-0.411715
-0.427622
-0.443221
-0.458399
-0.473051
-0.48708
-0.500398
-0.512929
-0.524612
-0.535395
-0.545244
-0.554138
-0.562073
-0.569059
-0.575122
-0.580302
-0.584653
-0.588244
-0.591154
-0.593474
-0.595305
-0.596757
-0.597943
-0.598984
-0.6
-0.601114
-0.602448
-0.60412
-0.606243
-0.608922
-0.612252
-0.616321
-0.621204
-0.626965
-0.633654
-0.641305
-0.64994
-0.659563
-0.670165
-0.68172
-0.694189
-0.70752
-0.721647
-0.736493
-0.751966
-0.767966
-0.784385
-0.801107
-0.818011
-0.834973
-0.85187
-0.868579
-0.884979
-0.900956
-0.916395
-0.931195
-0.945264
-0.958524
-0.970908
-0.982363
-0.992852
-1.00235
-1.01085
-1.01837
-1.02493
-1.03056
-1.03533
-1.0393
-1.04256
-1.04519
-1.04732
-1.04903
-1.05047
-1.05174
-1.05298
-1.05432
-1.05588
-1.05778
-1.06015
-1.06309
-1.0667
-1.07109
-1.07631
-1.08246
-1.08956
-1.09765
-1.10677
-1.1169
-1.12804
-1.14016
-1.15322
-1.16715
-1.18189
-1.19735
-1.21343
-1.23003
-1.24704
-1.26432
-1.28176
-1.29922
-1.31658
-1.33371
-1.35048
-1.36678
-1.38251
-1.39756
-1.41185
-1.42528
-1.43781
-1.44937
-1.45994
-1.46948
-1.47801
-1.48553
-1.49206
-1.49767
-1.50239
-1.50631
-1.50951
-1.51208
-1.51414
-1.51579
-1.51717
-1.5184
-1.5196
-1.52091
-1.52245
-1.52436
-1.52675
-1.52973
-1.53341
-1.53787
-1.54321
-1.54948
-1.55674
-1.56501
-1.57432
-1.58468
-1.59608
-1.60849
-1.62187
-1.63615
-1.65127
-1.66713
-1.68364
-1.7007
-1.71818
-1.73597
-1.75393
-1.77194
-1.78987
-1.80758
-1.82495
-1.84185
-1.85817
-1.8738
-1.88864
-1.90261
-1.91565
-1.92771
-1.93873
-1.94872
-1.95765
-1.96554
-1.97242
-1.97833
-1.98333
-1.9875
-1.99093
-1.9937
-1.99594
-1.99775
-1.99926
-2.00061
-2.00192
-2.00332
-2.00494
-2.00692
-2.00937
-2.01241
-2.01615
-2.02066
-2.02605
-2.03237
-2.03968
-2.048
-2.05737
-2.06778
-2.07922
-2.09166
-2.10505
-2.11934
-2.13444
-2.15028
-2.16675
-2.18374
-2.20113
-2.21881
-2.23663
-2.25448
-2.27221
-2.2897
-2.30682
-2.32346
-2.33949
-2.35481
-2.36933
-2.38297
-2.39566
-2.40736
-2.41803
-2.42764
-2.4362
-2.44371
-2.45022
-2.45576
-2.46039
-2.46418
-2.46722
-2.46962
-2.47147
-2.4729
-2.47403
-2.47499
-2.47591
-2.47693
-2.47816
-2.47974
-2.4818
-2.48443
-2.48775
-2.49186
-2.49683
-2.50273
-2.50959
-2.51746
-2.52636
-2.53629
-2.54725
-2.55921
-2.57214
-2.58597
-2.60064
-2.61606
-2.63213
-2.64876
-2.66583
-2.6832
-2.70077
-2.71839
-2.73595
-2.7533
-2.77032
-2.7869
-2.80291
-2.81825
-2.83283
-2.84656
-2.85939
-2.87125
-2.8821
-2.89194
-2.90074
-2.90852
-2.91531
-2.92114
-2.92609
-2.93022
-2.93361
-2.93637
-2.9386
-2.94042
-2.94194
-2.9433
-2.94463
-2.94605
-2.9477
-2.9497
-2.95217
-2.95522
-2.95895
-2.96346
-2.96884
-2.97513
-2.98239
-2.99067
-2.99996
-3.01028
-3.02161
-3.03391
-3.04715
-3.06125
-3.07615
-3.09174
-3.10794
-3.12462
-3.14168
-3.15897
-3.17638
-3.19377
-3.21101
-3.22796
-3.24449
-3.2605
-3.27597
-3.29073
-3.30466
-3.31771
-3.32979
-3.34086
-3.35088
-3.35983
-3.36771
-3.37453
-3.38032
-3.38512
-3.38901
-3.39205
-3.39432
-3.39594
-3.39701
-3.39765
-3.39798
-3.39813
-3.39824
-3.39845
-3.39887
-3.39964
-3.40088
-3.40271
-3.40523
-3.40853
-3.41271
-3.41782
-3.4239
-3.43097
-3.43907
-3.44821
-3.45837
-3.46954
-3.48167
-3.49471
-3.50861
-3.52328
-3.53861
-3.55452
-3.57087
-3.58757
-3.60448
-3.62147
-3.63841
-3.65518
-3.67166
-3.68772
-3.70328
-3.71821
-3.73241
-3.7458
-3.75832
-3.7699
-3.78051
-3.79014
-3.79877
-3.8064
-3.81307
-3.81882
-3.82369
-3.82777
-3.83114
-3.83389
-3.83612
-3.83795
-3.83951
-3.8409
-3.84227
-3.84374
-3.84544
-3.84749
-3.85
-3.8531
-3.85687
-3.86141
-3.86679
-3.87308
-3.88033
-3.88856
-3.89779
-3.90802
-3.91923
-3.93138
-3.94443
-3.95831
-3.97293
-3.98821
-4.00404
-4.02031
-4.03688
-4.05362
-4.0704
-4.08709
-4.10355
-4.11964
-4.13525
-4.15024
-4.16469
-4.17841
-4.19128
-4.20321
-4.21412
-4.22396
-4.2327
-4.24031
-4.2468
-4.25218
-4.25649
-4.25977
-4.26208
-4.26351
-4.26415
-4.26409
-4.26347
-4.26238
-4.26098
-4.25938
-4.25773
-4.25617
-4.25482
-4.25383
-4.25332
-4.2534
-4.25419
-4.25579
-4.25828
-4.26172
-4.26612
-4.27149
-4.27784
-4.2852
-4.29355
-4.30288
-4.31316
-4.32434
-4.33635
-4.34913
-4.36258
-4.37661
-4.39111
-4.40596
-4.42106
-4.43629
-4.45151
-4.46661
-4.48147
-4.49598
-4.51026
-4.52409
-4.53733
-4.54987
-4.56163
-4.57254
-4.58257
-4.59167
-4.59986
-4.60712
-4.61348
-4.61897
-4.62366
-4.6276
-4.63087
-4.63357
-4.63579
-4.63764
-4.63923
-4.64069
-4.64213
-4.64368
-4.64546
-4.64759
-4.65017
-4.65332
-4.65712
-4.66166
-4.66702
-4.67325
-4.68039
-4.68846
-4.69747
-4.70741
-4.71824
-4.72991
-4.74236
-4.75551
-4.76925
-4.78349
-4.7981
-4.81295
-4.82789
-4.84279
-4.8575
-4.87185
-4.8857
-4.8989
-4.91129
-4.92276
-4.93369
