-2.86727e-08
-1.43584e-07
-4.02504e-07
-8.62935e-07
-1.58458e-06
-2.62988e-06
-4.06092e-06
-5.93783e-06
-8.31781e-06
-1.12551e-05
-1.4801e-05
-1.90032e-05
-2.39061e-05
-2.95502e-05
-3.59719e-05
-4.32029e-05
-5.12703e-05
-6.0196e-05
-6.99962e-05
-8.06816e-05
-9.22564e-05
-0.000104719
-0.000118059
-0.000132263
-0.000147306
-0.000163157
-0.000179778
-0.000197121
-0.000215131
-0.000233742
-0.000252881
-0.000272463
-0.000292397
-0.000312582
-0.000332908
-0.000353258
-0.000373507
-0.000393524
-0.000413169
-0.000432297
-0.000450758
-0.000468397
-0.000485054
-0.000500565
-0.000514765
-0.000527484
-0.000538555
-0.000547805
-0.000555066
-0.000560167
-0.000562942
-0.000562643
-0.000557415
-0.00054441
-0.00051992
-0.000479509
-0.000418166
-0.000330457
-0.000210685
-5.30452e-05
0.000148208
0.00039861
0.000703336
0.00106705
0.0014938
0.00198684
0.0025486
0.00318052
0.00388303
0.00465548
0.00549607
0.0064019
0.00736888
0.00839185
0.00946454
0.0105797
0.0117291
0.0129036
0.0140936
0.0152884
0.0164772
0.0176488
0.0187915
0.0198937
0.020944
0.021931
0.0228438
0.0236719
0.0244058
0.0250365
0.0255559
0.025957
0.026234
0.0263821
0.0263978
0.0262789
0.0260243
0.0256343
0.0251106
0.0244557
0.0236737
0.0227695
0.021749
0.020619
0.0193869
0.0180608
0.0166494
0.0151613
0.0136056
0.0119912
0.010327
0.00862141
0.00688254
0.00511781
0.00333395
0.00153683
-0.000268579
-0.00207837
-0.00388971
-0.00570094
-0.00751157
-0.00932233
-0.0111351
-0.0129531
-0.0147805
-0.0166225
-0.0184856
-0.020377
-0.0223047
-0.0242774
-0.0263043
-0.0283951
-0.0305597
-0.032808
-0.0351501
-0.0375955
-0.0401538
-0.0428338
-0.0456437
-0.0485911
-0.0516827
-0.054924
-0.0583198
-0.0618734
-0.0655874
-0.0694627
-0.0734994
-0.0776961
-0.0820503
-0.0865584
-0.0912156
-0.0960163
-0.100954
-0.10602
-0.111208
-0.116508
-0.121911
-0.127408
-0.132989
-0.138645
-0.144366
-0.150143
-0.155968
-0.161832
-0.167729
-0.173652
-0.179596
-0.185556
-0.19153
-0.197515
-0.20351
-0.209515
-0.215533
-0.221566
-0.227618
-0.233693
-0.239799
-0.245942
-0.25213
-0.258371
-0.264674
-0.271049
-0.277505
-0.284052
-0.290701
-0.29746
-0.30434
-0.311348
-0.318494
-0.325785
-0.333227
-0.340827
-0.348589
-0.356516
-0.364612
-0.372877
-0.381311
-0.389913
-0.398681
-0.407611
-0.416697
-0.425935
-0.435318
-0.444836
-0.454484
-0.46425
-0.474126
-0.484102
-0.494168
-0.504314
-0.514531
-0.524808
-0.535138
-0.545511
-0.55592
-0.566359
-0.576821
-0.587303
-0.597801
-0.608312
-0.618835
-0.629372
-0.639923
-0.650491
-0.661081
-0.671697
-0.682346
-0.693035
-0.703772
-0.714566
-0.725426
-0.736362
-0.747384
-0.758502
-0.769727
-0.781068
-0.792535
-0.804137
-0.815882
-0.827778
-0.839832
-0.852049
-0.864435
-0.876991
-0.889722
-0.902627
-0.915706
-0.928957
-0.942378
-0.955964
-0.969711
-0.983611
-0.997658
-1.01184
-1.02616
-1.0406
-1.05514
-1.06979
-1.08453
-1.09934
-1.11423
-1.12918
-1.14418
-1.15922
-1.1743
-1.18941
-1.20454
-1.21969
-1.23486
-1.25003
-1.26522
-1.28043
-1.29564
-1.31088
-1.32613
-1.34142
-1.35673
-1.37209
-1.38749
-1.40296
-1.41849
-1.4341
-1.44979
-1.46559
-1.48149
-1.49752
-1.51367
-1.52996
-1.54639
-1.56299
-1.57974
-1.59666
-1.61376
-1.63103
-1.64848
-1.66611
-1.68392
-1.7019
-1.72006
-1.7384
-1.7569
-1.77556
-1.79437
-1.81333
-1.83242
-1.85164
-1.87097
-1.8904
-1.90994
-1.92955
-1.94924
-1.969
-1.9888
-2.00866
-2.02855
-2.04847
-2.06842
-2.08839
-2.10838
-2.12837
-2.14839
-2.16841
-2.18846
-2.20851
-2.2286
-2.2487
-2.26885
-2.28903
-2.30927
-2.32956
-2.34992
-2.37036
-2.39088
-2.41151
-2.43224
-2.4531
-2.47408
-2.4952
-2.51647
-2.5379
-2.55948
-2.58123
-2.60316
-2.62526
-2.64753
-2.66999
-2.69262
-2.71543
-2.73842
-2.76157
-2.78488
-2.80835
-2.83197
-2.85574
-2.87963
-2.90364
-2.92777
-2.952
-2.97632
-3.00072
-3.02519
-3.04972
-3.0743
-3.09892
-3.12358
-3.14826
-3.17297
-3.19769
-3.22242
-3.24717
-3.27192
-3.29669
-3.32146
-3.34625
-3.37106
-3.39589
-3.42075
-3.44565
-3.47059
-3.49559
-3.52065
-3.54579
-3.57101
-3.59632
-3.62174
-3.64727
-3.67293
-3.69872
-3.72465
-3.75073
-3.77698
-3.80338
-3.82995
-3.8567
-3.88362
-3.91071
-3.93799
-3.96543
-3.99305
-4.02084
-4.04879
-4.07689
-4.10515
-4.13354
-4.16207
-4.19073
-4.21949
-4.24836
-4.27733
-4.30637
-4.33549
-4.36467
-4.39391
-4.42319
-4.45251
-4.48186
-4.51124
-4.54063
-4.57004
-4.59947
-4.62891
-4.65836
-4.68783
-4.71732
-4.74683
-4.77636
-4.80594
-4.83555
-4.86521
-4.89493
-4.92472
-4.95458
-4.98453
-5.01459
-5.04475
-5.07502
-5.10543
-5.13597
-5.16666
-5.1975
-5.22849
-5.25966
-5.29099
-5.32249
-5.35417
-5.38602
-5.41804
-5.45024
-5.4826
-5.51513
-5.54781
-5.58064
-5.61362
-5.64673
-5.67997
-5.71332
-5.74678
-5.78033
-5.81397
-5.84768
-5.88146
-5.91528
-5.94915
-5.98306
-6.01699
-6.05094
-6.08491
-6.11888
-6.15286
-6.18684
-6.22082
-6.2548
-6.28879
-6.32278
-6.35679
-6.3908
-6.42484
-6.45891
-6.49302
-6.52717
-6.56138
-6.59565
-6.63001
-6.66444
-6.69897
-6.73361
-6.76837
-6.80325
-6.83827
-6.87343
-6.90874
-6.9442
-6.97983
-7.01562
-7.05158
-7.08771
-7.12401
-7.16048
-7.19711
-7.23391
-7.27087
-7.30797
-7.34523
-7.38262
-7.42014
-7.45778
-7.49553
-7.53338
-7.57133
-7.60935
-7.64745
-7.68561
-7.72382
-7.76208
-7.80038
-7.8387
-7.87705
-7.91542
-7.95381
-7.99221
-8.03063
-8.06906
-8.1075
-8.14597
-8.18445
-8.22297
-8.26152
-8.30011
-8.33875
-8.37745
-8.41622
-8.45506
-8.494
-8.53302
-8.57216
-8.61141
-8.65079
-8.69031
-8.72996
-8.76977
-8.80973
-8.84985
-8.89014
-8.93059
-8.97121
-9.012
-9.05295
-9.09407
-9.13534
-9.17677
-9.21834
-9.26006
-9.30191
-9.34388
-9.38597
-9.42816
-9.47044
-9.5128
-9.55524
-9.59774
-9.64028
-9.68286
-9.72547
-9.7681
-9.81074
-9.85338
-9.89601
-9.93864
-9.98126
-10.0239
-10.0664
-10.109
-10.1516
-10.1941
-10.2367
-10.2792
-10.3217
-10.3643
-10.4068
-10.4494
-10.4921
-10.5348
-10.5775
-10.6203
-10.6632
-10.7062
-10.7493
-10.7925
-10.8358
-10.8792
-10.9228
-10.9665
-11.0103
-11.0543
-11.0984
-11.1427
-11.1871
-11.2317
-11.2765
-11.3214
-11.3664
-11.4116
-11.4569
-11.5023
-11.5479
-11.5935
-11.6393
-11.6852
-11.7311
-11.7772
-11.8233
-11.8694
-11.9157
-11.9619
-12.0082
-12.0545
-12.1009
-12.1472
-12.1936
-12.24
-12.2864
-12.3329
-12.3793
-12.4258
-12.4723
-12.5188
-12.5653
-12.6119
-12.6586
-12.7053
-12.752
-12.7989
-12.8458
-12.8928
-12.94
-12.9872
-13.0346
-13.0821
-13.1297
-13.1774
-13.2254
-13.2734
-13.3216
-13.37
-13.4185
-13.4671
-13.5159
-13.5648
-13.6139
-13.6631
-13.7123
