0
0
0
0
0
0
0
0
0
0
0
0
0
0
0
0
0
0
0
0
0
0
0
0
0
0
0
0
0
0
0
0
0
0
0
0
0
0
0
0
0
0
0
0
0
0
0
0
0
0
0
6.26666e-05
0.000124345
0.000184062
0.000240877
0.000293893
0.000342274
0.000385257
0.000422164
0.000452414
0.000475528
0.000491144
0.000499013
0.000499013
0.000491144
0.000475528
0.000452414
0.000422164
0.000385257
0.000342274
0.000293893
0.000240877
0.000184062
0.000124345
6.26666e-05
1.22465e-19
-6.26666e-05
-0.000124345
-0.000184062
-0.000240877
-0.000293893
-0.000342274
-0.000385257
-0.000422164
-0.000452414
-0.000475528
-0.000491144
-0.000499013
-0.000499013
-0.000491144
-0.000475528
-0.000452414
-0.000422164
-0.000385257
-0.000342274
-0.000293893
-0.000240877
-0.000184062
-0.000124345
-6.26666e-05
-1.83697e-19
6.26666e-05
0.000124345
0.000184062
0.000240877
0.000293893
0.000342274
0.000385257
0.000422164
0.000452414
0.000475528
0.000491144
0.000499013
0.000499013
0.000491144
0.000475528
0.000452414
0.000422164
0.000385257
0.000342274
0.000293893
0.000240877
0.000184062
0.000124345
6.26666e-05
2.44929e-19
-6.26666e-05
-0.000124345
-0.000184062
-0.000240877
-0.000293893
-0.000342274
-0.000385257
-0.000422164
-0.000452414
-0.000475528
-0.000491144
-0.000499013
-0.000499013
-0.000491144
-0.000475528
-0.000452414
-0.000422164
-0.000385257
-0.000342274
-0.000293893
-0.000240877
-0.000184062
-0.000124345
-6.26666e-05
-3.06162e-19
6.26666e-05
0.000124345
0.000184062
0.000240877
0.000293893
0.000342274
0.000385257
0.000422164
0.000452414
0.000475528
0.000491144
0.000499013
0.000499013
0.000491144
0.000475528
0.000452414
0.000422164
0.000385257
0.000342274
0.000293893
0.000240877
0.000184062
0.000124345
6.26666e-05
3.67394e-19
-6.26666e-05
-0.000124345
-0.000184062
-0.000240877
-0.000293893
-0.000342274
-0.000385257
-0.000422164
-0.000452414
-0.000475528
-0.000491144
-0.000499013
-0.000499013
-0.000491144
-0.000475528
-0.000452414
-0.000422164
-0.000385257
-0.000342274
-0.000293893
-0.000240877
-0.000184062
-0.000124345
-6.26666e-05
-4.28626e-19
6.26666e-05
0.000124345
0.000184062
0.000240877
0.000293893
0.000342274
0.000385257
0.000422164
0.000452414
0.000475528
0.000491144
0.000499013
0.000499013
0.000491144
0.000475528
0.000452414
0.000422164
0.000385257
0.000342274
0.000293893
0.000240877
0.000184062
0.000124345
6.26666e-05
4.89859e-19
-6.26666e-05
-0.000124345
-0.000184062
-0.000240877
-0.000293893
-0.000342274
-0.000385257
-0.000422164
-0.000452414
-0.000475528
-0.000491144
-0.000499013
-0.000499013
-0.000491144
-0.000475528
-0.000452414
-0.000422164
-0.000385257
-0.000342274
-0.000293893
-0.000240877
-0.000184062
-0.000124345
-6.26666e-05
-5.51091e-19
6.26666e-05
0.000124345
0.000184062
0.000240877
0.000293893
0.000342274
0.000385257
0.000422164
0.000452414
0.000475528
0.000491144
0.000499013
0.000499013
0.000491144
0.000475528
0.000452414
0.000422164
0.000385257
0.000342274
0.000293893
0.000240877
0.000184062
0.000124345
6.26666e-05
2.38868e-18
-6.26666e-05
-0.000124345
-0.000184062
-0.000240877
-0.000293893
-0.000342274
-0.000385257
-0.000422164
-0.000452414
-0.000475528
-0.000491144
-0.000499013
-0.000499013
-0.000491144
-0.000475528
-0.000452414
-0.000422164
-0.000385257
-0.000342274
-0.000293893
-0.000240877
-0.000184062
-0.000124345
-6.26666e-05
-2.44991e-18
6.26666e-05
0.000124345
0.000184062
0.000240877
0.000293893
0.000342274
0.000385257
0.000422164
0.000452414
0.000475528
0.000491144
0.000499013
0.000499013
0.000491144
0.000475528
0.000452414
0.000422164
0.000385257
0.000342274
0.000293893
0.000240877
0.000184062
0.000124345
6.26666e-05
7.34788e-19
-6.26666e-05
-0.000124345
-0.000184062
-0.000240877
-0.000293893
-0.000342274
-0.000385257
-0.000422164
-0.000452414
-0.000475528
-0.000491144
-0.000499013
-0.000499013
-0.000491144
-0.000475528
-0.000452414
-0.000422164
-0.000385257
-0.000342274
-0.000293893
-0.000240877
-0.000184062
-0.000124345
-6.26666e-05
9.80336e-19
6.26666e-05
0.000124345
0.000184062
0.000240877
0.000293893
0.000342274
0.000385257
0.000422164
0.000452414
0.000475528
0.000491144
0.000499013
0.000499013
0.000491144
0.000475528
0.000452414
0.000422164
0.000385257
0.000342274
0.000293893
0.000240877
0.000184062
0.000124345
6.26666e-05
4.40997e-18
-6.26666e-05
-0.000124345
-0.000184062
-0.000240877
-0.000293893
-0.000342274
-0.000385257
-0.000422164
-0.000452414
-0.000475528
-0.000491144
-0.000499013
-0.000499013
-0.000491144
-0.000475528
-0.000452414
-0.000422164
-0.000385257
-0.000342274
-0.000293893
-0.000240877
-0.000184062
-0.000124345
-6.26666e-05
-2.69484e-18
6.26666e-05
0.000124345
0.000184062
0.000240877
0.000293893
0.000342274
0.000385257
0.000422164
0.000452414
0.000475528
0.000491144
0.000499013
0.000499013
0.000491144
0.000475528
0.000452414
0.000422164
0.000385257
0.000342274
0.000293893
0.000240877
0.000184062
0.000124345
6.26666e-05
9.79717e-19
-6.26666e-05
-0.000124345
-0.000184062
-0.000240877
-0.000293893
-0.000342274
-0.000385257
-0.000422164
-0.000452414
-0.000475528
-0.000491144
-0.000499013
-0.000499013
-0.000491144
-0.000475528
-0.000452414
-0.000422164
-0.000385257
-0.000342274
-0.000293893
-0.000240877
-0.000184062
-0.000124345
-6.26666e-05
7.35407e-19
6.26666e-05
0.000124345
0.000184062
0.000240877
0.000293893
0.000342274
0.000385257
0.000422164
0.000452414
0.000475528
0.000491144
0.000499013
0.000499013
0.000491144
0.000475528
0.000452414
0.000422164
0.000385257
0.000342274
0.000293893
0.000240877
0.000184062
0.000124345
6.26666e-05
4.6549e-18
-6.26666e-05
-0.000124345
-0.000184062
-0.000240877
-0.000293893
-0.000342274
-0.000385257
-0.000422164
-0.000452414
-0.000475528
-0.000491144
-0.000499013
-0.000499013
-0.000491144
-0.000475528
-0.000452414
-0.000422164
-0.000385257
-0.000342274
-0.000293893
-0.000240877
-0.000184062
-0.000124345
-6.26666e-05
-2.93977e-18
6.26666e-05
0.000124345
0.000184062
0.000240877
0.000293893
0.000342274
0.000385257
0.000422164
0.000452414
0.000475528
0.000491144
0.000499013
0.000499013
0.000491144
0.000475528
0.000452414
0.000422164
0.000385257
0.000342274
0.000293893
0.000240877
0.000184062
0.000124345
6.26666e-05
1.22465e-18
-6.26666e-05
-0.000124345
-0.000184062
-0.000240877
-0.000293893
-0.000342274
-0.000385257
-0.000422164
-0.000452414
-0.000475528
-0.000491144
-0.000499013
-0.000499013
-0.000491144
-0.000475528
-0.000452414
-0.000422164
-0.000385257
-0.000342274
-0.000293893
-0.000240877
-0.000184062
-0.000124345
-6.26666e-05
-6.61495e-18
6.26666e-05
0.000124345
0.000184062
0.000240877
0.000293893
0.000342274
0.000385257
0.000422164
0.000452414
0.000475528
0.000491144
0.000499013
0.000499013
0.000491144
0.000475528
0.000452414
0.000422164
0.000385257
0.000342274
0.000293893
0.000240877
0.000184062
0.000124345
6.26666e-05
4.89983e-18
-6.26666e-05
-0.000124345
-0.000184062
-0.000240877
-0.000293893
-0.000342274
-0.000385257
-0.000422164
-0.000452414
-0.000475528
-0.000491144
-0.000499013
-0.000499013
-0.000491144
-0.000475528
-0.000452414
-0.000422164
-0.000385257
-0.000342274
-0.000293893
-0.000240877
-0.000184062
-0.000124345
-6.26666e-05
-3.1847e-18
6.26666e-05
0.000124345
0.000184062
0.000240877
0.000293893
0.000342274
0.000385257
0.000422164
0.000452414
0.000475528
0.000491144
0.000499013
0.000499013
0.000491144
0.000475528
0.000452414
0.000422164
0.000385257
0.000342274
0.000293893
0.000240877
0.000184062
0.000124345
6.26666e-05
1.46958e-18
-6.26666e-05
-0.000124345
-0.000184062
-0.000240877
-0.000293893
-0.000342274
-0.000385257
-0.000422164
-0.000452414
-0.000475528
-0.000491144
-0.000499013
-0.000499013
-0.000491144
-0.000475528
-0.000452414
-0.000422164
-0.000385257
-0.000342274
-0.000293893
-0.000240877
-0.000184062
-0.000124345
-6.26666e-05
2.45548e-19
