0.000293893
0.000318712
0.000342274
0.000364484
0.000385257
0.000404508
0.000422164
0.000438153
0.000452414
0.000464888
0.000475528
0.000484292
0.000491144
0.000496057
0.000499013
0.0005
0.000499013
0.000496057
0.000491144
0.000484292
0.000475528
0.000464888
0.000452414
0.000438153
0.000422164
0.000404508
0.000385257
0.000364484
0.000342274
0.000318712
0.000293893
0.000267913
0.000240877
0.00021289
0.000184062
0.000154508
0.000124345
9.36907e-05
6.26666e-05
3.13953e-05
-0
-3.13953e-05
-6.26666e-05
-9.36907e-05
-0.000124345
-0.000154508
-0.000184062
-0.00021289
-0.000240877
-0.000267913
-0.000293893
-0.000318712
-0.000342274
-0.000364484
-0.000385257
-0.000404508
-0.000422164
-0.000438153
-0.000452414
-0.000464888
-0.000475528
-0.000484292
-0.000491144
-0.000496057
-0.000499013
-0.0005
-0.000499013
-0.000496057
-0.000491144
-0.000484292
-0.000475528
-0.000464888
-0.000452414
-0.000438153
-0.000422164
-0.000404508
-0.000385257
-0.000364484
-0.000342274
-0.000318712
-0.000293893
-0.000267913
-0.000240877
-0.00021289
-0.000184062
-0.000154508
-0.000124345
-9.36907e-05
-6.26666e-05
-3.13953e-05
-6.12323e-20
3.13953e-05
6.26666e-05
9.36907e-05
0.000124345
0.000154508
0.000184062
0.00021289
0.000240877
0.000267913
0.000293893
0.000318712
0.000342274
0.000364484
0.000385257
0.000404508
0.000422164
0.000438153
0.000452414
0.000464888
0.000475528
0.000484292
0.000491144
0.000496057
0.000499013
0.0005
0.000499013
0.000496057
0.000491144
0.000484292
0.000475528
0.000464888
0.000452414
0.000438153
0.000422164
0.000404508
0.000385257
0.000364484
0.000342274
0.000318712
0.000293893
0.000267913
0.000240877
0.00021289
0.000184062
0.000154508
0.000124345
9.36907e-05
6.26666e-05
3.13953e-05
1.22465e-19
-3.13953e-05
-6.26666e-05
-9.36907e-05
-0.000124345
-0.000154508
-0.000184062
-0.00021289
-0.000240877
-0.000267913
-0.000293893
-0.000318712
-0.000342274
-0.000364484
-0.000385257
-0.000404508
-0.000422164
-0.000438153
-0.000452414
-0.000464888
-0.000475528
-0.000484292
-0.000491144
-0.000496057
-0.000499013
-0.0005
-0.000499013
-0.000496057
-0.000491144
-0.000484292
-0.000475528
-0.000464888
-0.000452414
-0.000438153
-0.000422164
-0.000404508
-0.000385257
-0.000364484
-0.000342274
-0.000318712
-0.000293893
-0.000267913
-0.000240877
-0.00021289
-0.000184062
-0.000154508
-0.000124345
-9.36907e-05
-6.26666e-05
-3.13953e-05
-1.83697e-19
3.13953e-05
6.26666e-05
9.36907e-05
0.000124345
0.000154508
0.000184062
0.00021289
0.000240877
0.000267913
0.000293893
0.000318712
0.000342274
0.000364484
0.000385257
0.000404508
0.000422164
0.000438153
0.000452414
0.000464888
0.000475528
0.000484292
0.000491144
0.000496057
0.000499013
0.0005
0.000499013
0.000496057
0.000491144
0.000484292
0.000475528
0.000464888
0.000452414
0.000438153
0.000422164
0.000404508
0.000385257
0.000364484
0.000342274
0.000318712
0.000293893
0.000267913
0.000240877
0.00021289
0.000184062
0.000154508
0.000124345
9.36907e-05
6.26666e-05
3.13953e-05
2.44929e-19
-3.13953e-05
-6.26666e-05
-9.36907e-05
-0.000124345
-0.000154508
-0.000184062
-0.00021289
-0.000240877
-0.000267913
-0.000293893
-0.000318712
-0.000342274
-0.000364484
-0.000385257
-0.000404508
-0.000422164
-0.000438153
-0.000452414
-0.000464888
-0.000475528
-0.000484292
-0.000491144
-0.000496057
-0.000499013
-0.0005
-0.000499013
-0.000496057
-0.000491144
-0.000484292
-0.000475528
-0.000464888
-0.000452414
-0.000438153
-0.000422164
-0.000404508
-0.000385257
-0.000364484
-0.000342274
-0.000318712
-0.000293893
-0.000267913
-0.000240877
-0.00021289
-0.000184062
-0.000154508
-0.000124345
-9.36907e-05
-6.26666e-05
-3.13953e-05
-3.06162e-19
3.13953e-05
6.26666e-05
9.36907e-05
0.000124345
0.000154508
0.000184062
0.00021289
0.000240877
0.000267913
0.000293893
0.000318712
0.000342274
0.000364484
0.000385257
0.000404508
0.000422164
0.000438153
0.000452414
0.000464888
0.000475528
0.000484292
0.000491144
0.000496057
0.000499013
0.0005
0.000499013
0.000496057
0.000491144
0.000484292
0.000475528
0.000464888
0.000452414
0.000438153
0.000422164
0.000404508
0.000385257
0.000364484
0.000342274
0.000318712
0.000293893
0.000267913
0.000240877
0.00021289
0.000184062
0.000154508
0.000124345
9.36907e-05
6.26666e-05
3.13953e-05
3.67394e-19
-3.13953e-05
-6.26666e-05
-9.36907e-05
-0.000124345
-0.000154508
-0.000184062
-0.00021289
-0.000240877
-0.000267913
-0.000293893
-0.000318712
-0.000342274
-0.000364484
-0.000385257
-0.000404508
-0.000422164
-0.000438153
-0.000452414
-0.000464888
-0.000475528
-0.000484292
-0.000491144
-0.000496057
-0.000499013
-0.0005
-0.000499013
-0.000496057
-0.000491144
-0.000484292
-0.000475528
-0.000464888
-0.000452414
-0.000438153
-0.000422164
-0.000404508
-0.000385257
-0.000364484
-0.000342274
-0.000318712
-0.000293893
-0.000267913
-0.000240877
-0.00021289
-0.000184062
-0.000154508
-0.000124345
-9.36907e-05
-6.26666e-05
-3.13953e-05
-4.28626e-19
3.13953e-05
6.26666e-05
9.36907e-05
0.000124345
0.000154508
0.000184062
0.00021289
0.000240877
0.000267913
0.000293893
0.000318712
0.000342274
0.000364484
0.000385257
0.000404508
0.000422164
0.000438153
0.000452414
0.000464888
0.000475528
0.000484292
0.000491144
0.000496057
0.000499013
0.0005
0.000499013
0.000496057
0.000491144
0.000484292
0.000475528
0.000464888
0.000452414
0.000438153
0.000422164
0.000404508
0.000385257
0.000364484
0.000342274
0.000318712
0.000293893
0.000267913
0.000240877
0.00021289
0.000184062
0.000154508
0.000124345
9.36907e-05
6.26666e-05
3.13953e-05
-1.2865e-18
-3.13953e-05
-6.26666e-05
-9.36907e-05
-0.000124345
-0.000154508
-0.000184062
-0.00021289
-0.000240877
-0.000267913
-0.000293893
-0.000318712
-0.000342274
-0.000364484
-0.000385257
-0.000404508
-0.000422164
-0.000438153
-0.000452414
-0.000464888
-0.000475528
-0.000484292
-0.000491144
-0.000496057
-0.000499013
-0.0005
-0.000499013
-0.000496057
-0.000491144
-0.000484292
-0.000475528
-0.000464888
-0.000452414
-0.000438153
-0.000422164
-0.000404508
-0.000385257
-0.000364484
-0.000342274
-0.000318712
-0.000293893
-0.000267913
-0.000240877
-0.00021289
-0.000184062
-0.000154508
-0.000124345
-9.36907e-05
-6.26666e-05
-3.13953e-05
1.22527e-18
3.13953e-05
6.26666e-05
9.36907e-05
0.000124345
0.000154508
0.000184062
0.00021289
0.000240877
0.000267913
0.000293893
0.000318712
0.000342274
0.000364484
0.000385257
0.000404508
0.000422164
0.000438153
0.000452414
0.000464888
0.000475528
0.000484292
0.000491144
0.000496057
0.000499013
0.0005
0.000499013
0.000496057
0.000491144
0.000484292
0.000475528
0.000464888
0.000452414
0.000438153
0.000422164
0.000404508
0.000385257
0.000364484
0.000342274
0.000318712
0.000293893
0.000267913
0.000240877
0.00021289
0.000184062
0.000154508
0.000124345
9.36907e-05
6.26666e-05
3.13953e-05
6.12323e-19
-3.13953e-05
-6.26666e-05
-9.36907e-05
-0.000124345
-0.000154508
-0.000184062
-0.00021289
-0.000240877
-0.000267913
-0.000293893
-0.000318712
-0.000342274
-0.000364484
-0.000385257
-0.000404508
-0.000422164
-0.000438153
-0.000452414
-0.000464888
-0.000475528
-0.000484292
-0.000491144
-0.000496057
-0.000499013
-0.0005
-0.000499013
-0.000496057
-0.000491144
-0.000484292
-0.000475528
-0.000464888
-0.000452414
-0.000438153
-0.000422164
-0.000404508
-0.000385257
-0.000364484
-0.000342274
-0.000318712
-0.000293893
-0.000267913
-0.000240877
-0.00021289
-0.000184062
-0.000154508
-0.000124345
-9.36907e-05
-6.26666e-05
-3.13953e-05
1.1028e-18
3.13953e-05
6.26666e-05
9.36907e-05
0.000124345
0.000154508
0.000184062
0.00021289
0.000240877
0.000267913
0.000293893
0.000318712
0.000342274
0.000364484
0.000385257
0.000404508
0.000422164
0.000438153
0.000452414
0.000464888
0.000475528
0.000484292
0.000491144
0.000496057
0.000499013
0.0005
0.000499013
0.000496057
0.000491144
0.000484292
0.000475528
0.000464888
0.000452414
0.000438153
0.000422164
0.000404508
0.000385257
0.000364484
0.000342274
0.000318712
0.000293893
0.000267913
0.000240877
0.00021289
0.000184062
0.000154508
0.000124345
9.36907e-05
6.26666e-05
3.13953e-05
7.34788e-19
-3.13953e-05
-6.26666e-05
-9.36907e-05
-0.000124345
-0.000154508
-0.000184062
-0.00021289
-0.000240877
-0.000267913
-0.000293893
