0.0113521
0.0113373
0.0113247
0.0113221
0.00933887
0.00744953
0.00591914
0.00481459
0.00402325
0.00326004
0.00260243
0.00189698
0.00118351
0.00042027
-0.000382133
-0.00123112
-0.0021294
-0.00307914
-0.00408202
-0.00513942
-0.00625243
-0.00742216
-0.00864976
-0.0099364
-0.0112833
-0.0126919
-0.0141638
-0.0157012
-0.0171419
-0.0185145
-0.0198201
-0.0210596
-0.0222342
-0.0233446
-0.0243918
-0.0253767
-0.0263
-0.0271625
-0.0279646
-0.028707
-0.0293901
-0.0300147
-0.0305812
-0.0310901
-0.031542
-0.0319371
-0.0322758
-0.0325585
-0.0327854
-0.0329568
-0.0330729
-0.0331309
-0.0330726
-0.0329479
-0.0327468
-0.0325005
-0.0322104
-0.0318767
-0.0314988
-0.0310764
-0.0306097
-0.0300989
-0.0295443
-0.0289466
-0.0283064
-0.0276243
-0.026901
-0.026137
-0.0253327
-0.0244887
-0.0236443
-0.0226736
-0.0217046
-0.0207722
-0.0198727
-0.0189798
-0.0180885
-0.0171942
-0.0162934
-0.0153824
-0.0144577
-0.0135855
-0.012436
-0.0111109
-0.00972241
-0.00837005
-0.00709208
-0.00582895
-0.0045862
-0.00339484
-0.00225209
-0.0011534
-9.56987e-05
0.000923227
0.00190513
0.00285156
0.00376401
0.00464397
0.00549302
0.00631278
0.00710496
0.00789784
0.00892423
0.00995936
0.0109893
0.0117169
0.0122926
0.0126433
0.0130276
0.0134207
0.0142949
0.015354
0.0163596
0.017342
0.0183204
0.0193056
0.0203043
0.0213208
0.0223577
0.0234167
0.0244985
0.0254679
0.026849
0.0279902
0.0294774
0.0311016
0.0326424
0.034235
0.0359937
0.0379052
0.0399557
0.0421345
0.0443142
0.0464953
0.0486772
0.0508596
0.0532075
0.0555515
0.057764
0.0600498
0.0626718
0.0652937
0.0684637
0.0718118
0.0752853
0.0788809
0.0820745
0.0849486
0.0875352
0.0897918
0.0918554
0.0939954
0.0962001
0.098442
0.100706
0.102985
0.10527
0.107561
0.109856
0.112145
0.114404
0.11661
0.11874
0.120818
0.122885
0.124947
0.127018
0.129098
0.13152
0.133485
0.135449
0.137522
0.139728
0.141965
0.144397
0.14596
0.147327
0.148468
0.149527
0.150434
0.15083
0.150868
0.150763
0.150497
0.150157
0.149814
0.149462
0.149404
0.149616
0.149993
0.150361
0.15057
0.150768
0.150832
0.150667
0.150227
0.15023
0.150396
0.150689
0.151122
0.151721
0.152284
0.152851
0.153428
0.154017
0.154621
0.15527
0.155955
0.154905
0.152582
0.14991
0.147195
0.144566
0.142011
0.138963
0.135675
0.131659
0.128243
0.124882
0.121762
0.119872
0.118542
0.117856
0.117724
0.117744
0.121938
0.124877
0.12714
0.129017
0.130634
0.13205
0.133721
0.135032
0.135969
0.13709
0.138299
0.13962
0.141057
0.142824
0.144733
0.146851
0.148969
0.151579
0.154677
0.158098
0.161738
0.165586
0.16952
0.172765
0.175869
0.179693
0.183569
0.187256
0.192404
0.197613
0.202876
0.208199
0.213583
0.219024
0.224522
0.229921
0.235486
0.241083
0.246042
0.250853
0.255616
0.26049
0.265395
0.270368
0.275391
0.280473
0.285501
0.290418
0.295229
0.299938
0.304536
0.30898
0.313655
0.318019
0.322176
0.326281
0.330353
0.334378
0.338354
0.342052
0.345612
0.348825
0.351531
0.353742
0.35549
0.356685
0.36007
0.363319
0.366214
0.368974
0.371623
0.37427
0.376927
0.379579
0.382223
0.384879
0.38754
0.387954
0.389872
0.391958
0.393189
0.394281
0.39525
0.396024
0.396398
0.39677
0.396934
0.397062
0.397134
0.397185
0.397262
0.397308
0.397346
0.397377
0.3974
0.397415
0.397421
0.397417
0.397404
0.397375
0.397327
0.397261
0.397177
0.397073
0.396951
0.39681
0.396649
0.396468
0.396267
0.396046
0.395804
0.395539
0.395251
0.39494
0.394756
0.394638
0.394514
0.394125
0.393751
0.393377
0.393001
0.392622
0.39224
0.391855
0.391467
0.391075
0.39068
0.390281
0.389879
0.389545
0.389212
0.388879
0.388546
0.388213
0.387957
0.387612
0.387268
0.386923
0.386242
0.385606
0.38512
0.384787
0.384584
0.384418
0.384284
0.384176
0.384093
0.384035
0.384001
0.38399
0.383991
0.383992
0.383993
0.383993
0.383994
0.383995
0.383996
0.383996
0.383997
0.383998
0.383999
0.383999
0.384
0.384001
0.384002
0.384002
0.384003
0.384004
0.384004
0.384005
0.384006
0.384006
0.384007
0.384008
0.384008
0.384009
0.38401
0.38401
0.384011
0.384012
0.384012
0.384013
0.384013
0.384014
0.384015
0.384015
0.384016
0.384016
0.384017
0.384017
0.384018
0.384019
0.384019
0.38402
0.38402
0.384021
0.384021
0.384022
0.384022
0.384023
0.384023
0.384024
0.384024
0.384025
0.384025
0.384026
0.384026
0.384027
0.384027
0.384028
0.384028
0.384028
0.384029
0.384029
0.38403
0.38403
0.384031
0.384031
0.384031
0.384032
0.384032
0.384033
0.384033
0.384033
0.384034
0.384034
0.384035
0.384035
0.384035
0.384036
0.384036
0.384036
0.384037
0.384037
0.384038
0.384038
0.384038
0.384039
0.384039
0.384039
0.38404
0.38404
0.38404
0.384041
0.384041
0.384041
0.384042
0.384042
0.384042
0.384042
0.384043
0.384043
0.384043
0.384044
0.384044
0.384044
0.384045
0.384045
0.384045
0.384045
0.384046
0.384046
0.384046
0.384046
0.384047
0.384047
0.384047
0.384048
0.384048
0.384048
0.384048
0.384049
0.384049
0.384049
0.384049
0.384049
0.38405
0.38405
0.38405
0.38405
0.384051
0.384051
0.384051
0.384051
0.384052
0.384052
0.384052
0.384052
0.384052
0.384053
0.384053
0.384053
0.384053
0.384053
0.384054
0.384054
0.384054
0.384054
0.384054
0.384054
0.384055
0.384055
0.384055
0.384055
0.384055
0.384056
0.384056
0.384056
0.384056
0.384056
0.384056
0.384057
0.384057
0.384057
0.384057
0.384057
0.384057
0.384058
0.384058
0.384058
0.384058
0.384058
0.384058
0.384058
0.384059
0.384059
0.384059
0.384059
0.384059
0.384059
0.384059
0.38406
0.38406
0.38406
0.38406
0.38406
0.38406
0.38406
0.38406
0.384061
0.384061
0.384061
0.384061
0.384061
0.384061
0.384061
0.384061
0.384062
0.384062
0.384062
0.384062
0.384062
0.384062
0.384062
0.384062
0.384062
0.384063
0.384063
0.384063
0.384063
0.384063
0.384063
0.384063
0.384063
0.384063
0.384063
0.384064
0.384064
0.384064
0.384064
0.384064
0.384064
0.384064
0.384064
0.384064
0.384064
0.384064
0.384065
0.384065
0.384065
0.384065
0.384065
0.384065
0.384065
0.384065
0.384065
0.384065
0.384065
0.384065
0.384065
0.384066
0.384066
0.384066
0.384066
0.384066
0.384066
0.384066
0.384066
0.384066
0.384066
0.384066
0.384066
0.384066
0.384066
0.384067
0.384067
0.384067
0.384067
0.384067
0.384067
0.384001
0.384147
0.384253
0.384295
0.384304
0.384367
0.384375
0.384409
0.384454
0.384509
0.384575
0.384634
0.384607
0.384567
0.384535
0.384496
