-4.72977e-07
-3.71479e-06
-1.21811e-05
-2.80772e-05
-5.3396e-05
-8.99301e-05
-0.000139279
-0.000202858
-0.000281907
-0.000377711
-0.000492005
-0.000625621
-0.000779012
-0.0009525
-0.00114628
-0.00136045
-0.00159495
-0.00184964
-0.00212428
-0.00241848
-0.0027318
-0.00306368
-0.00341347
-0.00378042
-0.00416371
-0.00456241
-0.00497552
-0.00540197
-0.00584058
-0.00629011
-0.00674923
-0.00721654
-0.00769055
-0.00816973
-0.00865244
-0.009137
-0.00962163
-0.0101045
-0.0105837
-0.0110574
-0.011524
-0.0119818
-0.0124288
-0.0128634
-0.0132838
-0.013688
-0.0140745
-0.0144416
-0.0147873
-0.0151096
-0.015405
-0.0156678
-0.015897
-0.0160929
-0.0162557
-0.0163858
-0.0164832
-0.0165482
-0.0165807
-0.0165809
-0.0165487
-0.0164841
-0.0163871
-0.0162574
-0.0160949
-0.0158994
-0.0156706
-0.0154082
-0.0151118
-0.014781
-0.0144154
-0.0140144
-0.0135776
-0.0131042
-0.0125937
-0.0120453
-0.0114582
-0.0108318
-0.010165
-0.00945707
-0.00870846
-0.00792588
-0.00711716
-0.0062896
-0.00545009
-0.00460504
-0.00376047
-0.00292201
-0.0020949
-0.00128403
-0.000493954
0.000271097
0.00100721
0.00171083
0.00237874
0.00300807
0.00359626
0.00414104
0.00464046
0.0050928
0.00549769
0.0058589
0.0061803
0.00646458
0.00671318
0.00692664
0.00710524
0.00724923
0.00735881
0.00743413
0.0074753
0.00748237
0.00745536
0.00739422
0.00729887
0.00716918
0.00700497
0.00680601
0.00657203
0.0063027
0.00599766
0.00565648
0.00527868
0.00486376
0.00441112
0.00392016
0.00339019
0.00282047
0.00221023
0.00155861
0.000866063
0.000138288
-0.000618031
-0.00139662
-0.00219159
-0.00299743
-0.00380896
-0.00462135
-0.00543008
-0.00623093
-0.00701997
-0.00779355
-0.00854827
-0.00928107
-0.00998918
-0.0106701
-0.0113217
-0.011942
-0.0125294
-0.0130823
-0.0135998
-0.0140811
-0.0145257
-0.0149331
-0.015303
-0.015635
-0.0159289
-0.0161844
-0.0164012
-0.0165793
-0.0167186
-0.0168189
-0.0168802
-0.0169026
-0.016886
-0.0168305
-0.0167361
-0.0166031
-0.0164314
-0.0162214
-0.0159731
-0.0156867
-0.0153625
-0.0150006
-0.0146013
-0.0141647
-0.0136912
-0.0131808
-0.0126338
-0.0120503
-0.0114308
-0.0107785
-0.0100972
-0.00939085
-0.00866349
-0.00791902
-0.0071614
-0.00639459
-0.00562255
-0.00484921
-0.00407854
-0.00331444
-0.00256081
-0.00182147
-0.00110019
-0.000400742
0.00027314
0.000917718
0.00152928
0.002104
0.00263862
0.00313299
0.00358775
0.00400355
0.00438095
0.00472048
0.00502261
0.00528775
0.00551627
0.00570848
0.00586465
0.005985
0.0060697
0.00611885
0.00613254
0.00611077
0.00605351
0.0059607
0.00583219
0.00566782
0.00546735
0.0052305
0.00495696
0.00464634
0.00429822
0.0039121
0.00348747
0.00302373
0.00252024
0.0019763
0.0013922
0.000772288
0.000121792
-0.000554222
-0.00125085
-0.00196334
-0.00268711
-0.00341772
-0.0041509
-0.00488252
-0.00560861
-0.00632535
-0.00702911
-0.00771641
-0.00838399
-0.0090287
-0.00964753
-0.0102376
-0.010796
-0.01132
-0.0118074
-0.012258
-0.0126721
-0.0130501
-0.0133922
-0.0136986
-0.0139697
-0.0142057
-0.0144067
-0.0145728
-0.0147043
-0.0148012
-0.0148636
-0.0148916
-0.0148852
-0.0148444
-0.0147692
-0.0146595
-0.0145152
-0.0143363
-0.0141225
-0.0138738
-0.0135898
-0.0132705
-0.0129154
-0.0125243
-0.0120968
-0.0116325
-0.0111311
-0.0105919
-0.0100153
-0.0094044
-0.00876331
-0.008096
-0.0074065
-0.00669882
-0.00597699
-0.00524499
-0.00450683
-0.00376649
-0.00302793
-0.0022951
-0.00157188
-0.000862111
-0.000169561
0.000502027
0.00114892
0.00176739
0.00235371
0.00290411
0.0034154
0.00388752
0.0043211
0.00471674
0.005075
0.00539637
0.0056813
0.00593016
0.00614332
0.00632107
0.00646364
0.00657124
0.00664402
0.00668208
0.00668546
0.00665418
0.00658819
0.0064874
0.00635167
0.00618081
0.00597459
0.00573272
0.00545487
0.00514065
0.00478963
0.00440133
0.0039752
0.00351066
0.00300707
0.00246373
0.00188088
0.00126264
0.000614012
-6.01548e-05
-0.000755126
-0.0014663
-0.0021892
-0.00291947
-0.0036529
-0.00438539
-0.00511296
-0.00583178
-0.00653816
-0.00722855
-0.00789959
-0.008548
-0.00917065
-0.00976446
-0.0103264
-0.0108535
-0.0113433
-0.0117959
-0.0122117
-0.0125911
-0.0129346
-0.0132426
-0.0135154
-0.0137533
-0.0139566
-0.0141255
-0.0142602
-0.0143608
-0.0144275
-0.0144604
-0.0144595
-0.0144247
-0.0143562
-0.0142537
-0.0141172
-0.0139465
-0.0137415
-0.0135018
-0.0132274
-0.0129177
-0.0125726
-0.0121915
-0.011774
-0.0113197
-0.010828
-0.0102984
-0.00973095
-0.00912893
-0.0084964
-0.00783739
-0.00715592
-0.00645603
-0.00574175
-0.0050171
-0.00428607
-0.00355266
-0.00282084
-0.00209456
-0.0013777
-0.000674111
1.24454e-05
0.000678224
0.0013195
0.00193253
0.00251361
0.00305895
0.0035654
0.00403287
0.00446201
0.00485341
0.00520762
0.00552512
0.00580635
0.0060517
0.00626152
0.00643608
0.00657563
0.00668036
0.00675043
0.00678591
0.00678687
0.00675331
0.00668518
0.00658238
0.00644477
0.00627217
0.00606433
0.00582096
0.00554174
0.00522627
0.00487412
0.0044848
0.00405778
0.00359246
0.0030882
0.00254431
0.00196101
0.0013424
0.000693445
1.89719e-05
-0.000676311
-0.00138782
-0.00211109
-0.0028418
-0.00357571
-0.00430875
-0.00503693
-0.00575643
-0.00646353
-0.0071547
-0.00782654
-0.00847579
-0.00909927
-0.00969389
-0.0102566
-0.0107844
-0.0112744
-0.0117245
-0.012134
-0.0125026
-0.0128303
-0.0131169
-0.0133617
-0.0135649
-0.0137263
-0.0138457
-0.0139228
-0.0139572
-0.013948
-0.0138947
-0.0137964
-0.0136523
-0.0134614
-0.0132229
-0.0129362
-0.0126003
-0.012214
-0.0117761
-0.0112854
-0.0107405
-0.0101398
-0.00948178
-0.00876476
-0.00798708
-0.00714707
-0.00624433
-0.0052818
-0.00426091
-0.00318807
-0.00207018
-0.00091346
0.000276101
0.00149262
0.00273019
0.00398167
0.00523588
0.00648422
0.00772
0.00893571
0.0101249
0.0112805
0.012395
0.0134623
0.0144773
0.0154328
0.0163208
0.017139
0.0178986
0.0186093
0.0192765
0.0199036
0.0204927
0.0210449
0.0215598
0.0220339
0.0224661
0.0228582
0.023212
0.023529
0.0238096
0.0240518
0.0242491
0.0244036
0.0245186
0.0245954
0.024634
0.0246342
0.0245936
0.0245101
0.0243808
0.0242078
0.0239924
0.0237344
0.0234323
0.0230867
0.0226986
0.0222725
0.0218108
0.0213164
0.0207938
0.0202487
0.0196852
0.0191062
0.0185132
0.017909
0.0172972
0.0166766
0.0160475
0.0154131
0.0147793
0.0141573
0.0135545
0.0129757
0.0124233
0.0119017
0.011413
0.0109586
0.0105266
0.0101058
0.00968887
0.00927086
0.00884882
0.0084213
0.00798853
0.00755126
0.00711037
0.00666684
0.00622172
0.00577605
0.00533089
0.00488726
0.00444618
0.00400852
0.00357493
0.00314597
0.00272217
0.002304
0.00189173
0.00148594
0.00108723
0.000696233
0.000313513
-6.03625e-05
-0.000424673
-0.000778527
-0.0011214
-0.00145257
-0.00177173
-0.00208276
-0.00238656
-0.00268089
-0.00296397
-0.00323521
-0.00349485
-0.00374282
-0.00397888
-0.00420441
-0.00441878
-0.00462052
-0.00480872
-0.00498298
-0.00514356
-0.00529091
-0.00542506
-0.0055461
-0.00565418
-0.00574962
-0.00583339
-0.00590659
-0.00597032
-0.00602565
-0.00607359
-0.00611514
-0.00615126
-0.00618283
-0.0062107
-0.00623567
-0.00625847
-0.00627982
-0.0063004
-0.00632082
-0.0063417
-0.00636362
-0.0063871
-0.00641268
-0.00644085
-0.00647212
-0.00650693
-0.00654574
-0.00658897
-0.00663703
-0.00669034
-0.00674927
-0.00681421
-0.00688553
-0.00696356
-0.00704855
-0.00714084
-0.00724077
-0.0073486
-0.00746452
-0.00758864
-0.00772104
-0.0078617
-0.00801058
-0.00816763
-0.00833278
-0.00850592
-0.00868695
-0.00887572
-0.00907209
-0.00927596
-0.00948726
-0.00970588
-0.00993174
-0.0101648
-0.0104044
