-0.00652898
-0.00652687
-0.00652668
-0.00652884
-0.00631667
-0.00649973
-0.00694344
-0.00691612
-0.00736248
-0.00744876
-0.00780116
-0.00803694
-0.00829647
-0.00843259
-0.00855379
-0.00867939
-0.00884633
-0.00904528
-0.00926334
-0.00949465
-0.00974231
-0.0100079
-0.0102919
-0.0105946
-0.0109157
-0.0112547
-0.0116108
-0.0119829
-0.0123764
-0.012788
-0.0132117
-0.0136466
-0.0140915
-0.0145448
-0.0150051
-0.0154708
-0.0159404
-0.0164227
-0.0169065
-0.0173852
-0.0178561
-0.01832
-0.0187762
-0.0192233
-0.0196601
-0.0200847
-0.0204955
-0.020891
-0.0212694
-0.021629
-0.0219672
-0.0222559
-0.0224311
-0.0224611
-0.0224075
-0.0222727
-0.0220566
-0.021758
-0.0213749
-0.0209054
-0.020347
-0.0196976
-0.0189549
-0.0181166
-0.0171806
-0.0161447
-0.0150071
-0.0137659
-0.0124192
-0.0109655
-0.00951197
-0.00799743
-0.00634182
-0.00458955
-0.0027386
-0.000787024
0.00126637
0.00342325
0.00568581
0.0080572
0.0105431
0.0131559
0.0152117
0.0169551
0.0186426
0.0203823
0.0222172
0.0241656
0.0262288
0.028268
0.0302657
0.0322184
0.0341229
0.0359767
0.0377773
0.0395222
0.0412093
0.0428361
0.0444005
0.0459004
0.0473337
0.0487693
0.0499489
0.0511202
0.0522019
0.0535866
0.0551506
0.0569768
0.0591836
0.0615882
0.0623464
0.0624348
0.0621728
0.0618678
0.0615201
0.061127
0.0606841
0.0601855
0.0596247
0.0589938
0.0582845
0.0575403
0.0563935
0.0556328
0.0541008
0.0523399
0.0508463
0.0494218
0.0480717
0.046792
0.0455775
0.0444228
0.0432689
0.0421142
0.0409594
0.0398048
0.038469
0.037111
0.0357086
0.0342991
0.0329886
0.0316792
0.0303459
0.0290445
0.0277707
0.0265408
0.0251683
0.0236614
0.0220304
0.0202791
0.0184292
0.0165731
0.0147219
0.012882
0.0110559
0.00923261
0.00751194
0.00583449
0.00420105
0.00260289
0.00103747
-0.000597488
-0.00223938
-0.00389609
-0.00557115
-0.00724424
-0.00889493
-0.010531
-0.0126559
-0.0145991
-0.0164616
-0.0182422
-0.0199653
-0.0218673
-0.0239509
-0.0261657
-0.0286198
-0.0313223
-0.0342975
-0.0371299
-0.0395667
-0.0418707
-0.0441306
-0.0463509
-0.048588
-0.0508341
-0.0532265
-0.0567963
-0.061478
-0.0671463
-0.0731803
-0.07966
-0.0870169
-0.0947514
-0.10279
-0.111013
-0.11955
-0.128389
-0.13757
-0.147133
-0.157125
-0.167178
-0.177243
-0.187327
-0.197441
-0.207569
-0.217675
-0.227765
-0.238621
-0.249638
-0.260866
-0.27236
-0.283983
-0.295521
-0.305387
-0.314795
-0.324183
-0.333018
-0.341643
-0.349597
-0.357396
-0.3648
-0.371785
-0.377842
-0.384326
-0.389437
-0.393452
-0.396878
-0.400009
-0.403138
-0.406284
-0.409539
-0.412364
-0.41532
-0.418121
-0.421225
-0.424645
-0.428395
-0.431967
-0.4354
-0.438762
-0.442122
-0.444854
-0.446896
-0.448238
-0.44897
-0.449185
-0.448966
-0.450536
-0.452585
-0.455095
-0.457994
-0.461039
-0.46246
-0.464132
-0.465794
-0.467476
-0.469259
-0.471173
-0.473242
-0.475476
-0.478078
-0.48095
-0.483493
-0.486224
-0.489221
-0.492498
-0.495979
-0.499699
-0.503696
-0.507998
-0.512568
-0.517295
-0.522187
-0.52717
-0.532237
-0.537405
-0.542211
-0.547159
-0.552282
-0.557344
-0.562354
-0.567304
-0.572212
-0.576846
-0.580663
-0.58442
-0.588115
-0.591771
-0.595578
-0.596462
-0.59724
-0.598738
-0.601368
-0.603948
-0.606431
-0.608942
-0.611447
-0.613951
-0.616454
-0.618951
-0.621447
-0.621693
-0.624021
-0.626507
-0.628198
-0.629597
-0.630721
-0.631745
-0.631974
-0.63209
-0.632851
-0.633618
-0.634437
-0.635334
-0.635926
-0.636335
-0.636685
-0.636976
-0.637208
-0.63738
-0.637492
-0.637545
-0.63754
-0.637478
-0.637358
-0.637181
-0.636945
-0.63665
-0.636297
-0.635886
-0.635415
-0.634885
-0.634296
-0.633648
-0.63294
-0.632172
-0.631343
-0.630454
-0.629508
-0.628645
-0.627734
-0.626941
-0.626182
-0.625425
-0.624662
-0.623892
-0.623117
-0.622335
-0.621546
-0.62075
-0.619947
-0.619136
-0.618316
-0.617462
-0.616609
-0.615755
-0.614901
-0.614046
-0.613154
-0.612309
-0.611465
-0.610621
-0.609966
-0.609303
-0.608691
-0.608147
-0.60767
-0.607262
-0.606921
-0.606647
-0.606437
-0.606289
-0.606203
-0.606179
-0.606182
-0.606186
-0.606189
-0.606192
-0.606195
-0.606199
-0.606202
-0.606205
-0.606208
-0.606212
-0.606215
-0.606218
-0.606221
-0.606224
-0.606227
-0.60623
-0.606233
-0.606236
-0.606239
-0.606242
-0.606245
-0.606248
-0.60625
-0.606253
-0.606256
-0.606259
-0.606261
-0.606264
-0.606267
-0.606269
-0.606272
-0.606274
-0.606277
-0.606279
-0.606282
-0.606284
-0.606287
-0.606289
-0.606292
-0.606294
-0.606296
-0.606299
-0.606301
-0.606303
-0.606305
-0.606308
-0.60631
-0.606312
-0.606314
-0.606316
-0.606318
-0.60632
-0.606323
-0.606325
-0.606327
-0.606329
-0.606331
-0.606333
-0.606334
-0.606336
-0.606338
-0.60634
-0.606342
-0.606344
-0.606346
-0.606348
-0.606349
-0.606351
-0.606353
-0.606355
-0.606356
-0.606358
-0.60636
-0.606361
-0.606363
-0.606365
-0.606366
-0.606368
-0.60637
-0.606371
-0.606373
-0.606374
-0.606376
-0.606377
-0.606379
-0.60638
-0.606382
-0.606383
-0.606385
-0.606386
-0.606387
-0.606389
-0.60639
-0.606392
-0.606393
-0.606394
-0.606396
-0.606397
-0.606398
-0.606399
-0.606401
-0.606402
-0.606403
-0.606405
-0.606406
-0.606407
-0.606408
-0.606409
-0.606411
-0.606412
-0.606413
-0.606414
-0.606415
-0.606416
-0.606417
-0.606418
-0.60642
-0.606421
-0.606422
-0.606423
-0.606424
-0.606425
-0.606426
-0.606427
-0.606428
-0.606429
-0.60643
-0.606431
-0.606432
-0.606433
-0.606434
-0.606435
-0.606436
-0.606436
-0.606437
-0.606438
-0.606439
-0.60644
-0.606441
-0.606442
-0.606443
-0.606443
-0.606444
-0.606445
-0.606446
-0.606447
-0.606448
-0.606448
-0.606449
-0.60645
-0.606451
-0.606451
-0.606452
-0.606453
-0.606454
-0.606454
-0.606455
-0.606456
-0.606457
-0.606457
-0.606458
-0.606459
-0.606459
-0.60646
-0.606461
-0.606461
-0.606462
-0.606463
-0.606463
-0.606464
-0.606465
-0.606465
-0.606466
-0.606466
-0.606467
-0.606468
-0.606468
-0.606469
-0.606469
-0.60647
-0.606471
-0.606471
-0.606472
-0.606472
-0.606473
-0.606473
-0.606474
-0.606474
-0.606475
-0.606475
-0.606476
-0.606477
-0.606477
-0.606478
-0.606478
-0.606479
-0.606479
-0.606479
-0.60648
-0.60648
-0.606481
-0.606481
-0.606482
-0.606482
-0.606483
-0.606483
-0.606484
-0.606484
-0.606484
-0.606485
-0.606485
-0.606486
-0.606486
-0.606487
-0.606487
-0.606487
-0.606488
-0.606488
-0.606489
-0.606489
-0.606489
-0.60649
-0.60649
-0.60649
-0.606491
-0.606491
-0.606492
-0.606492
-0.606492
-0.606493
-0.606493
-0.606493
-0.606494
-0.606494
-0.606494
-0.606495
-0.606495
-0.606495
-0.606496
-0.606496
-0.606496
-0.606497
-0.606497
-0.606497
-0.606497
-0.606498
-0.606498
-0.606498
-0.606499
-0.606499
-0.606499
-0.606499
-0.6065
-0.6065
-0.6065
-0.606501
-0.606501
-0.606501
-0.606501
-0.606502
-0.606844
-0.606836
-0.606968
-0.607231
-0.607121
-0.606981
-0.607229
-0.607294
-0.607326
-0.607322
-0.607219
-0.607038
-0.607196
-0.607812
-0.60843
-0.609012
