0.099997
0.0924034
0.0836476
0.07817
0.078179
0.0763875
0.0744997
0.0745256
0.0733202
0.0733467
0.0727315
0.0727435
0.0724602
0.07246
0.0724534
0.0724518
0.0724531
0.0724564
0.0724612
0.072467
0.0724736
0.0724809
0.0724887
0.0724969
0.0725054
0.0725141
0.0725228
0.0725316
0.0725234
0.072517
0.072511
0.0725058
0.0725014
0.0724981
0.072496
0.0724953
0.0724961
0.0724984
0.0725018
0.0725072
0.0725147
0.0725243
0.072536
0.07255
0.0725663
0.072585
0.072606
0.0726295
0.0726554
0.0726838
-0.0872469
-0.0872158
-0.0871626
-0.0870911
-0.0870024
-0.0868952
-0.0867687
-0.0866222
-0.0864547
-0.0862655
-0.0860538
-0.0858189
-0.08556
-0.0852766
-0.084968
-0.0846336
-0.084273
-0.0838855
-0.0834708
-0.0830283
-0.0827506
-0.0826296
-0.0823739
-0.0820963
-0.0817951
-0.0814692
-0.0811168
-0.0807353
-0.0803212
-0.0798688
-0.079366
-0.0787753
-0.0787329
-0.0794581
-0.0804635
-0.0812916
-0.0818127
-0.0819808
-0.0817814
-0.0815165
-0.0812212
-0.0809
-0.0805563
-0.0801929
-0.0798123
-0.0794168
-0.0790089
-0.078591
-0.0781656
-0.0777353
0.0701188
0.0702436
0.0696858
0.0695287
0.069329
0.0693859
0.068917
0.0686358
0.0689006
0.0691687
0.0697855
0.0703949
0.0708184
0.0712389
0.0716561
0.0720697
0.0724798
0.0728866
0.0732898
0.0736895
0.0740851
0.0744355
0.0753303
0.0772959
0.0773481
0.0753676
0.0762143
0.0769108
0.0781261
0.0796797
0.0814704
0.0834388
0.0854661
0.0873439
0.089155
0.0909342
0.0922371
0.0934627
0.0942191
0.0944273
0.0981139
0.101961
0.10602
0.110618
0.115584
0.120582
0.125025
0.128945
0.132367
0.135247
0.0799933
0.0919812
0.107527
0.125208
0.142824
0.159952
0.176872
0.193402
0.208516
0.220417
0.231318
0.242059
0.247734
0.249292
0.246785
0.241381
0.234651
0.227694
0.2267
0.225407
0.223646
0.221803
0.219884
0.218034
0.216182
0.213952
0.211243
0.208076
0.204481
0.200337
0.197248
0.194276
0.1913
0.188404
0.185433
0.191028
0.197033
0.200112
0.20072
0.198696
0.196641
0.195445
0.192821
0.189949
0.186848
0.183569
0.180145
0.176501
0.172603
0.168426
0.418803
0.409189
0.398891
0.387552
0.374978
0.360243
0.348249
0.337963
0.331706
0.325126
0.318219
0.311064
0.303755
0.296332
0.289322
0.282347
0.274791
0.26439
0.255103
0.247401
0.241107
0.236506
0.233487
0.230221
0.226038
0.222747
0.22053
0.218741
0.216974
0.215123
0.212964
0.210857
0.209494
0.208101
0.207717
0.20737
0.207077
0.206823
0.206444
0.206026
0.205676
0.205102
0.205873
0.205578
0.204904
0.203982
0.203138
0.201803
0.197967
0.193308
0.025358
0.0203108
0.0174194
0.0162903
0.0169262
0.0196061
0.023258
0.0269847
0.0307339
0.034577
0.0364751
0.0341271
0.0293997
0.0231697
0.0161823
0.00831694
8.42831e-05
-0.00894284
-0.0196931
-0.0325768
-0.0479517
-0.0653591
-0.0839497
-0.103502
-0.123698
-0.144477
-0.165624
-0.19133
-0.221228
-0.251372
-0.280488
-0.308539
-0.335486
-0.361303
-0.385811
-0.406099
-0.428686
-0.453403
-0.478991
-0.499448
-0.514185
-0.521867
-0.531159
-0.541808
-0.544362
-0.547562
-0.558411
-0.564672
-0.569141
-0.571756
-0.627673
-0.641742
-0.651151
-0.658322
-0.663311
-0.664892
-0.668093
-0.673266
-0.680372
-0.681677
-0.682588
-0.683395
-0.684089
-0.684698
-0.685233
-0.686198
-0.686627
-0.686992
-0.687295
-0.687537
-0.687716
-0.687834
-0.687892
-0.687892
-0.687835
-0.687722
-0.687553
-0.687328
-0.687045
-0.686706
-0.686308
-0.685853
-0.685339
-0.684766
-0.684133
-0.683439
-0.682685
-0.681868
-0.680989
-0.679623
-0.67869
-0.677697
-0.676893
-0.676062
-0.675195
-0.674305
-0.673391
-0.672453
-0.67149
-0.670499
-0.540388
-0.539458
-0.538508
-0.537536
-0.536513
-0.535481
-0.53444
-0.533389
-0.532327
-0.531219
-0.530155
-0.529081
-0.527998
-0.526898
-0.525798
-0.524797
-0.523917
-0.523164
-0.522563
-0.522091
-0.521715
-0.521427
-0.521223
-0.521102
-0.521062
-0.521066
-0.521071
-0.521075
-0.521079
-0.521084
-0.521088
-0.521092
-0.521097
-0.521101
-0.521105
-0.52111
-0.521114
-0.521118
-0.521122
-0.521126
-0.52113
-0.521134
-0.521138
-0.521142
-0.521146
-0.52115
-0.521153
-0.521157
-0.521161
-0.521164
-0.646938
-0.646942
-0.646947
-0.646951
-0.646955
-0.646959
-0.646964
-0.646968
-0.646972
-0.646976
-0.64698
-0.646984
-0.646988
-0.646992
-0.646996
-0.646999
-0.647003
-0.647007
-0.647011
-0.647014
-0.647018
-0.647021
-0.647025
-0.647028
-0.647032
-0.647035
-0.647039
-0.647042
-0.647046
-0.647049
-0.647052
-0.647055
-0.647059
-0.647062
-0.647065
-0.647068
-0.647071
-0.647074
-0.647077
-0.64708
-0.647083
-0.647086
-0.647089
-0.647092
-0.647095
-0.647098
-0.6471
-0.647103
-0.647106
-0.647108
-0.52131
-0.521312
-0.521314
-0.521316
-0.521318
-0.521321
-0.521323
-0.521325
-0.521327
-0.521329
-0.521331
-0.521333
-0.521335
-0.521336
-0.521338
-0.52134
-0.521342
-0.521344
-0.521346
-0.521348
-0.521349
-0.521351
-0.521353
-0.521355
-0.521356
-0.521358
-0.52136
-0.521361
-0.521363
-0.521365
-0.521366
-0.521368
-0.52137
-0.521371
-0.521373
-0.521374
-0.521376
-0.521377
-0.521379
-0.52138
-0.521382
-0.521383
-0.521385
-0.521386
-0.521387
-0.521389
-0.52139
-0.521392
-0.521393
-0.521394
-0.647216
-0.647217
-0.647219
-0.647221
-0.647222
-0.647224
-0.647225
-0.647227
-0.647228
-0.64723
-0.647231
-0.647233
-0.647234
-0.647235
-0.647237
-0.647238
-0.64724
-0.647241
-0.647242
-0.647244
-0.647245
-0.647246
-0.647248
-0.647249
-0.64725
-0.647251
-0.647253
-0.647254
-0.647255
-0.647256
-0.647258
-0.647259
-0.64726
-0.647261
-0.647262
-0.647263
-0.647264
-0.647266
-0.647267
-0.647268
-0.647269
-0.64727
-0.647271
-0.647272
-0.647273
-0.647274
-0.647275
-0.647276
-0.647277
-0.647278
-0.521447
-0.521448
-0.521449
-0.52145
-0.521451
-0.521451
-0.521452
-0.521453
-0.521454
-0.521454
-0.521455
-0.521456
-0.521456
-0.521457
-0.521458
-0.521459
-0.521459
-0.52146
-0.521461
-0.521461
-0.521462
-0.521463
-0.521463
-0.521464
-0.521464
-0.521465
-0.521466
-0.521466
-0.521467
-0.521468
-0.521468
-0.521469
-0.521469
-0.52147
-0.52147
-0.521471
-0.521472
-0.521472
-0.521473
-0.521473
-0.521474
-0.521474
-0.521475
-0.521475
-0.521476
-0.521476
-0.521477
-0.521477
-0.521478
-0.521478
-0.647317
-0.647318
-0.647319
-0.647319
-0.64732
-0.64732
-0.647321
-0.647321
-0.647322
-0.647323
-0.647323
-0.647324
-0.647324
-0.647325
-0.647325
-0.647326
-0.647326
-0.647327
-0.647327
-0.647328
-0.647328
-0.647329
-0.647329
-0.64733
-0.64733
-0.64733
-0.647331
-0.647331
-0.647332
-0.647332
-0.647333
-0.647333
-0.647334
-0.647334
-0.647334
-0.652178
-0.647704
-0.646889
-0.651021
-0.646144
-0.643858
-0.645513
-0.645379
-0.644956
-0.644238
-0.643613
-0.642289
-0.644636
-0.649746
-0.654015
-0.527618
