-0.0001419
-0.000546849
-0.00118316
-0.00202923
-0.00306441
-0.00426902
-0.00562428
-0.0071122
-0.00871551
-0.0104818
-0.0123869
-0.0143439
-0.0163396
-0.0183612
-0.0203969
-0.0224348
-0.0244634
-0.0264715
-0.0284487
-0.0303849
-0.0322701
-0.0340949
-0.03585
-0.0375264
-0.0391153
-0.0406083
-0.041997
-0.0432731
-0.0444287
-0.0454552
-0.046345
-0.0470912
-0.0476862
-0.0481223
-0.0483922
-0.0484891
-0.0484063
-0.0481369
-0.0476742
-0.0470405
-0.0462483
-0.0452692
-0.044113
-0.0427806
-0.0412583
-0.0395644
-0.0377053
-0.0356733
-0.0334435
-0.0309731
-0.0279726
-0.0245936
-0.0212486
-0.0179329
-0.014642
-0.0113714
-0.00811643
-0.0048727
-0.00163571
0.00159902
0.00483597
0.00807959
0.0113344
0.0146048
0.0178955
0.0212108
0.0245555
0.0279341
0.0313513
0.0348118
0.0383205
0.0418821
0.0455015
0.0491839
0.0529342
0.0567576
0.0606595
0.0646452
0.0687202
0.0728902
0.0766935
0.079691
0.0819323
0.0834643
0.0843319
0.0845776
0.0842418
0.083363
0.0819777
0.0801204
0.0778243
0.0751206
0.0720429
0.0686271
0.0649073
0.0609159
0.0566838
0.0522406
0.0476142
0.0428313
0.03823
0.0340761
0.0302499
0.0266291
0.0230977
0.0195982
0.0161258
0.0126757
0.0092431
0.00582327
0.00241148
-0.000996969
-0.0044068
-0.00782272
-0.0112494
-0.0146917
-0.0181543
-0.021642
-0.0251595
-0.0287119
-0.0323039
-0.0359405
-0.0396268
-0.0433679
-0.0471689
-0.0510351
-0.0549718
-0.0589844
-0.0630786
-0.0672599
-0.0711309
-0.0743126
-0.0768468
-0.0787731
-0.0801294
-0.0809516
-0.0812739
-0.0811287
-0.080547
-0.079558
-0.0781897
-0.0764689
-0.0744248
-0.072089
-0.0694915
-0.066661
-0.0636248
-0.0604089
-0.057038
-0.053536
-0.0499454
-0.0463007
-0.042608
-0.0388732
-0.035102
-0.0312994
-0.0274704
-0.0236196
-0.0197514
-0.0158699
-0.011979
-0.00808247
-0.00418367
-0.0002859
0.00360775
0.00749441
0.0113714
0.0152362
0.0190866
0.0229207
0.0267366
0.030533
0.0343089
0.0380636
0.0417968
0.0455087
0.0491997
0.0528708
0.0565234
0.0601809
0.0636588
0.0667482
0.0694456
0.0717489
0.0736574
0.0751704
0.0762875
0.0770089
0.0773348
0.077266
0.0768039
0.0759508
0.074712
0.0730934
0.0710986
0.0687291
0.065985
0.0628693
0.0593795
0.055496
0.0514387
0.0474457
0.0435182
0.0396509
0.0358384
0.0320754
0.0283567
0.0246771
0.0210317
0.0174154
0.0138231
0.0102499
0.0066909
0.00314113
-0.000404303
-0.00395029
-0.00750174
-0.0110636
-0.0146407
-0.018238
-0.0218605
-0.0255133
-0.0292013
-0.0329296
-0.0367035
-0.0405281
-0.0444086
-0.0483506
-0.0523593
-0.0564404
-0.0602891
-0.0636063
-0.0664086
-0.0687124
-0.0705337
-0.0718882
-0.0727917
-0.0732595
-0.0733073
-0.0729503
-0.072204
-0.0710842
-0.0696091
-0.0677974
-0.0656654
-0.0632265
-0.0604918
-0.0574701
-0.054168
-0.0505899
-0.0468926
-0.0432298
-0.0395991
-0.0359981
-0.0324244
-0.0288756
-0.0253492
-0.0218427
-0.0183536
-0.0148793
-0.0114174
-0.00796507
-0.00451979
-0.00107885
0.00236046
0.00580091
0.00924531
0.0126965
0.0161575
0.0196313
0.023121
0.0266298
0.030161
0.033718
0.0373045
0.0409242
0.044581
0.0482788
0.0520219
0.0558174
0.0594418
0.0626653
0.0654872
0.0679073
0.0699256
0.0715425
0.0727585
0.0735743
0.0739912
0.0740108
0.073635
0.0728669
0.0717126
0.0701786
0.0682691
0.0659863
0.0633302
0.0603019
0.0569003
0.0531118
0.0491592
0.0452742
0.0414519
0.0376867
0.0339737
0.0303076
0.0266834
0.0230961
0.0195407
0.0160122
0.012506
0.00901695
0.0055404
0.0020715
-0.00139452
-0.00486248
-0.00833716
-0.0118234
-0.0153259
-0.0188496
-0.0223994
-0.0259801
-0.0295967
-0.0332542
-0.0369577
-0.0407122
-0.044523
-0.0483953
-0.0523345
-0.056346
-0.0601387
-0.0634255
-0.0662198
-0.0685346
-0.0703828
-0.0717771
-0.0727301
-0.0732546
-0.073363
-0.0730681
-0.0723827
-0.07132
-0.0698959
-0.0681266
-0.066026
-0.0636053
-0.0608735
-0.0578372
-0.054501
-0.0508674
-0.0471123
-0.0434089
-0.0397531
-0.0361412
-0.0325693
-0.0290335
-0.0255301
-0.0220552
-0.0186052
-0.0151763
-0.0117646
-0.00836656
-0.00497833
-0.00159617
0.00178369
0.00516502
0.00855163
0.0119474
0.0153561
0.0187818
0.0222283
0.0256999
0.0292004
0.0327343
0.0363057
0.039919
0.0435788
0.0472896
0.0510562
0.0548833
0.0585406
0.0617945
0.0646447
0.0670915
0.0691348
0.0707753
0.0720136
0.0728507
0.0732881
0.0733273
0.0729707
0.0722214
0.0710856
0.06957
0.067679
0.0654147
0.0627775
0.059768
0.0563851
0.0526165
0.0486847
0.0448203
0.0410178
0.037272
0.0335776
0.0299297
0.0263231
0.0227529
0.0192142
0.015702
0.0122115
0.00873786
0.0052763
0.00182204
-0.00162971
-0.00508371
-0.00854473
-0.0120176
-0.015507
-0.0190179
-0.022555
-0.0261233
-0.0297277
-0.0333732
-0.0370648
-0.0408077
-0.0446069
-0.0484677
-0.0523956
-0.0563958
-0.0601791
-0.0634598
-0.066251
-0.0685652
-0.0704149
-0.0718125
-0.0727701
-0.0733001
-0.0734147
-0.0731262
-0.0724471
-0.0713903
-0.0699712
-0.068206
-0.0661082
-0.0636886
-0.0609559
-0.0579166
-0.0545748
-0.050933
-0.0470303
-0.0429851
-0.038905
-0.034819
-0.0307219
-0.026574
-0.0223995
-0.0182306
-0.0140456
-0.00983658
-0.00558353
-0.00127007
0.00311233
0.00756518
0.0121041
0.0167387
0.0214556
0.026244
0.0311154
0.0360922
0.0411876
0.0464069
0.0517566
0.0572539
0.0629091
0.0687246
0.0747068
0.0808581
0.0871672
0.0932962
0.09923
0.104811
0.109644
0.113832
0.117412
0.120402
0.122803
0.124612
0.125462
0.125245
0.124325
0.122691
0.120356
0.117365
0.113618
0.109181
0.10421
0.0986547
0.0922991
0.085224
0.0786765
0.073393
0.0688258
0.0646759
0.0607864
0.0570492
0.0533923
0.0495053
0.0453043
0.0411739
0.0372681
0.0335245
0.0298757
0.0262394
0.0220231
0.0175151
0.0134399
0.00958508
0.00576854
0.00196078
-0.00198056
-0.00615102
-0.0106312
-0.015161
-0.0194314
-0.0236439
-0.0279988
-0.0323909
-0.03674
-0.0407774
-0.0444186
-0.0478652
-0.0509435
-0.053474
-0.0554823
-0.0571633
-0.0586273
-0.0599232
-0.0608215
-0.0615982
-0.0625196
-0.0632408
-0.0635675
-0.0629589
-0.0613304
-0.0591348
-0.0566196
-0.0537487
-0.0505673
-0.0470712
-0.0440938
-0.042484
-0.0417873
-0.0416861
-0.0419652
-0.0424693
-0.0430254
-0.0435156
-0.043924
-0.0442378
-0.0444498
-0.044557
-0.0445589
-0.0444564
-0.0442519
-0.0439495
-0.0435715
-0.0431372
-0.0426471
-0.0421035
-0.0415285
-0.0409137
-0.0402358
-0.0394952
-0.0386946
-0.03784
-0.0369239
-0.0359204
-0.0348438
-0.033722
-0.0324807
-0.0314534
-0.0307624
-0.0299469
-0.0288898
-0.0277165
-0.0265395
-0.0253885
-0.0241888
-0.0230677
-0.0220189
-0.0208268
-0.0195075
-0.0181238
-0.0167343
-0.0153921
-0.0140747
-0.0127574
-0.0114533
-0.0101657
-0.00894201
-0.0078299
-0.0068286
-0.00593536
-0.00514631
-0.0044585
-0.0038683
-0.00337011
-0.00295863
-0.00262889
-0.00237622
-0.00219636
-0.00208538
-0.0020396
-0.00205564
-0.00213035
-0.00226084
-0.0024445
-0.00267946
-0.00296412
-0.00329623
-0.00367369
-0.00409483
-0.00455806
-0.00506202
-0.0056055
-0.00618744
-0.00680683
-0.00746287
-0.00814612
-0.00885787
-0.00960602
-0.0103843
-0.0111849
-0.0120008
-0.0128257
-0.0136532
-0.0144779
-0.0152977
-0.0161114
-0.0169163
-0.0177109
-0.0184922
-0.0192586
-0.0200137
-0.0207605
-0.0214974
-0.0222249
-0.0229464
-0.0236632
-0.0242022
