0
0.000554439
0.000312654
-5.31534e-05
0.021139
-0.0183048
-0.0443702
0.00270294
-0.0446439
-0.00864187
-0.0352532
-0.0236007
-0.0259833
-0.013657
-0.0121781
-0.0126212
-0.0167606
-0.0199692
-0.0218907
-0.0232272
-0.0248737
-0.0266768
-0.0285438
-0.0304219
-0.0322781
-0.0340875
-0.0358242
-0.0374347
-0.0395201
-0.0413268
-0.0425415
-0.0436501
-0.0446346
-0.0454786
-0.0461704
-0.0467013
-0.0470773
-0.0483437
-0.0484802
-0.047962
-0.0471771
-0.0464616
-0.0456745
-0.0447666
-0.0437155
-0.0424919
-0.0411078
-0.0395671
-0.0378605
-0.0359622
-0.0338282
-0.0288887
-0.0175371
-0.00300943
0.00536106
0.0134836
0.0216247
0.02989
0.0383363
0.0469926
0.0558723
0.0649794
0.0743123
0.0838658
0.0936325
0.103603
0.113769
0.124118
0.134639
0.145324
0.145585
0.151372
0.165376
0.174983
0.184815
0.194858
0.20501
0.215319
0.225839
0.236669
0.24806
0.260676
0.204007
0.17259
0.167387
0.172804
0.182406
0.193769
0.205238
0.202815
0.198628
0.194069
0.189202
0.184062
0.178666
0.173028
0.167154
0.16105
0.154722
0.148174
0.141412
0.143486
0.118051
0.117119
0.107991
0.136638
0.154746
0.181033
0.218842
0.23846
0.0718323
0.00502464
-0.0298722
-0.034241
-0.0386249
-0.0432933
-0.0484147
-0.0541172
-0.0605031
-0.0676571
-0.0756494
-0.0797946
-0.11831
-0.0809134
-0.158447
-0.181532
-0.153335
-0.146964
-0.139686
-0.132838
-0.126541
-0.120843
-0.119979
-0.119252
-0.118527
-0.117787
-0.136331
-0.13843
-0.14271
-0.143289
-0.13301
-0.132352
-0.135622
-0.132693
-0.130304
-0.126313
-0.14051
-0.153853
-0.166
-0.177704
-0.187297
-0.187925
-0.188246
-0.188225
-0.187763
-0.189442
-0.17335
-0.168678
-0.165008
-0.164447
-0.165845
-0.173917
-0.174569
-0.176531
-0.1802
-0.177143
-0.165497
-0.157664
-0.212964
-0.188882
-0.178368
-0.170857
-0.166227
-0.184998
-0.204589
-0.216368
-0.241592
-0.267826
-0.296392
-0.280269
-0.237869
-0.222749
-0.217232
-0.212241
-0.213294
-0.214169
-0.227357
-0.347053
-0.459776
-0.560017
-0.593872
-0.63479
-0.722395
-0.759278
-0.788596
-0.806153
-0.838275
-0.868966
-0.903504
-0.942044
-0.985212
-0.992649
-0.994178
-0.996955
-0.999921
-0.999267
-0.990503
-0.982805
-1.07208
-1.07989
-1.0989
-1.12549
-1.13867
-1.13024
-0.965603
-0.917049
-0.916877
-0.857129
-0.834795
-0.76369
-0.746839
-0.704705
-0.660026
-0.562886
-0.607517
-0.502427
-0.399327
-0.34253
-0.313671
-0.313211
-0.314358
-0.332146
-0.291591
-0.305691
-0.289636
-0.320194
-0.3523
-0.386246
-0.367859
-0.3525
-0.3446
-0.343331
-0.269296
-0.19903
-0.12939
-0.0686368
-0.0191001
0.0249919
-0.156522
-0.205005
-0.252238
-0.29225
-0.307084
-0.146585
-0.172256
-0.172214
-0.175001
-0.185818
-0.199621
-0.215424
-0.23103
-0.267459
-0.294362
-0.259906
-0.278189
-0.304408
-0.332298
-0.353368
-0.37711
-0.404446
-0.434942
-0.460977
-0.475651
-0.49093
-0.498865
-0.505984
-0.514965
-0.480933
-0.493479
-0.510477
-0.503741
-0.497924
-0.491513
-0.48658
-0.458352
-0.381276
-0.373657
-0.364329
-0.358519
-0.374709
-0.0788741
-0.0802139
-0.151082
-0.264056
-0.265589
-0.253928
-0.25478
-0.253319
-0.252201
-0.25097
-0.249774
-0.248942
-0.0218295
-0.234305
-0.250202
-0.170068
-0.140547
-0.112717
-0.102443
-0.0230601
-0.0118454
-0.07661
-0.0771231
-0.0823893
-0.0901297
-0.059435
-0.0410861
-0.0351589
-0.0292093
-0.0232412
-0.0172588
-0.0112667
-0.00530838
0.000502812
0.00622214
0.0119741
0.0177392
0.0235639
0.0293952
0.0352341
0.0410818
0.0469394
0.0528078
0.0586878
0.0645802
0.0705176
0.0764698
0.0824364
0.0884177
0.0939657
0.0855222
0.090191
0.0791194
0.0756439
0.0755129
0.0760667
0.0766515
0.0772674
0.0779144
0.0785926
0.0793019
0.0800426
0.0808147
0.0816187
0.0851541
0.08512
0.0851252
0.0851739
0.085278
0.0888207
0.0842294
0.0842102
0.0842266
0.0653921
0.0661551
0.0611487
0.0543581
0.0476226
0.0408263
0.0340488
0.0274008
0.0210283
0.0147649
0.00856613
0.00240864
-0.000318029
-0.00032361
-0.000324362
-0.000325089
-0.000325809
-0.00032652
-0.000326883
-0.000326408
-0.00032313
-0.000319866
-0.000316636
-0.000313438
-0.000310273
-0.000307141
-0.00030404
-0.000300968
-0.000297926
-0.000294915
-0.000291935
-0.000288985
-0.000286065
-0.000283175
-0.000280314
-0.000277483
-0.00027468
-0.000271906
-0.00026916
-0.000266442
-0.000263752
-0.000261089
-0.000258452
-0.000255841
-0.000253257
-0.000250748
-0.000248218
-0.000245713
-0.000243234
-0.00024078
-0.000238351
-0.000235946
-0.000233566
-0.00023121
-0.000228878
-0.00022657
-0.000224285
-0.000222024
-0.000219785
-0.00021757
-0.000215376
-0.000213205
-0.000211056
-0.000208929
-0.000206824
-0.00020474
-0.000202677
-0.000200635
-0.000198613
-0.000196613
-0.000194632
-0.000192671
-0.00019073
-0.000188809
-0.000186907
-0.000185024
-0.00018316
-0.000181316
-0.00017949
-0.000177682
-0.000175893
-0.000174122
-0.000172369
-0.000170634
-0.000168917
-0.000167216
-0.000165533
-0.000163868
-0.000162219
-0.000160586
-0.000158971
-0.000157371
-0.000155788
-0.000154221
-0.00015267
-0.000151134
-0.000149615
-0.00014811
-0.000146621
-0.000145146
-0.000143687
-0.000142243
-0.000140813
-0.000139397
-0.000137996
-0.000136609
-0.000135236
-0.000133877
-0.000132532
-0.0001312
-0.000130273
-0.000128971
-0.000127681
-0.000126404
-0.00012514
-0.000123889
-0.00012265
-0.000121423
-0.000120209
-0.000119007
-0.000117816
-0.000116638
-0.000115472
-0.000114317
-0.000113174
-0.000112042
-0.000110921
-0.000109812
-0.000108714
-0.000107627
-0.00010655
-0.000105485
-0.00010443
-0.000103385
-0.000102351
-0.000101328
-0.000100314
-9.93111e-05
-9.8318e-05
-9.73347e-05
-9.63613e-05
-9.53976e-05
-9.44435e-05
-9.3499e-05
-9.2564e-05
-9.16383e-05
-9.07219e-05
-8.98146e-05
-8.89164e-05
-8.80272e-05
-8.71469e-05
-8.62753e-05
-8.54125e-05
-8.45584e-05
-8.37128e-05
-8.28756e-05
-8.20468e-05
-8.12263e-05
-8.0414e-05
-7.96099e-05
-7.88138e-05
-7.80256e-05
-7.72453e-05
-7.64729e-05
-7.57081e-05
-7.49511e-05
-7.42015e-05
-7.34595e-05
-7.2725e-05
-7.19977e-05
-7.12777e-05
-7.0565e-05
-6.98593e-05
-6.91608e-05
-6.84692e-05
-6.77845e-05
-6.71067e-05
-6.64357e-05
-6.57713e-05
-6.51137e-05
-6.44626e-05
-6.3818e-05
-6.31799e-05
-6.25481e-05
-6.19227e-05
-6.13035e-05
-6.06905e-05
-6.00837e-05
-5.94829e-05
-5.88881e-05
-5.82993e-05
-5.77164e-05
-5.71393e-05
-5.6568e-05
-5.60023e-05
-5.54424e-05
-5.4888e-05
-5.43392e-05
-5.37959e-05
-5.3258e-05
-5.27255e-05
-5.21984e-05
-5.16765e-05
-5.11598e-05
-5.06483e-05
-5.01419e-05
-4.96406e-05
-4.91442e-05
-4.86529e-05
-4.81665e-05
-4.76849e-05
-4.72081e-05
-4.67362e-05
-4.62689e-05
-4.58063e-05
-4.53483e-05
-4.4895e-05
-4.44461e-05
-4.40018e-05
-4.35619e-05
-4.31263e-05
-4.26952e-05
-4.22683e-05
-4.18458e-05
-4.14274e-05
-4.10133e-05
-4.06032e-05
-4.01973e-05
-3.97955e-05
-3.93976e-05
-3.90038e-05
-3.86138e-05
-3.82278e-05
-3.78457e-05
-3.74673e-05
-3.70928e-05
-3.6722e-05
-3.63548e-05
-3.59914e-05
-3.56316e-05
-3.52754e-05
-3.49228e-05
-3.45737e-05
-3.42281e-05
-3.38859e-05
-3.35472e-05
-3.32118e-05
-3.28798e-05
-3.25511e-05
-3.22257e-05
-3.19036e-05
-3.15847e-05
-3.1269e-05
-3.09564e-05
-3.0647e-05
-3.03406e-05
-3.00373e-05
-2.97371e-05
-2.94398e-05
-2.91455e-05
-2.88542e-05
-2.85658e-05
-2.82803e-05
-2.79976e-05
-2.77177e-05
-2.74407e-05
-2.71664e-05
-2.68948e-05
-2.6626e-05
-2.63599e-05
-2.60964e-05
-2.58355e-05
-0.0341151
0.000879019
-0.0132347
-0.0262289
0.0111787
0.0139409
-0.0247215
-0.00657934
-0.00311115
0.00038891
0.0103396
0.0181864
-0.0157239
-0.0615392
-0.061637
-0.0581364
