-7.97869e-05
-0.000202642
-0.000368602
-0.000577445
-0.000828691
-0.00112161
-0.00145524
-0.00182838
-0.0022396
-0.00268728
-0.00316959
-0.0036845
-0.00422982
-0.00480318
-0.00540206
-0.00602381
-0.00666564
-0.00732466
-0.00799789
-0.00868224
-0.00937457
-0.0100717
-0.0107703
-0.0114673
-0.0121593
-0.012843
-0.0135152
-0.0141727
-0.0148123
-0.015431
-0.0160256
-0.0165933
-0.0171312
-0.0176367
-0.018107
-0.0185398
-0.0189327
-0.0192836
-0.0195905
-0.0198516
-0.0200652
-0.02023
-0.0203446
-0.020408
-0.0204194
-0.0203782
-0.020284
-0.0201365
-0.0199357
-0.019682
-0.0193757
-0.0190176
-0.0186084
-0.0181494
-0.0176417
-0.0170869
-0.0164866
-0.0158427
-0.0151573
-0.0144325
-0.0136708
-0.0128748
-0.012047
-0.0111903
-0.0103076
-0.00940198
-0.00847661
-0.00753469
-0.00657954
-0.0056145
-0.00464301
-0.00366849
-0.00269442
-0.00172427
-0.000761503
0.000190444
0.00112816
0.00204829
0.00294754
0.00382269
0.0046706
0.00548825
0.00627271
0.00702118
0.00773101
0.00839969
0.00902485
0.0096043
0.010136
0.0106182
0.0110491
0.0114274
0.0117517
0.0120211
0.0122348
0.012392
0.0124924
0.0125358
0.0125222
0.012452
0.0123255
0.0121436
0.011907
0.0116169
0.0112747
0.0108818
0.0104399
0.0099511
0.00941735
0.00884093
0.00822429
0.00757001
0.00688081
0.00615955
0.00540923
0.00463293
0.00383386
0.00301529
0.00218058
0.00133314
0.000476437
-0.000386033
-0.00125076
-0.00211421
-0.00297289
-0.00382329
-0.00466196
-0.0054855
-0.00629055
-0.00707386
-0.00783223
-0.0085626
-0.00926198
-0.00992755
-0.0105566
-0.0111465
-0.011695
-0.0121997
-0.0126587
-0.01307
-0.0134319
-0.0137429
-0.0140018
-0.0142075
-0.0143591
-0.0144559
-0.0144975
-0.0144837
-0.0144145
-0.0142901
-0.0141109
-0.0138776
-0.0135911
-0.0132525
-0.012863
-0.0124242
-0.0119377
-0.0114054
-0.0108294
-0.0102119
-0.00955534
-0.00886221
-0.00813525
-0.00737729
-0.00659128
-0.0057803
-0.00494751
-0.00409617
-0.00322962
-0.00235123
-0.00146446
-0.000572766
0.000320349
0.00121139
0.00209686
0.0029733
0.00383726
0.00468536
0.00551428
0.00632076
0.00710164
0.00785387
0.00857449
0.00926067
0.00990973
0.0105191
0.0110865
0.0116095
0.0120863
0.0125148
0.0128935
0.0132208
0.0134955
0.0137165
0.013883
0.0139942
0.0140499
0.0140497
0.0139937
0.0138821
0.0137153
0.0134941
0.0132194
0.0128921
0.0125136
0.0120855
0.0116094
0.0110872
0.0105209
0.0099129
0.0092655
0.00858129
0.00786298
0.0071134
0.00633552
0.00553243
0.0047073
0.00386338
0.00300402
0.00213261
0.00125261
0.00036748
-0.000519271
-0.00140414
-0.00228363
-0.00315426
-0.0040126
-0.00485525
-0.00567888
-0.00648023
-0.00725615
-0.00800355
-0.0087195
-0.00940116
-0.0100458
-0.010651
-0.0112142
-0.0117332
-0.0122061
-0.0126309
-0.0130059
-0.0133297
-0.013601
-0.0138187
-0.013982
-0.0140901
-0.0141427
-0.0141396
-0.0140808
-0.0139664
-0.013797
-0.0135733
-0.013296
-0.0129663
-0.0125855
-0.0121551
-0.0116768
-0.0111524
-0.0105841
-0.00997409
-0.00932475
-0.00863866
-0.00791853
-0.00716719
-0.00638761
-0.00558286
-0.00475612
-0.00391065
-0.00304979
-0.00217693
-0.00129551
-0.000409018
0.000479056
0.00136521
0.00224594
0.00311777
0.00397727
0.00482105
0.00564577
0.00644819
0.00722512
0.00797352
0.00869043
0.00937302
0.0100186
0.0106246
0.0111887
0.0117085
0.0121822
0.0126077
0.0129835
0.013308
0.01358
0.0137984
0.0139623
0.0140711
0.0141243
0.0141218
0.0140635
0.0139497
0.0137809
0.0135576
0.0132808
0.0129516
0.0125713
0.0121414
0.0116635
0.0111396
0.0105717
0.00996206
0.00931311
0.0086274
0.00790763
0.00715664
0.0063774
0.00557298
0.00474657
0.00390141
0.00304084
0.00216827
0.00128714
0.000400913
-0.000486898
-0.00137279
-0.00225328
-0.00312488
-0.00398415
-0.0048277
-0.00565221
-0.00645441
-0.00723115
-0.00797935
-0.00869607
-0.00937847
-0.0100239
-0.0106297
-0.0111936
-0.0117133
-0.0121868
-0.0126122
-0.0129878
-0.0133122
-0.0135841
-0.0138023
-0.0139661
-0.0140747
-0.0141279
-0.0141252
-0.0140668
-0.0139529
-0.013784
-0.0135606
-0.0132838
-0.0129545
-0.012574
-0.012144
-0.011666
-0.011142
-0.0105741
-0.00996436
-0.00931534
-0.00862955
-0.00790971
-0.00715865
-0.00637935
-0.00557487
-0.00474839
-0.00390317
-0.00304255
-0.00216992
-0.00128873
-0.000402455
0.000485407
0.00137135
0.00225188
0.00312353
0.00398284
0.00482644
0.00565098
0.00645323
0.00723
0.00797825
0.008695
0.00937744
0.0100229
0.0106287
0.0111927
0.0117124
0.0121859
0.0126114
0.012987
0.0133114
0.0135833
0.0138016
0.0139654
0.0140741
0.0141272
0.0141246
0.0140662
0.0139523
0.0137834
0.0135601
0.0132832
0.0129539
0.0125735
0.0121435
0.0116656
0.0111416
0.0105736
0.00996393
0.00931492
0.00862915
0.00790932
0.00715828
0.00637898
0.00557452
0.00474805
0.00390284
0.00304223
0.00216961
0.00128843
0.000402167
-0.000485685
-0.00137162
-0.00225214
-0.00312378
-0.00398309
-0.00482667
-0.00565121
-0.00645345
-0.00723022
-0.00797845
-0.0086952
-0.00937763
-0.010023
-0.0106289
-0.0111928
-0.0117126
-0.0121861
-0.0126115
-0.0129872
-0.0133116
-0.0135835
-0.0138017
-0.0139655
-0.0140742
-0.0141273
-0.0141247
-0.0140663
-0.0139524
-0.0137835
-0.0135602
-0.0132833
-0.012954
-0.0125736
-0.0121436
-0.0116656
-0.0111417
-0.0105737
-0.00996401
-0.009315
-0.00862922
-0.00790939
-0.00715835
-0.00637905
-0.00557458
-0.00474811
-0.0039029
-0.00304229
-0.00216967
-0.00128849
-0.00040222
0.000485634
0.00137157
0.0022521
0.00312373
0.00398304
0.00482663
0.00565117
0.00645341
0.00723018
0.00797841
0.00869516
0.00937759
0.010023
0.0106289
0.0111928
0.0117125
0.0121861
0.0126115
0.0129872
0.0133116
0.0135834
0.0138017
0.0139655
0.0140742
0.0141273
0.0141247
0.0140663
0.0139524
0.0137835
0.0135601
0.0132833
0.012954
0.0125736
0.0121436
0.0116656
0.0111416
0.0105737
0.009964
0.00931498
0.00862921
0.00790938
0.00715833
0.00637904
0.00557457
0.0047481
0.00390289
0.00304228
0.00216966
0.00128848
0.00040221
-0.000485643
-0.00137158
-0.0022521
-0.00312374
-0.00398305
-0.00482664
-0.00565118
-0.00645342
-0.00723018
-0.00797842
-0.00869517
-0.0093776
-0.010023
-0.0106289
-0.0111928
-0.0117126
-0.0121861
-0.0126115
-0.0129872
-0.0133116
-0.0135834
-0.0138017
-0.0139655
-0.0140742
-0.0141273
-0.0141247
-0.0140663
-0.0139524
-0.0137835
-0.0135601
-0.0132833
-0.012954
-0.0125736
-0.0121436
-0.0116656
-0.0111416
-0.0105737
-0.009964
-0.00931499
-0.00862921
-0.00790938
-0.00715834
-0.00637904
-0.00557457
-0.0047481
-0.00390289
-0.00304228
-0.00216966
-0.00128848
-0.000402212
0.000485642
0.00137158
0.0022521
0.00312374
0.00398305
0.00482664
0.00565118
0.00645341
0.00723018
0.00797842
0.00869517
0.0093776
0.010023
0.0106289
0.0111928
0.0117126
0.0121861
0.0126115
0.0129872
0.0133116
0.0135834
0.0138017
0.0139655
0.0140742
0.0141273
0.0141247
0.0140663
0.0139524
0.0137835
0.0135601
0.0132833
0.012954
0.0125736
0.0121436
0.0116656
0.0111416
0.0105737
0.009964
0.00931499
0.00862921
0.00790938
0.00715834
0.00637904
0.00557457
0.0047481
0.00390289
0.00304228
0.00216966
0.00128848
0.000402212
-0.000485642
-0.00137158
-0.0022521
-0.00312374
-0.00398305
-0.00482664
-0.00565118
-0.00645341
-0.00723018
-0.00797842
-0.00869517
-0.0093776
-0.010023
-0.0106289
-0.0111928
-0.0117126
-0.0121861
-0.0126115
-0.0129872
-0.0133116
-0.0135834
-0.0138017
-0.0139655
-0.0140742
-0.0141273
-0.0141247
-0.0140663
-0.0139524
-0.0137835
