0.0171984
0.00598746
0.00383444
0.00384279
-0.000348019
-0.000511627
-0.000502079
-0.00290361
-0.00288455
-0.00430668
-0.00448869
-0.00543721
-0.00628703
-0.00712218
-0.00794162
-0.00874319
-0.00952848
-0.0102982
-0.0110526
-0.0117922
-0.0125176
-0.0132294
-0.0139286
-0.0145925
-0.0152539
-0.0158291
-0.0164212
-0.0170017
-0.0175718
-0.0181335
-0.0186886
-0.0192393
-0.0197872
-0.0203343
-0.0208825
-0.0214341
-0.0219945
-0.022617
-0.0232534
-0.0238889
-0.0245203
-0.0251476
-0.0257706
-0.0263892
-0.0270034
-0.0276131
-0.0282184
-0.028819
-0.0294151
-0.0300065
-0.0305933
-0.0311755
-0.0317529
-0.0323257
-0.0328937
-0.0334571
-0.0340157
-0.0345697
-0.035119
-0.0356636
-0.0362035
-0.0367387
-0.0372692
-0.037795
-0.0383161
-0.0388324
-0.0393441
-0.039851
-0.0403532
-0.0408507
-0.0365432
-0.0362075
-0.0358785
-0.0355503
-0.0352235
-0.034899
-0.0345788
-0.0342617
-0.0339478
-0.033637
-0.0333293
-0.0330246
-0.0327229
-0.0324242
-0.0321284
-0.0318356
-0.0315458
-0.031259
-0.0309752
-0.0306942
-0.030416
-0.0301407
-0.0298682
-0.0295984
-0.0293313
-0.0290668
-0.0288051
-0.0285459
-0.0282893
-0.0280353
-0.0277837
-0.0275345
-0.0272876
-0.027043
-0.0268006
-0.0265604
-0.0263225
-0.0260867
-0.0258531
-0.0256217
-0.0253924
-0.0251652
-0.02494
-0.024717
-0.024496
-0.024277
-0.0240601
-0.0238451
-0.023632
-0.0234209
-0.0232125
-0.0230063
-0.0228023
-0.0225997
-0.0223991
-0.0222003
-0.0220034
-0.0218083
-0.0216149
-0.0214233
-0.0212335
-0.0210454
-0.0208589
-0.0206742
-0.020491
-0.0203096
-0.0201297
-0.0199511
-0.0197816
-0.0196124
-0.0194349
-0.0192594
-0.0190836
-0.0188952
-0.0187142
-0.0185401
-0.0183722
-0.0182097
-0.0180516
-0.0178969
-0.0177439
-0.0175893
-0.0174301
-0.0172643
-0.0170904
-0.016909
-0.0167236
-0.016547
-0.0163795
-0.0162187
-0.016066
-0.0159233
-0.0157788
-0.0156358
-0.0154959
-0.0153603
-0.0152288
-0.0150997
-0.0149713
-0.0148434
-0.014716
-0.0145893
-0.0144634
-0.0143383
-0.014214
-0.0140907
-0.0139682
-0.0138466
-0.013726
-0.0136063
-0.0134874
-0.013368
-0.0132508
-0.0131345
-0.0130196
-0.012905
-0.0127914
-0.0126789
-0.0125673
-0.0124565
-0.0123467
-0.0122379
-0.0121302
-0.0120233
-0.0119172
-0.011812
-0.0117075
-0.0116037
-0.0115008
-0.0113985
-0.0112971
-0.0111963
-0.0110963
-0.010997
-0.0108984
-0.0108008
-0.010704
-0.010608
-0.0105128
-0.0104185
-0.0103251
-0.0102341
-0.0101432
-0.0100523
-0.00996184
-0.00987214
-0.0097832
-0.00969501
-0.00960757
-0.00952085
-0.00943485
-0.00934957
-0.00926499
-0.0091811
-0.00909789
-0.0090153
-0.00893363
-0.00885284
-0.00877292
-0.00869387
-0.00861565
-0.0085382
-0.0084615
-0.00838554
-0.00831032
-0.00823583
-0.00816207
-0.00808903
-0.00801673
-0.00794497
-0.00787364
-0.00780279
-0.00773252
-0.00766281
-0.00759366
-0.00752506
-0.00745699
-0.00738955
-0.00732482
-0.00725859
-0.00719295
-0.00712792
-0.00706351
-0.00699973
-0.00693657
-0.00687403
-0.0068121
-0.00675074
-0.00668994
-0.00662969
-0.00657
-0.00651085
-0.00645224
-0.00639417
-0.00633662
-0.0062796
-0.0062231
-0.00616711
-0.00611163
-0.00605666
-0.00600218
-0.0059482
-0.00589471
-0.00584171
-0.00578919
-0.00573715
-0.00568558
-0.00563448
-0.00558388
-0.00553369
-0.00548396
-0.0054339
-0.00538362
-0.00533382
-0.00528693
-0.00524476
-0.00520861
-0.00517887
-0.00515585
-0.00513505
-0.00510333
-0.00506518
-0.00502286
-0.00497758
-0.00493105
-0.00488301
-0.00483372
-0.00478344
-0.0047339
-0.00468515
-0.00463741
-0.00459034
-0.00454406
-0.00449684
-0.00445192
-0.00440819
-0.00436512
-0.00432268
-0.00428085
-0.00423961
-0.00419894
-0.00415881
-0.00411921
-0.00408012
-0.00404153
-0.00400342
-0.00396578
-0.0039286
-0.00389185
-0.00385553
-0.00381964
-0.00378415
-0.00374906
-0.00371436
-0.00368004
-0.00364609
-0.00361251
-0.00357928
-0.00354641
-0.00351387
-0.00348167
-0.0034498
-0.00341826
-0.00338703
-0.00335612
-0.00332551
-0.00329521
-0.00326521
-0.00323551
-0.00320609
-0.00317696
-0.00314811
-0.00311954
-0.00309124
-0.00306321
-0.00303544
-0.00300794
-0.0029807
-0.00295372
-0.00292699
-0.00290051
-0.00287392
-0.00284723
-0.00282048
-0.0027937
-0.0027668
-0.00273978
-0.00277895
-0.00278822
-0.00276902
-0.00272051
-0.00264071
-0.0025456
-0.00243305
-0.00232079
-0.00222182
-0.00214606
-0.00208551
-0.00203589
-0.00199789
-0.00196434
-0.00194532
-0.00193759
-0.00193205
-0.00192835
-0.00192901
-0.0019361
-0.00194669
-0.00195861
-0.00196835
-0.00197606
-0.00198188
-0.00198595
-0.0019884
-0.00198936
-0.00198893
-0.00198899
-0.0019858
-0.00198234
-0.00197685
-0.00197174
-0.00196432
-0.0019562
-0.0019493
-0.00193967
-0.00193121
-0.0019203
-0.00190902
-0.00190026
-0.001888
-0.00187843
-0.00186534
-0.00185213
-0.00183877
-0.0018253
-0.00181173
-0.00179808
-0.00178436
-0.00177059
-0.00175678
-0.00174294
-0.00172909
-0.00171524
-0.00170139
-0.00168755
-0.00167374
-0.00165995
-0.00164621
-0.0016325
-0.00161885
-0.0016054
-0.00159118
-0.00157637
-0.00156096
-0.00154495
-0.00146143
-0.00138968
-0.00134253
-0.00131886
-0.00131818
-0.0013459
-0.00140337
-0.00148675
-0.001569
-0.00163328
-0.00167585
-0.00169521
-0.00170472
-0.00170834
-0.0017069
-0.00170109
-0.00169148
-0.00167866
-0.00166322
-0.00164563
-0.00162629
-0.00160555
-0.00158372
-0.00156106
-0.0015378
-0.00151414
-0.00149023
-0.00145491
-0.00141894
-0.00138266
-0.00134659
-0.00131059
-0.00127761
-0.00124965
-0.0012267
-0.00120832
-0.0011903
-0.00117264
-0.00115538
-0.00113853
-0.0011221
-0.00110607
-0.00109044
-0.00107521
-0.00106031
-0.00104565
-0.00103109
-0.00101683
-0.00100286
-0.000989185
-0.000975804
-0.000962727
-0.000949958
-0.000937499
-0.00092535
-0.000913511
-0.000902017
-0.00089086
-0.000880021
-0.000869482
-0.000859225
-0.000849235
-0.000839497
-0.000830086
-0.000820882
-0.000749009
-0.000761269
-0.000759303
-0.000755448
-0.000751318
-0.000745092
-0.000740691
-0.000736102
-0.000731362
-0.000726495
-0.000721514
-0.000716432
-0.000711274
-0.00070607
-0.000700826
-0.00069555
-0.000690247
-0.000684922
-0.000679581
-0.000674229
-0.00066887
-0.000663508
-0.000658146
-0.000652787
-0.000647435
-0.000642092
-0.000636762
-0.000631447
-0.000626148
-0.000620869
-0.000615611
-0.000610375
-0.000605164
-0.000599978
-0.000594819
-0.000589689
-0.000584587
-0.000579516
-0.000574476
-0.000569468
-0.000564492
-0.00055955
-0.000554641
-0.000549766
-0.000544926
-0.000540121
-0.000535351
-0.000530616
-0.000525918
-0.000521255
-0.000516628
-0.000512038
-0.000507484
-0.000502966
-0.00049849
-0.000494055
-0.000489648
-0.000485274
-0.000480937
-0.000476635
-0.000472369
-0.000468137
-0.000463941
-0.00045978
-0.000455654
-0.000451563
-0.000447506
-0.000443484
-0.000439497
-0.000435544
-0.000431726
-0.000441764
-0.000446551
-0.000448907
-0.000453144
-0.000459436
-0.000452727
-0.000442924
-0.000433659
-0.000427639
-0.000421715
-0.000415888
-0.000410158
-0.000404612
-0.000399247
-0.000394052
-0.00038902
-0.000368248
-0.000354305
-0.000349654
-0.000347233
-0.000344782
-0.000342305
-0.000339804
-0.000337284
-0.000334747
-0.000332197
-0.000329636
-0.000327067
-0.000324492
-0.000321913
-0.000319332
-0.000316752
-0.000314173
-0.000311597
-0.000309026
-0.00030646
-0.000303902
-0.000301352
-0.000298811
-0.00029628
-0.00029376
-0.000291251
-0.000288755
-0.000286272
-0.000283802
-0.000281347
-0.000278905
-0.000276479
-0.000274104
-0.000271723
-0.000269361
-0.000267018
-0.000264696
-0.000262393
-0.000260106
-0.000257834
-0.000255576
-0.000253332
-0.000251102
-0.000248885
-0.000246682
-0.000244493
-0.000242318
-0.000240158
-0.000238015
-0.000235888
-0.000233779
-0.000231687
-0.000229612
-0.000228397
-0.000239297
-0.000242867
-0.000242835
-0.000238867
-0.000235114
-0.000231544
-0.000228139
-0.000224891
-0.000221791
-0.000218831
-0.000215998
-0.000213284
-0.000210649
-0.000208089
-0.000205598
-0.000203174
-0.000200812
-0.000198509
-0.000196262
-0.000194067
-0.000191922
-0.000189825
-0.000187772
-0.000185762
-0.000183793
-0.000181862
-0.000179968
-0.000178109
-0.000176283
-0.000174489
-0.000172726
-0.000170992
-0.000169286
-0.000167606
-0.000165953
-0.000164324
-0.00016272
-0.000161138
-0.000159579
-0.000158041
-0.000156523
-0.000155025
-0.000153547
-0.000152091
-0.000150654
-0.000149235
-0.000147833
-0.000146447
-0.000145078
-0.000143724
-0.000142386
-0.000141074
-0.000139772
-0.000138484
-0.000137211
-0.000135951
-0.000134703
-0.000133467
-0.000132243
-0.00013103
-0.000129828
-0.000128637
-0.000127456
-0.000126286
-0.000125129
-0.000123982
-0.000122847
-0.000121723
-0.00012061
-0.000119842
-0.000132378
-0.000139039
-0.000141106
-0.000143883
-0.000147478
-0.000144288
-0.000138617
-0.000134001
-0.00013127
-0.000128607
-0.000126007
-0.000123471
-0.000121037
-0.000118719
-0.00011651
-0.000114402
-0.000112388
-0.000110463
-0.00010862
-0.000106854
-0.00010516
-0.000103533
-0.000101969
-0.000100464
-9.90141e-05
-9.7616e-05
-9.62665e-05
-9.49624e-05
-9.3701e-05
-9.24797e-05
-9.1296e-05
-9.01478e-05
-8.9033e-05
-8.79496e-05
-8.68957e-05
-8.58698e-05
-8.48702e-05
-8.38954e-05
-8.29442e-05
-8.20153e-05
-8.11074e-05
-8.02195e-05
-7.93505e-05
-7.84996e-05
-7.76657e-05
-7.68482e-05
-7.60461e-05
-7.52583e-05
-7.44859e-05
-7.3728e-05
-7.29831e-05
-7.22506e-05
-7.15349e-05
-7.08286e-05
-7.01332e-05
-6.94481e-05
-6.87726e-05
-6.81064e-05
-6.7449e-05
-6.68007e-05
-6.61613e-05
-6.55303e-05
-6.49076e-05
-6.42929e-05
-6.36859e-05
-6.30864e-05
-6.24942e-05
-6.1909e-05
-6.13307e-05
-6.1092e-05
-7.31204e-05
-7.82787e-05
-8.42047e-05
-8.12324e-05
-7.85131e-05
-7.60111e-05
-7.37096e-05
-7.15961e-05
-6.96564e-05
-6.78756e-05
-6.62395e-05
-6.47258e-05
-6.32916e-05
-6.19313e-05
-6.06399e-05
-5.94127e-05
-5.82453e-05
-5.71337e-05
-5.60742e-05
-5.50633e-05
-5.40977e-05
-5.31745e-05
-5.22908e-05
-5.1444e-05
-5.06318e-05
-4.98519e-05
-4.91021e-05
-4.83807e-05
-4.76857e-05
-4.70156e-05
-4.63687e-05
-4.57437e-05
-4.51391e-05
-4.45537e-05
-4.39864e-05
-4.34361e-05
-4.29018e-05
-4.23825e-05
-4.18774e-05
-4.13857e-05
-4.09066e-05
-4.04394e-05
-3.99837e-05
-3.37694e-05
-3.38006e-05
-3.38073e-05
-3.37916e-05
-3.37551e-05
-3.36997e-05
-3.36269e-05
-3.35381e-05
-3.34378e-05
-3.33231e-05
-3.31957e-05
-3.30567e-05
-3.29069e-05
-3.27475e-05
-3.25793e-05
-3.2403e-05
-3.22194e-05
-3.20294e-05
-3.18343e-05
-3.1634e-05
-3.14292e-05
-3.12203e-05
-3.10078e-05
-3.07923e-05
-3.05739e-05
-3.03532e-05
-3.04059e-05
-4.68065e-05
-5.9103e-05
-6.12747e-05
-6.40113e-05
-6.74466e-05
-6.46026e-05
-5.82603e-05
-5.21807e-05
-4.92935e-05
-4.73189e-05
-4.54086e-05
-4.35834e-05
-4.1876e-05
-4.0278e-05
-3.87818e-05
-3.73801e-05
-3.60663e-05
-3.48343e-05
-3.36782e-05
-3.25928e-05
-3.1573e-05
-3.06144e-05
-2.97126e-05
-2.88637e-05
-2.80639e-05
-2.731e-05
-2.65986e-05
-2.59269e-05
-2.52924e-05
-2.46924e-05
-2.41244e-05
-2.35864e-05
-2.30762e-05
-2.25919e-05
-2.21318e-05
-2.16942e-05
-2.12776e-05
-2.08807e-05
-2.0502e-05
-2.01404e-05
-1.97948e-05
-1.16873e-05
-1.19987e-05
-1.22774e-05
-1.25257e-05
-1.2746e-05
-1.29404e-05
-1.31108e-05
-1.32592e-05
-1.33875e-05
-1.34982e-05
-1.35921e-05
-1.36707e-05
-1.37348e-05
-1.3785e-05
-1.38224e-05
-1.38478e-05
-1.38621e-05
-1.38662e-05
-1.38608e-05
-1.38466e-05
-1.38242e-05
-1.37945e-05
-1.37573e-05
-1.37136e-05
-1.36644e-05
-1.36098e-05
-1.35507e-05
-1.34876e-05
-1.43321e-05
-2.78787e-05
-3.34296e-05
-3.47927e-05
-3.26775e-05
-3.0785e-05
-2.90804e-05
-2.75479e-05
-2.6173e-05
-2.49407e-05
-2.38363e-05
-2.28064e-05
-2.18439e-05
-2.0944e-05
-2.01022e-05
-1.93144e-05
-1.85792e-05
-1.78931e-05
-1.72519e-05
-1.66519e-05
-1.609e-05
-1.55629e-05
-1.5068e-05
-1.46032e-05
-1.41663e-05
-1.37542e-05
-1.33641e-05
-1.29938e-05
-1.26411e-05
-1.23039e-05
-1.19861e-05
-1.1687e-05
-1.14049e-05
-1.11386e-05
-1.08868e-05
-1.06487e-05
-1.04232e-05
-1.02094e-05
-1.00066e-05
-9.81405e-06
-9.63096e-06
-9.45673e-06
-9.29078e-06
-9.13254e-06
-8.98151e-06
-8.83723e-06
-8.69923e-06
-8.56713e-06
-8.44052e-06
2.12657e-05
4.22397e-05
5.12765e-05
4.65374e-05
4.21445e-05
3.8075e-05
3.43139e-05
3.08374e-05
2.7614e-05
2.46319e-05
2.18733e-05
1.93255e-05
1.6972e-05
1.4795e-05
1.27794e-05
1.09174e-05
9.19777e-06
7.61022e-06
6.14514e-06
4.79363e-06
3.54744e-06
2.88303e-06
-1.27206e-05
-2.31722e-05
-2.9162e-05
-3.6511e-05
-4.53933e-05
-4.30627e-05
-3.79546e-05
-3.38182e-05
-3.1984e-05
-3.02064e-05
-2.84836e-05
-2.68162e-05
-2.52563e-05
-2.38048e-05
-2.24541e-05
-2.11969e-05
-2.00267e-05
-1.89371e-05
-1.79224e-05
