0.087224
0.0825384
0.0765675
0.0710506
0.0665104
0.0617235
0.057287
0.0531526
0.0493349
0.0457787
0.0424876
0.0394284
0.0365903
0.0339566
0.0315126
0.0292445
0.0271396
0.0251862
0.0233734
0.0216911
0.0201298
0.0186809
0.0173362
0.0160882
0.01493
0.013855
0.0128574
0.0119308
0.0110709
0.0102729
0.00953224
0.00884484
0.00820688
0.00761477
0.00706523
0.00655517
0.00608176
0.00564278
0.00523549
0.00485766
0.00450712
0.00418184
0.00387996
0.0035998
0.00333978
0.00309847
0.0028745
0.00266664
0.00247373
0.0022947
0.00212855
0.00197436
0.00183127
0.0016985
0.0015753
0.00146099
0.00135493
0.00125654
0.00116526
0.0010806
0.00100207
0.000929258
0.000861743
0.000799155
0.000741146
0.000687362
0.000637544
0.000591413
0.000548713
0.000509205
0.000473174
0.000442445
0.0011219
0.00138357
0.00130332
0.000985129
0.000930995
0.00087973
0.000831247
0.000785434
0.00074217
0.000701334
0.000662801
0.000626451
0.000592169
0.000559816
0.000529304
0.000500533
0.000473011
0.000447123
0.000422769
0.000399816
0.000378182
0.000357788
0.000338544
0.000320386
0.00030326
0.000287114
0.000271895
0.000257553
0.000244039
0.000231286
0.000219178
0.000207765
0.000197005
0.000186859
0.000177291
0.000168268
0.000159704
0.000151497
0.000143646
0.000136223
0.000129222
0.000122614
0.000116377
0.000110487
0.000104923
9.96919e-05
9.48012e-05
9.02356e-05
8.50837e-05
8.02059e-05
7.12065e-05
6.31955e-05
5.52164e-05
4.7347e-05
3.96268e-05
3.20747e-05
2.46985e-05
1.74989e-05
1.04731e-05
3.61665e-06
-3.07514e-06
-9.60774e-06
-1.5987e-05
-2.22193e-05
-2.85502e-05
-3.45258e-05
-0.00102218
-0.00186093
-0.00113989
-0.00106634
-0.00100224
0.00125418
0.00304067
0.00441629
0.0054093
0.00603185
0.00628725
0.00623687
0.00576138
0.00419831
0.00167309
-0.00174133
-0.00599878
-0.0107863
-0.0152317
-0.0183268
-0.0199539
-0.0206785
-0.0204861
-0.0192881
-0.0185692
-0.0179033
-0.0172415
-0.0164252
-0.0154365
-0.0143285
-0.0133002
-0.0123458
-0.0114601
-0.010638
-0.00987514
-0.00916723
-0.0085103
-0.00790069
-0.007335
-0.00681001
-0.00632284
-0.0058708
-0.00545122
-0.00522209
-0.00486792
-0.00452041
-0.00419764
-0.00389735
-0.00361814
-0.00335847
-0.00311697
-0.00289238
-0.00268351
-0.00248911
-0.00230848
-0.00214064
-0.00198467
-0.00183973
-0.00170504
-0.00157986
-0.00146353
-0.00135558
-0.00125525
-0.00116201
-0.00107589
-0.000997122
-0.000924134
-0.000856288
-0.000793223
-0.000734602
-0.000680113
-0.000629467
-0.000582337
-0.00033251
-0.000172042
-9.97579e-05
-7.95926e-05
-6.29263e-05
-4.9135e-05
-3.73422e-05
-2.706e-05
-1.81205e-05
-1.03746e-05
-3.68996e-06
2.05146e-06
6.95419e-06
1.11092e-05
1.45486e-05
1.7529e-05
2.01008e-05
2.20531e-05
2.31348e-05
2.39416e-05
2.45607e-05
2.50226e-05
2.5354e-05
2.5579e-05
2.57186e-05
2.57919e-05
2.58165e-05
2.58195e-05
-8.91829e-06
-6.3011e-06
-3.76966e-06
-1.48909e-06
5.63383e-07
2.40803e-06
4.06262e-06
5.5412e-06
6.83277e-06
-0.00117558
-0.00108928
-0.0010091
-0.000934624
-0.000865453
-0.000801216
-0.000741561
-0.000686263
-0.000634911
-0.000587218
-0.000542923
-0.000501783
-0.000463571
-0.000428077
-0.00039508
-0.000364407
-0.000335891
-0.000309377
-0.000284718
-0.000261781
-0.000240437
-0.000220571
-0.000202073
-0.000184843
-0.000168787
-0.000153817
-0.000139854
-0.00012682
-0.000114634
-0.000103366
-0.000114869
-0.000103439
-8.81179e-05
-7.9712e-05
-7.28582e-05
0.00159626
0.00461378
0.00733575
0.00930248
0.0107008
0.0118774
0.0123866
0.011487
0.0106543
0.0098832
0.00915081
0.00849001
0.00787786
0.00731092
0.00678599
0.00629898
0.00584714
0.00542769
0.00503855
0.00467749
0.00420004
0.00386423
0.0035874
0.00333046
0.00309198
0.00287062
0.00266516
0.00247444
0.0022974
0.00213307
0.00198051
0.00183889
0.00170741
0.00158535
0.00147203
0.00136681
0.00126912
0.00117841
0.00109418
0.00101596
0.000943331
0.000875878
0.000813233
0.000755052
0.000701013
0.000650822
0.000604202
0.0005609
0.000520676
0.000483298
0.000448564
0.000416286
0.000386287
0.000358406
0.000332491
0.0003084
0.000286003
0.000265176
0.000245805
0.000227787
0.000211023
0.000195422
0.0001809
0.00016738
0.000154788
0.000143058
0.000132125
0.000121822
0.000113203
0.000106039
9.98523e-05
9.43066e-05
8.99598e-05
8.64001e-05
0.00907718
0.0177373
0.0263058
0.0349116
0.0436283
0.0517541
0.0573261
0.0589991
0.0574841
0.0533451
0.0495031
0.045937
0.0423139
0.0392645
0.0368915
0.0342322
0.0317645
0.0294747
0.0273497
0.0253774
0.0235469
0.0218483
0.0202722
0.0188098
0.017453
0.0161941
0.0150261
0.0139425
0.012937
0.0117611
0.0109131
0.00990183
0.00918805
0.00829757
0.00769959
0.00714482
0.00639064
0.00593035
0.00523819
0.00486109
0.00451126
0.0039315
0.00364875
0.00313383
0.00290863
0.00269974
0.00250597
0.00232622
0.0021595
0.00200485
0.00186142
0.0017284
0.00160504
0.00149065
0.00138458
0.00128623
0.00119506
0.00111054
0.0010322
0.000959592
0.00089231
0.000829971
0.00077222
0.000718545
0.000668497
0.000621732
0.000578037
0.000537276
0.00606453
0.0119566
0.0173332
0.0224024
0.0273371
0.031608
0.0354445
0.0374933
0.0351691
0.0326324
0.0298427
0.0272913
0.0253233
0.0234972
0.0218028
0.0202305
0.0187716
0.0174179
0.0161618
0.0149963
0.0139149
0.0129114
0.0119803
0.0111164
0.0103148
0.00957092
0.00888071
0.007952
0.00707209
0.00624524
0.0054765
0.00475259
0.00413495
0.00365795
0.00330935
0.00307039
0.00284866
0.00264291
0.00245198
0.00227478
0.00211033
0.00195772
0.00181609
0.00168466
0.00156271
0.00144965
0.00134495
0.00124785
0.00115783
0.00107439
0.000997039
0.000925341
0.000858879
0.000797267
0.000740149
0.000687189
0.000638023
0.000592362
0.000549952
0.000510561
0.000473972
0.000439982
0.000408432
0.000379195
0.000352073
-0.000890191
-0.000607558
-0.00053828
-0.000498772
-0.000462168
-0.000457575
-0.000424082
-0.000393065
-0.000364324
-0.00033769
-0.000313021
-0.000290187
-0.000269029
-0.00024938
-0.00023113
-0.000214181
-0.000198439
-0.000183817
-0.000170235
-0.00015762
-0.000145902
-0.00013502
-0.000124915
-0.000115534
-0.000106823
-9.87352e-05
-9.12253e-05
-8.4252e-05
-7.77767e-05
-7.17639e-05
-6.61803e-05
-6.09951e-05
-5.61797e-05
-5.17076e-05
-4.75541e-05
-4.36963e-05
-4.0113e-05
-3.67844e-05
-3.36922e-05
-3.08193e-05
-2.81501e-05
-2.56697e-05
-2.33646e-05
-2.12223e-05
-1.9231e-05
-1.73798e-05
-1.56587e-05
-1.40583e-05
-1.257e-05
-1.11858e-05
-9.89803e-06
-8.69961e-06
-7.58129e-06
-6.53746e-06
-5.57321e-06
-4.71049e-06
-3.92998e-06
-3.22592e-06
-2.59233e-06
-2.02335e-06
-1.51354e-06
-1.05787e-06
-6.51641e-07
-2.90566e-07
2.93254e-08
3.11679e-07
5.59849e-07
7.76913e-07
9.65682e-07
1.12878e-06
1.27363e-06
0.000224939
0.000361249
0.000454668
0.000571973
0.000713394
0.000661794
0.000568465
0.00048571
0.000450714
0.000418316
0.000388337
0.000360606
0.000334867
0.000310966
0.000288772
0.000268176
2.71981e-05
-0.000121077
-0.000141384
-0.000131123
-0.000121597
-0.000112755
-0.000104546
-9.69257e-05
-8.98521e-05
-8.32859e-05
-7.71908e-05
-7.15333e-05
-6.62819e-05
-6.14078e-05
-5.68838e-05
-5.26851e-05
-4.87883e-05
-4.5172e-05
-4.1816e-05
-3.87019e-05
-3.58123e-05
-3.31313e-05
-3.0644e-05
-2.83366e-05
-2.61964e-05
-2.42113e-05
-2.23703e-05
-2.06632e-05
-1.90804e-05
-1.76131e-05
-1.62529e-05
-1.49923e-05
-1.38026e-05
-1.2679e-05
-1.16183e-05
-1.06283e-05
-9.70028e-06
-8.8306e-06
-8.01592e-06
-7.25554e-06
-6.54397e-06
-5.87821e-06
-5.2555e-06
-4.67319e-06
-4.13041e-06
-3.62716e-06
-3.16989e-06
-2.7454e-06
-2.36136e-06
-2.00379e-06
-1.67091e-06
-1.36124e-06
-1.07328e-06
-6.70359e-07
0.000183462
0.00026714
0.000302012
0.000280848
0.00026115
0.000242838
0.000225814
0.00020998
0.000195247
0.000181532
0.00016876
0.000156862
0.000145816
0.00013556
0.000126038
0.000117198
0.000108991
0.000101372
9.42982e-05
8.77309e-05
8.1634e-05
7.59737e-05
7.07189e-05
6.58405e-05
6.13116e-05
5.71073e-05
5.32043e-05
4.95811e-05
4.62177e-05
4.30955e-05
4.01974e-05
3.75073e-05
3.50104e-05
3.26928e-05
3.05418e-05
2.85456e-05
2.66931e-05
2.4974e-05
2.3379e-05
2.18991e-05
2.05262e-05
1.92524e-05
1.80667e-05
1.69636e-05
1.59369e-05
1.49811e-05
1.40915e-05
1.32634e-05
1.24924e-05
1.17746e-05
1.11063e-05
1.04676e-05
9.87164e-06
9.30942e-06
8.77924e-06
8.27937e-06
7.80808e-06
7.36375e-06
6.94481e-06
6.54979e-06
6.1773e-06
5.82704e-06
5.50252e-06
5.19653e-06
4.90785e-06
4.63547e-06
4.37846e-06
4.1359e-06
3.90695e-06
3.72252e-06
0.000216694
0.000335796
0.00038122
0.000434601
0.000496643
0.000460935
0.000392178
0.000340281
0.00031587
0.000293233
0.000272244
0.000252786
0.00023473
0.000217966
0.000202401
0.000187949
0.00017453
0.000162071
0.000150502
0.000139761
0.000129787
0.000120526
0.000111926
0.000103941
9.65263e-05
8.96411e-05
8.32475e-05
7.73104e-05
7.1797e-05
6.66771e-05
6.19225e-05
5.75069e-05
5.34063e-05
4.95979e-05
4.6061e-05
4.2776e-05
3.97249e-05
3.68909e-05
3.42586e-05
3.18134e-05
2.9542e-05
2.74319e-05
2.54715e-05
2.36502e-05
2.19579e-05
2.03854e-05
1.89241e-05
1.7566e-05
1.63051e-05
1.51349e-05
1.40486e-05
1.304e-05
1.21098e-05
1.12481e-05
1.04518e-05
9.71572e-06
9.03545e-06
8.40554e-06
7.8228e-06
7.28428e-06
6.78613e-06
6.32562e-06
5.89994e-06
5.50647e-06
5.1428e-06
4.80667e-06
4.49602e-06
4.20892e-06
3.94358e-06
3.7229e-06
0.000176405
0.000259098
0.000356522
0.000331105
0.00030749
0.000285558
0.000265187
0.000246263
0.000228684
0.000212351
0.000197175
0.000183076
0.00016999
0.000157842
0.000146565
0.000136098
0.000126381
0.000117362
0.000108989
0.000101217
9.40032e-05
8.73065e-05
8.10902e-05
7.53199e-05
6.99636e-05
6.49916e-05
6.03763e-05
5.60923e-05
5.21156e-05
4.84244e-05
4.49981e-05
4.18178e-05
3.88658e-05
3.61258e-05
3.35826e-05
3.12221e-05
2.90313e-05
2.69979e-05
2.51107e-05
2.33592e-05
2.17338e-05
2.02254e-05
1.88242e-05
-7.1323e-05
-6.61532e-05
-6.13551e-05
-5.69024e-05
-5.27701e-05
-4.89352e-05
-4.53765e-05
-4.2074e-05
-3.90143e-05
-3.61754e-05
-3.3543e-05
-3.1102e-05
-2.88388e-05
-2.67402e-05
-2.47944e-05
-2.29904e-05
-2.13177e-05
-1.97667e-05
-1.8327e-05
-1.69921e-05
-1.57545e-05
-1.46071e-05
-1.35428e-05
-1.25556e-05
-1.16399e-05
-1.07905e-05
-9.9817e-06
0.000245182
0.000436154
0.000471341
0.000512606
0.000561354
0.000521041
0.000433562
0.000351873
0.000315847
0.000293196
0.000272178
0.000252674
0.000234567
0.000217758
0.000202153
0.000187667
0.000174218
0.000161733
0.000150143
0.000139383
0.000129395
0.000120122
0.000111513
0.000103521
9.61023e-05
8.92148e-05
8.28209e-05
7.6885e-05
7.13748e-05
6.62596e-05
6.15113e-05
5.71035e-05
5.30118e-05
4.92137e-05
4.56881e-05
4.24154e-05
3.93775e-05
3.65575e-05
3.394e-05
3.15102e-05
2.9255e-05
-7.98473e-05
-7.41113e-05
-6.87871e-05
-6.38453e-05
-5.92586e-05
-5.50013e-05
-5.10498e-05
-4.73819e-05
-4.39768e-05
-4.08156e-05
-3.7881e-05
-3.51567e-05
-3.26276e-05
-3.02796e-05
-2.80998e-05
-2.60762e-05
-2.41975e-05
-2.24533e-05
-2.08339e-05
-1.93305e-05
-1.79347e-05
-1.66388e-05
-1.54362e-05
-1.432e-05
-1.32836e-05
-1.2322e-05
-1.14291e-05
-1.06e-05
-9.68619e-06
0.000182412
0.000266733
0.000294747
0.000273718
0.000254179
0.00023603
0.000219173
0.000203516
0.000188974
0.000175466
0.000162925
0.000151282
0.000140472
0.000130436
0.000121119
0.000112468
0.000104436
9.69781e-05
9.00542e-05
8.36258e-05
7.76573e-05
7.21161e-05
6.69715e-05
6.21951e-05
5.7761e-05
5.36449e-05
4.98242e-05
4.62781e-05
4.29872e-05
3.99311e-05
3.70941e-05
3.44601e-05
3.20145e-05
2.9744e-05
2.76359e-05
2.56788e-05
2.38619e-05
2.21752e-05
2.06093e-05
1.91557e-05
1.78064e-05
1.65539e-05
1.53913e-05
1.43122e-05
1.33107e-05
1.23811e-05
1.15184e-05
1.07179e-05
-0.000433475
-0.000750795
-0.000892013
-0.000827924
-0.000768441
-0.000713232
-0.000661991
-0.000614433
-0.000570294
-0.000529328
-0.000491308
-0.000456022
-0.000423272
-0.000392877
-0.000364667
-0.000338485
-0.000314185
-0.00029163
-0.000270696
-0.000251266
-0.000233232
-0.000216509
1.69104e-05
0.000172563
0.000260097
0.000363963
0.000484822
0.000450016
0.000379729
0.000324566
0.00030129
0.000279692
0.000259649
0.00024105
0.000223785
0.000207757
0.000192878
0.000179064
0.00016624
0.000154335
0.000143283
