0
0.000251879
0.000247683
0.000201601
0.000170915
-0.000161551
-0.000884294
-0.0013522
-0.00208884
-0.00235738
-0.00270964
-0.00286597
-0.00293959
-0.00300375
-0.00305797
-0.0031078
-0.00316164
-0.00321877
-0.00327872
-0.00334122
-0.00340611
-0.00347327
-0.00354263
-0.00361407
-0.00368757
-0.00376287
-0.0038401
-0.00391728
-0.0039964
-0.00407759
-0.00416093
-0.00424646
-0.00433424
-0.00442428
-0.00451656
-0.00461099
-0.00470695
-0.00479011
-0.00485576
-0.00489499
-0.00491537
-0.00492676
-0.00493329
-0.00493663
-0.00493773
-0.00493717
-0.0049353
-0.00493232
-0.00492839
-0.00492362
-0.00491808
-0.00491185
-0.00490498
-0.00489751
-0.00488949
-0.00488095
-0.00487174
-0.00486172
-0.00485093
-0.00483946
-0.00482734
-0.0048146
-0.00480121
-0.00478721
-0.00477262
-0.00475748
-0.00474179
-0.00472556
-0.00470881
-0.00469154
-0.00467377
-0.00399653
-0.00349341
-0.00308101
-0.00271543
-0.00237819
-0.00208188
-0.00179056
-0.00150034
-0.00120905
-0.000915514
-0.000619041
-0.000319219
-1.57746e-05
0.000291503
0.000595007
0.000899019
0.0012037
0.00150986
0.00181739
0.00212589
0.0024315
0.00273443
0.0030349
0.00333315
0.00362937
0.00392375
0.00421648
0.00450779
0.00479794
0.00508713
0.00535814
0.00564852
0.0059371
0.0062239
0.00650911
0.0067931
0.00707626
0.00735907
0.00764203
0.00792533
0.00820875
0.00849209
0.00877519
0.0090582
0.00934125
0.00962448
0.0099118
0.0102071
0.0105116
0.0105264
0.0105136
0.0103442
0.0100927
0.00975191
0.00931337
0.00877346
0.00813115
0.00738685
0.00654161
0.00559675
0.00455363
0.00341374
0.00217858
0.000849569
-0.000571802
-0.00208941
-0.00369186
-0.00518468
-0.00660771
-0.00789655
-0.00915456
-0.0102379
-0.0113632
-0.0124991
-0.0136444
-0.0147992
-0.0159642
-0.0171412
-0.0183325
-0.0195388
-0.0207477
-0.0219593
-0.023173
-0.0243877
-0.0256068
-0.0268439
-0.028066
-0.029322
-0.0306019
-0.0319071
-0.0332385
-0.034604
-0.0359783
-0.0373605
-0.0387497
-0.0401529
-0.0415712
-0.0430043
-0.0444531
-0.0459188
-0.0474029
-0.0489059
-0.0504284
-0.051972
-0.0535383
-0.0551289
-0.056746
-0.0583909
-0.0600657
-0.0617173
-0.0634597
-0.0652419
-0.0670627
-0.0687118
-0.0702496
-0.0716991
-0.0730626
-0.0743404
-0.0755333
-0.0766416
-0.0776664
-0.0786241
-0.0795109
-0.0803269
-0.0810734
-0.0817528
-0.0823676
-0.082921
-0.0834164
-0.0838561
-0.084242
-0.0845775
-0.0848652
-0.085107
-0.0853054
-0.0854629
-0.0855819
-0.0856649
-0.0857139
-0.0857314
-0.0857125
-0.0856498
-0.0855509
-0.0854202
-0.0852363
-0.085047
-0.084832
-0.0845925
-0.0843291
-0.0840422
-0.0837324
-0.0833997
-0.0830442
-0.082666
-0.0822622
-0.0818528
-0.0814212
-0.0809654
-0.0804811
-0.079974
-0.0794429
-0.0788876
-0.0783078
-0.077703
-0.0770728
-0.0764167
-0.0757344
-0.0750256
-0.0742869
-0.0735204
-0.0727249
-0.0718991
-0.0710423
-0.0701536
-0.0692322
-0.0682771
-0.0673481
-0.066337
-0.0653083
-0.0642552
-0.0631766
-0.0620712
-0.0609377
-0.0597749
-0.058581
-0.057355
-0.0560947
-0.0547989
-0.0534667
-0.0520969
-0.0506894
-0.0492256
-0.0477079
-0.0461357
-0.0445068
-0.0428181
-0.041066
-0.0392467
-0.0373562
-0.0353904
-0.0333454
-0.0312171
-0.0290014
-0.0266939
-0.0242906
-0.0217873
-0.0192667
-0.0166206
-0.0139017
-0.0111052
-0.00821169
-0.00527871
-0.00254154
3.16597e-05
0.00251506
0.00494172
0.00731119
0.0096211
0.0118579
0.0140073
0.0159504
0.0178404
0.0196667
0.0214252
0.0231195
0.024752
0.0263253
0.0278366
0.0292872
0.0306771
0.0320078
0.0333655
0.0345834
0.0357438
0.0368487
0.0378996
0.0388972
0.0398419
0.0407346
0.0415757
0.0423657
0.0431048
0.0437935
0.044432
0.0450207
0.0455595
0.0460483
0.0464872
0.0468758
0.047214
0.0475015
0.047738
0.0479231
0.0480566
0.0481384
0.0481682
0.0481459
0.0480744
0.0479534
0.0477869
0.0475754
0.0472979
0.0469588
0.0465594
0.0460988
0.0455798
0.0450011
0.0443601
0.0436535
0.0428783
0.0420315
0.0411098
0.0401102
0.0390292
0.0378637
0.0366105
0.0352661
0.0338275
0.0322853
0.0306407
0.0288705
0.0269948
0.0250397
0.0230591
0.0209202
0.0186651
0.0164658
0.0142946
0.0121247
0.00995551
0.00778512
0.00576465
0.00372502
0.00169552
-0.000328454
-0.00234829
-0.00436642
-0.00638852
-0.00841515
-0.0104677
-0.0123773
-0.0141828
-0.0159166
-0.0175779
-0.0191607
-0.0206466
-0.0220483
-0.0233813
-0.0246454
-0.0258416
-0.0269706
-0.0280331
-0.0290297
-0.029961
-0.0308274
-0.0316373
-0.0323853
-0.0330771
-0.033707
-0.0342808
-0.0347927
-0.0352398
-0.0356307
-0.0359593
-0.0362215
-0.0364222
-0.0365579
-0.0366376
-0.036655
-0.0366165
-0.0365321
-0.0363872
-0.0361836
-0.0359215
-0.0355998
-0.0352163
-0.0347683
-0.0342531
-0.0336675
-0.0330087
-0.0322735
-0.0314588
-0.0305615
-0.0295783
-0.0285061
-0.0273415
-0.0260814
-0.0247225
-0.0232614
-0.021695
-0.0200106
-0.0182844
-0.0164189
-0.0144585
-0.0125644
-0.0106629
-0.00874765
-0.00682065
-0.00488327
-0.0030465
-0.00133472
0.000279466
0.00181816
0.00327916
0.00466338
0.00597494
0.00727076
0.00852147
0.00970298
0.0108166
0.0118548
0.0128281
0.0137368
0.0145815
0.0153629
0.0160815
0.0167378
0.0173323
0.0178654
0.0183376
0.0187496
0.018971
0.0191275
0.0192208
0.0192642
0.0192406
0.0191511
0.0189955
0.0187733
0.0184842
0.0181277
0.0177028
0.0173022
0.0168818
0.0164186
0.0159115
0.0153593
0.0147612
0.0141153
0.0134182
0.0126444
0.0118152
0.0109156
0.00994585
0.00890416
0.00778821
0.00659508
0.00532162
0.00396453
0.00252047
0.000988127
-0.000635777
-0.00235527
-0.00417452
-0.00609797
-0.00813065
-0.010181
-0.0119441
-0.0136199
-0.0152087
-0.0166966
-0.0181103
-0.0194569
-0.020716
-0.0218404
-0.022891
-0.0238767
-0.0247904
-0.0256336
-0.0264078
-0.0271146
-0.0277544
-0.0283277
-0.028835
-0.0292768
-0.0296535
-0.0299656
-0.0302134
-0.0303971
-0.030523
-0.0305964
-0.0306362
-0.0306419
-0.0306132
-0.0305497
-0.030451
-0.0303166
-0.030146
-0.0299388
-0.0296943
-0.0294117
-0.0290904
-0.0287296
-0.0283286
-0.0278865
-0.0274023
-0.0268749
-0.0263032
-0.0256859
-0.0250218
-0.0243096
-0.0235478
-0.0227352
-0.0218704
-0.0209521
-0.0199788
-0.0189493
-0.0178622
-0.0167161
-0.0155094
-0.0142413
-0.0128933
-0.0114647
-0.0100227
-0.0087594
-0.00761049
-0.00657323
-0.00564538
-0.00482502
-0.0041097
-0.0034968
-0.00298352
-0.00256704
-0.00224459
-0.00201351
-0.00187119
-0.00181518
-0.00184307
-0.00195252
-0.0021378
-0.00237753
-0.00269082
-0.00306986
-0.00351092
-0.00401405
-0.00470705
-0.00546913
-0.00630199
-0.00720631
-0.00817941
-0.00922107
-0.0103313
-0.0115142
-0.0127713
-0.0141041
-0.0154123
-0.0167152
-0.0180116
-0.0193013
-0.0205809
-0.0218507
-0.0231122
-0.0243666
-0.025615
-0.0268584
-0.028098
-0.0293348
-0.0305698
-0.0318041
-0.0330389
-0.0342752
-0.0355144
-0.0367576
-0.0380059
-0.0392607
-0.0405232
-0.041795
-0.0430775
-0.0443723
-0.0456807
-0.0470044
-0.048345
-0.0497037
-0.0510822
-0.0524815
-0.0539031
-0.055348
-0.0568174
-0.0580335
-0.0590907
-0.0600419
-0.0609393
-0.0617704
-0.062525
-0.0631984
-0.0637896
-0.0643011
-0.064735
-0.0650933
-0.0653783
-0.0655921
-0.0657392
-0.065836
-0.0658891
-0.0659004
-0.0658689
-0.0657964
-0.0656861
-0.0655396
-0.0653585
-0.065151
-0.0649189
-0.0646654
-0.0643702
-0.0639791
-0.0635574
-0.0631052
-0.0626232
-0.0621118
-0.0615717
-0.0610031
-0.0604064
-0.0597783
-0.0591181
-0.0584251
-0.0576985
-0.0569378
-0.0561421
-0.0553108
-0.0544429
-0.0535376
-0.0525941
-0.0516113
-0.0505883
-0.049524
-0.0484174
-0.0472672
-0.0460724
-0.0448316
-0.0435436
-0.0422069
-0.0408201
-0.0393817
-0.0378902
-0.0363439
-0.0347409
-0.0330795
-0.0313574
-0.0295726
-0.0277225
-0.0258044
-0.0238183
-0.0218281
-0.019838
-0.0178461
-0.0158528
-0.0138561
-0.0118541
-0.00984504
-0.00782738
-0.00580014
-0.00405099
-0.00239302
-0.000833285
0.000620407
0.00196584
0.00320367
0.00433592
0.0053653
0.00629472
0.0071271
0.00786547
0.00851291
0.00907322
0.00955
0.00994575
0.010263
0.0105043
0.010672
0.0107685
0.0108243
0.0108231
0.0107973
0.0107495
0.0106792
0.0104412
0.0101721
0.00987168
0.00954046
0.00917939
0.00878922
0.00837056
0.00792074
0.007438
0.00692203
0.00637248
0.00578892
0.0051709
0.00451788
0.0038293
0.00310454
0.00234292
0.00154371
0.000706123
-0.000170638
-0.00108748
-0.00204537
-0.00304531
-0.00408838
-0.00517566
-0.00630847
-0.00748811
-0.00871584
-0.00999305
-0.0113212
-0.012702
-0.0141371
-0.0156284
-0.0171777
-0.018787
-0.0204584
-0.022194
-0.0239958
-0.0258661
-0.0278071
-0.0298211
-0.031911
-0.0340838
-0.0362693
-0.038463
-0.040669
-0.0428998
-0.0448733
-0.0467464
-0.0485223
-0.0501975
-0.0517715
-0.053246
-0.0546232
-0.0559033
-0.0570891
-0.0581836
-0.0591898
-0.0601108
-0.0609493
-0.0617082
-0.0623901
-0.0629976
-0.063533
-0.0639987
-0.0644053
-0.0647535
-0.0650467
-0.0652889
-0.0653724
-0.0653944
-0.0653776
-0.0653231
-0.065232
-0.0651053
-0.0649437
-0.0647469
-0.064512
-0.0642387
-0.0639268
-0.063576
-0.0631859
-0.0627563
-0.0622866
-0.0617763
-0.061225
-0.060632
-0.0599967
-0.0593184
-0.0585964
-0.0578298
-0.0570178
-0.0561596
-0.0552541
-0.0543003
-0.0532972
-0.0522434
-0.0511378
-0.0499792
-0.0487662
-0.0474971
-0.0461704
-0.0447844
-0.043337
-0.0418263
-0.04025
-0.0386056
-0.0369852
-0.0353679
-0.0337662
-0.0321755
-0.0305946
-0.0290222
-0.0274571
-0.0258982
-0.0243448
-0.0230654
-0.0218778
-0.0207915
-0.0198154
-0.0189525
-0.0182028
-0.0175647
-0.017036
-0.0166142
-0.0162969
-0.0160813
-0.0159642
-0.0159421
-0.0160128
-0.0161369
-0.0163096
-0.0165291
-0.0167936
-0.0171013
-0.0174348
-0.0178077
-0.0182167
-0.0186588
-0.019135
-0.0197474
-0.0203981
-0.0210877
-0.0218163
-0.0225836
-0.0233889
-0.0242339
-0.0251219
-0.0260537
-0.0270301
-0.0280519
-0.0291201
-0.0302356
-0.0313995
-0.0326129
-0.033877
-0.035193
-0.0365623
-0.0379864
-0.0394669
-0.0410055
-0.0426044
-0.0442667
-0.0459285
-0.0475922
-0.0492602
-0.0509337
-0.0526139
-0.0543025
-0.0560008
-0.0577106
-0.0594337
-0.0611718
-0.0629269
-0.0647007
-0.066452
-0.0682442
-0.0700543
-0.0718781
-0.0737176
-0.0755745
-0.0774506
-0.0793471
-0.0809752
-0.0824296
-0.0837767
-0.0850721
-0.0863027
-0.0874569
-0.0885296
-0.0895191
-0.090426
-0.091252
-0.0919992
-0.0926702
-0.0932675
-0.0937937
-0.0942509
-0.0946416
-0.0949686
-0.0952315
-0.0954313
-0.0955715
-0.0956545
-0.0956898
-0.0956851
-0.095642
-0.0955665
-0.0954526
-0.095218
-0.0949504
-0.0946507
-0.0943202
-0.0939599
-0.0935704
-0.0931469
-0.0926887
-0.0921959
-0.0916682
-0.0911054
-0.0905069
-0.0898726
-0.089202
-0.088495
-0.0877511
-0.0869698
-0.0861506
-0.0852894
-0.0843842
-0.0834336
-0.082436
-0.0813893
-0.0802911
-0.079138
-0.0780125
-0.0767946
-0.0755468
-0.0742678
-0.0729562
-0.0716105
-0.0702289
-0.0688097
-0.067351
-0.0658509
-0.0643072
-0.062718
-0.0610811
-0.0593944
-0.0576557
-0.0558628
-0.0540132
-0.052104
-0.050128
-0.0481636
-0.0462027
-0.0442429
-0.0422712
-0.0405473
-0.0389289
-0.0374219
-0.0360293
-0.0347512
-0.033586
-0.0325302
-0.0315809
-0.0307352
-0.0299906
-0.0293444
-0.0287934
-0.0283347
-0.0279655
-0.0276831
-0.0274852
-0.0273691
-0.0273326
-0.0273401
-0.0273963
-0.0274914
-0.0276221
-0.0277886
-0.0281437
-0.0285454
-0.0289947
-0.0294913
-0.0300334
-0.0306204
-0.0312519
-0.0319315
-0.0326603
-0.0334385
-0.0342668
-0.0351457
-0.0360758
-0.0370579
