0
-0.0031293
-0.00609868
-0.00737433
-0.0085042
-0.00910765
-0.00915606
-0.00872988
-0.00807969
-0.00765768
-0.00725724
-0.00697091
-0.00677937
-0.00666826
-0.00663578
-0.00667928
-0.00679563
-0.00698219
-0.00723642
-0.00755593
-0.00793856
-0.00838234
-0.00888556
-0.00944607
-0.0100634
-0.0107342
-0.0114603
-0.0122423
-0.0130772
-0.0139645
-0.0149041
-0.0158958
-0.0169398
-0.0180363
-0.019186
-0.0203901
-0.021651
-0.0228181
-0.0239172
-0.024949
-0.0259139
-0.0268125
-0.0276453
-0.028413
-0.0291158
-0.0297543
-0.0303287
-0.0308393
-0.0312863
-0.0316697
-0.0319896
-0.032246
-0.0324387
-0.0325676
-0.0326324
-0.0326329
-0.0325748
-0.0324576
-0.0322809
-0.0320438
-0.0317459
-0.0313862
-0.030964
-0.0304783
-0.0299283
-0.029313
-0.0286312
-0.0278819
-0.0270638
-0.0261756
-0.025216
-0.0245741
-0.0237298
-0.0226851
-0.0214462
-0.0201032
-0.0188591
-0.0176755
-0.0165458
-0.0154657
-0.0144324
-0.0134437
-0.0124978
-0.011593
-0.010728
-0.00993161
-0.00920025
-0.00853267
-0.0079276
-0.00738333
-0.00689925
-0.00647153
-0.00609914
-0.00578109
-0.00551652
-0.00530458
-0.00514456
-0.00503582
-0.00497786
-0.00497025
-0.00501267
-0.00505243
-0.00511878
-0.00519731
-0.00528806
-0.00539119
-0.00550699
-0.00563576
-0.00577784
-0.00593361
-0.00610317
-0.00628672
-0.00648434
-0.00669612
-0.00692242
-0.00716354
-0.00741971
-0.00768719
-0.00796211
-0.00824354
-0.0088077
-0.00939048
-0.0100116
-0.0107089
-0.0114102
-0.0121248
-0.0128578
-0.0136124
-0.0143906
-0.0151936
-0.0160226
-0.0168782
-0.0177611
-0.018672
-0.0196116
-0.0205816
-0.0214665
-0.0223113
-0.0228632
-0.0232437
-0.0234377
-0.0242638
-0.0256883
-0.0268814
-0.0279212
-0.0287812
-0.0294468
-0.0299097
-0.0301637
-0.0302362
-0.0301067
-0.0297872
-0.02922
-0.0283834
-0.0272712
-0.0259135
-0.0244161
-0.0231704
-0.0222854
-0.0217082
-0.0214433
-0.021512
-0.0215722
-0.0215992
-0.0215759
-0.0215312
-0.0214739
-0.0214127
-0.0213149
-0.0211635
-0.0209469
-0.020652
-0.0204147
-0.0202259
-0.020085
-0.019992
-0.0199473
-0.019951
-0.0200036
-0.0201047
-0.0201964
-0.0202975
-0.0203187
-0.020341
-0.0206916
-0.0215363
-0.0223321
-0.0230661
-0.0237465
-0.0243787
-0.0249675
-0.0254404
-0.0258672
-0.0262549
-0.0266072
-0.0269252
-0.027209
-0.0274582
-0.0276717
-0.0278481
-0.0279863
-0.0280902
-0.0281564
-0.0281854
-0.0282082
-0.0282279
-0.0282463
-0.0282642
-0.028282
-0.0283001
-0.0283187
-0.0284617
-0.028591
-0.0287011
-0.0287921
-0.0288787
-0.0289437
-0.0289797
-0.0289832
-0.028952
-0.0288841
-0.0287774
-0.0286296
-0.0284379
-0.0281978
-0.0278791
-0.02764
-0.0274718
-0.0273728
-0.0273407
-0.027367
-0.0274212
-0.0275041
-0.0276163
-0.0277586
-0.0279321
-0.0281382
-0.0283797
-0.0286753
-0.0288691
-0.0289746
-0.0289905
-0.0289683
-0.0289039
-0.0287932
-0.028631
-0.0284086
-0.0281769
-0.0276955
-0.027396
-0.0271717
-0.0270054
-0.0268873
-0.0268116
-0.0267749
-0.0267744
-0.0268027
-0.0268327
-0.0268637
-0.0268957
-0.0269286
-0.0269624
-0.026998
-0.0270352
-0.0270742
-0.0271151
-0.027158
-0.0272032
-0.0272509
-0.0273011
-0.0273541
-0.02741
-0.027469
-0.0275316
-0.0275979
-0.0276688
-0.0277492
-0.0278266
-0.0279104
-0.0279871
-0.0280685
-0.0288594
-0.0301944
-0.0314882
-0.0324817
-0.0332557
-0.03385
-0.0342529
-0.0345836
-0.0348143
-0.0347554
-0.0347617
-0.0348224
-0.0348847
-0.0349095
-0.0349092
-0.0348845
-0.0348354
-0.034782
-0.0347925
-0.0347431
-0.034675
-0.0345764
-0.0345802
-0.0345286
-0.0344741
-0.0344327
-0.0343997
-0.0343722
-0.0343487
-0.0343281
-0.03431
-0.0342938
-0.0342791
-0.0342658
-0.0342536
-0.0342425
-0.0342321
-0.0342225
-0.0342135
-0.034205
-0.034197
-0.0341893
-0.0341821
-0.0341754
-0.0341694
-0.034164
-0.0341594
-0.0341545
-0.034148
-0.0341423
-0.0341375
-0.0341342
-0.034132
-0.034131
-0.0341311
-0.0341354
-0.0341412
-0.0341481
-0.034156
-0.0341649
-0.0341748
-0.0341858
-0.0341978
-0.034211
-0.0342253
-0.0342406
-0.034257
-0.0342745
-0.0342904
-0.0343103
-0.0350067
-0.0363817
-0.0381622
-0.0402199
-0.0429007
-0.0460492
-0.049038
-0.052163
-0.0553899
-0.0587036
-0.0621017
-0.0651942
-0.0675315
-0.0688594
-0.0692469
-0.0687719
-0.0679606
-0.0669362
-0.065828
-0.0646793
-0.0638076
-0.0633048
-0.0628749
-0.0625365
-0.0622926
-0.0621026
-0.0618975
-0.0616866
-0.0614877
-0.0613018
-0.0611289
-0.0609683
-0.0608195
-0.0606817
-0.0605541
-0.0603118
-0.0601877
-0.0599482
-0.0598399
-0.0596118
-0.0595172
-0.0594371
-0.0592287
-0.0591525
-0.0589402
-0.0588681
-0.0588121
-0.0586173
-0.058562
-0.0583656
-0.0582976
-0.0582663
-0.0582462
-0.0582341
-0.0582284
-0.0582282
-0.0582331
-0.0582428
-0.0582571
-0.0582759
-0.0582992
-0.0583271
-0.0583595
-0.0583966
-0.0584384
-0.0584849
-0.0585361
-0.0585922
-0.0586532
-0.0587191
-0.0594953
-0.0608249
-0.0627058
-0.0650333
-0.0672263
-0.069304
-0.0713054
-0.0732285
-0.0750929
-0.0766967
-0.0780785
-0.0788849
-0.0786911
-0.0781525
-0.077455
-0.076821
-0.0763273
-0.0759352
-0.0756425
-0.0754454
-0.0753402
-0.0753228
-0.0753832
-0.0755189
-0.0757279
-0.0760081
-0.0763579
-0.0767759
-0.0772608
-0.0778117
-0.0784286
-0.0789246
-0.079327
-0.0796436
-0.0798788
-0.0800352
-0.0801289
-0.0801731
-0.0801696
-0.0801162
-0.0799989
-0.0798082
-0.0796187
-0.0795227
-0.0794754
-0.0794759
-0.0795234
-0.079617
-0.0797548
-0.0799303
-0.0800994
-0.0802673
-0.0804324
-0.0805958
-0.0807538
-0.080906
-0.0810518
-0.0811914
-0.0813255
-0.0814545
-0.0815851
-0.0817198
-0.0818591
-0.0820031
-0.082152
-0.0823062
-0.082456
-0.0826933
-0.0829026
-0.0830842
-0.0833638
-0.0836277
-0.0838581
-0.0840215
-0.084142
-0.084227
-0.0842984
-0.0843604
-0.0844124
-0.0844522
-0.0844773
-0.0844916
-0.0845029
-0.0845114
-0.0845176
-0.0845214
-0.0845231
-0.0845226
-0.0845201
-0.0845163
-0.0845123
-0.084504
-0.0844931
-0.0844791
-0.0844619
-0.0844412
-0.0844171
-0.0843894
-0.0843581
-0.0843233
-0.084285
-0.0842429
-0.0841972
-0.0841476
-0.0840943
-0.0840373
-0.0839764
-0.0839117
-0.0838431
-0.0837708
-0.0836947
-0.0836148
-0.0835312
-0.0834441
-0.0833536
-0.0832598
-0.0831626
-0.0830623
-0.0829589
-0.0828524
-0.082743
-0.0826295
-0.0825136
-0.082436
-0.0824205
-0.0823883
-0.0823375
-0.0822879
-0.0822388
-0.08219
-0.0821419
-0.0820947
-0.0820489
-0.0820047
-0.0819624
-0.0819223
-0.0818846
-0.0818496
-0.0818175
-0.0817885
-0.0818988
-0.0819982
-0.0820965
-0.0822219
-0.082375
-0.0825092
-0.0826305
-0.0827196
-0.0827721
-0.0828068
-0.0828183
-0.0828028
-0.0827849
-0.0827683
-0.0827447
-0.0826688
-0.0827298
-0.0827262
-0.0826794
-0.0826438
-0.0826264
-0.0826201
-0.082621
-0.0826269
-0.0826366
-0.0826494
-0.0826649
-0.0826827
-0.0827029
-0.0827252
-0.0827497
-0.0827762
-0.0828045
-0.0828347
-0.0828667
-0.0829005
-0.0829359
-0.082973
-0.0830116
-0.0830518
-0.0830936
-0.0831369
-0.0831818
-0.0832286
-0.0832773
-0.0833282
-0.0833813
-0.0834368
-0.0837037
-0.0844276
-0.0850606
-0.08566
-0.086193
-0.0866751
-0.0871141
-0.0875132
-0.0878709
-0.0881868
-0.0884603
-0.0886903
-0.0888747
-0.0890099
-0.0890954
-0.089159
-0.0892009
-0.0892357
-0.0892641
-0.0892878
-0.089308
-0.089325
-0.089452
-0.0895492
-0.0896419
-0.0897415
-0.0898246
-0.0898955
-0.089954
-0.0899982
-0.0900271
-0.0900384
-0.0900303
-0.0900011
-0.0899624
-0.0899172
-0.0898671
-0.089813
-0.0897554
-0.0896947
-0.089631
-0.0895643
-0.0894948
-0.0894225
-0.0893473
-0.0892691
-0.0891879
-0.0891037
-0.0890162
-0.0889255
-0.0888315
-0.0887343
-0.0886336
-0.0885294
-0.0884217
-0.0883103
-0.0881951
-0.0880762
-0.0879535
-0.087827
-0.0876966
-0.0875625
-0.0874261
-0.0872515
-0.0871256
-0.0870361
-0.0869818
-0.086928
-0.086872
-0.0868139
-0.0867534
-0.0866905
-0.0866254
-0.0868316
-0.0870843
-0.0872997
-0.0874852
-0.0876441
-0.0877778
-0.0878866
-0.0879698
-0.0880269
-0.0880567
-0.0880578
-0.0880269
-0.0879815
-0.0879374
-0.0878954
-0.0878556
-0.0878185
-0.0877843
-0.0877533
-0.0878591
-0.0879441
-0.0880118
-0.0880992
-0.0882079
-0.0882954
-0.0883821
-0.0884449
-0.0884841
-0.0885114
-0.0885229
-0.0885159
-0.0884972
-0.0884735
-0.0884473
-0.0884198
-0.0883918
-0.0883638
-0.0883359
-0.0883083
-0.0882811
-0.0882542
-0.0882277
-0.0882015
-0.0881767
-0.0881535
-0.0881317
-0.0881115
-0.0880926
-0.0880751
-0.088059
-0.088044
-0.0880303
-0.0880176
-0.0880059
-0.0879952
-0.0879854
-0.0879764
-0.0879682
-0.0879607
-0.087954
-0.087948
-0.0879428
-0.0879387
-0.0879359
-0.0879345
-0.0879351
-0.0879137
-0.0879413
-0.0880044
-0.088069
-0.0881363
-0.0883447
-0.0885784
-0.0887757
-0.0889395
-0.0890707
-0.0891678
-0.0892305
-0.0892888
-0.089344
-0.0893994
-0.0894551
-0.089511
-0.0895671
-0.0896231
-0.089679
-0.0897345
-0.0897894
-0.0898436
-0.090013
-0.0901692
-0.0903464
-0.0905454
-0.090705
-0.0908491
-0.0909786
-0.091091
-0.091184
-0.0912559
-0.0913049
-0.0913329
-0.0913533
-0.0913683
-0.0913792
-0.0913866
-0.091391
-0.0913926
-0.0913915
-0.0913878
-0.0913815
-0.0913728
-0.0913614
-0.0913475
-0.0913308
-0.0913114
-0.0912893
-0.0912642
-0.0912363
-0.0912054
-0.0911716
-0.0911348
-0.0910948
-0.0910517
-0.0910053
-0.0909557
-0.0909028
-0.0908466
-0.0907871
-0.0907243
-0.0906582
-0.090589
-0.0905174
-0.090496
-0.0904279
-0.0903661
-0.0903066
-0.0902474
-0.0901872
-0.0901253
-0.0900615
-0.0902513
-0.0904726
-0.0906579
-0.0908143
-0.0909447
-0.0910503
-0.0911311
-0.0911867
-0.0912161
-0.0912179
-0.0911887
-0.0911422
-0.0910962
-0.091052
-0.0910071
-0.0909602
-0.0909121
-0.0908636
-0.0908151
-0.090908
-0.0909897
-0.0910086
-0.091038
-0.0910806
-0.0911099
-0.0911385
-0.091142
-0.0911136
-0.091073
-0.09102
-0.0909567
-0.0908921
-0.0908273
-0.0907629
-0.0906992
-0.0906365
-0.0905748
-0.0905144
-0.0904552
-0.0903972
-0.0903406
-0.0902852
-0.090231
-0.090178
-0.0901263
-0.0900759
-0.0900276
-0.0900388
-0.0900637
-0.0900895
-0.0901167
-0.0901455
-0.0901762
-0.0902086
-0.0902428
-0.0902788
-0.0903165
-0.090356
-0.0903978
-0.0904337
-0.0905119
-0.0905366
-0.0905722
-0.0906151
-0.0906631
-0.090715
-0.0907703
-0.0910325
-0.0917726
-0.0924278
-0.0930557
-0.0936156
-0.0941237
-0.0945883
-0.0950136
-0.0954013
-0.0957515
-0.0960637
-0.0963367
-0.0965693
-0.0967608
-0.0969118
-0.0970204
-0.0970923
-0.0971528
-0.0972173
-0.09728
-0.0973413
-0.0973992
-0.0975814
-0.0977438
-0.0979029
-0.0980756
-0.0982212
-0.0983465
-0.0984484
-0.098524
-0.0985712
-0.0985879
-0.0985892
-0.0985768
-0.0985499
-0.0985072
-0.0984473
-0.0983675
-0.0982656
-0.0981396
-0.0979875
-0.0978073
-0.0975969
-0.0973541
-0.0970867
-0.0967964
-0.0964837
-0.0961493
-0.0957942
-0.0954194
-0.0950257
-0.094615
-0.0943044
-0.0940316
-0.0937955
-0.0935951
-0.0934298
-0.093299
-0.0932021
-0.0931387
-0.0931082
-0.0931105
-0.093145
-0.0932115
-0.0933098
-0.0934394
-0.0935998
-0.0937906
-0.094011
-0.0942593
-0.0943356
-0.0942938
-0.0941733
-0.0940032
-0.0940335
-0.0940759
-0.0941011
-0.0941065
-0.0940888
-0.094047
-0.0939985
-0.0939502
-0.093903
-0.0938561
-0.0938075
-0.0937578
-0.0937099
-0.093664
-0.0936206
-0.0935798
-0.0935419
-0.0935072
-0.0936105
-0.0937036
-0.0937857
-0.0938938
-0.0940291
-0.094132
-0.0942285
-0.0942973
-0.0943387
-0.0943657
-0.0943741
-0.0943606
-0.0943406
-0.0943191
-0.0942978
-0.0942775
-0.0942586
-0.0942416
-0.0942266
