0
-0.0031293
-0.00609868
-0.00737433
-0.0085042
-0.00910765
-0.00915606
-0.00872988
-0.00807969
-0.00765768
-0.00725724
-0.00697091
-0.00677937
-0.00666826
-0.00663578
-0.00667928
-0.00679563
-0.00698219
-0.00723642
-0.00755593
-0.00793856
-0.00838234
-0.00888556
-0.00944607
-0.0100634
-0.0107342
-0.0114603
-0.0122423
-0.0130772
-0.0139645
-0.0149041
-0.0158958
-0.0169394
-0.018035
-0.0191826
-0.0203829
-0.0216378
-0.022796
-0.0238824
-0.0248969
-0.0258391
-0.0267087
-0.0275053
-0.0282286
-0.0288783
-0.0294539
-0.0299553
-0.0303819
-0.0307335
-0.0310098
-0.0312101
-0.0313343
-0.0313818
-0.0313522
-0.0312449
-0.0310595
-0.0308016
-0.0304705
-0.0300657
-0.0295863
-0.0290317
-0.0284012
-0.0276937
-0.0269087
-0.026045
-0.0251019
-0.0240783
-0.0229731
-0.0217854
-0.020514
-0.0191576
-0.0181056
-0.016838
-0.015357
-0.0136692
-0.0118647
-0.0101468
-0.00847745
-0.00685014
-0.00526094
-0.00370728
-0.00218725
-0.000699353
0.000757723
0.00218516
0.00355375
0.00486674
0.00612507
0.00732969
0.00848195
0.00958214
0.0106337
0.0116374
0.012594
0.013504
0.0143683
0.0151875
0.0159624
0.0166935
0.0173815
0.018027
0.0186828
0.0193201
0.0199537
0.0205842
0.021212
0.0218375
0.0224609
0.0230828
0.0237036
0.0243238
0.0249441
0.0255653
0.0261881
0.0268125
0.0274389
0.0280674
0.0287019
0.0293464
0.0300021
0.0303925
0.0307817
0.0311497
0.0314585
0.0317797
0.0321039
0.0324251
0.0327398
0.0330452
0.0333394
0.0336208
0.0338878
0.0341389
0.0343725
0.034587
0.0347796
0.0350649
0.0353967
0.0360266
0.0368322
0.0378272
0.0381922
0.0379606
0.0379628
0.0381207
0.038461
0.0389984
0.0397415
0.0406962
0.0418355
0.0431797
0.0447169
0.0465047
0.0485649
0.0509034
0.0534902
0.0562193
0.0586992
0.0608207
0.0626365
0.0641419
0.0653155
0.0664991
0.0677172
0.0689869
0.0702793
0.0715856
0.0728972
0.074247
0.0756523
0.077125
0.0786783
0.0801767
0.0816299
0.083039
0.0844045
0.0857267
0.0870062
0.0882431
0.0894386
0.0906514
0.0918635
0.0931647
0.0944748
0.0954672
0.0959764
0.0965457
0.0971881
0.0978956
0.0986626
0.0994842
0.100433
0.101438
0.102492
0.103592
0.104734
0.10592
0.107148
0.108418
0.109731
0.111088
0.112484
0.11392
0.115396
0.11688
0.118366
0.119852
0.121337
0.122817
0.124292
0.125759
0.127094
0.128436
0.129789
0.131155
0.132518
0.133898
0.135301
0.136731
0.138191
0.139683
0.141209
0.142772
0.144375
0.146022
0.147743
0.149382
0.150945
0.152435
0.153855
0.155213
0.156538
0.157831
0.159091
0.160317
0.161508
0.162663
0.163779
0.164839
0.165997
0.167242
0.168575
0.169944
0.171356
0.172813
0.174323
0.175894
0.177478
0.179314
0.180972
0.182559
0.184095
0.185588
0.187047
0.188474
0.189874
0.191254
0.192641
0.194037
0.19544
0.196852
0.198272
0.199699
0.201133
0.202573
0.204018
0.205469
0.206923
0.208381
0.20984
0.211301
0.212763
0.214223
0.215681
0.217136
0.218585
0.220023
0.22146
0.222887
0.224314
0.22573
0.226428
0.226574
0.226754
0.227226
0.227912
0.228771
0.229816
0.230927
0.232133
0.233624
0.235045
0.236406
0.237762
0.23915
0.24056
0.24199
0.24344
0.244891
0.246273
0.247712
0.249165
0.250645
0.252018
0.253442
0.254865
0.256272
0.257667
0.259053
0.260433
0.261807
0.263177
0.264544
0.265909
0.267272
0.268635
0.269998
0.271362
0.272729
0.274099
0.275473
0.276852
0.278238
0.27963
0.281029
0.282437
0.283852
0.285275
0.286708
0.288152
0.289604
0.291064
0.292531
0.294006
0.295487
0.296974
0.298464
0.299959
0.301459
0.302962
0.304468
0.305976
0.307485
0.308995
0.310503
0.31201
0.313513
0.315013
0.316506
0.317995
0.319473
0.320266
0.320372
0.320066
0.319475
0.318254
0.31656
0.315019
0.313336
0.311547
0.309665
0.307694
0.306024
0.305105
0.305191
0.306214
0.308094
0.310307
0.312729
0.31523
0.317769
0.320025
0.321909
0.323716
0.325428
0.327041
0.328596
0.330163
0.331733
0.333289
0.334829
0.336354
0.337865
0.339364
0.340852
0.34233
0.343924
0.345403
0.347
0.348469
0.350063
0.351529
0.352987
0.35458
0.356049
0.357663
0.359145
0.36062
0.362243
0.363736
0.365378
0.366902
0.368397
0.369889
0.371382
0.372875
0.37437
0.375866
0.377362
0.378859
0.380355
0.38185
0.383342
0.384832
0.386317
0.387796
0.389268
0.390732
0.392187
0.393631
0.395063
0.395776
0.395928
0.395521
0.39466
0.393928
0.393304
0.392751
0.39227
0.391843
0.391671
0.391717
0.392333
0.393945
0.395898
0.398005
0.400045
0.40194
0.403729
0.405415
0.407002
0.408492
0.409891
0.411208
0.412445
0.413605
0.41469
0.415703
0.416644
0.417515
0.418318
0.419054
0.419909
0.420856
0.42189
0.423005
0.424201
0.425461
0.426774
0.428139
0.429558
0.431047
0.432616
0.43419
0.435679
0.437128
0.438537
0.439909
0.441243
0.442543
0.443814
0.4451
0.446396
0.447703
0.44902
0.45035
0.451692
0.453047
0.454413
0.45579
0.457176
0.458564
0.45995
0.461332
0.46271
0.464082
0.465447
0.466812
0.468086
0.469382
0.470698
0.471908
0.473125
0.474369
0.475672
0.477012
0.478381
0.479758
0.481138
0.482523
0.483916
0.485318
0.486726
0.488133
0.489539
0.490942
0.492344
0.493744
0.495142
0.496538
0.497931
0.49932
0.50071
0.502098
0.503485
0.504871
0.506257
0.507643
0.50903
0.510418
0.511807
0.513197
0.51459
0.515986
0.517386
0.51879
0.520199
0.521614
0.523036
0.524465
0.525904
0.527351
0.528809
0.530278
0.531758
0.533249
0.534753
0.536269
0.537798
0.539339
0.540891
0.542456
0.544034
0.545622
0.54718
0.548683
0.55021
0.551761
0.553317
0.554877
0.556441
0.558007
0.559575
0.561142
0.562708
0.564272
0.56583
0.567384
0.56893
0.570467
0.571993
0.573373
0.574755
0.57613
0.577472
0.578779
0.580099
0.581426
0.582779
0.584164
0.585561
0.586977
0.588415
0.589851
0.591282
0.592715
0.594197
0.595537
0.596938
0.598379
0.599803
0.601206
0.602594
0.60397
0.605337
0.606696
0.608049
0.609396
0.610737
0.612073
0.613405
0.614733
0.616057
0.617379
0.618698
0.620017
0.621335
0.622654
0.623975
0.625297
0.626623
0.627952
0.629287
0.630627
0.631973
0.633326
0.634685
0.636051
0.637423
0.638594
0.639316
0.640138
0.641003
0.641942
0.642941
0.643989
0.645085
0.646228
0.647418
0.648655
0.649941
0.651274
0.652659
0.654096
0.655554
0.657033
0.658517
0.660004
0.661491
0.662976
0.664457
0.665819
0.667204
0.668585
0.669952
0.671329
0.672712
0.674102
0.6755
0.676909
0.67833
0.679765
0.681217
0.682674
0.684133
0.685593
0.687053
0.688512
0.68997
0.691427
0.692883
0.694338
0.695791
0.697244
0.698695
0.700145
0.701595
0.703044
0.704494
0.705944
0.707396
0.708849
0.710304
0.711762
0.713223
0.714689
0.71616
0.717637
0.719121
0.720612
0.722112
0.72362
0.725172
0.726683
0.728166
0.729621
0.731085
0.73256
0.734046
0.735544
0.737053
0.738574
0.739831
0.741051
0.742316
0.743618
0.744954
0.746321
0.747718
0.749146
0.750604
0.752092
0.753612
0.755164
0.756732
0.758297
0.759857
0.761413
0.762961
0.7645
0.766029
0.767412
0.768809
0.770215
0.771594
0.772946
0.774313
0.775674
0.777054
0.778452
0.779857
0.781272
0.782702
0.784139
0.785577
0.787013
0.788446
0.789875
0.791301
0.792722
0.794139
0.795552
0.79696
0.798363
0.799762
0.801156
0.802545
0.803929
0.805308
0.806683
0.808055
0.809423
0.810789
0.812153
0.813516
0.814878
0.816241
0.817605
0.818971
0.82034
0.821714
0.823092
0.824476
0.825866
0.827263
0.828667
0.830079
0.831497
0.832946
0.834356
0.835739
0.83713
0.838527
0.839791
0.841037
0.842328
0.843658
0.845028
0.846437
0.847885
0.849342
0.850805
0.85227
0.853736
0.855202
0.856667
0.85813
0.859589
0.861045
0.862495
0.863938
0.865258
0.866584
0.86788
0.869148
0.870449
0.871759
0.873077
0.874408
0.875752
0.877112
0.87849
0.879885
0.881283
0.882682
0.884081
0.885479
0.886876
0.888272
0.889666
0.89106
0.892451
0.893841
0.895229
0.896616
0.898002
0.899387
0.900771
0.902155
0.90354
0.904925
0.906311
0.907698
0.909088
0.910482
0.911879
0.91328
0.914687
0.916101
0.917522
0.91895
0.920388
0.921835
0.923291
0.924706
0.926175
0.927647
0.929125
0.930613
0.93211
0.933618
0.935138
0.936412
0.937663
0.938958
0.940289
0.941653
0.943048
0.944474
0.945929
0.947415
0.948931
0.950481
0.952049
0.953617
0.955182
0.956746
0.958308
0.959867
0.961421
0.962967
0.964363
0.965763
0.967218
0.968656
0.970073
0.971498
0.972918
0.974357
0.975822
0.977295
0.978775
0.980261
0.981744
0.983223
0.984697
0.986166
0.987631
0.98909
0.990544
0.991992
0.993435
0.994873
0.996306
0.997733
0.999155
1.00057
1.00198
1.00339
1.00474
1.00607
1.00739
1.00872
1.01004
1.01136
1.01268
1.01399
1.01531
1.01663
1.01795
1.01928
1.02061
1.02191
1.02327
1.02463
1.02599
1.02735
1.02872
1.03009
1.03126
1.03197
1.03277
1.03361
1.03452
1.03549
1.03652
1.03758
1.0387
1.03985
1.04105
1.04229
1.04358
1.04491
1.04628
1.04769
1.04914
1.0506
1.05205
1.0535
1.05494
1.05638
1.05769
1.05901
1.06032
1.06162
1.06293
1.06426
1.06561
1.06697
1.06836
1.06978
1.07121
1.07264
1.07409
1.07554
1.07701
1.0785
1.08
1.08152
1.08307
1.08464
1.08624
1.08786
1.0895
1.09117
1.09285
1.09455
1.09627
1.098
1.09975
1.10152
1.10318
1.1048
1.10639
1.10794
1.10945
1.11094
1.11239
1.11381
1.1152
1.11656
1.1179
1.11921
1.1205
1.12176
1.123
1.12422
1.12542
1.1266
1.12796
1.12945
1.13103
1.13266
1.1341
1.13554
1.137
1.13849
1.14001
1.14156
1.14312
1.14468
1.14625
1.14781
1.14938
1.15096
1.15252
1.15409
1.15565
1.1572
1.15874
1.16027
1.16166
1.16305
1.16444
1.1658
1.16712
1.16848
1.16983
1.1712
1.1726
1.174
1.17542
1.17686
1.1783
1.17973
1.18116
1.18259
1.18401
1.18542
1.18683
