-0.0355023
-0.0302543
-0.0229348
-0.0194471
-0.0194618
-0.0194767
-0.0194938
-0.0202196
-0.0201769
-0.0203812
-0.0203574
-0.0203505
-0.0203404
-0.0203295
-0.0203183
-0.0203077
-0.0202982
-0.0202897
-0.0202824
-0.0202763
-0.0202712
-0.0202671
-0.0202639
-0.0202616
-0.02026
-0.0202589
-0.0202585
-0.0202667
-0.0202745
-0.0202818
-0.0202887
-0.0202952
-0.0203014
-0.0203071
-0.0203125
-0.0203175
-0.020322
-0.0203234
-0.020325
-0.0203267
-0.0203285
-0.0203304
-0.0203323
-0.0203342
-0.0203361
-0.0203379
-0.0203397
-0.0203414
-0.0203429
-0.0203443
-0.0203455
-0.0203466
-0.0203475
-0.0203481
-0.0203486
-0.0203489
-0.020349
-0.0203489
-0.0203486
-0.0203481
-0.0203474
-0.0203465
-0.0203455
-0.0203443
-0.020343
-0.0203417
-0.0203402
-0.0203386
-0.0203368
-0.020335
-0.019558
-0.0195366
-0.0167957
-0.0114326
-0.00420768
0.00220521
0.00782017
0.0129403
0.0176479
0.0219977
0.0260288
0.0297711
0.0332488
0.0364824
0.0394899
0.0422882
0.0448903
0.0473097
0.0495602
0.0516531
0.0535978
0.0554042
0.0570818
0.0586391
0.0600843
0.0614249
0.0626678
0.0638195
0.0648861
0.0658734
0.0667867
0.0676468
0.0684302
0.0691549
0.0698249
0.070444
0.0710156
0.071543
0.0720294
0.0724781
0.0728917
0.0732724
0.0736222
0.0739435
0.0742382
0.0745084
0.0747558
0.0749822
0.0751892
0.0753781
0.07538
0.0755032
0.0755021
0.0755022
0.0755015
0.0755003
0.0754985
0.0754964
0.075494
0.0754912
0.0754882
0.0754848
0.0754813
0.0754775
0.0754735
0.0754692
0.0754649
0.0754607
0.0758945
0.0761022
-0.0206039
-0.0205739
-0.0205225
-0.01808
-0.0134089
-0.00654995
0.00248304
0.013686
0.0270561
0.0425802
0.059161
0.0734787
0.0854017
0.0948663
0.101847
0.106882
0.111749
0.116007
0.119689
0.1231
0.126212
0.128986
0.132019
0.13495
0.137728
0.140283
0.142629
0.1448
0.146881
0.148852
0.150707
0.152445
0.154067
0.155577
0.156981
0.158287
0.1595
0.160627
0.161673
0.162644
0.16355
0.164451
0.165214
0.165924
0.165921
0.165919
0.165915
0.165907
0.165898
0.165886
0.165874
0.165857
0.165841
0.165825
0.165809
0.165792
0.165776
0.16576
0.165744
0.165729
0.165714
0.1657
0.165689
0.165688
0.165688
0.165688
0.165688
0.165688
0.165688
0.165688
0.0695531
0.0739902
0.0816966
0.0922541
0.104543
0.116011
0.126706
0.136668
0.145941
0.15457
0.162601
0.170076
0.177033
0.183508
0.189537
0.195153
0.200374
0.205226
0.209743
0.213955
0.217873
0.221519
0.22491
0.228064
0.230998
0.233727
0.236264
0.238623
0.240814
0.242869
0.244767
0.246537
0.248189
0.249729
0.251168
0.252511
0.253766
0.254954
0.256775
0.257471
0.25823
0.258997
0.259742
0.260452
0.261121
0.26175
0.262336
0.262884
0.263394
0.263869
0.26431
0.264551
0.264686
0.264761
0.264803
0.264827
0.26484
0.264848
0.264852
0.264854
0.264856
0.264857
0.264857
0.264857
0.264858
0.264858
0.264857
0.264859
0.264868
0.264864
0.165108
0.165117
0.16639
0.169994
0.175811
0.183811
0.193987
0.206332
0.220817
0.236291
0.249507
0.260258
0.268509
0.275233
0.28139
0.287093
0.292409
0.297386
0.302011
0.30631
0.310303
0.314022
0.31756
0.320823
0.323796
0.326552
0.329123
0.331517
0.333745
0.335819
0.337748
0.339543
0.341212
0.342764
0.344207
0.34555
0.346798
0.347959
0.349039
0.350043
0.350977
0.351845
0.352652
0.353403
0.354101
0.354751
0.355354
0.355915
0.356437
0.356923
0.357374
0.357622
0.357761
0.35784
0.357883
0.357908
0.357922
0.357929
0.357934
0.357936
0.357937
0.357938
0.357938
0.357938
0.357938
0.357938
0.357937
0.357937
0.357937
0.357937
0.260049
0.260083
0.26051
0.261301
0.264557
0.264711
0.264898
0.266703
0.271037
0.277907
0.28732
0.299279
0.313813
0.327862
0.340468
0.35181
0.362066
0.369682
0.375709
0.380855
0.385432
0.389442
0.392761
0.395832
0.398674
0.401329
0.403841
0.406215
0.408454
0.410536
0.412473
0.414274
0.415949
0.417507
0.418956
0.420304
0.421898
0.422929
0.424272
0.425108
0.426283
0.426971
0.42768
0.42872
0.429254
0.430158
0.430574
0.431032
0.431847
0.43216
0.432863
0.432918
0.432951
0.432971
0.432983
0.43299
0.432995
0.432997
0.432998
0.432999
0.432999
0.432999
0.432999
0.432999
0.432999
0.432999
0.432999
0.432999
0.432999
0.432998
0.335366
0.335396
0.336395
0.33648
0.336595
0.338835
0.343155
0.349599
0.358186
0.368923
0.381831
0.396912
0.412437
0.426371
0.437865
0.44686
0.453275
0.457459
0.461484
0.465288
0.46885
0.472166
0.475242
0.478088
0.480715
0.483138
0.485369
0.48742
0.489305
0.491033
0.492617
0.494065
0.495507
0.496797
0.497963
0.499022
0.499987
0.500842
0.501591
0.502254
0.502847
0.503408
0.503928
0.504424
0.50489
0.505308
0.505679
0.506007
0.506294
0.506549
0.506787
0.506855
0.506838
0.506779
0.506704
0.50663
0.506567
0.506518
0.506484
0.506467
0.506465
0.506465
0.506466
0.506466
0.506466
0.506466
0.506466
0.506465
0.506465
0.506466
0.417201
0.421748
0.429563
0.440226
0.452483
0.464023
0.474814
0.484903
0.494318
0.503095
0.51128
0.518916
0.526032
0.532651
0.538808
0.544533
0.549858
0.554811
0.559416
0.5637
0.567683
0.571388
0.574833
0.578037
0.581017
0.583789
0.586367
0.588764
0.590994
0.593067
0.594996
0.59679
0.598458
0.60001
0.601453
0.602795
0.604044
0.605205
0.606284
0.607289
0.608223
0.609091
0.609899
0.61065
0.611348
0.611998
0.612602
0.613163
0.613685
0.61417
0.614621
0.614867
0.615005
0.615082
0.615124
0.615124
0.615124
0.615124
0.615124
0.615124
0.615124
0.615125
0.615125
0.615125
0.615125
0.615125
0.615125
0.615125
0.615125
0.615125
0.506051
0.509829
0.516384
0.525338
0.536522
0.54986
0.561975
0.572759
0.582512
0.591426
0.599664
0.607322
0.614468
0.621105
0.627269
0.632998
0.638428
0.643463
0.648085
0.652331
0.656282
0.659968
0.663401
0.666598
0.669573
0.67234
0.674914
0.677309
0.679535
0.681606
0.683533
0.685324
0.68699
0.688539
0.68998
0.69132
0.692566
0.693725
0.694803
0.695806
0.696738
0.697605
0.698412
0.699162
0.699859
0.700508
0.701112
0.701673
0.702195
0.702192
0.702188
0.702182
0.702176
0.702168
0.702159
0.702149
0.70214
0.702132
0.702123
0.702114
0.702106
0.702098
0.702095
0.702093
0.702091
0.702091
0.702091
0.702092
0.702092
0.702092
0.612887
0.617323
0.625024
0.635566
0.648156
0.659859
0.670726
0.680826
0.690224
0.698978
0.707141
0.714759
0.721878
0.728498
0.734655
0.740381
0.745706
0.750659
0.755266
0.75955
0.763535
0.767241
0.770688
0.773894
0.776876
0.77965
0.782229
0.784629
0.786861
0.788936
0.790867
0.792663
0.794333
0.795887
0.797332
0.798675
0.799925
0.801087
0.802168
0.803173
0.804108
0.804977
0.805786
0.806537
0.807233
0.80788
0.808482
0.809041
0.80956
0.810043
0.810492
0.810738
0.810736
0.810736
0.810736
0.810734
0.810732
0.81073
0.810727
0.810723
0.810719
0.810716
0.810712
0.810712
0.810712
0.810713
0.810713
0.810713
0.810713
0.810713
0.701383
0.705161
0.711715
0.72067
0.731852
0.745184
0.757368
0.768195
0.777977
0.78692
0.795173
0.802831
0.809965
0.8166
0.822762
0.828488
0.83381
0.838759
0.843361
0.84764
0.851619
0.85532
0.858761
0.861962
0.864939
0.867708
0.870283
0.872677
0.874905
0.876976
0.878903
0.880695
0.882361
0.883911
0.885353
0.886694
0.887941
0.889101
0.89018
0.891183
0.892116
0.892984
0.893792
0.894543
0.895241
0.895891
0.896495
0.897057
0.897579
0.898065
0.898517
0.898765
0.898904
0.898903
0.898903
0.898903
0.898902
0.8989
0.8989
0.8989
0.898899
0.898899
0.898899
0.898899
0.898899
0.898899
0.898899
0.898898
0.898898
0.898898
0.810123
0.814557
0.822255
0.832791
0.845277
0.856915
0.867735
0.877802
0.88718
0.895922
0.904081
0.911703
0.918823
0.925444
0.931601
0.937327
0.942653
0.947605
0.952211
0.956495
0.960478
0.964183
0.967628
0.970833
0.973813
0.976584
0.979162
0.981559
0.983788
0.985861
0.987789
0.989583
0.99125
0.992801
0.994243
0.995585
0.996832
0.997992
0.99907
1.00007
1.00101
1.00187
1.00268
1.00344
1.00417
1.0048
1.0054
1.00595
1.00647
1.00695
1.0074
1.00765
1.00764
1.00764
1.00764
1.00764
1.00764
1.00764
1.00763
1.00763
1.00762
1.00762
1.00762
1.00762
1.00762
1.00762
1.00762
1.00762
1.00762
1.00762
0.898073
0.901849
0.908397
0.917355
0.92854
0.941879
0.954208
0.96514
0.975002
0.983998
0.992291
0.999986
1.00714
1.01378
1.01994
1.02567
1.03099
1.03594
1.04055
1.04483
1.04881
1.05251
1.05596
1.05916
1.06214
1.06491
1.06749
1.06988
1.07211
1.07418
1.07611
1.0779
1.07956
1.08111
1.08255
1.08389
1.08514
1.0863
1.08738
1.08838
1.08931
1.0902
1.09104
1.09178
1.09246
1.09311
1.09371
1.09427
1.09479
1.09479
1.09478
1.09478
1.09477
1.09476
1.09475
1.09474
1.09473
1.09472
1.09471
1.0947
1.09469
1.09468
1.09467
1.09466
1.09465
1.09465
1.09465
1.09465
1.09465
1.09465
1.00555
1.00998
1.01767
1.0282
1.04068
1.05232
1.06316
1.07325
1.08268
1.09147
1.0997
1.10735
1.11447
1.12108
1.12724
1.13296
1.13829
1.14326
1.14788
1.15218
1.1562
1.15994
1.16342
1.16667
1.1697
1.17252
1.17515
1.17759
1.17985
1.18194
1.18392
1.18572
1.1874
1.18896
1.19041
1.19176
1.19302
1.19418
1.19526
1.19627
1.19721
1.19808
1.19889
1.19964
1.20034
1.20099
1.20159
1.20215
1.20268
1.20333
1.20384
1.20405
1.2041
1.2041
1.2041
1.2041
1.2041
1.2041
1.2041
1.2041
1.2041
1.2041
1.2041
1.2041
1.2041
1.2041
1.2041
1.2041
1.2041
1.2041
1.09433
1.09811
1.10467
1.11362
1.12481
1.13814
1.15027
1.16107
1.17083
1.17976
1.188
1.19566
1.2028
1.20944
1.2156
1.22132
1.22665
1.2316
1.2362
1.24048
