-0.0355023
-0.0286827
-0.0217084
-0.0183941
-0.0183911
-0.0193815
-0.020162
-0.0201682
-0.0197123
-0.0197085
-0.0195841
-0.0195604
-0.019545
-0.0195364
-0.0195304
-0.0195261
-0.019523
-0.0195207
-0.0195191
-0.0195181
-0.0195176
-0.0195174
-0.0195176
-0.0195181
-0.0195189
-0.01952
-0.0195212
-0.0195248
-0.0195284
-0.0195318
-0.0195351
-0.0195383
-0.0195413
-0.0195441
-0.0195468
-0.0195493
-0.0195515
-0.0195527
-0.0195539
-0.0195554
-0.0195569
-0.0195585
-0.0195602
-0.0195618
-0.0195635
-0.0195651
-0.0195666
-0.019568
-0.0195693
-0.0195705
-0.0195716
-0.0195725
-0.0195732
-0.0195737
-0.0195741
-0.0195742
-0.0195742
-0.019574
-0.0195736
-0.0195731
-0.0195723
-0.0195715
-0.0195704
-0.0195692
-0.0195679
-0.0195665
-0.0195649
-0.0195633
-0.0195616
-0.0195598
-0.0203331
-0.0211036
-0.0210915
-0.0210736
-0.0210517
-0.0210306
-0.0210121
-0.0209943
-0.020977
-0.0209601
-0.0209436
-0.0209275
-0.0209117
-0.0208962
-0.020881
-0.0208648
-0.020849
-0.0208336
-0.020819
-0.0208034
-0.020788
-0.0207731
-0.0207586
-0.0207445
-0.0207308
-0.0207175
-0.0207047
-0.0206922
-0.0206802
-0.0206685
-0.0206572
-0.0206315
-0.02062
-0.0206087
-0.0205975
-0.0205865
-0.0205757
-0.0205651
-0.0205546
-0.0205446
-0.0205347
-0.020525
-0.0205154
-0.020506
-0.0204967
-0.0204875
-0.0204784
-0.0204694
-0.0204604
-0.0204514
-0.0205235
-0.020505
-0.0204477
-0.020545
-0.0206001
-0.020632
-0.0206513
-0.0206639
-0.020673
-0.0206806
-0.0206875
-0.0206946
-0.020702
-0.02071
-0.0207188
-0.0207284
-0.020653
-0.0206004
-0.0206006
-0.0206005
0.0762993
0.0756133
0.0737415
0.0737606
0.0737845
0.0738134
0.0738472
0.0738862
0.0739306
0.0739803
0.0740334
0.0740845
0.0741331
0.0741791
0.0742221
0.0742626
0.0743024
0.0743278
0.0743485
0.0743665
0.0743819
0.0743945
0.0744127
0.0744301
0.0744428
0.0744508
0.0744547
0.0744581
0.0744615
0.0744649
0.0744684
0.074472
0.0744755
0.0744787
0.0744817
0.0744844
0.0744869
0.0744888
0.0744904
0.0744917
0.0744971
0.0744969
0.0744967
0.0744964
0.0744227
0.0735924
0.072829
0.0721768
0.0715998
0.071077
0.0705961
0.0703114
0.0701329
0.0700141
0.0699285
0.0698616
0.0698051
0.0697546
0.0697074
0.0696651
0.0696237
0.069583
0.0695536
0.0695503
0.0695512
0.0695518
0.0695522
0.0695526
0.0695528
0.069553
0.165688
0.165662
0.165612
0.165543
0.165462
0.165396
0.165341
0.165294
0.165251
0.165213
0.165179
0.165149
0.165122
0.165099
0.16508
0.165064
0.165049
0.165036
0.165024
0.165018
0.165013
0.165008
0.165005
0.165002
0.164999
0.164997
0.164995
0.164994
0.164992
0.164991
0.16499
0.16499
0.164991
0.164994
0.164997
0.165002
0.165008
0.165035
0.165113
0.165114
0.165114
0.165114
0.165114
0.165114
0.165113
0.165113
0.165113
0.165113
0.165113
0.165112
0.165112
0.165112
0.165112
0.165111
0.165111
0.165111
0.16511
0.16511
0.16511
0.165109
0.165109
0.165109
0.165108
0.165108
0.165108
0.165107
0.165107
0.165109
0.165109
0.165108
0.264862
0.263513
0.261035
0.260994
0.260958
0.260904
0.260825
0.26072
0.260594
0.260454
0.26032
0.260214
0.260146
0.26008
0.260026
0.259987
0.259966
0.259964
0.259964
0.259966
0.259966
0.259968
0.260051
0.260052
0.260052
0.260052
0.260052
0.260052
0.260052
0.260052
0.260052
0.260052
0.260052
0.260052
0.260052
0.260052
0.260052
0.260052
0.260052
0.260052
0.260052
0.260052
0.260053
0.260053
0.260053
0.260053
0.260053
0.260052
0.260052
0.260052
0.260052
0.260052
0.260052
0.260052
0.260052
0.260052
0.260052
0.260052
0.260052
0.260052
0.260051
0.260051
0.260051
0.260051
0.260051
0.26005
0.26005
0.26005
0.26005
0.260049
0.357936
0.356675
0.354155
0.350686
0.346424
0.340943
0.334426
0.334455
0.334499
0.334547
0.3346
0.334658
0.334698
0.334749
0.334803
0.334858
0.334915
0.334963
0.335009
0.335058
0.335399
0.335336
0.335281
0.335228
0.335175
0.335132
0.335107
0.335096
0.335096
0.335096
0.335096
0.335096
0.335096
0.335096
0.335096
0.335096
0.335136
0.335137
0.335177
0.335178
0.335217
0.335217
0.335217
0.335257
0.335257
0.335295
0.335295
0.335295
0.335333
0.335333
0.335371
0.335371
0.335371
0.33537
0.33537
0.33537
0.33537
0.33537
0.33537
0.33537
0.335369
0.335369
0.335369
0.335369
0.335368
0.335368
0.335368
0.335367
0.335367
0.335367
0.432998
0.431654
0.429172
0.425529
0.420856
0.420791
0.420715
0.420646
0.420585
0.420555
0.420426
0.42028
0.420119
0.419951
0.419789
0.419638
0.419514
0.419405
0.419298
0.419192
0.419089
0.418986
0.418886
0.418787
0.41869
0.418593
0.418498
0.418404
0.418311
0.418219
0.418127
0.418037
0.417941
0.417846
0.417753
0.417665
0.417577
0.417491
0.417406
0.417323
0.417241
0.41716
0.41708
0.417026
0.416995
0.416963
0.41693
0.416897
0.416864
0.416831
0.416801
0.416771
0.416748
0.416727
0.416707
0.41669
0.416677
0.416667
0.41666
0.416657
0.416656
0.416656
0.416655
0.416655
0.416654
0.416654
0.416653
0.416652
0.416902
0.417086
0.506468
0.506447
0.506402
0.506333
0.506272
0.506227
0.50619
0.50616
0.506136
0.506117
0.506104
0.506099
0.506099
0.506099
0.506099
0.506099
0.506099
0.506099
0.506099
0.506099
0.506099
0.506099
0.506099
0.506099
0.506099
0.506099
0.506099
0.506099
0.506099
0.5061
0.5061
0.5061
0.5061
0.5061
0.5061
0.5061
0.5061
0.506101
0.506101
0.506101
0.506101
0.506101
0.506101
0.506102
0.506102
0.506102
0.506102
0.506102
0.506102
0.506102
0.506103
0.506103
0.506103
0.506103
0.506103
0.506105
0.50608
0.506067
0.506059
0.506055
0.506053
0.506052
0.506051
0.506051
0.506051
0.506051
0.506051
0.506051
0.506051
0.506051
0.615125
0.615106
0.615067
0.615012
0.614944
0.614863
0.614783
0.614716
0.61466
0.614615
0.614582
0.614565
0.614563
0.614563
0.614563
0.614563
0.614667
0.614667
0.614667
0.614667
0.614667
0.614667
0.614667
0.614667
0.614667
0.614667
0.614667
0.614667
0.614667
0.614667
0.614667
0.614667
0.614667
0.614666
0.614666
0.614666
0.614666
0.614666
0.614666
0.614665
0.614665
0.614665
0.614665
0.614664
0.614664
0.614664
0.614663
0.614663
0.614663
0.614842
0.614296
0.613872
0.613533
0.613334
0.613212
0.613132
0.613077
0.613036
0.613001
0.612971
0.612942
0.612917
0.612899
0.61289
0.612882
0.612883
0.612884
0.612885
0.612886
0.612886
0.702093
0.70207
0.702029
0.701967
0.701904
0.701869
0.701836
0.701807
0.701781
0.70176
0.701746
0.701739
0.701739
0.70174
0.70174
0.701741
0.701742
0.701742
0.701743
0.701743
0.701744
0.701744
0.701745
0.701745
0.701746
0.701746
0.701747
0.701748
0.701748
0.701749
0.701749
0.70175
0.70175
0.701751
0.701751
0.701752
0.701752
0.701753
0.701753
0.701753
0.701754
0.701754
0.701754
0.701754
0.701755
0.701755
0.701755
0.701755
0.701756
0.701756
0.701756
0.701756
0.701768
0.701625
0.701543
0.701494
0.701463
0.701442
0.701426
0.701413
0.7014
0.701389
0.701379
0.70138
0.70138
0.701381
0.701381
0.701382
0.701382
0.701382
0.810713
0.810691
0.81066
0.810615
0.81056
0.810494
0.810446
0.810405
0.810371
0.810344
0.810323
0.810311
0.810308
0.810308
0.810308
0.810308
0.810308
0.810308
0.810308
0.810308
0.810308
0.810308
0.810308
0.810308
0.810308
0.810308
0.810308
0.810308
0.810308
0.810307
0.810307
0.810307
0.810307
0.810307
0.810307
0.810307
0.810307
0.810307
0.810307
0.810307
0.810307
0.810307
0.810306
0.810306
0.810306
0.810306
0.810306
0.810306
0.810306
0.810306
0.810305
0.810305
0.810305
0.810334
0.810244
0.810192
0.810161
0.810142
0.810132
0.810128
0.810124
0.810123
0.810123
0.810122
0.810122
0.810122
0.810122
0.810122
0.810122
0.810123
0.898898
0.898865
0.8988
0.898722
0.898634
0.898588
0.898546
0.898508
0.898477
0.898453
0.898436
0.898429
0.898429
0.898429
0.898429
0.898429
0.898429
0.89843
0.89843
0.89843
0.89843
0.89843
0.89843
0.898431
0.898431
0.898431
0.898431
0.898432
0.898432
0.898432
0.898432
0.898432
0.898433
0.898433
0.898433
0.898433
0.898434
0.898434
0.898434
0.898434
0.898435
0.898435
0.898435
0.898449
0.898449
0.898449
0.898449
0.898449
0.898449
0.898449
0.89845
0.89845
0.898439
0.898306
0.898228
0.898181
0.898151
0.89813
0.898113
0.898098
0.898085
0.898072
0.898072
0.898072
0.898072
0.898072
0.898073
0.898073
0.898073
0.898073
1.00762
1.00761
1.00759
1.00757
1.00754
1.0075
1.00747
1.00745
1.00743
1.00741
1.0074
1.00739
1.00739
1.00739
1.00739
1.00739
1.00739
1.00739
1.00739
1.00739
1.00739
1.00739
1.00739
1.00739
1.00739
1.00739
1.00739
1.00739
1.00739
1.00739
1.00739
1.00739
1.00739
1.00739
1.00739
1.00739
1.00739
1.00739
1.00739
1.00739
1.00739
1.00741
1.00741
1.00741
1.00741
1.00741
1.00741
1.00741
1.00741
1.0076
1.00707
1.00665
1.0063
1.00609
1.00596
1.00588
1.00582
1.00577
1.00574
1.0057
1.00567
1.00564
1.00561
1.00558
1.00557
1.00556
1.00555
1.00555
1.00555
1.00555
1.09465
1.09462
1.09456
1.09447
1.09437
1.09432
1.09428
1.09425
1.09423
1.09422
1.09422
1.09422
1.09422
1.09422
1.09422
1.09422
1.09422
1.09422
1.09423
1.09424
1.09424
1.09425
1.09426
1.09428
1.09429
1.0943
1.09432
1.09433
1.09433
1.09434
1.09437
1.09438
1.09438
1.09438
1.09438
1.09438
1.09438
1.09439
1.09439
1.09439
1.09439
1.09439
1.09439
1.0944
1.0944
1.0944
1.0944
1.0944
1.09441
1.09441
1.09441
1.09441
1.09441
1.09442
1.09438
1.09436
1.09435
1.09434
1.09434
1.09434
1.09434
1.09433
1.09433
1.09433
1.09433
1.09433
1.09433
1.09433
1.09433
1.09433
1.2041
1.20408
1.20404
1.20399
1.20392
1.20383
1.20377
1.20372
1.20367
1.20364
1.20361
1.2036
1.2036
1.2036
1.2036
1.2036
1.2036
1.2036
1.2036
1.2036
