0
-0.00392747
-0.00258981
-0.000636082
-0.0732121
-0.0588351
-0.0286544
-0.00707753
0.0137405
-0.00729522
-0.0074014
-0.0156804
-0.022526
-0.0278176
-0.0330039
-0.0380491
-0.042928
-0.0476991
-0.0523688
-0.056948
-0.0614497
-0.0658872
-0.0702741
-0.074561
-0.0789
-0.0830094
-0.0873628
-0.0919083
-0.0962081
-0.100541
-0.104917
-0.109342
-0.113821
-0.118365
-0.122987
-0.127714
-0.132698
-0.122628
-0.115074
-0.107538
-0.100016
-0.0924965
-0.0849847
-0.0774813
-0.069984
-0.0624901
-0.0549969
-0.0475013
-0.04
-0.0324893
-0.0249656
-0.0174251
-0.00986357
-0.0022769
0.00533928
0.0129894
0.0200554
0.0271729
0.0343444
0.0415739
0.0488657
0.0562255
0.0636586
0.0711701
0.0787654
0.0864446
0.0942248
0.102106
0.110094
0.118195
0.126417
0.104401
0.156858
0.197507
0.229884
0.232614
0.217508
0.208074
0.199806
0.19232
0.185404
0.178935
0.172842
0.167076
0.161606
0.15337
0.145598
0.138052
0.130725
0.123642
0.11669
0.110184
0.103836
0.0976385
0.0915839
0.0856662
0.0798782
0.0742105
0.0686547
0.0632029
0.0578466
0.0578557
0.0549839
0.0536377
0.0523604
0.0511436
0.0499751
0.0488527
0.0477765
0.0467448
0.0457817
0.0448818
0.0440543
0.0432876
0.0425455
0.0418228
0.0411143
0.0408099
0.0409096
0.0411098
0.0123881
0.0124802
0.0118964
0.00848582
0.0101848
0.0106012
0.0102624
0.00945852
0.00834792
0.0070195
0.00552249
0.00387926
0.00209718
0.000174826
-0.0019046
-0.00422923
0.00434501
0.00899008
0.0365284
0.0498331
0.0662534
0.0265085
-0.0125899
0.0490799
0.0851021
0.121258
0.157548
0.193992
0.230619
0.265027
0.288432
0.274858
0.263905
0.25395
0.244285
0.239182
0.248563
0.223828
0.194318
0.172617
0.150234
0.125968
0.132625
0.136435
0.140624
0.141775
0.142573
0.142715
0.145638
0.149457
0.154071
0.159865
0.151987
0.145101
0.138411
0.131856
0.125429
0.119144
0.112965
0.106985
0.106943
0.104832
0.11184
0.111534
0.0731733
0.0307822
0.0351596
0.0404957
0.0453691
0.0498969
0.0540564
0.0637004
0.0712845
0.0771315
0.0820206
0.0864129
0.0905613
0.094607
0.0986288
0.102712
0.106803
0.110455
0.114341
0.11802
0.118523
0.118645
0.118551
0.118291
0.11789
0.117363
0.116715
0.152423
0.187819
0.215752
0.232011
0.223889
0.217386
0.211941
0.20733
0.20351
0.200424
0.198042
0.196352
0.195379
0.195253
0.198505
0.186206
0.175066
0.164369
0.154134
0.144916
0.139005
0.133207
0.127513
0.121902
0.116346
0.110789
0.105099
0.0976702
0.105965
0.113155
0.120681
0.123097
0.126009
0.129447
0.133517
0.138572
0.13854
0.157506
0.138631
0.133399
0.128662
0.124286
0.120176
0.11627
0.112579
0.109616
0.10939
0.109234
0.109101
0.108969
0.107346
0.110322
0.112177
0.113357
0.114129
0.114643
0.11498
0.115186
0.115285
0.115297
0.115217
0.115035
0.114748
0.114344
0.113767
0.112609
0.11262
0.111521
0.111691
0.110675
0.0605789
0.0382993
0.0928243
0.137039
0.174139
0.208232
0.242887
0.268433
0.278225
0.26221
0.22703
0.193511
0.176227
0.173235
0.170256
0.167912
0.16608
0.162413
0.152236
0.154778
0.15345
0.153487
0.139942
0.142539
0.14061
0.137217
0.134329
0.131798
0.12953
0.127464
0.125568
0.123839
0.122264
0.120835
0.119544
0.118388
0.117362
0.116461
0.115683
0.115024
0.11448
0.11404
0.113687
0.113406
0.113179
0.112994
0.112839
0.112826
0.112943
0.112847
0.110866
0.113744
0.115592
0.116825
0.117687
0.118014
0.118448
0.118823
0.119107
0.119318
0.11945
0.119496
0.119455
0.119325
0.119104
0.118789
0.118378
0.117866
0.117519
0.116514
0.0658579
0.0206881
-0.00702657
-0.00754738
-0.0833224
-0.121365
-0.036028
-0.022432
-0.00784323
0.00706216
0.0217038
0.0653106
0.10096
0.136129
0.172141
0.207956
0.212972
0.218448
0.218559
0.218732
0.186953
0.156049
0.146314
0.135865
0.125697
0.119915
0.121275
0.121791
0.120597
0.119341
0.118102
0.116934
0.115854
0.114871
0.113989
0.124105
0.112894
0.123841
0.111703
0.123268
0.111074
0.110795
0.122895
0.110794
0.123823
0.111196
0.110894
0.124027
0.111156
0.124818
0.111654
0.112328
0.114014
0.115097
0.115804
0.11627
0.11657
0.116743
0.116816
0.116805
0.116705
0.116508
0.116212
0.115816
0.115317
0.114713
0.114001
0.113177
0.11224
0.111183
0.0612338
0.0349911
-0.0156232
-0.0493378
0.0232898
0.0520561
0.0788739
0.105727
0.131249
0.170912
0.208088
0.244204
0.269102
0.266116
0.250238
0.215433
0.180682
0.170551
0.159772
0.148947
0.138286
0.127949
0.118607
0.109534
0.100728
0.0921782
0.0838691
0.0757815
0.0678927
0.0601685
0.0525347
0.0630565
0.0703797
0.0776466
0.0849229
0.0921882
0.0981907
0.103388
0.108813
0.114641
0.121702
0.129368
0.129334
0.120022
0.115103
0.110306
0.105632
0.101076
0.0967447
0.093133
0.0921799
0.0954379
0.0977867
0.0993885
0.100983
0.102373
0.103654
0.104779
0.10573
0.106553
0.106552
0.106208
0.105734
0.105143
0.104434
0.1036
0.103633
0.0924518
0.0953637
0.0981881
0.136585
0.172307
0.203241
0.223433
0.219969
0.215332
0.208715
0.202032
0.19583
0.190325
0.18551
0.18076
0.175696
0.170978
0.166592
0.162515
0.158724
0.155194
0.151902
0.148754
0.145691
0.143222
0.140752
0.138475
0.136373
0.134433
0.132644
0.131001
0.129497
0.128116
0.126856
0.125727
0.124727
0.123853
0.1231
0.122467
0.121951
0.121548
0.121258
0.121077
0.121001
0.121023
0.121125
0.121294
0.121515
0.121777
0.122069
0.122379
0.122698
0.123013
0.121819
0.125411
0.127759
0.125379
0.120037
0.122596
0.124911
0.125118
0.12531
0.125441
0.125482
0.125415
0.125242
0.12496
0.124569
0.124068
0.123454
0.122726
0.121877
0.120921
0.157272
0.1934
0.220574
0.241594
0.260605
0.245023
0.229791
0.21999
0.213131
0.206113
0.200674
0.196422
0.190086
0.183887
0.178979
0.179028
0.159943
0.161216
0.161622
0.157236
0.152234
0.147964
0.144189
0.140772
0.137633
0.134725
0.132018
0.129494
0.12714
0.124935
0.122874
0.120965
0.119203
0.117582
0.116099
0.114749
0.11353
0.112438
0.111469
0.11062
0.109886
0.109257
0.108715
0.108243
0.107825
0.107449
0.107099
0.106764
0.0796061
0.0408559
0.0488422
0.0555832
0.0636543
0.0698639
0.0750619
0.0798079
0.0845985
0.089319
0.0940263
0.0987688
0.103623
0.108747
0.11381
0.116003
0.118067
0.118575
0.118932
0.119032
0.118882
0.118619
0.15594
0.192726
0.219572
0.235713
0.227966
0.220054
0.212692
0.206086
0.200168
0.194984
0.190481
0.186593
0.182048
0.177644
0.173462
0.169528
0.165845
0.162407
0.159198
0.156202
0.153402
0.150786
0.148347
0.146078
0.143972
0.142023
0.140225
0.138574
0.137065
0.135684
0.134426
0.133304
0.132314
0.131452
0.130716
0.130102
0.129608
0.12923
0.128964
0.128802
0.128586
0.132105
0.126975
0.123108
0.119401
0.11924
0.11936
0.119517
0.119694
0.119876
0.118551
0.0935454
0.092165
0.0969115
0.100648
0.103853
0.106793
0.109612
0.112395
0.115188
0.118014
0.120926
0.124103
0.125426
0.125083
0.124599
0.123997
0.123278
0.122439
0.121479
0.157884
0.194832
0.223306
0.244948
0.264508
0.251198
0.234778
0.224197
0.216009
0.208281
0.201991
0.196801
0.191372
0.185769
0.180427
0.175381
0.170636
0.166182
0.162003
0.15808
0.154393
0.150927
0.14767
0.144614
0.141627
0.138804
0.136155
0.133673
0.131352
0.129176
0.12714
0.125255
0.123513
0.121913
0.120449
0.119119
0.117919
0.116846
0.115895
0.115064
0.114347
0.113733
0.113203
0.112738
0.112318
0.111926
0.111537
0.113571
0.108514
0.104858
0.1028
0.105479
0.0923772
0.0926167
0.0972286
0.101395
0.105354
0.109329
0.11327
0.114148
0.11482
0.115069
0.115224
0.115292
0.115275
0.115173
0.114986
0.114709
0.114343
0.113883
0.150919
0.186565
0.211731
0.224772
0.219501
0.212008
0.204939
0.19866
0.193139
0.188329
0.184176
0.180304
0.1756
0.1711
0.166854
0.162872
0.159152
0.15568
0.15244
0.149413
0.146583
0.143937
0.141466
0.139164
0.137024
0.13504
0.133206
0.131518
0.12997
0.128548
0.127247
0.126082
0.125047
0.124138
0.123354
0.122691
0.122145
0.121716
0.121399
0.121192
0.121089
0.121078
0.121054
0.115529
0.119986
0.119422
0.119179
0.11913
0.119185
0.119293
0.117921
0.0948137
0.0947074
0.0993396
0.102979
0.106118
0.10901
0.111793
0.114547
0.117315
0.120158
0.123321
0.124976
0.124788
0.124405
0.124163
0.124013
0.12369
0.123214
0.122595
0.158946
0.195259
0.2272
0.24955
0.269751
0.257283
0.240304
0.229478
0.221953
0.214266
0.207709
0.20167
0.195201
0.189178
0.183567
0.178332
0.173439
0.168859
0.164563
0.160528
0.156729
0.153149
0.149777
0.146602
0.143613
0.140797
0.138134
0.135558
0.127353
0.123942
0.121984
0.120128
0.118388
0.116773
0.115287
0.113944
0.112715
0.111611
0.110628
0.109706
0.109721
0.104726
0.109537
0.108403
0.107602
0.107015
0.106548
0.106147
0.079656
0.0383343
0.0459235
0.0522082
0.060425
0.0667171
0.0719591
0.0766484
0.0810657
0.0853692
0.0896491
0.0939572
0.0983188
0.102647
0.106832
0.111087
0.114657
0.115633
0.114959
0.114767
0.114444
0.114221
0.150439
0.186443
0.213197
0.228035
0.221552
0.214488
0.208186
0.202706
0.197998
0.194001
0.189097
0.18457
0.180594
0.177158
0.174247
0.171917
0.1701
0.168749
0.167843
0.167367
0.167309
0.167659
0.167387
0.167122
0.166971
0.166909
0.166913
0.166962
0.167106
0.167056
0.155448
0.150163
0.145099
0.140236
0.135561
0.131066
0.126741
0.122579
0.118574
0.11472
0.111011
0.10744
0.103999
0.100678
0.0974732
0.0943785
0.0913966
0.0886403
0.104513
0.114788
0.121199
0.13046
0.113344
0.114324
0.117122
0.119816
0.122592
0.125324
0.126191
0.126289
0.126246
0.126199
0.126288
0.126235
0.125817
0.125286
0.124643
0.123886
0.123011
0.122017
0.158351
0.194487
0.222428
0.243541
0.262593
0.248979
0.233206
0.223036
0.215274
0.207838
0.20189
0.197072
0.191094
0.185152
0.179537
0.174253
0.169287
0.16462
0.160231
