0
2.27767
-0.118952
-1.23773
-0.118754
-0.389642
-0.411583
-0.352993
-0.170426
0.157046
0.00824929
0.0755381
0.0619194
0.0516269
0.0503511
0.0483801
0.0459846
0.0438857
0.0417808
0.0397333
0.0377738
0.0359134
0.0341535
0.0320431
0.0310735
0.027998
0.0285012
0.0283008
0.0252072
0.0240218
0.0228973
0.0217819
0.020654
0.019563
0.0185389
0.0176769
0.0178639
-0.0919065
-0.0757943
-0.076991
-0.0781325
-0.0792844
-0.080341
-0.0813041
-0.0821931
-0.0830098
-0.0837564
-0.0844351
-0.085048
-0.0855968
-0.0860833
-0.0865089
-0.0868747
-0.0871818
-0.0874314
-0.0876235
-0.0832505
-0.0834003
-0.0834827
-0.0835083
-0.0834775
-0.0834034
-0.083286
-0.0831177
-0.0828993
-0.0825914
-0.0823214
-0.0819562
-0.0815443
-0.0810879
-0.0805904
0.202474
-0.173025
-0.169712
-0.163348
-0.0961702
0.0516225
0.0267128
0.0236015
0.0223482
0.0220291
0.0221818
0.0225728
0.0230836
0.023654
0.0461009
0.0451332
0.0457052
0.0462245
0.0463904
0.0472825
0.0458146
0.0463107
0.0467557
0.0471512
0.0474944
0.047797
0.0480815
0.0483427
0.0485815
0.048823
0.011054
0.0329121
0.0225885
0.0228642
0.0231714
0.0235383
0.023895
0.02423
0.024558
0.0246901
0.0248449
0.0249291
0.0251081
0.0255574
0.0260524
0.0265901
0.0243272
0.0220681
0.0220037
0.223655
0.030611
0.0471787
0.0737798
0.0224027
0.0297751
0.0343576
0.0374182
0.0396501
0.0414044
0.0428833
0.0442549
0.045605
0.0469682
0.0484471
0.050552
-0.0318369
0.00177589
-0.179144
-0.0903618
-0.0991871
0.494053
0.46983
-0.131563
-0.0744506
-0.0934593
-0.103508
-0.10903
-0.11236
-0.0916111
-0.105017
-0.0951665
-0.13521
-0.149241
-0.151332
-0.126921
-0.0465365
0.240367
0.320821
0.284211
0.288981
0.305464
0.0592495
0.0427938
0.0315298
0.0537483
0.0613959
0.0690047
0.0466419
0.0354905
0.0284093
0.0203985
0.119745
0.114434
0.114968
0.115991
0.117056
0.117983
0.119063
0.119392
0.0786473
0.0919826
0.0286312
0.0879747
0.325633
0.445074
0.0530661
0.0443558
0.0508733
0.0555869
0.059949
0.00881384
0.0602739
0.0668191
0.070807
0.0733222
0.0750975
0.0764864
0.0776792
0.0784365
0.0797363
0.0844492
0.0842389
0.0870399
0.111552
0.116293
0.11981
0.122861
0.125668
0.128348
0.130967
0.222634
0.124019
0.120965
0.122197
0.134084
0.122667
0.11837
0.117165
0.116687
0.116549
0.116466
0.116248
0.115651
0.11392
0.0937817
0.209757
0.205104
0.205288
0.20493
0.200357
0.179487
0.181382
0.18316
0.18491
0.186732
0.188806
0.191714
0.205995
0.094246
0.10482
0.105001
0.143219
0.141286
0.139228
0.136455
0.131188
0.169543
-0.00390786
0.309867
0.233476
0.222006
0.215709
0.212439
0.210912
0.209977
0.205739
0.187299
0.188152
0.189421
0.19087
0.192462
0.194601
0.196232
0.198054
0.199973
0.201967
0.204023
0.206132
0.208241
0.210331
0.21253
0.214856
0.217228
0.219703
0.222585
0.228446
0.221527
0.2309
0.223478
0.234323
0.745409
0.627799
0.20005
0.0139465
0.0731696
0.102706
0.0951723
0.182291
0.163701
0.0285754
0.286907
0.279756
0.242599
0.215539
0.225742
0.227675
0.228993
0.244779
0.295502
0.207141
0.23863
0.230997
0.329705
0.216135
0.255611
0.268422
0.266153
0.265269
0.265182
0.265622
0.266275
0.266899
0.267581
0.268285
0.268992
0.269694
0.270387
0.271071
0.27175
0.272425
0.273103
0.273848
0.274725
0.275718
0.276836
0.27805
0.279346
0.279849
0.28044
0.283507
0.285351
0.287239
0.288811
0.290561
0.292413
0.296531
0.296614
0.298231
0.300261
0.30227
0.304385
0.306618
0.308879
0.311169
0.313487
0.315833
0.318206
0.320604
0.321094
0.327541
0.815359
0.817456
0.620799
0.530145
0.772223
0.660148
0.194835
0.415753
0.389063
0.376222
0.372367
0.0847627
-0.237559
-0.421737
-0.371198
-0.313252
0.0701092
0.161633
0.257387
0.288077
0.528691
0.592698
0.379449
0.394613
0.398449
0.370503
0.321827
0.329825
0.343871
0.345824
0.347054
0.347791
0.348348
0.348807
0.349218
0.259918
0.429275
0.261318
0.440609
0.259886
0.444094
0.358765
0.256537
0.446025
0.253063
0.454337
0.365712
0.255218
0.458128
0.256593
0.453313
0.388752
0.37189
0.371452
0.372136
0.373411
0.375029
0.376857
0.378763
0.380702
0.38278
0.384997
0.387253
0.38954
0.391861
0.39421
0.396588
0.398992
0.401415
0.403872
0.915328
0.803826
0.799882
0.724318
0.296803
0.312725
0.341544
0.339474
0.352998
0.205276
0.23473
-0.0202618
-0.325781
0.149988
0.286578
0.450054
0.506894
0.480288
0.480572
0.479356
0.478202
0.476671
0.470684
0.470124
0.469607
0.469144
0.468731
0.46837
0.468082
0.467964
0.468282
0.334078
0.353842
0.359927
0.36379
0.366378
0.378655
0.388943
0.390998
0.390177
0.380944
0.375018
0.430129
0.497566
0.466433
0.467008
0.467561
0.468112
0.468035
0.464571
0.433912
0.439267
0.439574
0.442019
0.440956
0.442412
0.443778
0.445834
0.448225
0.450382
0.457393
0.461275
0.4637
0.466025
0.468333
0.470705
0.465641
0.536135
0.453328
0.455893
0.548383
0.467114
0.455275
0.432541
0.450996
0.457475
0.474389
0.478466
0.479293
0.478781
0.478297
0.482356
0.4891
0.490736
0.492235
0.493681
0.495106
0.496536
0.497972
0.499932
0.502158
0.500604
0.503128
0.504197
0.505317
0.506452
0.507576
0.508677
0.509746
0.510886
0.51199
0.512922
0.513832
0.51472
0.515589
0.516441
0.517279
0.518104
0.518921
0.519732
0.520542
0.521415
0.522413
0.52352
0.524729
0.526031
0.52742
0.528896
0.530452
0.532093
0.533851
0.534885
0.537769
0.569126
0.588216
0.533231
0.533739
0.550228
0.551793
0.553818
0.556145
0.558653
0.561197
0.56376
0.566341
0.568938
0.571551
0.574183
0.57685
0.579419
0.680124
0.572621
0.580832
0.602325
0.60377
0.571414
0.576491
0.563636
0.561584
0.57631
0.573669
0.572163
0.59126
0.595333
0.590731
0.559074
0.697948
0.553145
0.570069
0.610868
0.617272
0.61364
0.612164
0.611887
0.612245
0.612932
0.613779
0.614695
0.615628
0.616652
0.617647
0.618481
0.619297
0.620085
0.620846
0.62158
0.622291
0.622983
0.623662
0.624333
0.625004
0.62574
0.62661
0.627599
0.628699
0.629902
0.631204
0.632599
0.786523
0.96323
0.56793
0.609986
0.587577
0.600082
0.607388
0.611143
0.611693
0.613246
0.61451
0.615508
0.616017
0.615449
0.617213
0.639626
0.641998
0.654977
0.657784
0.661336
0.664816
0.667302
0.751246
0.651505
0.670698
0.680077
0.664449
0.668439
0.66949
0.669342
0.669613
0.669335
0.669205
0.669321
0.678974
0.682542
0.685111
0.687173
0.688961
0.690605
0.692176
0.693712
0.695235
0.696719
0.69813
0.699478
0.700771
0.702014
0.70321
0.704364
0.705475
0.706653
0.70779
0.708759
0.709703
0.710627
0.711535
0.712427
0.713308
0.714184
0.715063
0.71597
0.718001
0.692827
0.756527
0.748853
0.749102
0.725073
0.724563
0.725827
0.727238
0.72877
0.730479
0.930344
0.768431
0.709601
0.716504
0.720752
0.723575
0.725639
0.727287
0.728706
0.730063
0.731163
0.731205
0.746062
0.759984
0.762837
0.765516
0.768187
0.770859
0.773538
0.872194
0.759539
0.763026
0.790965
0.793127
0.764006
0.779512
0.763867
0.765388
0.774881
0.773443
0.772596
0.778976
0.785053
0.7882
0.790554
0.792482
0.794182
0.795761
0.797279
0.798771
0.800215
0.801583
0.802886
0.805009
0.806327
0.80747
0.808565
0.809615
0.810716
0.81177
0.812659
0.81352
0.81435
0.815148
0.81592
0.816668
0.817399
0.818118
0.818832
0.819548
0.820337
0.821266
0.822326
0.823541
0.824868
0.82639
0.810446
0.863188
0.854873
0.831725
0.83426
0.936457
0.853465
0.810543
0.814342
0.816848
0.817875
0.819521
0.843226
0.84619
0.850811
0.853048
0.855248
0.857442
0.859644
0.861862
0.864098
0.866356
0.868636
0.954254
0.862686
0.888455
0.890004
0.847162
0.865297
0.866901
0.866167
0.865735
0.865524
0.865487
0.868086
0.878978
0.881927
0.884144
0.885985
0.887626
0.889163
0.890648
0.892113
0.893571
0.894994
0.896346
0.897637
0.898873
0.90006
0.9012
0.902297
0.903354
0.904479
0.905563
0.906473
0.907361
0.908231
0.909083
0.909918
0.91074
0.911547
0.912353
0.913159
0.913972
0.914882
0.916576
0.955136
0.886326
0.925883
0.924394
0.924165
0.924756
0.925832
0.927278
1.11401
0.95425
0.907187
0.913895
0.917893
0.920576
0.922566
0.924177
0.925583
0.926699
0.926362
0.938679
0.953862
0.957092
0.957886
0.959196
0.962369
0.965354
0.968229
1.07259
0.963395
0.927245
0.981493
0.984423
0.966754
0.976708
0.960302
0.956682
0.971994
0.973383
0.976069
0.984016
0.986202
0.988038
0.989702
0.991276
0.992804
0.994313
0.995815
0.997317
0.998789
1.00019
1.00154
1.00284
1.00411
1.00542
1.00711
1.04972
1.01764
1.00942
1.0107
1.01178
1.01271
1.01354
1.01421
1.01503
1.01573
1.01642
1.01751
1.01207
1.0482
0.979244
1.02694
1.0252
1.0247
1.02506
1.02595
1.17616
1.3711
0.964847
1.00712
0.978931
0.991947
0.999558
1.0041
1.00691
1.00876
1.01007
1.01107
1.01197
1.01356
1.01606
1.01691
1.02335
1.04388
1.05738
1.05553
1.05819
1.05911
1.15345
1.0504
1.06332
1.07666
1.04838
1.0542
1.0531
1.05212
1.05161
1.05145
1.06351
1.06606
1.06683
1.06728
1.06755
1.06711
1.06696
1.06701
1.0671
1.0672
1.0673
1.06735
1.07471
1.07746
1.07941
1.08151
1.08374
1.08607
1.08801
1.09175
1.17609
1.13315
1.13346
1.13389
1.13436
1.13486
1.13535
1.13583
1.13631
1.13677
1.13723
1.13769
1.1382
1.13874
1.13929
1.13986
1.14038
1.14007
0.997048
1.03747
1.06757
1.09048
1.27306
1.13853
1.11923
1.11912
1.1189
1.12009
1.1349
1.14194
1.14463
1.14644
1.14729
1.15003
1.1545
1.15714
1.15978
1.16244
1.16511
1.16779
1.26735
1.16141
1.16182
1.18977
1.19172
1.15002
1.16957
1.15534
1.15671
1.16733
1.16542
1.16434
1.17685
1.18178
1.1843
1.18631
1.18806
1.18966
1.19119
