0
0.000251597
0.000245443
0.000194161
0.000153587
-0.000194788
-0.00094068
-0.00144009
-0.00221761
-0.00253732
-0.00295188
-0.00318239
-0.00334273
-0.00350674
-0.00367447
-0.00385189
-0.00404782
-0.00426184
-0.00449373
-0.00474344
-0.00501095
-0.00529626
-0.00559932
-0.00592004
-0.00625835
-0.00661389
-0.00698669
-0.00737461
-0.00777942
-0.00820104
-0.00863923
-0.00909373
-0.00956423
-0.0100504
-0.0105516
-0.0110673
-0.0115962
-0.0121231
-0.0126424
-0.0131443
-0.0136353
-0.0141243
-0.0146141
-0.0151054
-0.015598
-0.0160914
-0.0165849
-0.0170778
-0.0175691
-0.0180581
-0.0185438
-0.0190255
-0.0195022
-0.0199732
-0.0204375
-0.0208945
-0.021343
-0.0217823
-0.0222114
-0.0226298
-0.0230368
-0.0234316
-0.0238136
-0.0241821
-0.0245364
-0.0248757
-0.0251994
-0.0255068
-0.0257972
-0.02607
-0.0263246
-0.0259013
-0.0256336
-0.0254381
-0.0252709
-0.0251132
-0.0249778
-0.0248285
-0.0246615
-0.0244745
-0.0242661
-0.0240358
-0.0237828
-0.023507
-0.0232079
-0.022893
-0.022558
-0.0222025
-0.0218256
-0.0214273
-0.0210076
-0.0205705
-0.0201153
-0.0196417
-0.0191493
-0.0186376
-0.0181061
-0.0175543
-0.0169819
-0.0163881
-0.0157725
-0.0151521
-0.0144892
-0.0138043
-0.0130973
-0.0123678
-0.0116151
-0.0108389
-0.0100383
-0.00921273
-0.00836147
-0.00748417
-0.00658028
-0.00564908
-0.00468954
-0.00370059
-0.00268113
-0.00162621
-0.000530842
0.000607128
0.0014902
0.00238054
0.00314557
0.00385536
0.00449837
0.005062
0.00553856
0.00592307
0.00621214
0.00640314
0.00649396
0.00648267
0.00636738
0.00614626
0.00581755
0.00537962
0.00482556
0.00416382
0.00358604
0.00304959
0.00261616
0.00218009
0.00188455
0.00151241
0.00109501
0.000633134
0.000126562
-0.00042573
-0.00102545
-0.00167506
-0.00237537
-0.00311408
-0.0038913
-0.00470632
-0.00555818
-0.00645007
-0.00739574
-0.00836204
-0.00939779
-0.0104929
-0.0116488
-0.0128661
-0.0141528
-0.0154833
-0.0168568
-0.0182722
-0.0197364
-0.0212504
-0.0228137
-0.0244273
-0.0260921
-0.0278093
-0.0295793
-0.0314026
-0.0332806
-0.0352145
-0.0372058
-0.0392559
-0.0413661
-0.0435376
-0.0457172
-0.0480185
-0.0503901
-0.0528308
-0.0551304
-0.0573496
-0.0595118
-0.0616199
-0.0636752
-0.065679
-0.067633
-0.0695386
-0.0714085
-0.0732347
-0.0750132
-0.076741
-0.0784165
-0.0800387
-0.0816066
-0.0831201
-0.0845782
-0.0859793
-0.0873234
-0.0886098
-0.0898371
-0.0910046
-0.0921117
-0.0931577
-0.0941419
-0.0950637
-0.0959224
-0.096711
-0.0974212
-0.0980607
-0.0986335
-0.0991182
-0.0995625
-0.0999461
-0.10027
-0.100535
-0.100741
-0.10089
-0.10098
-0.101013
-0.100988
-0.100902
-0.100777
-0.100594
-0.100353
-0.100048
-0.0996863
-0.0992664
-0.098788
-0.098251
-0.097655
-0.0969998
-0.0962848
-0.0955098
-0.0946748
-0.0937762
-0.0928164
-0.0917944
-0.0907091
-0.0895596
-0.0883454
-0.0870658
-0.0857203
-0.0843688
-0.0829036
-0.0813898
-0.0798206
-0.0781954
-0.076513
-0.0747722
-0.0729714
-0.0711086
-0.0691822
-0.0671894
-0.0651281
-0.0629961
-0.0607915
-0.0585136
-0.0561477
-0.0537002
-0.0511749
-0.0485735
-0.0458972
-0.0431461
-0.0403202
-0.0374192
-0.0344425
-0.0313894
-0.0282594
-0.0250515
-0.0217649
-0.0183987
-0.0149518
-0.0115099
-0.00796801
-0.00438161
-0.000748785
0.00294736
0.00664876
0.0101199
0.0133924
0.0165404
0.0195968
0.0225612
0.025431
0.0281927
0.030832
0.0332302
0.0355402
0.0377517
0.0398605
0.0418704
0.0437837
0.0456032
0.0473262
0.0489541
0.0504869
0.0519262
0.0533585
0.0546169
0.0557837
0.0568613
0.0578511
0.0587537
0.05957
0.0603006
0.0609463
0.0615076
0.0619851
0.0623791
0.0626902
0.0629186
0.063065
0.0631294
0.0631123
0.0630139
0.0628342
0.0625732
0.0622309
0.0618069
0.0613008
0.060712
0.0600398
0.0592835
0.0584448
0.0575227
0.0565199
0.0554368
0.0542558
0.0529857
0.0516319
0.0501977
0.0486899
0.0471112
0.0454625
0.0437445
0.0419574
0.0401016
0.0381773
0.0361847
0.0341238
0.0319945
0.0297969
0.0275306
0.0251954
0.022785
0.0203035
0.01773
0.0150852
0.0123956
0.00971509
0.00691105
0.00402573
0.00123099
-0.00150059
-0.00419587
-0.00685545
-0.00948126
-0.0119222
-0.0143474
-0.0167276
-0.0190675
-0.0213685
-0.0236333
-0.0258674
-0.0280716
-0.0302674
-0.032286
-0.0341663
-0.0359409
-0.037609
-0.0391646
-0.0405897
-0.0418967
-0.0431015
-0.0442038
-0.0452048
-0.0461055
-0.0469065
-0.0476087
-0.0482127
-0.0487191
-0.0491367
-0.0494606
-0.0496966
-0.0498397
-0.0498957
-0.0498593
-0.0497278
-0.0495098
-0.0491989
-0.0487907
-0.0482896
-0.0476914
-0.0470041
-0.0462205
-0.0453459
-0.0443899
-0.0433417
-0.0422071
-0.0409908
-0.0396957
-0.0383235
-0.0368755
-0.0353528
-0.0337559
-0.0320852
-0.0303411
-0.0285239
-0.0266337
-0.0246706
-0.0226347
-0.0205259
-0.0183439
-0.0160885
-0.0137593
-0.011356
-0.00886835
-0.00637322
-0.0037732
-0.00111299
0.00144623
0.00397798
0.00648853
0.00897587
0.0114386
0.0137657
0.0159329
0.0179675
0.0198917
0.0217034
0.0234035
0.0249962
0.0265386
0.0280013
0.0293604
0.0306172
0.0317643
0.0328124
0.0337619
0.0346133
0.0353676
0.0360253
0.036587
0.0370532
0.0374245
0.0377015
0.0378851
0.0378451
0.0377071
0.037473
0.0371564
0.0367406
0.0362268
0.0356155
0.0349064
0.0340995
0.0331948
0.0321913
0.0311817
0.0301218
0.0289882
0.0277792
0.0264931
0.025128
0.0236811
0.0221479
0.0205026
0.01877
0.0169395
0.0150154
0.0130003
0.0108957
0.00870254
0.00642157
0.00405309
0.00159723
-0.000944022
-0.00357051
-0.00628287
-0.00908201
-0.0119691
-0.0149461
-0.0179183
-0.0205779
-0.0231219
-0.0255475
-0.0278387
-0.0300214
-0.0321025
-0.0340615
-0.0358509
-0.0375317
-0.0391128
-0.0405868
-0.0419553
-0.04322
-0.0443821
-0.0454424
-0.0464012
-0.0472591
-0.0480168
-0.0486747
-0.0492334
-0.0496932
-0.0500544
-0.0503235
-0.0505059
-0.0506205
-0.0506669
-0.050645
-0.0505543
-0.0503947
-0.0501657
-0.0498669
-0.0494978
-0.049058
-0.0485471
-0.0479644
-0.0473091
-0.0465808
-0.0457787
-0.0449022
-0.0439507
-0.0429232
-0.041819
-0.0406372
-0.0393766
-0.0380363
-0.0366147
-0.0351104
-0.0335216
-0.0318465
-0.0300831
-0.028229
-0.0262819
-0.0242391
-0.0220994
-0.0198481
-0.0174885
-0.0150922
-0.0128555
-0.0107179
-0.00868067
-0.00674531
-0.00491357
-0.00318644
-0.00156463
-4.8772e-05
0.00136059
0.00266291
0.00385766
0.00494429
0.0059222
0.00679079
0.00754946
0.00820108
0.0087646
0.00922027
0.00957572
0.00983451
0.00999647
0.00993371
0.00976694
0.00949443
0.00911546
0.00863272
0.00804644
0.00735669
0.00655923
0.00565285
0.00463592
0.00360887
0.00255258
0.00146817
0.000356046
-0.000780365
-0.00194126
-0.00312796
-0.0043416
-0.00558322
-0.00685379
-0.00815428
-0.00948567
-0.0108489
-0.0122451
-0.0136751
-0.0151398
-0.0166404
-0.0181781
-0.0197537
-0.0213685
-0.0230233
-0.0247193
-0.0264576
-0.0282392
-0.0300654
-0.0319374
-0.0338565
-0.0358243
-0.0378422
-0.039912
-0.0420354
-0.0442142
-0.0464505
-0.0484677
-0.050361
-0.0521838
-0.0539845
-0.0557466
-0.0574554
-0.0591023
-0.0606822
-0.0621937
-0.0636351
-0.0650048
-0.0663015
-0.0675243
-0.0686739
-0.0697636
-0.0707966
-0.0717715
-0.0726843
-0.0735338
-0.07432
-0.0750416
-0.0756974
-0.0762932
-0.0768299
-0.077311
-0.0777156
-0.0779896
-0.0781981
-0.0783412
-0.0784196
-0.0784336
-0.0783838
-0.0782706
-0.0780944
-0.0778518
-0.0775423
-0.0771651
-0.0767197
-0.0762056
-0.0756219
-0.0749681
-0.0742434
-0.0734471
-0.0725784
-0.0716363
-0.0706201
-0.0695287
-0.0683611
-0.0671163
-0.0657932
-0.0643906
-0.0629074
-0.0613423
-0.0596941
-0.0579612
-0.0561424
-0.0542361
-0.0522409
-0.0501552
-0.0479774
-0.0457056
-0.0433378
-0.0408715
-0.0383067
-0.0357076
-0.0330779
-0.0304157
-0.0277205
-0.0249898
-0.0222209
-0.0194108
-0.016557
-0.0136583
-0.0110057
-0.00841684
-0.00590286
-0.00347571
-0.00114159
0.00109623
0.00323599
0.00527675
0.00721798
0.00905927
0.0108002
0.0124405
0.0139807
0.0154212
0.0167612
0.0180004
0.0191381
0.0201739
0.0211074
0.0219665
0.0227342
0.0234429
0.0240949
0.0246898
0.025082
0.0254082
0.0256681
0.0258622
0.0259915
0.0260567
0.0260585
0.0259942
0.0258621
0.0256621
0.0253937
0.0250567
0.0246507
0.0241752
0.0236298
0.023014
0.0223272
0.0215687
0.0207379
0.019834
0.0188562
0.0178037
0.0166755
0.0154706
0.0141881
0.0128269
0.0113859
0.00986367
0.00825912
0.00657097
0.00479791
0.00293859
0.000991585
-0.00104463
-0.00317169
-0.00539135
-0.00770552
-0.0101163
-0.0126261
-0.0152375
-0.0179534
-0.0207772
-0.023717
-0.0267035
-0.0297334
-0.0328108
-0.035945
-0.0388495
-0.0416769
-0.0444262
-0.04709
-0.0496641
-0.0521461
-0.0545347
-0.0568265
-0.0590212
-0.0611183
-0.0631174
-0.0650183
-0.0668205
-0.0685237
-0.0701275
-0.0716314
-0.073035
-0.0743376
-0.0755474
-0.0766646
-0.0776923
-0.0786344
-0.079383
-0.0800352
-0.0806136
-0.0811195
-0.0815538
-0.0819174
-0.0822112
-0.0824349
-0.0825855
-0.0826629
-0.0826668
-0.0825972
-0.0824537
-0.082236
-0.0819439
-0.0815768
-0.0811345
-0.0806163
-0.0800217
-0.0793502
-0.078601
-0.0777735
-0.0768669
-0.0758804
-0.0748131
-0.0736641
-0.0724326
-0.0711174
-0.0697174
-0.0682314
-0.0666584
-0.064997
-0.0632462
-0.0614043
-0.05947
-0.0574416
-0.0553171
-0.053094
-0.0508646
-0.0486078
-0.0463357
-0.0440432
-0.0417283
-0.039389
-0.0370229
-0.0346278
-0.0322029
-0.0300202
-0.0279016
-0.0258611
-0.0239116
-0.02206
-0.0203102
-0.0186646
-0.0171245
-0.0156909
-0.0143647
-0.0131465
-0.0120365
-0.0110346
-0.0101417
-0.00932137
-0.0085722
-0.00789525
-0.00729162
-0.00676248
-0.0062927
-0.00589661
-0.00557114
-0.00531337
-0.0051245
-0.00510666
-0.00516203
-0.00529126
-0.00549449
-0.00577145
-0.00612142
-0.00654598
-0.00704848
-0.0076296
-0.00829009
-0.00903073
-0.00985236
-0.0107559
-0.0117422
-0.0128124
-0.0139675
-0.0152087
-0.0165373
-0.0179547
-0.0194623
-0.0210618
-0.0227553
-0.0245458
-0.0263695
-0.0282284
-0.0301247
-0.0320597
-0.0340344
-0.0360503
-0.0381086
-0.0402107
-0.042358
-0.0445519
-0.0467938
-0.0490853
-0.0513849
-0.0537558
-0.0561748
-0.0586381
-0.061148
-0.0637068
-0.0663168
-0.0689803
-0.0714094
-0.0736999
-0.0759186
-0.0781174
-0.0802789
-0.0823873
-0.0844335
-0.0864117
-0.0883186
-0.090152
-0.0919106
-0.0935934
-0.0951997
-0.0967284
-0.0981785
-0.0995491
-0.10084
-0.102047
-0.103169
-0.104205
-0.105156
-0.106029
-0.106827
-0.107553
-0.108212
-0.108798
-0.109229
-0.109591
-0.109887
-0.110117
-0.110282
-0.110383
-0.110414
-0.110377
-0.110269
-0.110092
-0.109845
-0.109528
-0.10914
-0.108682
-0.108152
-0.107552
-0.106879
-0.106135
-0.105314
-0.104416
-0.103438
-0.10238
-0.101238
-0.100012
-0.0986971
-0.0973763
-0.0959301
-0.0944208
-0.0928473
-0.0912084
-0.0895027
-0.0877289
-0.0858855
-0.083971
-0.0819839
-0.0799225
-0.077785
-0.0755695
-0.0732739
-0.0708957
-0.0684323
-0.0658809
-0.0632378
-0.0604948
-0.0577294
-0.0549323
-0.052101
-0.0492259
-0.0465711
-0.0439985
-0.041518
-0.0391367
-0.0368586
-0.0346859
-0.0326188
-0.0306576
-0.0288031
-0.0270559
-0.0254168
-0.0238859
-0.0224635
-0.02115
-0.0199458
-0.0188513
-0.0178671
-0.0169937
-0.016198
-0.0154852
-0.0148459
-0.0142767
-0.0137781
-0.0135029
-0.0133094
-0.0131983
-0.0131696
-0.0132213
-0.0133529
-0.0135639
-0.013858
-0.0142361
-0.0146985
-0.0152456
-0.015878
-0.0165961
-0.0174005
