-0.099997
-0.0951698
-0.0883828
-0.0836461
-0.0836097
-0.0835583
-0.0834867
-0.0817753
-0.0816929
-0.0810549
-0.0810134
-0.0807936
-0.0807765
-0.0807571
-0.0807365
-0.0807161
-0.0806965
-0.0806778
-0.0806603
-0.0806439
-0.0806286
-0.0806143
-0.0806009
-0.0805326
-0.0805209
-0.0803338
-0.0803236
-0.0803143
-0.0803057
-0.0802977
-0.0802903
-0.0802834
-0.080277
-0.0802711
-0.0802655
-0.0802603
-0.0802553
-0.0802603
-0.0802649
-0.0802691
-0.0802731
-0.0802767
-0.0802801
-0.0802833
-0.0802862
-0.0802889
-0.0802915
-0.0802939
-0.0802961
-0.0802982
-0.0803001
-0.0803019
-0.0803036
-0.0803051
-0.0803065
-0.0803079
-0.0803091
-0.0803102
-0.0803113
-0.0803122
-0.0803131
-0.0803139
-0.0803146
-0.0803153
-0.0803159
-0.0803164
-0.0803169
-0.0803173
-0.0803176
-0.0803179
0.0710406
0.0710603
0.0704524
0.0701282
0.0699652
0.0698964
0.0698027
0.0697434
0.0697053
0.0696811
0.0696663
0.0696581
0.0696549
0.0696557
0.0696595
0.069655
0.0696528
0.0696523
0.0696541
0.0696578
0.0696623
0.0696673
0.0696725
0.0696778
0.069683
0.0696879
0.0696923
0.0696961
0.069699
0.0697011
0.0697022
0.0696908
0.0696993
0.0697061
0.0697112
0.0697144
0.0697156
0.0697149
0.069712
0.0697069
0.0696997
0.0696901
0.069678
0.0696634
0.0696462
0.0696263
0.0696036
0.0695781
0.0695498
0.0695184
0.0694956
0.0694589
0.069457
0.0694557
0.0694544
0.0694531
0.0694515
0.0694497
0.0694477
0.0694455
0.0694432
0.0694408
0.0694384
0.0694359
0.0694336
0.0694314
0.0694235
0.0694158
0.069417
0.0694188
-0.08131
-0.0813329
-0.0812644
-0.0812226
-0.081179
-0.0811395
-0.0811119
-0.0811059
-0.0811333
-0.0812066
-0.0813313
-0.0814863
-0.0816585
-0.0818358
-0.0820077
-0.0821724
-0.0823483
-0.0824034
-0.0824836
-0.0825645
-0.0826455
-0.0827239
-0.0828548
-0.0829815
-0.0830928
-0.0831808
-0.0832579
-0.0833294
-0.0833953
-0.083455
-0.0835079
-0.0835537
-0.0835853
-0.0836094
-0.0836258
-0.083634
-0.0836337
-0.0836247
-0.0836062
-0.0835776
-0.0835238
-0.0834715
-0.0834069
-0.0833292
-0.0833383
-0.0833455
-0.0833513
-0.0833546
-0.0833557
-0.0833548
-0.0833521
-0.0833468
-0.08334
-0.0833322
-0.0833241
-0.0833156
-0.0833064
-0.0832966
-0.0832862
-0.0832773
-0.0832679
-0.0832578
-0.0832522
-0.0832542
-0.0832571
-0.0832597
-0.0832618
-0.0832635
-0.0832649
-0.0832659
0.0666498
0.0665636
0.0663414
0.0660663
0.0657871
0.0655891
0.0653656
0.0651662
0.0649891
0.0648326
0.064695
0.0645748
0.0644705
0.0643811
0.0643059
0.0642519
0.0641647
0.0640915
0.0640336
0.0639969
0.0639703
0.0639537
0.0639467
0.0639492
0.0639609
0.0639817
0.0640113
0.0640495
0.0640966
0.0641517
0.0642137
0.064286
0.064366
0.064453
0.0645468
0.0646466
0.0647518
0.064845
0.0649733
0.0651025
0.0652353
0.0653719
0.065512
0.0656552
0.0658009
0.0659486
0.0660976
0.0662474
0.0663976
0.0665475
0.0666965
0.0668436
0.0669362
0.0669986
0.0670444
0.0670811
0.0671128
0.0671417
0.067169
0.0671953
0.0672207
0.0672454
0.0672694
0.0672925
0.0673145
0.0673353
0.0673546
0.0673879
0.0673994
0.0674092
-0.0826987
-0.08266
-0.0825836
-0.0824485
-0.0823061
-0.0821193
-0.081888
-0.0816309
-0.0813703
-0.0811369
-0.0809401
-0.0810528
-0.0811473
-0.0812037
-0.0812452
-0.0812654
-0.0812601
-0.0812249
-0.081183
-0.0811398
-0.0810943
-0.081047
-0.0809808
-0.080941
-0.0809016
-0.0808654
-0.0808334
-0.0808061
-0.080784
-0.0807676
-0.0807575
-0.0807539
-0.0807574
-0.0807681
-0.0807865
-0.0808128
-0.0808472
-0.0808899
-0.0809411
-0.0810008
-0.0810692
-0.0811463
-0.081232
-0.0813262
-0.0814289
-0.0815399
-0.081659
-0.081786
-0.0819205
-0.0820621
-0.0822105
-0.082363
-0.0824519
-0.0825055
-0.0825397
-0.0825639
-0.082583
-0.0825999
-0.0826161
-0.0826326
-0.0826498
-0.0826682
-0.0826877
-0.0827085
-0.0827306
-0.082754
-0.0827786
-0.0828044
-0.0828313
-0.0828593
0.0682245
0.0681899
0.0681161
0.0679901
0.0677998
0.067579
0.0673117
0.0670552
0.0668258
0.0665766
0.0663287
0.0661016
0.0661996
0.0662769
0.0663919
0.0665314
0.0666902
0.0668524
0.0670061
0.0671564
0.0672851
0.0672238
0.0671595
0.0670978
0.0670391
0.0669885
0.0669743
0.0669698
0.0669485
0.0669286
0.066911
0.0668961
0.0668845
0.0668768
0.0668733
0.0668744
0.066881
0.0668906
0.0669065
0.0669266
0.0669533
0.0669847
0.0670226
0.067067
0.0671157
0.0671734
0.0672322
0.0672972
0.067368
0.0674421
0.0675214
0.0676003
0.0676466
0.0676742
0.0676914
0.0677029
0.0677117
0.0677191
0.0677262
0.0677333
0.0677408
0.0677488
0.0677574
0.0677666
0.0677763
0.0677865
0.0677971
0.067808
0.0678192
0.0678305
-0.083677
-0.0836401
-0.0835679
-0.083417
-0.0832229
-0.082992
-0.082693
-0.082347
-0.0819747
-0.0816009
-0.0812403
-0.0810556
-0.0810088
-0.0810254
-0.0811028
-0.0812307
-0.0813256
-0.0812838
-0.0811966
-0.0811225
-0.0810607
-0.0810295
-0.0810061
-0.0809905
-0.0809823
-0.0809811
-0.0809864
-0.0809979
-0.081015
-0.0810374
-0.0810645
-0.0810948
-0.0813977
-0.0817025
-0.0820047
-0.0822731
-0.0825501
-0.0828304
-0.0831114
-0.0833938
-0.0836787
-0.0839696
-0.0842672
-0.0845512
-0.0846383
-0.0847262
-0.0848146
-0.084903
-0.0849908
-0.0850778
-0.0851635
-0.0852784
-0.0853218
-0.0853482
-0.0853651
-0.085377
-0.0853863
-0.0853943
-0.0854017
-0.0854089
-0.0854161
-0.0854228
-0.0854292
-0.0854349
-0.08544
-0.0854442
-0.0854473
-0.0854649
-0.0854632
-0.0854628
0.0708141
0.0704494
0.0698011
0.0689148
0.0679585
0.0671956
0.0664856
0.0658062
0.065174
0.0645849
0.0640338
0.0635155
0.0630282
0.0625735
0.0621497
0.0617554
0.0613892
0.0610498
0.0607358
0.060446
0.0601792
0.0599338
0.0597081
0.059501
0.0593116
0.0591388
0.0589819
0.0588399
0.0587121
0.0585976
0.0584957
0.0584057
0.0583268
0.0582583
0.0581996
0.0581499
0.0581086
0.0580749
0.0580483
0.0580279
0.058013
0.058003
0.057997
0.0579943
0.057994
0.0579953
0.0579973
0.057999
0.0579996
0.0579979
0.0579929
0.0579943
0.0579954
0.0579961
0.0579961
0.0579966
0.0579975
0.0579986
0.0579998
0.058001
0.0580023
0.0580034
0.0580045
0.0580055
0.0580063
0.058007
0.0580075
0.0580079
0.0580081
0.0580082
-0.0855099
-0.0856624
-0.0859101
-0.0862698
-0.0867599
-0.0873961
-0.0882553
-0.0890443
-0.0897756
-0.0904562
-0.0910889
-0.0916719
-0.0922026
-0.0926997
-0.093168
-0.0936102
-0.0940156
-0.0944113
-0.0947788
-0.0951206
-0.0954425
-0.0957461
-0.0960322
-0.0963013
-0.0965542
-0.0967916
-0.0970142
-0.0972225
-0.0974171
-0.0975986
-0.0977673
-0.0979237
-0.0980681
-0.0982007
-0.0983218
-0.0984316
-0.0985303
-0.0986178
-0.0986944
-0.0987599
-0.0988144
-0.0988577
-0.0988897
-0.0989103
-0.0989192
-0.0989162
-0.0989009
-0.098873
-0.0988321
-0.098831
-0.0988288
-0.0988248
-0.098821
-0.0988151
-0.0988079
-0.0987997
-0.0987916
-0.0987824
-0.0987727
-0.0987625
-0.0987518
-0.098741
-0.0987322
-0.0987293
-0.0987265
-0.0987263
-0.0987258
-0.0987252
-0.0987245
-0.0987235
0.0576682
0.0572789
0.0565565
0.0555755
0.0544724
0.0536038
0.0528119
0.0520905
0.0514317
0.0508269
0.0502673
0.0497444
0.0492501
0.0487947
0.0483762
0.0479924
0.0476412
0.0473208
0.0470293
0.0467651
0.0465265
0.046312
0.0461202
0.0459494
0.0457986
0.0456662
0.0455511
0.0454519
0.0453676
0.045297
0.0452387
0.0451918
0.0451551
0.0451274
0.0451076
0.0450946
0.0450871
0.0450841
0.0450842
0.0450863
0.0450891
0.0450913
0.0450911
0.0450863
0.0450763
0.0450604
0.0450376
0.045007
0.0449677
0.0449188
0.0448595
0.0447997
0.0447959
0.0447962
0.0447963
0.0447962
0.044796
0.0447956
0.0447951
0.0447943
0.0447933
0.0447921
0.0447911
0.0447933
0.0447953
0.0447972
0.0447989
0.0448004
0.0448017
0.0448028
-0.0983503
-0.0984863
-0.0986843
-0.0989756
-0.0993882
-0.0999403
-0.100754
-0.101491
-0.102165
-0.102787
-0.103362
-0.103888
-0.104363
-0.104801
-0.105211
-0.105594
-0.105955
-0.106294
-0.106615
-0.106918
-0.107205
-0.107478
-0.107738
-0.107987
-0.108225
-0.108453
-0.108673
-0.108884
-0.109088
-0.109286
-0.109477
-0.109662
-0.109841
-0.110015
-0.110184
-0.110348
-0.110506
-0.110659
-0.110807
-0.110948
-0.111084
-0.111213
-0.111334
-0.111448
-0.111554
-0.111651
-0.111737
-0.111812
-0.111875
-0.111924
-0.111959
-0.111967
-0.111968
-0.111966
-0.111967
-0.111967
-0.111968
-0.111968
-0.111969
-0.111972
-0.111974
-0.111976
-0.111979
-0.111981
-0.111983
-0.111986
-0.111988
-0.11199
-0.111991
-0.111993
0.0447829
0.0443556
0.0435818
0.0425459
0.0413706
0.0405065
0.0397219
0.0390077
0.0383542
0.0377514
0.0371896
0.0366597
0.0361567
0.0356912
0.0352612
0.0348645
0.0344993
0.0341638
0.0338562
0.033575
0.0333187
0.0330858
0.032875
0.0326849
0.0325142
0.0323619
0.0322266
0.0321073
0.0320029
0.0319122
0.0318343
0.0317682
0.0317126
0.0316667
0.0316294
0.0315997
0.0315766
0.0315589
0.0315456
0.0315357
0.0315279
0.0315211
0.0315141
0.0314891
0.0314703
0.0314505
0.0314254
0.0313945
0.0313574
0.0313135
0.031262
0.0312136
0.0312105
0.0312106
0.0312101
0.0312091
0.0312077
0.031206
0.0312038
0.0312012
0.0311983
0.0311954
0.031196
0.0311965
0.0311968
0.031197
0.031197
0.031197
0.0311969
0.0311966
-0.11191
-0.1121
-0.112389
-0.112792
-0.11333
-0.114016
-0.11488
-0.115661
-0.116376
-0.117033
-0.11764
-0.118195
-0.118704
-0.119182
-0.11963
-0.120052
-0.12045
-0.120826
-0.121181
-0.121518
-0.121838
-0.122142
-0.122431
-0.122706
-0.122969
-0.123219
-0.123458
-0.123686
-0.123903
-0.124107
-0.1243
-0.124481
-0.124651
-0.124809
-0.124957
-0.125093
-0.125218
-0.125333
-0.125436
-0.125527
-0.125607
-0.125662
-0.125718
-0.125758
-0.125785
-0.1258
-0.1258
-0.125787
-0.125759
-0.125759
-0.125757
-0.125754
-0.125751
-0.125747
-0.125741
-0.125735
-0.125728
-0.125721
-0.125713
-0.125704
-0.125695
-0.125686
-0.125678
-0.12567
-0.125665
-0.125664
-0.125664
-0.125664
-0.125665
-0.125665
0.030746
0.030342
0.029592
0.0285948
0.0274588
0.0265979
0.0258096
0.0250842
0.0244108
0.023779
0.0231784
0.0226217
0.0221074
0.021633
0.0211962
0.0207951
0.0204266
0.0200882
0.0197778
0.0194935
0.0192336
0.0189964
0.0187803
0.0185839
0.0184056
0.0182456
0.0181046
0.0179835
0.0178844
0.0178102
0.0177268
0.0176765
0.0176367
0.0176064
0.0175846
0.0175702
0.0175623
0.0175598
0.0175618
0.0175673
0.0175752
0.0175846
0.0175944
0.0176035
0.0176108
0.0176151
0.0176153
0.0176102
0.0175984
0.0175674
0.017535
0.01751
0.0174982
0.0174964
0.0174965
0.0174969
0.0174973
0.017499
0.0175009
0.017503
0.0175048
0.0175065
0.0175082
0.0175101
0.0175119
0.0175136
0.017515
0.0175163
0.0175173
0.0175182
-0.125391
-0.125541
-0.125778
-0.126118
-0.126585
-0.127197
-0.128074
-0.128872
-0.129607
-0.130286
-0.130914
-0.131491
-0.132013
-0.1325
-0.132956
-0.133384
-0.133788
-0.134169
-0.134529
-0.13487
