0.099997
0.0925054
0.0842507
0.0788104
0.0788426
0.0766455
0.0741404
0.0741532
0.0720526
0.0720472
0.0711164
0.0710938
0.0710788
0.0710712
0.0710656
0.0710612
0.0710576
0.0710546
0.0710519
0.0710497
0.0710476
0.0710459
0.0710443
0.071043
0.0710418
0.0710408
0.0710398
0.071041
0.0710422
0.0710432
0.0710442
0.0710451
0.0710459
0.0710466
0.0710473
0.0710479
0.0710485
0.0710482
0.0710479
0.0710477
0.0710475
0.0710473
0.0710471
0.0710469
0.0710467
0.0710465
0.0710463
0.0710461
0.0710459
0.0710456
0.0710454
0.0710452
0.0710449
0.0710447
0.0710445
0.0710442
0.071044
0.0710438
0.0710436
0.0710433
0.0710431
0.0710429
0.0710426
0.0710424
0.0710422
0.0710419
0.0710416
0.0710413
0.0710411
0.0710408
-0.0803181
-0.0803115
-0.08029
-0.0802568
-0.0802151
-0.0801746
-0.0802132
-0.0802498
-0.0802847
-0.0803181
-0.0803502
-0.0803811
-0.0804109
-0.0804397
-0.0804675
-0.0805054
-0.0805423
-0.0805782
-0.0806116
-0.0806435
-0.0806747
-0.0807053
-0.0807353
-0.0807648
-0.0807935
-0.0808217
-0.0808494
-0.0808766
-0.0809035
-0.08093
-0.0809562
-0.0809931
-0.0810082
-0.0810232
-0.0810382
-0.081053
-0.0810677
-0.0810824
-0.0810968
-0.0811108
-0.0811241
-0.0811372
-0.0811503
-0.0811634
-0.0811764
-0.0811894
-0.0812023
-0.0812152
-0.0812282
-0.0812412
-0.0812423
-0.081257
-0.0812411
-0.0812393
-0.0812418
-0.0812468
-0.081253
-0.0812599
-0.0812672
-0.0812744
-0.0812814
-0.0812879
-0.0812937
-0.0812985
-0.081302
-0.0813039
-0.0813082
-0.0813113
-0.0813119
-0.0813117
0.0694249
0.0693692
0.0693715
0.069343
0.0693022
0.0692508
0.0691893
0.069118
0.0690371
0.0689468
0.0688511
0.0687618
0.0686792
0.0686032
0.0685339
0.0684692
0.0684004
0.068446
0.0684657
0.0684855
0.0685048
0.0685255
0.0684939
0.0684638
0.0684409
0.0684321
0.0684249
0.0684177
0.0684104
0.0684028
0.0683949
0.0683865
0.0683843
0.0683816
0.0683784
0.0683747
0.0683704
0.0683649
0.0683589
0.0683525
0.0683596
0.0683509
0.0683417
0.0683318
0.0682299
0.0681053
0.0679668
0.0678162
0.067654
0.0674805
0.067296
0.0670989
0.0669796
0.0669043
0.0668537
0.0668175
0.06679
0.0667679
0.0667493
0.0667322
0.0667168
0.0667028
0.0666897
0.0666806
0.066673
0.0666665
0.0666611
0.0666568
0.0666535
0.0666512
-0.0832665
-0.0832646
-0.083256
-0.0832402
-0.0832199
-0.0831474
-0.0831306
-0.0831146
-0.0830988
-0.0830833
-0.083068
-0.083053
-0.0830381
-0.0830234
-0.0830082
-0.0829842
-0.0830074
-0.0830283
-0.0830436
-0.0830443
-0.0830438
-0.0830422
-0.0830395
-0.0830358
-0.0830312
-0.0830256
-0.0830191
-0.0830118
-0.0830035
-0.082997
-0.0829909
-0.0829838
-0.0829766
-0.0829695
-0.0829625
-0.0829557
-0.0829498
-0.0829598
-0.0829532
-0.0829462
-0.0829396
-0.0829332
-0.0829269
-0.0829206
-0.0829143
-0.0829066
-0.0828988
-0.0828909
-0.082883
-0.082875
-0.082867
-0.0828589
-0.0828507
-0.0828423
-0.0828339
-0.0828253
-0.0828167
-0.0828081
-0.0827993
-0.0827906
-0.0827819
-0.0827732
-0.0827646
-0.0827561
-0.0827478
-0.0827397
-0.0827321
-0.0827087
-0.0827055
-0.0827021
0.0674171
0.0674221
0.0674353
0.0674957
0.0675481
0.0676253
0.0677411
0.0678964
0.0680925
0.0683083
0.0685135
0.0684155
0.0683266
0.068268
0.0682209
0.0681898
0.068176
0.0681813
0.0681889
0.0681942
0.0682019
0.0682099
0.0682336
0.0682395
0.0682454
0.0682512
0.068257
0.0682626
0.0682682
0.0682736
0.0682788
0.0682839
0.0682888
0.0682935
0.0682979
0.0683021
0.0683061
0.0683098
0.0683131
0.0683162
0.068319
0.0683215
0.0683236
0.0683254
0.0683268
0.0683279
0.0683286
0.068329
0.068329
0.0683287
0.068328
0.0683271
0.0683256
0.0683237
0.0683214
0.0683186
0.0683154
0.0683117
0.0683077
0.0683032
0.0682982
0.0682928
0.068287
0.0682807
0.0682739
0.0682667
0.0682591
0.068251
0.0682425
0.0682337
-0.0828881
-0.0829049
-0.0829553
-0.0830437
-0.0831566
-0.0832989
-0.0834581
-0.0836441
-0.0837664
-0.0838935
-0.0840269
-0.0841702
-0.0840419
-0.0839641
-0.0838676
-0.083765
-0.0836583
-0.0835449
-0.0834357
-0.0833284
-0.083237
-0.0833327
-0.0834157
-0.083498
-0.0835789
-0.0836463
-0.0836622
-0.0836558
-0.0836578
-0.0836599
-0.0836623
-0.0836647
-0.0836672
-0.0836698
-0.0836724
-0.0836749
-0.0836801
-0.0836825
-0.0836885
-0.0836907
-0.0836965
-0.0836985
-0.0837003
-0.0837056
-0.0837071
-0.0837124
-0.0837134
-0.0837142
-0.0837184
-0.0837188
-0.0837227
-0.0837227
-0.0837226
-0.0837221
-0.0837214
-0.0837205
-0.0837193
-0.0837178
-0.0837161
-0.0837142
-0.0837119
-0.0837095
-0.0837067
-0.0837037
-0.0837005
-0.0836971
-0.0836934
-0.0836895
-0.0836855
-0.0836813
0.0678417
0.067831
0.067814
0.0678506
0.0678967
0.0679953
0.0681115
0.0682446
0.0683945
0.0685595
0.068744
0.0688036
0.0687909
0.0687755
0.0687522
0.0687084
0.0686963
0.0688095
0.0689813
0.069151
0.0693184
0.0694636
0.0696091
0.0697543
0.0698989
0.0700429
0.0701865
0.0703296
0.0704724
0.0706151
0.0707581
0.0709027
0.0707753
0.0706484
0.0705256
0.0704386
0.0703467
0.0702532
0.0701595
0.0700655
0.0699707
0.0698738
0.0697735
0.0696878
0.0698057
0.0699236
0.0700414
0.0701593
0.0702772
0.0703926
0.0704986
0.0705434
0.0706213
0.0706894
0.0707468
0.0707935
0.0708298
0.0708561
0.0708727
0.0708802
0.0708795
0.070877
0.0708744
0.0708718
0.0708693
0.0708668
0.0708645
0.0708465
0.0708317
0.0708209
-0.0854638
-0.08549
-0.0855468
-0.0856356
-0.0857138
-0.0856618
-0.0856193
-0.0856027
-0.0855895
-0.0855793
-0.0855728
-0.0855709
-0.085572
-0.0855729
-0.0855739
-0.0855747
-0.0855754
-0.085576
-0.0855765
-0.0855769
-0.0855772
-0.0855773
-0.0855773
-0.0855773
-0.0855772
-0.085577
-0.0855768
-0.0855764
-0.085576
-0.0855755
-0.0855749
-0.0855743
-0.0855735
-0.0855726
-0.0855717
-0.0855707
-0.0855696
-0.0855684
-0.0855672
-0.0855659
-0.0855645
-0.085563
-0.0855615
-0.0855599
-0.0855583
-0.0855566
-0.0855549
-0.0855532
-0.0855514
-0.0855497
-0.085548
-0.0855463
-0.0855447
-0.0855431
-0.0855417
-0.085541
-0.0855376
-0.0855343
-0.0855309
-0.0855276
-0.0855245
-0.0855215
-0.0855188
-0.0855163
-0.0855142
-0.0855125
-0.0855111
-0.0855102
-0.0855097
-0.0855096
0.0580081
0.0580441
0.0581145
0.0582127
0.058335
0.0584802
0.0583712
0.0582797
0.0582036
0.0581415
0.0580969
0.058072
0.0580684
0.058067
0.0580655
0.0580642
0.0580728
0.0580733
0.0580737
0.058074
0.0580741
0.058074
0.0580738
0.0580734
0.0580729
0.0580722
0.0580714
0.0580705
0.0580694
0.0580681
0.0580667
0.0580652
0.0580635
0.0580616
0.0580596
0.0580574
0.058055
0.0580524
0.0580497
0.0580467
0.0580436
0.0580402
0.0580366
0.0580327
0.0580286
0.0580242
0.0580195
0.0580146
0.0580093
0.0579129
0.0578518
0.0577717
0.0577284
0.057701
0.057683
0.0576709
0.0576625
0.0576573
0.0576539
0.057652
0.0576512
0.0576517
0.0576522
0.0576515
0.0576513
0.0576529
0.057655
0.0576576
0.0576607
0.0576642
-0.0987225
-0.0987569
-0.0988218
-0.098921
-0.0990092
-0.0989512
-0.0988977
-0.0988484
-0.0988053
-0.0987703
-0.0987447
-0.0987299
-0.098727
-0.0987241
-0.0987211
-0.0987179
-0.0987147
-0.0987113
-0.0987079
-0.0987044
-0.0987008
-0.0986971
-0.0986934
-0.0986896
-0.0986857
-0.0986818
-0.0986779
-0.0986739
-0.0986699
-0.0986659
-0.0986619
-0.098658
-0.098654
-0.0986502
-0.0986463
-0.0986426
-0.098639
-0.0986356
-0.0986322
-0.0986291
-0.0986262
-0.0986236
-0.0986213
-0.0986191
-0.0986168
-0.0986141
-0.0986111
-0.0986076
-0.0986038
-0.0985996
-0.0985949
-0.0985898
-0.0985615
-0.0985302
-0.0985068
-0.098488
-0.098472
-0.0984575
-0.0984442
-0.0984315
-0.0984195
-0.098408
-0.0983974
-0.0983889
-0.0983811
-0.0983739
-0.0983675
-0.0983619
-0.0983572
-0.0983533
0.0448037
0.0448541
0.0449461
0.0450748
0.0452353
0.0454266
0.0453204
0.0452313
0.0451575
0.045098
0.0450535
0.0450264
0.0450186
0.0450176
0.0450165
0.0450152
0.0450139
0.0450125
0.0450109
0.0450092
0.0450074
0.0450055
0.0450035
0.0450014
0.0449991
0.0449968
0.0449944
0.0449919
0.0449893
0.0449866
0.0449838
0.0449809
0.044978
0.044975
0.044972
0.0449689
0.0449658
0.0449626
0.0449595
0.0449563
0.0449532
0.0449501
0.044947
0.044944
0.0449412
0.0449384
0.0449359
0.0449335
0.0449314
0.0449296
0.0449275
0.044925
0.044922
0.044911
0.0449089
0.0449033
0.0448957
0.044887
0.0448777
0.0448682
0.0448583
0.0448487
0.0448394
0.0448304
0.0448218
0.0448138
0.0448063
0.0447994
0.0447932
0.0447877
-0.111994
-0.112041
-0.11213
-0.112259
-0.112405
-0.112332
-0.112266
-0.112206
-0.112156
-0.112117
-0.11209
-0.112078
-0.112077
-0.112076
-0.112075
-0.112074
-0.112072
-0.112071
-0.112069
-0.112068
-0.112066
-0.112064
-0.112062
-0.11206
-0.112057
-0.112055
-0.112053
-0.11205
-0.112048
-0.112045
-0.112042
-0.11204
-0.112037
-0.112034
-0.112031
-0.112029
-0.112026
-0.112023
-0.112021
-0.112018
-0.112016
-0.112014
-0.112011
-0.112024
-0.112025
-0.112025
-0.112026
-0.112025
-0.112025
-0.112024
-0.112023
-0.112021
-0.112001
-0.111979
-0.111964
-0.111952
-0.111943
-0.111935
-0.111928
-0.111922
-0.111916
-0.111911
-0.111909
-0.111907
-0.111906
-0.111906
-0.111906
-0.111907
-0.111907
-0.111908
0.0311963
0.0312179
0.0312676
0.0313426
0.0314385
0.0315546
0.0314638
0.0313899
0.0313309
0.031286
0.0312549
0.0312415
0.0312401
0.0312387
0.0312372
0.0312357
0.0312341
0.0312325
0.0312308
0.0312291
0.0312274
0.0312257
0.0312239
0.0312222
0.0312205
0.0312188
0.0312171
0.0312155
0.031214
0.0312127
0.0312111
0.0312094
0.0312074
0.0312052
0.0312028
0.0312002
0.0311973
0.0311942
0.0311907
0.0311871
0.0311831
0.031191
0.0311887
0.0311861
0.0311831
0.0311796
0.0311758
0.0311715
0.0311668
0.0310795
0.0310259
0.0309525
0.0309107
0.030881
0.0308585
0.0308408
0.0308261
0.0308137
0.0308029
0.0307935
0.0307853
0.0307779
0.0307713
0.0307651
0.0307599
0.0307538
0.0307485
0.0307464
0.0307453
0.0307452
-0.125665
-0.1257
-0.125764
-0.125849
-0.125949
-0.125866
-0.125796
-0.12574
-0.1257
-0.125678
-0.125675
-0.125672
-0.125669
-0.125666
-0.125663
-0.125659
-0.125656
-0.125652
-0.125649
-0.125646
-0.125643
-0.12564
-0.125637
-0.125635
-0.125633
-0.125632
-0.125631
-0.125629
-0.125627
-0.125622
-0.125637
-0.125632
-0.125627
-0.125622
-0.125616
-0.12561
-0.125604
-0.125597
-0.125591
-0.125584
-0.125577
-0.12557
-0.125563
-0.125556
-0.125549
-0.125543
-0.125537
-0.125531
-0.125525
-0.125523
-0.125521
-0.125518
-0.125515
-0.125508
-0.125498
-0.125488
-0.125478
-0.125469
-0.12546
-0.125452
-0.125443
-0.125435
-0.125427
-0.12542
-0.125414
-0.125408
-0.125403
-0.125399
-0.125396
-0.125393
0.0175188
0.0175704
0.0176621
0.0177934
0.0179587
0.0181567
0.0180487
0.0179583
0.0178834
0.0178231
0.0177792
0.0177542
0.0177497
0.0177482
0.0177465
0.0177447
0.0177428
0.0177408
0.0177387
0.0177365
