0
-0.000313629
-0.000212127
-0.000120392
-0.00216879
-0.0379964
-0.0634713
-0.00734191
-0.0592964
-0.00708705
-0.0283786
-0.00587864
-0.00204819
-0.00230538
-0.00259357
-0.00351821
-0.00530105
-0.00703029
-0.00872907
-0.0104106
-0.0120786
-0.0137328
-0.0153716
-0.0167173
-0.0188005
-0.0195351
-0.02262
-0.0240645
-0.0255871
-0.0270774
-0.0285249
-0.0299263
-0.0312819
-0.0325841
-0.0338209
-0.0349742
-0.0359377
-0.0347248
-0.0335647
-0.0316481
-0.0304637
-0.030188
-0.0302414
-0.0303769
-0.0305243
-0.0306459
-0.0307211
-0.0307391
-0.0306941
-0.0305837
-0.0304067
-0.0301631
-0.0298532
-0.0294778
-0.029037
-0.028533
-0.0279449
-0.0272799
-0.0265545
-0.0257733
-0.0249412
-0.0240542
-0.023108
-0.022104
-0.0210435
-0.0199324
-0.0187611
-0.0175352
-0.0162553
-0.0149217
-0.0135345
0.0237311
0.0110993
0.0108944
0.011776
0.0126388
0.0112534
0.0129718
0.0147938
0.0166735
0.0185876
0.0205251
0.0224816
0.0244558
0.0264488
0.0276824
0.0293497
0.0310393
0.0327857
0.0345639
0.0363131
0.0376833
0.0390861
0.0405238
0.0419996
0.0435102
0.0450565
0.0466432
0.0482734
0.0499502
0.0516707
0.0516568
0.0554472
0.0571432
0.0588641
0.0606193
0.062422
0.0642744
0.0661806
0.0681454
0.0701608
0.0722026
0.0742815
0.0764094
0.0786191
0.0809133
0.0832948
0.0861482
0.0894781
0.0929977
0.0666299
0.0666544
0.0533685
0.0475521
0.0405562
0.0323716
0.0234953
0.0142045
0.00465445
-0.00508019
-0.0149536
-0.0249481
-0.035058
-0.0452795
-0.0556108
-0.0660403
-0.0771438
-0.0872897
-0.0782107
-0.0734259
-0.0623973
-0.0619428
-0.0473649
-0.0543316
-0.0584347
-0.0624687
-0.066559
-0.0708046
-0.0752876
-0.0800775
-0.084861
-0.0878732
-0.0908705
-0.0937518
-0.096491
-0.0996154
-0.104415
-0.105211
-0.111364
-0.116534
-0.121826
-0.127184
-0.133368
-0.136997
-0.140379
-0.14368
-0.147662
-0.151885
-0.156052
-0.160308
-0.164665
-0.169131
-0.173658
-0.178201
-0.182867
-0.187662
-0.192587
-0.197659
-0.202845
-0.208168
-0.207903
-0.219466
-0.225647
-0.231709
-0.217062
-0.207984
-0.201324
-0.194929
-0.188649
-0.182512
-0.176529
-0.170678
-0.167291
-0.162842
-0.157859
-0.152584
-0.147169
-0.14169
-0.136188
-0.13077
-0.12528
-0.119698
-0.114301
-0.108999
-0.103458
-0.0978692
-0.0922802
-0.0866895
-0.0810949
-0.0754938
-0.0698832
-0.0642823
-0.0582076
-0.0522067
-0.0462719
-0.038381
-0.0351886
-0.0297738
-0.024398
-0.0190822
-0.0138144
-0.00858401
-0.00338145
0.00180332
0.00698682
0.0124233
0.0159096
0.0210441
0.0262765
0.0318319
0.0369636
0.0422175
0.0474952
0.0528003
0.0581369
0.063509
0.0689201
0.0743718
0.0798222
0.0856818
0.0912682
0.0969873
0.102746
0.108583
0.114485
0.120449
0.12646
0.126333
0.136563
0.141891
0.146813
0.151823
0.156938
0.162173
0.167539
0.173061
0.178744
0.184687
0.1908
0.197087
0.203555
0.210106
0.217747
0.22505
0.232205
0.23932
0.246458
0.253658
0.260944
0.268337
0.275853
0.2835
0.291281
0.299207
0.307287
0.315528
0.323928
0.323546
0.3344
0.339395
0.344649
0.351605
0.352497
0.330779
0.311993
0.29999
0.290941
0.281686
0.272164
0.261541
0.250303
0.227994
0.22075
0.212313
0.203222
0.194627
0.186327
0.178313
0.169476
0.160749
0.151888
0.143294
0.143144
0.126494
0.11795
0.109632
0.101458
0.0933518
0.0853091
0.0773251
0.0694006
0.0615295
0.0536988
0.0459066
0.0381514
0.0304299
0.022738
0.015071
0.00742358
-0.000210394
-0.00783765
-0.0154658
-0.0231041
-0.0307627
-0.0384512
-0.0461785
-0.0539534
-0.0617856
-0.0693935
-0.077082
-0.0844677
-0.0918328
-0.100312
-0.108297
-0.116013
-0.123585
-0.130602
-0.137456
-0.144306
-0.151172
-0.15807
-0.165005
-0.171983
-0.179011
-0.186098
-0.193252
-0.200478
-0.207785
-0.215179
-0.223261
-0.231
-0.240474
-0.247655
-0.25244
-0.25214
-0.264725
-0.273325
-0.265812
-0.259445
-0.255969
-0.252561
-0.249285
-0.232074
-0.231033
-0.227314
-0.224152
-0.221232
-0.21894
-0.217024
-0.215043
-0.214812
-0.19962
-0.186962
-0.177127
-0.167252
-0.15713
-0.145618
-0.135135
-0.125995
-0.116346
-0.106791
-0.0973189
-0.087916
-0.0785782
-0.0693029
-0.0600855
-0.051899
-0.0428621
-0.0347563
-0.0257961
-0.0177598
-0.00884367
0.000162246
0.00813465
0.0170621
0.0261328
0.0349756
0.0440908
0.0521996
0.0613438
0.0695924
0.0771967
0.0855634
0.0935264
0.101195
0.108699
0.116114
0.123485
0.130839
0.1382
0.145583
0.152997
0.160445
0.167937
0.175482
0.183088
0.190763
0.198515
0.206352
0.214282
0.222314
0.231425
0.232874
0.243939
0.250657
0.242107
0.239404
0.237427
0.235273
0.232942
0.219308
0.202829
0.189098
0.178058
0.167624
0.157711
0.149003
0.145449
0.138287
0.128738
0.119329
0.109203
0.100123
0.0910701
0.0820814
0.0731602
0.0642999
0.0554943
0.0467382
0.0380284
0.0293732
0.0208124
-0.000470989
-0.00954603
-0.018425
-0.0259622
-0.0352505
-0.0444242
-0.0535725
-0.0627459
-0.0719482
-0.0811536
-0.0904571
-0.0904295
-0.0949226
-0.101537
-0.108286
-0.115175
-0.122208
-0.129425
-0.136913
-0.14667
-0.154383
-0.16329
-0.171874
-0.180322
-0.188708
-0.197088
-0.205493
-0.213949
-0.222477
-0.231003
-0.239617
-0.248359
-0.257254
-0.266333
-0.275662
-0.275381
-0.245087
-0.234023
-0.22292
-0.213715
-0.205429
-0.197396
-0.187154
-0.170734
-0.160434
-0.151012
-0.140791
-0.130734
-0.120888
-0.111251
-0.101617
-0.0918461
-0.0821521
-0.0725268
-0.0629622
-0.0534503
-0.0439839
-0.0345557
-0.025784
-0.0175547
-0.0112468
-0.00490188
0.00145931
0.00784208
0.0142515
0.0206925
0.0271699
0.0336883
0.040248
0.0468544
0.0535183
0.0602411
0.0670237
0.073869
0.0807805
0.0877629
0.0948214
0.101962
0.109192
0.116519
0.123953
0.131509
0.139196
0.14703
0.155022
0.163186
0.171539
0.180095
0.188873
0.197888
0.208209
0.218363
0.221546
0.205286
0.195075
0.184815
0.17449
0.164084
0.15366
0.143243
0.132841
0.122457
0.112091
0.101741
0.0914014
0.081068
0.070735
0.0604033
0.0504153
0.0389133
0.0263574
0.0147986
0.00365672
-0.00748979
-0.0279102
-0.0363189
-0.0451501
-0.0542152
-0.0629919
-0.0717228
-0.0804249
-0.0901098
-0.100017
-0.110124
-0.110002
-0.112138
-0.114012
-0.115925
-0.117524
-0.119137
-0.120881
-0.122739
-0.124705
-0.126772
-0.12894
-0.131209
-0.133579
-0.136051
-0.138621
-0.14129
-0.144068
-0.146955
-0.149948
-0.153047
-0.156253
-0.159567
-0.162991
-0.166528
-0.170183
-0.173959
-0.177862
-0.1819
-0.186077
-0.190401
-0.194879
-0.199515
-0.204318
-0.18132
-0.168086
-0.159961
-0.157703
-0.153518
-0.147837
-0.141322
-0.134396
-0.12741
-0.120343
-0.1132
-0.106019
-0.0988184
-0.0918058
-0.0862364
-0.0809773
-0.0757075
-0.0700022
-0.0642271
-0.0585196
-0.0527306
-0.0468754
-0.045172
-0.0427379
-0.0396071
-0.03359
-0.0207215
-0.0142798
-0.00787567
-0.00165275
0.00439413
0.0102773
0.0160118
0.0216216
0.0280088
0.0344464
0.0409237
0.0474413
0.054002
0.0606101
0.0672707
0.0739891
0.0807709
0.0876213
0.0945449
0.101547
0.108632
0.115805
0.123072
0.130438
0.137909
0.145484
0.153171
0.160983
0.16892
0.176986
0.185186
0.193526
0.202014
0.21066
0.219478
0.228488
0.237742
0.246941
0.249754
0.252124
0.254679
0.257242
0.260026
0.263042
0.266292
0.269777
0.273498
0.248595
0.241675
0.233635
0.224539
0.214922
0.205066
0.195113
0.18514
0.175186
0.165263
0.155389
0.145631
0.135907
0.126295
0.116701
0.107124
0.0975639
0.0880175
0.0784801
0.0685134
0.0581304
0.0509838
0.0440092
0.0369594
0.01861
0.013992
0.00909591
0.00409228
-0.000866693
-0.00572711
-0.0105046
-0.0159096
-0.0217138
-0.0275753
-0.0334954
-0.0394761
-0.0455195
-0.0516282
-0.057805
-0.0640528
-0.070375
-0.0767753
-0.0832576
-0.0898204
-0.0964735
-0.103221
-0.110068
-0.117018
-0.124069
-0.131227
-0.138505
-0.145904
-0.153425
-0.161071
-0.168847
-0.176756
-0.184806
-0.193004
-0.201356
-0.209873
-0.218568
-0.227453
-0.236545
-0.245865
-0.255441
-0.265331
-0.275951
-0.279721
-0.282988
-0.286557
-0.291718
-0.268474
-0.260288
-0.252038
-0.243148
-0.233942
-0.224648
-0.21529
-0.205672
-0.196092
-0.186523
-0.176996
-0.167506
-0.158051
-0.148626
-0.139226
-0.129845
-0.120478
-0.111119
-0.10599
-0.0998821
-0.0933528
-0.0863707
-0.0671981
-0.0577239
-0.0505982
-0.0437312
-0.0370924
-0.0306584
-0.0244111
-0.018125
-0.0111059
-0.00408917
0.00292738
0.0099482
0.0169786
0.0240245
0.0310917
0.0381863
0.0453143
0.0524816
0.0596934
0.0669552
0.0742726
0.081651
0.089096
0.0966135
0.104209
0.111884
0.119645
0.127504
0.135465
0.143529
0.151702
0.159989
0.168399
0.176939
0.185623
0.194466
0.203491
0.212746
0.212467
0.214834
0.215674
0.21697
0.218438
0.220091
0.221939
0.223986
0.226241
0.201578
0.194608
0.186273
0.176779
0.166689
0.156298
0.145759
0.135153
0.124522
0.113895
0.103356
0.0927812
0.0822946
0.0717912
0.0649844
0.0583966
0.0517585
0.0450666
0.0383169
0.0298315
0.0208973
0.012508
0.00435153
-0.00389491
-0.019207
-0.0244755
-0.0300842
-0.0358809
-0.0417448
-0.0474789
-0.0535538
-0.0603278
-0.0672101
-0.0741997
-0.0812975
-0.0885055
-0.0958268
-0.103265
-0.110824
-0.11851
-0.126327
-0.134283
-0.142387
-0.150649
-0.159087
-0.167731
-0.176684
-0.179239
-0.18193
-0.184852
-0.187895
-0.191066
-0.194368
-0.197804
-0.201378
-0.205089
-0.208941
-0.212939
-0.21708
-0.216823
-0.223332
-0.227289
-0.230867
-0.234644
-0.238621
-0.242796
-0.247172
-0.222729
-0.207956
-0.199669
-0.197528
-0.193401
-0.187681
-0.181091
-0.174034
-0.166732
-0.159309
-0.151834
-0.144347
-0.136876
-0.129392
-0.121853
-0.114374
-0.106925
-0.0990949
-0.0912121
-0.0833293
-0.0754426
-0.068279
-0.0651843
-0.0612911
-0.0570596
-0.0513498
-0.0361519
-0.0296496
-0.0233573
-0.0173021
-0.0114575
-0.00580082
0.000906996
0.00764604
0.0143652
0.0210707
0.0277687
0.0344285
0.0410745
0.0477241
0.0543844
0.0610617
0.067762
0.0744905
0.081614
0.0889123
0.0963828
0.104055
0.111965
0.120172
0.128772
0.128629
0.140869
0.14668
0.152605
0.158652
0.164828
0.171136
0.177583
0.184174
0.190917
0.197819
0.204889
0.212139
0.219585
0.227242
0.235131
0.243282
0.251755
0.260996
0.262704
0.264927
0.267512
0.270962
0.248431
0.23964
0.229956
0.21967
0.209122
0.198423
0.187789
0.177187
0.166606
0.156051
0.145521
0.13502
0.124569
0.114145
0.103743
0.093359
0.0829869
0.0726208
0.062036
0.0521811
0.0433608
0.0348442
0.0262859
0.00602173
-8.16232e-05
-0.00654595
-0.0131408
-0.0195827
-0.0259419
-0.0322333
-0.0394123
-0.0468058
-0.0542704
-0.0618096
-0.0694267
-0.0771251
-0.0849085
