0
-0.18138
0.186741
0.0327036
-0.00765548
0.222265
0.287443
-0.179578
0.199276
-0.333905
0.065713
-0.136395
-0.0540731
-0.000837362
-0.000977288
0.00315789
0.00933695
0.0088192
0.0084369
0.00813943
0.00786167
0.00756996
0.00724904
0.00684145
0.00646766
0.00583944
0.00550314
0.0035273
0.00444224
0.00395868
0.00335314
0.00269423
0.00201798
0.00125972
0.000389913
-0.000607958
-0.00208313
-0.0137462
-0.0181076
-0.025748
-0.0214892
-0.0156373
-0.0139595
-0.0140515
-0.0146392
-0.0154925
-0.0164866
-0.0175526
-0.0186518
-0.0197626
-0.0208727
-0.0219749
-0.0230648
-0.0241397
-0.0252016
-0.0262383
-0.0274133
-0.0285228
-0.0294989
-0.0304213
-0.0312878
-0.032178
-0.033092
-0.0339789
-0.0348411
-0.035654
-0.0364962
-0.0372907
-0.038063
-0.038815
-0.0395467
-0.516755
0.086878
0.0265586
-0.00508114
-0.0181603
-0.00881707
-0.0347714
-0.0374922
-0.0389185
-0.0396354
-0.0399637
-0.0400789
-0.0400767
-0.0400092
-0.0342709
-0.037121
-0.0369821
-0.0372901
-0.0369404
-0.0363598
-0.0332655
-0.0331013
-0.0329407
-0.0327941
-0.0325946
-0.032379
-0.0321806
-0.0319867
-0.0317966
-0.0315411
-0.0183816
-0.0455442
-0.0296195
-0.0291398
-0.0286953
-0.0283175
-0.0279364
-0.0276099
-0.0273333
-0.0269388
-0.0263261
-0.0258293
-0.0254085
-0.0251998
-0.0249864
-0.024769
-0.0272852
-0.0298046
-0.0302299
0.186536
-0.00326014
0.0943777
0.0435219
0.0525716
0.0623203
0.0684231
0.0724296
0.075201
0.0772981
0.0789215
0.0803147
0.0815658
0.0826583
0.083609
0.0843425
0.0891407
0.0820777
-0.0560451
-0.0269391
-0.0718697
0.00229079
-0.0997487
0.0582125
0.0339527
0.0329912
0.0327217
0.0329784
0.0336831
0.0348376
0.0347488
0.0243652
0.0237766
0.0224559
0.0208592
0.0223701
0.0317634
0.00685642
0.0408981
0.0325706
0.0323994
0.0318058
0.0362431
0.016171
0.0140857
0.0121316
0.0155232
0.014882
0.0127992
0.0118692
0.0109382
0.0100217
0.00883955
0.00713427
0.00620084
0.00522859
0.00420646
0.00330965
0.00196706
0.000795878
-0.0432332
0.0432881
0.000577579
-0.00290061
-0.152561
-0.114511
-0.100807
-0.100932
-0.10207
-0.10297
-0.103751
-0.104734
-0.0987598
-0.105667
-0.11015
-0.113626
-0.116399
-0.118782
-0.120938
-0.122487
-0.124725
-0.127315
-0.128432
-0.130323
-0.132569
-0.13429
-0.135861
-0.137373
-0.138829
-0.140231
-0.141582
-0.147733
-0.154504
-0.149486
-0.147091
-0.162679
-0.128645
-0.14387
-0.143375
-0.143181
-0.143045
-0.142936
-0.14284
-0.142757
-0.142736
-0.144591
-0.129986
-0.141709
-0.1428
-0.145607
-0.141035
-0.141386
-0.141054
-0.140696
-0.140312
-0.1399
-0.139457
-0.138967
-0.138085
-0.139883
-0.137094
-0.136817
-0.136484
-0.135945
-0.135214
-0.134391
-0.133389
-0.0869431
-0.166644
-0.117102
-0.119825
-0.118776
-0.117868
-0.117061
-0.116324
-0.116001
-0.115169
-0.115267
-0.114671
-0.114065
-0.113431
-0.111461
-0.119876
-0.112652
-0.107499
-0.103509
-0.100161
-0.0971663
-0.0943621
-0.0916972
-0.0891278
-0.0865266
-0.0838727
-0.0812221
-0.0785655
-0.0758886
-0.0730886
-0.0029708
-0.086209
-0.0364029
-0.0341339
-0.0434739
0.00740435
0.171929
0.154384
0.106285
0.0866708
0.0900806
0.0944203
0.106847
0.119938
0.207231
0.0993036
0.10878
0.11411
0.113403
0.113418
0.113385
0.117173
0.117832
0.119336
0.119559
0.0611715
0.178031
0.122002
0.121492
0.121461
0.121802
0.12209
0.122331
0.122454
0.122549
0.122707
0.12278
0.122764
0.122683
0.122547
0.122367
0.122152
0.12191
0.121652
0.121389
0.121142
0.120924
0.120731
0.120551
0.120384
0.120235
0.118003
0.117902
0.114959
0.113552
0.125155
0.117404
0.112201
0.108424
0.10194
0.0984194
0.0961033
0.0939427
0.0918937
0.0898248
0.0877118
0.0856082
0.0835043
0.0813938
0.0792725
0.077137
0.0749843
0.0770913
0.0717262
0.0846452
0.065935
0.0431212
-0.000312407
0.0987854
0.06369
-0.0590606
-0.0467336
-0.0301476
-0.032456
-0.0336933
-0.144167
-0.0277006
-0.0518453
-0.0505185
-0.0515055
-0.0504329
-0.0483086
-0.0501087
-0.0407253
-0.154219
-0.132805
-0.11262
-0.114663
-0.120459
-0.134841
-0.127151
-0.117013
-0.118397
-0.118588
-0.118778
-0.11904
-0.119219
-0.119306
-0.119323
-0.113499
-0.117331
-0.113327
-0.117089
-0.112924
-0.116783
-0.118589
-0.112151
-0.116401
-0.119227
-0.115576
-0.118007
-0.111395
-0.116009
-0.111207
-0.103267
-0.110143
-0.104656
-0.10015
-0.0967976
-0.0940665
-0.0916785
-0.0894781
-0.0874187
-0.0854579
-0.0834674
-0.0814266
-0.079393
-0.0773586
-0.0753181
-0.0732679
-0.0712056
-0.0691294
-0.0670385
-0.0649314
-0.0702688
-0.00940477
-0.0802518
-0.044267
0.0710989
0.022979
0.0219667
0.0259438
0.0294722
0.111524
0.132549
0.11634
0.103753
0.104387
0.104705
0.10157
0.0622767
0.0854164
0.104133
0.104414
0.110862
0.104298
0.104985
0.105334
0.105567
0.105753
0.105892
0.105979
0.105999
0.105835
0.1053
0.199842
0.108807
0.107237
0.0969504
0.108753
0.107238
0.106324
0.105697
0.105005
0.104111
0.103803
0.0352317
0.0670067
0.0822181
0.0822662
0.0822578
0.0822219
0.0827871
0.0845046
0.101384
0.0818636
0.0877022
0.082597
0.0788041
0.0755289
0.0726108
0.0698547
0.0672351
0.0646921
0.0607569
0.0580281
0.0557685
0.0535921
0.0515643
0.0499274
-0.0252767
-0.241122
-0.106773
-0.111109
-0.12534
-0.108952
-0.106029
-0.122476
-0.158546
-0.116025
-0.111281
-0.118059
-0.118221
-0.118371
-0.118522
-0.119059
-0.119896
-0.120269
-0.120594
-0.120869
-0.121097
-0.121272
-0.121397
-0.116979
-0.113298
-0.0996391
-0.100015
-0.100154
-0.100262
-0.100335
-0.100374
-0.100378
-0.100347
-0.100214
-0.100055
-0.0999486
-0.0997595
-0.0994818
-0.0991396
-0.0987444
-0.0983052
-0.0978315
-0.0973328
-0.0968196
-0.0963049
-0.0958158
-0.0953727
-0.0949712
-0.0946093
-0.0942874
-0.0940079
-0.0937772
-0.093587
-0.0934393
-0.0921393
-0.100601
-0.0957046
-0.0422614
0.10135
0.0612828
0.0641271
0.0671278
0.0701706
0.0725841
0.0747064
0.076667
0.0784701
0.080151
0.0817283
0.0832121
0.0846087
0.0859205
0.0871028
0.0856767
0.0728703
0.0876184
0.082386
0.0799526
0.0802149
0.172372
0.0848276
0.0858596
0.0860206
0.0835103
0.0827273
0.0819411
0.08445
0.0844463
0.0846018
0.00858569
0.0264136
0.0218537
0.0204624
0.0168085
0.015772
0.0155487
0.0151542
0.0146568
0.0140972
0.0134975
0.0128697
0.0122204
0.0115528
0.0107863
0.0100139
0.00933293
0.00858641
0.00776836
0.00690198
0.0059978
0.00506397
0.00410856
0.00313967
0.00216646
0.00119956
0.000254705
-0.000659116
-0.00154633
-0.0024102
-0.00325337
-0.00407823
-0.00488702
-0.203647
-0.139523
-0.103382
-0.0712026
-0.0845107
-0.0963634
-0.104178
-0.109321
-0.111738
-0.114411
-0.116942
-0.11909
-0.1211
-0.121568
-0.113101
-0.111836
-0.113745
-0.117661
-0.119383
-0.120072
-0.121788
-0.123326
-0.120042
-0.119754
-0.117903
-0.133211
-0.172439
-0.125526
-0.125578
-0.125212
-0.124855
-0.124419
-0.123973
-0.123538
-0.125818
-0.126026
-0.126097
-0.126085
-0.126011
-0.125889
-0.125724
-0.12552
-0.12528
-0.125
-0.124677
-0.124313
-0.123908
-0.123463
-0.122978
-0.122455
-0.121893
-0.121227
-0.120532
-0.119887
-0.119158
-0.11834
-0.11746
-0.116532
-0.11557
-0.114594
-0.113631
-0.112731
-0.112132
-0.109336
-0.0618081
-0.055151
-0.0539609
-0.0514754
-0.0506707
-0.0499025
-0.0490804
-0.0482093
-0.0461376
0.161973
0.039028
0.0493728
0.0599766
0.0665518
0.0710114
0.0743488
0.0770362
0.0793284
0.0814526
0.0834634
0.0852532
0.0864766
0.087638
0.0894266
0.0910513
0.0925449
0.0939335
0.0952322
0.0760944
0.0892243
0.0664749
0.0652756
0.0662403
0.171547
0.0729834
0.0734738
0.0733308
0.0727452
0.0722313
0.0717502
0.073719
0.0749095
0.0748829
0.0748225
0.0747263
0.0745949
0.0744285
0.0742273
0.0739916
0.0737234
0.0734248
0.0730958
0.0726962
0.0723117
0.0718969
0.0714462
0.0709612
0.0703624
0.0697403
0.0691906
0.0685587
0.0678387
0.0670544
0.066217
0.0653357
0.0644197
0.063479
0.0625255
0.0615734
0.0606457
0.0597615
0.058931
0.0581795
0.0575682
0.0572933
0.0599016
0.00833944
0.00161669
0.00155326
0.00506938
-0.201259
-0.0982387
-0.101588
-0.109414
-0.114905
-0.118913
-0.122276
-0.126927
-0.129398
-0.131858
-0.134055
-0.136181
-0.138233
-0.14021
-0.142113
-0.143943
-0.145701
-0.147389
-0.143073
-0.14403
-0.142763
-0.140679
-0.219332
-0.149714
-0.133901
-0.133516
-0.133199
-0.132905
-0.132602
-0.132943
-0.135468
-0.135664
-0.135795
-0.135873
-0.135906
-0.135898
-0.135851
-0.135768
-0.135648
-0.13549
-0.13529
-0.13505
-0.134771
-0.134453
-0.134097
-0.133703
-0.133272
-0.132736
-0.132173
-0.131663
-0.13107
-0.130389
-0.129646
-0.128853
-0.128025
-0.127177
-0.126329
-0.125515
-0.124794
-0.12434
-0.0520771
-0.0726208
-0.0574673
-0.0587984
-0.0578872
-0.057082
-0.0563399
-0.0556167
-0.0537503
0.141773
0.0196178
0.0313834
0.0423674
0.0490878
0.0535475
0.0567933
0.0593313
0.0614377
0.0633425
0.0650361
0.0662747
0.0671644
0.0687577
0.0432633
0.0428925
0.0443666
0.045782
0.0471406
0.0368947
0.0477416
0.0458566
0.0438861
0.0449264
0.118478
0.0475993
0.0480052
0.0479065
0.047427
0.0464944
0.0472786
0.0493437
0.0492679
0.0491409
0.0489657
0.0487466
0.0484865
0.0481877
0.0478523
0.0474833
0.047086
0.0466679
0.0462387
0.0458157
0.0454359
0.0451986
0.0456093
-0.00184406
-0.00272302
-0.00303649
-0.00415203
-0.005226
-0.00631124
-0.00741284
-0.00852878
-0.00968234
-0.0108456
-0.0120229
-0.0132396
-0.0487722
0.00111262
-0.0212632
-0.026623
-0.027459
-0.0283569
-0.0292965
-0.0302525
-0.236159
-0.173038
-0.127979
-0.0943903
-0.108515
-0.121459
-0.12993
-0.135768
-0.14005
-0.143403
-0.14615
-0.148496
-0.150591
-0.152873
-0.155132
-0.157071
-0.158575
-0.162537
-0.164978
-0.165724
-0.167113
-0.163142
-0.160417
-0.160489
-0.156929
-0.161789
-0.221547
-0.158651
-0.158151
-0.157547
-0.157008
-0.156499
-0.160431
-0.160688
-0.16064
-0.160553
-0.160424
-0.160403
-0.16016
-0.159828
-0.15947
-0.159085
-0.158667
-0.158214
-0.160379
-0.160801
-0.160779
-0.160877
-0.16114
-0.16167
-0.162765
-0.0993379
-0.189324
-0.140015
-0.139286
-0.138552
-0.137792
-0.137005
-0.13619
-0.135353
-0.1345
-0.133641
-0.132792
-0.131979
-0.131228
-0.130549
-0.129965
-0.129539
-0.129483
-0.132519
-0.0749922
-0.0778501
-0.0769522
-0.0809771
0.109176
0.0164833
0.0257169
0.0330508
0.0380563
0.0417502
0.0438932
0.046112
0.0484501
0.0507009
0.0527989
0.0545066
0.0560646
0.0576726
0.0591825
0.0606018
0.0619361
0.0631891
0.0404087
0.0448657
0.0385448
0.0367235
0.0374946
0.148022
0.0455111
0.0463979
0.0462123
0.0448439
0.0442367
0.0436403
0.0462344
0.0465322
0.0463146
0.0460669
0.0457825
0.0454587
0.0450939
