5.85453e-06
2.48171e-05
5.93987e-05
0.000112624
0.000186362
0.000280108
0.000391801
0.00051917
0.000660787
0.000814233
0.000977338
0.0011491
0.00132801
0.0015126
0.00170186
0.0018946
0.00208864
0.00228186
0.00247296
0.00266042
0.00284251
0.00301731
0.00318271
0.00333641
0.00347596
0.00359871
0.00370188
0.00378093
0.00383054
0.0038477
0.00383076
0.00377713
0.00368344
0.00354752
0.00336815
0.00314344
0.00287113
0.00254927
0.00217659
0.00175242
0.00127603
0.000746724
0.000163844
-0.000559144
-0.00154683
-0.00288464
-0.00461456
-0.00672095
-0.00918304
-0.0119603
-0.0149566
-0.0180362
-0.0211102
-0.0241598
-0.0271851
-0.0301865
-0.0331647
-0.0361208
-0.0390553
-0.0419689
-0.0448627
-0.0477382
-0.0505967
-0.0534398
-0.0562688
-0.0590848
-0.0618888
-0.0646822
-0.0674675
-0.0702464
-0.0730207
-0.0757919
-0.0785615
-0.081331
-0.0841017
-0.0868749
-0.089652
-0.0924338
-0.0952209
-0.0980146
-0.100816
-0.103628
-0.10645
-0.109282
-0.112126
-0.114983
-0.117853
-0.120737
-0.123636
-0.12655
-0.12948
-0.132427
-0.135393
-0.138378
-0.141384
-0.144411
-0.14746
-0.150533
-0.153631
-0.156757
-0.159993
-0.163484
-0.167346
-0.171711
-0.176698
-0.182453
-0.188043
-0.196536
-0.200823
-0.203219
-0.204921
-0.206945
-0.210008
-0.214676
-0.221366
-0.230374
-0.241929
-0.256165
-0.273182
-0.293012
-0.315669
-0.34112
-0.369319
-0.400194
-0.433661
-0.469622
-0.507965
-0.548579
-0.59133
-0.636072
-0.682627
-0.730744
-0.780146
-0.830515
-0.881522
-0.932816
-0.984044
-1.03485
-1.08489
-1.13383
-1.18136
-1.2272
-1.27108
-1.31277
-1.35204
-1.3887
-1.42256
-1.4535
-1.48144
-1.50636
-1.52833
-1.54746
-1.56389
-1.57782
-1.58945
-1.59908
-1.60703
-1.61373
-1.61963
-1.62527
-1.63117
-1.63787
-1.64587
-1.6556
-1.66743
-1.68163
-1.69841
-1.71792
-1.74024
-1.76541
-1.79342
-1.82424
-1.85781
-1.89404
-1.93284
-1.97408
-2.01765
-2.06341
-2.11124
-2.161
-2.21255
-2.26581
-2.32063
-2.37694
-2.43466
-2.49372
-2.55412
-2.61586
-2.67905
-2.7442
-2.81186
-2.88304
-2.9587
-3.03959
-3.12647
-3.21909
-3.31732
-3.4214
-3.53161
-3.64688
-3.76637
-3.8922
-4.02624
-4.15661
-4.28302
-4.40546
-4.52578
-4.64074
-4.7643
-4.90186
-5.03275
-5.17094
-5.32567
-5.47473
-5.63104
