0.000768672
0.00172859
0.00284296
0.00421663
0.00567573
0.0071541
0.00862346
0.0100709
0.0114707
0.0127014
0.0138471
0.0148737
0.0156174
0.0162158
0.0166371
0.0168527
0.0165788
0.0161386
0.0155238
0.0147316
0.013764
0.012627
0.0113298
0.00988467
0.00830635
0.0066115
0.0048126
0.00281336
0.000712963
-0.00140337
-0.00352494
-0.00564507
-0.00774056
-0.00979825
-0.0118058
-0.0137765
-0.0156966
-0.0175046
-0.0192614
-0.0209637
-0.0226103
-0.0242035
-0.0257454
-0.0260128
-0.0282554
-0.027741
-0.0310982
-0.0284148
-0.0316412
-0.0335164
-0.0349002
-0.0364772
-0.0379887
-0.0393597
-0.0406643
-0.0419392
-0.0432011
-0.0444628
-0.0457269
-0.0469919
-0.0482524
-0.0495063
-0.0507514
-0.0519866
-0.0532105
-0.0544286
-0.0556396
-0.0568341
-0.0580148
-0.0591836
-0.0603417
-0.0614898
-0.0626289
-0.0637599
-0.0648834
-0.0660003
-0.0671115
-0.0682208
-0.0693281
-0.0704286
-0.0715274
-0.072627
-0.0737312
-0.0748427
-0.0759641
-0.0770963
-0.0782296
-0.0793524
-0.0804525
-0.0815185
-0.0825392
-0.0835208
-0.0844768
-0.0854313
-0.0863954
-0.0873768
-0.0883804
-0.0894104
-0.0904857
-0.0916055
-0.0927676
-0.09866
-0.0999897
-0.11201
-0.112091
-0.132343
-0.116605
-0.181648
-0.0747013
-0.159602
-0.0714828
-0.168919
-0.0925157
-0.195576
-0.126581
-0.231138
-0.16708
-0.270518
-0.209771
-0.310415
-0.252347
-0.349067
-0.292954
-0.385666
-0.33106
-0.420049
-0.366546
-0.452172
-0.399108
-0.482309
-0.43551
-0.496593
-0.463879
-0.503548
-0.486631
-0.506548
-0.508546
-0.510295
-0.53376
-0.518879
-0.568215
-0.538303
-0.613393
-0.570775
-0.670468
-0.617319
-0.739415
-0.676578
-0.819109
-0.745307
-0.9016
-0.823181
-0.974456
-0.89397
-1.03619
-0.95454
-1.08484
-0.998573
-1.11935
-1.02452
-1.13613
-1.03294
-1.13538
-1.02663
-1.12166
-1.00866
-1.09992
-0.984373
-1.07459
-0.957509
-1.0486
-0.930478
-1.02319
-0.906331
-0.999079
-0.886002
-0.975815
-0.867795
-0.954339
-0.851433
-0.925318
-0.851249
-0.900712
-0.855523
-0.878074
-0.858839
-0.85799
-0.85946
-0.842458
-0.861667
-0.83495
-0.873345
-0.844887
-0.903143
-0.875278
-0.947971
-0.916495
-1.00322
-0.969136
-1.06566
-1.0221
-1.13589
-1.10888
-1.0967
-1.06933
-1.05404
-1.05147
-0.999829
-1.14626
-1.15504
-1.07245
-1.23407
-1.25369
-1.16105
-1.33616
