-4.21887e-06
-1.81869e-05
-4.43761e-05
-8.58063e-05
-0.000145037
-0.000223056
-0.000319834
-0.00043491
-0.000567775
-0.000716767
-0.000880042
-0.00105635
-0.00124333
-0.00143852
-0.00164007
-0.00184579
-0.00205171
-0.00225403
-0.00245073
-0.00263963
-0.00281852
-0.00298515
-0.00313733
-0.00327294
-0.00338998
-0.00348661
-0.00356116
-0.00361128
-0.00363463
-0.0036304
-0.0035986
-0.00353931
-0.00345279
-0.00333978
-0.00320134
-0.0030386
-0.00285275
-0.00264555
-0.00241892
-0.00217454
-0.00191422
-0.00163981
-0.00135319
-0.00107518
-0.000823465
-0.000623905
-0.00048623
-0.000428735
-0.0004568
-0.000542968
-0.000676705
-0.000820456
-0.00094464
-0.00104347
-0.0011178
-0.00116796
-0.00119417
-0.00119673
-0.00117575
-0.00113131
-0.00106384
-0.000974058
-0.000862674
-0.000730448
-0.00057819
-0.000406533
-0.000215962
-7.4419e-06
0.000217777
0.000458628
0.000714167
0.000983536
0.00126595
0.00156068
0.00186708
0.00218454
0.00251254
0.00285075
0.003199
0.00355688
0.00392393
0.00429999
0.00468513
0.00507961
0.00548373
0.00589781
0.00632219
0.00675726
0.00720331
0.00766062
0.00812941
0.00860992
0.00910266
0.00960839
0.0101281
0.010663
0.0112146
0.0117845
0.0123748
0.0129882
0.0136619
0.0144862
0.0155159
0.0168444
0.0185217
0.0206602
0.0227472
0.0264278
0.0279779
0.0285258
0.0287787
0.0291982
0.0302207
0.0320524
0.0349724
0.0390349
0.0444241
0.0510935
0.0591679
0.0685372
0.0792974
0.091293
0.104594
0.119038
0.134675
0.151347
0.169085
0.187746
0.207337
0.227756
0.249232
0.270913
0.293329
0.315652
0.338471
0.361015
0.383987
0.406657
0.429808
0.452765
0.476462
0.500279
0.525157
0.550571
0.577427
0.605292
0.634995
0.666148
0.699522
0.734688
0.772163
0.811767
0.853313
0.89673
0.941695
0.988196
1.0358
1.08436
1.13351
1.18292
1.23225
1.28118
1.32935
1.37657
1.42255
1.46715
1.51021
1.55165
1.59142
1.62947
1.66581
1.70042
1.73336
1.7647
1.79448
1.82286
1.84979
1.87552
1.90001
1.9235
1.94558
1.96741
1.98815
2.00899
2.029
2.04929
2.06904
2.0891
2.10887
2.12905
2.14927
2.17022
2.1918
2.21469
2.23888
2.2648
2.29226
2.32181
2.35336
2.38708
2.42248
2.46048
2.50187
2.54177
2.58013
2.6169
2.65289
2.6868
2.72418
2.76719
2.80746
2.85076
2.9009
2.94848
2.99935
