0.00117091
0.00262161
0.0042947
0.00635039
0.00839719
0.010352
0.0119867
0.0134871
0.0148363
0.0158529
0.0167682
0.0175837
0.0181985
0.0187199
0.0191314
0.0194165
0.0193927
0.0192512
0.0189685
0.0185232
0.0178951
0.017065
0.0160147
0.0147263
0.0131828
0.0113674
0.00926673
0.00654348
0.0033776
5.46043e-05
-0.00344187
-0.00728529
-0.0114518
-0.0157331
-0.0201408
-0.0248005
-0.0296614
-0.0347104
-0.0398252
-0.0450105
-0.0502674
-0.0555932
-0.0609828
-0.0836148
-0.113923
-0.153638
-0.192346
-0.228932
-0.263486
-0.291964
-0.30729
-0.308633
-0.306176
-0.303736
-0.301327
-0.298955
-0.296687
-0.294517
-0.292393
-0.290329
-0.288426
-0.286666
-0.285046
-0.283567
-0.282235
-0.280975
-0.279809
-0.278886
-0.278163
-0.277618
-0.277236
-0.277006
-0.276921
-0.276976
-0.277165
-0.277483
-0.277927
-0.278427
-0.278997
-0.279742
-0.280629
-0.281641
-0.282701
-0.283817
-0.284995
-0.286318
-0.287692
-0.289127
-0.290628
-0.292201
-0.293852
-0.295587
-0.297517
-0.299519
-0.301605
-0.303789
-0.306081
-0.308493
-0.311176
-0.314053
-0.333105
-0.365032
-0.407516
-0.465356
-0.532024
-0.619081
-0.498917
-1.19973
0.342489
-0.821734
0.481415
-0.886238
0.273494
-1.20693
-0.131096
-1.67053
-0.640537
-2.20664
-1.19679
-2.76925
-1.76211
-3.32802
-2.31179
-3.86327
-2.82999
-4.36226
-3.30643
-4.81635
-3.73378
-5.21466
-4.0964
-5.52693
-4.3535
-5.72033
-4.481
-5.77781
-4.4677
-5.69373
-4.31438
-5.47357
-4.033
-5.13433
-3.64221
-4.69454
-3.15987
-4.17146
-2.60213
-3.58478
-2.00272
-2.98139
-1.41281
-2.41286
-0.874523
-1.91011
-0.416601
-1.50878
-0.0827309
-1.2566
0.0764486
-1.20378
0.0236679
-1.36426
-0.236201
-1.70895
-0.657208
-2.18207
-1.17546
-2.72547
-1.73897
-3.29449
-2.30846
-3.85539
-2.85788
-4.3888
-3.36991
-4.87933
-3.83383
-5.31921
-4.24543
-5.70662
-4.60508
-6.04547
-4.91959
-6.34267
-5.20012
-6.61148
-5.46879
-6.87981
-5.75777
-7.27344
-6.25789
-7.97848
-7.15238
-9.02707
-8.34789
-10.1757
-9.47047
-11.3457
-10.6961
-12.3578
-11.5407
-13.6251
-13.1827
-12.8921
-12.3901
-12.0974
-11.9673
-11.0242
-13.6882
-13.8227
-12.3569
-15.2798
-15.6663
-14.1465
-17.1149
