0.0113521
0.0113372
0.0113246
0.0113218
0.00932701
0.00744701
0.00592315
0.00473235
0.00383765
0.00318611
0.00276191
0.00239261
0.00187166
0.0012454
0.000537632
-0.000239688
-0.00107741
-0.00196832
-0.00292688
-0.00394695
-0.00503158
-0.00618105
-0.00739594
-0.00867695
-0.0100249
-0.0114408
-0.0128567
-0.0140832
-0.0152293
-0.0163008
-0.0172974
-0.0182233
-0.0190778
-0.0198605
-0.0205712
-0.0212098
-0.0217765
-0.0222609
-0.0226728
-0.023012
-0.0232786
-0.0234739
-0.0235987
-0.0236509
-0.0236372
-0.0235488
-0.0233802
-0.0231
-0.0226996
-0.022183
-0.0215439
-0.0207808
-0.0198343
-0.01877
-0.0176228
-0.0164755
-0.0154908
-0.0145852
-0.0137589
-0.0130118
-0.0123436
-0.0117539
-0.0112425
-0.0108088
-0.0104527
-0.0101726
-0.00995144
-0.00973113
-0.00951256
-0.00929618
-0.00908217
-0.00887061
-0.00866154
-0.008455
-0.00825106
-0.00804977
-0.00785122
-0.00765553
-0.00746239
-0.0072718
-0.00708459
-0.00690127
-0.00663759
-0.00635484
-0.00607932
-0.00583278
-0.00560605
-0.00540177
-0.00522133
-0.00506558
-0.00493514
-0.00484981
-0.00481132
-0.00481985
-0.00487867
-0.004989
-0.00515261
-0.00537365
-0.00550292
-0.00554953
-0.00551283
-0.00540793
-0.00516091
-0.00481011
-0.00435736
-0.00392631
-0.00348348
-0.0029669
-0.00268749
-0.00240759
-0.00212826
-0.00112103
-0.000608496
0.000241538
0.00055001
0.000810635
0.00061287
0.000712036
0.000593797
0.000715539
0.000953521
0.00134845
0.00186232
0.002601
0.00346828
0.0045856
0.0058417
0.0073481
0.0090071
0.0108922
0.0139102
0.0171005
0.0204746
0.0238456
0.0272225
0.0309133
0.0342824
0.0376577
0.0410129
0.0438797
0.0465912
0.0492676
0.0518328
0.054358
0.0568266
0.0592618
0.0616886
0.0623122
0.0629346
0.0626073
0.0620671
0.0615695
0.0611197
0.0606689
0.0585033
0.0563224
0.0530588
0.0493433
0.0446497
0.0406826
0.0373055
0.0345426
0.0321169
0.0302136
0.0287959
0.0281129
0.0275087
0.027442
0.0275653
0.0283361
0.0291895
0.0300601
0.0311127
0.0326957
0.0347085
0.0366839
0.0386629
0.0406491
0.0426355
0.044467
0.0462974
0.0478198
0.0490085
0.0497928
0.0498777
0.0491604
0.0461544
0.0424752
0.0380059
0.0336495
0.0294373
0.0254171
0.0209335
0.0170375
0.0124543
0.00816538
0.00314787
-0.00132751
-0.0064219
-0.010938
-0.0158088
-0.0196484
-0.0225243
-0.0253816
-0.0282205
-0.0313168
-0.0347528
-0.0381753
-0.0416735
-0.0450117
-0.0482155
-0.0512771
-0.0547001
-0.058472
-0.0623418
