-0.0355023
-0.0288706
-0.0184699
-0.0115167
-0.0115241
-0.012433
-0.0136761
-0.0146239
-0.0150731
-0.0150425
-0.0144362
-0.0136916
-0.0133667
-0.0132516
-0.0132411
-0.0132823
-0.0132876
-0.0132928
-0.0132981
-0.0132848
-0.0132724
-0.0132612
-0.0132513
-0.0132427
-0.0132355
-0.0132297
-0.0132275
-0.013234
-0.0132299
-0.0132284
-0.0132264
-0.0132232
-0.013219
-0.013214
-0.0132081
-0.0132013
-0.0131937
-0.0131679
-0.0131402
-0.0131109
-0.0130801
-0.013058
-0.0130528
-0.013051
-0.0130516
-0.0130528
-0.0130557
-0.0130596
-0.0130681
-0.0130773
-0.0128081
-0.0128174
-0.012823
-0.0128311
-0.0128405
-0.0128541
-0.0128462
-0.0128388
-0.012832
-0.0128259
-0.0128201
-0.0128145
-0.012809
-0.0128037
-0.0127984
-0.0127971
-0.012797
-0.012797
-0.0127969
-0.0127969
-0.0127968
-0.0127968
-0.0127968
-0.0127968
-0.0127968
-0.0127968
-0.0127969
-0.012797
-0.0127971
-0.0127973
-0.0127974
-0.0127977
-0.0127979
-0.0127982
-0.0127984
-0.0128049
-0.0128096
-0.0128135
-0.0128176
-0.0128224
-0.0128283
-0.0128257
-0.0128251
-0.0128245
-0.0128239
-0.0128233
-0.0128226
-0.0128218
-0.0128197
-0.0128175
-0.0137363
-0.0137314
-0.0137181
-0.0136973
-0.0136634
-0.0136192
-0.0135534
-0.0135111
-0.0133357
-0.0147972
-0.0145261
-0.0143555
-0.014199
-0.0142838
-0.0141185
-0.0141412
-0.0139046
-0.0138345
-0.0135003
-0.0133275
-0.012833
-0.0124993
-0.0118649
-0.0113916
-0.0106098
-0.0099935
-0.00906062
-0.00829973
-0.0072163
-0.00631368
-0.00516174
-0.00801921
-0.00959934
-0.0147165
-0.0190242
-0.023482
-0.0285658
-0.0390273
-0.0342659
-0.0326496
-0.0310847
-0.029501
-0.0280055
-0.0265356
-0.0251412
-0.0236135
-0.021934
-0.0199473
-0.0182472
-0.0168795
0.0747092
0.082892
0.0972167
0.111818
0.129354
0.145951
0.160492
0.167719
0.166704
0.165369
0.164127
0.162671
0.161499
0.159814
0.159466
0.159352
0.158611
0.158143
0.157751
0.157553
0.156579
0.151797
0.149529
0.148786
0.148774
0.150164
0.151962
0.160363
0.170219
0.180304
0.190123
0.200753
0.211864
0.223214
0.239349
0.255933
0.255704
0.255627
0.255765
0.255135
0.254465
0.253757
0.254098
0.253525
0.25386
0.253815
0.253924
0.253771
0.25376
0.253454
0.292322
0.288451
0.284833
0.280488
0.27925
0.278793
0.27827
0.277234
0.276805
0.276171
0.275296
0.274209
0.272838
0.271698
0.270344
