0.00113586
0.0011352
0.00113442
0.00113435
0.00093463
0.000745945
0.00059255
0.000472255
0.000381329
0.000314505
0.000270273
0.000231306
0.000176914
0.000111731
3.80757e-05
-4.28804e-05
-0.000130213
-0.000223157
-0.000323238
-0.000429868
-0.000543355
-0.00066373
-0.000791052
-0.000925396
-0.00106685
-0.00121551
-0.00136458
-0.00149507
-0.00161774
-0.00173322
-0.00184164
-0.00194342
-0.00203838
-0.00212652
-0.00220788
-0.00228248
-0.00235026
-0.00241019
-0.00246326
-0.00250952
-0.00254896
-0.00258171
-0.00260785
-0.00262519
-0.0026276
-0.00261642
-0.00259257
-0.0025576
-0.00251233
-0.00245771
-0.00239575
-0.00233006
-0.0022547
-0.00217116
-0.00207998
-0.00198897
-0.00191437
-0.00184781
-0.0017893
-0.00173884
-0.00169638
-0.00166185
-0.00163521
-0.00161642
-0.00160544
-0.00160214
-0.00160484
-0.00160771
-0.00161076
-0.00161403
-0.00161756
-0.00162136
-0.00162544
-0.0016298
-0.00163445
-0.00163939
-0.00164465
-0.00165023
-0.00165614
-0.00166237
-0.00166896
-0.00167596
-0.00167496
-0.00167213
-0.00167009
-0.00167103
-0.001674
-0.00167929
-0.00168707
-0.00169742
-0.00171041
-0.00172802
-0.00175042
-0.0017776
-0.00180997
-0.00184768
-0.00189095
-0.00194025
-0.00198067
-0.0020131
-0.00203572
-0.00204312
-0.00202787
-0.00199465
-0.00194247
-0.00188475
-0.00183963
-0.00178608
-0.00166173
-0.00215814
-0.00195847
-0.00219829
-0.00183983
-0.00199475
-0.00158006
-0.00173684
-0.00133179
-0.00147483
-0.00104283
-0.00117139
-0.000698868
-0.00079955
-0.000303652
-0.000377051
0.000144213
9.66059e-05
0.000643152
0.000619066
0.00118985
0.00118532
0.00187147
0.00197208
0.00266112
0.00274153
0.00338843
0.00345528
0.00405414
0.0040406
0.00458985
0.00447741
0.00491659
0.00474174
0.00512636
0.0048992
0.00524009
0.00497251
0.00528052
0.0048059
0.00491289
0.00433086
0.00431742
0.00372349
0.00373126
0.00315989
0.00301826
0.00230215
0.00208636
0.00126044
0.00095402
0.000163611
5.69243e-05
-0.000543387
-0.000485216
-0.000935015
-0.000720095
-0.00100012
-0.000668971
-0.000860754
-0.000440812
-0.000539093
-4.42147e-05
-0.000135721
0.000370769
0.00033921
0.000927401
0.000917751
0.00148382
0.00145444
0.00200029
0.00193332
0.00244219
0.00232266
0.00274733
0.00253494
0.00283212
0.00245503
0.00243113
0.00175223
0.00157909
0.000849311
0.000759301
0.000142873
0.000148563
-0.000332039
-0.000231912
-0.000676526
-0.00063186
-0.00111109
-0.00105349
-0.00153447
-0.00156917
-0.00203895
-0.00166122
-0.00208759
-0.00275691
-0.00350904
-0.00420702
-0.00490009
-0.00554336
-0.00490735
-0.00518409
-0.00596616
-0.00525523
-0.00545413
-0.00631138
