1.66852e-05
6.55983e-05
0.000144521
0.000251366
0.000384171
0.000541089
0.000720389
0.000920446
0.00113974
0.00137684
0.00163041
0.00189921
0.00218208
0.00247794
0.00278578
0.00310467
0.00343373
0.00377219
0.00411929
0.00447437
0.0048368
0.00520602
0.00558152
0.00596283
0.00634954
0.00674128
0.00713772
0.00753857
0.0079436
0.00835221
0.00876426
0.00918002
0.00959937
0.0100222
0.0104482
0.0108774
0.0113094
0.0117442
0.0121815
0.012621
0.0130626
0.0135059
0.0139506
0.0143966
0.0148435
0.015291
0.0157389
0.0161869
0.0166344
0.0170814
0.0175142
0.0179203
0.0183013
0.0186588
0.0189943
0.019309
0.0196045
0.0198818
0.0201424
0.0203872
0.0206175
0.0208343
0.0210387
0.0212315
0.0214138
0.0215864
0.0217502
0.0219061
0.0220548
0.0221971
0.0223337
0.0224654
0.0225928
0.0227166
0.0228374
0.0229559
0.0230726
0.0231881
0.0233031
0.0234176
0.0235323
0.023648
0.0237653
0.0238846
0.0240063
0.0241307
0.024258
0.0243885
0.0245224
0.0246598
0.0248008
0.0249454
0.0250968
0.0252631
0.0254537
0.0256772
0.0259411
0.0262523
0.0266165
0.0270341
0.0274797
0.0279298
0.0283834
0.0288398
0.0292981
0.0297577
0.030218
0.0306784
0.0311383
0.0315974
0.032055
0.0325109
0.0329647
0.0334161
0.0338649
0.0343107
0.0347534
0.0351928
0.0356287
0.0360612
0.0364901
0.0369153
0.0373368
0.0377546
0.0381689
0.0385795
0.0389866
0.0393902
0.0397906
0.0401853
0.0405747
0.0409633
0.041354
0.0417497
0.0421531
0.0425672
0.0429944
0.0434376
0.0439002
0.0443872
0.0449048
0.0454592
0.046056
0.0467009
0.0473993
0.0481563
0.048977
0.0498661
0.050828
0.0518668
0.0529464
0.0540306
0.0551229
0.0562271
0.0573465
0.0584842
0.0596432
0.0608264
0.0620362
0.0632751
0.0645453
0.0658488
0.0671873
0.0685626
0.0699762
0.0714293
0.0729231
0.0744586
0.0760368
0.0776585
0.0793244
0.0810352
0.0827914
0.0845937
0.0864425
0.0883384
0.0902819
0.0922735
0.0943138
0.0964241
0.0985457
0.100601
0.102594
0.104528
0.106408
0.108236
0.110017
0.111753
0.113449
0.115107
0.11673
0.118322
0.119886
0.121424
0.122939
0.124434
0.125912
0.127375
0.128827
0.130269
0.131654
0.13294
0.134137
0.135256
0.136307
0.137298
0.13824
0.139142
0.140014
0.140865
0.141702
0.142533
0.143362
0.144196
0.145035
