0
-0.00417124
-0.00515529
-0.00225897
-0.199571
-0.187817
-0.15239
-0.119116
-0.0894963
-0.0651582
-0.0424089
-0.0369133
-0.0520815
-0.0626119
-0.0707624
-0.0777148
-0.0837347
-0.0890532
-0.0958204
-0.10198
-0.108431
-0.11491
-0.121446
-0.128053
-0.134742
-0.141524
-0.141265
-0.122678
-0.114658
-0.107177
-0.0996879
-0.0926185
-0.0854719
-0.07829
-0.0710838
-0.0638772
-0.0566831
-0.0484538
-0.0411984
-0.0339324
-0.0266627
-0.019522
-0.0124623
-0.00519404
0.00140295
0.00886978
0.0168973
0.0280558
0.0400682
0.051694
0.0639388
0.0763422
0.094713
0.1065
0.114807
0.115025
0.0985133
0.0906059
0.0826738
0.0747654
0.066883
0.0590244
0.0512043
0.0434209
0.0356707
0.0280657
0.0221672
0.0220737
0.0218898
0.0216597
0.0214104
0.0211527
0.0208894
0.020621
0.0203465
0.0200644
0.0197728
0.0194697
0.0191962
0.018921
0.0185632
0.0181546
0.0262211
0.0281421
0.0274243
0.0244577
0.0225208
0.0203004
0.017931
0.0154732
0.0129492
0.0084157
0.00373297
-0.000965278
-0.00599181
-0.0111407
-0.016465
-0.0222035
-0.0130603
-0.00478893
0.00354995
0.0103277
0.0245793
0.0349937
0.0452214
0.0429839
0.0441458
0.0516456
0.0275695
0.028254
0.0285788
0.101345
0.051462
0.0851893
0.0307669
0.0261709
-0.0199614
0.00977501
-0.0122801
0.0117475
0.0229652
0.0386453
0.0499322
0.0726642
0.0848118
0.110284
0.123376
0.149009
0.163426
0.186627
0.29304
0.309814
0.327014
0.330877
0.334131
0.367436
0.337919
0.341458
0.33837
0.290648
0.273962
0.270253
0.258454
0.253528
0.24757
0.242522
0.241896
0.0603323
0.060915
-0.0353146
-0.0544334
-0.0462902
-0.0395905
-0.0425025
-0.217695
-0.221761
-0.329772
-0.374499
-0.470569
-0.398791
-0.339873
-0.279503
-0.246136
-0.194608
-0.144732
-0.0717159
-0.0625409
-0.00915804
0.0104129
0.0735661
0.0829994
0.0861148
0.106993
0.159166
0.202483
0.193153
0.196696
0.202872
0.205158
0.18777
0.189416
0.157774
0.125323
0.0862108
0.0147183
-0.0667663
-0.299106
-0.366409
-0.443776
-0.430661
-0.415523
-0.395814
-0.441161
-0.381953
-0.451142
-0.420943
-0.493769
-0.438448
-0.499955
-0.441033
-0.476304
-0.372561
-0.275418
-0.27026
-0.26798
-0.296427
-0.331545
-0.327733
-0.334525
-0.317314
-0.305963
-0.292659
-0.329895
-0.365878
-0.375503
