-0.000241491
-0.000466112
-0.000674521
-0.000867351
-0.00104521
-0.00120868
-0.00135833
-0.00149469
-0.0016183
-0.00172964
-0.00182921
-0.00191745
-0.00199483
-0.00206177
-0.00211867
-0.00216595
-0.00220397
-0.0022331
-0.00225371
-0.00226612
-0.00227066
-0.00226765
-0.00225739
-0.00224017
-0.00221627
-0.00218596
-0.00214949
-0.00210711
-0.00205907
-0.0020001
-0.00194183
-0.00187855
-0.00181009
-0.00173632
-0.00165708
-0.00157225
-0.00148168
-0.00138527
-0.00128287
-0.00117439
-0.00105971
-0.000937962
-0.000810639
-0.000676815
-0.000536401
-0.000389308
-0.000235453
-7.47582e-05
9.28532e-05
0.000267453
0.000639435
0.00100372
0.0013606
0.00171033
0.00205318
0.00238939
0.00271922
0.00304288
0.0033606
0.00367261
0.00397909
0.00428025
0.00457629
0.00486738
0.0051537
0.00543542
0.00571271
0.00598572
0.0062546
0.00651951
0.00678056
0.00703792
0.00729169
0.00754201
0.007789
0.00803277
0.00827343
0.0085111
0.00874586
0.00898332
0.00921215
0.00943839
0.00966247
0.00988483
0.0101059
0.010326
0.0105456
0.0107651
0.0109847
0.0112048
0.0114258
0.011648
0.0118265
0.0119346
0.0119796
0.0119683
0.0119075
0.0118035
0.0116652
0.0115627
0.0118
0.0120483
0.0123073
0.0125764
0.0128553
0.0131436
0.0134408
0.0137467
0.0140608
0.0143828
0.0147124
0.0150493
0.015393
0.0157434
0.0161001
0.0164629
0.0168314
0.0172055
0.0175848
0.0179691
0.0183582
0.0187518
0.0191497
0.0195517
0.0199575
0.0203671
0.02078
0.0211963
0.0216155
0.0220751
0.0224952
0.0228981
0.023284
0.0236532
0.0240063
0.0243437
0.0246657
0.0249729
0.0252551
0.0254966
0.0256989
0.0258639
0.0259933
0.0260891
0.0261532
0.0261878
0.0261952
0.0261779
0.0261387
0.0260806
0.026586
0.0270743
0.0275471
0.0280057
0.0284519
0.0288871
0.029313
0.0297311
0.0301433
0.030551
0.0309561
0.0313603
0.031765
0.0321721
0.032583
0.0329993
0.0334223
0.0338535
0.0342939
0.0347449
0.0352073
0.0356821
0.03617
0.0366719
0.0371881
0.0377193
0.0382659
0.0388281
0.0394063
0.0397021
0.0411716
0.042633
0.0440863
0.0455318
0.0469697
0.0484003
0.0498239
0.0512407
0.052651
0.0540551
0.0554532
0.0568455
0.0582322
0.0596135
0.0609897
0.0623611
0.0637277
0.0650899
0.0664478
0.0678017
0.0698756
0.0718784
0.0738147
0.0756897
0.0775082
0.0792753
0.080975
0.0826121
0.0841921
0.0857209
0.0872049
0.0886508
0.090066
0.0914666
0.0928715
