0.0113521
0.072175
0.0206401
-0.0118965
1.4229
-0.0794978
-0.249704
-0.235951
-0.210539
-0.172961
-0.161871
-0.0373618
0.111665
0.0774669
0.0595298
0.0500796
0.0424709
0.0365862
0.0461006
0.0407112
0.0416347
0.0406899
0.0398791
0.0391107
0.0383511
0.037609
-0.0165973
-0.146358
-0.0731378
-0.0704479
-0.0715164
-0.0694008
-0.07081
-0.0718491
-0.0727352
-0.0733782
-0.073855
-0.0817828
-0.0751986
-0.0756127
-0.0759039
-0.0751482
-0.0746697
-0.0762503
-0.0713809
-0.0776051
-0.0815067
-0.103859
-0.109628
-0.10636
-0.11016
-0.110684
-0.152858
-0.104148
-0.0778258
-0.0196113
0.106099
0.0426033
0.0436173
0.0442013
0.0446919
0.045119
0.0453607
0.0455357
0.0456588
0.0448872
0.0327694
-0.00899603
-0.00811482
-0.0075559
-0.00719705
-0.00691722
-0.00666151
-0.00641261
-0.00615884
-0.005897
-0.00562502
-0.0053413
-0.00535813
-0.00515032
-0.00436072
-0.00380524
-0.0652142
-0.020347
-0.00093217
0.0161268
0.00808504
0.0104795
0.0118091
0.0126413
0.0132714
0.0280976
0.0290159
0.0291307
0.0314623
0.0322347
0.0333355
0.036101
-0.0714205
-0.0654647
-0.0659195
-0.0541708
-0.108604
-0.0804952
-0.0786877
0.0126679
-0.0119471
-0.0581277
0.173887
-0.00986235
-0.00711263
-0.52541
0.363482
-0.242711
0.396823
0.0336643
0.337388
-0.214499
0.163224
-0.173539
-0.0775177
-0.112164
-0.076578
-0.164067
-0.0807054
-0.183779
-0.0848651
-0.183609
-0.091751
-0.165332
-0.713515
-0.112641
-0.104454
-0.0285704
-0.0224387
-0.222838
0.241865
-0.0114977
0.0657631
0.376312
0.173015
0.0741248
0.140016
0.0934133
0.0996116
0.10806
0.0636507
1.37161
0.0521735
0.770871
0.187517
-0.013123
-0.00224453
0.105699
1.35533
0.109505
0.838928
0.375861
0.731433
-0.472914
-0.388897
-0.397004
-0.207249
-0.342066
-0.33787
-0.503219
-0.0475089
-0.359068
-0.118265
-0.420794
-0.0510611
-0.00793745
-0.137495
-0.338405
-0.284065
0.167003
-0.0112963
-0.0328027
0.00941448
0.188993
0.0211594
0.281804
0.27563
0.321198
0.565171
0.641811
1.74735
0.529663
0.588554
-0.0681992
-0.0833632
-0.116449
0.345075
-0.410509
0.516373
-0.209984
0.530122
-0.405723
0.435382
-0.440524
0.236185
-0.747984
-0.726037
-0.087642
-0.0417262
0.197437
0.227902
-0.0802944
0.0224668
-0.164784
-0.109325
-0.129278
0.224307
0.219751
0.0112848
