0.099997
0.0923822
0.083678
0.0785668
0.0785573
0.077109
0.0766096
0.0769921
0.0777785
0.0787426
0.0797677
0.0807925
0.0817915
0.0827517
0.0836677
0.0845386
0.0847176
0.0846863
0.0846622
0.0846394
0.0846176
0.0845972
0.0845783
0.0845613
0.0845463
0.0845334
0.0845469
0.084536
0.0845262
0.0845213
0.0845151
0.0845058
0.0844943
0.0844806
0.084465
0.0844474
0.084428
0.0844103
0.0843902
0.0843687
0.0843462
0.0843287
0.0843209
0.0843164
0.0843178
0.0843212
0.0843285
0.0843385
0.0843578
0.0843783
-0.103084
-0.103068
-0.103047
-0.103025
-0.103005
-0.103025
-0.103044
-0.103061
-0.103076
-0.10309
-0.103103
-0.103115
-0.103127
-0.103139
-0.10315
-0.103153
-0.103152
-0.103152
-0.103152
-0.103152
-0.103151
-0.103151
-0.103151
-0.10315
-0.10315
-0.10315
-0.10315
-0.10315
-0.10315
-0.10315
-0.10315
-0.10315
-0.10315
-0.10315
-0.10315
-0.103149
-0.103148
-0.103147
-0.103145
-0.103143
-0.103141
-0.103138
-0.103137
-0.103136
-0.103134
-0.103131
-0.103129
-0.103126
-0.103129
-0.103132
0.0804176
0.0804111
0.0803929
0.0803639
0.0803143
0.0804174
0.0805706
0.0806706
0.0810742
0.0815561
0.0820243
0.0822479
0.0825701
0.0827522
0.0831318
0.0831396
0.0836684
0.0838222
0.0845587
0.0850808
0.0863965
0.087231
0.0888375
0.0899663
0.091843
0.0932452
0.0953622
0.0970029
0.099326
0.101166
0.103188
0.105432
0.108029
0.110708
0.113554
0.116478
0.119629
0.124443
0.124054
0.125898
0.127451
0.129571
0.131043
0.133835
0.135504
0.137292
0.139133
0.141578
0.143305
0.145467
-0.0750719
-0.0716444
-0.0677485
-0.0635792
-0.0610124
-0.061075
-0.0646085
-0.0701463
-0.071203
-0.0722291
-0.0730191
-0.0740075
-0.0745465
-0.0753568
-0.0757024
-0.0755499
-0.0757131
-0.0757316
-0.0759085
-0.0760716
-0.0766647
-0.0761114
-0.0756244
-0.0758386
-0.076154
-0.0756651
-0.0734493
-0.0752616
-0.0799113
-0.0863861
-0.0940439
-0.101984
-0.111672
-0.121521
-0.13346
-0.143684
-0.143037
-0.142823
-0.143093
-0.145476
-0.145908
-0.146307
-0.146043
-0.146973
-0.1467
-0.146438
-0.146354
-0.146161
-0.146177
-0.146102
0.0121715
0.0106366
0.00855098
0.0116962
0.0114231
0.012464
0.0134962
0.0178813
0.0177734
0.0169261
0.0153254
0.013006
0.0106012
0.0106742
0.0103565
