-0.000653174
-0.000652712
-0.000651134
-0.000648138
-0.000607916
-0.000600534
-0.000581178
-0.000544086
-0.000494344
-0.000427221
-0.000344633
-0.000250922
-0.000150862
-4.46962e-05
6.75529e-05
0.000185901
0.000299331
0.000389362
0.000465465
0.000534558
0.000596187
0.000649761
0.000694967
0.000731599
0.000759482
0.000778439
0.000800707
0.000819174
0.000820144
0.000815366
0.000805821
0.000795572
0.000782839
0.000766721
0.000746688
0.000722364
0.000693417
0.000669899
0.000650956
0.000636149
0.000625016
0.00061733
0.00061283
0.000608918
0.000605302
0.000598027
0.000583686
0.000570662
0.000560123
0.000539679
0.000526714
0.000515624
0.000515701
0.000522164
0.0005342
0.00054034
0.000547302
0.00055185
0.000553779
0.000552933
0.000550547
0.000548145
0.000545734
0.000543309
0.000540868
0.000539254
0.000537905
0.000536598
0.000535313
0.00053405
0.000532813
0.00053161
0.000530448
0.000529337
0.000528287
0.000527309
0.000526411
0.000525606
0.000524906
0.000524289
0.000523747
0.000523671
0.000525727
0.000529196
0.000533947
0.000530614
0.000521283
0.000506105
0.000485381
0.000459494
0.000428873
0.000410719
0.000404502
0.000406268
0.000408626
0.000411418
0.000414564
0.000417827
0.000421241
0.000425101
0.000429582
0.000437819
0.000443981
0.000450065
0.000453591
0.000464671
0.000474122
0.000485578
0.000503261
0.000529246
0.000563311
0.000574745
0.000593991
0.000599433
0.000614381
0.000612026
0.000631326
0.000631384
0.00065318
0.000661667
0.000700845
0.000720066
0.000763361
0.000786021
0.000835467
0.000865783
0.00092017
0.000956062
0.00101168
0.00104464
0.00109064
0.00113405
0.00120228
0.00127316
0.00134752
0.00144693
0.00157384
0.00170358
0.00182883
0.00202289
0.0022022
0.00237796
0.00253424
0.0026828
0.00280307
0.00289843
0.00296704
0.00304564
0.00310801
0.00315806
0.00318916
0.00320396
0.00321329
0.00321723
0.00311496
0.00300687
0.00294735
0.00290801
0.00292655
0.00294781
0.00296011
0.00295348
0.00293716
0.00289213
0.00288844
0.00288094
0.0028761
0.00287829
0.00289128
0.00289558
0.00290311
0.00290694
0.00288805
0.00281205
0.00274792
0.00258134
0.00240955
0.00223897
0.00206268
0.00187304
0.00167842
0.00142344
0.00113134
0.00079623
0.000480329
0.000197413
-8.78077e-06
-0.000151715
-0.000217569
-0.000274032
-0.000271159
-0.000250547
-0.000199513
-0.00017863
-0.000120002
-9.65624e-05
-5.62712e-05
-4.3202e-05
-1.68403e-05
-3.96656e-05
-6.9431e-05
-5.99184e-07
8.20889e-05
0.000171001
0.000199052
0.000225693
0.000230848
0.000239402
0.000158618
8.22595e-05
1.08882e-05
-6.34178e-05
-0.000180968
-0.000318978
-0.000478989
