-0.00029579
-0.00115642
-0.00252979
-0.00436645
-0.00661951
-0.00924445
-0.012199
-0.0154432
-0.0189388
-0.0226498
-0.0265419
-0.0305823
-0.0347402
-0.038986
-0.0432917
-0.0476305
-0.0519771
-0.0563071
-0.0605974
-0.0648259
-0.0689714
-0.0730136
-0.0769333
-0.0807117
-0.084331
-0.0877739
-0.0910238
-0.0940647
-0.0968812
-0.0994494
-0.101757
-0.103799
-0.105563
-0.107036
-0.108206
-0.109061
-0.109593
-0.109791
-0.109648
-0.109157
-0.108311
-0.107113
-0.105566
-0.103665
-0.101413
-0.0988091
-0.0958501
-0.0925245
-0.0888118
-0.0846787
-0.0801279
-0.0752012
-0.0699366
-0.0643696
-0.0585342
-0.0524622
-0.0461841
-0.0397284
-0.0331222
-0.0263912
-0.0195599
-0.0126513
-0.00568761
0.00131024
0.00832209
0.0153286
0.0223111
0.0292515
0.0361321
0.0429354
0.0496443
0.0562415
0.0627099
0.0690323
0.0751912
0.0811692
0.0869486
0.0925116
0.0978403
0.103017
0.107951
0.112458
0.116529
0.120151
0.123313
0.126002
0.128205
0.129906
0.13109
0.131741
0.131841
0.131387
0.130373
0.128783
0.126598
0.1238
0.120368
0.116282
0.111518
0.106053
0.100167
0.0941655
0.0880679
0.0818933
0.0756595
0.0693831
0.0630796
0.0567635
0.0504481
0.0441458
0.0378681
0.0316252
0.0254266
0.0192807
0.0131945
0.00717438
0.00122502
-0.00465003
-0.0104487
-0.0161708
-0.0218183
-0.0273957
-0.032909
-0.0383653
-0.0437732
-0.0491426
-0.0544843
-0.0598106
-0.0651343
-0.0704825
-0.0755569
-0.0800446
-0.0839555
-0.0872995
-0.0900866
-0.0923266
-0.0940292
-0.0952039
-0.0958602
-0.0960072
-0.0956533
-0.0948071
-0.0934767
-0.0916698
-0.0893928
-0.0866507
-0.083447
-0.0797833
-0.0756601
-0.0710754
-0.0661219
-0.0610745
-0.0561115
-0.051226
-0.0464114
-0.0416608
-0.0369679
-0.032326
-0.0277288
-0.0231699
-0.018643
-0.0141419
-0.0096603
-0.00519207
-0.000731023
0.00372902
0.00819421
0.0126707
0.0171647
0.0216825
0.0262302
0.0308142
0.0354407
0.0401162
0.0448471
0.04964
0.0545016
0.0594384
0.0644573
0.0695654
0.0743965
0.0785961
0.0821926
0.0852125
0.0876797
0.0896166
0.0910436
0.0919792
0.0924406
0.0924438
0.0920032
0.0911329
0.0898467
0.0881572
0.0860757
0.0836126
0.0807773
0.0775779
0.0740217
0.0701148
0.0659342
0.0616324
0.0572936
0.0529289
0.0485488
0.0441631
0.0397805
0.0354095
0.0310575
0.0267313
0.0224371
0.0181802
0.0139653
0.009796
0.00567486
