-6.7263e-05
-0.000106007
-0.000134714
-0.000151321
-0.000152677
-0.000150249
-0.000144741
-0.000134749
-0.000119845
-0.000101703
-7.93401e-05
-5.00327e-05
-1.88052e-05
1.4378e-05
5.34676e-05
9.75101e-05
0.000136552
0.000168561
0.000201022
0.000232699
0.00026259
0.000289872
0.000313891
0.00033415
0.000350277
0.000361999
0.000370636
0.000373371
0.000367909
0.000358478
0.000346994
0.000333938
0.000319834
0.000305054
0.000289626
0.000272892
0.000254155
0.000236282
0.000219783
0.000203406
0.000187711
0.000173094
0.000159821
0.000174298
0.000149049
0.000127476
5.65436e-05
4.27977e-05
2.69809e-05
-0.00012632
-0.000208379
-0.000248707
-0.000267434
-0.000272982
-0.000270405
-0.000263916
-0.000255199
-0.000245634
-0.000235985
-0.000226645
-0.0002179
-0.000209733
-0.000202007
-0.000194646
-0.000187607
-0.000180762
-0.000174099
-0.000167655
-0.000161454
-0.000155486
-0.000149743
-0.000144216
-0.000138894
-0.000133774
-0.000128842
-0.000124085
-0.000119495
-0.000115043
-0.000110702
-0.000106511
-0.000102494
-9.85908e-05
-9.45191e-05
-9.01499e-05
-8.54381e-05
-8.16182e-05
-7.91769e-05
-7.81509e-05
-7.85357e-05
-8.02654e-05
-8.3235e-05
-8.55161e-05
-8.59334e-05
-8.44345e-05
-8.19692e-05
-7.89358e-05
-7.55316e-05
-7.18689e-05
-6.82107e-05
-6.47177e-05
-2.88037e-05
-7.41403e-05
-7.3062e-05
-0.000198479
-0.000232495
-0.000448248
-0.000589152
-0.000754267
-0.00121648
-0.00131018
-0.00139694
-0.00148603
-0.00157474
-0.00166408
-0.00175021
-0.00183584
-0.00192027
-0.00200651
-0.00209022
-0.00217519
-0.00226041
-0.00234844
-0.00243549
-0.00252733
-0.00262216
-0.00272694
-0.00283681
-0.00295456
-0.00307546
-0.00320271
-0.00333418
-0.00346969
-0.00360509
-0.00374445
-0.00389051
-0.00403961
-0.00419552
-0.00436981
-0.00456364
-0.00477193
-0.00500858
-0.0052644
-0.00554231
-0.00583886
-0.00615112
-0.00648056
-0.00682794
-0.00718101
-0.00753649
-0.0078929
-0.00825272
-0.00861204
-0.00896376
-0.0093053
-0.00963729
-0.00995111
-0.0102437
-0.0105193
-0.0107834
-0.0110404
-0.0112821
-0.0115205
-0.0117523
-0.0119796
-0.0121955
-0.0124043
-0.0126095
-0.0128107
-0.0130072
-0.0132092
-0.0134115
-0.0136082
-0.0138053
-0.0139975
-0.0141723
-0.0143377
-0.0144835
-0.0145926
-0.014669
-0.0147141
-0.0147289
-0.0147185
-0.0146812
-0.0145984
-0.0144669
-0.0142813
-0.0140454
-0.0137853
-0.0135005
-0.0132135
-0.0129188
-0.0126406
-0.0123822
-0.012174
-0.0119969
-0.0119111
-0.0118856
-0.0118327
-0.0117646
-0.011907
-0.0121705
-0.0121592
-0.0119929
-0.0119832
-0.0120303
-0.011987
-0.0120707
-0.0120964
-0.0121022
-0.0122051
-0.0121899
-0.0121017
-0.0120086
-0.0118926
-0.0117452
