0
0.00017401
0.000170485
0.000144226
0.000159587
-0.000378045
-0.00164814
-0.0029142
-0.00460546
-0.00559896
-0.00649165
-0.0071145
-0.00780992
-0.00839241
-0.00898232
-0.00953954
-0.0100707
-0.0105781
-0.0110642
-0.0115316
-0.0119825
-0.01239
-0.0127959
-0.0131071
-0.0134386
-0.0136978
-0.0139721
-0.0142389
-0.0145019
-0.0147644
-0.0150301
-0.0153023
-0.0155853
-0.0157952
-0.0160428
-0.0163268
-0.0166043
-0.0168759
-0.0171414
-0.0174005
-0.0176535
-0.0179009
-0.0181437
-0.0183825
-0.0186182
-0.0188518
-0.019084
-0.0193155
-0.0195471
-0.0197788
-0.0200108
-0.0202428
-0.020475
-0.0207071
-0.0209393
-0.0211694
-0.0213949
-0.0216248
-0.0218583
-0.0220914
-0.0223225
-0.0225506
-0.0227752
-0.0229955
-0.0232109
-0.0234211
-0.0236249
-0.0238239
-0.0240166
-0.0242031
-0.0243837
-0.0239652
-0.0237017
-0.0235246
-0.0233926
-0.0232878
-0.0231969
-0.0231152
-0.0231192
-0.0231252
-0.023133
-0.0231425
-0.0231539
-0.0231671
-0.0231823
-0.0231995
-0.0232188
-0.0232401
-0.023276
-0.0233113
-0.0233434
-0.0233723
-0.0233977
-0.0234197
-0.0234381
-0.023452
-0.0234624
-0.0234679
-0.0234672
-0.0234604
-0.023448
-0.0234302
-0.0234073
-0.0233795
-0.0233474
-0.0233115
-0.0232725
-0.023231
-0.0231876
-0.0231428
-0.0230971
-0.0230507
-0.023003
-0.0229611
-0.0229249
-0.0228946
-0.0228699
-0.0228509
-0.0228373
-0.022829
-0.0228258
-0.02283
-0.0228589
-0.0226558
-0.0223167
-0.0218393
-0.0212229
-0.0204682
-0.0196835
-0.0189679
-0.0182874
-0.0176752
-0.0171339
-0.0166662
-0.0162742
-0.0159604
-0.015729
-0.0155674
-0.0154714
-0.0154438
-0.0154875
-0.0156025
-0.0154284
-0.01522
-0.0150035
-0.0147613
-0.0144622
-0.0141112
-0.0136529
-0.0131601
-0.0125881
-0.0119378
-0.0111865
-0.0102916
-0.00935711
-0.00843855
-0.00751909
-0.00660023
-0.00568204
-0.00476385
-0.00384483
-0.00292422
-0.00200127
-0.00107521
-0.000145208
0.000789596
0.0017301
0.00267722
0.00363193
0.00459523
0.00556833
0.00655246
0.00754863
0.008558
0.0095819
0.0106218
0.0116791
0.0127555
0.0138525
0.0149718
0.016115
0.0172838
0.0184795
0.0197036
0.0209574
0.0222421
0.0235585
0.0249076
0.0262896
0.0276577
0.028538
0.0290494
0.029498
0.029871
0.0301706
0.0303666
0.0304482
0.0304425
0.0303493
0.0301702
0.029907
0.0292376
0.0284889
0.0276632
0.0267627
0.0257897
0.0247462
0.0236343
0.0224557
0.0212121
0.0199053
0.0185247
0.0170645
0.0155363
0.0139444
0.0122879
0.0105799
0.00881129
0.0069779
0.00507713
0.00310683
0.00106478
-0.00105145
-0.0032448
-0.00551921
-0.00788893
-0.0102644
-0.0126341
-0.014998
-0.0173565
-0.0197067
-0.0220996
-0.0244864
-0.0268682
-0.0292497
-0.0316358
-0.0340297
-0.0364179
-0.0388016
-0.0411835
-0.0435649
-0.0459481
-0.048335
-0.0507278
-0.0531288
-0.0555163
-0.0579479
-0.0603982
-0.0628689
-0.0653623
-0.0678811
-0.0704281
-0.0730061
-0.0756177
-0.0782656
-0.0804861
-0.0825108
-0.0843656
-0.0860609
-0.0875994
-0.0889853
-0.0901919
-0.0914009
-0.0925638
-0.0936494
-0.0946433
-0.0955395
-0.0963367
-0.0970361
-0.0976398
-0.0981507
-0.0985719
-0.0989066
-0.0991583
-0.0993302
-0.0995082
-0.0995636
-0.0995628
-0.0994962
-0.0993681
-0.0991811
-0.0988731
-0.0984984
-0.0980701
-0.0975892
-0.0970281
-0.0964962
-0.0959197
-0.0952926
-0.0946139
-0.0938775
-0.0930911
-0.0922502
-0.0913579
-0.0904137
-0.0894167
-0.088366
-0.0872603
-0.0860985
-0.0848812
-0.0836074
-0.082276
-0.0808857
-0.0794353
-0.0779234
-0.0763486
-0.074705
-0.0729947
-0.0712158
-0.0693664
-0.0674446
-0.0654483
-0.0633759
-0.0612253
-0.0589945
-0.0566813
-0.0542833
-0.0517984
-0.0493266
-0.0467027
-0.0439917
-0.0412115
-0.0383575
-0.0354257
-0.0324131
-0.0293163
-0.0261323
-0.022863
-0.019501
-0.0160502
-0.0125071
-0.00886603
-0.00509144
-0.00118271
0.00232264
0.0056762
0.0088805
0.0119357
0.0148449
0.0176126
0.0202432
0.0227418
0.0251134
0.0273631
0.0294957
0.031516
0.0334285
0.0352377
0.0369478
0.038563
0.0400873
0.0414846
0.0427473
0.0439576
0.0450911
0.046153
0.0471539
0.0480875
0.0489472
0.0497334
0.0504427
0.0510899
0.0516712
0.0521837
0.0526231
0.0529932
0.0532938
0.0535187
0.0536689
0.0537465
0.0537516
0.053684
0.0535436
0.0533299
0.0530425
0.0526808
0.0522445
0.0517327
0.051145
0.0504806
0.0497386
0.0489181
0.0480183
0.0470383
0.045977
0.0448332
0.0436056
0.0423841
0.0410376
0.039609
0.0381323
0.0366017
0.0350144
0.0333681
0.0316609
0.0298924
0.0280623
0.0261688
0.0242103
0.0221848
0.0200904
0.0179227
0.0156545
0.013287
0.0108176
0.00824181
0.00555395
0.00274732
-0.000185936
-0.00325621
-0.00600791
-0.00859787
-0.011032
-0.0133158
-0.0154544
-0.0174529
-0.0193157
-0.0210476
-0.0226527
-0.0241351
-0.025499
-0.0266852
-0.0276926
-0.0285612
-0.0292895
-0.029893
-0.0303873
-0.0310314
-0.0315906
-0.0320345
-0.0323713
-0.0326205
-0.0327756
-0.0328371
-0.0328064
-0.0326819
-0.0324748
-0.0321875
-0.0318195
-0.0313706
-0.0308404
-0.0302283
-0.0295337
-0.0287559
-0.027894
-0.0269472
-0.0259145
-0.0247946
-0.0235864
-0.0222885
-0.0208994
-0.0194172
-0.0178404
-0.0161673
-0.0143957
-0.0125234
-0.010548
-0.00846672
-0.00639808
-0.00430635
-0.00220943
-0.00010603
0.00200594
0.00412865
0.00626409
0.00841416
0.0105806
0.0127652
0.0149695
0.017195
0.0194434
0.0217185
0.02359
0.0253503
0.0269954
0.0285098
0.0298883
0.0311303
0.0322373
0.0332123
0.0340582
0.0347789
0.0353779
0.035858
0.0362234
0.0364777
0.0366241
0.0366661
0.0366579
0.0366021
0.0365011
0.036307
0.03602
0.035652
0.0352082
0.0347988
0.0343696
0.0338926
0.0333667
0.0327921
0.0321675
0.0314936
0.0307729
0.0300047
0.0291883
0.0283232
0.0274086
0.0264439
0.0254286
0.0243612
0.0232401
0.0220638
0.020831
0.0195401
0.0181897
0.0167781
0.0153036
0.0137644
0.0121586
0.0104841
0.00873867
0.00691983
0.00502516
0.00305182
0.000996281
-0.00114745
-0.00328689
-0.00542001
-0.00754944
-0.00967778
-0.0118075
-0.0139411
-0.0160809
-0.018229
-0.0203876
-0.0225585
-0.0247436
-0.0269446
-0.0291632
-0.0314009
-0.0336594
-0.0354151
-0.0370285
-0.0385504
-0.03997
-0.0412644
-0.0424247
-0.0434486
-0.0443369
-0.0450918
-0.0457161
-0.0462132
-0.0465863
-0.0468388
-0.0469729
-0.046992
-0.0469317
-0.0468034
-0.0466093
-0.0463516
-0.0460326
-0.0456011
-0.0450597
-0.0444202
-0.0436882
-0.0428662
-0.0419598
-0.0412133
-0.0403995
-0.0395196
-0.038573
-0.0375588
-0.0364756
-0.0353218
-0.0340956
-0.0328013
-0.0314371
-0.0300026
-0.0284969
-0.0269187
-0.0252667
-0.0235392
-0.0217346
-0.0198509
-0.0178862
-0.0158384
-0.0137054
-0.0114847
-0.00917396
-0.00677048
-0.00427114
-0.0016724
0.00103055
0.00374539
0.0064662
0.00919594
0.0119374
0.0146933
0.0174667
0.0202605
0.0230776
0.025921
0.0287934
0.0316977
0.0346363
0.037612
0.040627
0.0436697
0.0467397
0.0493535
0.0517329
0.0539404
0.0560876
0.0581902
0.0602075
0.0621238
0.0639333
0.0656354
0.0672319
0.0687256
0.0701201
0.0714193
0.0726274
0.0737486
0.0747867
0.0757454
0.0766275
0.0774369
0.078177
0.0788508
0.0794622
0.0799991
0.0804554
0.0808466
0.08118
0.0814585
0.0816991
0.0818935
0.0820395
0.0821365
0.0821846
0.0821842
0.0821354
0.0820386
0.0818947
0.0817619
0.081499
0.0812009
0.0808714
0.0805097
0.0801152
0.0796868
0.0792235
0.0787244
0.0781889
0.0776162
0.0770054
0.0763558
0.0756668
0.074946
0.0741922
0.0734044
0.0725817
0.0717228
0.0708267
0.0698917
0.0689165
0.0678993
0.0668385
0.0657323
0.064579
0.0633768
0.0621241
0.0608192
0.0594607
0.0580471
0.0565771
0.0550494
0.0534627
0.0518159
0.0501077
0.0483346
0.0464684
0.0445118
0.0424637
0.040321
0.0380794
0.0357341
0.0332796
0.0307107
0.0280218
0.0252071
0.0222607
0.0191766
0.0159486
0.0127148
0.00932595
0.0058559
0.00229647
-0.00136453
-0.00480016
-0.00805109
-0.0111216
-0.0140388
-0.0168197
-0.0194709
-0.0220067
-0.0246999
-0.0272817
-0.0297698
-0.032138
-0.0344001
-0.0365575
-0.0386111
-0.0405619
-0.0424115
-0.0442762
-0.045936
-0.0475046
-0.0489853
-0.0503793
-0.0516874
-0.0529107
-0.0540501
-0.0551062
-0.0560797
-0.0569713
-0.0577815
-0.0585106
-0.0591592
-0.0597272
-0.0602147
-0.0606219
-0.0609488
-0.0611951
-0.0613606
-0.0614448
-0.061447
-0.0613789
-0.0612401
-0.0610296
-0.0607532
-0.0604138
-0.0600107
-0.0595433
-0.0590107
-0.0584123
-0.0577477
-0.0570162
-0.0562173
-0.0553503
-0.0544125
-0.0533724
-0.0522349
-0.0510003
-0.0496668
-0.048231
-0.0466886
-0.0450353
-0.0432662
-0.0413767
-0.0393617
-0.0372161
-0.0349346
-0.032512
-0.029943
-0.0272221
-0.0243439
-0.0213029
-0.0180933
-0.0147093
-0.011135
-0.00757976
-0.00383445
-0.000388487
0.00290346
0.00599588
0.00900887
0.0119043
0.0146797
0.0173352
0.0198924
0.0223925
0.0249138
0.0273745
0.029785
0.032121
0.0343868
0.0365117
0.038614
0.0406148
0.0425385
0.0443852
0.0462445
0.04815
0.0500312
0.051832
0.0535572
0.0552079
0.0567838
0.0582838
0.0597068
0.0610131
0.0622452
0.0634032
0.0644905
0.0655024
0.0664387
0.0673057
0.0681054
0.0688381
0.0695038
0.0701029
0.0706354
0.0711016
0.0715017
0.0718361
0.0721049
0.0723086
0.0724475
0.0725217
0.0725292
0.0724519
0.0722937
0.0720552
0.0717346
0.0713289
0.0708346
0.0702571
0.0695925
0.0688368
0.0679859
0.0670356
0.0659817
0.06482
0.0635461
0.0621558
0.0606451
0.0590098
0.0572455
0.055348
0.0532986
0.0511582
0.0489567
0.046741
0.0443822
0.0418479
0.0393558
0.0369599
0.0346683
0.0324408
0.03026
0.0281132
0.0258356
0.0235574
0.0212718
0.0189692
0.0166525
0.0143287
0.0120055
0.00966936
0.00750655
0.00536423
0.00333154
0.00140339
-0.000432396
-0.00212903
-0.00371525
-0.00519444
-0.00656719
-0.00783238
-0.00899492
-0.0100544
-0.0110117
-0.0118672
-0.0126209
-0.0132726
-0.0138218
-0.0142683
-0.0145858
-0.0148037
-0.0149171
-0.0149256
-0.0149456
-0.0148921
-0.0148011
-0.0146704
-0.0144986
-0.0142846
-0.0140275
-0.0137263
-0.0133777
-0.0129567
-0.0124651
-0.011902
-0.0112645
-0.0105487
-0.00975032
-0.00886467
-0.00788691
-0.0068121
-0.005635
-0.00434999
-0.00295106
-0.00143156
0.000217093
0.00169273
0.00305162
0.00429786
0.00543551
0.0064685
0.0073385
0.00818994
0.00877448
0.00916982
0.00946697
0.00981719
0.0100695
0.0102245
0.0102745
0.0102668
0.0102575
0.0102505
0.0102458
0.0102429
0.0102416
0.0102414
0.0102419
0.0102427
0.0102433
0.0102433
0.0102424
0.0102402
0.0102362
0.010229
0.0102174
0.0102001
0.0101758
0.0101433
0.0101013
0.0100485
0.00998362
0.00990543
0.00981278
0.00970431
0.00957858
0.00943408
0.00926921
0.00908235
0.00887184
0.00863596
0.00837302
0.00808138
0.00775945
0.00740569
0.00701862
0.00659676
0.00613866
0.00564285
0.00510783
0.00453195
0.00391116
0.00322151
0.00246265
0.00163117
0.000721408
-0.000275442
-0.00127096
-0.00187991
-0.00230608
-0.00258076
-0.00271257
-0.00271745
-0.00269311
-0.0026654
-0.00264443
-0.00262831
-0.00261437
-0.00260174
-0.00258998
-0.00257851
-0.00263633
-0.0026167
-0.00256658
-0.00249645
-0.0024126
-0.00231507
-0.00220295
-0.00207444
-0.00196359
-0.00194811
-0.00192674
-0.00190115
-0.00187291
-0.00184042
-0.00180243
-0.00176269
-0.00172237
-0.00168192
-0.00164163
-0.00160167
-0.00156214
-0.00152437
-0.00148872
-0.00145492
-0.0014227
-0.00139179
-0.00136186
-0.00133258
-0.00130357
-0.00127424
-0.00124401
-0.0012125
-0.0011792
-0.00114346
-0.00110454
-0.00106164
-0.00101395
-0.000960624
-0.000900859
-0.000833878
-0.000758975
-0.000675558
-0.000583187
-0.000481557
-0.000370484
-0.0002499
-0.000119841
1.95653e-05
0.00016815
0.000325763
0.000494653
0.000693917
0.000922639
0.00118215
0.001252
0.00122059
0.00109171
0.000864321
0.000537999
0.000257286
-6.73777e-05
-0.00051619
-0.000774801
-0.000969237
-0.00110192
-0.00117275
-0.00118312
-0.00114408
-0.00105494
-0.000914734
-0.000633752
-0.000343333
-0.000235872
-0.000236813
-0.000239042
-0.000247635
-0.000264577
-0.000290683
-0.00031544
-0.000309038
-0.000307136
-0.000305603
-0.000304348
-0.000302741
-0.000300796
-0.000298899
-0.000297455
-0.000296361
-0.00029573
-0.000295766
-0.000296967
-0.000298946
-0.000301612
-0.000304838
-0.000308474
-0.000312356
-0.000316313
-0.000320175
-0.000323779
-0.000326978
-0.00032964
-0.000331656
-0.000332946
-0.000333459
-0.000333174
-0.000332101
-0.000330279
-0.000327773
-0.000324674
-0.000321092
-0.000317154
-0.000312998
-0.000308765
-0.000304601
-0.000300643
-0.00029702
-0.000293845
-0.000291214
-0.000289199
-0.000287853
-0.00028723
-0.000301974
-0.000331617
-0.000377914
-0.000443597
-0.000429102
-0.00036342
-0.000252097
-0.000254481
-0.00022204
-0.000221088
-0.000262986
-0.000308926
-0.000309036
-0.000309697
-0.000310403
-0.000310927
-0.000311135
-0.000310916
-0.000310221
-0.00034756
-0.000335349
-0.000293071
-0.000224176
-0.000137
-3.58475e-05
7.88945e-05
0.000210015
0.000322736
0.00031883
0.000320786
0.000328117
0.000345201
0.000373139
0.000407261
0.000443435
0.000481412
0.000520638
0.000559976
0.000599496
0.000639274
0.000679403
0.000720004
0.000761233
0.000803275
0.000846352
0.000890716
0.000936648
0.000984457
0.00103466
0.00108778
0.00114411
0.00120409
0.00126831
0.00133744
0.00141225
0.0014935
0.00158202
0.00167861
0.00178407
0.00189913
0.00202442
0.00216045
0.00230761
0.00246617
0.0026363
0.00281807
0.00301146
0.00321643
0.00343293
0.00366333
0.00392684
0.00422263
0.00430513
0.00430315
0.00422208
0.00406074
0.0038197
0.00349971
0.0031016
0.00262636
0.00207498
0.00144814
0.000746032
-3.23784e-05
-0.000896446
-0.00154472
-0.00200868
-0.00228562
-0.00237321
-0.00234093
-0.00229506
-0.0023431
-0.00238303
-0.00242069
-0.0024637
-0.00251558
-0.00257793
-0.00264324
-0.00264459
-0.00264687
-0.00264886
-0.00265024
-0.00265137
-0.0026521
-0.00265228
-0.00265232
-0.00265238
-0.00265258
-0.00265301
-0.00265374
-0.00265485
-0.00265638
-0.00265836
-0.0026608
-0.00266368
-0.00266697
-0.00267063
-0.00267459
-0.00267881
-0.0026832
-0.00268767
-0.00269213
-0.00269653
-0.00270079
-0.00270485
-0.00270866
-0.00271217
-0.00271536
-0.0027182
-0.00272069
-0.00272284
-0.00272465
-0.00272615
-0.00272737
-0.00272836
-0.00272916
-0.00272983
-0.00273042
-0.00273099
-0.002732
-0.00274937
-0.00278309
-0.00283498
-0.00276164
-0.00259449
-0.00233344
-0.001979
-0.00153176
-0.000991942
-0.000358779
0.00010557
0.000403928
0.000544081
0.000677499
0.000664347
0.000646818
0.000628652
0.000612185
0.000597683
0.000545302
0.000538713
0.000568333
0.000625367
0.000701246
0.000791645
0.000896112
0.00101756
0.00112026
0.00110516
0.00109669
0.00109444
0.00110289
0.00112307
0.00115246
0.0011849
0.0012201
0.00125749
0.00129583
0.00133515
0.00137547
0.00141684
0.00145933
0.00150305
0.00154816
0.00159483
0.00164329
0.0016938
0.00174666
0.00180239
0.00186151
0.00192433
0.00199131
0.00206307
0.00214032
0.00222387
0.00231452
0.00241316
0.00252062
0.00263776
0.00276536
0.00290409
0.0030545
0.003217
0.00339191
0.00357942
0.0037796
0.00399246
