0.0698132
0.0764335
0.0815383
0.0824484
0.082907
0.0823615
0.0807329
0.0777877
0.0740216
0.0707207
0.0671933
0.0639242
0.0607092
0.057602
0.0545827
0.05166
0.0488228
0.0460614
0.0433665
0.0407294
0.0381417
0.0355968
0.0330856
0.0306049
0.028143
0.0256975
0.0232629
0.0208295
0.0183915
0.0159434
0.0134796
0.0109946
0.0084822
0.00591985
0.00353147
0.00128649
-0.000825449
-0.00280774
-0.00466387
-0.00639723
-0.00801106
-0.00950842
-0.0108922
-0.0121649
-0.0133289
-0.0143864
-0.0153392
-0.0161892
-0.0169378
-0.0175864
-0.0181362
-0.0185884
-0.0189439
-0.0192034
-0.0193676
-0.0194448
-0.0194358
-0.0193431
-0.0191668
-0.018907
-0.0185636
-0.0181362
-0.0176244
-0.0170278
-0.0163458
-0.0155775
-0.0147222
-0.0137785
-0.0127455
-0.0116219
-0.0104063
-0.00882119
-0.00737373
-0.00593303
-0.00436505
-0.00272285
-0.0011393
0.000438996
0.00206762
0.00368692
0.00526486
0.00678772
0.00824945
0.0096477
0.0109821
0.0122532
0.0134623
0.0146108
0.0156539
0.0165995
0.0174494
0.0182053
0.0188684
0.0194401
0.0199215
0.0203128
0.0206156
0.0208314
0.0209616
0.0210068
0.0209674
0.0208435
0.0206354
0.0203429
0.0199659
0.0195044
0.0189579
0.0183261
0.0176086
0.0168048
0.015914
0.0149356
0.0139102
0.0128373
0.0117164
0.010547
0.00932874
0.00806128
0.00674426
0.00537739
0.00396036
0.00249353
0.000963429
-0.000950707
-0.00267601
-0.00424116
-0.00567938
-0.00701384
-0.00805273
-0.00909087
-0.009972
-0.0107304
-0.0113478
-0.0118121
-0.0121152
-0.0122513
-0.0122234
-0.0120344
-0.0116862
-0.0111777
-0.0105069
-0.00897874
-0.00741524
-0.005991
-0.00463547
-0.00334493
-0.00211176
-0.00094069
-0.000436576
-0.000345352
-0.000618475
-0.00127787
-0.00207274
-0.00272694
-0.00311325
-0.00306774
-0.00278892
-0.00246445
-0.00216174
-0.00191576
-0.0017103
-0.00152094
-0.00134601
-0.00118451
-0.00103548
-0.000898061
-0.000771452
-0.000654894
-0.000547678
-0.000449138
-0.000358642
-0.000275601
-0.000199468
-0.000129725
-6.68708e-05
-1.2268e-05
3.26267e-05
6.62538e-05
8.69374e-05
9.28731e-05
8.21021e-05
5.24824e-05
1.70379e-06
-7.27153e-05
-0.000173576
-0.000304224
-0.000468996
-0.000674316
-0.000933195
-0.00120715
-0.00209394
-0.00356104
-0.00434985
-0.00489505
-0.00563363
-0.0064504
-0.00728804
-0.00812405
-0.00894133
-0.00972995
-0.0104838
-0.0111954
-0.0118652
-0.0124906
-0.0130691
-0.0135985
-0.0140768
-0.0145018
-0.0148712
-0.015183
-0.0154348
-0.0156199
-0.0158467
-0.0160636
-0.0161716
-0.0162122
-0.0164176
-0.0167392
-0.017134
-0.0175658
-0.0180051
-0.018428
-0.0188152
-0.01915
-0.0194174
-0.0195847
-0.019832
-0.0200006
-0.0200423
-0.0199384
-0.0196861
-0.019102
-0.017946
-0.0165115
-0.0150102
-0.013538
-0.0121419
-0.0108712
-0.00973177
-0.008727
-0.0078571
-0.00711744
-0.006505
-0.00601849
-0.00565664
-0.00532843
-0.00519081
-0.0049661
-0.00459858
-0.00414095
-0.00371626
-0.00332253
-0.00295748
-0.00261904
-0.00230526
-0.00256316
-0.00261982
-0.00256937
-0.002816
-0.00330785
-0.00403957
-0.00491992
-0.00580727
-0.00674388
-0.0076986
-0.00865407
-0.00960017
-0.0105307
-0.0114415
-0.01233
-0.0131939
-0.0140316
-0.0148413
-0.0156214
-0.0163705
-0.0171208
-0.0183483
-0.0195391
-0.0206658
-0.0217205
-0.0226992
-0.023524
-0.0241496
-0.0246052
-0.0249147
-0.0250826
-0.0253572
-0.0258102
-0.0263624
-0.0269529
-0.0275406
-0.0280989
-0.028601
-0.0290295
-0.0293711
-0.0296146
-0.0297504
-0.0297698
-0.0296659
-0.0294342
-0.0290666
-0.0285555
-0.0278942
-0.0270768
-0.0260977
-0.0249519
-0.0236717
-0.0223066
-0.0208754
-0.0193855
-0.017839
-0.0162349
-0.0145708
-0.0128435
-0.0110491
-0.00918333
-0.00724101
-0.00521547
-0.00321669
-0.00132599
0.000544297
0.00220002
0.00369535
0.00505746
0.00630019
0.00743286
0.00846165
0.00938542
0.0102114
0.0109837
0.011705
0.0123788
0.0129968
0.013566
0.0137584
0.0137728
0.013687
0.0134975
0.0132032
0.0128041
0.0123002
0.0116919
0.0109794
0.0101632
0.00924365
0.00822113
0.00709591
0.00586822
0.00453819
0.00310587
0.00157107
0.000260808
-0.000923761
-0.00223836
-0.00367169
-0.00535573
-0.00723386
-0.00924752
-0.0113429
-0.0134771
-0.0156161
-0.0177466
-0.0198522
-0.021916
-0.0239201
-0.0258536
-0.0277066
-0.0294669
-0.0311171
-0.0326413
-0.0340298
-0.0352771
-0.0363795
-0.0373345
-0.0381402
-0.038795
-0.0392978
-0.0396476
-0.0398437
-0.0398857
-0.039773
-0.0395053
-0.0390826
-0.0385052
-0.0377731
-0.0368869
-0.0358475
-0.0345404
-0.033038
-0.0311035
-0.0290718
-0.0271121
-0.0252634
-0.0235421
-0.0219538
-0.0204836
-0.0191056
-0.0178132
-0.0166
-0.0154603
-0.0143888
-0.0133803
-0.0124285
-0.0115294
-0.010679
-0.0098736
-0.00910985
-0.0083846
-0.00769539
-0.0070073
-0.00658675
-0.00619734
-0.00583616
-0.0055012
-0.00519056
-0.00490248
-0.00463536
-0.00438767
-0.00415804
-0.0039452
-0.00374808
-0.00345221
-0.00319307
-0.00297885
-0.00279645
-0.00261329
-0.00252884
-0.00266749
-0.00295817
-0.00324733
-0.00350508
-0.00371111
-0.00383418
-0.0038554
-0.00375682
-0.0035884
-0.00343205
-0.00328719
-0.00315296
-0.00302859
-0.00291334
-0.00280654
-0.00270759
-0.0026159
-0.00253096
-0.00245227
-0.00237939
-0.0023119
-0.00224941
-0.00219158
-0.00213807
-0.00208858
-0.00204283
-0.00200056
-0.00196153
-0.00192552
-0.00189232
-0.00186173
-0.00185054
-0.00199089
-0.00199323
-0.00196985
-0.00193947
-0.00191136
-0.00188539
-0.0018614
-0.00183924
-0.00181878
-0.00179989
-0.00178245
-0.00176635
-0.0017515
-0.00213644
-0.00233316
-0.00256761
-0.00280823
-0.00303883
-0.00324996
-0.00343562
-0.00359165
-0.00371492
-0.00380272
-0.00385253
-0.00386686
-0.00386141
-0.00385552
-0.00384986
-0.00384445
-0.00383785
-0.00382839
-0.00381287
-0.00373567
-0.00370649
-0.00369533
-0.00366203
-0.00377659
-0.00389915
-0.00400495
-0.00405134
-0.00401297
-0.00391803
-0.0038207
-0.00372408
-0.00362808
-0.00353257
-0.00343745
-0.00334261
-0.00324799
-0.00315352
-0.00305911
-0.0029647
-0.00287018
-0.0027755
-0.00268058
-0.00258537
-0.00248982
-0.00239387
-0.00229748
-0.00220061
-0.00210321
-0.00200525
-0.00190671
-0.00180758
-0.00170794
-0.00160796
-0.00150892
-0.00149823
-0.00149458
-0.00149133
-0.00148839
-0.00148576
-0.00148338
-0.00148125
-0.00147932
-0.00147757
-0.00147599
-0.00147454
-0.00147321
-0.00147198
-0.00147085
-0.00146979
-0.00208658
-0.00244627
-0.0026781
-0.0029789
-0.00329882
-0.00361236
-0.00390504
-0.00416812
-0.00439596
-0.00458467
-0.0047312
-0.00483359
-0.00489092
-0.0049057
-0.00490786
-0.00489167
-0.00486426
-0.00483166
-0.0047941
-0.00475174
-0.00463546
-0.00456916
-0.0045236
-0.00446828
-0.00440396
-0.00433136
-0.00447531
-0.00477048
-0.00507231
-0.00534475
-0.00555816
-0.00568854
-0.00571633
-0.00562534
-0.00540003
-0.00517312
-0.00495216
-0.00473658
-0.00452586
-0.00431948
-0.00411698
-0.00391794
-0.00372196
-0.00352867
-0.00333773
-0.00314883
-0.00296168
-0.00277605
-0.00259173
-0.00240866
-0.00222687
-0.00204743
-0.00196145
-0.00193339
-0.00190769
-0.00188396
-0.00186206
-0.00184185
-0.00182322
-0.00180606
-0.00179005
-0.00177531
-0.00176173
-0.0017492
-0.00173789
-0.00173343
-0.00172658
-0.00180096
-0.00249396
-0.00315531
-0.0038182
-0.00398979
-0.00437687
-0.00485824
-0.00537498
-0.00589551
-0.006402
-0.0068839
-0.00733468
-0.00775
-0.00812661
-0.00846176
-0.00875301
-0.00899833
-0.00919582
-0.00934979
-0.00945795
-0.00951825
-0.00952877
-0.00950016
-0.00942145
-0.00939221
-0.00936474
-0.00924546
-0.00907097
-0.00903506
-0.00907713
-0.00914854
-0.00921114
-0.0092357
-0.00920001
-0.0090872
-0.0088846
-0.00858341
-0.00820393
-0.0076532
-0.00700598
-0.00647588
-0.00604454
-0.00571216
-0.0054059
-0.00512167
-0.00485805
-0.00461357
-0.00438688
-0.00417671
-0.00398189
-0.00380136
-0.00363406
-0.00347907
-0.00333551
-0.00320259
-0.00307955
-0.00296569
-0.00286038
-0.00276301
-0.00267303
-0.00258991
-0.00251318
-0.00244239
-0.00237713
-0.002317
-0.00226166
-0.00221076
-0.002164
-0.0021211
-0.00208178
-0.00204581
-0.00201296
-0.00198301
-0.00195578
-0.00193117
-0.00190899
-0.00188908
-0.00187133
-0.00185561
-0.00184183
-0.00182988
-0.00181968
-0.00181115
-0.00180424
-0.00179887
-0.00179498
-0.00181077
-0.00182712
-0.00193853
-0.00192261
-0.00190689
-0.00189387
-0.00206019
-0.00214489
-0.00226246
-0.00226564
-0.00225307
-0.0022417
-0.00223149
-0.0024423
-0.0028077
-0.00318183
-0.00350654
-0.00375537
-0.00390682
-0.00394292
-0.00384867
-0.00363373
-0.00349047
-0.00343699
-0.00332115
-0.00321355
-0.00311389
-0.00302159
-0.00293614
-0.00285703
-0.00278382
-0.00271608
-0.00265344
-0.00259551
-0.00254197
-0.0024925
-0.00244679
-0.00240458
-0.00236562
-0.00232965
-0.00229647
-0.00226587
-0.00223772
-0.00221184
-0.00218358
-0.00215713
-0.0021324
-0.00210995
-0.0020926
-0.00207656
-0.00206172
-0.00204799
-0.0020353
-0.00202357
-0.00201273
-0.00200273
-0.0019935
-0.001985
-0.00197725
-0.00197015
-0.00196366
-0.00195775
-0.00195239
-0.00194753
-0.00194316
-0.00193923
-0.00193573
-0.00193263
-0.0019299
-0.00192751
-0.00192544
-0.00192368
-0.00192219
-0.00192096
-0.00191998
-0.00191924
-0.00191872
-0.00108315
0.000506447
0.00291712
0.0051886
0.00723259
0.00915314
0.0109728
0.0126976
0.0143321
0.0159408
0.0154615
0.014901
0.0141977
0.0133865
0.0124949
0.0116187
0.010715
0.00975546
0.00872468
0.00764603
0.00649617
0.00527078
0.00401937
0.0024617
0.000908974
-0.000538291
-0.00183891
-0.00297417
-0.00393433
-0.00471326
-0.00530637
-0.00569675
-0.00587559
-0.00583126
-0.00563612
-0.00545298
-0.00528189
-0.00512194
-0.00497239
-0.00483252
-0.00470165
-0.00457919
-0.00446455
-0.0043572
-0.00425666
-0.00416247
-0.00407421
-0.00399151
-0.00391401
-0.00384134
-0.00377317
-0.00370966
-0.00364863
-0.00358985
-0.00353307
-0.00347804
-0.00342453
-0.00337269
-0.00332204
-0.00327238
-0.0032235
-0.00317523
-0.00312739
-0.00307984
-0.00303246
-0.00299405
-0.00295504
-0.00291523
-0.00287449
-0.00282649
-0.0018659
4.29346e-06
0.00263841
0.00603978
0.0103402
0.0155095
0.0204982
0.0255275
0.0306104
0.0357492
0.0409457
0.0460243
0.0510198
0.0551425
0.0556318
0.0531554
0.0495186
0.0462337
0.043485
0.0406184
0.0377065
0.0349768
0.0324683
0.0301979
0.0281829
0.0263973
0.0247401
0.0231601
0.0216316
0.0201358
0.0186621
0.0172359
0.0158489
0.0144937
0.0131637
0.0118528
0.0105545
0.00926093
0.00810378
0.00709642
0.0062511
0.00557273
0.00491444
0.00425029
0.00376548
0.00333481
0.00293556
0.0025654
0.00222233
0.00190448
0.00161018
0.00133828
0.00108729
0.000855878
0.000642836
0.000447069
0.000267566
0.000103391
-4.63389e-05
-0.000182459
-0.000305763
-0.000417019
-0.000516982
-0.000606453
-0.000686478
-0.000789392
-0.000876871
-0.000960243
-0.00103772
-0.00110949
-0.00110625
-0.000411219
0.000216334
0.000702357
0.000528423
0.000313033
0.000134376
-6.6655e-07
-0.000126419
-0.000244985
-0.000357752
-0.000463252
-0.000561959
-0.00065431
-0.000740691
-0.000821445
-0.000896885
-0.000967297
-0.00103294
-0.00109407
-0.00115092
-0.00120371
-0.00125267
-0.00129806
-0.00134011
-0.00137908
-0.00141523
-0.00144881
-0.00148007
-0.00150928
-0.00153667
-0.0015625
-0.00158699
-0.00161038
-0.00163288
-0.00165467
-0.00167594
-0.00169684
-0.00171751
-0.001737
-0.00175644
-0.00177595
-0.00179559
-0.00181541
-0.00183542
-0.00185565
-0.00187608
-0.0018967
-0.0019175
-0.00193847
-0.0019596
-0.00198154
-0.00200398
-0.00202699
-0.00205072
-0.00207535
-0.00210093
-0.00226558
-0.0024063
-0.00245224
-0.00245553
-0.00245504
-0.00246699
-0.00248087
-0.00249262
-0.00250364
-0.00251361
-0.00252229
-0.00253044
-0.00253822
-0.00235508
-0.00215539
-0.00206676
-0.00207624
-0.00210528
-0.00214952
-0.00220669
-0.00227563
-0.0023798
-0.00267579
-0.00315782
-0.00382702
-0.0046839
-0.00566806
-0.0064478
-0.00707027
-0.0075379
-0.00784079
-0.00796953
-0.00791561
-0.00767139
-0.00738147
-0.00711129
-0.00685969
-0.00662533
-0.006407
-0.00620357
-0.00601403
-0.00583745
-0.00567293
-0.00551968
-0.00537692
-0.00524395
-0.00512009
-0.0050047
-0.00489718
-0.00479695
-0.00470344
-0.00461613
-0.0045345
-0.00445807
-0.00438636
-0.00431892
-0.00425532
-0.00419514
-0.00413802
-0.00408397
-0.00403297
-0.00398477
-0.00393913
-0.00389585
-0.00385481
-0.00381581
-0.00377873
-0.00375428
-0.00370961
-0.00363074
-0.0035139
-0.00335508
-0.00304701
-0.00264972
-0.00220589
-0.00180499
-0.00150194
-0.00129817
-0.00119333
-0.00118457
-0.00124067
-0.00136373
-0.00155587
-0.00155973
-0.000943523
-0.000521225
-0.000235372
-6.26838e-05
4.51048e-06
5.29882e-05
8.76104e-05
-0.00012224
-0.000529398
-0.00112172
-0.00189653
-0.00285211
-0.00370544
-0.00438635
-0.00490243
-0.00524535
-0.00540516
-0.00537266
-0.00518593
-0.00501182
-0.00484997
-0.00469949
-0.00455959
-0.00442954
-0.00430869
-0.0041964
-0.00409211
-0.00399526
-0.00390536
-0.00382192
-0.00374449
-0.00367265
-0.00360599
-0.00354412
-0.00348669
-0.00343335
-0.00338377
-0.00333766
-0.00329472
-0.0032547
-0.00321735
-0.00318244
-0.00314977
-0.00311915
-0.00309041
-0.00306341
-0.00303801
-0.00301409
-0.00299156
-0.00297032
-0.00295019
-0.00293112
-0.00291313
-0.00289618
-0.00285819
-0.0027925
-0.00269236
-0.00263835
-0.00258247
-0.00252244
-0.00245406
-0.00238675
-0.00238196
-0.00237813
-0.00237466
-0.00237163
-0.00236903
-0.00236686
-0.00236512
-0.00155883
-0.000714615
5.75292e-06
0.00061797
0.00112397
0.00156477
0.00198782
0.00239789
0.0021259
0.00170555
0.00112169
0.000366288
-0.000356302
-0.00097407
-0.00147334
-0.00183659
-0.00204826
-0.00213923
-0.0022227
-0.00229971
-0.00237069
-0.00243609
-0.00249633
-0.00255178
-0.00260281
-0.00264975
-0.00269291
-0.00273256
-0.00276896
-0.00280236
-0.00283297
-0.00286098
-0.00288658
-0.00290995
-0.00293123
-0.00295057
-0.00296811
-0.00298397
-0.00299826
-0.00301109
-0.00302257
-0.00303279
-0.00304183
-0.0030498
-0.00305676
-0.00306281
-0.003068
-0.00307243
-0.00307615
-0.00307922
-0.00308172
-0.00308377
-0.00308538
-0.00311992
-0.00311693
-0.00310652
-0.00308687
-0.00305475
-0.00300961
-0.00295147
-0.00288046
-0.00279673
-0.0027004
-0.0025915
-0.00246986
-0.00233466
-0.00223283
-0.00215316
-0.00209199
-0.00204764
-0.0011702
0.000488389
0.00194256
0.00326444
0.00447914
0.00558791
0.00664939
0.00769934
0.0077172
0.00735532
0.00685767
0.00625574
0.00565222
0.0051775
0.00473693
0.00432786
0.00394801
0.0035953
0.00326778
0.00296364
0.00268123
0.00241898
0.00217545
0.00194932
0.00173933
0.00154435
0.00136328
0.00119515
0.00103902
0.00089403
0.000759377
0.000634314
0.000518145
0.000410222
0.000309941
0.000216741
0.0001301
4.95336e-05
-2.54091e-05
-9.51455e-05
-0.000160063
-0.000220517
-0.000276838
-0.000329329
-0.000378269
-0.000423916
-0.000466507
-0.000506259
-0.000543372
-0.000578031
-0.000610398
-0.000640689
-0.000668901
-0.000695184
-0.000766129
-0.000895163
-0.00108249
-0.00132789
-0.00163108
-0.00199201
-0.00241127
-0.00276981
-0.00295514
-0.00293967
-0.00291019
-0.0029127
-0.00289797
-0.00288432
-0.00287215
-0.0028609
-0.00205349
-0.00120192
-0.000474739
0.000144435
0.000657518
0.00110279
0.00153003
0.00194414
0.00167538
0.00125752
0.000675356
-7.90718e-05
-0.000798389
-0.00141407
-0.00191189
-0.00227406
-0.00248499
-0.00257338
-0.00265437
-0.00272894
-0.0027975
-0.00286047
-0.00291824
-0.00297118
-0.00301965
-0.00306397
-0.00310446
-0.0031414
-0.00317508
-0.00320575
-0.00323365
-0.00325901
-0.00328204
-0.00330292
-0.00332185
-0.00333898
-0.00335447
-0.00336846
-0.00338107
-0.00339241
-0.00340259
-0.00341169
-0.00341979
-0.00342697
-0.00343328
-0.00343877
-0.00344351
-0.00344752
