0.00427304
0.00589116
0.00618701
0.00621754
0.00643634
0.00634984
0.00620784
0.00613659
0.00597565
0.00589414
0.00578034
0.00569749
0.005607
0.00552622
0.00544808
0.00537543
0.00530891
0.00524914
0.00519655
0.00515138
0.00511368
0.00508379
0.00506066
0.00504519
0.00503498
0.00503048
0.00502973
0.00503226
0.00503725
0.00504396
0.00505173
0.00506005
0.00506859
0.0050725
0.00507493
0.00507311
0.00506739
0.00505788
0.00504474
0.0050283
0.00500893
0.00498711
0.00496336
0.00493822
0.00491222
0.00488588
0.00485966
0.00483398
0.00480915
0.00478537
0.00476275
0.00474131
0.00472097
0.00470154
0.00468276
0.00466445
0.0046463
0.00462776
0.00460829
0.0045874
0.00456456
0.00453929
0.00451113
0.00447969
0.00444464
0.00440572
0.00436276
0.00431567
0.00426446
0.00418538
0.00413087
0.00406176
0.00400563
0.00393965
0.0038718
0.00380367
0.00372142
0.00363315
0.00357302
0.0035156
0.00346174
0.0034118
0.00336594
0.00332412
0.0032862
0.00325195
0.00322105
0.00319312
0.00316861
0.00314693
0.00312759
0.00311015
0.00309415
0.00307922
0.00306499
0.00305121
0.00303765
0.00302416
0.00301065
0.00299712
0.00298365
0.00297036
0.00295744
0.00294511
0.0029336
0.00292319
0.00291412
0.00290664
0.00290098
0.00289733
0.00289584
0.00289661
0.00289907
0.00290322
0.00290902
0.00291636
0.00292511
0.00293507
0.00294602
0.00295776
0.00297002
0.00298259
0.00299545
0.00301272
0.00302633
0.00303661
0.003044
0.00304881
0.00304872
0.00304789
0.00304358
0.00303717
0.00302833
0.00301697
0.00300307
0.00298668
0.00296803
0.00294756
0.00292552
0.00285929
0.00283851
0.00280483
0.00276857
0.00273157
0.00269518
0.00265979
0.00262568
0.00259335
0.00257723
0.002571
0.00257635
0.00259331
0.00261309
0.0026292
0.00263198
0.00262427
0.00261257
0.00260082
0.00258971
0.00257954
0.00257009
0.00256107
0.0025524
0.00254404
0.00253591
0.00252796
0.00252014
0.00251239
0.00250467
0.00249695
0.00248919
0.00248138
0.00247351
0.00246557
0.00245757
0.00244956
0.00244155
0.0024336
0.00242575
0.00241805
0.00241055
0.00240329
0.00239634
0.00238973
0.00238351
0.00237772
0.00237241
0.00236761
0.00236343
0.00235957
0.00236113
0.00236754
0.0023686
0.00236778
0.00236846
0.00236972
0.00237108
0.00237233
0.00237332
0.00237397
0.00237423
0.00237431
0.00237395
0.00237315
0.00237191
0.00237023
0.00236812
0.00236559
0.00236264
0.00238467
0.00237865
0.00238459
0.00238463
0.00237916
0.00237319
0.00236701
0.00234126
0.00230634
0.00226704
0.00222597
0.00218486
0.00214499
0.00210745
0.00207317
0.00204309
0.00201918
0.00199294
0.00197515
0.00196444
0.00195957
0.0019591
0.00197697
0.00200371
0.0020266
0.00204439
0.00205819
0.00206868
0.00207621
0.00208109
0.00208358
0.00208386
0.00208209
0.00207841
0.00207298
0.00206598
0.00205693
0.00205873
0.00205547
0.00204519
0.0020289
0.00201205
0.00199492
0.00197781
0.00196098
0.00194468
0.00192947
0.00191334
0.00189717
0.00188306
0.0018709
0.00186073
0.00185206
0.00184486
0.00183902
0.00183421
0.00183017
0.0018267
0.00182365
0.00182084
0.00181814
0.00181543
0.00181259
0.00180954
0.00180621
0.00180256
0.00179886
0.00179674
0.00179426
0.00179133
0.00210039
0.00215091
0.00211342
0.00207756
0.00204348
0.00201124
0.00198069
0.00199282
0.00205161
0.00212286
0.00219957
0.00227736
0.00235315
0.00242403
0.00248901
0.00254707
0.00259703
0.0026379
0.00266883
0.00268922
0.0026988
0.00269687
0.00268293
0.00265664
0.00261784
0.00256651
0.00250277
0.00243251
0.00236682
0.00230536
0.00224776
0.00219369
0.00214285
0.00209498
0.00204984
0.00200722
0.00196695
0.00192889
0.00189292
0.00185971
0.00178425
0.00175993
0.00173778
0.0017176
0.00169924
0.00168261
0.00166761
0.00165416
0.00164217
0.00163153
0.00162203
0.00161355
0.00160597
0.00159909
0.00159278
0.00158877
0.00158586
0.00158374
0.00158227
0.00158133
0.00158083
0.00158067
0.0015808
0.00158117
0.00158175
0.00158252
0.00158351
0.0015847
0.00158614
0.00158784
0.0015895
0.00159185
0.00163711
0.00170787
0.00175451
0.00177939
0.00177346
0.00172893
0.00165984
0.00157497
0.00147794
0.00137089
0.00125302
0.00112566
0.000991766
0.000853392
0.000711666
0.000567774
0.000424361
0.000286006
0.000154747
3.10509e-05
-8.46199e-05
-0.00019182
-0.00029015
-0.000379277
-0.000458943
-0.000528972
-0.000589262
-0.000639791
-0.000680608
-0.000711833
-0.000733651
-0.000746314
-0.000750136
-0.000745485
-0.0007328
-0.000712602
-0.000545105
-0.000442707
-0.0003083
-0.000172856
-4.90623e-05
6.40075e-05
0.000167161
0.000261136
0.000346573
0.000424066
0.00049424
0.000557694
0.000615002
0.000666715
0.00071339
0.000755807
0.000794347
0.000829416
0.000861409
0.000890703
0.000917643
0.000942548
0.000965677
0.000984443
0.00100029
0.00101368
0.00102503
0.00103465
0.00104281
0.00104974
0.0010556
0.00106053
0.00108069
0.00108264
0.00107344
0.00106713
0.00106521
0.00106603
0.00106509
0.00106567
0.0010788
0.00109647
0.00111426
0.00113071
0.00114473
0.00115456
0.00115905
0.00115708
0.00115114
0.00114555
0.00114036
0.00113561
0.00113131
0.00112747
0.00112407
0.00112112
0.00111857
0.00111639
0.00111454
0.00111296
0.0011116
0.0011104
0.00110931
0.00110827
0.00110722
0.00110611
0.0011049
0.00110354
0.00110202
0.00110031
0.00109839
0.00109649
0.00109703
0.00109499
0.00109272
0.00109051
0.00108839
0.00108638
0.00108452
0.00108282
0.00108131
0.00108001
0.00107893
0.0010781
0.0010775
0.00107801
0.00107887
0.00108016
0.00108185
0.00108393
0.00108633
0.00108903
0.00109197
0.00109511
0.00109841
0.00110183
0.00110533
0.00110889
0.0011125
0.00111614
0.0011198
0.00112339
0.00113043
0.0011336
0.0011479
0.00115456
0.00115708
0.00115971
0.00114355
0.00113869
0.00113448
0.00113413
0.00113795
0.00114331
0.00114873
0.00115422
0.00115979
0.00116544
0.00117118
0.00117698
0.00118286
0.00118879
0.00119476
0.00120076
0.00120677
0.00121278
0.00121876
0.00122472
0.00123064
0.00123651
0.00124234
0.00124812
0.00125386
0.00125957
0.00126527
0.00127096
0.00127667
0.00128242
0.00128824
0.001294
0.00129973
0.00130543
0.00131113
0.00131686
0.00132262
0.00132843
0.0013343
0.00134022
0.00134622
0.00135227
0.00135837
0.00136452
0.00137071
0.00137692
0.00138236
0.00138755
0.00139255
0.00139735
0.00140191
0.00140619
0.0014102
0.00141393
0.00141739
0.00142059
0.00142353
0.00142623
0.0014287
0.00143095
0.00143299
0.00143489
0.00143667
0.00143836
0.00143369
0.00143576
0.00142197
0.00141735
0.00142018
0.00142277
0.00142514
0.0014273
0.00144118
0.00146364
0.00148643
0.00150748
0.00152511
0.001538
0.00154514
0.00154579
0.00153932
0.00153299
0.00152716
0.00152176
0.00151676
0.0015121
0.00150775
0.00150363
0.00149972
0.00149597
0.00149233
0.00148876
0.00148524
0.00148173
0.00147821
0.00147464
0.00147103
0.00146733
0.00146375
0.00146029
0.00145694
0.00145369
0.00145054
0.0014475
0.00144456
0.00144172
0.001439
0.00143638
0.00143387
0.00143147
0.00142917
0.00142696
0.00142486
0.00142285
0.00142174
0.00142115
0.00142094
0.00142095
0.00142103
0.00142127
0.00142168
0.00142224
0.00142295
0.00142379
0.00142475
0.00142581
0.00142697
0.00142821
0.00142954
0.00143094
0.00143243
0.001434
0.00143565
0.0014374
0.00145834
0.00145855
0.00148172
0.0014927
0.00149272
0.00149298
0.00149348
0.00144919
0.00138375
0.00130763
0.00122618
0.00114252
0.00105872
0.000976153
0.000895616
0.000817068
0.000867544
0.000916955
0.000962281
0.00100489
0.00104495
0.0010826
0.00111798
0.00115119
0.00118234
0.00121151
0.00123878
0.00126422
0.00128791
0.00130993
0.00133032
0.00134918
0.00136659
0.00138266
0.00139749
0.00141118
0.00142386
0.00143562
0.0014466
0.00145689
0.00146662
0.00147588
0.00148477
0.00149339
0.00150182
0.00151011
0.00151832
0.0015265
0.00153467
0.00154284
0.00155102
0.00155919
0.00156735
0.00157553
0.0015837
0.00159182
0.00159988
0.00160783
0.00161568
0.00162341
0.00163101
0.00163848
0.00164584
0.00165309
0.00166027
0.0016674
0.00167427
0.00168291
0.00169021
0.00169744
0.00170217
0.00171133
0.00171499
0.0017208
0.00172637
0.00173172
0.00173688
0.00174191
0.00175616
0.00178835
0.00181403
0.00183931
0.00186234
0.00188117
0.00189387
0.00189863
0.00189979
0.001901
0.00190607
0.00190618
0.00190606
0.00190574
0.00190521
0.00190449
0.00190358
0.00190248
0.0019012
0.00189975
0.00189815
0.00189639
0.00189451
0.00189251
0.00189042
0.00188825
0.00188604
0.00188379
0.00188153
0.00187928
0.00187706
0.00187491
0.00187284
0.00187084
0.00186895
0.00186717
0.00186548
0.00186388
0.00186235
0.00186088
0.00185944
0.00185801
0.00185656
0.00185507
0.00185351
0.0018518
0.00184992
0.00184787
0.00184562
0.00184317
0.00184049
0.00183758
0.00183444
0.00183106
0.00182745
0.00182359
0.0018195
0.00181518
0.00181064
0.00180587
0.00180088
0.00179567
0.00179192
0.00178611
0.00178047
0.00177525
0.00177009
0.00179464
0.00185816
0.00193891
0.00202911
0.00212501
0.00222385
0.00233041
0.00234023
0.00234459
0.00234513
0.00234138
0.00233412
0.00232372
0.00231079
0.00229531
0.00227873
0.00226089
0.00224238
0.00222353
0.00220509
0.00211185
0.00202303
0.00193956
0.00186143
0.00178916
0.00172368
0.00166618
0.00161788
0.00158478
0.00156863
0.00157108
0.00158512
0.00159907
0.00161281
0.00162616
0.00163899
0.00165119
0.00166266
0.0016733
0.00168306
0.0016919
0.00169981
0.00170681
0.00171294
0.00171829
0.00172292
0.00172697
0.00173054
0.00173382
0.00173691
0.00173994
0.00174302
0.00174628
0.0017498
0.00175366
0.00175791
0.00176261
0.00176779
0.00177344
0.00177956
0.00178612
0.00179308
0.00180036
0.00180793
0.00181571
0.00181401
0.00182289
0.00183134
0.00183996
0.00184861
0.00185721
0.0018661
0.00187541
0.00209691
0.00225458
0.00234445
0.00237315
0.00234315
0.00225087
0.00209427
0.00188321
0.0016437
0.00141726
0.00122005
0.001048
0.00089758
0.000766752
0.000675819
0.000599502
0.00054287
0.000502341
0.000474328
0.000447307
0.000429814
0.000420465
0.000418129
0.000421834
0.000430603
0.000443696
0.000460415
0.00048014
0.000502307
0.000526408
0.000551973
0.000578566
0.000610705
0.000643291
0.000675321
0.000706575
0.000731502
0.000759209
0.000782094
0.00080316
0.000822828
0.000841091
0.000857977
0.000873547
0.000887899
0.000901208
0.000913594
0.000925194
0.000936143
0.00094657
0.000956586
0.000966288
0.00097575
0.000985025
0.000994148
0.00100313
0.00101195
0.0010206
0.00102903
0.00103743
0.00104581
0.00105417
0.00110179
0.00110659
0.00111822
0.00112618
0.00114836
0.00117589
0.00118328
0.00118936
0.00119591
0.00120323
0.00121056
0.00121786
0.00122512
0.00123232
0.00123944
0.00124648
0.00125345
0.00126034
0.00126716
0.00127393
0.00128065
0.00128734
0.00129401
0.00130068
0.00130734
0.00131402
0.00132074
0.00132749
0.0013343
0.00134117
0.00134812
0.00135514
0.00136224
0.00136941
0.00137664
0.00138392
0.00139124
0.00139856
0.00140587
0.00141312
0.0014203
0.00142737
0.00143431
0.00144109
0.0014477
0.00145413
0.00146039
0.00146648
0.00147244
0.00147827
0.00148402
0.0014897
0.00149535
0.00150106
0.00150686
0.00151278
0.00151887
0.00152517
0.00153152
0.00153715
0.00154247
0.00154753
0.00155236
0.00155699
0.00156162
0.00156628
0.00157098
0.00157569
0.00158038
0.00158502
0.00158778
0.00159246
0.00158973
0.0015852
0.00158458
0.00158771
0.00159093
0.00159421
0.00159757
0.00160102
0.00160506
0.00161294
0.0016248
0.00164116
0.00166249
0.00168788
0.00170911
0.00172939
0.00174727
0.00176225
0.00177383
0.00178153
0.00178487
0.00178693
0.00178914
0.00179148
0.00179394
0.00179648
0.0017991
0.00180175
0.00180443
0.00180709
0.00180971
0.00181227
0.00181473
0.00181708
0.00181928
0.00182132
0.00182318
0.00182486
0.00182634
0.00182764
0.00182876
0.00182971
0.00183052
0.00183123
0.00183185
0.00183244
0.00183302
0.00183364
0.00183434
0.00183513
0.00183605
0.00183703
0.0018381
0.00183923
0.00184098
0.00184308
0.0018455
0.00184821
0.00185118
0.00185401
0.00185694
0.00186015
0.00186292
0.00186555
0.00186808
0.00187051
0.00187285
0.00187512
0.00188318
0.00188481
0.00189254
0.00189422
0.00190803
0.00192259
0.00193268
0.00193844
0.00194406
0.00194963
0.00195126
0.00194916
0.00194298
0.00193231
0.0019167
0.00190137
0.00188804
0.00187681
0.00186829
0.00186306
0.00186171
0.00186375
0.0018658
0.00186786
0.00186994
0.00187207
0.00187425
0.00187649
0.00187879
0.00188116
0.00188357
0.00188604
0.00188854
0.00189105
0.00189357
0.00189608
0.00189854
0.00190095
0.00190328
0.00190552
0.00190766
0.00190969
0.00191161
0.00191343
0.00191515
0.00191678
0.00191835
0.00191986
0.00192134
0.00192281
0.00192429
0.00192579
0.00192732
0.00192894
0.00193067
0.00193251
0.00193447
0.0019363
0.00193806
0.00193976
0.0019418
0.00194378
0.00194586
0.00194805
0.00195024
0.00195231
0.00195435
0.00195637
0.00195835
0.00196028
0.00195463
0.00195718
0.00195896
0.00194192
0.00192748
0.00191535
0.00190596
0.00189787
0.00188908
0.00187956
0.00188265
0.0018857
0.00189215
0.00190257
0.00191351
0.00192353
0.00193216
0.00193883
0.00194297
0.00194497
0.00194698
0.00194899
0.00195101
0.00195305
0.00195509
0.00195715
0.00195921
0.00196127
0.00196333
0.00196538
0.00196741
0.00196943
0.00197141
0.00197336
0.00197526
0.0019771
0.00197889
0.00198061
0.00198226
0.00198384
0.00198534
0.00198677
0.00198813
0.00198942
0.00199067
0.00199187
0.00199305
0.0019942
0.00199536
0.00199651
0.00199769
0.00199888
0.0020001
0.00200129
0.00200245
0.00200418
0.00200615
0.00200834
0.00201076
0.00201338
0.00201621
0.00201923
0.00202243
0.0020258
0.00202934
0.00203303
0.00203688
0.0020409
0.00204436
0.00204734
0.00205669
0.00205807
0.00205944
0.00206055
0.00208437
0.00210888
0.00213157
0.00215246
0.00217382
0.00219712
0.00220219
0.00220366
0.00220511
0.00220587
0.00220583
0.00220721
0.00220856
0.0022099
0.00221121
0.00221251
0.00221379
0.00221504
0.00221628
0.00221748
0.00221865
0.00221978
0.00222088
0.00222193
0.00222293
0.00222389
0.0022248
0.00222567
0.00222648
0.00222725
0.00222797
0.00222864
0.00222928
0.00222987
0.00223043
0.00223095
0.00223144
0.00223189
0.00223231
0.00223271
0.00223309
0.00223346
0.00223381
0.00223417
0.00223453
0.0022349
0.00223529
0.0022357
0.00223613
0.00223663
0.00223718
0.0022378
0.00223816
0.00223834
0.00223832
0.00223811
0.00223769
0.00223706
0.00223622
0.00224125
0.00224227
0.00224233
0.00224242
0.00224331
0.00224382
0.00224433
0.00223312
0.00223469
0.00223513
0.00221881
0.00220446
0.00219199
0.00218188
0.00217303
0.00216348
0.00215325
0.00215487
0.00215659
0.00216164
0.00217056
0.00218002
0.00218871
0.00219613
0.00220171
0.00220489
0.00220596
0.00220701
0.00220804
0.00220903
0.00220999
0.00221092
0.00221182
0.00221269
0.00221354
0.00221436
0.00221517
0.00221596
0.00221674
0.00221751
0.00221827
0.00221904
0.00221979
0.00222054
0.00222127
0.00222199
0.00222269
0.00222336
0.00222399
0.00222458
0.00222513
0.00222564
0.0022261
0.00222651
0.00222688
0.00222721
0.00222751
