0.087224
0.0825424
0.0765703
0.0710369
0.0667164
0.0619117
0.0574583
0.0533093
0.0494767
0.0459044
0.0426009
0.0395283
0.0366815
0.0340381
0.0315858
0.0293107
0.0272005
0.0252433
0.0234283
0.0217454
0.020185
0.0187384
0.0173974
0.0161542
0.0150017
0.0139331
0.0129419
0.0120227
0.0111702
0.0103794
0.0096456
0.00896451
0.00833215
0.00774716
0.00720314
0.00669728
0.00622717
0.00579018
0.0053839
0.00500615
0.00465496
0.0043285
0.00402513
0.00374334
0.00348173
0.00323905
0.00301409
0.00280575
0.002613
0.00243486
0.00227039
0.00211871
0.00197894
0.00185026
0.00173187
0.00162295
0.00152273
0.00143055
0.00134571
0.00126751
0.00119531
0.00112851
0.00106656
0.00100893
0.000955155
0.000904818
0.000857562
0.000813021
0.000770967
0.000731704
0.000693907
0.000661842
0.000853888
0.000814712
0.000780168
0.000747484
0.000338313
-0.000240358
-0.000204211
-0.000171678
-0.000142327
-0.000115783
-9.17112e-05
-6.98191e-05
-4.98514e-05
-3.15909e-05
-1.48568e-05
4.96918e-07
1.46417e-05
2.761e-05
3.9437e-05
5.01577e-05
5.97884e-05
6.83305e-05
7.57758e-05
8.2003e-05
8.71252e-05
9.112e-05
9.39719e-05
9.56861e-05
9.62801e-05
9.57855e-05
9.42482e-05
9.17297e-05
8.83064e-05
8.40679e-05
7.91153e-05
7.35586e-05
6.7514e-05
6.10999e-05
5.44342e-05
4.76304e-05
4.07915e-05
3.40287e-05
2.74224e-05
2.10378e-05
1.49226e-05
9.10642e-06
3.60012e-06
-1.60379e-06
-6.53027e-06
-1.12449e-05
-1.54906e-05
-2.43253e-05
-3.28855e-05
-4.12597e-05
-4.96339e-05
-5.81656e-05
-6.52668e-05
-7.01831e-05
-7.57753e-05
-0.000133875
-0.000197486
-0.000249151
-0.00028197
-0.000293208
-0.000286641
-0.00028122
-0.000276809
-0.000272666
-0.00026998
-0.000269435
0.00121943
0.00296013
0.00426891
0.0052775
0.00606784
0.00664553
0.00612431
0.00506771
0.0032966
0.000875612
-0.0015094
-0.003551
-0.0042867
-0.00424343
-0.00396686
-0.0037092
-0.00347046
-0.00324934
-0.0030446
-0.00285498
-0.00267949
-0.00251716
-0.00236711
-0.00222849
-0.00210053
-0.00198247
-0.00187361
-0.0017733
-0.00168091
-0.00159585
-0.00151755
-0.00144551
-0.00137922
-0.00131823
-0.00126212
-0.00121049
-0.00116297
-0.00111924
-0.00107899
-0.00104194
-0.00100786
-0.000976521
-0.00094773
-0.000921314
-0.000897122
-0.00087502
-0.000854892
-0.0008365
-0.000819778
-0.000803719
-0.000789888
-0.000777662
-0.000766351
-0.000755937
-0.000746473
-0.000738001
-0.000730485
-0.000723879
-0.000718131
-0.000712276
-0.000707226
-0.000702911
-0.000699258
-0.000696197
-0.000693656
-0.000691568
-0.000689868
-0.000688533
-0.000687435
-0.000429701
-0.000316741
-0.000337674
-0.000355939
-0.000372787
-0.000949674
-0.00183836
-0.00292605
-0.00415273
-0.00548148
-0.00688653
-0.00834799
-0.00984906
-0.0113727
-0.0128575
-0.0146862
-0.0163602
-0.0178963
-0.0193216
-0.0206956
-0.0208072
-0.0196529
-0.0182929
-0.0170311
-0.0158606
-0.0147747
-0.0137674
-0.0128329
-0.0119661
-0.011162
-0.0104162
-0.00972451
-0.00908296
-0.00848799
-0.0079363
-0.00779944
-0.00756135
-0.00719398
-0.00673687
-0.00631303
-0.00592005
-0.00555571
-0.00521791
-0.00490473
-0.00461517
-0.00434675
-0.00409809
-0.00386804
-0.00365519
-0.00345826
-0.00327627
-0.00310762
-0.00295147
-0.00280696
-0.00267326
-0.0025496
-0.00243527
-0.00232958
-0.00223193
-0.00214172
-0.00205843
-0.00198156
-0.00191065
-0.00184525
-0.00178483
-0.00172961
-0.00167873
-0.0016319
-0.00523248
-0.00584993
-0.00550689
-0.00518972
-0.00489643
-0.00462506
-0.00437435
-0.00452219
-0.00510605
-0.00580215
-0.00654664
-0.00730047
-0.00803552
-0.00872638
-0.00936451
-0.00994141
-0.0104468
-0.0108716
-0.0112083
-0.011451
-0.0115965
-0.011637
-0.011566
-0.0113777
-0.0110674
-0.0106307
-0.0100638
-0.00942449
-0.00883119
-0.00828065
-0.00776984
-0.00729592
-0.00685628
-0.00644847
-0.00607023
-0.00571944
-0.00539416
-0.00509254
-0.00481291
-0.00455351
-0.00352268
-0.00335697
-0.00320348
-0.00306133
-0.00292971
-0.00280784
-0.00269503
-0.00259063
-0.00249385
-0.0024043
-0.00232147
-0.00224488
-0.00217406
-0.00210875
-0.00204852
-0.00199224
-0.00193983
-0.00189108
-0.00184574
-0.00180359
-0.0017644
-0.00172798
-0.00169414
-0.00166273
-0.00163357
-0.00160653
-0.00158147
-0.00155826
-0.00153678
-0.00151691
-0.00149855
-0.0014816
-0.000672253
0.000532041
0.00124647
0.0015586
0.00135754
0.000566705
-0.000558665
-0.00186831
-0.00330082
-0.00482213
-0.00644148
-0.00813975
-0.00987893
-0.0116359
-0.0134002
-0.015162
-0.0168947
-0.0185465
-0.020099
-0.0215536
-0.0229114
-0.0241729
-0.0253388
-0.0264098
-0.0273867
-0.0282709
-0.0290639
-0.0297674
-0.0303836
-0.0309148
-0.031364
-0.0317339
-0.0320282
-0.0322506
-0.0324058
-0.0324997
-0.0302578
-0.0290535
-0.0272782
-0.0254111
-0.0236781
-0.0220696
-0.0205767
-0.019191
-0.0179049
-0.0167113
-0.0156035
-0.0145753
-0.0136211
-0.0127356
-0.0119137
-0.011151
-0.0104431
-0.00978619
-0.0091765
-0.00861064
-0.00808547
-0.00759802
-0.00714557
-0.00672606
-0.00633696
-0.00597609
-0.00564141
-0.00533104
-0.00504323
-0.00477636
-0.00452892
-0.00429952
-0.00408688
-0.00388977
-0.00336457
-0.00299082
-0.00277939
-0.00266658
-0.00253164
-0.00244988
-0.00264788
-0.0029398
-0.00322974
-0.00348833
-0.00369507
-0.00381875
-0.00384046
-0.00374205
-0.00357371
-0.00341767
-0.00327309
-0.00313912
-0.00301499
-0.00289998
-0.00279343
-0.00269472
-0.00260329
-0.0025186
-0.00244018
-0.00236757
-0.00230036
-0.00223817
-0.00218064
-0.00212744
-0.00207827
-0.00203286
-0.00199094
-0.00195227
-0.00191663
-0.00188381
-0.00185361
-0.00182572
-0.00193489
-0.00191633
-0.00188445
-0.00185503
-0.0018279
-0.00180289
-0.00177986
-0.00175864
-0.00173911
-0.00172115
-0.00170463
-0.00168945
-0.0016755
-0.00166223
-0.00164991
-0.00163844
-0.00162774
-0.00161775
-0.00160841
-0.00159967
-0.00159149
-0.00158385
-0.00157669
-0.00157
-0.00156377
-0.00155795
-0.00155253
-0.00154748
-0.00154279
-0.0015385
-0.00153457
-0.00153102
-0.0012902
-0.00121936
-0.00123834
-0.00125596
-0.00146746
-0.00163969
-0.00179879
-0.001881
-0.0018812
-0.00185349
-0.00182784
-0.00180409
-0.00178209
-0.0017617
-0.0017428
-0.00172526
-0.00170897
-0.00169385
-0.00167979
-0.00166674
-0.00165461
-0.00164335
-0.00163288
-0.00162316
-0.00161413
-0.00160574
-0.00159797
-0.00159075
-0.00158407
-0.00157788
-0.00157215
-0.00156684
-0.00156194
-0.00155739
-0.00155318
-0.00154939
-0.001546
-0.00154297
-0.00154027
-0.00153786
-0.00153571
-0.0015338
-0.0015321
-0.00153058
-0.00152923
-0.00152801
-0.00152692
-0.00152593
-0.00152503
-0.00152422
-0.00152419
-0.00152442
-0.00152481
-0.00152538
-0.00152614
-0.00152711
-0.00152828
-0.00152965
-0.00153119
-0.00153291
-0.0015348
-0.00153683
-0.00153901
-0.00154132
-0.00154374
-0.00154624
-0.00154877
-0.00155134
-0.00155391
-0.00155653
-0.0012802
-0.00117444
-0.00120512
-0.00123383
-0.0012607
-0.00128584
-0.00151497
-0.00189861
-0.00229169
-0.0026584
-0.00296908
-0.00319969
-0.00333068
-0.00334583
-0.00322929
-0.00311435
-0.00300785
-0.00290917
-0.00281776
-0.00273312
-0.00265475
-0.00258223
-0.00251512
-0.00245307
-0.0023957
-0.0023427
-0.00229375
-0.00224858
-0.00220691
-0.00216849
-0.00213311
-0.00210054
-0.00207045
-0.00204264
-0.00201696
-0.00199325
-0.00197137
-0.00195118
-0.00193257
-0.00191543
-0.00189964
-0.00188511
-0.00187175
-0.00185948
-0.00184822
-0.0018379
-0.00182844
-0.00181978
-0.00181116
-0.00180291
-0.0017951
-0.00178784
-0.00178114
-0.00177489
-0.00176904
-0.00176357
-0.00175843
-0.00175363
-0.00174913
-0.00174492
-0.001741
-0.00173734
-0.00173394
-0.00173077
-0.00172783
-0.00172511
-0.00172259
-0.00172025
-0.00171793
-0.00171595
-0.00147412
-0.00137416
-0.00139691
-0.00141806
-0.00143771
-0.00192562
-0.00262547
-0.00342577
-0.00427097
-0.00512961
-0.00598218
-0.00681642
-0.00762597
-0.00841288
-0.00793127
-0.00747279
-0.0070585
-0.00667391
-0.00631688
-0.00598544
-0.00567776
-0.00539213
-0.00512699
-0.00488086
-0.00465239
-0.00444031
-0.00424346
-0.00406075
-0.00389118
-0.00373381
-0.00358777
-0.00345225
-0.0033265
-0.00320982
-0.00310155
-0.00300108
-0.00290787
-0.00282136
-0.00274109
-0.0026666
-0.00259745
-0.00253327
-0.00247368
-0.00241835
-0.00236697
-0.00231923
-0.00227488
-0.00223366
-0.00219535
-0.00215973
-0.0021266
-0.00209575
-0.002067
-0.00204023
-0.00201527
-0.00199201
-0.00197031
-0.00195007
-0.00193117
-0.00191352
-0.00189702
-0.00188159
-0.00186714
-0.00185359
-0.00184112
-0.00195295
-0.00193314
-0.0019147
-0.00189667
-0.00206347
-0.00186251
-0.00185018
-0.001839
-0.00182885
-0.00181966
-0.00181133
-0.00202451
-0.00261847
-0.00299304
-0.0033165
-0.00356392
-0.00371419
-0.00374952
-0.00365577
-0.00351712
-0.00338849
-0.00333717
-0.00322228
-0.00311591
-0.00301745
-0.00292634
-0.00284206
-0.00276411
-0.00269206
-0.00262548
-0.00256398
-0.00250719
-0.00245478
-0.00240643
-0.00236184
-0.00232075
-0.00228288
-0.00224801
-0.00221591
-0.00218638
-0.00215921
-0.00213424
-0.00211127
-0.00209016
-0.00207076
-0.00205294
-0.00203657
-0.00202155
-0.00200777
-0.00199516
-0.00198363
-0.0019731
-0.00196352
-0.00195481
-0.00194693
-0.00193983
-0.00193351
-0.00192791
-0.001923
-0.00191873
-0.00191507
-0.00191198
-0.00190944
-0.00190741
-0.00190587
-0.00190479
-0.00190414
-0.0019039
-0.00190405
-0.00190456
-0.0019054
-0.00190656
-0.00190802
-0.00190976
-0.00191175
-0.00191412
-0.00191641
-0.00191904
0.000692294
0.00439553
0.00747908
0.00995459
0.0119846
0.0136688
0.0152789
0.0140371
0.0128849
0.0118157
0.0108237
0.00990333
0.00904928
0.00825678
0.00752158
0.00683927
0.00620626
0.00561893
0.00507402
0.00456828
0.00301089
0.0016151
0.000375068
-0.000728462
-0.00170449
-0.00255409
-0.00327417
-0.00385971
-0.00424755
-0.00442445
-0.00437886
-0.00420248
-0.00403857
-0.00388625
-0.00374474
-0.0036133
-0.00349123
-0.00337792
-0.00327275
-0.00317517
-0.00308467
-0.00300078
-0.00292303
-0.002851
-0.00278429
-0.00272252
-0.00266534
-0.00261241
-0.00256337
-0.00251793
-0.0024758
-0.00243672
-0.00240043
-0.00236668
-0.00233527
-0.002306
-0.00227866
-0.00225309
-0.00222912
-0.00220662
-0.00218546
-0.00216553
-0.00214673
-0.00212898
-0.00211221
-0.00209646
-0.00208148
-0.00206737
-0.00205419
-0.00204198
-0.00203079
-0.00202029
-0.00201042
0.0067525
0.015585
0.0241748
0.0327285
0.0413468
0.0494623
0.0572416
0.0634914
0.0645831
0.0616091
0.0570412
0.0526882
0.0487573
0.0451075
0.0408451
0.0371631
0.0337503
0.0306208
0.0277867
0.0256399
0.0236478
0.0217996
0.0200849
0.0184942
0.0170188
0.0156503
0.014381
0.0132037
0.0121118
0.0110991
0.0101597
0.00928811
0.00832454
0.00741176
0.00656693
0.0057802
0.00522291
0.00455517
0.00406646
0.00363043
0.00322492
0.00284772
0.00249679
0.00217026
0.00186644
0.00158374
0.00132075
0.00107617
0.000848781
0.00063749
0.000441266
0.00025915
9.02447e-05
-6.62972e-05
-0.000211279
-0.000345469
-0.000469601
-0.000584382
-0.000690497
-0.000788282
-0.000878438
-0.000961585
-0.00103839
-0.00110923
-0.00095648
-0.00103293
-0.000403872
0.000389265
0.000216087
2.14192e-06
-0.000175292
-0.000309344
-0.000434371
-0.000551098
-0.000660154
-0.000762064
-0.000857302
-0.000946284
-0.00102938
-0.00110691
-0.00117918
-0.00124645
-0.00130897
-0.00136696
-0.00142064
-0.00147023
-0.00151594
-0.00155799
-0.00159658
-0.00163194
-0.0016643
-0.00169388
-0.00172092
-0.00174566
-0.00176833
-0.00178916
-0.00180837
-0.00182618
-0.00184279
-0.00185839
-0.00187313
-0.00188716
-0.00190061
-0.00191358
-0.00192613
-0.00193833
-0.00195019
-0.00196173
-0.00197294
-0.0019838
-0.00199426
-0.00200428
-0.00201381
-0.00202279
-0.00203117
-0.00203886
-0.00204582
-0.00205204
-0.00205747
-0.00206212
-0.00206613
-0.00207011
-0.00207375
-0.00207705
-0.00208005
-0.00208277
-0.00208514
-0.00208722
-0.00208907
-0.00209079
-0.00209249
-0.00209423
-0.00209615
-0.00209815
-0.00142249
-0.000714752
-0.000411418
-0.000424417
-0.000457944
-0.000507237
-0.000570084
-0.000645392
-0.000756332
-0.00106324
-0.00155259
-0.00222895
-0.00309283
-0.00408372
-0.00480905
-0.00543863
-0.00591373
-0.00622436
-0.00636108
-0.00631538
-0.00607962
-0.00579882
-0.00553797
-0.00529564
-0.00507056
-0.00486154
-0.00466748
-0.00448739
-0.00432032
-0.00416542
-0.00402189
-0.00388897
-0.00376596
-0.0036522
-0.00354706
-0.00344995
-0.00336031
-0.00327759
-0.0032013
-0.00313093
-0.00306603
-0.00300616
-0.0029509
-0.00289986
-0.00285268
-0.002809
-0.00276851
-0.00273093
-0.00269599
-0.00266346
-0.00263313
-0.00260485
-0.00257847
-0.00255385
-0.00253047
-0.00250842
-0.00248765
-0.0024681
-0.00244974
-0.00243286
-0.00241718
-0.00240249
-0.00238939
-0.00237758
-0.00236701
-0.00235764
-0.0023494
-0.00234223
-0.00233606
-0.00233082
-0.00165863
-0.00170308
-0.000723174
0.000159194
0.000588395
0.000654565
0.000696169
0.000723985
0.000507372
9.45153e-05
-0.000503784
-0.00128431
-0.00224533
-0.00310367
-0.00378632
-0.00430759
-0.00465598
-0.00482137
-0.00479457
-0.0046137
-0.00444575
-0.00428983
-0.00414513
-0.00401088
-0.00388638
-0.00377099
-0.00366408
-0.00356511
-0.00347352
-0.00338884
-0.00331058
-0.0032383
-0.00317158
-0.00311001
-0.00305322
-0.00300084
-0.00295252
-0.00290796
-0.00286682
-0.00282884
-0.00279373
-0.00276125
-0.00273116
-0.00270327
-0.00267736
-0.00265327
-0.00263085
-0.00260996
-0.00259048
-0.00257232
-0.00255538
-0.00253957
-0.00252482
-0.00251109
-0.00249833
-0.0024867
-0.0024761
-0.00246649
-0.00245751
-0.00244945
-0.00244214
-0.00243554
-0.00242968
-0.00242462
-0.00242046
-0.00241692
-0.00241384
-0.00241127
-0.00240894
-0.00240725
-0.00240575
-0.000477095
0.000892513
0.00185798
0.00247097
0.00289802
0.00330716
0.00370343
0.0032644
0.00283204
0.00223694
0.00147056
0.000737692
0.000109848
-0.000399505
-0.000772845
-0.000994611
-0.00109581
-0.0011898
-0.00127713
-0.00135827
-0.0014337
-0.00150384
-0.00156909
-0.00162981
-0.00168634
-0.00173899
-0.00178806
-0.00183379
-0.00187643
-0.00191621
-0.00195332
-0.00198795
-0.00202027
-0.00205044
-0.0020786
-0.00210489
-0.00212941
-0.0021523
-0.00217366
-0.00219358
-0.00221217
-0.00222951
-0.00224568
-0.00226077
-0.00227486
-0.00228801
-0.00230031
-0.00231181
-0.00232258
-0.00233269
-0.00234224
-0.00235128
-0.00235935
-0.00236681
-0.00237372
-0.00238012
-0.00238607
-0.00239159
-0.00239674
-0.00240153
-0.002406
-0.00241018
-0.00241407
-0.0024177
-0.00242106
-0.00242476
-0.00242873
-0.00243292
-0.00243733
-0.00244177
-0.00244603
-6.5827e-05
0.00200893
0.00360317
0.0048066
0.00586727
0.00691609
0.00652447
0.00587458
0.00527132
0.00466993
0.00406723
0.00359342
0.00315348
0.00274498
0.00236568
0.00201348
0.00168646
0.00138281
0.00110087
0.000839099
0.000596051
0.000370398
0.0001609
-3.3594e-05
-0.000214155
-0.000381779
-0.000537395
-0.000681867
-0.000815999
-0.000940542
-0.00105619
-0.0011636
-0.00126337
-0.00135607
-0.00144222
-0.0015223
-0.00159676
-0.00166603
-0.00173048
-0.00179048
-0.00184635
-0.00189839
-0.00194688
-0.00199208
-0.00203422
-0.00207352
-0.00211017
-0.00214435
-0.00217623
-0.00220594
-0.0022336
-0.00225936
-0.00228365
-0.00230649
-0.00232799
-0.00234822
-0.00236727
-0.00238522
-0.00240215
-0.00275958
-0.00282404
-0.00280857
-0.00279427
-0.00279849
-0.00278476
-0.00277212
-0.0027604
-0.00275021
-0.00274051
-0.000796937
0.000584119
0.00156135
0.00218643
0.00261619
0.00302774
0.00342625
0.00298973
0.00255846
0.00196337
0.00119632
0.000465086
-0.000162299
-0.00067181
-0.00104569
-0.00126834
-0.00136857
-0.00146168
-0.00154815
-0.00162844
-0.00170299
-0.00177219
-0.00183642
-0.00189605
-0.0019514
-0.00200278
-0.00205051
-0.00209484
-0.00213606
-0.0021744
-0.0022101
-0.00224337
-0.0022744
-0.00230339
-0.0023305
-0.00235588
-0.00237968
-0.00240202
-0.00242302
-0.00244278
-0.00246138
-0.00247891
-0.00249543
-0.002511
-0.00252568
-0.00253952
-0.00255254
