0.000139599
0.000396296
0.000740212
0.00114076
0.00156862
0.00199342
0.00238684
0.00272382
0.00298254
0.00314573
0.00320112
0.00314202
0.00296727
0.00268118
0.0022931
0.00181684
0.00126993
0.000672775
4.76645e-05
-0.000582242
-0.00119393
-0.0017655
-0.00227709
-0.00271165
-0.00305557
-0.00329917
-0.00343698
-0.00346784
-0.00339485
-0.00322507
-0.00296917
-0.00264073
-0.00225574
-0.00183196
-0.0013879
-0.000942223
-0.000512962
-0.000116882
0.000231159
0.000518719
0.000736184
0.000877058
0.000938114
0.000919445
0.000824358
0.000659141
0.000432718
0.000156213
-0.000157559
-0.000494659
-0.000840605
-0.00118097
-0.00150196
-0.00179092
-0.00203684
-0.0022307
-0.0023658
-0.00243796
-0.00244559
-0.0023897
-0.0022738
-0.00210366
-0.00188703
-0.00163328
-0.00135301
-0.00105754
-0.000758521
-0.000467397
-0.000195
4.88735e-05
0.00025534
0.00041762
0.000531359
0.00059384
0.000604456
0.000564695
0.000477414
0.000347045
0.000180717
-1.31815e-05
-0.00022538
-0.000446129
-0.000665614
-0.000874365
-0.00106363
-0.00122574
-0.00135437
-0.00144475
-0.00149387
-0.00150052
-0.00146528
-0.00139046
-0.00127996
-0.00113901
-0.000973964
-0.000791956
-0.000600623
-0.000407751
-0.000220953
-4.73609e-05
0.000106643
0.000235712
0.000335672
0.000403684
0.000438307
0.000439513
0.000408647
0.000348322
0.000262277
0.000155184
3.24262e-05
-0.000100148
-0.000236474
-0.00037055
-0.000496687
-0.000609741
-0.000705305
-0.000779873
-0.000830949
-0.000857114
-0.000858043
-0.00083462
-0.000788475
-0.000722087
-0.00063866
-0.000541968
-0.000436174
-0.000325647
-0.000214779
-0.000107785
-8.60294e-06
7.9188e-05
0.00015258
0.000209257
0.000247669
0.000267072
0.000267516
0.000249792
0.00021537
0.00016632
0.000105217
3.49908e-05
-3.87325e-05
-0.000110107
-0.000174364
-0.000227736
-0.000267426
-0.000291666
-0.000301151
-0.000297951
-0.000285645
-0.000268984
-0.00025254
-0.00024003
-0.000232679
-0.000230158
-0.000231567
-0.000235914
-0.000242156
-0.000249243
-0.000256161
-0.000261966
-0.000265829
-0.000267057
-0.000265123
-0.000259676
-0.000250558
-0.000237797
-0.000221605
-0.000202365
-0.000180616
-0.000156994
-0.000132239
-0.000107146
-8.25285e-05
-5.91822e-05
-3.78515e-05
-1.91982e-05
-3.77507e-06
7.9973e-06
1.58464e-05
1.96579e-05
1.9478e-05
1.55142e-05
8.12558e-06
-2.19421e-06
-1.48398e-05
-2.91218e-05
-4.42978e-05
-5.96064e-05
-7.42967e-05
-8.77047e-05
-9.92569e-05
-0.000108476
-0.000114995
-0.000118564
-0.000119056
-0.000116467
-0.000110915
-0.000102627
-9.19357e-05
-7.92694e-05
-6.51132e-05
-5.00012e-05
-3.4495e-05
-1.91633e-05
-4.5604e-06
8.79325e-06
2.04297e-05
2.99494e-05
3.70343e-05
4.18144e-05
4.42792e-05
4.42877e-05
4.18013e-05
3.68838e-05
2.88231e-05
1.661e-05
-8.14451e-07
-2.44076e-05
-5.49217e-05
-9.28321e-05
-0.00013829
-0.000191093
-0.00025068
-0.000316056
-0.000386466
-0.000460594
-0.000536679
-0.000612655
-0.000686346
-0.000753625
-0.000808756
-0.000846455
-0.000862585
-0.000854274
-0.000819973
-0.000759468
-0.000673836
-0.000565345
-0.000437355
-0.00029403
-0.000140234
1.87337e-05
0.000177378
0.000330268
0.000471658
0.000596592
0.000701099
0.000782257
0.000838092
0.000867649
0.000871015
0.000849297
0.000804563
0.000739746
0.000658509
0.000565044
0.000463865
0.000359622
0.000256904
0.000160009
7.28296e-05
-1.30695e-06
-5.97532e-05
-0.000100623
-0.000122837
-0.000126142
-0.00011108
-7.89359e-05
-3.16598e-05
2.82278e-05
9.77798e-05
0.000173753
0.000252753
0.000331373
0.000406355
0.000474682
0.000533702
0.000581224
0.000608975
0.000617124
0.00060647
0.00057848
0.00053521
0.000479209
0.000412821
0.000338069
0.000257113
0.000172269
8.59726e-05
7.22687e-07
-8.09791e-05
-0.00015672
-0.000224262
-0.00028161
-0.000327079
-0.000359345
-0.000377484
-0.000380999
-0.000369822
-0.000344304
-0.00030518
-0.000253533
-0.00019074
-0.000118415
-3.84356e-05
4.6953e-05
0.000135243
0.000223775
0.000309833
0.000390831
0.000464338
0.000528204
0.000580645
0.000620309
0.000646324
0.000658329
0.000656481
0.000642706
0.000617929
0.000583469
0.000540992
0.00049243
0.000439899
0.000385604
0.00033175
0.00028045
0.000233639
0.000193
0.000159901
0.0001354
0.000120109
0.00011423
0.000117564
0.000129522
0.000149165
0.000175262
0.000206346
0.000240794
0.000276893
0.000312908
0.000347174
0.000378154
0.000404502
0.000425113
0.000439157
0.000446107
0.000445746
0.000438168
0.000423757
0.000404382
0.000382626
0.000360216
0.000338175
0.000316659
0.000294899
0.0002717
0.000245759
0.000215822
0.000180796
0.000139774
9.20991e-05
3.74491e-05
-2.41273e-05
-9.22058e-05
-0.000166001
-0.000244367
-0.000325778
-0.000408373
-0.000490056
-0.000568592
-0.000641718
-0.000707231
-0.000763082
-0.000807462
-0.000838876
-0.0008562
-0.000858731
-0.000846209
-0.000818836
-0.00077725
-0.000722512
-0.000656066
-0.000579683
-0.000495394
-0.000405423
-0.000308526
-0.00020563
-9.71018e-05
1.6502e-05
0.000134061
0.000253969
0.000374254
0.000492691
0.000606929
0.000714612
0.00081349
0.000901531
0.000977012
0.0010386
0.00108541
0.00111703
0.00113352
0.00113544
0.00112382
0.00110009
0.00106602
0.00102369
0.000975332
0.000923313
0.000869995
0.000817652
0.000768389
0.000724065
0.000686238
0.000656107
0.000634487
0.000621791
0.000618029
0.000622824
0.000636002
0.000656798
0.0006839
0.000715624
0.000750185
0.000785657
0.000819703
0.000849993
0.000874452
0.000891377
0.000899522
0.000898181
0.000887222
0.000867098
0.000838725
0.000803301
0.00076225
0.000717161
0.000669718
0.000621639
0.000574599
0.000530169
0.000489758
0.000454567
0.000425547
0.000403371
0.000388417
0.00038076
0.00038018
0.00038618
0.000398012
0.00041472
0.000435178
0.000458141
0.000482299
0.000506332
0.00052896
0.000548995
0.000565176
0.000576645
0.000582785
0.000583207
0.000577768
0.000566568
0.000549936
0.000528418
0.000502742
0.000473787
0.000442541
0.00041006
0.000377442
0.000345758
0.000316005
0.000289067
0.000265689
0.000246451
0.000231748
0.000221783
0.000216561
0.000215902
0.000219452
0.0002267
0.000237007
0.000249638
0.000263791
0.000278634
0.000293342
0.000307126
0.000319268
0.000329142
0.000336631
0.000341412
0.00034314
0.000341605
0.000336441
0.000327512
0.000314875
0.000298862
0.000280064
0.000259213
0.000237097
0.000214528
0.000192309
0.000171204
0.000151906
0.000135016
0.000121017
0.000110263
0.000102968
9.9201e-05
9.88875e-05
0.00010182
0.00010767
0.000116003
0.000126304
0.000137995
0.000150463
0.000163086
0.000175254
0.000186397
0.000196006
0.00020365
0.000208992
0.000211796
0.000211938
0.000209403
0.000204286
0.000196784
0.000187182
0.000175841
0.000163182
0.000149668
0.000135783
0.000122011
0.000108815
9.66213e-05
8.58012e-05
7.66578e-05
6.94158e-05
6.42155e-05
6.10909e-05
6.00116e-05
6.08682e-05
6.34802e-05
6.76064e-05
7.29566e-05
7.92054e-05
8.60059e-05
9.30053e-05
9.98573e-05
0.000106235
0.000111846
0.000116439
0.000119815
0.000121827
0.000122394
0.000121489
0.000119148
0.000115461
0.000110568
0.000105069
9.92984e-05
9.33724e-05
8.74147e-05
8.15512e-05
7.59041e-05
7.02684e-05
6.42208e-05
5.73773e-05
4.94642e-05
4.03699e-05
3.01784e-05
1.91848e-05
7.89694e-06
-2.97454e-06
-1.27653e-05
-2.08937e-05
-2.68804e-05
-3.03621e-05
-3.11019e-05
-2.89936e-05
-2.4061e-05
-1.64514e-05
-6.42636e-06
5.65315e-06
1.93438e-05
3.41404e-05
4.94978e-05
6.4854e-05
7.96484e-05
9.33596e-05
0.000105509
0.000115685
0.00012356
0.000128899
0.000131571
0.000131552
0.000128917
0.000123843
0.000116597
0.000107523
9.70265e-05
8.55607e-05
7.36033e-05
6.16384e-05
5.01365e-05
3.95359e-05
3.02265e-05
2.25386e-05
1.67243e-05
1.29542e-05
1.13007e-05
1.17458e-05
1.41873e-05
1.84455e-05
2.42731e-05
3.13678e-05
3.93859e-05
4.79596e-05
5.67099e-05
6.52605e-05
7.32579e-05
8.03821e-05
8.63585e-05
9.09671e-05
9.4049e-05
9.55113e-05
9.53274e-05
9.35363e-05
9.02391e-05
8.59513e-05
8.09812e-05
7.54594e-05
6.95392e-05
6.33897e-05
5.64633e-05
4.79648e-05
3.70758e-05
2.3079e-05
5.43489e-06
-1.6172e-05
-4.18083e-05
-7.1288e-05
-0.000104192
-0.000137954
-0.000170097
-0.000198394
-0.000220919
-0.000236111
-0.000242815
-0.000240317
-0.000228347
-0.000207075
-0.000177084
-0.000139336
-9.51144e-05
-4.59657e-05
6.37412e-06
6.00559e-05
0.000113184
0.000163932
0.000210577
0.000251579
0.000285644
0.000311763
0.000329252
0.00033777
0.000337328
0.000328276
0.000311287
0.000287322
0.000257586
0.000223479
0.000186527
0.000148322
0.000110452
7.44389e-05
4.16794e-05
1.33894e-05
-9.43754e-06
-2.60787e-05
-3.60661e-05
-3.92176e-05
-3.56355e-05
-2.56935e-05
-1.00129e-05
1.05704e-05
3.5047e-05
6.22825e-05
9.1064e-05
0.000120148
0.00014832
0.00017444
0.000197484
0.000216586
0.000230869
0.000239894
0.000243438
0.000241504
0.000234028
0.000221725
0.000205182
0.00018513
0.00016242
0.000137981
0.000112782
8.74485e-05
6.20184e-05
3.69123e-05
1.26305e-05
-1.0235e-05
-3.09983e-05
-4.88892e-05
-6.30713e-05
-7.28164e-05
-7.7617e-05
-7.73029e-05
-7.18173e-05
-6.13293e-05
-4.62198e-05
-2.7058e-05
-4.57013e-06
2.03936e-05
4.68972e-05
7.39581e-05
0.000100588
0.000125833
0.000148809
0.000168734
0.000184957
0.000196988
0.000204504
0.000207356
0.000205579
0.000199379
0.000189127
0.000175335
0.000158639
0.000139764
0.000119501
9.86698e-05
7.80904e-05
5.85491e-05
4.0767e-05
2.53739e-05
1.28853e-05
3.68595e-06
-1.98194e-06
-4.02399e-06
-2.49323e-06
2.41353e-06
1.03665e-05
2.0925e-05
3.3559e-05
4.76732e-05
6.26334e-05
7.77924e-05
9.25166e-05
0.000106213
0.000118346
0.000128456
0.000136182
0.000141267
0.000143567
0.000143048
0.000139792
0.000133978
0.000125883
0.000115858
0.00010432
9.17084e-05
7.85132e-05
6.52356e-05
5.63496e-05
5.74986e-05
7.25651e-05
0.000103643
0.000151309
0.000214832
0.000292672
0.000378417
0.000465735
0.000548622
0.000621628
0.000680042
0.000720047
0.000738819
0.00073461
0.000706766
0.00065572
0.00058292
0.000490732
0.000382286
0.000259672
0.000125814
-1.56859e-05
-0.000160744
-0.00030499
-0.000443955
-0.000573221
-0.000688679
-0.000786496
-0.000863285
-0.000916217
-0.000943274
-0.000943529
-0.000917163
-0.000865419
-0.000790527
-0.000695588
-0.000584434
-0.000461474
-0.00033149
-0.000199432
-7.02184e-05
5.14685e-05
0.000161359
0.000255759
0.000331683
0.000386954
0.000420333
0.000431374
0.00042051
0.000389007
0.000338896
0.000272867
0.000194143
0.000106341
1.33059e-05
-8.10318e-05
-0.000172801
-0.00025837
-0.00033447
-0.000398306
-0.000447657
-0.00048094
-0.000497252
-0.000496383
-0.000478802
-0.000445613
-0.000398448
-0.000339529
-0.000271459
-0.000197117
-0.000119573
-4.19044e-05
4.59826e-05
0.000152858
0.000285471
0.000448709
0.000645659
0.000876864
0.00114063
0.00143166
0.00173654
0.00203603
0.0023095
0.00253829
0.00270673
0.00280233
0.00281499
0.00273908
0.00257304
0.0023193
0.00198412
0.00157791
0.00111385
0.000607292
7.51151e-05
-0.00046481
-0.000994876
-0.00149786
-0.00195775
-0.00236035
-0.00269374
-0.00294876
-0.00311919
-0.00320201
-0.00319763
-0.00310952
-0.002944
-0.00270999
-0.00241842
-0.00208228
-0.00171557
-0.00133299
-0.000949425
-0.000579304
-0.000236131
6.80267e-05
0.000322763
0.000520173
0.00065479
0.000723707
0.000726605
0.000665674
0.00054545
0.000372563
0.000155381
-9.63102e-05
-0.000371661
-0.000659326
-0.000947859
-0.00122614
-0.00148376
-0.00171141
-0.00190116
-0.00204676
-0.00214378
-0.00218972
-0.00218366
-0.00212683
-0.00202124
-0.00187043
-0.00168094
-0.00146063
-0.00121819
-0.000962827
-0.00070397
-0.000450894
-0.000212415
3.42655e-06
0.000189646
0.000340536
0.000451839
0.000520867
0.000546551
0.000529443
0.00047164
0.000376675
0.00024934
9.54631e-05
-7.83239e-05
-0.000264847
-0.000456664
-0.000646336
-0.000826701
-0.000991119
-0.0011337
-0.00124949
-0.00133467
-0.00138661
-0.00140395
-0.00138663
-0.00133585
-0.00125401
-0.00114458
-0.00101195
-0.000861276
-0.000698252
-0.000528892
-0.000359333
-0.000195574
-4.3248e-05
9.25792e-05
0.000207585
0.000298333
0.000362378
0.000398328
0.000405866
0.000385614
0.000339238
0.000269332
0.000179294
7.31818e-05
-4.44598e-05
-0.000168783
-0.000294827
-0.000417724
-0.000532845
-0.000635957
-0.000723396
-0.000792172
-0.000840071
-0.000865711
-0.000868575
-0.000849001
-0.000808149
-0.00074793
-0.000670918
-0.000579199
-0.000475369
-0.000363004
-0.000246372
-0.00012984
-1.76827e-05
8.60747e-05
0.000177803
0.000254357
0.000312948
0.000351274
0.000367598
0.000360807
0.000330536
0.000277726
0.000204298
0.000113136
7.96123e-06
-0.000106821
-0.000226305
-0.000345275
-0.000458635
-0.000561684
-0.000650276
-0.00072095
-0.000771035
-0.00079872
-0.000803094
-0.000784156
-0.000742806
-0.000680733
-0.000600386
-0.00050485
-0.000397711
-0.000282916
-0.000164616
-4.70071e-05
6.58242e-05
0.000170048
0.000262229
0.000339439
0.000399349
0.000440317
0.000461434
0.000462542
0.000444223
0.000407759
0.000355071
0.000288629
0.000211351
0.000126641
3.79166e-05
-5.13671e-05
-0.000137845
-0.000218353
-0.00029006
-0.00035055
-0.000397894
-0.00043071
-0.000448184
-0.000450076
-0.000436726
-0.000409012
-0.000368311
-0.00031643
-0.000255527
-0.000188022
-0.000116496
-4.35967e-05
2.80596e-05
9.70999e-05
0.000160979
0.000218947
0.000270261
0.000313705
0.000347818
0.000371449
0.000383829
0.000384257
0.000372221
0.000347433
0.000309862
0.000259737
0.000197946
0.000126098
4.64065e-05
-3.83892e-05
-0.000125142
-0.000210417
-0.000290697
-0.000362754
-0.000423781
-0.000471467
-0.000504069
-0.000520454
-0.000520128
-0.000503235
-0.000470539
-0.000423378
-0.000363611
-0.000293519
-0.000215725
-0.000133091
-4.86097e-05
3.47104e-05
0.000113952
0.000186396
0.000249618
0.000301573
0.000340663
0.000365789
0.000376382
0.000372421
0.000354426
0.000323422
0.000280891
0.000228708
0.000169057
0.000104344
3.70999e-05
-3.01769e-05
-9.49543e-05
-0.000154853
-0.000207731
-0.000251763
-0.000285502
-0.000307922
-0.000318445
-0.00031696
-0.000303805
-0.000279748
-0.00024595
-0.000203909
-0.000155395
-0.000102375
-4.69327e-05
8.81302e-06
6.27865e-05
0.000113033
0.00015779
0.000195587
0.000227973
0.000255728
0.000279104
0.000297935
0.000311916
0.00032088
0.00032481
0.000322656
0.000313668
0.000297178
0.000272615
0.000239831
0.000199193
0.000151567
9.82954e-05
4.11405e-05
-1.78427e-05
-7.65624e-05
-0.000132975
-0.000185163
-0.000231407
-0.00027024
-0.000300498
-0.000321353
-0.000332337
-0.000333353
-0.000324669
-0.000306898
-0.000280982
-0.000248116
-0.000209731
-0.000167424
-0.000122895
-7.78841e-05
-3.41021e-05
6.82793e-06
4.34311e-05
7.44319e-05
9.87973e-05
0.00011577
0.00012489
0.000126009
0.000119293
0.000105204
8.44773e-05
5.8088e-05
2.72038e-05
-6.8625e-06
-4.2709e-05
-7.89059e-05
-0.000114054
-0.00014683
-0.000176033
-0.00020063
-0.000219788
-0.000232903
-0.000239612
-0.000239801
-0.000233605
-0.000221397
-0.000203762
-0.000181477
-0.000155467
-0.000126774
-9.65128e-05
-6.58264e-05
-3.58457e-05
-7.64556e-06
1.77933e-05
3.96342e-05
5.71554e-05
7.32381e-05
9.01339e-05
0.000109182
0.000130956
0.000155641
0.000183236
0.000211549
0.000238085
0.000260607
0.000277149
0.000286073
0.000286301
0.000277193
0.000258553
0.000230612
0.000194005
0.000149728
9.90833e-05
4.36206e-05
-1.49408e-05
-7.4778e-05
-0.000134038
-0.000190908
-0.000243684
-0.000290832
-0.000331041
-0.000363266
-0.000386754
-0.000401083
-0.000406151
-0.000402177
-0.000389684
-0.000369478
-0.000342605
-0.00031031
-0.00027399
-0.000235135
-0.000195275
-0.000155922
-0.000118522
-8.44004e-05
-5.47091e-05
-3.03939e-05
-1.21637e-05
-4.72174e-07
4.4911e-06
2.79886e-06
-5.22632e-06
-1.90263e-05
-3.78631e-05
-6.08335e-05
-8.69086e-05
-0.000114975
-0.000143881
-0.000172481
-0.000199676
-0.000224458
-0.000245936
-0.000263371
-0.000276689
-0.000285527
-0.000289579
-0.000288727
-0.000283065
-0.000272835
-0.000258442
-0.000240431
-0.000219464
-0.000196275
-0.000168926
-0.000136601
-9.93478e-05
-5.79447e-05
-1.36149e-05
3.22939e-05
7.83745e-05
0.000122052
0.000160942
0.000192699
0.000215104
0.000226447
0.000225661
0.000212358
0.000186841
0.000150086
0.000103639
4.93755e-05
-1.05872e-05
-7.39714e-05
-0.000138436
-0.000201658
-0.000261413
-0.00031566
-0.0003626
-0.000400744
-0.000428952
-0.000446469
-0.000452938
-0.000448413
-0.000433334
-0.000408506
-0.000375064
-0.000334421
-0.000288212
-0.000238229
-0.000186351
-0.000134477
-8.44523e-05
-3.80085e-05
3.29432e-06
3.8127e-05
6.5435e-05
8.44702e-05
9.48102e-05
9.63655e-05
8.93736e-05
