6.97993e-07
3.37747e-06
9.06001e-06
1.84649e-05
3.20118e-05
4.9822e-05
7.17233e-05
9.72767e-05
0.000125808
0.00015645
0.000188184
0.0002199
0.000250446
0.000278688
0.00030356
0.000324109
0.000339543
0.000349257
0.000352859
0.000350186
0.000341305
0.000326508
0.000306295
0.000281352
0.000252515
0.000220742
0.000187061
0.000152537
0.000118224
8.51239e-05
5.41527e-05
2.61032e-05
1.62089e-06
-1.88176e-05
-3.4917e-05
-4.65676e-05
-5.38435e-05
-5.69928e-05
-5.64214e-05
-5.2672e-05
-4.63975e-05
-3.83312e-05
-2.92554e-05
-1.99676e-05
-1.12486e-05
-3.83108e-06
1.62822e-06
4.57287e-06
4.56614e-06
1.30505e-06
-5.37127e-06
-1.54792e-05
-2.88938e-05
-4.53582e-05
-6.44971e-05
-8.58348e-05
-0.000108817
-0.000132836
-0.000157254
-0.00018143
-0.000204748
-0.000226635
-0.000246589
-0.00026419
-0.000279122
-0.000291174
-0.000300255
-0.000306384
-0.000309696
-0.000310427
-0.000308906
-0.000305541
-0.000300796
-0.00029517
-0.000289179
-0.000283333
-0.000278122
-0.000274
-0.000271361
-0.000270523
-0.000271716
-0.000275074
-0.000280633
-0.000288332
-0.000298022
-0.000309469
-0.00032237
-0.000336365
-0.000351059
-0.000366031
-0.000380859
-0.000395138
-0.00040849
-0.000420585
-0.00043115
-0.00043998
-0.000446943
-0.000451984
-0.000455128
-0.00045647
-0.000456173
-0.000454461
-0.000451604
-0.000447908
-0.000443698
-0.000439309
-0.000435068
-0.000431283
-0.00042823
-0.000426143
-0.000425205
-0.000425543
-0.000427226
-0.000430261
-0.000434598
-0.00044013
-0.000446705
-0.000454131
-0.000462185
-0.000470625
-0.000479201
-0.000487664
-0.00049578
-0.000503333
-0.000510136
-0.00051604
-0.00052093
-0.000524739
-0.000527441
-0.000529054
-0.000529636
-0.000529283
-0.000528124
-0.000526315
-0.000524031
-0.000521457
-0.000518784
-0.000516197
-0.000513872
-0.000511963
-0.000510606
-0.000509904
-0.000509923
-0.000510667
-0.00051209
-0.0005141
-0.000516576
-0.000519372
-0.000522336
-0.000525331
-0.000528249
-0.000531022
-0.00053363
-0.000536093
-0.000538456
-0.00054077
-0.000543079
-0.000545416
-0.000547807
-0.000550264
-0.000552791
-0.000555381
-0.00055802
-0.000560685
-0.000563346
-0.00056597
-0.000568521
-0.000570963
-0.00057326
-0.00057538
-0.000577294
-0.000578982
-0.000580429
-0.000581626
-0.000582574
-0.000583283
-0.000583768
-0.000584053
-0.000584168
-0.000584147
-0.000584027
-0.00058385
-0.000583654
-0.000583479
-0.000583361
-0.000583331
-0.000583417
-0.000583636
-0.000584004
-0.000584523
-0.000585193
-0.000586003
-0.000586937
-0.000587976
-0.000589093
-0.000590261
-0.000591449
-0.000592627
-0.000593764
-0.000594832
-0.000595804
-0.00059666
-0.000597382
-0.000597958
-0.00059838
-0.000598649
-0.000598767
-0.000598746
-0.0005986
-0.000598348
-0.000598013
-0.000597619
-0.000597188
-0.000596746
-0.000596315
-0.000595922
-0.000595593
-0.000595366
-0.000595287
-0.000595413
-0.00059581
-0.000596549
-0.000597704
-0.000599351
-0.00060156
-0.000604394
-0.000607906
-0.000612142
-0.000617128
-0.000622875
-0.00062937
-0.000636569
-0.000644381
-0.000652657
-0.000661203
-0.000669787
-0.000678158
-0.000686055
-0.000693222
-0.000699418
-0.000704431
-0.000708088
-0.00071026
-0.000710867
-0.000709886
-0.000707348
-0.000703339
-0.000697997
-0.000691509
-0.000684092
-0.00067599
-0.000667462
-0.000658768
-0.000650167
-0.000641898
-0.000634176
-0.000627185
-0.000621067
-0.000615922
-0.000611805
-0.000608722
-0.000606638
-0.000605474
-0.000605116
-0.000605421
-0.000606223
-0.00060734
-0.000608585
-0.000609771
-0.000610722
-0.000611274
-0.000611292
-0.000610662
-0.000609304
-0.000607171
-0.000604251
-0.000600562
-0.000596157
-0.000591115
-0.00058554
-0.000579589
-0.000573459
-0.000567341
-0.000561416
-0.000555848
-0.000550776
-0.000546316
-0.000542561
-0.000539585
-0.000537438
-0.000536147
-0.000535714
-0.000536115
-0.000537303
-0.000539208
-0.000541738
-0.000544781
-0.000548213
-0.000551897
-0.00055569
-0.000559444
-0.000563014
-0.000566262
-0.000569055
-0.000571277
-0.000572823
-0.000573607
-0.000573564
-0.000572653
-0.000570858
-0.00056819
-0.000564687
-0.000560411
-0.000555448
-0.000549904
-0.000543899
-0.000537566
-0.000531043
-0.000524469
-0.000517973
-0.00051167
-0.000505663
-0.00050004
-0.000494873
-0.000490212
-0.000486084
-0.000482497
-0.000479436
-0.000476866
-0.000474733
-0.000472968
-0.000471492
-0.000470214
-0.000469042
-0.000467883
-0.000466648
-0.000465255
-0.000463632
-0.000461724
-0.000459489
-0.0004569
-0.000453951
-0.000450651
-0.000447024
-0.000443111
-0.000438963
-0.000434642
-0.000430215
-0.000425756
-0.000421336
-0.000417027
-0.000412886
-0.000408951
-0.000405237
-0.000401745
-0.000398471
-0.000395413
-0.00039258
-0.000389993
-0.000387685
-0.000385702
-0.000384099
-0.000382939
-0.000382292
-0.000382225
-0.000382807
-0.000384098
-0.00038615
-0.000389
-0.000392671
-0.000397163
-0.000402456
-0.000408508
-0.000415253
-0.000422604
-0.000430457
-0.000438689
-0.000447164
-0.000455739
-0.000464263
-0.000472589
-0.000480569
-0.000488068
-0.000494961
-0.00050114
-0.000506515
-0.000511019
-0.000514589
-0.00051716
-0.000518673
-0.000519076
-0.000518323
-0.000516383
-0.000513242
-0.000508907
-0.000503409
-0.000496802
-0.000489161
-0.000480586
-0.000471193
-0.000461115
-0.000450495
-0.000439483
-0.00042823
-0.000416886
-0.000405589
-0.00039447
-0.000383639
-0.000373191
-0.000363196
-0.000353702
-0.000344736
-0.000336298
-0.000328367
-0.000320905
-0.000313854
-0.000307142
-0.000300689
-0.000294407
-0.000288208
-0.000282004
-0.00027571
-0.000269246
-0.000262542
-0.000255545
-0.000248216
-0.000240537
-0.00023251
-0.000224161
-0.000215539
-0.00020671
-0.000197755
-0.000188767
-0.00017984
-0.000171068
-0.000162539
-0.000154329
-0.000146501
-0.000139104
-0.00013217
-0.000125713
-0.000119732
-0.000114208
-0.000109108
-0.000104387
-9.99862e-05
-9.58416e-05
-9.18827e-05
-8.80368e-05
-8.42321e-05
-8.04003e-05
-7.64793e-05
-7.24157e-05
-6.81662e-05
-6.36996e-05
-5.89974e-05
-5.40542e-05
-4.88778e-05
-4.3488e-05
-3.79171e-05
-3.2208e-05
-2.64109e-05
-2.05809e-05
-1.4776e-05
-9.05436e-06
-3.47184e-06
1.91993e-06
7.07574e-06
1.19584e-05
1.654e-05
2.0803e-05
2.47405e-05
2.83565e-05
3.16654e-05
3.46907e-05
3.74645e-05
4.00252e-05
4.24162e-05
4.46839e-05
4.68756e-05
4.90379e-05
5.12147e-05
5.34454e-05
5.5764e-05
5.81972e-05
6.07643e-05
6.34764e-05
6.63363e-05
6.93387e-05
7.24706e-05
7.57127e-05
7.90415e-05
8.24318e-05
8.58545e-05
8.92783e-05
9.26685e-05
9.59882e-05
9.92002e-05
0.000102269
0.000105163
0.00010786
0.000110341
0.0001126
0.000114634
0.000116451
0.000118067
0.000119501
0.000120782
0.000121938
0.000123004
0.000124015
0.000125005
0.000126009
0.000127056
0.000128175
0.000129386
0.000130708
0.00013215
0.000133718
0.00013541
0.000137218
0.00013913
0.000141128
0.000143191
0.000145295
0.000147414
0.000149521
0.000151589
0.000153594
0.000155514
0.000157329
0.000159025
0.000160589
0.000162016
0.000163305
0.000164459
0.000165486
0.000166398
0.000167211
0.000167941
0.000168609
0.000169236
0.000169841
0.000170446
0.000171067
0.000171723
0.000172426
0.000173187
0.000174013
0.000174908
0.000175872
0.000176902
0.000177993
0.000179134
0.000180315
0.000181524
0.000182745
0.000183964
0.000185167
0.00018634
0.000187471
0.000188549
0.000189571
0.000190534
0.000191438
0.000192283
0.00019307
0.000193801
0.000194473
0.000195081
0.000195616
0.000196065
0.000196417
0.000196664
0.0001968
0.000196824
0.000196746
0.000196577
0.000196338
0.000196052
0.000195745
0.000195444
0.000195179
0.000194977
0.000194862
0.000194858
0.000194983
0.000195251
0.000195669
0.000196241
0.000196963
0.000197828
0.000198823
0.000199929
0.000201125
0.000202387
0.000203689
0.000205005
0.000206307
0.000207571
0.000208773
0.000209894
0.000210917
0.00021183
0.000212625
0.000213302
0.000213861
0.000214309
0.000214658
0.000214922
0.000215118
0.000215266
0.000215388
0.000215503
0.000215632
0.000215796
0.000216009
0.000216287
0.000216641
0.000217078
0.000217601
0.000218211
0.000218904
0.000219672
0.000220506
0.000221392
0.000222317
0.000223265
0.000224219
0.000225164
0.000226082
0.000226963
0.000227798
0.00022858
0.000229305
0.00022997
0.000230569
0.000231091
0.000231517
0.000231817
0.00023196
0.000231906
0.000231616
0.000231051
0.000230173
0.000228963
0.000227422
0.00022558
0.000223483
0.000221198
0.000218804
0.000216388
0.000214045
0.000211868
0.000209947
0.000208365
0.000207192
0.000206487
0.000206289
0.000206621
0.000207487
0.000208873
0.000210746
0.000213056
0.000215742
0.000218729
0.000221935
0.00022527
0.000228645
0.000231973
0.000235171
0.000238164
0.000240889
0.000243294
0.000245344
0.000247018
0.000248312
0.000249236
0.000249817
0.000250092
0.000250112
0.000249935
0.000249624
0.000249247
0.000248873
0.000248567
0.000248388
0.000248391
0.000248619
0.000249106
0.000249872
0.000250928
0.000252271
0.000253884
0.000255744
0.000257814
0.000260052
0.000262405
0.000264822
0.000267247
0.000269625
0.000271903
0.000274038
0.000275989
0.000277727
0.000279229
0.000280483
0.000281484
0.000282231
0.000282726
0.000282974
0.000282986
0.00028278
0.00028238
0.00028182
0.000281141
0.000280389
0.000279614
0.000278869
0.000278203
0.000277665
0.000277299
0.000277141
0.00027722
0.000277556
0.00027816
0.000279033
0.000280165
0.000281538
0.000283126
0.000284895
0.000286804
0.000288812
0.000290871
0.000292936
0.000294961
0.000296903
0.000298725
0.000300395
0.000301887
0.000303184
0.000304274
0.000305158
0.000305841
0.000306338
0.000306669
0.00030686
0.000306943
0.000306951
0.000306921
0.000306889
0.000306888
0.000306952
0.000307109
0.000307381
0.000307787
0.000308339
0.000309041
0.000309893
0.000310886
0.000312009
0.000313243
0.000314566
0.000315953
0.000317378
0.000318811
0.000320225
0.000321594
0.000322893
0.000324102
0.000325203
0.000326183
0.000327034
0.000327753
0.000328361
0.00032893
0.00032958
0.000330461
0.000331736
0.000333567
0.000336104
0.00033946
0.00034368
0.000348752
0.000354603
0.000361112
0.000368112
0.000375407
0.000382774
0.000389981
0.000396793
0.000402986
0.000408354
0.00041272
0.000415929
0.000417857
0.000418407
0.000417525
0.000415197
0.000411452
0.000406366
0.000400056
0.000392681
0.000384432
0.000375534
0.000366237
0.000356803
0.000347499
0.000338586
0.000330307
0.000322876
0.000316476
0.000311246
0.000307282
0.000304627
0.000303279
0.000303185
0.000304249
0.000306335
0.000309272
0.000312865
0.000316901
0.00032116
0.000325419
0.000329467
0.000333107
0.000336165
0.0003385
0.000340003
0.000340601
0.000340262
0.000338993
0.000336837
0.000333873
0.000330209
0.00032598
0.000321337
0.000316446
0.000311477
0.000306601
0.000301979
0.000297759
0.000294069
0.000291014
0.000288671
0.000287088
0.000286281
0.000286301
0.000287295
0.000289487
0.000293158
0.00029863
0.000306242
0.00031633
0.000329191
0.000345032
0.000363895
0.000385623
0.000409862
0.000436087
0.000463632
0.000491719
0.000519489
0.00054605
0.000570511
0.000592028
0.000609838
0.000623297
0.000631903
0.000635315
0.000633367
0.000626068
0.000613604
0.000596326
0.000574736
0.000549465
0.000521253
0.000490913
0.000459307
0.000427309
0.000395773
0.000365506
0.000337236
0.000311594
0.00028909
0.000270101
0.000254858
0.000243446
0.000235802
0.000231725
0.000230885
0.000232839
0.000237053
0.000242928
0.000249821
0.000257072
0.000264034
0.000270089
0.000274679
0.000277319
0.000277614
0.000275275
0.00027012
0.000262084
0.000251214
0.000237664
0.000221688
0.000203626
0.000183886
0.000162933
0.000141266
0.000119399
9.78463e-05
7.7106e-05
5.76476e-05
3.98907e-05
2.41829e-05
1.07888e-05
-1.16254e-07
-8.45024e-06
-1.42246e-05
-1.75411e-05
-1.8586e-05
-1.76207e-05
-1.49698e-05
-1.10079e-05
-6.14437e-06
-8.07278e-07
4.57269e-06
9.57811e-06
1.38197e-05
1.69498e-05
1.86738e-05
1.87595e-05
1.70436e-05
1.34361e-05
7.92105e-06
5.55865e-07
-8.53324e-06
-1.91574e-05
-3.10733e-05
-4.39941e-05
-5.76005e-05
-7.15533e-05
-8.55062e-05
-9.91186e-05
-0.000112068
-0.000124061
-0.000134844
-0.00014421
-0.000152007
-0.000158143
-0.000162584
-0.000165359
-0.000166553
-0.000166306
-0.000164805
-0.000162276
-0.000158972
-0.000155169
-0.000151148
-0.00014719
-0.000143566
-0.000140523
-0.00013828
-0.000137018
-0.000136874
-0.00013794
-0.000140258
-0.000143821
-0.000148574
-0.000154418
-0.000161215
-0.000168792
-0.000176954
-0.000185483
-0.000194154
-0.000202742
-0.000211028
-0.000218808
-0.000225902
-0.000232153
-0.000237426
-0.000241618
-0.000244664
-0.000246546
-0.000247283
-0.000246941
-0.000245622
-0.000243461
-0.000240624
-0.000237303
-0.000233709
-0.000230067
-0.00022661
-0.000223569
-0.000221159
-0.000219572
-0.000218966
-0.00021946
-0.000221126
-0.000223984
-0.000228004
-0.000233105
-0.000239165
-0.000246021
-0.000253481
-0.00026133
-0.000269339
-0.000277275
-0.00028491
-0.000292028
-0.000298433
-0.000303959
-0.000308472
-0.000311875
-0.000314113
-0.000315171
-0.000315077
-0.000313898
-0.000311736
-0.000308728
-0.000305034
-0.000300836
-0.000296327
-0.000291707
-0.000287173
-0.000282913
-0.000279099
-0.000275881
-0.000273381
-0.000271691
-0.000270868
-0.000270935
-0.000271881
-0.000273662
-0.000276204
-0.000279407
-0.00028315
-0.000287293
-0.000291687
-0.000296178
-0.000300612
-0.000304841
-0.000308728
-0.000312151
-0.000315011
-0.000317229
-0.000318752
-0.000319552
-0.00031963
-0.000319004
-0.000317714
-0.000315814
-0.000313368
-0.000310448
-0.00030714
-0.000303544
-0.000299768
-0.000295927
-0.000292145
-0.000288547
-0.00028526
-0.000282412
-0.000280124
-0.000278503
-0.000277641
-0.000277601
-0.000278419
-0.000280096
-0.000282602
-0.000285869
-0.000289802
-0.000294278
-0.000299156
-0.000304278
-0.000309481
-0.000314598
-0.000319467
-0.000323937
-0.000327871
-0.000331157
-0.000333703
-0.000335447
-0.000336356
-0.000336425
-0.000335682
-0.00033418
-0.000332
-0.000329244
-0.000326033
-0.000322501
-0.00031879
-0.000315046
-0.000311412
-0.000308023
-0.000305001
-0.000302453
-0.000300464
-0.000299097
-0.00029839
-0.000298355
-0.000298981
-0.00030023
-0.000302043
-0.00030434
-0.000307027
-0.000309994
-0.000313126
-0.000316303
-0.000319407
-0.000322324
-0.000324953
-0.000327202
-0.000328999
-0.000330287
-0.000331034
-0.000331225
-0.000330867
-0.000329988
-0.000328633
-0.000326867
-0.000324749
-0.00032233
-0.000319656
-0.000316771
-0.000313722
-0.000310558
-0.000307329
-0.000304092
-0.00030091
-0.000297856
-0.000295007
-0.000292445
-0.00029025
-0.000288496
-0.000287247
-0.000286549
-0.000286433
-0.000286905
-0.000287953
-0.000289543
-0.000291626
-0.000294134
-0.000296988
-0.000300097
-0.000303366
-0.000306694
-0.000309984
-0.000313142
-0.000316082
-0.000318727
-0.000321016
-0.000322902
-0.000324354
-0.000325358
-0.000325917
-0.000326054
-0.000325803
-0.000325213
-0.000324347
-0.000323274
-0.000322071
-0.000320816
-0.00031959
-0.000318467
-0.000317519
-0.000316806
-0.00031638
-0.000316278
-0.000316526
-0.000317134
-0.000318099
-0.000319403
-0.000321018
-0.000322901
-0.000325003
-0.000327266
-0.000329629
-0.000332026
-0.000334393
-0.000336668
-0.000338794
-0.00034072
-0.000342405
-0.000343816
-0.000344932
-0.000345744
-0.000346252
-0.00034647
-0.000346419
-0.000346132
-0.000345648
-0.000344996
-0.000344179
-0.000343183
-0.000341982
-0.000340549
-0.000338855
-0.000336881
-0.000334633
-0.000332139
-0.00032945
-0.000326634
-0.000323772
-0.000320955
-0.000318276
-0.00031583
-0.000313707
-0.000311989
-0.000310744
-0.000310031
-0.000309888
-0.000310336
-0.00031138
-0.000313005
-0.000315178
-0.000317851
-0.00032096
-0.000324431
-0.000328182
-0.000332121
-0.000336157
-0.000340199
-0.000344158
-0.000347954
-0.000351514
-0.000354779
-0.0003577
-0.000360246
-0.000362398
-0.000364154
-0.000365526
-0.000366541
-0.000367236
-0.000367662
-0.000367874
-0.000367938
-0.000367918
-0.000367881
-0.000367893
-0.000368015
-0.000368299
-0.000368792
-0.000369531
-0.000370541
-0.000371835
-0.000373417
-0.000375277
-0.000377398
-0.00037975
-0.000382297
-0.000384997
-0.000387808
-0.000390684
-0.000393575
-0.000396434
-0.000399214
-0.00040187
-0.000404364
-0.000406664
-0.000408742
-0.000410568
-0.000412096
-0.000413276
-0.000414062
-0.00041442
-0.000414327
-0.000413773
-0.000412771
-0.000411356
-0.000409588
-0.000407549
-0.000405341
-0.000403081
-0.000400891
-0.000398895
-0.00039721
-0.000395941
-0.000395176
-0.000394982
-0.000395405
-0.000396467
-0.000398168
-0.000400483
-0.000403368
-0.00040676
-0.000410576
-0.000414725
-0.000419102
-0.000423599
-0.000428106
-0.000432515
-0.000436724
-0.000440642
-0.000444189
-0.000447302
-0.000449934
-0.000452057
-0.000453661
-0.000454756
-0.000455368
-0.000455542
-0.000455335
-0.000454817
-0.000454068
-0.000453171
-0.000452215
-0.000451287
