-6.4051e-07
-3.07253e-06
-8.15846e-06
-1.64812e-05
-2.83711e-05
-4.39045e-05
-6.29243e-05
-8.50627e-05
-0.000109758
-0.00013627
-0.000163712
-0.000191109
-0.000217443
-0.000241708
-0.000262958
-0.000280358
-0.000293214
-0.000301007
-0.000303414
-0.000300317
-0.000291806
-0.000278167
-0.000259868
-0.000237533
-0.000211907
-0.000183826
-0.000154174
-0.000123847
-9.37135e-05
-6.45817e-05
-3.71666e-05
-1.20696e-05
1.02367e-05
2.94216e-05
4.52987e-05
5.78226e-05
6.70819e-05
7.32888e-05
7.67644e-05
7.79221e-05
7.72479e-05
7.52793e-05
7.25834e-05
6.97342e-05
6.72891e-05
6.5768e-05
6.56333e-05
6.72743e-05
7.09941e-05
7.70008e-05
8.54028e-05
9.62071e-05
0.000109323
0.00012457
0.000141683
0.00016033
0.000180124
0.000200642
0.000221438
0.000242064
0.000262087
0.000281103
0.000298757
0.000314748
0.000328845
0.000340894
0.000350819
0.000358627
0.000364404
0.000368312
0.000370588
0.000371532
0.000371492
0.000370845
0.000369985
0.00036931
0.000369208
0.000370049
0.000372159
0.000375808
0.000381195
0.00038844
0.000397579
0.000408568
0.000421278
0.000435509
0.000450999
0.000467432
0.000484456
0.000501699
0.000518786
0.000535354
0.000551068
0.000565637
0.000578821
0.00059044
0.000600385
0.000608616
0.00061516
0.000620117
0.000623643
0.00062595
0.000627291
0.000627949
0.000628225
0.000628422
0.000628838
0.000629748
0.000631397
0.000633988
0.000637675
0.000642557
0.000648678
0.000656023
0.000664522
0.000674056
0.000684465
0.000695556
0.000707116
0.000718921
0.00073075
0.000742396
0.000753677
0.000764433
0.00077453
0.000783861
0.000792355
0.000799973
0.000806708
0.000812584
0.000817652
0.000821988
0.00082569
0.000828875
0.000831671
0.000834214
0.000836642
0.000839091
0.000841693
0.000844565
0.000847812
0.000851525
0.000855762
0.000860541
0.000865843
0.000871615
0.00087778
0.000884243
0.000890901
0.000897657
0.000904433
0.000911175
0.000917861
0.0009245
0.000931113
0.000937728
0.000944363
0.000951031
0.000957734
0.000964467
0.000971218
0.000977967
0.000984691
0.000991361
0.000997949
0.00100442
0.00101076
0.00101693
0.00102291
0.00102869
0.00103426
0.00103962
0.00104476
0.0010497
0.00105447
0.00105907
0.00106355
0.00106794
0.00107227
0.00107658
0.00108091
0.0010853
0.00108977
0.00109436
0.0010991
0.00110401
0.00110908
0.00111433
0.00111974
0.00112531
0.00113101
0.0011368
0.00114267
0.00114857
0.00115447
0.00116035
0.00116619
0.00117196
0.00117764
0.00118323
0.00118871
0.00119408
0.00119933
0.00120447
0.0012095
0.00121444
0.00121927
0.00122403
0.00122871
0.00123332
0.00123788
0.00124239
0.00124686
0.0012513
0.00125573
0.00126016
0.00126461
0.00126909
0.00127364
0.00127829
0.00128309
0.00128809
0.00129334
0.00129891
0.00130484
0.00131119
0.001318
0.00132533
0.00133318
0.00134159
0.00135056
0.00136004
0.00136999
0.00138029
0.00139079
0.00140132
0.00141169
0.00142169
0.00143113
0.00143982
0.00144759
0.00145431
0.00145987
0.00146421
0.00146731
0.00146919
0.00146991
0.00146958
0.00146834
0.00146636
0.00146384
0.00146097
0.00145797
0.00145506
0.00145242
0.00145023
0.00144864
0.00144776
0.00144767
0.00144837
0.00144988
0.00145215
0.00145509
0.00145861
0.00146258
0.00146688
0.00147137
0.0014759
0.00148035
0.00148459
0.00148853
0.00149209
0.00149519
0.00149781
0.00149992
0.00150155
0.0015027
0.00150344
0.00150381
0.00150389
0.00150376
0.00150354
0.00150333
0.00150322
0.00150329
0.00150361
0.00150425
0.00150525
0.00150665
0.00150847
0.00151072
0.0015134
0.0015165
0.00151999
0.00152384
0.00152799
0.00153239
0.00153698
0.00154167
0.00154639
0.00155108
0.00155563
0.00156
0.00156409
0.00156785
0.00157122
0.00157414
0.00157659
0.00157853
0.00157994
0.00158083
0.00158121
0.00158112
0.0015806
0.00157971
0.00157852
0.00157711
0.00157557
0.00157401
0.0015725
0.00157115
0.00157002
0.00156919
0.00156872
0.00156866
0.00156903
0.00156985
0.00157111
0.00157278
0.00157482
0.00157719
0.00157982
0.00158262
0.00158553
0.00158845
0.00159132
0.00159406
0.00159662
0.00159895
0.00160101
0.00160278
0.00160426
0.00160547
0.00160642
0.00160714
0.00160769
0.0016081
0.00160844
0.00160875
0.00160909
0.0016095
0.00161002
0.00161067
0.00161145
0.00161237
0.00161342
0.00161461
0.00161592
0.00161738
0.001619
0.00162081
0.00162285
0.00162513
0.00162771
0.00163063
0.00163391
0.00163759
0.00164171
0.00164628
0.00165132
0.00165683
0.0016628
0.00166919
0.00167599
0.00168314
0.00169057
0.00169823
0.00170603
0.00171389
0.00172172
0.00172944
0.00173693
0.00174413
0.00175094
0.00175729
0.00176311
0.00176835
0.00177294
0.00177685
0.00178001
0.00178238
0.00178392
0.00178461
0.00178443
0.00178338
0.00178148
0.00177877
0.0017753
0.00177116
0.00176641
0.00176118
0.00175554
0.00174963
0.00174354
0.00173739
0.00173127
0.00172527
0.00171948
0.00171396
0.00170876
0.0017039
0.00169941
0.00169527
0.00169147
0.00168799
0.00168478
0.00168178
0.00167895
0.00167623
0.00167356
0.00167089
0.00166816
0.00166533
0.00166235
0.00165919
0.00165583
0.00165226
0.00164847
0.00164448
0.00164033
0.00163605
0.0016317
0.00162732
0.00162299
0.00161875
0.00161466
0.00161077
0.00160712
0.00160373
0.00160063
0.00159782
0.0015953
0.00159307
0.00159109
0.00158935
0.00158781
0.00158642
0.00158515
0.00158395
0.00158278
0.00158159
0.00158034
0.001579
0.00157754
0.00157594
0.00157419
0.00157227
0.0015702
0.00156798
0.00156563
0.00156319
0.00156068
0.00155815
0.00155562
0.00155316
0.00155078
0.00154855
0.00154647
0.0015446
0.00154295
0.00154153
0.00154035
0.00153941
0.00153869
0.00153819
0.00153787
0.00153771
0.00153767
0.00153772
0.00153784
0.00153797
0.0015381
0.0015382
0.00153824
0.00153822
0.00153811
0.0015379
0.00153761
0.00153724
0.00153679
0.00153628
0.00153572
0.00153512
0.00153451
0.00153391
0.00153332
0.00153278
0.0015323
0.00153191
0.00153162
0.00153145
0.0015314
0.00153149
0.00153171
0.00153205
0.00153251
0.00153308
0.00153373
0.00153445
0.00153522
0.00153601
0.00153682
0.00153761
0.00153837
0.00153908
0.00153973
0.00154032
0.00154084
0.00154128
0.00154164
0.00154194
0.00154219
0.00154239
0.00154255
0.0015427
0.00154285
0.00154302
0.00154322
0.00154347
0.00154378
0.00154416
0.00154463
0.00154519
0.00154583
0.00154656
0.00154737
0.00154826
0.00154922
0.00155023
0.00155127
0.00155234
0.00155342
0.0015545
0.00155556
0.0015566
0.00155761
0.00155858
0.00155951
0.00156039
0.00156124
0.00156205
0.00156282
0.00156356
0.00156428
0.00156499
0.00156568
0.00156638
0.00156708
0.0015678
0.00156854
0.00156931
0.00157011
0.00157094
0.0015718
0.0015727
0.00157363
0.00157459
0.00157557
0.00157659
0.00157764
0.00157873
0.00157986
0.00158105
0.00158229
0.00158359
0.00158496
0.00158638
0.00158786
0.00158937
0.00159091
0.00159246
0.00159401
0.00159554
0.00159703
0.00159847
0.00159985
0.00160115
0.00160236
0.00160348
0.0016045
0.00160543
0.00160627
0.00160703
0.00160772
0.00160835
0.00160893
0.00160949
0.00161004
0.0016106
0.00161119
0.00161183
0.00161252
0.00161329
0.00161413
0.00161507
0.0016161
0.00161722
0.00161842
0.0016197
0.00162105
0.00162245
0.0016239
0.00162536
0.00162683
0.00162828
0.00162972
0.00163111
0.00163246
0.00163376
0.00163499
0.00163617
0.00163729
0.00163835
0.00163937
0.00164034
0.00164127
0.00164219
0.00164308
0.00164397
0.00164487
0.00164578
0.00164671
0.00164767
0.00164866
0.00164968
0.00165073
0.00165182
0.00165295
0.00165414
0.00165541
0.00165676
0.00165822
0.00165982
0.00166157
0.00166351
0.00166565
0.00166798
0.00167049
0.00167315
0.00167592
0.00167876
0.00168161
0.00168442
0.00168713
0.00168969
0.00169204
0.00169415
0.00169598
0.0016975
0.00169871
0.00169958
0.00170015
0.00170041
0.00170041
0.00170017
0.00169974
0.00169918
0.00169853
0.00169786
0.00169722
0.00169666
0.00169624
0.00169599
0.00169596
0.00169616
0.00169661
0.00169732
0.00169827
0.00169946
0.00170085
0.0017024
0.00170409
0.00170586
0.00170768
0.00170949
0.00171126
0.00171295
0.00171452
0.00171595
0.00171721
0.00171829
0.0017192
0.00171992
0.00172048
0.00172089
0.00172117
0.00172135
0.00172147
0.00172154
0.00172161
0.00172171
0.00172186
0.00172209
0.00172241
0.00172285
0.00172342
0.00172412
0.00172496
0.00172593
0.00172703
0.00172826
0.00172962
0.00173108
0.00173265
0.00173431
0.00173602
0.00173777
0.00173953
0.00174127
0.00174298
0.00174461
0.00174616
0.0017476
0.00174892
0.00175011
0.00175116
0.00175207
0.00175286
0.00175352
0.00175407
0.00175453
0.00175491
0.00175525
0.00175556
0.00175587
0.0017562
0.00175658
0.00175702
0.00175755
0.00175818
0.00175891
0.00175976
0.00176073
0.00176181
0.001763
0.00176429
0.00176565
0.00176708
0.00176855
0.00177004
0.00177154
0.00177301
0.00177444
0.00177582
0.00177714
0.00177837
0.00177953
0.00178061
0.00178161
0.00178253
0.00178339
0.0017842
0.00178497
0.00178571
0.00178644
0.00178716
0.0017879
0.00178867
0.00178947
0.00179031
0.0017912
0.00179215
0.00179314
0.0017942
0.00179529
0.0017964
0.00179746
0.00179841
0.00179918
0.0017997
0.00179992
0.00179978
0.00179926
0.00179837
0.00179714
0.00179563
0.0017939
0.00179205
0.00179018
0.00178838
0.00178676
0.00178541
0.00178442
0.00178386
0.00178379
0.00178425
0.00178528
0.00178692
0.00178916
0.001792
0.00179541
0.00179935
0.00180375
0.00180854
0.00181363
0.0018189
0.00182424
0.00182953
0.00183464
0.00183946
0.00184386
0.00184777
0.0018511
0.00185379
0.00185581
0.00185717
0.00185788
0.00185799
0.00185756
0.0018567
0.00185549
0.00185405
0.00185249
0.00185091
0.00184942
0.00184812
0.0018471
0.00184643
0.00184617
0.00184635
0.001847
0.00184811
0.00184966
0.00185162
0.00185394
0.00185655
0.00185939
0.00186237
0.00186543
0.00186849
0.00187148
0.00187433
0.001877
0.00187943
0.00188162
0.00188354
0.00188521
0.00188664
0.00188782
0.00188872
0.00188935
0.00188971
0.00188983
0.00188977
0.00188961
0.00188941
0.00188919
0.00188897
0.00188873
0.00188846
0.00188816
0.00188784
0.00188754
0.00188731
0.00188723
0.00188737
0.00188784
0.00188872
0.00189011
0.00189207
0.00189465
0.00189788
0.00190176
0.00190629
0.00191141
0.00191706
0.00192316
0.00192958
0.00193621
0.00194291
0.00194954
0.00195595
0.00196199
0.00196753
0.00197245
0.00197665
0.00198007
0.00198267
0.00198446
0.00198547
0.00198576
0.00198544
0.00198463
0.00198347
0.0019821
0.00198064
0.00197922
0.00197793
0.00197686
0.00197607
0.0019756
0.00197547
0.00197569
0.00197623
0.00197706
0.00197814
0.00197942
0.00198087
0.00198243
0.00198407
0.00198577
0.0019875
0.00198926
0.00199104
0.00199282
0.00199458
0.00199632
0.001998
0.00199963
0.00200118
0.00200263
0.002004
0.00200526
0.00200642
0.00200749
0.00200847
0.00200936
0.00201019
0.00201097
0.00201171
0.00201242
0.00201313
0.00201384
0.00201457
0.00201533
0.00201614
0.002017
0.00201794
0.00201895
0.00202004
0.00202122
0.00202247
0.00202381
0.0020252
0.00202665
0.00202811
0.00202957
0.002031
0.00203237
0.00203364
0.00203477
0.00203575
0.00203655
0.00203716
0.00203757
0.00203779
0.00203783
0.0020377
0.00203743
0.00203705
0.00203658
0.00203605
0.00203549
0.00203493
0.00203442
0.00203396
0.0020336
0.00203334
0.0020332
0.00203319
0.00203329
0.00203351
0.00203384
0.00203425
0.00203473
0.00203526
0.00203582
0.00203638
0.00203693
0.00203745
0.00203793
0.00203836
0.00203874
0.00203905
0.00203929
0.00203945
0.00203954
0.00203955
0.0020395
0.00203938
0.00203921
0.00203901
0.00203878
0.00203855
0.00203832
0.00203813
0.00203799
0.0020379
0.00203789
0.00203797
0.00203814
0.00203841
0.00203878
0.00203923
0.00203977
0.00204037
0.00204103
0.00204173
0.00204245
0.00204315
0.00204384
0.00204447
0.00204503
0.00204549
0.00204584
0.00204605
0.00204612
0.00204603
0.00204578
0.00204537
0.00204481
0.00204411
0.0020433
0.00204239
0.00204143
0.00204044
0.00203946
0.00203853
0.00203769
0.00203696
0.00203637
0.00203594
0.00203567
0.00203555
0.00203556
0.00203571
0.00203597
0.00203632
0.00203674
0.00203723
0.00203776
0.00203834
0.00203895
0.00203959
0.00204027
0.00204098
0.00204173
0.00204252
0.00204336
0.00204426
0.00204521
0.00204622
0.00204726
0.00204832
0.00204939
0.00205045
0.00205147
0.00205245
0.00205335
0.00205418
0.00205493
0.00205559
0.00205615
0.00205663
0.00205703
0.00205736
0.00205764
0.00205787
0.00205809
0.0020583
0.00205853
0.00205879
0.00205909
0.00205946
0.00205989
0.0020604
0.002061
0.00206167
0.00206242
0.00206325
0.00206413
0.00206507
0.00206603
0.002067
0.00206796
0.00206889
0.00206977
0.00207059
0.00207132
0.00207196
0.00207251
0.00207297
0.00207333
0.00207362
0.00207384
0.00207401
0.00207416
0.00207429
0.00207442
0.00207458
0.00207478
0.00207503
0.00207535
0.00207575
0.00207623
0.00207679
0.00207744
0.00207816
0.00207894
0.00207976
0.00208062
0.00208151
0.0020824
0.00208328
0.00208415
0.002085
0.00208582
0.00208662
0.00208739
0.00208813
0.00208886
0.00208957
0.00209026
0.00209094
0.00209161
0.00209227
0.00209291
0.00209354
0.00209415
0.00209476
0.00209537
0.00209596
0.00209656
0.00209716
0.00209778
0.0020984
0.00209905
0.00209971
0.00210041
0.00210113
0.00210188
0.00210266
0.00210347
0.0021043
0.00210515
0.00210603
0.00210692
0.00210782
0.00210873
0.00210963
0.00211052
0.0021114
0.00211225
0.00211308
0.00211387
0.00211461
0.00211531
0.00211596
0.00211657
0.00211713
0.00211765
0.00211813
0.00211859
0.00211904
0.00211948
0.00211993
0.00212041
0.00212092
0.00212148
0.00212208
0.00212275
0.00212347
0.00212425
0.00212508
0.00212597
0.00212691
0.00212789
0.00212891
0.00212995
0.00213102
0.0021321
0.00213319
0.00213428
0.00213537
0.00213645
0.00213752
0.00213856
0.00213959
0.0021406
0.00214158
0.00214253
0.00214346
0.00214435
0.00214522
0.00214606
0.00214687
0.00214767
0.00214846
0.00214925
0.00215004
0.00215084
0.00215167
0.00215251
0.00215338
0.00215429
0.00215522
0.00215619
0.00215718
0.00215821
0.00215925
0.00216032
0.00216139
0.00216248
0.00216356
0.00216464
0.0021657
0.00216675
0.00216778
0.00216878
0.00216977
0.00217072
0.00217164
0.00217254
0.00217341
0.00217425
0.00217507
0.00217586
0.00217663
0.00217737
0.00217809
0.00217879
0.00217948
0.00218015
0.00218081
0.00218146
0.00218212
0.00218279
0.00218346
0.00218416
0.00218488
0.00218563
0.00218641
0.00218721
0.00218804
0.00218889
0.00218976
0.00219064
0.00219154
0.00219244
0.00219335
0.00219426
0.00219516
0.00219605
0.00219693
0.00219781
0.00219868
0.00219954
0.00220039
0.00220125
0.00220211
0.00220297
0.00220385
0.00220474
0.00220564
0.00220657
0.00220753
0.00220852
0.00220953
0.00221057
0.00221165
0.00221275
0.00221387
0.002215
0.00221615
0.00221731
0.00221846
0.00221961
0.00222074
0.00222185
0.00222294
0.00222401
0.00222505
0.00222605
0.00222703
0.00222798
0.0022289
0.0022298
0.00223068
0.00223155
0.00223242
0.00223327
0.00223413
0.00223499
0.00223585
0.00223672
0.00223758
0.00223845
0.00223932
0.00224018
0.00224103
0.00224187
0.00224269
0.00224349
0.00224428
0.00224505
0.00224581
0.00224656
0.0022473
0.00224804
