-3.75953e-05
-8.72897e-05
-0.000142395
-0.000200518
-0.000250917
-0.000291531
-0.000321038
-0.000334004
-0.000330398
-0.00030729
-0.000266166
-0.000207181
-0.000132006
-4.24811e-05
5.88911e-05
0.000169134
0.000284918
0.000402692
0.000518809
0.00062967
0.000731849
0.000822166
0.000897885
0.000956618
0.000996649
0.0010168
0.00101667
0.000996552
0.000957479
0.000901152
0.000829896
0.000746578
0.000654503
0.000556123
0.000454869
0.000354246
0.000257692
0.000168462
8.95012e-05
2.33388e-05
-2.80012e-05
-6.30713e-05
-8.10485e-05
-8.17567e-05
-6.56669e-05
-3.38728e-05
1.19567e-05
6.96448e-05
0.000136594
0.000209886
0.00028639
0.000362887
0.000436187
0.000503253
0.00056131
0.00060795
0.000641232
0.000659729
0.000662585
0.000649532
0.0006209
0.000577595
0.000521057
0.000453203
0.000376347
0.00029311
0.000206318
0.000118892
3.37383e-05
-4.63585e-05
-0.000123378
-0.000195462
-0.000260924
-0.000318309
-0.000366457
-0.000404538
-0.000432069
-0.000448938
-0.000455425
-0.000452172
-0.000440159
-0.000420661
-0.000395203
-0.000365499
-0.000333385
-0.000300756
-0.000269485
-0.000241364
-0.000218029
-0.000200904
-0.000191149
-0.000189616
-0.000196822
-0.000212932
-0.00023775
-0.000270739
-0.000311035
-0.000357492
-0.000408718
-0.00046314
-0.000519059
-0.000574719
-0.000628373
-0.000678351
-0.000723125
-0.000761364
-0.000791987
-0.000814199
-0.00082752
-0.000831804
-0.000827237
-0.000814332
-0.000793903
-0.000767036
-0.000735042
-0.000699409
-0.000661741
-0.000623696
-0.000586925
-0.000553002
-0.000523371
-0.000499299
-0.000481801
-0.000471615
-0.000469183
-0.000474637
-0.000487794
-0.000508173
-0.000534961
-0.000567049
-0.000603241
-0.000642186
-0.00068244
-0.000722518
-0.00076096
-0.000796382
-0.000827529
-0.000853323
-0.000872901
-0.000885645
-0.000891224
-0.000889564
-0.000880971
-0.000866029
-0.000845515
-0.000820383
-0.000791726
-0.000760732
-0.000728587
-0.000696467
-0.000665492
-0.000636688
-0.000610987
-0.0005892
-0.000572034
-0.000560042
-0.000553574
-0.000552759
-0.000557503
-0.000567499
-0.00058224
-0.000601044
-0.000623084
-0.000647423
-0.000673049
-0.000698917
-0.000723989
-0.000747275
-0.000767868
-0.000784977
-0.000797956
-0.000806325
-0.000809787
-0.000808233
-0.000801747
-0.000790594
-0.000775211
-0.000756185
-0.000734229
-0.000710151
-0.000684825
-0.000659152
-0.00063403
-0.000610315
-0.000588794
-0.000570154
-0.000554956
-0.00054362
-0.00053641
-0.000533427
-0.000534604
-0.000539721
-0.000548413
-0.000560189
-0.000574448
-0.000590503
-0.000607611
-0.000625003
-0.000641911
-0.000657596
-0.00067138
-0.000682671
-0.000690977
-0.000695931
-0.000697297
-0.00069498
-0.000689025
-0.000679618
-0.000667069
-0.000651804
-0.000634345
-0.000615307
-0.000595341
-0.000575119
-0.000555306
-0.000536544
-0.000519385
-0.000504285
-0.000491598
-0.000481561
-0.000474298
-0.000469813
-0.000467993
-0.000468622
-0.000471388
-0.000475902
-0.000481689
-0.00048824
-0.00049504
-0.000501581
-0.00050738
-0.000512111
-0.000515607
-0.000517777
-0.000518586
-0.000518052
-0.000516247
-0.00051329
-0.000509344
-0.000504605
-0.000499297
-0.000493654
-0.000487915
-0.00048231
-0.000477053
-0.00047233
-0.000468261
-0.000464936
-0.000462418
-0.000460735
-0.000459871
-0.000459766
-0.000460319
-0.000461396
-0.000462833
-0.000464445
-0.000466037
-0.000467413
-0.00046839
-0.000468807
-0.000468527
-0.000467455
-0.000465532
-0.000462743
-0.000459114
-0.000454712
-0.00044964
-0.00044403
-0.000438042
-0.000431848
-0.000425629
-0.000419566
-0.000413829
-0.000408571
-0.00040392
-0.000399975
-0.000396798
-0.000394415
-0.000392817
-0.000391958
-0.000391457
-0.000391246
-0.00039125
-0.000391384
-0.000391558
-0.00039168
-0.00039163
-0.000391267
-0.000390456
-0.000389083
-0.000387062
-0.000384335
-0.000380883
-0.000376721
-0.000371898
-0.000366498
-0.000360633
-0.00035444
-0.000348075
-0.000341709
-0.000335522
-0.000329694
-0.000324399
-0.000319798
-0.000316031
-0.000313213
-0.000311428
-0.000310713
-0.00031106
-0.000312417
-0.000314692
-0.000317749
-0.000321424
-0.000325526
-0.000329845
-0.000334163
-0.000338262
-0.000341929
-0.000344969
-0.000347251
-0.000348627
-0.000348984
-0.000348245
-0.000346374
-0.00034338
-0.000339313
-0.000334264
-0.000328364
-0.000321773
-0.000314681
-0.000307298
-0.00029984
-0.000292532
-0.000285591
-0.000279221
-0.000273604
-0.000268892
-0.000265201
-0.000262609
-0.000261147
-0.000260804
-0.000261526
-0.000263212
-0.000265729
-0.000268907
-0.000272551
-0.00027645
-0.00028038
-0.000284122
-0.000287461
-0.000290201
-0.000292219
-0.000293448
-0.000293827
-0.000293314
-0.000291869
-0.000289448
-0.00028602
-0.000281574
-0.000276125
-0.000269715
-0.000262411
-0.000254302
-0.000245501
-0.000236143
-0.000226377
-0.000216367
-0.000206287
-0.000196317
-0.000186643
-0.000177445
-0.000168899
-0.000161164
-0.000154378
-0.000148657
-0.000144088
-0.000140725
-0.000138592
-0.000137675
-0.000137931
-0.000139284
-0.000141627
-0.00014483
-0.000148742
-0.000153196
-0.000158016
-0.00016302
-0.000168253
-0.000173651
-0.000179196
-0.00018487
-0.000190635
-0.000196438
-0.000202213
-0.000207878
-0.000213346
-0.000218523
-0.000223312
-0.00022762
-0.000231359
-0.00023445
-0.000236828
-0.000238443
-0.000239267
-0.000239291
-0.00023853
-0.000237017
-0.000234812
-0.000231993
-0.000228657
-0.000224916
-0.000220896
-0.000216729
-0.000212553
-0.000208506
-0.000204717
-0.000201309
-0.000198387
-0.000196038
-0.000194327
-0.000193294
-0.000192987
-0.000193415
-0.000194541
-0.000196297
-0.000198594
-0.000201316
-0.000204308
-0.000207395
-0.000210401
-0.000213155
-0.000215497
-0.000217291
-0.000218427
-0.000218827
-0.000218445
-0.000217263
-0.000215295
-0.000212583
-0.000209199
-0.00020524
-0.000200824
-0.000196088
-0.000191183
-0.000186262
-0.000181483
-0.000176994
-0.000172936
-0.000169429
-0.000166576
-0.00016445
-0.000163099
-0.000162541
-0.000162763
-0.000163723
-0.000165349
-0.000167547
-0.0001702
-0.000173174
-0.000176316
-0.000179473
-0.000182498
-0.000185246
-0.000187584
-0.000189398
-0.000190592
-0.000191096
-0.000190865
-0.000189885
-0.00018817
-0.000185764
-0.000182733
-0.00017917
-0.000175187
-0.000170916
-0.000166496
-0.000162073
-0.000157795
-0.000153801
-0.000150221
-0.000147167
-0.000144731
-0.000142981
-0.000141958
-0.000141675
-0.000142117
-0.000143239
-0.000144972
-0.000147223
-0.000149879
-0.000152814
-0.000155904
-0.000159013
-0.000161996
-0.000164716
-0.00016703
-0.000168818
-0.000169983
-0.000170459
-0.000170216
-0.000169256
-0.000167606
-0.000165323
-0.000162486
-0.000159197
-0.000155572
-0.000151742
-0.000147843
-0.000144014
-0.000140388
-0.00013709
-0.000134233
-0.00013191
-0.000130193
-0.000129129
-0.000128743
-0.000129028
-0.000129956
-0.000131471
-0.000133498
-0.000135941
-0.000138689
-0.00014162
-0.000144609
-0.000147526
-0.000150249
-0.000152661
-0.000154663
-0.000156167
-0.000157112
-0.000157453
-0.000157174
-0.00015628
-0.000154802
-0.000152791
-0.000150322
-0.000147483
-0.000144379
-0.000141122
-0.000137831
-0.000134624
-0.000131615
-0.000128908
-0.000126596
-0.000124753
-0.000123436
-0.00012268
-0.000122498
-0.000122882
-0.000123801
-0.000125204
-0.000127022
-0.000129171
-0.000131556
-0.000134072
-0.000136615
-0.000139075
-0.000141353
-0.000143355
-0.000145
-0.000146223
-0.000146998
-0.000147306
-0.000147135
-0.000146492
-0.000145403
-0.000143913
-0.000142066
-0.000139908
-0.000137498
-0.000134904
-0.000132202
-0.000129479
-0.000126822
-0.000124324
-0.000122077
-0.000120162
-0.000118647
-0.000117586
-0.000117012
-0.00011694
-0.000117369
-0.000118276
-0.000119621
-0.000121349
-0.000123391
-0.000125667
-0.000128088
-0.000130563
-0.000132997
-0.000135299
-0.000137386
-0.000139179
-0.000140614
-0.000141641
-0.000142224
-0.000142344
-0.000142
-0.000141206
-0.000139997
-0.000138417
-0.000136527
-0.000134397
-0.000132106
-0.000129737
-0.000127376
-0.000125105
-0.000123005
-0.000121147
-0.000119593
-0.000118391
-0.000117577
-0.000117174
-0.000117189
-0.000117614
-0.000118426
-0.000119587
-0.000121046
-0.000122743
-0.000124608
-0.000126568
-0.000128546
-0.000130465
-0.00013225
-0.000133835
-0.00013516
-0.000136176
-0.000136846
-0.000137147
-0.00013707
-0.000136622
-0.000135836
-0.000134749
-0.000133401
-0.000131842
-0.000130127
-0.000128285
-0.000126332
-0.000124277
-0.000122125
-0.000119882
-0.000117557
-0.000115159
-0.000112702
-0.000110204
-0.000107792
-0.000105596
-0.000103735
-0.000102313
-0.000101417
-0.000101111
-0.000101438
-0.000102415
-0.000104035
-0.000106265
-0.000109048
-0.000112308
-0.000115948
-0.000119857
-0.000123911
-0.000127984
-0.000131943
-0.00013566
-0.000139016
-0.000141903
-0.000144228
-0.000145919
-0.000146926
-0.000147222
-0.000146806
-0.000145701
-0.000143954
-0.000141636
-0.000138835
-0.000135658
-0.000132224
-0.00012866
-0.0001251
-0.000121674
-0.00011851
-0.000115725
-0.000113423
-0.000111689
-0.000110586
-0.000110155
-0.000110411
-0.000111343
-0.000112918
-0.000115075
-0.000117734
-0.000120796
-0.000124145
-0.000127658
-0.000131204
-0.000134649
-0.000137865
-0.000140723
-0.000143117
-0.000144959
-0.000146184
-0.000146731
-0.000146603
-0.00014581
-0.000144392
-0.00014241
-0.000139948
-0.000137107
-0.000133986
-0.000130667
-0.000127253
-0.000123856
-0.000120589
-0.000117569
-0.000114904
-0.000112701
-0.000111046
-0.000110008
-0.000109622
-0.000109904
-0.000110845
-0.000112411
-0.000114544
-0.000117166
-0.000120179
-0.000123474
-0.000126929
-0.000130418
-0.000133815
-0.000136997
-0.000139849
-0.000142272
-0.00014418
-0.000145509
-0.000146218
-0.000146285
-0.000145717
-0.000144541
-0.000142809
-0.00014059
-0.000137973
-0.000135061
-0.000131965
-0.000128803
-0.000125695
-0.000122755
-0.000120094
-0.000117808
-0.000115981
-0.000114676
-0.000113939
-0.000113792
-0.000114238
-0.000115255
-0.000116802
-0.000118817
-0.000121222
-0.000123923
-0.000126819
-0.000129798
-0.00013275
-0.000135563
-0.000138135
-0.00014037
-0.000142189
-0.000143528
-0.00014434
-0.000144601
-0.000144307
-0.000143476
-0.000142146
-0.000140372
-0.000138231
-0.000135813
-0.000133217
-0.000130717
-0.00012867
-0.000127395
-0.000127162
-0.000128189
-0.000130638
-0.000134631
-0.000139958
-0.000146342
-0.000153459
-0.000160947
-0.000168422
-0.000175504
-0.000181826
-0.000187054
-0.000190897
-0.000193118
-0.000193547
-0.000192084
-0.00018871
-0.000183323
-0.000175921
-0.000166604
-0.000155566
-0.000143089
-0.000129531
-0.000115308
-0.000100891
-8.67874e-05
-7.35269e-05
-6.16439e-05
-5.16399e-05
-4.39409e-05
-3.88819e-05
-3.66924e-05
-3.74883e-05
-4.12686e-05
-4.79161e-05
-5.72041e-05
-6.88051e-05
-8.23032e-05
-9.72106e-05
-0.000112986
-0.000129056
-0.000144837
-0.000159757
-0.000173276
-0.000184907
-0.000194239
-0.000200954
-0.000204833
-0.000205764
-0.000203752
-0.000198908
-0.000191456
-0.000181714
-0.000170086
-0.000157046
-0.000143116
-0.000128851
-0.000114814
-0.000101553
-8.95849e-05
-7.93701e-05
-7.1299e-05
-6.56759e-05
-6.27077e-05
-6.24982e-05
-6.50554e-05
-7.02817e-05
-7.79801e-05
-8.78658e-05
-9.95735e-05
-0.000114085
-0.0001322
-0.000154457
-0.000181144
-0.000212305
-0.000247666
-0.000286664
-0.000328289
-0.000370614
-0.000411126
-0.00044725
-0.000476716
-0.000497651
-0.000508617
-0.000508583
-0.000497071
-0.000474117
-0.00044026
-0.000396509
-0.000344325
-0.000285501
-0.000222088
-0.000156311
-9.0469e-05
-2.68896e-05
3.22049e-05
8.47681e-05
0.000129006
0.000163442
0.000186974
0.000198909
0.00019899
0.00018742
0.000164833
0.000132268
9.11164e-05
4.30486e-05
-1.00142e-05
-6.60026e-05
-0.000122769
-0.000178165
-0.000230117
-0.000276709
-0.000316247
-0.000347336
-0.000368893
-0.000380205
-0.000380951
-0.000371216
-0.000351479
-0.000322594
-0.000285754
-0.000242447
-0.000194392
-0.000143468
-9.16509e-05
-4.09333e-05
6.75073e-06
4.95987e-05
8.60095e-05
0.000114639
0.000134449
0.000144748
0.000145209
0.000135859
0.00011714
8.97545e-05
5.47086e-05
1.34187e-05
-3.24732e-05
-8.11724e-05
-0.000130804
-0.000179481
-0.000225375
-0.000266787
-0.000302211
-0.000330386
-0.000350343
-0.000361437
-0.000363368
-0.000356191
-0.000340304
-0.000316434
-0.000285603
-0.000249085
-0.000208356
-0.000165035
-0.000120822
-7.74273e-05
-3.65115e-05
3.81334e-07
3.18797e-05
5.68349e-05
7.43641e-05
8.38747e-05
8.50895e-05
7.80508e-05
6.3115e-05
4.09346e-05
1.24289e-05
-2.12543e-05
-5.87858e-05
-9.87082e-05
-0.000139493
-0.0001796
-0.000217539
-0.000251918
-0.000281504
-0.000305256
-0.00032237
-0.000332302
-0.000334788
-0.000329845
-0.000317773
-0.000299147
-0.000274775
-0.000245676
-0.000213029
-0.000178133
-0.000142353
-0.000107069
-7.36224e-05
-4.32692e-05
-1.713e-05
3.85016e-06
1.89343e-05
2.76189e-05
2.96495e-05
2.5027e-05
1.4004e-05
-2.92768e-06
-2.50593e-05
-5.14943e-05
-8.11864e-05
-0.000113047
-0.000145947
-0.000178675
-0.000209996
-0.000238744
-0.000263866
-0.000284458
-0.000299801
-0.000309378
-0.000312876
-0.000310189
-0.000301428
-0.000286908
-0.000267142
-0.000242873
-0.000215017
-0.000184635
-0.000152892
-0.000121012
-9.02305e-05
-6.17488e-05
-3.66708e-05
-1.59533e-05
-3.71965e-07
9.50564e-06
1.33389e-05
1.10238e-05
2.69403e-06
-1.1288e-05
-3.03492e-05
-5.37267e-05
-8.05032e-05
-0.000109643
-0.000140035
-0.000170532
-0.000199998
-0.000227351
-0.000251602
-0.000271894
-0.000287528
-0.000297994
-0.000302982
-0.000302394
-0.000296343
-0.000285146
-0.000269309
-0.000249505
-0.000226547
-0.000201354
-0.000174917
-0.000148247
-0.00012236
-9.82316e-05
-7.67566e-05
-5.87173e-05
-4.47569e-05
-3.53559e-05
-3.08159e-05
-3.1251e-05
-3.6587e-05
-4.65648e-05
-6.075e-05
-7.85541e-05
-9.92579e-05
-0.000122041
-0.000146015
-0.000170255
-0.000193842
-0.000215887
-0.000235576
-0.000252299
-0.000265461
-0.000274732
-0.000279924
-0.000280949
-0.000277831
-0.000270749
-0.00026003
-0.000246099
-0.000229469
-0.00021072
-0.000190479
-0.000169396
-0.00014816
-0.000127484
-0.000108074
-9.06071e-05
-7.57029e-05
-6.39041e-05
-5.56502e-05
-5.12379e-05
-5.08131e-05
-5.4367e-05
-6.17383e-05
-7.2622e-05
-8.65827e-05
-0.000103073
-0.000121456
-0.000141031
-0.000161061
-0.0001808
-0.000199523
-0.000216554
-0.000231288
-0.000243216
-0.000251942
-0.000257194
-0.000258838
-0.000256876
-0.000251445
-0.000242812
-0.000231357
-0.000217564
-0.000201994
-0.000185265
-0.000168031
-0.000150953
-0.000134677
-0.000119808
-0.000106888
-9.63844e-05
-8.86584e-05
-8.3961e-05
-8.24257e-05
-8.4065e-05
-8.87721e-05
-9.63272e-05
-0.000106407
-0.000118597
-0.000132413
-0.000147314
-0.000162728
-0.000178073
-0.000192776
-0.0002063
-0.000218156
-0.000227928
-0.000235282
-0.000239981
-0.00024189
-0.000240981
-0.000237608
-0.000232124
-0.000224896
-0.000216295
-0.000206709
-0.000196551
-0.000186244
-0.000176097
-0.000166411
-0.000157449
-0.000149418
-0.000142498
-0.000136838
-0.000132555
-0.000129731
-0.000128414
-0.000128611
-0.000130274
-0.000133304
-0.000137555
-0.000142839
-0.000148938
-0.000155606
-0.000162582
-0.000169601
-0.0001764
-0.000182732
-0.000188372
-0.000193123
-0.000196829
-0.000199373
-0.000200684
-0.000200739
-0.000199563
-0.000197226
-0.000193838
-0.000189548
-0.000184535
-0.000179003
-0.000173169
-0.000167259
-0.000161496
-0.000156094
-0.000151248
-0.000147129
-0.000143877
-0.000141599
-0.00014036
-0.000140189
-0.000141074
-0.000142965
-0.000145777
-0.000149391
-0.000153663
-0.000158427
-0.000163503
-0.000168703
-0.000173838
-0.000178725
-0.000183194
-0.000187093
-0.000190296
-0.000192704
-0.000194247
-0.000194891
-0.000194634
-0.000193509
-0.000191576
-0.000188928
-0.000185682
-0.000181978
-0.000178278
-0.000174995
-0.000172459
-0.000170911
-0.000170538
-0.000171476
-0.000173605
-0.000176715
-0.000180566
-0.000184887
-0.000189394
-0.000193818
-0.000197901
-0.000201411
-0.000204145
-0.000205942
-0.000206682
-0.000206299
-0.000204773
-0.000202138
-0.000198475
-0.000193908
-0.000188601
-0.000182748
-0.000176565
-0.000170284
-0.000164138
-0.000158355
-0.000153149
-0.00014871
-0.000145198
-0.000142735
-0.000141402
-0.000141237
-0.00014223
-0.000144329
-0.00014744
-0.00015143
-0.000156134
-0.000161364
-0.000166911
-0.000172559
-0.00017809
-0.000183292
-0.000187971
-0.000191953
-0.000195094
-0.000197288
-0.000198462
-0.000198589
-0.000197682
-0.000195796
-0.000193023
-0.000189488
-0.000185346
-0.000180772
-0.000175958
-0.000171103
-0.000166404
-0.000162003
-0.00015807
-0.000154769
-0.000152237
-0.000150576
-0.000149855
-0.000150106
-0.000151321
-0.000153451
-0.000156421
-0.000160402
-0.000165435
-0.000171455
-0.0001783
-0.000185747
-0.000193549
-0.000201439
-0.000209035
-0.000215975
-0.000221909
-0.000226507
-0.000229505
-0.00023072
-0.000230057
-0.000227514
-0.000223183
-0.000217242
-0.00020993
-0.000201539
-0.000192398
-0.000182866
-0.000173314
-0.00016411
-0.000155606
-0.000148125
-0.000141945
-0.000137296
-0.000134343
-0.000133185
-0.000133854
-0.000136307
-0.000140438
-0.000146074
-0.000152988
-0.000160908
-0.000169525
-0.000178507
-0.000187513
-0.000196204
-0.000204259
-0.000211384
-0.000217325
-0.000221875
-0.000224885
-0.000226262
-0.000225982
-0.00022408
