-0.000128102
-0.000358302
-0.000658883
-0.00100566
-0.00137233
-0.00173435
-0.00206959
-0.0023581
-0.002581
-0.00272127
-0.00276726
-0.00271218
-0.00255459
-0.00229828
-0.00195188
-0.00152809
-0.00104308
-0.000515553
3.41709e-05
0.00058521
0.00111709
0.00161068
0.00204904
0.00241807
0.00270709
0.00290916
0.00302124
0.00304417
0.00298245
0.0028439
0.00263914
0.00238025
0.00208101
0.00175597
0.00141945
0.00108532
0.000766543
0.000474826
0.000220299
1.1249e-05
-0.000146084
-0.000247636
-0.000291542
-0.000278309
-0.000210699
-9.35314e-05
6.65909e-05
0.000261604
0.000482356
0.000718997
0.000961387
0.00119949
0.00142377
0.00162549
0.00179709
0.00193234
0.0020266
0.00207695
0.00208221
0.00204298
0.00196156
0.00184179
0.00168891
0.00150929
0.00131021
0.00109954
0.000885438
0.000676077
0.000479307
0.000302383
0.000152719
3.6128e-05
-4.40626e-05
-8.53587e-05
-8.66479e-05
-4.83578e-05
2.80649e-05
0.000139974
0.000282068
0.000447792
0.000629605
0.000819339
0.00100858
0.00118905
0.00135296
0.00149339
0.00160454
0.00168198
0.00172281
0.00172584
0.00169154
0.00162204
0.0015209
0.00139288
0.00124379
0.00108013
0.000908884
0.000737139
0.00057183
0.000419435
0.000285815
0.000175639
9.25754e-05
3.90113e-05
1.60406e-05
2.34475e-05
5.97579e-05
0.000122328
0.000207477
0.000310654
0.000426654
0.000549853
0.000674396
0.000794591
0.000905182
0.00100159
0.00108012
0.00113809
0.00117392
0.00118717
0.00117849
0.00115068
0.00110562
0.00104565
0.000973611
0.000892676
0.000806166
0.000717404
0.000629597
0.000545562
0.000467968
0.000399227
0.000341305
0.000295712
0.000263461
0.00024506
0.000240521
0.000249401
0.000270833
0.000303567
0.000346018
0.000396506
0.000450872
0.000504982
0.000555337
0.000599088
0.000634009
0.000658559
0.000672951
0.000678299
0.000676807
0.000671592
0.000665753
0.000661891
0.000660802
0.000662104
0.000664982
0.00066858
0.000672053
0.000674607
0.000675542
0.000674286
0.000670415
0.000663661
0.00065392
0.000641248
0.00062586
0.000608111
0.000588482
0.000567556
0.000546081
0.000524656
0.000504013
0.000484864
0.000467858
0.000453565
0.000442453
0.000434872
0.000431044
0.000431051
0.000434834
0.000442193
0.0004528
0.000466177
0.000481707
0.000498657
0.000516211
0.000533506
0.000549669
0.000563868
0.000575323
0.00058369
0.000588878
0.000590948
0.000590091
0.000586585
0.000580773
0.000573039
0.000563793
0.000553418
0.000542315
0.000530938
0.00051961
0.000508606
0.000498145
0.000488393
0.000479466
0.000471437
0.000464341
0.000458186
0.000452962
0.000448755
0.000445578
0.000443553
0.000442768
0.000443281
0.000445634
0.000450573
0.000458902
0.000471389
0.000488694
0.000511316
0.00053955
0.000573452
0.000612816
0.000657107
0.000705923
0.000758379
0.000813207
0.00086884
0.000923561
0.00097398
0.00101555
0.0010441
0.00105633
0.00104994
0.00102359
0.000976985
0.000910832
0.000826773
0.000727551
0.000616109
0.000496199
0.000371961
0.00024773
0.000127732
1.64207e-05
-8.23666e-05
-0.000165424
-0.000230228
-0.000274931
-0.000298511
-0.000300795
-0.000282542
-0.000245383
-0.000191911
-0.000125538
-5.01525e-05
3.0248e-05
0.000111626
0.000190091
0.000262429
0.000325779
0.000377897
0.000417188
0.000442733
0.000454289
0.000452247
0.000437579
0.000411706
0.000376442
0.000333979
0.000286616
0.000236694
0.000186493
0.000138148
9.34119e-05
5.38485e-05
2.07017e-05
-5.14475e-06
-1.98822e-05
-2.4233e-05
-1.86985e-05
-4.1548e-06
1.82278e-05
4.7049e-05
8.10451e-05
0.000119158
0.000160272
0.000203206
0.000246722
0.00028955
0.000330414
0.000368077
0.000401387
0.000429309
0.000450963
0.000465644
0.000472851
0.000472295
0.000463911
0.000447854
0.000424457
0.000394217
0.000357773
0.000315885
0.000269463
0.000219622
0.000167644
0.000114943
6.3192e-05
1.37227e-05
-3.19429e-05
-7.23438e-05
-0.000106141
-0.000132171
-0.000149496
-0.000157452
-0.00015568
-0.000145151
-0.000126206
-9.9526e-05
-6.61615e-05
-2.74646e-05
1.49796e-05
5.94342e-05
0.000104098
0.000147197
0.000187062
0.000222214
0.000251418
0.000273369
0.000287472
0.000293506
0.0002916
0.000282296
0.000266459
0.000245217
0.000219895
0.000191915
0.000162762
0.000133949
0.000106849
8.26696e-05
6.24065e-05
4.6803e-05
3.63295e-05
3.1177e-05
3.12643e-05
3.62604e-05
4.56177e-05
5.8005e-05
7.16357e-05
8.54285e-05
9.87928e-05
0.000111692
0.000124624
0.000138317
0.000153538
0.000171002
0.000191319
0.000214991
0.000242378
0.000273656
0.000308798
0.000347574
0.000389561
0.000434136
0.000480455
0.000527481
0.000574038
0.000618865
0.000660727
0.000698398
0.000730703
0.000756566
0.000775042
0.000785353
0.000786921
0.000779389
0.000762684
0.000736905
0.000702425
0.000659857
0.000610049
0.000554059
0.000493133
0.000426309
0.000354354
0.000277707
0.000196727
0.000112214
2.5455e-05
-6.1982e-05
-0.000148334
-0.000231754
-0.000310417
-0.000382596
-0.000446749
-0.000501598
-0.000546184
-0.000580036
-0.000602856
-0.00061473
-0.000616122
-0.000607841
-0.000591003
-0.000566977
-0.000537316
-0.000503643
-0.000467723
-0.00043129
-0.000395917
-0.000363008
-0.000333758
-0.000309111
-0.00028974
-0.000276037
-0.000268113
-0.000265814
-0.000268749
-0.000276808
-0.000289534
-0.000306137
-0.000325592
-0.000346788
-0.000368514
-0.000389322
-0.000407793
-0.000422668
-0.000432919
-0.000437792
-0.000436852
-0.00043001
-0.000417533
-0.000399975
-0.000378079
-0.000352731
-0.000324918
-0.000295687
-0.000266098
-0.000237186
-0.000209885
-0.000185036
-0.00016336
-0.000145438
-0.000131691
-0.000122375
-0.000117572
-0.000117189
-0.000120967
-0.000128487
-0.000139204
-0.000152459
-0.000167497
-0.000183501
-0.000199622
-0.000215012
-0.000228856
-0.000240242
-0.000248538
-0.000253234
-0.000253969
-0.000250555
-0.000242984
-0.000231426
-0.000216213
-0.000197826
-0.000176862
-0.000154014
-0.000130033
-0.000105851
-8.23703e-05
-6.03667e-05
-4.04926e-05
-2.32823e-05
-9.13415e-06
1.70078e-06
9.12235e-06
1.31884e-05
1.40744e-05
1.20747e-05
7.60015e-06
1.13893e-06
-6.76655e-06
-1.55454e-05
-2.46267e-05
-3.34656e-05
-4.15682e-05
-4.85105e-05
-5.39541e-05
-5.80293e-05
-6.05479e-05
-6.13058e-05
-6.01788e-05
-5.69454e-05
-5.153e-05
-4.39639e-05
-3.44408e-05
-2.33069e-05
-1.09925e-05
2.02973e-06
1.52717e-05
2.82503e-05
4.05077e-05
5.16289e-05
6.12583e-05
6.91127e-05
7.49918e-05
7.87841e-05
8.04693e-05
8.0116e-05
7.78738e-05
7.396e-05
6.86498e-05
6.22647e-05
5.51588e-05
4.77053e-05
4.02816e-05
3.32549e-05
2.6981e-05
2.17481e-05
1.78126e-05
1.53698e-05
1.45518e-05
1.5422e-05
1.79703e-05
2.21159e-05
2.7714e-05
3.4562e-05
4.24078e-05
5.09603e-05
5.98857e-05
6.88358e-05
7.74662e-05
8.54532e-05
9.25101e-05
9.84013e-05
0.000102953
0.000106063
0.000107703
0.000108058
0.000107216
0.000105317
0.000102535
9.90676e-05
9.51268e-05
9.09297e-05
8.66888e-05
8.2599e-05
7.88405e-05
7.55745e-05
7.29251e-05
7.0984e-05
6.98096e-05
6.94279e-05
6.9833e-05
7.09897e-05
7.28364e-05
7.52894e-05
7.82479e-05
8.14581e-05
8.47373e-05
8.80257e-05
9.1258e-05
9.43704e-05
9.73038e-05
0.000100185
0.000103267
0.000106786
0.000110915
0.000115739
0.00012123
0.000127235
0.000133475
0.000139547
0.000145061
0.000149671
0.000153088
0.000155087
0.000155516
0.000154298
0.000151429
0.000146971
0.000141053
0.000133863
0.000125639
0.000116663
0.000107249
9.77304e-05
8.84861e-05
7.98105e-05
7.20257e-05
6.5434e-05
6.02871e-05
5.67777e-05
5.50365e-05
5.51272e-05
5.70437e-05
6.07099e-05
6.59824e-05
7.26559e-05
8.04605e-05
8.90792e-05
9.81625e-05
0.000107344
0.000116257
0.00012455
0.000131897
0.000137995
0.00014262
0.000145603
0.000146914
0.000146612
0.000144816
0.000141698
0.000137477
0.000132403
0.000126747
0.000120776
0.000114761
0.000108975
0.000103647
9.89737e-05
9.51095e-05
9.21646e-05
9.02035e-05
8.92449e-05
8.92644e-05
9.01988e-05
9.1951e-05
9.42859e-05
9.70444e-05
0.000100156
0.000103534
0.000107082
0.000111081
0.000115954
0.000122153
0.00013009
0.0001401
0.000152409
0.000167116
0.000184184
0.000203444
0.000223439
0.000242585
0.000259477
0.000272927
0.000281985
0.000285959
0.000284438
0.000277276
0.000264574
0.000246666
0.000224099
0.000197609
0.000168083
0.000136529
0.000104029
7.1788e-05
4.08151e-05
1.21675e-05
-1.31904e-05
-3.4417e-05
-5.08261e-05
-6.1914e-05
-6.73787e-05
-6.71322e-05
-6.1305e-05
-5.0241e-05
-3.4486e-05
-1.47988e-05
7.89951e-06
3.25745e-05
5.81304e-05
8.3464e-05
0.000107518
0.000129328
0.00014807
0.000163091
0.000174041
0.000180606
0.000182676
0.000180338
0.000173871
0.000163719
0.000150469
0.000134816
0.000117513
9.93559e-05
8.1182e-05
6.37587e-05
4.77832e-05
3.38572e-05
2.24545e-05
1.40317e-05
8.75421e-06
6.657e-06
7.63565e-06
1.16061e-05
1.82162e-05
2.71357e-05
3.79559e-05
5.01931e-05
6.33176e-05
7.67841e-05
9.02379e-05
0.000103674
0.000116875
0.000129584
0.000141505
0.000152289
0.000161544
0.000168844
0.000173819
0.000176212
0.000175945
0.000173006
0.000167506
0.000159662
0.000149789
0.000138264
0.000125518
0.000112019
9.82535e-05
8.47118e-05
7.18678e-05
6.01648e-05
4.99993e-05
4.17484e-05
3.5625e-05
3.18197e-05
3.04377e-05
3.14937e-05
3.49119e-05
4.05305e-05
4.81075e-05
5.7331e-05
6.783e-05
7.91893e-05
9.09649e-05
0.000102679
0.000113865
0.000124085
0.000132955
0.000140154
0.000145439
0.000148656
0.00014974
0.000148716
0.000145724
0.000141011
0.000134889
0.00012771
0.000119854
0.000111708
0.000103645
9.60146e-05
8.9105e-05
8.31719e-05
7.84363e-05
7.50292e-05
7.30157e-05
7.2397e-05
7.31148e-05
7.50589e-05
7.80752e-05
8.19766e-05
8.65531e-05
9.15832e-05
9.6994e-05
0.000102527
0.000107903
0.000111114
0.000109746
0.000102242
8.78504e-05
6.64511e-05
3.84421e-05
4.59813e-06
-3.27124e-05
-7.07968e-05
-0.000106968
-0.000138759
-0.000164035
-0.000181099
-0.000188715
-0.000186172
-0.00017332
-0.000150555
-0.000118768
-7.92196e-05
-3.33412e-05
1.80862e-05
7.40064e-05
0.000133101
0.000193848
0.000254585
0.000313567
0.000368815
0.000418827
0.000461875
0.000496326
0.000520681
0.000533697
0.000534574
0.000523005
0.000499178
0.000463774
0.000417946
0.000363282
0.00030189
0.000236193
0.000168796
0.000102356
3.94454e-05
-1.75747e-05
-6.6663e-05
-0.000106204
-0.000135059
-0.000153147
-0.000160129
-0.000156133
-0.000141736
-0.000117917
-8.6006e-05
-4.76104e-05
-4.53612e-06
4.13656e-05
8.81662e-05
0.000133873
0.000176734
0.000215204
0.000247999
0.000274136
0.000292959
0.000304155
0.000307742
0.000304051
0.000293692
0.000277145
0.000255858
0.000231329
0.000205171
0.000179293
0.0001554
0.000130778
0.000104364
7.64774e-05
4.8557e-05
2.29311e-05
1.76658e-06
-1.27085e-05
-1.95745e-05
-2.13662e-05
-2.16439e-05
-2.27293e-05
-2.52395e-05
-2.87566e-05
-3.17151e-05
-3.2013e-05
-2.79236e-05
-1.76469e-05
5.52106e-07
2.8143e-05
6.52682e-05
0.000111475
0.000165692
0.000226301
0.000289928
0.000355724
0.000421226
0.000483795
0.000540843
0.000589939
0.000628925
0.000656022
0.000669921
0.00066989
0.000655375
0.000626102
0.000582422
0.00052562
0.000458121
0.000382408
0.000301617
0.000219151
0.000138447
6.28531e-05
-4.58699e-06
-5.98038e-05
-0.000101689
-0.00012985
-0.000144584
-0.000146799
-0.000137922
-0.000119772
-9.44265e-05
-6.38016e-05
-2.99281e-05
4.70422e-06
3.82666e-05
6.92666e-05
9.66039e-05
0.000119598
0.000137824
0.000151415
0.00016092
0.000167247
0.000171582
0.000174973
0.000177201
0.00017823
0.000177724
0.000175439
0.000171466
0.00016588
0.000158839
0.000150551
0.000141277
0.000131387
0.000121277
0.000111339
0.000101943
9.34148e-05
8.60215e-05
7.99617e-05
7.53597e-05
7.2265e-05
7.06568e-05
7.04519e-05
7.16331e-05
7.41896e-05
7.8095e-05
8.3287e-05
8.96502e-05
9.70027e-05
0.000105088
0.000113574
0.000121883
0.000129788
0.000136791
0.000142368
0.000145985
0.000147148
0.000145443
0.000140578
0.000132413
0.000120991
0.000106541
8.94904e-05
7.06492e-05
5.09149e-05
3.11905e-05
1.23132e-05
-5.00663e-06
-2.02304e-05
-3.30191e-05
-4.32387e-05
-5.0935e-05
-5.54531e-05
-5.66022e-05
-5.44257e-05
-4.91801e-05
-4.13016e-05
-3.13642e-05
-2.00036e-05
-7.89527e-06
4.4733e-06
1.65354e-05
2.76702e-05
3.73969e-05
4.5314e-05
5.11626e-05
5.48311e-05
5.63521e-05
5.58907e-05
5.37254e-05
5.02241e-05
4.58149e-05
4.04676e-05
3.44103e-05
2.76786e-05
2.03514e-05
1.27113e-05
5.07532e-06
-2.22829e-06
-8.88171e-06
-1.46015e-05
-1.90857e-05
-2.21049e-05
-2.35018e-05
-2.31848e-05
-2.11238e-05
-1.73394e-05
-1.19e-05
-4.96291e-06
3.22666e-06
1.23431e-05
2.19945e-05
3.17418e-05
4.11646e-05
4.98631e-05
5.74913e-05
6.37441e-05
6.835e-05
7.10709e-05
7.1706e-05
7.00992e-05
6.62982e-05
6.01464e-05
5.16786e-05
4.10508e-05
2.85049e-05
1.43713e-05
-9.36444e-07
-1.69313e-05
-3.30659e-05
-4.87479e-05
-6.33591e-05
-7.62766e-05
-8.6827e-05
-9.44436e-05
-9.86979e-05
-9.93221e-05
-9.62236e-05
-8.94882e-05
-7.93758e-05
-6.63275e-05
-5.09275e-05
-3.51106e-05
-1.95461e-05
-4.79944e-06
8.69016e-06
2.05615e-05
3.06788e-05
3.9059e-05
4.58477e-05
5.13237e-05
5.57741e-05
5.94793e-05
6.27617e-05
6.5895e-05
6.91476e-05
7.27491e-05
7.68649e-05
8.15741e-05
8.68396e-05
9.25137e-05
9.83399e-05
0.000102704
0.000105796
0.00010724
0.000106819
0.000104461
0.000100228
9.43559e-05
8.71472e-05
7.89567e-05
7.014e-05
6.10747e-05
5.21399e-05
4.37031e-05
3.61631e-05
2.98797e-05
2.51345e-05
2.21205e-05
2.0936e-05
2.15865e-05
2.39782e-05
2.79146e-05
3.32343e-05
3.97302e-05
4.71413e-05
5.51551e-05
6.34153e-05
7.15368e-05
7.91225e-05
8.57841e-05
9.12214e-05
9.50846e-05
9.71208e-05
9.71501e-05
9.51088e-05
9.10519e-05
8.51522e-05
7.7693e-05
6.90533e-05
5.9687e-05
5.00958e-05
4.07993e-05
3.23098e-05
2.50464e-05
1.9322e-05
1.5339e-05
1.3193e-05
1.28837e-05
1.43296e-05
1.74007e-05
2.19211e-05
2.81781e-05
3.56923e-05
4.39557e-05
5.24655e-05
6.07546e-05
6.84167e-05
7.51207e-05
8.06148e-05
8.4766e-05
8.75005e-05
8.88402e-05
8.89121e-05
8.79055e-05
8.60699e-05
8.36705e-05
8.09756e-05
7.82379e-05
7.56767e-05
7.3465e-05
7.17191e-05
7.01642e-05
6.87686e-05
6.74315e-05
6.61089e-05
6.47924e-05
6.3514e-05
6.23264e-05
6.12786e-05
6.04478e-05
5.99159e-05
5.97395e-05
5.99613e-05
6.06257e-05
6.17647e-05
6.33827e-05
6.54526e-05
6.79152e-05
7.0673e-05
7.35899e-05
7.65359e-05
7.9391e-05
8.20832e-05
8.45397e-05
8.66839e-05
8.84357e-05
8.97137e-05
9.04389e-05
9.05397e-05
8.99581e-05
8.87245e-05
8.67571e-05
8.40713e-05
8.07188e-05
7.6785e-05
7.23909e-05
6.76926e-05
6.28777e-05
5.81598e-05
5.37692e-05
4.99431e-05
4.69128e-05
4.49023e-05
4.40713e-05
4.45056e-05
4.62126e-05
4.91231e-05
5.30974e-05
5.79354e-05
6.33899e-05
6.91867e-05
7.50773e-05
8.08778e-05
8.64143e-05
9.15229e-05
9.60907e-05
0.000100032
0.00010329
0.000105837
0.000107663
0.000108777
0.000109234
0.000109093
0.000108418
0.000107277
0.000105736
0.000103853
0.00010169
9.92998e-05
9.67277e-05
9.40092e-05
9.10497e-05
8.80642e-05
8.51947e-05
8.26464e-05
8.06054e-05
7.92046e-05
7.85555e-05
7.87537e-05
7.96587e-05
8.11939e-05
8.32902e-05
8.58514e-05
8.87474e-05
9.18443e-05
9.50102e-05
9.81093e-05
0.000101006
0.000103571
0.000105685
0.000107245
0.000108171
0.000108454
0.000108116
0.000107207
0.000105795
0.000103957
0.000101779
9.93413e-05
9.67223e-05
9.39595e-05
9.11579e-05
8.83617e-05
8.5608e-05
8.29213e-05
8.03184e-05
7.78136e-05
7.5423e-05
7.3169e-05
7.10837e-05
6.92114e-05
6.76093e-05
6.63915e-05
6.56627e-05
6.55041e-05
6.59631e-05
6.70456e-05
6.87123e-05
7.08791e-05
7.34181e-05
7.61701e-05
7.89041e-05
8.15303e-05
8.39602e-05
8.61121e-05
8.79059e-05
8.92824e-05
9.02056e-05
9.0667e-05
9.07044e-05
9.03687e-05
8.97176e-05
8.88911e-05
8.79908e-05
8.71137e-05
8.63497e-05
8.57856e-05
8.55033e-05
8.55702e-05
8.60348e-05
8.69219e-05
8.80999e-05
8.97156e-05
9.17836e-05
9.42568e-05
9.70188e-05
9.99406e-05
0.000102927
0.000105889
0.000108622
0.000111035
0.000113027
0.000114496
0.000115348
0.000115541
0.000115084
0.00011402
0.000112422
0.000110374
0.000107942
0.000105202
0.000102239
9.91977e-05
9.62277e-05
9.34682e-05
9.10379e-05
8.90254e-05
8.74833e-05
8.64248e-05
8.58238e-05
8.56005e-05
8.57066e-05
8.6019e-05
8.64092e-05
8.67505e-05
8.69278e-05
8.68455e-05
8.64352e-05
8.56607e-05
8.45225e-05
8.30584e-05
8.1343e-05
7.95311e-05
7.77825e-05
7.62494e-05
7.50653e-05
7.43369e-05
7.41377e-05
7.45052e-05
