0.0171984
0.00598862
0.00383671
0.00384317
-0.000320164
-0.000486613
-0.000475622
-0.00273179
-0.00271351
-0.00444977
-0.00440518
-0.00533297
-0.00584948
-0.00657055
-0.00722477
-0.00785433
-0.0084635
-0.00905293
-0.00962389
-0.010178
-0.0107173
-0.0112142
-0.0117113
-0.0121148
-0.0125417
-0.0128986
-0.0132755
-0.0136497
-0.014026
-0.014409
-0.0148033
-0.0152132
-0.0156437
-0.0155118
-0.015751
-0.0159907
-0.0162291
-0.016469
-0.0167087
-0.0169481
-0.0171872
-0.0174259
-0.017664
-0.0179015
-0.0181382
-0.0183742
-0.0186092
-0.0188432
-0.0190761
-0.0193067
-0.0195344
-0.0197591
-0.019981
-0.0202003
-0.0204172
-0.0206335
-0.0208531
-0.0210711
-0.021287
-0.0215007
-0.0217122
-0.0219216
-0.0221287
-0.0223336
-0.0225363
-0.022737
-0.0229355
-0.023132
-0.0233265
-0.0235191
-0.0214438
-0.0212433
-0.0210463
-0.0208501
-0.0206556
-0.0204628
-0.0202717
-0.0200828
-0.0198969
-0.0197129
-0.0195308
-0.0193507
-0.0191725
-0.0189961
-0.0188215
-0.0186485
-0.0184772
-0.0183075
-0.0181396
-0.0179732
-0.0178085
-0.0176455
-0.0174841
-0.0173243
-0.0171661
-0.0170096
-0.0168548
-0.0167017
-0.0165503
-0.0164006
-0.0162527
-0.0161065
-0.0159621
-0.0158194
-0.0156785
-0.0155393
-0.0154018
-0.0152659
-0.0151317
-0.0149991
-0.014868
-0.0147385
-0.0146102
-0.0144832
-0.0143575
-0.014233
-0.0141096
-0.0139874
-0.0138662
-0.0137462
-0.0136272
-0.0135093
-0.0133924
-0.0132776
-0.013163
-0.0130489
-0.0129352
-0.0128222
-0.0127341
-0.0126737
-0.0125615
-0.0124508
-0.0123408
-0.0122312
-0.0121221
-0.0120133
-0.0119048
-0.011797
-0.0116899
-0.0115834
-0.0114681
-0.0113612
-0.0112306
-0.0110984
-0.0109766
-0.0108634
-0.0107576
-0.0106589
-0.0105775
-0.0105005
-0.0104271
-0.0103547
-0.0102777
-0.010196
-0.0101079
-0.0100159
-0.00992325
-0.00983198
-0.00974168
-0.00965244
-0.0095642
-0.0094769
-0.00939052
-0.00930502
-0.00922039
-0.00913659
-0.00905361
-0.00897142
-0.00889003
-0.0088094
-0.00872954
-0.00865042
-0.00857205
-0.00849442
-0.00841752
-0.00834135
-0.00826591
-0.0081912
-0.00811722
-0.00804397
-0.00797145
-0.00789965
-0.00782858
-0.00775823
-0.00768861
-0.00761971
-0.00755153
-0.00748407
-0.00741736
-0.0073513
-0.00728715
-0.00722492
-0.00716158
-0.00709821
-0.00703588
-0.00697429
-0.0069133
-0.00685284
-0.00679288
-0.00673337
-0.0066743
-0.00661568
-0.00655748
-0.00649969
-0.00644232
-0.00638535
-0.00632878
-0.00627261
-0.00621683
-0.00616143
-0.0061061
-0.00604994
-0.00599533
-0.00594222
-0.00588946
-0.00583708
-0.00579176
-0.00575187
-0.00571654
-0.00568518
-0.00565736
-0.00563267
-0.00561076
-0.00559127
-0.00557379
-0.00555696
-0.00554831
-0.00553826
-0.00552669
-0.00551383
-0.00550064
-0.00545463
-0.00538107
-0.00530289
-0.00522705
-0.00515357
-0.00508241
-0.00501353
-0.00494685
-0.00488238
-0.00481988
-0.00475927
-0.00470049
-0.00464345
-0.0045881
-0.00453418
-0.00448957
-0.00444322
-0.00439449
-0.00434433
-0.00429547
-0.00424786
-0.00420144
-0.00415615
-0.00411194
-0.00406992
-0.00402877
-0.0039884
-0.0039492
-0.00391106
-0.00387394
-0.00383753
-0.00380165
-0.00376632
-0.00373148
-0.00369706
-0.00366303
-0.00362936
-0.00359602
-0.003563
-0.00353028
-0.00349787
-0.00346574
-0.00343391
-0.00340237
-0.0033712
-0.00334102
-0.00331114
-0.00328152
-0.00325217
-0.00328039
-0.00324286
-0.00320476
-0.00316642
-0.00312827
-0.00309004
-0.00305972
-0.00303666
-0.00301497
-0.00299354
-0.00297184
-0.00294978
-0.00292715
-0.00290407
-0.00288067
-0.00285708
-0.00283345
-0.00280989
-0.00278629
-0.00276165
-0.00273587
-0.0027089
-0.00268073
-0.00265135
-0.00262078
-0.00258905
-0.00255679
-0.00252521
-0.00249433
-0.0024641
-0.0024345
-0.00240549
-0.00237705
-0.00234913
-0.00232173
-0.00229479
-0.00226831
-0.00224224
-0.00221676
-0.0021861
-0.00216191
-0.00213849
-0.00211574
-0.00209356
-0.00207192
-0.00205078
-0.00203008
-0.00200998
-0.00199029
-0.00197089
-0.00195175
-0.0019329
-0.00191424
-0.00189579
-0.00187797
-0.00186064
-0.00184363
-0.00182692
-0.00181051
-0.00179443
-0.00177866
-0.00176321
-0.00174808
-0.00173329
-0.00171882
-0.00170468
-0.00169088
-0.00167741
-0.00166427
-0.00165146
-0.00163898
-0.00162056
-0.0015985
-0.00157964
-0.00156354
-0.00155285
-0.00155026
-0.00155395
-0.00156238
-0.00157479
-0.00159058
-0.00160991
-0.00163246
-0.00165736
-0.00168411
-0.0017124
-0.0017418
-0.0017714
-0.00180007
-0.00182718
-0.00185254
-0.00187601
-0.00189744
-0.0019167
-0.00193369
-0.00194834
-0.00196057
-0.00197037
-0.00197769
-0.00198255
-0.00198497
-0.00198497
-0.0019826
-0.00197794
-0.00197107
-0.00196211
-0.0019512
-0.00187324
-0.00182556
-0.00176298
-0.00169815
-0.00163704
-0.00157943
-0.00152511
-0.0014739
-0.00142562
-0.0013801
-0.00133718
-0.00129672
-0.00125856
-0.00122258
-0.00118864
-0.00115663
-0.00112641
-0.00109789
-0.00107096
-0.0010455
-0.00102141
-0.000998612
-0.000977045
-0.000956712
-0.000937422
-0.000919096
-0.00090166
-0.000885043
-0.000869182
-0.000854017
-0.000839494
-0.000825564
-0.000812183
-0.000799391
-0.000776259
-0.000756623
-0.000740957
-0.000727456
-0.000713222
-0.000700279
-0.000693869
-0.000689466
-0.000684907
-0.000679772
-0.000674039
-0.000667493
-0.000660077
-0.000651687
-0.000643262
-0.000635308
-0.000627627
-0.0006202
-0.000613003
-0.000606018
-0.000599223
-0.000592601
-0.000586133
-0.000579804
-0.000573597
-0.000567502
-0.000561506
-0.000555601
-0.00054978
-0.000544039
-0.000538373
-0.000532781
-0.000527264
-0.000521822
-0.000516457
-0.000511173
-0.000505972
-0.000500879
-0.000497804
-0.000492945
-0.000487949
-0.000483049
-0.000478254
-0.000473562
-0.00046897
-0.000464474
-0.000460068
-0.000455747
-0.000451505
-0.000447334
-0.000443228
-0.0004396
-0.000435776
-0.000432058
-0.000428402
-0.000424779
-0.000421171
-0.000417567
-0.000413959
-0.000410342
-0.00040671
-0.000403062
-0.000399317
-0.000395572
-0.000391854
-0.000388166
-0.000384512
-0.000380895
-0.000377315
-0.000373724
-0.000367457
-0.00036388
-0.000361925
-0.000360284
-0.00036322
-0.00036422
-0.000364916
-0.000363975
-0.000361176
-0.000357513
-0.000353805
-0.000350082
-0.000346347
-0.000342628
-0.000338959
-0.000335367
-0.000331879
-0.000328517
-0.000325242
-0.000321999
-0.000318784
-0.000315595
-0.000312432
-0.000309295
-0.000306184
-0.000303101
-0.000300047
-0.000297025
-0.000294036
-0.000291082
-0.000288166
-0.000285288
-0.000282451
-0.000279656
-0.000276904
-0.000274311
-0.000271771
-0.000269275
-0.00026682
-0.000264404
-0.000262025
-0.00025968
-0.000257365
-0.000255078
-0.000252816
-0.000250575
-0.000248353
-0.000246147
-0.000243956
-0.000241777
-0.000240487
-0.000238924
-0.000237225
-0.000235595
-0.000233976
-0.000232345
-0.000230685
-0.000228989
-0.000227252
-0.000225472
-0.000223645
-0.000221778
-0.000219867
-0.000217929
-0.000215997
-0.000214062
-0.000212136
-0.000210226
-0.000208334
-0.000206338
-0.000198717
-0.000194158
-0.000191865
-0.00018919
-0.000186127
-0.000182727
-0.000182367
-0.00018373
-0.000184797
-0.000185343
-0.000185297
-0.000184664
-0.00018346
-0.000181667
-0.000178786
-0.000175944
-0.000173203
-0.000170552
-0.000167983
-0.000165487
-0.000163059
-0.000160692
-0.000158381
-0.000156123
-0.000153914
-0.000151754
-0.00014964
-0.000147572
-0.00014555
-0.000143574
-0.000141645
-0.000139765
-0.000138066
-0.000136495
-0.000134969
-0.000133488
-0.00013205
-0.000130654
-0.000129299
-0.000127982
-0.000126701
-0.000125454
-0.000124236
-0.000123045
-0.000121878
-0.000120738
-0.000119612
-0.000118611
-0.000118468
-0.0001183
-0.00011817
-0.000117202
-0.000116606
-0.00011619
-0.000115851
-0.000115534
-0.00011521
-0.00011486
-0.000114475
-0.000114049
-0.000113579
-0.000113063
-0.000112497
-0.000111873
-0.000111196
-0.000110475
-0.000109706
-0.000108878
-0.000108003
-0.00010686
-0.000104485
-0.000103669
-0.000104287
-0.000105139
-0.000106005
-0.000113359
-0.000124852
-0.000139185
-0.000155519
-0.000173238
-0.000191857
-0.000210988
-0.00023035
-0.000249848
-0.000241344
-0.000229518
-0.000218006
-0.000207306
-0.000197351
-0.000188096
-0.000179418
-0.000171267
-0.000163603
-0.00015639
-0.000149596
-0.000143193
-0.000137158
-0.000131471
-0.000126115
-0.000121074
-0.000116336
-0.00011189
-0.000107724
-0.000103829
-0.000100195
-9.68099e-05
-9.36642e-05
-9.0746e-05
-8.80428e-05
-8.55413e-05
-8.32275e-05
-8.10865e-05
-7.9103e-05
-7.72611e-05
-7.55452e-05
-7.39396e-05
-7.24292e-05
-7.09997e-05
-6.9638e-05
-6.8332e-05
-6.70712e-05
-6.58464e-05
-6.46506e-05
-6.34783e-05
-6.23262e-05
-6.11922e-05
-6.00761e-05
-5.89786e-05
-5.7902e-05
-5.68491e-05
-5.58235e-05
-5.48292e-05
-5.387e-05
-5.29876e-05
-5.21512e-05
-5.41998e-05
-5.31729e-05
-5.22108e-05
-5.13162e-05
-5.51026e-05
-4.96299e-05
-4.77359e-05
-4.51558e-05
-4.21521e-05
-3.87683e-05
-3.51806e-05
-3.55538e-05
-4.05778e-05
-4.23994e-05
-4.33795e-05
-4.33649e-05
-4.23887e-05
-4.05171e-05
-3.78157e-05
-3.48211e-05
-3.21996e-05
-3.14889e-05
-3.01983e-05
-2.89637e-05
-2.7784e-05
-2.66554e-05
-2.55752e-05
-2.45421e-05
-2.35558e-05
-2.26166e-05
-2.17254e-05
-2.08836e-05
-2.00926e-05
-1.93538e-05
-1.86681e-05
-1.80363e-05
-1.74583e-05
-1.69337e-05
-1.6461e-05
-1.60382e-05
-1.56627e-05
-1.53311e-05
-1.50305e-05
-1.47648e-05
-1.45291e-05
-1.43194e-05
-1.41358e-05
-1.39662e-05
-1.38055e-05
-1.36492e-05
-1.34932e-05
-1.3334e-05
-1.31689e-05
-1.29957e-05
-1.28133e-05
-1.26214e-05
-1.24204e-05
-1.22115e-05
-1.19962e-05
-1.17767e-05
-1.15554e-05
-1.13353e-05
-1.11192e-05
-1.09099e-05
-1.07102e-05
-1.05224e-05
-1.03488e-05
-1.01909e-05
-1.005e-05
-9.92641e-06
-9.82045e-06
-9.73142e-06
-9.65843e-06
-9.59996e-06
-9.55089e-06
-8.6767e-06
-6.78634e-06
-4.07713e-06
2.34956e-05
6.98876e-05
0.000119885
0.000173676
0.000232873
0.000298407
0.000374887
0.000383503
0.000384397
0.000378445
0.000366772
0.000350897
0.000334205
0.000316536
0.00029784
0.000278437
0.000258425
0.000237972
0.000217217
0.000196408
0.0001187
4.54032e-05
-2.25593e-05
-8.54423e-05
-0.000143106
-0.000194992
-0.000240282
-0.00027803
-0.000303772
-0.0003161
-0.00031384
-0.000302682
-0.00029091
-0.000278737
-0.000267029
-0.000255943
-0.00024544
-0.000235487
-0.000226056
-0.000217128
-0.000208688
-0.000200726
-0.000193232
-0.000186199
-0.000179619
-0.000173485
-0.000167786
-0.000162509
-0.000157638
-0.000153152
-0.000149028
-0.000145243
-0.00014177
-0.000138577
-0.000135635
-0.000132911
-0.000130372
-0.000127987
-0.000125723
-0.000123551
-0.000121446
-0.000119384
-0.000117363
-0.000115349
-0.000113331
-0.000111303
-0.000109314
-0.000105007
-9.84497e-05
-9.03929e-05
-8.08454e-05
-6.90764e-05
-5.53483e-05
0.000463268
0.000955307
0.00140239
0.00181496
0.00219625
0.00252801
0.00281034
0.00298779
0.00290422
0.00263675
0.00231823
0.00203265
0.00178332
0.00155941
0.00134578
0.0011751
0.00102681
0.000899025
0.000789314
0.000705859
0.000628786
0.000557457
0.000490967
0.000429319
0.000372382
0.000319617
0.000270747
0.00022553
0.000183744
0.000145189
0.000109673
7.70093e-05
4.07167e-05
6.87526e-06
-2.38452e-05
-5.1835e-05
-7.08242e-05
-9.45506e-05
-0.000110966
-0.000125037
-0.000137701
-0.000149129
-0.000159482
-0.000168909
-0.000177545
-0.000185515
-0.000192922
-0.000199854
-0.000206383
-0.00021256
-0.000218425
-0.000223999
-0.000229293
-0.000234302
-0.000239017
-0.000243416
-0.000247476
-0.00025117
-0.000254473
-0.000257376
-0.000259824
-0.000261814
-0.000263334
-0.000264317
-0.000257035
-0.00025761
-0.000230598
-0.000196058
-0.000200672
-0.000207234
-0.000212314
-0.000215482
-0.000218137
-0.000220282
-0.000222048
-0.000223522
-0.000224771
-0.000225853
-0.000226818
-0.000227707
-0.000228551
-0.000229373
-0.000230186
-0.000230993
-0.000231791
-0.000232569
-0.000233311
-0.000233995
-0.000234598
-0.000235094
-0.000235458
-0.000235665
-0.000235692
-0.00023552
-0.000235135
-0.000234527
-0.000233692
-0.000232632
-0.000231353
-0.000229869
-0.000228199
-0.000226364
-0.000224392
-0.00022231
-0.000220152
-0.000217949
-0.000215734
-0.000213538
-0.000211389
-0.000209312
-0.000207329
-0.000205456
-0.000203705
-0.000202082
-0.000200587
-0.000199216
-0.000197962
-0.00019681
-0.000195744
-0.000194746
-0.0001938
-0.000193115
-0.000192405
-0.000191554
-0.000190592
-0.000189571
-0.000188495
-0.000187333
-0.000186073
-0.000184709
-0.000183239
-0.000181671
-0.000180011
-0.000177756
-0.000156804
-0.000123253
-0.000108052
-0.000106932
-0.000106622
-0.000106878
-0.000107564
-0.000108588
-0.000111093
-0.000121448
-0.000138833
-0.000163339
-0.000195054
-0.000231931
-0.000258397
-0.000280912
-0.000297304
-0.00030722
-0.000310323
-0.000306317
-0.000294938
-0.000281905
-0.000269752
-0.000258393
-0.000247747
-0.000237742
-0.000228317
-0.000219413
-0.000210984
-0.000202989
-0.000195396
-0.000188176
-0.000181311
-0.000174785
-0.000168586
-0.000162707
-0.000157144
-0.000151894
-0.000146954
-0.000142322
-0.000137997
-0.000133972
-0.000130244
-0.000126803
-0.00012364
-0.000120741
-0.00011809
-0.00011567
-0.000113462
-0.000111443
-0.00010959
-0.000107879
-0.000106286
-0.000104788
-0.000103364
-0.000101954
-0.00010052
-9.90154e-05
-9.74424e-05
-9.43856e-05
-9.11673e-05
-8.90276e-05
-8.66876e-05
-8.48038e-05
-8.30996e-05
-8.15791e-05
-8.02436e-05
-7.90419e-05
-7.79927e-05
-7.75671e-05
-3.3872e-05
-3.43283e-05
3.98996e-06
3.85287e-05
5.56341e-05
5.85157e-05
6.04797e-05
6.19469e-05
5.2582e-05
3.39049e-05
6.19199e-06
-3.04257e-05
-7.56847e-05
-0.000116133
-0.000148063
-0.000171912
-0.00018718
-0.000193709
-0.00019113
-0.000181308
-0.000172166
-0.000163641
-0.000155674
-0.00014821
-0.000141203
-0.000134609
-0.000128392
-0.000122522
-0.000116972
-0.000111721
-0.000106752
-0.000102051
-9.76097e-05
-9.3419e-05
-8.94737e-05
-8.57695e-05
-8.23029e-05
-7.90705e-05
-7.60688e-05
-7.32933e-05
-7.07385e-05
-6.83974e-05
-6.62615e-05
-6.43205e-05
-6.25625e-05
-6.09739e-05
-5.95398e-05
-5.82441e-05
-5.70699e-05
-5.6e-05
-5.5017e-05
-5.41031e-05
-5.32421e-05
-5.24189e-05
-5.16196e-05
-5.08042e-05
-4.99362e-05
-4.90159e-05
-4.8147e-05
-4.72788e-05
-4.63772e-05
-4.5446e-05
-4.4507e-05
-4.36813e-05
-4.28658e-05
-4.20591e-05
-4.12645e-05
-4.04936e-05
-3.97558e-05
-3.89678e-05
-3.64219e-05
5.31315e-05
0.000115412
0.000157741
0.000182763
0.000198242
0.00021162
0.00022299
0.000199771
0.00017811
0.000151054
0.000118298
8.77971e-05
6.19934e-05
4.11131e-05
2.57617e-05
1.65146e-05
1.20994e-05
7.99479e-06
4.18632e-06
6.62141e-07
-2.58855e-06
-5.57606e-06
-8.31034e-06
-1.08015e-05
-1.30601e-05
-1.50972e-05
-1.69246e-05
-1.8555e-05
-2.00018e-05
-2.12794e-05
-2.24024e-05
-2.33861e-05
-2.4246e-05
-2.49977e-05
-2.56562e-05
-2.62363e-05
-2.67519e-05
-2.72159e-05
-2.76397e-05
-2.80336e-05
-2.84058e-05
-2.87633e-05
-2.91111e-05
-2.94524e-05
-2.97887e-05
-3.01201e-05
-3.04451e-05
-3.07611e-05
-3.10646e-05
-3.13517e-05
-3.16189e-05
-3.18615e-05
-3.21198e-05
-3.2263e-05
-3.23497e-05
-3.23739e-05
-3.23279e-05
-3.22099e-05
-3.20208e-05
-3.17625e-05
-3.14378e-05
-3.10508e-05
-3.06057e-05
-3.01073e-05
-2.95588e-05
-2.90724e-05
-2.8632e-05
-2.8236e-05
-2.78791e-05
-2.63868e-05
-2.37278e-05
7.05057e-05
0.000154189
0.00022072
0.000273532
0.00032274
0.000374113
0.000361905
0.000334587
0.000307021
0.000278029
0.000248087
0.000223601
0.000200043
0.000178101
0.000157744
0.000138858
0.000121335
0.000105078
9.00005e-05
7.60224e-05
6.30714e-05
5.10814e-05
3.99921e-05
2.97479e-05
2.02972e-05
1.1592e-05
3.58708e-06
-3.76045e-06
-1.04916e-05
-1.66456e-05
-2.22609e-05
-2.73742e-05
-3.20218e-05
-3.62388e-05
-4.00592e-05
-4.35162e-05
-4.66418e-05
-4.94666e-05
-5.20198e-05
-5.43289e-05
-5.64197e-05
-5.83158e-05
-6.0039e-05
-6.16085e-05
-6.30414e-05
-6.43525e-05
-6.55542e-05
-6.66566e-05
-6.76679e-05
-6.85932e-05
-6.94363e-05
-7.02004e-05
-7.10137e-05
-7.18943e-05
-7.28407e-05
-7.38502e-05
-7.49194e-05
-7.60457e-05
-7.72283e-05
-9.42666e-05
-9.69587e-05
-9.5414e-05
-9.38842e-05
-9.32674e-05
-9.17485e-05
-9.02734e-05
-8.88637e-05
-8.87903e-05
-8.52962e-05
8.98639e-06
7.4827e-05
0.000119962
0.000147174
0.000164108
0.000178918
0.000191711
0.000168498
0.000146748
0.000119295
8.58494e-05
5.48224e-05
2.86114e-05
7.46234e-06
-7.98912e-06
-1.71502e-05
-2.12561e-05
-2.50843e-05
-2.865e-05
-3.19642e-05
-3.50359e-05
-3.78723e-05
-4.04794e-05
-4.28625e-05
-4.50267e-05
-4.69773e-05
-4.87201e-05
-5.0262e-05
-5.16106e-05
-5.2775e-05
-5.37655e-05
-5.45936e-05
-5.5272e-05
-5.58143e-05
-5.6235e-05
-5.65491e-05
-5.67718e-05
-5.69182e-05
-5.70031e-05
-5.70404e-05
-5.70431e-05
-5.70233e-05
-5.69908e-05
-5.69544e-05
-5.69207e-05
-5.68946e-05
-5.6879e-05
