-0.0171977
-0.00598594
-0.00383102
-0.00383376
0.000333711
0.000504423
0.000497523
0.00275734
0.00274205
0.00448041
0.00443691
0.00536469
0.00588002
0.0065988
0.00724964
0.00787488
0.00847893
0.00906265
0.00962749
0.0101754
0.0107084
0.0111994
0.0116911
0.0120898
0.0125128
0.0128669
0.0132418
0.0136151
0.0139917
0.0143759
0.0147723
0.0151851
0.0156193
0.0154914
0.0157349
0.015979
0.0162218
0.0164658
0.0167092
0.0169519
0.0171935
0.0174339
0.0176731
0.0179108
0.018147
0.0183816
0.0186147
0.0188462
0.0190761
0.0193035
0.0195278
0.019749
0.0199676
0.0201838
0.020398
0.0206121
0.0208301
0.0210471
0.0212626
0.0214765
0.0216889
0.0218997
0.0221087
0.022316
0.0225214
0.0227249
0.0229264
0.0231259
0.0233232
0.0235184
0.0214453
0.0212467
0.021051
0.0208558
0.0206615
0.0204686
0.0202769
0.0200869
0.0198996
0.0197137
0.0195296
0.0193474
0.0191669
0.0189884
0.0188118
0.0186371
0.0184643
0.0182935
0.0181249
0.0179583
0.0177937
0.0176312
0.0174707
0.0173122
0.0171555
0.0170008
0.0168478
0.0166966
0.0165471
0.0163992
0.016253
0.0161082
0.0159649
0.0158231
0.0156827
0.0155437
0.015406
0.0152697
0.0151348
0.0150012
0.014869
0.0147381
0.0146085
0.0144802
0.0143532
0.0142274
0.014103
0.01398
0.0138582
0.0137378
0.0136186
0.0135008
0.0133843
0.01327
0.0131562
0.0130429
0.0129303
0.0128184
0.0127314
0.012672
0.012561
0.0124511
0.0123419
0.0122331
0.0121244
0.0120158
0.0119075
0.0117996
0.0116922
0.0115853
0.0114695
0.0113619
0.0112306
0.0110976
0.0109751
0.0108614
0.0107551
0.0106561
0.0105746
0.0104975
0.0104242
0.0103519
0.0102751
0.0101935
0.0101055
0.0100136
0.00992095
0.00982964
0.00973929
0.00964998
0.00956167
0.00947431
0.00938788
0.00930236
0.00921773
0.00913396
0.00905106
0.00896898
0.00888773
0.00880728
0.00872762
0.00864873
0.00857061
0.00849322
0.00841657
0.00834064
0.00826543
0.00819092
0.00811711
0.00804399
0.00797157
0.00789983
0.00782878
0.00775841
0.00768873
0.00761974
0.00755144
0.00748385
0.007417
0.00735078
0.00728648
0.00722411
0.00716065
0.00709717
0.00703476
0.00697312
0.00691211
0.00685167
0.00679174
0.0067323
0.00667333
0.00661482
0.00655675
0.00649912
0.00644189
0.00638508
0.00632866
0.00627263
0.00621697
0.00616168
0.00610643
0.00605033
0.00599576
0.00594266
0.00588989
0.00583748
0.00579209
0.0057521
0.00571662
0.00568506
0.00565696
0.00563193
0.00560961
0.00558962
0.00557158
0.00555413
0.0055448
0.00553402
0.0055217
0.00550808
0.00549415
0.00544743
0.00537326
0.00529461
0.0052185
0.00514499
0.00507404
0.00500564
0.00493968
0.00487618
0.00481486
0.00475562
0.00469832
0.00464284
0.00458908
0.00453672
0.00449358
0.00444856
0.00440098
0.00435175
0.00430358
0.00425639
0.00421013
0.00416475
0.00412021
0.00407764
0.00403576
0.00399451
0.00395434
0.00391518
0.00387702
0.00383961
0.00380281
0.00376668
0.00373117
0.00369626
0.00366191
0.00362811
0.00359483
0.00356205
0.00352973
0.00349785
0.00346637
0.00343527
0.00340451
0.00337412
0.00334471
0.00331554
0.00328656
0.00325774
0.00328635
0.00324899
0.00321088
0.00317234
0.00313383
0.00309511
0.00306418
0.00304042
0.00301795
0.00299569
0.00297313
0.00295021
0.00292675
0.00290288
0.00287876
0.00285455
0.00283041
0.00280646
0.0027826
0.00275786
0.00273212
0.00270533
0.00267748
0.00264855
0.00261855
0.0025875
0.00255601
0.00252526
0.00249524
0.00246589
0.00243716
0.00240899
0.00238132
0.0023541
0.00232727
0.0023008
0.00227464
0.00224877
0.00222334
0.0021926
0.00216821
0.0021445
0.00212136
0.00209873
0.00207659
0.0020549
0.00203367
0.00201304
0.00199286
0.00197302
0.00195352
0.00193437
0.00191551
0.00189696
0.00187912
0.00186188
0.00184502
0.00182854
0.00181242
0.00179666
0.00178125
0.00176616
0.00175138
0.00173691
0.00172273
0.00170883
0.0016952
0.00168184
0.00166873
0.00165588
0.00164329
0.0016247
0.00160243
0.00158335
0.00156703
0.00155612
0.00155332
0.00155678
0.00156497
0.0015771
0.00159256
0.00161151
0.00163362
0.00165801
0.00168417
0.00171182
0.00174051
0.00176935
0.00179722
0.00182351
0.00184805
0.00187072
0.00189139
0.00190995
0.00192634
0.00194048
0.00195234
0.00196189
0.00196912
0.00197403
0.00197664
0.00197699
0.0019751
0.00197105
0.00196489
0.00195673
0.00194669
0.00186967
0.00182299
0.00176147
0.00169774
0.00163779
0.00158137
0.00152825
0.00147823
0.00143112
0.00138671
0.00134483
0.00130529
0.00126796
0.00123266
0.00119926
0.00116764
0.00113767
0.00110924
0.00108225
0.00105661
0.00103224
0.00100906
0.00098704
0.000966205
0.000946389
0.000927535
0.00090959
0.000892506
0.000876234
0.000860729
0.000845947
0.000831845
0.000818382
0.000805595
0.000782553
0.000763087
0.00074766
0.000734453
0.000720551
0.000707958
0.000701896
0.000697815
0.000693529
0.000688601
0.000682994
0.000676481
0.000669004
0.000660458
0.000651791
0.000643518
0.000635455
0.000627597
0.000619938
0.000612474
0.000605205
0.000598125
0.000591233
0.000584525
0.000577998
0.000571646
0.000565465
0.000559447
0.000553585
0.00054787
0.000542294
0.000536845
0.000531513
0.000526288
0.000521159
0.000516116
0.000511148
0.000506269
0.000503375
0.000498654
0.000493746
0.000488879
0.000484059
0.000479284
0.000474552
0.000469865
0.000465224
0.00046063
0.000456087
0.000451597
0.000447165
0.000443216
0.000439084
0.000435084
0.000431176
0.000427339
0.000423562
0.000419835
0.000416151
0.000412504
0.000408887
0.000405293
0.000401635
0.000398005
0.000394421
0.000390878
0.000387372
0.000383897
0.000380447
0.000376966
0.000370786
0.00036727
0.000365348
0.000363708
0.00036661
0.00036754
0.000368128
0.000367044
0.00036407
0.000360209
0.000356287
0.00035234
0.000348381
0.000344446
0.000340574
0.000336802
0.000333159
0.000329673
0.000326309
0.00032301
0.000319774
0.000316598
0.000313479
0.000310413
0.000307395
0.000304423
0.00030149
0.000298593
0.000295728
0.000292891
0.000290078
0.000287287
0.000284515
0.00028176
0.000279023
0.000276418
0.00027384
0.00027128
0.00026874
0.000266219
0.00026372
0.000261244
0.000258792
0.000256367
0.00025397
0.000251602
0.000249265
0.00024696
0.000244686
0.000242445
0.000241113
0.00023953
0.000237829
0.000236217
0.000234632
0.000233047
0.000231446
0.000229815
0.000228147
0.000226436
0.000224676
0.000222868
0.000221008
0.00021911
0.000217205
0.000215283
0.000213355
0.000211429
0.000209507
0.000207469
0.000199795
0.00019518
0.000192828
0.000190093
0.000186972
0.000183514
0.000183098
0.000184403
0.000185405
0.000185878
0.000185746
0.000185016
0.000183707
0.000181802
0.000178811
0.000175866
0.000173035
0.000170313
0.000167697
0.00016518
0.000162758
0.000160426
0.000158178
0.000156008
0.000153911
0.000151879
0.000149908
0.000147991
0.000146122
0.000144297
0.00014251
0.000140759
0.000139172
0.000137692
0.000136232
0.00013479
0.000133366
0.000131957
0.000130563
0.000129185
0.000127822
0.000126476
0.000125149
0.000123841
0.000122554
0.000121297
0.00012006
0.00011896
0.000118732
0.000118496
0.000118318
0.000117323
0.000116722
0.00011632
0.000116014
0.000115748
0.000115488
0.000115213
0.000114911
0.000114572
0.000114189
0.000113755
0.000113265
0.000112706
0.000112083
0.0001114
0.000110653
0.000109832
0.000108947
0.000107779
0.000105366
0.000104504
0.000105069
0.000105864
0.00010667
0.000113959
0.000125374
0.00013961
0.00015582
0.000173381
0.000191803
0.000210698
0.000229785
0.00024897
0.000240134
0.000227978
0.000216163
0.000205209
0.000195066
0.000185701
0.000177002
0.000168924
0.000161426
0.000154469
0.000148014
0.000142021
0.000136453
0.000131273
0.000126447
0.00012194
0.000117722
0.000113763
0.000110035
0.000106516
0.000103182
0.000100015
9.69993e-05
9.41215e-05
9.13708e-05
8.87391e-05
8.62206e-05
8.38111e-05
8.15083e-05
7.93112e-05
7.72194e-05
7.52335e-05
7.33536e-05
7.15803e-05
6.99133e-05
6.83517e-05
6.68936e-05
6.55357e-05
6.42741e-05
6.3104e-05
6.20195e-05
6.10137e-05
6.00789e-05
5.92067e-05
5.83886e-05
5.76158e-05
5.68796e-05
5.61715e-05
5.54838e-05
5.48472e-05
5.42215e-05
5.64371e-05
5.55267e-05
5.46274e-05
5.37408e-05
5.74803e-05
5.19087e-05
4.98704e-05
4.71074e-05
4.38899e-05
4.02703e-05
3.64344e-05
3.6555e-05
4.13251e-05
4.28941e-05
4.36273e-05
4.33769e-05
4.21825e-05
4.01176e-05
3.72559e-05
3.41417e-05
3.14474e-05
3.07143e-05
2.94527e-05
2.82979e-05
2.72462e-05
2.6289e-05
2.5417e-05
2.46212e-05
2.38922e-05
2.32208e-05
2.25981e-05
2.20157e-05
2.14659e-05
2.09415e-05
2.04365e-05
1.9946e-05
1.94658e-05
1.8993e-05
1.85256e-05
1.8063e-05
1.76053e-05
1.71534e-05
1.67004e-05
1.62568e-05
1.58254e-05
1.54102e-05
1.50196e-05
1.46494e-05
1.43021e-05
1.39799e-05
1.36845e-05
1.34169e-05
1.31774e-05
1.29657e-05
1.27807e-05
1.2621e-05
1.24843e-05
1.2368e-05
1.22686e-05
1.21828e-05
1.2107e-05
1.20375e-05
1.19708e-05
1.19036e-05
1.18329e-05
1.17564e-05
1.1672e-05
1.15782e-05
1.14741e-05
1.13595e-05
1.12346e-05
1.11003e-05
1.09577e-05
1.08087e-05
1.06518e-05
9.65685e-06
7.63743e-06
4.79587e-06
-2.28876e-05
-6.93184e-05
-0.000119235
-0.000172795
-0.000231598
-0.000296576
-0.00037235
-0.000380148
-0.000380176
-0.000373374
-0.00036092
-0.000344388
-0.000327205
-0.000309242
-0.000290473
-0.00027123
-0.000251612
-0.000231778
-0.000211849
-0.000192043
-0.00011549
-4.34758e-05
2.31099e-05
8.45601e-05
0.000140777
0.000191247
0.000235196
0.00027172
0.000296396
0.000307851
0.000304943
0.000293384
0.000281476
0.000269434
0.000258116
0.000247664
0.00023801
0.000229087
0.000220826
0.000213163
0.000206034
0.000199378
0.000193138
0.000187263
0.000181705
0.000176422
0.000171379
0.000166546
0.000161897
0.000157411
0.000153076
0.000148883
0.000144828
0.000140912
0.000137137
0.000133509
0.000130034
0.000126718
0.000123567
0.000120587
0.000117782
0.000115155
0.00011272
0.000110458
0.000108363
0.000106427
0.000104692
0.000100787
9.47598e-05
8.7338e-05
7.85025e-05
6.74929e-05
5.45409e-05
-0.000463247
-0.000954312
-0.0014002
-0.00181129
-0.00219077
-0.0025204
-0.00280025
-0.00297493
-0.00288838
-0.00261789
-0.00229651
-0.00200841
-0.00175709
-0.00153187
-0.00131769
-0.00114733
-0.00100025
-0.000874563
-0.000767797
-0.000688049
-0.000615328
-0.000548852
-0.000487555
-0.000431268
-0.000379681
-0.000332081
-0.000288025
-0.00024712
-0.000209015
-0.000173402
-0.000140013
-0.000108615
-7.27148e-05
-3.8411e-05
-6.42237e-06
2.3565e-05
4.51821e-05
7.20471e-05
9.19771e-05
0.000109794
0.000126289
0.000141486
0.000155405
0.000168068
0.000179499
0.00018973
0.000198797
0.000206747
0.000213634
0.000219522
0.000224481
0.00022859
0.000231932
0.000234598
0.000236677
0.000238261
0.00023944
0.0002403
0.000240924
0.0002414
0.000241761
0.000242074
0.000242381
0.000242649
0.000235168
0.000236058
0.000209858
0.0001766
0.000182915
0.000191526
0.00019892
0.000204577
0.000209803
0.000214508
0.000218732
0.000222477
0.000225737
0.000228504
0.00023078
0.00023257
0.000233888
0.000234753
0.000235191
0.000235235
0.000234921
0.000234293
0.000233396
0.000232279
0.00023099
0.000229579
0.000228093
0.000226576
0.000225068
0.000223604
0.000222215
0.000220921
0.000219739
0.000218679
0.000217741
0.00021692
0.000216206
0.000215582
0.000215026
0.000214513
0.000214016
0.000213508
0.00021296
0.000212344
0.000211636
0.000210813
0.000209859
0.00020876
0.000207509
0.000206103
0.000204544
0.000202841
0.000201004
0.000199053
0.000197007
0.000194889
0.000192734
0.000190797
0.000188843
0.000186801
0.000184748
0.000182775
0.000180917
0.000179172
0.000177544
0.000176038
0.000174651
0.000173386
0.000172231
0.000170662
0.000150554
0.00011798
0.00010386
0.000103885
0.00010474
0.00010614
0.000107906
0.000109908
0.000113254
0.000124285
0.000142155
0.000166933
0.000198696
0.000235388
0.000261439
0.000283322
0.000298892
0.000307825
0.000309829
0.000304651
0.00029208
0.000277886
0.000264651
0.000252333
0.00024089
0.000230283
0.000220468
0.000211404
0.000203048
0.000195354
0.000188278
0.000181771
0.000175785
0.000170272
0.000165182
0.000160469
0.000156086
0.000151988
0.000148133
0.000144484
0.000141005
0.000137666
0.000134442
0.000131312
0.00012826
0.000125274
0.00012235
0.000119485
0.000116681
0.000113943
0.00011128
0.000108701
0.000106219
0.000103842
0.000101583
9.94123e-05
9.73166e-05
9.52732e-05
9.32994e-05
8.99912e-05
8.6676e-05
8.45936e-05
8.24589e-05
8.09171e-05
7.96759e-05
7.87193e-05
7.80259e-05
7.75193e-05
7.71922e-05
7.74894e-05
3.44978e-05
3.56187e-05
-2.09032e-06
-3.60826e-05
-5.27143e-05
-5.5208e-05
-5.68834e-05
-5.81705e-05
-4.87416e-05
-3.01226e-05
-2.5937e-06
3.37122e-05
7.85327e-05
0.000118421
0.000149683
0.000172775
0.00018722
0.000192891
0.000189452
0.000178802
0.000168899
0.000159709
0.000151198
0.000143333
0.00013608
0.000129406
0.000123275
0.000117653
0.000112502
0.000107786
0.000103466
9.95052e-05
9.58656e-05
9.25105e-05
8.94042e-05
8.65128e-05
8.38046e-05
8.12506e-05
7.88248e-05
7.65045e-05
7.42708e-05
7.21083e-05
7.00055e-05
6.79548e-05
6.59518e-05
6.39955e-05
6.20878e-05
6.02329e-05
5.84369e-05
5.67072e-05
5.50516e-05
5.34774e-05
5.19931e-05
5.06059e-05
4.93221e-05
4.81179e-05
4.69691e-05
4.5884e-05
4.497e-05
4.4175e-05
4.34594e-05
4.28175e-05
4.22577e-05
4.18848e-05
4.1577e-05
4.13126e-05
4.1074e-05
4.08515e-05
4.06349e-05
4.03219e-05
3.81888e-05
-5.10137e-05
-0.000112993
-0.000155067
-0.000179878
-0.000195193
-0.000208456
-0.000219761
-0.000196534
-0.000174928
-0.000147999
-0.000115449
-8.52349e-05
-5.97983e-05
-3.93593e-05
-2.45124e-05
-1.58174e-05
-1.19829e-05
-8.46683e-06
-5.234e-06
-2.25284e-06
5.05708e-07
3.06783e-06
5.45665e-06
7.69226e-06
9.79163e-06
1.17687e-05
1.36345e-05
1.53971e-05
1.70624e-05
1.86339e-05
2.01132e-05
2.15003e-05
2.27944e-05
2.39938e-05
2.50963e-05
2.60999e-05
2.70033e-05
2.78052e-05
2.85059e-05
2.91064e-05
2.96091e-05
3.00178e-05
3.03376e-05
3.05749e-05
3.07371e-05
3.08329e-05
3.08716e-05
3.08628e-05
3.08168e-05
3.07436e-05
3.06541e-05
3.05571e-05
3.05054e-05
3.03797e-05
3.02476e-05
3.01105e-05
2.99653e-05
2.98129e-05
2.96538e-05
2.94874e-05
2.9312e-05
2.91246e-05
2.8921e-05
2.86961e-05
2.84423e-05
2.82608e-05
2.81236e-05
2.80185e-05
2.79298e-05
2.66739e-05
2.42118e-05
-6.98537e-05
-0.000153372
-0.000219723
-0.000272331
-0.000321307
-0.000372419
-0.000359931
-0.000332339
-0.000304528
-0.00027534
-0.000245271
-0.000220739
-0.000197225
-0.000175422
-0.000155299
-0.000136735
-0.000119616
-0.000103834
-8.9287e-05
-7.5879e-05
-6.352e-05
-5.21255e-05
-4.16168e-05
-3.19208e-05
-2.29698e-05
-1.47014e-05
-7.05861e-06
1.0361e-08
6.55235e-06
1.26095e-05
1.82192e-05
2.34149e-05
2.8226e-05
3.26783e-05
3.67946e-05
4.05947e-05
4.40962e-05
4.73146e-05
5.02638e-05
5.29567e-05
5.5405e-05
5.76203e-05
5.96135e-05
6.13957e-05
6.29782e-05
6.43726e-05
6.55906e-05
6.66445e-05
6.75467e-05
6.83087e-05
6.89428e-05
6.94617e-05
7.00043e-05
7.06e-05
7.12589e-05
7.19894e-05
7.27987e-05
7.36937e-05
7.46817e-05
9.15663e-05
9.41477e-05
9.25385e-05
9.09926e-05
9.04084e-05
8.8969e-05
8.76171e-05
8.63694e-05
8.64908e-05
8.32175e-05
-1.08124e-05
-7.63547e-05
-0.000121142
-0.000147961
-0.000164465
-0.000178825
-0.000191157
-0.000167495
-0.000145333
-0.000117527
-8.38104e-05
-5.26146e-05
-2.63508e-05
-5.27225e-06
9.98512e-06
1.88348e-05
2.25248e-05
2.58494e-05
2.88439e-05
3.15414e-05
3.39739e-05
3.61718e-05
3.81641e-05
3.99772e-05
4.16354e-05
4.31606e-05
4.45716e-05
4.58849e-05
4.71135e-05
4.82682e-05
4.93568e-05
5.03844e-05
5.13542e-05
5.22669e-05
5.31219e-05
5.39169e-05
5.46489e-05
5.5314e-05
5.59084e-05
5.6428e-05
5.68696e-05
5.72304e-05
5.75086e-05
5.77039e-05
5.78171e-05
5.78505e-05
5.78077e-05
