-0.00427368
-0.00589423
-0.00619517
-0.00623402
-0.00646471
-0.00639375
-0.00627076
-0.00622166
-0.00608541
-0.0060304
-0.00594405
-0.0058886
-0.00582445
-0.00576793
-0.00571104
-0.00565578
-0.00560212
-0.00555015
-0.00549996
-0.0054517
-0.00540548
-0.00536195
-0.00532053
-0.00528273
-0.00524689
-0.00521431
-0.0051839
-0.0051561
-0.00513097
-0.00510854
-0.00508889
-0.00507212
-0.00505836
-0.00504308
-0.00502963
-0.00501529
-0.00500031
-0.00498459
-0.00496798
-0.00495037
-0.00493168
-0.00491183
-0.00489078
-0.00486848
-0.00484493
-0.00482011
-0.00479403
-0.00476671
-0.00473815
-0.00470837
-0.00467735
-0.0046451
-0.00461165
-0.00457697
-0.00454107
-0.00450412
-0.00446618
-0.00442711
-0.00438686
-0.00434534
-0.00430248
-0.00425819
-0.00421237
-0.00416494
-0.00411579
-0.00406482
-0.00401194
-0.00395705
-0.00390006
-0.00384088
-0.00376028
-0.00369022
-0.00363414
-0.00356881
-0.00350182
-0.00343436
-0.00335221
-0.0032631
-0.00320086
-0.00313979
-0.00308054
-0.00302336
-0.00296836
-0.00291555
-0.00286493
-0.00281644
-0.00277005
-0.00272569
-0.00268415
-0.00264523
-0.00260881
-0.00257479
-0.00254308
-0.00251358
-0.00248617
-0.00246077
-0.00243727
-0.00241554
-0.00239549
-0.002377
-0.00236
-0.00234441
-0.00233015
-0.00231716
-0.00230538
-0.00229476
-0.00228528
-0.00227689
-0.00226958
-0.00226334
-0.00225817
-0.00225405
-0.00225039
-0.0022472
-0.0022445
-0.00224231
-0.00224064
-0.00223951
-0.00223891
-0.00223883
-0.00223927
-0.0022402
-0.00224177
-0.00224829
-0.0022518
-0.00225275
-0.00225165
-0.00224883
-0.00224201
-0.0022353
-0.00222593
-0.00221518
-0.00220264
-0.00218809
-0.0021714
-0.00215247
-0.00213138
-0.00210847
-0.00208383
-0.00205752
-0.00199069
-0.00195331
-0.00191281
-0.00187103
-0.00182934
-0.00178817
-0.0017479
-0.0017091
-0.00168633
-0.00167334
-0.00167192
-0.00168214
-0.00169523
-0.0017047
-0.00170086
-0.00168654
-0.0016682
-0.00164979
-0.00163197
-0.00161507
-0.00159887
-0.0015831
-0.00156771
-0.00155268
-0.00153796
-0.00152354
-0.00150938
-0.00149546
-0.00148176
-0.00146825
-0.00145493
-0.00144177
-0.00142875
-0.00141586
-0.00140311
-0.00139048
-0.001378
-0.00136566
-0.00135348
-0.00134147
-0.00132964
-0.001318
-0.00130657
-0.00129537
-0.00128441
-0.00127372
-0.00126333
-0.00125328
-0.00124368
-0.00123425
-0.00123012
-0.00123074
-0.00122593
-0.00121921
-0.00121399
-0.00120937
-0.00120489
-0.00120037
-0.00119568
-0.00119074
-0.00118553
-0.00118024
-0.00117462
-0.00116868
-0.0011624
-0.00115579
-0.00114884
-0.00114156
-0.00113394
-0.00112598
-0.00114077
-0.00114221
-0.00113777
-0.00112786
-0.00111746
-0.00110685
-0.00107665
-0.00103726
-0.000993402
-0.000947683
-0.00090177
-0.000856905
-0.000814103
-0.000774261
-0.00073825
-0.000707994
-0.000674933
-0.000649827
-0.000631256
-0.000617976
-0.000608547
-0.000616927
-0.000633723
-0.000646308
-0.000653596
-0.000656868
-0.000656989
-0.000654519
-0.000649961
-0.00064376
-0.000636268
-0.000627776
-0.000618536
-0.00060877
-0.000598669
-0.000587744
-0.000588823
-0.000585888
-0.000576844
-0.000562533
-0.000548209
-0.000533954
-0.000519837
-0.00050592
-0.000492259
-0.000479237
-0.000464694
-0.000449405
-0.000435396
-0.000422523
-0.000410842
-0.000399914
-0.000389769
-0.000380419
-0.00037163
-0.000363289
-0.000355339
-0.000347747
-0.00034049
-0.000333545
-0.000326891
-0.000320501
-0.000314347
-0.000308402
-0.000302637
-0.000297311
-0.000294035
-0.00029082
-0.000287521
-0.000284097
-0.000647146
-0.000609873
-0.000574228
-0.000540266
-0.000507958
-0.00047708
-0.000488565
-0.000546355
-0.000616204
-0.000691099
-0.000766641
-0.000839746
-0.000907534
-0.000969018
-0.00102323
-0.00106904
-0.0011055
-0.00113185
-0.00114755
-0.00115241
-0.0011458
-0.00112729
-0.00109665
-0.00105375
-0.000998659
-0.000931556
-0.000858364
-0.000790233
-0.000726832
-0.000667819
-0.000612861
-0.000561639
-0.000513857
-0.000469234
-0.000427508
-0.000388434
-0.000351785
-0.000317344
-0.000285696
-0.000211746
-0.000188777
-0.00016776
-0.000148404
-0.000130516
-0.000113949
-9.85817e-05
-8.43097e-05
-7.10678e-05
-5.87525e-05
-4.72068e-05
-3.63621e-05
-2.61496e-05
-1.64661e-05
-7.25617e-06
-3.14205e-07
5.4586e-06
1.03276e-05
1.43572e-05
1.76186e-05
2.01813e-05
2.21096e-05
2.34644e-05
2.43011e-05
2.46703e-05
2.46172e-05
2.41818e-05
2.33996e-05
2.23006e-05
2.09109e-05
1.92514e-05
1.7645e-05
-2.70946e-05
-9.72038e-05
-0.000143055
-0.000167014
-0.000160039
-0.000114319
-4.39165e-05
4.24124e-05
0.000141065
0.000249922
0.000369831
0.000499476
0.000635947
0.000777233
0.000922241
0.00106982
0.00121735
0.00136028
0.00149658
0.00162578
0.00174742
0.00186101
0.00196614
0.00206241
0.00214952
0.0022272
0.00229529
0.00235368
0.00240233
0.00244127
0.00247058
0.00249044
0.00250108
0.00250278
0.00249591
0.00248095
0.00231805
0.00221955
0.00208831
0.00195524
0.00183299
0.00172061
0.00161727
0.00152224
0.00143491
0.0013547
0.00128106
0.00121346
0.00115141
0.00109446
0.00104215
0.000993823
0.000949195
0.000907972
0.000869858
0.00083457
0.000801841
0.000771414
0.000743081
0.000719458
0.000699118
0.000681585
0.000666445
0.000653341
0.000641963
0.000632045
0.000623358
0.000615703
0.000608915
0.000588254
0.000594718
0.000598199
0.000597141
0.000593167
0.000590743
0.000586584
0.000569667
0.000548011
0.000526065
0.000505341
0.000486969
0.000472764
0.00046394
0.000461667
0.000463522
0.000465223
0.000466757
0.000468122
0.00046932
0.000470354
0.000471229
0.00047195
0.000472525
0.000472963
0.000473272
0.000473465
0.000473553
0.000473548
0.000473465
0.000473318
0.000473123
0.000472894
0.000472647
0.0004724
0.000472167
0.000471966
0.000471814
0.000471495
0.000468602
0.000468205
0.000467965
0.000467636
0.000467232
0.00046677
0.000466265
0.000465728
0.000465168
0.000464594
0.000464012
0.000463427
0.000462847
0.000461397
0.000459821
0.00045803
0.000456015
0.000453782
0.000451338
0.000448695
0.000445865
0.00044286
0.000439692
0.000436375
0.000432916
0.000429324
0.000425603
0.000421763
0.000417815
0.000413847
0.000409864
0.000402681
0.000387818
0.000380565
0.000377435
0.000374192
0.000389767
0.000394084
0.000397818
0.000397782
0.000393667
0.000388135
0.00038267
0.000377267
0.000371917
0.00036661
0.000361337
0.000356092
0.000350868
0.000345657
0.000340454
0.000335251
0.000330045
0.00032483
0.000319602
0.000314358
0.000309094
0.000303808
0.000298495
0.000293154
0.00028778
0.00028237
0.000276919
0.000271425
0.00026588
0.000260281
0.000254614
0.000249015
0.000243493
0.000238038
0.000232645
0.000227304
0.00022201
0.000216755
0.000211532
0.000206336
0.00020116
0.000195999
0.000190849
0.000185705
0.000180565
0.000175425
0.000171056
0.000166945
0.000163005
0.000159244
0.0001557
0.000152386
0.000149308
0.000146462
0.000143847
0.000141457
0.000139287
0.000137331
0.000135584
0.00013404
0.000132695
0.000131491
0.000130409
0.000129447
0.000128598
0.000133549
0.000148141
0.000153592
0.000151628
0.000149928
0.000148486
0.000147286
0.000134395
0.000112948
9.12098e-05
7.12468e-05
5.47514e-05
4.30483e-05
3.715e-05
3.78063e-05
4.5636e-05
5.33883e-05
6.07006e-05
6.76092e-05
7.41503e-05
8.03584e-05
8.62669e-05
9.19075e-05
9.73105e-05
0.000102505
0.00010752
0.000112381
0.000117115
0.000121745
0.000126295
0.000130789
0.000135248
0.000139698
0.000143966
0.00014806
0.000151999
0.000155807
0.000159504
0.000163108
0.000166637
0.000170103
0.000173522
0.000176904
0.000180259
0.000183597
0.000186925
0.000190251
0.000193555
0.000196847
0.000199314
0.000201306
0.000202953
0.000204412
0.000205791
0.000207009
0.000208038
0.000208871
0.00020951
0.000209964
0.000210243
0.000210358
0.000210319
0.000210139
0.000209827
0.000209392
0.000208843
0.000208186
0.000207429
0.000206578
0.000205637
0.000187235
0.000164993
0.000154976
0.000155942
0.000156696
0.000157253
0.000202633
0.0002692
0.000346511
0.00042923
0.000514233
0.000599496
0.000683664
0.000765957
0.000846444
0.000798102
0.000751022
0.000708206
0.000668259
0.000630976
0.000596166
0.000563639
0.000533231
0.000504791
0.000478179
0.000453266
0.000429932
0.000408069
0.000387574
0.000368385
0.000350409
0.000333559
0.000317754
0.00030292
0.000288987
0.000275886
0.000263556
0.000251936
0.000240969
0.000230603
0.000220784
0.000211464
0.000202598
0.00019414
0.00018605
0.000178288
0.000170818
0.000163605
0.000156618
0.000149829
0.000143211
0.000136737
0.000130328
0.000123977
0.000117669
0.000111388
0.000105117
9.88399e-05
9.25401e-05
8.62031e-05
7.9815e-05
7.33623e-05
6.68311e-05
6.02078e-05
5.34832e-05
4.69034e-05
3.84387e-05
3.12586e-05
2.41062e-05
1.69474e-05
1.03816e-05
6.87456e-06
1.28231e-06
-3.95614e-06
-8.86351e-06
-1.34632e-05
-1.77941e-05
-3.12047e-05
-6.24291e-05
-8.70031e-05
-0.000111055
-0.000132724
-0.000150081
-0.000161216
-0.000164325
-0.000163773
-0.000163226
-0.000166536
-0.000164902
-0.000163087
-0.000161127
-0.000159052
-0.000156889
-0.000154656
-0.000152369
-0.00015004
-0.000147679
-0.000145289
-0.000142876
-0.000140441
-0.000137985
-0.000135506
-0.000133003
-0.000130475
-0.000127917
-0.000125328
-0.000122703
-0.000120039
-0.000117359
-0.000114658
-0.000111933
-0.000109191
-0.000106437
-0.000103667
-0.000100877
-9.8065e-05
-9.52263e-05
-9.23577e-05
-8.94559e-05
-8.65165e-05
-8.35356e-05
-8.05041e-05
-7.73576e-05
-7.41022e-05
-7.07356e-05
-6.72503e-05
-6.36366e-05
-5.98833e-05
-5.5979e-05
-5.1912e-05
-4.76714e-05
-4.32454e-05
-3.86232e-05
-3.37943e-05
-2.87482e-05
-2.34753e-05
-1.79659e-05
-1.2211e-05
-6.20168e-06
7.11298e-08
5.09212e-06
1.16749e-05
1.78945e-05
2.4108e-05
6.4983e-07
-6.17647e-05
-0.000141455
-0.000230708
-0.000325835
-0.000424144
-0.000530494
-0.000540457
-0.000545336
-0.000546757
-0.000544244
-0.000538497
-0.000529821
-0.000518735
-0.000505133
-0.000490348
-0.000474133
-0.000456965
-0.000439108
-0.000421226
-0.000328062
-0.000238785
-0.000154276
-7.45159e-05
2.32831e-10
6.83151e-05
0.000129231
0.000181466
0.000218976
0.000239915
0.000242547
0.000233781
0.000225169
0.000216724
0.000208484
0.000200464
0.000192672
0.000185113
0.000177796
0.000170727
0.000163913
0.000157358
0.000151068
0.000145042
0.00013928
0.000133777
0.000128526
0.000123509
0.000118665
0.000113991
0.000109475
0.000105093
0.000100821
9.66305e-05
9.25141e-05
8.84427e-05
8.43883e-05
8.03231e-05
7.62212e-05
7.20596e-05
6.78169e-05
6.34753e-05
5.90213e-05
5.44388e-05
4.97174e-05
4.48478e-05
4.85876e-05
4.29937e-05
3.70409e-05
3.08238e-05
2.44074e-05
1.74391e-05
9.80601e-06
-0.00021027
-0.000366762
-0.000455725
-0.0004838
-0.000453446
-0.000361042
-0.000204495
6.40366e-06
0.000245707
0.000471932
0.000668918
0.000840727
0.000990882
0.00112141
0.00121202
0.00128804
0.00134444
0.00138489
0.00141304
0.00144053
0.00145891
0.00146964
0.00147394
0.00147281
0.00146727
0.00145807
0.00144587
0.00143127
0.00141476
0.00139675
0.00137761
0.00135765
0.00133221
0.00130625
0.00128062
0.00125541
0.00123603
0.00121324
0.00119456
0.00117691
0.00115985
0.00114337
0.00112749
0.00111221
0.00109754
0.00108342
0.00106988
0.00105691
0.0010445
0.00103265
0.00102135
0.00101057
0.00100032
0.000990575
0.000981327
0.000972562
0.000964275
0.000956458
0.000949111
0.00094199
0.000935058
0.000928262
0.000921559
0.000879177
0.000869277
0.000863082
0.000842675
0.000816931
0.000811306
0.000806957
0.000802099
0.000796394
0.00079062
0.000784771
0.000778875
0.000772944
0.000766985
0.000761009
0.000755021
0.000749027
0.000743032
0.000737041
0.000731056
0.00072508
0.000719115
0.000713164
0.000707228
0.000701307
0.000695402
0.000689511
0.000683635
0.000677772
0.000671919
0.000666074
0.000660235
0.000654398
0.000648561
0.000642721
0.000636872
0.000631013
0.000625138
0.000619246
0.000613333
0.000607399
0.000601442
0.000595463
0.000589462
0.000583442
0.000577402
0.000571343
0.000565264
0.000559163
0.000553037
0.000546883
0.000540696
0.000534427
0.000528077
0.000521637
0.000515096
0.000508432
0.000501829
0.000496053
0.000490714
0.000485758
0.000481152
0.000476847
0.000472631
0.00046845
0.000464283
0.000460133
0.000456006
0.000451906
0.000447834
0.000445468
0.000448632
0.000453538
0.000454464
0.000451573
0.000448521
0.000445328
0.000441986
0.00043848
0.000434319
0.000426275
0.000414212
0.000397616
0.000376059
0.000350443
0.000329022
0.000308592
0.000290627
0.00027564
0.000264139
0.000256615
0.000253538
0.000251841
0.000250087
0.000248283
0.000246436
0.000244552
0.000242636
0.000240693
0.000238728
0.000236747
0.000234755
0.000232757
0.000230757
0.000228761
0.000226773
0.0002248
0.000222848
0.000220922
0.000219028
0.000217171
0.000215356
0.000213587
0.000211868
0.0002102
0.000208584
0.00020702
0.000205507
0.000204041
0.00020262
0.000201239
0.000199895
0.000198633
0.000197447
0.000196335
0.00019473
0.000192883
0.000190815
0.000188533
0.000186047
0.000183747
0.000181397
0.000178796
0.000176677
0.000174714
0.000172894
0.000171215
0.00016967
0.000168239
0.000166919
0.000160396
0.000153675
0.000153035
0.00014029
0.000126807
0.000117769
0.000113033
0.000108384
0.000103724
0.000102927
0.000105772
0.000112604
0.000123845
0.000139928
0.000155659
0.000169322
0.000180829
0.000189587
0.000195027
0.000196593
0.000194774
0.00019299
0.000191237
0.000189515
0.00018782
0.000186151
0.000184504
0.000182878
0.00018127
0.000179677
0.000178098
0.00017653
0.000174973
0.000173423
0.000171882
0.000170348
0.000168822
0.000167305
0.000165798
0.000164302
0.000162819
0.000161352
0.000159902
0.000158471
0.000157059
0.000155667
0.000154295
0.000152943
0.000151609
0.000150292
0.000148992
0.000147709
0.000146404
0.000145075
0.000143717
0.000142321
0.00014114
0.000140098
0.000139178
0.000137965
0.00013684
0.000135642
0.000134344
0.000133042
0.000131842
0.000130643
0.000129452
0.000128272
0.000127104
0.000125947
0.000131682
0.000130605
0.000148339
0.000163467
0.000176258
0.000186304
0.000195033
0.000204461
0.000214598
0.000212115
0.000209665
0.00020381
0.00019399
0.000183654
0.000174247
0.000166243
0.000160218
0.000156739
0.000155435
0.000154153
0.00015289
0.000151646
0.000150418
0.000149205
0.000148007
0.000146823
0.000145652
0.000144494
0.000143348
0.000142215
0.000141096
0.00013999
0.000138898
0.000137822
0.000136762
0.000135721
0.000134701
0.000133704
0.000132734
0.000131792
0.000130882
0.000130006
0.000129167
0.000128367
0.000127607
0.000126886
0.000126206
0.000125565
0.000124961
0.000124395
0.000123863
0.00012337
0.000122961
0.000122631
0.00012179
0.000120761
0.000119548
0.000118151
0.00011657
0.00011481
0.000112872
0.000110761
0.00010848
0.000106031
0.000103417
0.000100635
9.76648e-05
9.52291e-05
9.32522e-05
9.17399e-05
8.44644e-05
8.40109e-05
8.37974e-05
6.08503e-05
3.71735e-05
1.53002e-05
-4.78514e-06
-2.53627e-05
-4.78735e-05
-5.21543e-05
-5.28116e-05
-5.34391e-05
-5.3359e-05
-5.24465e-05
-5.29194e-05
-5.33396e-05
-5.37087e-05
-5.40286e-05
-5.43029e-05
-5.45343e-05
-5.47261e-05
-5.4881e-05
-5.50014e-05
-5.50894e-05
-5.51471e-05
-5.51762e-05
-5.51785e-05
-5.51553e-05
-5.5108e-05
-5.50381e-05
-5.49469e-05
-5.48353e-05
-5.47047e-05
-5.45562e-05
-5.43904e-05
-5.4209e-05
-5.4013e-05
-5.38027e-05
-5.35795e-05
-5.33438e-05
-5.30963e-05
-5.28377e-05
-5.25678e-05
-5.2287e-05
-5.19957e-05
-5.16945e-05
-5.13839e-05
-5.10644e-05
-5.07375e-05
-5.04041e-05
-5.00656e-05
-4.97245e-05
-4.94167e-05
-4.91433e-05
-4.89103e-05
-4.84039e-05
-4.76956e-05
-4.6782e-05
-4.5662e-05
-4.43354e-05
-4.28015e-05
-4.10578e-05
-4.52017e-05
-4.53338e-05
-4.45233e-05
-4.37384e-05
-4.3771e-05
-4.34236e-05
-4.30795e-05
-4.27449e-05
-3.17157e-05
-3.12789e-05
-1.40744e-05
1.18231e-06
1.4584e-05
2.56477e-05
3.54885e-05
4.60474e-05
5.73285e-05
5.67739e-05
5.61511e-05
5.2226e-05
4.44467e-05
3.61307e-05
2.86007e-05
2.2334e-05
1.78979e-05
1.58481e-05
1.58879e-05
1.59293e-05
1.59719e-05
1.6015e-05
1.60597e-05
1.61063e-05
1.61552e-05
1.62071e-05
1.62628e-05
1.63228e-05
1.6388e-05
1.64588e-05
1.65359e-05
1.66206e-05
1.6713e-05
1.68136e-05
1.6924e-05
1.70453e-05
1.71789e-05
1.73268e-05
1.74909e-05
1.76739e-05
1.78781e-05
1.81061e-05
1.83601e-05
1.86425e-05
1.89554e-05
1.92998e-05
1.96768e-05
2.0087e-05
2.05298e-05
