0
-0.0031288
-0.00609649
-0.0072768
-0.00848773
-0.00922076
-0.00940267
-0.0090193
-0.00832052
-0.0079385
-0.00747343
-0.00725934
-0.00712452
-0.00709382
-0.00716406
-0.00731745
-0.00755069
-0.0078607
-0.00824468
-0.00870015
-0.00922489
-0.00981608
-0.0104732
-0.0111919
-0.0119744
-0.0128168
-0.0137229
-0.014689
-0.0157145
-0.0167992
-0.0179431
-0.0191465
-0.0204101
-0.0217464
-0.0229856
-0.02416
-0.0252687
-0.0263121
-0.0272907
-0.0282051
-0.0290558
-0.0298433
-0.0305683
-0.0312313
-0.031833
-0.0323736
-0.0328537
-0.0332735
-0.0336335
-0.0339338
-0.0341745
-0.0343558
-0.0344777
-0.0345401
-0.034543
-0.0344918
-0.0343863
-0.0342279
-0.0340161
-0.0337506
-0.0334307
-0.0330558
-0.0326252
-0.032138
-0.0315935
-0.0309908
-0.0303289
-0.0296068
-0.0288235
-0.0279778
-0.0270686
-0.026374
-0.0254623
-0.0244012
-0.023248
-0.022041
-0.0207269
-0.0192856
-0.0179867
-0.016763
-0.0156056
-0.0145067
-0.0134613
-0.0124659
-0.0115182
-0.0106163
-0.00975858
-0.00894383
-0.0082023
-0.00752992
-0.00692527
-0.00638733
-0.00591513
-0.00550777
-0.00516442
-0.00488402
-0.00466627
-0.00451001
-0.00441412
-0.00437826
-0.00440217
-0.00448558
-0.00462834
-0.00483043
-0.00509192
-0.00541294
-0.00579371
-0.00623451
-0.0067357
-0.00729771
-0.00792104
-0.00860627
-0.00932613
-0.0100796
-0.0108673
-0.0116897
-0.0125471
-0.0134402
-0.0143692
-0.0153345
-0.0163365
-0.017375
-0.0184603
-0.0193119
-0.0201955
-0.0211094
-0.022039
-0.0229719
-0.0238921
-0.0246409
-0.0252811
-0.0258154
-0.0262396
-0.0265549
-0.0267631
-0.026865
-0.0268576
-0.0267427
-0.0265187
-0.0261836
-0.0257351
-0.0259765
-0.026348
-0.0265166
-0.0265972
-0.0265961
-0.0265255
-0.0263761
-0.0259304
-0.0253509
-0.0246211
-0.0237162
-0.0227041
-0.0216807
-0.0209086
-0.0203565
-0.0199813
-0.0197405
-0.0196016
-0.0195444
-0.0195332
-0.0195373
-0.0195489
-0.0195638
-0.0195798
-0.0195955
-0.0196104
-0.0196241
-0.0196363
-0.0196471
-0.0196563
-0.019664
-0.0196702
-0.0196747
-0.0196783
-0.0196823
-0.0196879
-0.0196967
-0.01971
-0.0197295
-0.0197566
-0.0197933
-0.0198413
-0.0199027
-0.0199799
-0.0200755
-0.0201927
-0.0203365
-0.0205162
-0.0206977
-0.0211433
-0.0216631
-0.0224464
-0.0233319
-0.0241256
-0.0248492
-0.02552
-0.0261512
-0.0267482
-0.0273135
-0.0278481
-0.0283535
-0.0288276
-0.0292697
-0.0296788
-0.0300536
-0.030393
-0.0306955
-0.0309599
-0.0311845
-0.0313679
-0.0317111
-0.0320166
-0.0322408
-0.032403
-0.0325217
-0.032523
-0.0323806
-0.0321003
-0.0316949
-0.0311765
-0.0305549
-0.0298382
-0.0290326
-0.0281435
-0.0271859
-0.026093
-0.0249467
-0.0237594
-0.0225337
-0.0212538
-0.0202568
-0.0195821
-0.0191297
-0.0188125
-0.0185849
-0.01842
-0.0183219
-0.0182796
-0.0182893
-0.0183491
-0.0184563
-0.0186105
-0.018813
-0.0190655
-0.0193013
-0.0194983
-0.0195917
-0.0196069
-0.0196
-0.0196226
-0.0196598
-0.0197035
-0.0197494
-0.0197952
-0.0201025
-0.0207204
-0.0215457
-0.0224123
-0.0233452
-0.0243765
-0.0252963
-0.0262118
-0.0270968
-0.0279546
-0.0287875
-0.0295967
-0.0303828
-0.0311458
-0.0318856
-0.0326018
-0.0332941
-0.0339618
-0.0346043
-0.035221
-0.0358361
-0.0362717
-0.0366501
-0.0369909
-0.037298
-0.0375711
-0.0380673
-0.0386188
-0.0391627
-0.0396688
-0.0401272
-0.0405042
-0.0407675
-0.0409407
-0.0410324
-0.0410563
-0.0410182
-0.0409319
-0.0408024
-0.0406325
-0.0404245
-0.0401802
-0.0399006
-0.0395874
-0.0392472
-0.0388825
-0.0384946
-0.0380844
-0.0376522
-0.0371982
-0.0367222
-0.0362255
-0.0356865
-0.0350945
-0.0344428
-0.0337273
-0.032945
-0.032094
-0.0311724
-0.0301787
-0.0291109
-0.0279668
-0.0267431
-0.0255073
-0.0244297
-0.0234964
-0.0225866
-0.0217157
-0.0208945
-0.0201298
-0.0194247
-0.0187802
-0.018194
-0.0176674
-0.0171717
-0.016706
-0.0162677
-0.0158672
-0.0154994
-0.0154233
-0.0154474
-0.0155373
-0.0156976
-0.0159298
-0.0162349
-0.0166133
-0.0170652
-0.0175908
-0.01819
-0.0188628
-0.0196093
-0.0204294
-0.0213231
-0.0222905
-0.0233317
-0.024447
-0.0260005
-0.0278153
-0.0294468
-0.0309077
-0.0321718
-0.0332974
-0.0342611
-0.035081
-0.0357738
-0.0363556
-0.0368266
-0.0371954
-0.0374728
-0.0376695
-0.0377899
-0.037838
-0.0378213
-0.0377564
-0.0376524
-0.0375124
-0.0373378
-0.0371288
-0.0368847
-0.036605
-0.0362885
-0.0359339
-0.03554
-0.0351052
-0.034628
-0.0341064
-0.0335387
-0.0329227
-0.0322562
-0.0315368
-0.0307619
-0.0299284
-0.0291662
-0.028706
-0.0285481
-0.0284336
-0.0283755
-0.0283562
-0.0283658
-0.0283993
-0.0284437
-0.0284821
-0.0285127
-0.028535
-0.028549
-0.0285551
-0.0285537
-0.0285444
-0.0285275
-0.0285033
-0.0284724
-0.0284351
-0.0283918
-0.0283433
-0.0282686
-0.0283467
-0.0284199
-0.028489
-0.0285547
-0.0286177
-0.0286781
-0.0287364
-0.0287927
-0.0288473
-0.0289002
-0.0289517
-0.029215
-0.0294457
-0.0296282
-0.0297872
-0.0299811
-0.0302237
-0.0304962
-0.0307368
-0.0309285
-0.0310673
-0.031149
-0.0311898
-0.0311939
-0.0311678
-0.0311311
-0.03112
-0.0311241
-0.0311357
-0.0311508
-0.031167
-0.0311831
-0.0311986
-0.0312131
-0.0312264
-0.0312384
-0.0312489
-0.031258
-0.0312657
-0.0312719
-0.0312767
-0.0312801
-0.031282
-0.0312823
-0.0312811
-0.0312784
-0.031274
-0.0312681
-0.0312534
-0.0313113
-0.0312959
-0.0312752
-0.0312544
-0.0312367
-0.0312201
-0.0312038
-0.0311871
-0.0311698
-0.0311519
-0.0311334
-0.0311143
-0.0310946
-0.0312954
-0.0315522
-0.0317807
-0.0319835
-0.0321628
-0.0323196
-0.032454
-0.0325653
-0.0326526
-0.0327149
-0.0327508
-0.0327559
-0.0327471
-0.0327387
-0.0327314
-0.0327254
-0.0327192
-0.0327121
-0.032702
-0.0328433
-0.0329361
-0.033
-0.0330661
-0.033058
-0.033129
-0.0331578
-0.0331516
-0.0331124
-0.0330481
-0.0329879
-0.0329292
-0.0328692
-0.0328076
-0.0327453
-0.0326835
-0.0326237
-0.0325676
-0.0325143
-0.0324615
-0.0324088
-0.0323563
-0.0323036
-0.0322507
-0.0321976
-0.0321441
-0.0320903
-0.0320359
-0.0319811
-0.0319258
-0.03187
-0.0318135
-0.0317564
-0.0316988
-0.0316417
-0.0316456
-0.0316534
-0.0316606
-0.0316673
-0.0316736
-0.0316796
-0.0316853
-0.0316909
-0.0316965
-0.0317021
-0.031708
-0.0317142
-0.031721
-0.0317284
-0.0317365
-0.0319897
-0.0323269
-0.0327069
-0.0330421
-0.0333395
-0.0336044
-0.0338395
-0.0340458
-0.0342232
-0.0343711
-0.0344885
-0.0345743
-0.0346284
-0.034652
-0.0346672
-0.0346704
-0.0346668
-0.0346605
-0.0346515
-0.0346399
-0.0348016
-0.0349163
-0.0349753
-0.0350477
-0.0351369
-0.0352416
-0.0353828
-0.0355164
-0.0355889
-0.0356079
-0.0355807
-0.035514
-0.0354134
-0.0352837
-0.0351362
-0.0350241
-0.0349329
-0.0348518
-0.034775
-0.0346994
-0.0346231
-0.0345453
-0.0344655
-0.0343833
-0.0342986
-0.0342113
-0.0341213
-0.0340286
-0.0339332
-0.0338353
-0.0337351
-0.0336334
-0.0335955
-0.0335962
-0.0335959
-0.0335944
-0.0335917
-0.0335876
-0.0335822
-0.0335755
-0.0335673
-0.0335578
-0.0335472
-0.0335354
-0.0335229
-0.0335139
-0.0335018
-0.0335464
-0.0338432
-0.0343417
-0.0347905
-0.0354382
-0.0360017
-0.0365021
-0.0369565
-0.0373746
-0.0377616
-0.0381197
-0.0384499
-0.0387519
-0.0390251
-0.0392685
-0.039481
-0.0396611
-0.0398079
-0.0399246
-0.0400097
-0.0400614
-0.0400789
-0.0400699
-0.0402258
-0.0403601
-0.0404398
-0.04048
-0.0404944
-0.0404152
-0.0402213
-0.0399212
-0.0395282
-0.0390538
-0.0385064
-0.0378915
-0.0372119
-0.0364671
-0.0357124
-0.035323
-0.0351462
-0.0350591
-0.0350365
-0.0350729
-0.0351135
-0.0351547
-0.0351953
-0.0352351
-0.0352736
-0.0353108
-0.0353467
-0.0353813
-0.0354144
-0.0354464
-0.0354773
-0.035507
-0.0355357
-0.0355633
-0.0355899
-0.0356156
-0.0356403
-0.0356642
-0.0356873
-0.0357095
-0.035731
-0.0357518
-0.0357721
-0.0357921
-0.0358119
-0.0358317
-0.0358516
-0.0358719
-0.0358927
-0.0359142
-0.0359365
-0.03596
-0.0359846
-0.0360101
-0.0360365
-0.0360639
-0.0360923
-0.0361217
-0.0361522
-0.0361836
-0.0362161
-0.0362498
-0.0362846
-0.036334
-0.0363818
-0.0364509
-0.0364572
-0.0364748
-0.0365003
-0.036574
-0.0368126
-0.0370068
-0.0371571
-0.0373254
-0.0375214
-0.0377338
-0.0379792
-0.0381404
-0.0382674
-0.0383641
-0.0384248
-0.0384544
-0.0384575
-0.0384373
-0.0383806
-0.0382743
-0.0383024
-0.0383013
-0.0383079
-0.0383183
-0.0383303
-0.0383427
-0.0383549
-0.0383664
-0.0383771
-0.0383868
-0.0383955
-0.0384031
-0.0384095
-0.0384149
-0.0384192
-0.0384222
-0.038424
-0.0384245
-0.0384238
-0.0384218
-0.0384186
-0.0384109
-0.0384019
-0.0383916
-0.0383806
-0.0383709
-0.0383601
-0.0383482
-0.0383354
-0.0383218
-0.0383076
-0.0382928
-0.0382775
-0.0382619
-0.0382461
-0.03823
-0.0382139
-0.0381979
-0.0381821
-0.0381667
-0.0381517
-0.0381372
-0.0381233
-0.03811
-0.0380975
-0.0380858
-0.038075
-0.0380653
-0.0380566
-0.0380492
-0.038043
-0.0380381
-0.0380345
-0.0380325
-0.0387117
-0.0398417
-0.041572
-0.0430933
-0.0442421
-0.0451911
-0.0459851
-0.046637
-0.0471579
-0.0476653
-0.0476173
-0.0475186
-0.0474781
-0.0475039
-0.0475969
-0.0477207
-0.0479072
-0.0482029
-0.0485633
-0.0490244
-0.0495735
-0.0502114
-0.0508286
-0.0513087
-0.0516747
-0.0519595
-0.0521827
-0.0523541
-0.0524782
-0.052557
-0.0525912
-0.052596
-0.0525775
-0.0525438
-0.0525205
-0.0525371
-0.0525613
-0.0525925
-0.0526288
-0.052668
-0.0527089
-0.052751
-0.0527939
-0.0528377
-0.0528824
-0.0529283
-0.0529755
-0.0530243
-0.0530748
-0.0531272
-0.0531817
-0.0532392
-0.0532976
-0.0533565
-0.053416
-0.0534757
-0.0535358
-0.0535959
-0.0536558
-0.0537156
-0.0537751
-0.0538343
-0.0538932
-0.0539515
-0.0540091
-0.0540724
-0.0541344
-0.0541948
-0.0542535
-0.0543063
-0.055079
-0.0566031
-0.0584124
-0.0605273
-0.0633044
-0.0666648
-0.0697157
-0.0728325
-0.0760351
-0.0793227
-0.0826946
-0.085826
-0.0887744
-0.0912315
-0.0925016
-0.0926687
-0.0921445
-0.0912671
-0.0901106
-0.0888617
-0.0878343
-0.0868435
-0.0858425
-0.0848425
-0.0838514
-0.0830637
-0.0824147
-0.0818851
-0.0814614
-0.0811329
-0.0808908
-0.0807068
-0.0805783
-0.0805031
-0.0804798
-0.0805072
-0.0805848
-0.0807136
-0.0807441
-0.080686
-0.0805452
-0.0803218
-0.080107
-0.0800062
-0.0798562
-0.0797232
-0.0796074
-0.0795019
-0.0794027
-0.0793074
-0.0792148
-0.0791233
-0.0790331
-0.0789441
-0.0788563
-0.0787696
-0.078684
-0.0785996
-0.0785163
-0.0784341
-0.0783531
-0.0782734
-0.0781952
-0.0781186
-0.0780439
-0.078
-0.0779591
-0.0779247
-0.0778945
-0.0778681
-0.0779975
-0.078512
-0.0789524
-0.0791689
-0.07926
-0.0793524
-0.0794148
-0.0794513
-0.0794571
-0.0794357
-0.0794151
-0.0793955
-0.0793773
-0.079361
-0.0793465
-0.079334
-0.0793234
-0.0793149
-0.0793083
-0.0793037
-0.079301
-0.0793003
-0.0793014
-0.0793044
-0.0793091
-0.0793156
-0.0793239
-0.0793338
-0.0793454
-0.0793587
-0.0793736
-0.07939
-0.0794079
-0.0794272
-0.0794479
-0.0794699
-0.0794931
-0.0795175
-0.0795431
-0.079569
-0.079596
-0.0796241
-0.0796534
-0.079684
-0.079716
-0.0797497
-0.0797851
-0.0798223
-0.0798617
-0.0799033
-0.0799472
-0.0799946
-0.0800446
-0.0800971
-0.0801523
-0.0802101
-0.0802736
-0.0804169
-0.0805084
-0.0805868
-0.0806285
-0.0806644
-0.0807107
-0.0807597
-0.0808091
-0.0808592
-0.0809089
-0.0809582
-0.081007
-0.0810553
-0.0814585
-0.081901
-0.0821565
-0.0822491
-0.0823208
-0.0823803
-0.0824324
-0.0824796
-0.0825167
-0.0826016
-0.0827057
-0.0828134
-0.0829165
-0.0829911
-0.0829686
-0.0828851
-0.0827758
-0.0826529
-0.0825236
-0.0823926
-0.0822627
-0.0821831
-0.0821522
-0.0821466
-0.0821532
-0.082165
-0.0821781
-0.0821904
-0.0822008
-0.0822087
-0.082214
-0.0822163
-0.0822156
-0.0822118
-0.0822049
-0.082195
-0.082182
-0.082166
-0.0821469
-0.0821249
-0.0820998
-0.0820719
-0.0820411
-0.0820076
-0.0819715
-0.0819329
-0.0818922
-0.0818496
-0.0818054
-0.0817595
-0.0817122
-0.0816632
-0.0816133
-0.0815626
-0.0815425
-0.0815006
-0.0814302
-0.08133
-0.0811989
-0.0809557
-0.0806495
-0.0803131
-0.0800001
-0.0797567
-0.0795843
-0.0794831
-0.0794514
-0.0794676
-0.0795332
-0.0796497
-0.0801146
-0.081048
-0.0816688
-0.0820647
-0.0822728
-0.082307
-0.0823248
-0.0823356
-0.0823405
-0.0823991
-0.0824741
-0.082551
-0.0826224
-0.0825986
-0.082505
-0.0823786
-0.0822369
-0.08209
-0.0819433
-0.0818146
-0.0817528
-0.0817282
-0.081724
-0.0817313
-0.0817448
-0.0817619
-0.0817811
-0.0818016
-0.0818228
-0.0818447
-0.081867
-0.0818897
-0.0819125
-0.0819356
-0.0819588
-0.0819821
-0.0820056
-0.0820292
-0.0820528
-0.0820765
-0.0821004
-0.0821243
-0.0821486
-0.0821734
-0.0821988
-0.082225
-0.0822522
-0.0822806
-0.0823103
-0.0823416
-0.0823745
-0.0824092
-0.0824455
-0.0824832
-0.0825222
-0.0825525
-0.0825585
-0.0825358
-0.08255
-0.0825616
-0.0825708
-0.0825747
-0.082579
-0.0826248
-0.082671
-0.0827174
-0.0827639
-0.0828103
-0.0828565
-0.0829024
-0.0836507
-0.0844743
-0.085085
-0.0855119
-0.0857583
-0.0858982
-0.0860174
-0.0861245
-0.0861071
-0.0861517
-0.0862214
-0.086301
-0.0863165
-0.0862741
-0.0861982
-0.0861022
-0.0859934
-0.085891
-0.0858301
-0.085792
-0.0857663
-0.0857473
-0.0857315
-0.0857173
-0.0857035
-0.0856895
-0.0856749
-0.0856595
-0.085643
-0.0856254
-0.0856067
-0.0855865
-0.0855649
-0.0855417
-0.085517
-0.0854905
-0.0854623
-0.0854324
-0.0854007
-0.0853673
-0.0853319
-0.0852949
-0.0852561
-0.0852157
-0.0851739
-0.0851306
-0.085086
-0.0850402
-0.0849931
-0.0849449
-0.0848957
-0.0848453
-0.0847941
-0.0847902
-0.0847664
-0.0847275
-0.0846769
-0.0846153
-0.0845436
-0.0844629
-0.0843738
-0.0842769
-0.0841726
-0.0840611
-0.0839427
-0.083817
-0.0837101
-0.083618
-0.0835396
-0.083473
-0.0840829
-0.0852231
-0.0860262
-0.0866076
-0.0870081
-0.0872293
-0.0873765
-0.0875138
-0.0873517
-0.0871988
-0.087117
-0.0870935
-0.0870621
-0.0869844
-0.0869126
-0.0868487
-0.0867918
-0.0867409
-0.0866955
-0.0866551
-0.0866194
-0.086588
-0.0865608
-0.0865375
-0.0865177
-0.0865013
-0.0864881
-0.0864779
-0.0864705
-0.0864658
-0.0864636
-0.0864637
-0.0864659
-0.0864701
-0.0864763
-0.0864841
-0.0864936
-0.0865046
-0.0865169
-0.0865306
-0.0865456
-0.0865617
-0.0865792
-0.0865981
-0.0866184
-0.0866403
-0.086664
-0.0866895
-0.086717
-0.0867465
-0.0867782
-0.0868124
-0.0868485
-0.0868864
-0.0869703
-0.0870887
-0.0872458
-0.0874433
-0.087682
-0.0879624
-0.0882852
-0.0884453
-0.088539
-0.088543
-0.0885509
-0.0885958
-0.0886358
-0.0886795
-0.0887249
-0.088771
-0.0895152
-0.0903457
-0.0909632
-0.0913971
-0.0916509
-0.0917935
-0.0919148
-0.0920238
-0.0920084
-0.0920541
-0.0921247
-0.0922047
-0.0922196
-0.092177
-0.0921006
-0.092004
-0.0918946
-0.0917909
-0.0917288
-0.0916897
-0.0916631
-0.091643
-0.0916262
-0.0916108
-0.0915958
-0.0915806
-0.0915648
-0.0915481
-0.0915304
-0.0915115
-0.0914915
-0.0914701
-0.0914472
-0.0914228
-0.0913967
-0.0913691
-0.0913396
-0.0913085
-0.0912755
-0.0912408
-0.0912042
-0.0911657
-0.0911256
-0.0910838
-0.0910404
-0.0909956
-0.0909494
-0.0909019
