-0.0351406
-0.0164895
-0.0110033
-0.0090781
0.00027082
0.0048396
0.00671041
0.0095687
0.00889709
0.00907682
0.00801343
0.00756051
0.00702368
0.00682353
0.00664218
0.00647749
0.00632764
0.00619104
0.00606628
0.00595214
0.00584755
0.00565087
0.00553543
0.00515054
0.00498134
0.0046316
0.00445331
0.004302
0.0041732
0.00406324
0.00396907
0.00388814
0.00381833
0.00316415
0.00296735
0.00280888
0.00268178
0.00258018
0.00249925
0.00243511
0.00238456
0.002345
0.00231429
0.00229073
0.00227288
0.00225962
0.00225001
0.00224329
0.00223885
0.00223618
0.0022349
0.00223466
0.00223521
0.0022364
0.00223801
0.00223993
0.00224205
0.00224429
0.00224656
0.00224881
0.002251
0.0022531
0.00225509
0.00225696
0.00225869
0.00226027
0.00226171
0.00226299
0.00226413
0.00226513
-0.002266
-0.00227388
-0.00185569
-0.00152516
-0.00126242
-0.00104194
-0.000857007
-0.000704064
-0.000577527
-0.000474069
-0.000389161
-0.000319432
-0.000262162
-0.000215123
-0.000176488
-0.000144755
-0.000118693
-9.72888e-05
-7.97042e-05
-6.52605e-05
-5.3399e-05
-4.36604e-05
-3.56669e-05
-2.91079e-05
-2.37281e-05
-1.93173e-05
-1.57031e-05
-1.27435e-05
-1.03216e-05
-8.34136e-06
-6.7238e-06
-5.40392e-06
-4.32826e-06
-3.4529e-06
-2.74171e-06
-2.16501e-06
-1.69839e-06
-1.3218e-06
-1.01877e-06
-7.75783e-07
-5.81728e-07
-4.27496e-07
-3.06348e-07
-2.11839e-07
-1.38721e-07
-8.27295e-08
-4.04051e-08
-8.94237e-09
1.39297e-08
3.0046e-08
4.08865e-08
4.76366e-08
5.13438e-08
-1.55799e-05
-1.73619e-05
-1.50525e-05
-1.1603e-05
-7.89548e-06
2.6916e-05
7.63914e-05
6.9866e-05
5.93802e-05
4.92103e-05
4.03235e-05
3.28065e-05
2.65213e-05
2.13584e-05
1.73814e-05
1.41702e-05
1.15478e-05
-9.40127e-06
-0.000113674
-0.000202346
-0.000240179
-0.000219965
-0.00016179
-7.99816e-05
1.44025e-05
8.95759e-05
0.000109195
0.000104246
8.48608e-05
6.53319e-05
5.18713e-05
3.7493e-05
2.67481e-05
2.01894e-05
1.62047e-05
1.3186e-05
1.0743e-05
8.74394e-06
7.11243e-06
5.78048e-06
4.69335e-06
3.80644e-06
3.08323e-06
2.49386e-06
2.01387e-06
1.62325e-06
1.30561e-06
1.04756e-06
8.38133e-07
6.68362e-07
5.30921e-07
4.19712e-07
3.29709e-07
2.56859e-07
1.97897e-07
1.50186e-07
1.11602e-07
8.04277e-08
5.5275e-08
3.50229e-08
1.87653e-08
5.76328e-09
-4.59315e-09
-1.28203e-08
-1.93829e-08
-2.48117e-08
-2.80671e-08
-6.98003e-06
-1.71598e-05
-6.59053e-06
2.93019e-06
3.91398e-06
3.46475e-06
2.86992e-06
2.34722e-06
1.91921e-06
1.57463e-06
1.29853e-06
1.0779e-06
9.01281e-07
7.59877e-07
6.46518e-07
5.55428e-07
4.81975e-07
4.22463e-07
3.73947e-07
3.34089e-07
-3.01037e-07
-2.33708e-05
-3.87324e-05
-3.51879e-05
-7.19182e-06
1.94232e-05
2.71537e-05
2.88514e-05
2.86196e-05
2.78293e-05
2.69518e-05
2.61427e-05
2.54391e-05
2.48271e-05
2.42413e-05
2.28166e-05
2.85311e-05
2.61346e-05
2.29073e-05
2.03778e-05
1.94014e-05
-6.79243e-06
-3.50538e-05
-4.0172e-05
-3.51364e-05
-2.92441e-05
-2.40791e-05
-1.97899e-05
-1.62697e-05
-1.33884e-05
-1.1031e-05
-9.1014e-06
-7.52101e-06
-6.22577e-06
-5.16332e-06
-4.28366e-06
3.90585e-06
2.40881e-06
-1.09496e-06
-3.80854e-06
-3.6981e-06
-3.15802e-06
-2.62731e-06
-2.17385e-06
-1.79725e-06
-1.24227e-05
-1.67764e-05
2.12098e-07
2.90924e-06
2.92703e-06
2.51432e-06
-7.5524e-07
1.69498e-06
1.84959e-06
1.6124e-06
1.34528e-06
1.1107e-06
9.14153e-07
7.51185e-07
6.16391e-07
5.04972e-07
4.12903e-07
3.36846e-07
2.74042e-07
2.22211e-07
1.79596e-07
-2.76789e-05
-4.18932e-05
-5.04112e-05
-5.59219e-05
5.78279e-05
-6.77911e-05
-0.000136005
-0.000140003
-9.2852e-05
-8.53821e-06
2.77874e-05
3.57305e-05
3.34001e-05
2.89655e-05
2.43573e-05
2.01063e-05
1.62842e-05
1.30417e-05
1.03298e-05
8.05563e-06
6.1555e-06
4.5706e-06
3.22337e-06
1.97415e-06
7.68781e-07
-3.95611e-07
-1.51542e-06
-2.58651e-06
-3.60495e-06
-4.5672e-06
-4.97894e-06
-4.33291e-06
-3.61513e-06
-2.9897e-06
-2.46873e-06
-2.03888e-06
-1.68483e-06
-1.39318e-06
-1.15281e-06
-9.54563e-07
-7.90935e-07
-6.55779e-07
-5.43611e-07
-6.05552e-06
-3.89106e-07
5.49241e-07
6.16884e-07
5.38869e-07
4.48981e-07
3.69842e-07
3.03506e-07
2.48503e-07
2.0304e-07
1.65586e-07
1.3475e-07
1.09381e-07
8.84718e-08
7.12836e-08
1.00349e-06
2.58674e-08
-1.29597e-07
-1.33587e-07
-1.1333e-07
-9.23077e-08
-7.43145e-08
-5.95047e-08
-4.74383e-08
-3.76451e-08
-2.9718e-08
-2.33183e-08
-1.81667e-08
-1.40337e-08
-1.07309e-08
-8.10334e-09
6.02412e-09
-2.86748e-05
-4.81491e-05
-4.49265e-05
-1.3324e-05
1.94168e-05
2.98348e-05
3.31075e-05
3.34875e-05
3.29238e-05
3.20995e-05
3.18043e-05
3.16388e-05
3.10824e-05
3.02916e-05
2.95065e-05
2.87175e-05
2.75207e-05
2.53422e-05
2.27766e-05
2.0361e-05
1.81527e-05
1.61238e-05
1.42424e-05
1.24859e-05
1.08392e-05
9.29203e-06
7.83729e-06
6.46986e-06
5.1862e-06
3.98568e-06
2.86766e-06
1.83099e-06
8.78654e-07
1.74853e-08
-7.39216e-07
-1.367e-06
-6.29696e-05
-4.02353e-05
-4.80489e-05
-4.80237e-05
-4.09816e-05
-3.38665e-05
-2.77832e-05
-2.27554e-05
-1.86302e-05
-1.52491e-05
-1.24793e-05
-1.02109e-05
-8.35348e-06
-6.83275e-06
-5.58794e-06
-4.56904e-06
-3.73524e-06
-3.05308e-06
-2.49511e-06
-2.03884e-06
-1.66584e-06
-1.36104e-06
-1.11069e-06
-9.15811e-07
-7.55252e-07
-6.22968e-07
-5.13969e-07
-4.2414e-07
-3.50095e-07
-2.89048e-07
-2.38706e-07
-1.97184e-07
-1.62928e-07
1.34663e-07
-0.000119976
-0.000195026
-0.000194319
-0.000129541
-2.17183e-05
8.78248e-05
0.000102024
8.40249e-05
6.88732e-05
5.59593e-05
4.50441e-05
3.56636e-05
2.76776e-05
2.08336e-05
1.57435e-05
1.26528e-05
1.03246e-05
8.4552e-06
6.93019e-06
5.68142e-06
4.65795e-06
3.81896e-06
3.13117e-06
2.56731e-06
2.10504e-06
1.72607e-06
1.41537e-06
1.16065e-06
9.51807e-07
7.80584e-07
6.40199e-07
5.25095e-07
4.30715e-07
3.53327e-07
2.89867e-07
2.37827e-07
1.9515e-07
1.5968e-07
1.8968e-06
3.1877e-07
-1.67975e-07
-2.19133e-07
-1.9499e-07
-1.6265e-07
-1.33763e-07
-1.09642e-07
-8.97936e-08
-7.35176e-08
-6.01823e-08
-4.92595e-08
-4.03141e-08
-5.26895e-06
-8.96983e-08
7.27228e-07
7.46974e-07
6.40115e-07
5.29561e-07
4.34972e-07
3.57026e-07
2.93336e-07
2.41394e-07
1.99041e-07
1.64465e-07
1.36123e-07
1.12772e-07
9.3519e-08
7.76365e-08
6.45243e-08
5.37041e-08
-4.4778e-08
-4.87491e-05
-7.97643e-05
-7.23438e-05
-1.96331e-05
4.78412e-05
4.68157e-05
3.99038e-05
3.17825e-05
2.43904e-05
1.90936e-05
1.54436e-05
1.25882e-05
1.0277e-05
8.39111e-06
6.84956e-06
5.5892e-06
4.55892e-06
3.71691e-06
3.029e-06
2.46717e-06
2.00848e-06
1.63415e-06
1.32878e-06
1.07979e-06
8.76866e-07
7.1158e-07
5.77028e-07
4.67564e-07
3.78572e-07
3.06276e-07
2.4759e-07
1.99995e-07
1.61431e-07
1.30221e-07
1.05011e-07
8.62501e-08
7.09704e-08
5.84131e-08
4.80899e-08
3.96016e-08
3.26207e-08
2.68784e-08
2.21541e-08
1.82663e-08
1.50661e-08
1.24314e-08
1.02616e-08
8.47418e-09
7.00127e-09
5.78714e-09
-1.14819e-05
-7.93731e-06
1.61785e-06
2.89069e-06
2.67325e-06
2.25212e-06
1.85922e-06
1.527e-06
1.25186e-06
1.02507e-06
8.3836e-07
6.84728e-07
5.58381e-07
4.54568e-07
3.69608e-07
3.00064e-07
2.43236e-07
1.96874e-07
1.5908e-07
-1.28295e-07
-8.54466e-05
-0.000138232
-0.000137515
-9.29129e-05
-1.94378e-05
5.86346e-05
6.92042e-05
5.65603e-05
4.65447e-05
3.80824e-05
3.08867e-05
2.47887e-05
1.96227e-05
1.52153e-05
1.13671e-05
9.11342e-06
7.48491e-06
6.18555e-06
5.12167e-06
4.24485e-06
3.52075e-06
2.92222e-06
2.42711e-06
2.01725e-06
1.67773e-06
1.39625e-06
1.16271e-06
9.68777e-07
8.07596e-07
6.73511e-07
5.61853e-07
4.68728e-07
3.86783e-07
3.16801e-07
2.59438e-07
2.12427e-07
1.73902e-07
1.42335e-07
1.16469e-07
9.52785e-08
7.79232e-08
6.37067e-08
5.20629e-08
4.25282e-08
3.47182e-08
2.82446e-08
2.30007e-08
1.78078e-08
-5.49943e-06
-9.77294e-06
-9.87603e-06
1.88663e-06
3.41003e-06
3.13485e-06
2.62299e-06
2.15273e-06
1.76152e-06
1.44335e-06
1.18611e-06
9.78485e-07
8.10964e-07
6.75754e-07
5.66525e-07
4.78144e-07
4.06468e-07
3.48007e-07
3.0016e-07
2.60826e-07
2.28317e-07
-2.01056e-07
-2.97006e-05
-5.05565e-05
-4.75533e-05
-1.2991e-05
2.04027e-05
2.95937e-05
3.09418e-05
2.96835e-05
2.76021e-05
2.53329e-05
2.31109e-05
2.10327e-05
1.91655e-05
1.76424e-05
-1.08454e-05
-1.42023e-05
-1.2442e-05
-1.03593e-05
-8.52473e-06
-6.99344e-06
-5.7334e-06
-4.69955e-06
-3.85186e-06
-3.15693e-06
-2.58726e-06
-2.12029e-06
-1.73751e-06
-1.42375e-06
-1.16657e-06
-9.55779e-07
-7.83014e-07
-6.41423e-07
-5.25384e-07
-4.30292e-07
-3.5237e-07
-2.88521e-07
-2.36207e-07
-1.93348e-07
-1.58238e-07
-1.29478e-07
-1.05922e-07
-8.66311e-08
-7.08348e-08
-5.79018e-08
-4.73149e-08
-3.865e-08
-3.15596e-08
-2.57587e-08
-2.10141e-08
-1.71345e-08
-1.39634e-08
-1.13768e-08
-9.26172e-09
-7.53301e-09
-6.12127e-09
-4.96933e-09
-4.0301e-09
-3.26489e-09
-2.64193e-09
-2.13521e-09
-1.72341e-09
-1.38912e-09
-1.11806e-09
-8.87416e-10
-6.98538e-10
2.6905e-06
2.68229e-08
-3.92758e-07
-4.00922e-07
4.29867e-06
-9.31152e-05
-0.000152153
-0.000149375
-9.65399e-05
-1.19407e-05
6.51819e-05
7.16385e-05
6.37286e-05
5.06393e-05
4.06478e-05
3.24087e-05
2.55334e-05
1.97992e-05
1.50234e-05
1.17356e-05
9.51667e-06
8.24366e-06
6.38403e-06
5.1632e-06
4.22049e-06
3.45872e-06
2.83627e-06
2.32631e-06
1.90824e-06
1.56544e-06
1.28435e-06
1.05384e-06
8.64797e-07
7.09761e-07
5.82604e-07
4.78305e-07
3.92749e-07
3.22562e-07
2.64977e-07
2.17726e-07
1.78947e-07
1.47118e-07
1.2113e-07
9.97703e-08
8.22087e-08
6.77499e-08
5.57803e-08
4.59477e-08
3.78687e-08
3.12285e-08
2.57692e-08
2.12791e-08
1.75847e-08
1.45436e-08
1.20391e-08
9.97532e-09
8.27101e-09
6.86613e-09
5.70735e-09
4.7506e-09
3.95986e-09
3.30568e-09
2.76393e-09
2.31483e-09
1.94212e-09
1.63247e-09
1.37488e-09
1.16033e-09
9.81388e-10
8.31938e-10
7.06932e-10
6.02214e-10
5.14353e-10
4.4052e-10
-3.78391e-10
-4.88067e-05
-8.86444e-05
-0.000167753
-0.00024194
-0.00029162
-0.000281594
-0.000213231
-8.73499e-05
9.46529e-05
0.000331458
0.000445461
0.000469248
0.00041984
0.000304367
0.000149439
0.000102706
8.06095e-05
6.58397e-05
5.44803e-05
4.53183e-05
3.78601e-05
3.17562e-05
2.66953e-05
7.78307e-05
7.37154e-05
6.077e-05
4.85258e-05
3.79453e-05
2.85148e-05
1.97139e-05
1.12046e-05
-6.68741e-07
-1.33653e-05
-2.63035e-05
-3.29178e-05
-2.9229e-05
-2.44113e-05
-2.01095e-05
-1.65135e-05
-1.35514e-05
-1.11196e-05
-9.12479e-06
-7.48856e-06
-6.14645e-06
-5.0455e-06
-4.1423e-06
-3.40127e-06
-2.79323e-06
-2.29425e-06
-1.88474e-06
-1.54861e-06
-1.27273e-06
-1.04626e-06
-8.60328e-07
-7.07645e-07
-5.82247e-07
-4.79237e-07
-3.94571e-07
-3.24985e-07
-2.67779e-07
-2.20738e-07
-1.82042e-07
-1.502e-07
-1.23986e-07
-1.02397e-07
-8.44958e-08
-6.9765e-08
-5.76397e-08
-4.76541e-08
3.9481e-08
-0.000300718
-0.000925538
-0.00112846
-0.00103288
-0.0011611
-0.00129802
-0.00146144
-0.00141223
-0.00122216
-0.000950964
-0.000621779
-0.000253417
0.000169301
0.000535134
0.000708917
0.000794765
0.000767683
0.000665695
0.000555012
0.000461846
0.000414904
0.000341961
0.000283904
0.000235009
0.000193159
0.000143605
0.000115636
9.48879e-05
7.80823e-05
6.41662e-05
5.25949e-05
4.30202e-05
3.51032e-05
2.85651e-05
2.31738e-05
1.8736e-05
1.509e-05
1.20998e-05
1.54598e-05
1.44689e-05
1.22157e-05
1.03041e-05
2.09304e-06
6.10648e-06
9.83584e-07
-6.17561e-07
-7.5661e-07
-6.48924e-07
-5.20569e-07
-4.09696e-07
-3.19497e-07
-2.47307e-07
-1.89729e-07
-1.43981e-07
-1.07781e-07
-7.92676e-08
-5.69272e-08
-3.95321e-08
-2.60894e-08
-1.57973e-08
-8.01005e-09
-2.20791e-09
2.02633e-09
5.02361e-09
7.03377e-09
-1.56869e-07
5.60517e-09
3.11276e-08
3.13406e-08
-2.74277e-08
-0.000134959
-0.000162509
-0.000139467
-2.46882e-05
6.39576e-05
7.1265e-05
6.12098e-05
4.93677e-05
4.03149e-05
3.30212e-05
2.70671e-05
2.21908e-05
1.81941e-05
1.49178e-05
1.22318e-05
1.00298e-05
8.22455e-06
6.74447e-06
5.531e-06
4.53608e-06
3.72034e-06
3.05148e-06
2.50304e-06
2.05332e-06
1.68454e-06
1.38212e-06
1.13411e-06
9.30708e-07
7.63881e-07
6.27045e-07
5.14799e-07
4.22719e-07
3.47174e-07
2.85188e-07
2.34323e-07
1.92578e-07
1.58314e-07
1.30185e-07
1.07089e-07
8.8111e-08
7.25244e-08
5.97209e-08
4.92012e-08
4.05557e-08
3.34482e-08
2.76034e-08
2.2795e-08
1.88377e-08
1.55792e-08
1.28947e-08
1.06817e-08
8.85104e-09
7.34285e-09
6.0999e-09
5.07428e-09
4.22665e-09
3.53193e-09
-7.10906e-06
-4.20239e-06
9.94467e-07
1.66415e-06
1.52641e-06
1.28222e-06
9.82017e-07
8.08455e-07
6.83252e-07
6.68539e-07
5.74385e-07
5.47695e-07
-5.17658e-07
-0.000331372
-0.000665291
-0.000783575
-0.000755733
-0.000624493
-0.000415622
-0.000146603
0.000170451
0.000430524
0.000526123
0.000526825
0.000458436
0.000333486
0.000183795
0.000126639
9.78502e-05
7.52699e-05
5.61431e-05
3.95281e-05
2.49225e-05
1.19651e-05
5.97275e-06
4.21331e-06
3.36929e-06
2.7878e-06
2.32858e-06
1.95214e-06
1.64049e-06
1.3816e-06
1.16614e-06
9.86524e-07
8.36545e-07
7.11091e-07
6.05956e-07
5.17676e-07
4.43396e-07
3.80761e-07
3.27828e-07
2.8299e-07
2.44919e-07
2.12514e-07
1.84864e-07
1.6121e-07
1.40923e-07
1.23478e-07
1.08438e-07
9.54194e-08
8.41103e-08
7.42642e-08
6.56728e-08
5.81576e-08
5.15447e-08
4.57474e-08
4.06558e-08
3.61189e-08
3.25171e-08
2.98803e-08
2.79669e-08
2.65794e-08
-1.14526e-06
-2.10586e-06
-1.7233e-06
-1.68869e-06
-1.53549e-06
-1.29999e-06
-1.06599e-06
-8.74761e-07
-7.18289e-07
-5.84812e-07
4.57326e-07
-0.000312386
-0.000621684
-0.000789442
-0.000795245
-0.000657187
-0.000406873
-6.96318e-05
0.000333775
0.000667471
0.000766699
0.000724709
0.000583268
0.000365561
0.000239793
0.000179743
0.000138803
0.000105765
7.77925e-05
5.3697e-05
3.48728e-05
2.68138e-05
2.16181e-05
1.76305e-05
1.44155e-05
1.1792e-05
9.64522e-06
7.88764e-06
6.44862e-06
5.27054e-06
4.30624e-06
3.51705e-06
2.8713e-06
2.34304e-06
1.91098e-06
1.55771e-06
1.26893e-06
1.03296e-06
8.4021e-07
6.82821e-07
5.54367e-07
4.49579e-07
3.64145e-07
2.94533e-07
2.37851e-07
1.91734e-07
1.54243e-07
1.23794e-07
9.90914e-08
7.90737e-08
6.28744e-08
4.97845e-08
3.91914e-08
3.06655e-08
2.38229e-08
1.83442e-08
1.35141e-08
9.06101e-09
-1.59975e-07
9.16027e-10
2.51647e-08
8.06638e-08
6.61604e-08
5.36106e-08
3.49003e-07
2.8649e-07
2.3565e-07
1.89781e-07
1.54653e-07
1.28318e-07
-1.09367e-07
-0.000219485
-0.000622232
-0.000757078
-0.000728033
-0.000586413
-0.000363943
-8.14205e-05
0.000247545
0.000409953
0.000441307
0.000394945
0.000288584
0.000214659
0.000170075
0.000135789
0.000107117
8.25364e-05
6.28871e-05
5.07136e-05
4.14788e-05
3.4044e-05
2.79688e-05
2.29868e-05
1.88975e-05
1.55398e-05
1.27823e-05
1.05174e-05
8.65663e-06
7.12769e-06
5.8711e-06
4.83813e-06
3.98876e-06
3.29017e-06
2.71542e-06
2.2424e-06
1.85297e-06
1.53224e-06
1.26797e-06
1.05013e-06
8.70467e-07
7.22218e-07
5.99817e-07
4.98696e-07
4.15098e-07
3.45936e-07
2.88673e-07
2.41222e-07
2.01864e-07
1.69188e-07
1.4203e-07
1.19429e-07
1.00571e-07
8.48473e-08
-1.18672e-06
4.59611e-08
2.33905e-07
2.30908e-07
1.98456e-07
1.66085e-07
1.38382e-07
1.15366e-07
9.63471e-08
8.06253e-08
6.76082e-08
5.68097e-08
4.7841e-08
3.98992e-08
3.30854e-08
2.72947e-08
-2.23995e-08
-0.000245163
-0.000537044
-0.000752363
-0.000783498
-0.000664742
-0.000428336
-9.78585e-05
0.000306744
0.000609348
0.000685648
0.000622035
0.000460311
0.000295558
0.000222496
0.000178694
0.000145875
0.000119556
9.80883e-05
8.05049e-05
6.60886e-05
5.42653e-05
4.45672e-05
3.66113e-05
3.00837e-05
2.47275e-05
2.03316e-05
1.67234e-05
1.37611e-05
1.13286e-05
9.33067e-06
7.6893e-06
6.34047e-06
5.23168e-06
4.31991e-06
3.56987e-06
2.9526e-06
2.44437e-06
2.0257e-06
1.68061e-06
1.39601e-06
1.16111e-06
9.6711e-07
8.06745e-07
6.74068e-07
5.64192e-07
4.731e-07
3.97496e-07
3.34667e-07
2.82384e-07
2.38814e-07
2.02447e-07
1.72012e-07
1.46522e-07
1.25138e-07
1.08743e-07
9.62258e-08
8.65287e-08
7.88447e-08
7.25736e-08
6.72807e-08
6.26639e-08
1.61533e-05
3.75443e-06
-2.27148e-06
-2.88623e-06
-1.7272e-06
-2.12849e-06
-1.88122e-06
-1.54578e-06
1.26719e-06
-0.000226953
-0.000645926
-0.000785495
-0.000754718
-0.00060695
-0.000375196
-8.13746e-05
0.000260128
0.000427536
0.000459164
0.000410308
0.000299462
0.000223574
0.000177354
0.000141696
0.000111847
8.62615e-05
6.57219e-05
5.30048e-05
4.33594e-05
3.55939e-05
2.9248e-05
2.40435e-05
1.97711e-05
1.62626e-05
1.33808e-05
1.10133e-05
9.06809e-06
7.46938e-06
6.15517e-06
5.07457e-06
4.18582e-06
3.45462e-06
2.85286e-06
2.35745e-06
1.94943e-06
1.61325e-06
1.33613e-06
1.10758e-06
9.1899e-07
7.63282e-07
6.34643e-07
5.28294e-07
4.40308e-07
3.67457e-07
3.07086e-07
2.5701e-07
2.15434e-07
