-0.00851227
-0.00976208
-0.00940052
-0.00869641
-0.00842306
-0.00794274
-0.00741212
-0.00693592
-0.00640799
-0.00591654
-0.00544418
-0.0050103
-0.00460846
-0.00424022
-0.00390185
-0.00359084
-0.00330506
-0.0030425
-0.00280133
-0.00257985
-0.00237648
-0.00218958
-0.00201768
-0.00185935
-0.0017131
-0.0015782
-0.00145372
-0.0013393
-0.00123421
-0.00113778
-0.00104934
-0.000968313
-0.000894117
-0.000820577
-0.000754675
-0.000693733
-0.000637527
-0.000585778
-0.000538197
-0.000494485
-0.000454352
-0.000417516
-0.000383708
-0.000352673
-0.000324177
-0.000297997
-0.000273933
-0.000251797
-0.000231417
-0.000212637
-0.000195314
-0.000179318
-0.000164529
-0.000150841
-0.000138153
-0.000126393
-0.00011548
-0.000105341
-9.59068e-05
-8.71137e-05
-7.89034e-05
-7.12228e-05
-6.40233e-05
-5.72608e-05
-5.08946e-05
-4.48878e-05
-3.92173e-05
-3.38289e-05
-2.87066e-05
-2.38243e-05
1.91576e-05
-0.000186741
-0.000445426
-0.000638822
-0.000664983
-0.00061215
-0.000551003
-0.000488562
-0.000444275
-0.000404569
-0.000368385
-0.000335323
-0.000305125
-0.000277569
-0.000252445
-0.000229557
-0.000208719
-0.000189756
-0.000172503
-0.000156812
-0.000142547
-0.000129579
-0.000117794
-0.000107085
-9.73527e-05
-8.85095e-05
-8.04737e-05
-7.31715e-05
-6.65355e-05
-6.05048e-05
-5.50236e-05
-5.00417e-05
-4.5513e-05
-4.13962e-05
-3.76534e-05
-3.42505e-05
-3.11563e-05
-2.83426e-05
-2.57838e-05
-2.34567e-05
-2.13402e-05
-1.94152e-05
-1.76642e-05
-1.60715e-05
-1.46226e-05
-1.33046e-05
-1.21055e-05
-1.10147e-05
-1.00222e-05
-9.11933e-06
-8.29783e-06
-7.55041e-06
-6.87059e-06
-1.9961e-05
-4.23578e-05
-6.39757e-05
-8.17579e-05
-9.48768e-05
-0.000100913
-0.000100186
-9.53937e-05
-8.85186e-05
-8.16212e-05
-7.50663e-05
-6.88282e-05
-6.27977e-05
-5.69768e-05
-5.17785e-05
-4.70718e-05
-4.27986e-05
3.89166e-05
0.000252717
0.000589045
0.00100306
0.00141692
0.00175738
0.00195228
0.00193365
0.00173233
0.0014894
0.00125199
0.00107133
0.000936015
0.000813894
0.000723198
0.000653064
0.000593677
0.000540041
0.00049137
0.000447119
0.000406863
0.000370234
0.000336906
0.000306579
0.000278983
0.000253873
0.000231024
0.000210232
0.000191313
0.000174097
0.000158431
0.000144176
0.000131204
0.000119399
0.000108657
9.88824e-05
8.99871e-05
8.18922e-05
7.45258e-05
6.78222e-05
6.17218e-05
5.61702e-05
5.1118e-05
4.65203e-05
4.23362e-05
3.85284e-05
3.5063e-05
3.19093e-05
2.90391e-05
2.64271e-05
1.26552e-05
6.95478e-06
6.49492e-05
0.000103076
0.000102258
9.46743e-05
8.64591e-05
7.87316e-05
7.16518e-05
6.52003e-05
5.9328e-05
5.3984e-05
4.91207e-05
4.46953e-05
4.06686e-05
3.70047e-05
3.36709e-05
3.06374e-05
2.78773e-05
2.53659e-05
-2.30808e-05
-0.000210975
-0.000411303
-0.000524576
-0.000479173
-0.000375314
-0.000313513
-0.000264345
-0.000219803
-0.00017744
-0.000136392
-9.63091e-05
-5.70465e-05
-1.85664e-05
1.90634e-05
5.4888e-05
9.56653e-05
0.000133725
0.000169328
0.000202588
0.000233998
0.000257086
0.000262685
0.000249504
0.000229334
0.000209192
0.000190472
0.000173349
0.000157743
0.000143532
0.000130594
0.000118815
0.000108093
9.83329e-05
8.94489e-05
8.13626e-05
6.06291e-05
6.10055e-05
6.56593e-05
6.82345e-05
6.37617e-05
5.8326e-05
5.31072e-05
4.83051e-05
4.39261e-05
6.47612e-05
6.20827e-05
8.0934e-07
-1.03163e-05
-1.15886e-05
-1.09915e-05
-1.29789e-06
-1.09228e-05
-1.1855e-05
-1.11612e-05
-1.02255e-05
-9.31404e-06
-8.47283e-06
-7.70517e-06
-7.00639e-06
-6.37071e-06
-5.79255e-06
-5.26675e-06
-4.78861e-06
-4.35383e-06
-3.95853e-06
0.000122404
0.000202969
0.000267663
0.000326599
-0.00038301
0.000236718
0.000751104
0.00101969
0.000976386
0.000568532
0.000318534
0.000198774
0.000136718
9.29269e-05
5.75543e-05
2.7773e-05
2.9986e-06
-1.84805e-05
-3.69288e-05
-5.21237e-05
-6.40539e-05
-7.27588e-05
-7.83514e-05
-8.10483e-05
-8.04251e-05
-7.64656e-05
-6.92231e-05
-5.87736e-05
-4.52114e-05
-2.86493e-05
-1.49376e-05
-1.15023e-05
-1.00756e-05
-9.09296e-06
-8.2547e-06
-7.49971e-06
-6.81204e-06
-6.18452e-06
-5.61195e-06
-5.08979e-06
-4.6139e-06
-4.18044e-06
-3.78582e-06
4.30747e-05
1.12611e-05
5.25508e-06
3.90395e-06
3.407e-06
3.08381e-06
2.81182e-06
2.5676e-06
2.34536e-06
2.14253e-06
1.95726e-06
1.78792e-06
1.63306e-06
1.48901e-06
1.35653e-06
-4.30644e-07
-9.87377e-07
-1.08016e-06
-1.02929e-06
-9.47088e-07
-8.63713e-07
-7.85975e-07
-7.14905e-07
-6.50236e-07
-5.91453e-07
-5.38033e-07
-4.89485e-07
-4.45363e-07
-4.0526e-07
-3.68807e-07
-3.3567e-07
3.05544e-07
-0.000251465
-0.000503377
-0.000621786
-0.000506898
-0.000317607
-0.000222721
-0.000156743
-0.000102964
-5.39231e-05
-6.97206e-06
4.11443e-05
8.92672e-05
0.000135553
0.00018017
0.000223742
0.000266233
0.000306138
0.000340772
0.000371256
0.00039899
0.00042417
0.000446761
0.000466709
0.000483979
0.00049856
0.00051046
0.000519704
0.000526334
0.000530409
0.000532007
0.000531223
0.00052816
0.000522947
0.000515731
0.000506685
0.000496023
0.000346345
0.000346535
0.000293927
0.000253857
0.000228307
0.000207083
0.000188158
0.000171023
0.00015546
0.000141316
0.000128462
0.000116779
0.000106162
9.65149e-05
8.77486e-05
7.9809e-05
7.26024e-05
6.60537e-05
6.00992e-05
5.46835e-05
4.9757e-05
4.52751e-05
4.11976e-05
3.74881e-05
3.41129e-05
3.10418e-05
2.82474e-05
2.57047e-05
2.33908e-05
2.12853e-05
1.93693e-05
1.76258e-05
1.60391e-05
-1.45952e-05
0.000233504
0.000553015
0.000832539
0.000988243
0.000946525
0.000712744
0.000583517
0.000523419
0.000468827
0.000420125
0.000377085
0.000340281
0.000309461
0.000284643
0.000262375
0.000239375
0.000217928
0.000198314
0.00018045
0.000164192
0.000149399
0.000135939
0.000123692
0.00011255
0.000102412
9.31873e-05
8.47945e-05
7.71583e-05
7.02105e-05
6.38889e-05
5.81372e-05
5.29038e-05
4.81421e-05
4.38095e-05
3.98673e-05
3.62804e-05
3.30165e-05
3.00467e-05
2.48463e-05
2.27431e-05
2.07375e-05
1.8868e-05
1.71692e-05
1.56256e-05
1.42217e-05
1.29442e-05
1.17816e-05
1.07235e-05
9.76039e-06
8.88377e-06
8.08585e-06
5.95424e-06
1.35399e-05
1.39785e-05
1.3056e-05
1.19484e-05
1.08865e-05
9.9093e-06
9.01789e-06
8.20625e-06
7.46752e-06
6.79523e-06
6.18342e-06
5.62665e-06
5.11997e-06
4.65888e-06
4.23929e-06
3.85747e-06
3.51002e-06
-3.19386e-06
-0.000236288
-0.000475127
-0.000595279
-0.000513195
-0.000347299
-0.000298026
-0.000265928
-0.000242222
-0.000222937
-0.000204351
-0.000186216
-0.000169487
-0.000154223
-0.000140328
-0.000127683
-0.000116179
-0.000105712
-9.61877e-05
-8.75224e-05
-7.96381e-05
-7.24645e-05
-6.59375e-05
-5.99987e-05
-5.45951e-05
-4.96785e-05
-4.52049e-05
-4.11345e-05
-3.74308e-05
-3.40608e-05
-3.09944e-05
-2.82042e-05
-2.56654e-05
-2.33552e-05
-2.12531e-05
-1.93404e-05
-1.75999e-05
-1.60161e-05
-1.45748e-05
-1.32633e-05
-1.20699e-05
-1.09838e-05
-9.99548e-06
-9.09606e-06
-8.27757e-06
-7.53271e-06
-6.85486e-06
-6.23798e-06
-5.6766e-06
-5.16572e-06
-4.70079e-06
3.9682e-06
-7.75484e-06
-2.36943e-05
-2.48679e-05
-2.32837e-05
-2.13161e-05
-1.94215e-05
-1.76768e-05
-1.6085e-05
-1.46357e-05
-1.33167e-05
-1.21163e-05
-1.10241e-05
-1.00303e-05
-9.12596e-06
-8.30317e-06
-7.55454e-06
-6.87341e-06
-6.2537e-06
5.68986e-06
0.000346904
0.000728483
0.00101871
0.00114201
0.00104006
0.000715703
0.00055839
0.000502589
0.000449643
0.00040235
0.000361001
0.000325435
0.000295459
0.000270911
0.000251776
0.000230309
0.000209775
0.00019091
0.000173713
0.000158061
0.000143819
0.000130862
0.000119073
0.000108347
9.85886e-05
8.97102e-05
8.16323e-05
7.42828e-05
6.75959e-05
6.15119e-05
5.59762e-05
5.09395e-05
4.63567e-05
4.21869e-05
3.83927e-05
3.49402e-05
3.17986e-05
2.89398e-05
2.63383e-05
2.39709e-05
2.18165e-05
1.98559e-05
1.80716e-05
1.64478e-05
1.49699e-05
1.36249e-05
1.24008e-05
1.12866e-05
-6.7164e-06
-1.23045e-05
4.82197e-06
7.53381e-05
8.26824e-05
7.80464e-05
7.15754e-05
6.52391e-05
5.93841e-05
5.4038e-05
4.91693e-05
4.47378e-05
4.07048e-05
3.70347e-05
3.36949e-05
3.06557e-05
2.78901e-05
2.53736e-05
2.30838e-05
2.10003e-05
1.91046e-05
-1.73798e-05
-0.000402589
-0.000742092
-0.000845402
-0.000613152
-0.0003296
-0.000210474
-0.000144645
-9.88371e-05
-6.21408e-05
-3.05597e-05
-2.4144e-06
2.31623e-05
4.68207e-05
6.94858e-05
-3.61122e-05
-5.31713e-05
-5.12848e-05
-4.71871e-05
-4.30043e-05
-3.91155e-05
-3.55658e-05
-3.23379e-05
-2.94047e-05
-2.67396e-05
-2.43182e-05
-2.21181e-05
-2.01188e-05
-1.8302e-05
-1.66509e-05
-1.51501e-05
-1.37861e-05
-1.2546e-05
-1.14186e-05
-1.03936e-05
-9.46141e-06
-8.61364e-06
-7.84252e-06
-7.14102e-06
-6.50278e-06
-5.922e-06
-5.39344e-06
-4.91234e-06
-4.47436e-06
-4.0756e-06
-3.71249e-06
-3.38179e-06
-3.08058e-06
-2.80617e-06
-2.55615e-06
-2.32833e-06
-2.1207e-06
-1.93052e-06
-1.75691e-06
-1.59871e-06
-1.45468e-06
-1.32359e-06
-1.20432e-06
-1.0958e-06
-9.97079e-07
-9.07263e-07
-8.25552e-07
-7.51213e-07
-6.8358e-07
-6.22048e-07
-5.66065e-07
-2.26032e-06
-2.9015e-06
-2.73614e-06
-2.49545e-06
-1.00361e-08
0.000165477
0.000436395
0.00071154
0.000896667
0.000902045
0.000726984
0.000620406
0.000542163
0.000487655
0.000436937
0.000392306
0.000354321
0.000323146
0.00029879
0.00027519
0.00025107
0.000224049
0.000206422
0.000188335
0.000171471
0.000156044
0.000141991
0.0001292
0.000117559
0.000106967
9.73279e-05
8.85572e-05
8.05764e-05
7.33145e-05
6.67067e-05
6.06942e-05
5.52234e-05
5.02456e-05
4.57163e-05
4.15951e-05
3.78454e-05
3.44336e-05
3.13293e-05
2.85049e-05
2.59351e-05
2.35969e-05
2.14696e-05
1.9534e-05
1.7773e-05
1.61707e-05
1.47129e-05
1.33865e-05
1.21797e-05
1.10817e-05
1.00827e-05
9.17369e-06
8.34639e-06
7.59356e-06
6.90858e-06
6.28539e-06
5.71842e-06
5.20262e-06
4.73337e-06
4.30647e-06
3.9181e-06
3.56479e-06
3.24336e-06
2.95095e-06
2.68493e-06
2.44292e-06
2.22274e-06
2.02244e-06
1.84022e-06
1.67444e-06
-1.52361e-06
-0.000122678
-0.000421919
-0.000989127
-0.00171893
-0.00254807
-0.00334826
-0.00399332
-0.00436774
-0.00436858
-0.0038999
-0.00337943
-0.00284091
-0.0023753
-0.00207133
-0.00196443
-0.00180431
-0.00164551
-0.00149827
-0.0013637
-0.0012411
-0.00112949
-0.0010279
-0.000935428
-0.000775248
-0.000672685
-0.000589666
-0.000516926
-0.000452551
-0.000396183
-0.000347672
-0.000306827
-0.000278024
-0.000258732
-0.000248076
-0.000237102
-0.000217975
-0.000198763
-0.000180926
-0.000164627
-0.000149784
-0.000136276
-0.000123986
-0.000112804
-0.00010263
-9.33731e-05
-8.49509e-05
-7.72881e-05
-7.0316e-05
-6.39726e-05
-5.8201e-05
-5.29496e-05
-4.81701e-05
-4.38208e-05
-3.98638e-05
-3.62637e-05
-3.29886e-05
-3.00091e-05
-2.72987e-05
-2.4833e-05
-2.25901e-05
-2.05497e-05
-1.86936e-05
-1.70052e-05
-1.54693e-05
-1.40721e-05
-1.28012e-05
-1.16451e-05
-1.05934e-05
-9.63678e-06
8.76659e-06
-0.00010063
-0.000169483
0.000191962
0.000783447
0.0013813
0.00213494
0.0028558
0.00375407
0.00470081
0.00557742
0.00628808
0.00676214
0.00692138
0.0067549
0.00642424
0.00599684
0.00551083
0.00502298
0.00457195
0.00416136
0.00377479
0.00342019
0.00309822
0.0028061
0.00254201
0.0023135
0.00210556
0.00191616
0.00174374
0.00158679
0.00144395
0.00131395
0.00119565
0.00108798
0.000989996
0.000900829
0.000819685
0.000745843
0.000674061
0.000610044
0.000552569
0.000500463
0.000457765
0.000413243
0.000377325
0.000343853
0.000312964
0.000284778
0.000259118
0.000235768
0.000214522
0.000195202
0.000177627
0.000161636
0.000147086
0.000133846
0.000121798
0.000110835
0.000100858
9.17801e-05
8.3519e-05
7.60017e-05
6.91611e-05
6.29363e-05
5.7272e-05
5.21018e-05
4.74228e-05
4.31579e-05
3.92747e-05
-3.57404e-05
-0.000160572
-0.000285946
-0.000373022
-0.000350911
-0.000297864
-0.000265592
-0.000240558
-0.00021914
-0.000199478
-0.000181551
-0.000165229
-0.000150372
-0.000136851
-0.000124545
-0.000113344
-0.000103151
-9.38738e-05
-8.54305e-05
-7.77461e-05
-7.07525e-05
-6.43875e-05
-5.85946e-05
-5.33226e-05
-4.85245e-05
-4.41578e-05
-4.01838e-05
-3.65671e-05
-3.32756e-05
-3.02802e-05
-2.75542e-05
-2.50734e-05
-2.28157e-05
-2.07612e-05
-1.88916e-05
-1.71902e-05
-1.56418e-05
-1.42328e-05
-1.29506e-05
-1.17838e-05
-1.07221e-05
-9.75583e-06
-8.87658e-06
-8.07648e-06
-7.34843e-06
-6.68593e-06
-6.08312e-06
-5.53461e-06
-5.03555e-06
-4.58148e-06
-4.16838e-06
-3.79256e-06
-3.45094e-06
-3.14025e-06
-2.85761e-06
-2.60045e-06
-2.36646e-06
-2.15353e-06
-3.43057e-06
-4.19828e-06
-4.18809e-06
-3.88696e-06
-3.55202e-06
-3.2351e-06
-2.94211e-06
-2.67901e-06
-2.43927e-06
-2.22026e-06
-2.02265e-06
-1.8406e-06
1.675e-06
0.000239925
0.000700778
0.00125659
0.00183362
0.00235472
0.002749
0.00294804
0.00288714
0.00260472
0.00224433
0.00186373
0.00152037
0.00127067
0.00114154
0.00102326
0.000915026
0.000818353
0.000732858
0.00065812
0.000593729
0.000539293
0.000490896
0.000446734
0.000406528
0.000369938
0.000336643
0.000306346
0.000278778
0.000253691
0.000230863
0.000210091
0.000191189
0.000173988
0.000158336
0.000144093
0.000131131
0.000119336
0.000108603
9.8835e-05
8.99462e-05
8.18571e-05
7.44957e-05
6.77964e-05
6.16998e-05
5.61515e-05
5.11021e-05
4.65068e-05
4.23248e-05
3.85187e-05
3.50549e-05
3.19024e-05
2.90324e-05
2.64201e-05
2.40426e-05
2.18789e-05
1.99099e-05
1.81181e-05
1.64875e-05
1.50037e-05
1.36513e-05
1.24196e-05
1.1301e-05
1.02827e-05
9.35657e-06
8.5144e-06
7.74831e-06
7.05125e-06
6.41692e-06
5.83968e-06
-5.31442e-06
-0.000222772
-0.000687048
-0.00126849
-0.00189636
-0.00248892
-0.00296004
-0.0032205
-0.00318849
-0.00289701
-0.00250962
-0.00210817
-0.00176817
-0.00156108
-0.00140477
-0.00126382
-0.00113739
-0.00102487
-0.000925617
-0.000839029
-0.000763537
-0.000694811
-0.000632269
-0.000575358
-0.00052357
-0.000476445
-0.000433563
-0.000394542
-0.000359033
-0.000326721
-0.000297318
-0.000270561
-0.000246214
-0.000224057
-0.000203895
-0.000185548
-0.000168852
-0.000153659
-0.000139833
-0.000127252
-0.000115802
-0.000105383
-9.5902e-05
-8.72737e-05
-7.94218e-05
-7.22764e-05
-6.57738e-05
-5.98563e-05
-5.44712e-05
-4.95706e-05
-4.51108e-05
-4.10522e-05
-3.73582e-05
-3.39963e-05
-3.09368e-05
-2.81526e-05
-2.5619e-05
-2.33133e-05
-2.12543e-05
-1.93464e-05
-1.76062e-05
-1.60218e-05
-1.45799e-05
-1.32678e-05
-1.20727e-05
-1.09909e-05
-1.00071e-05
-9.11031e-06
-8.29437e-06
-7.55314e-06
6.88132e-06
0.000153229
0.000532557
0.00101825
0.00153105
0.00199659
0.00234021
0.00249006
0.00238106
0.00216334
0.00190257
0.00165698
0.00148269
0.00134096
0.00121263
0.00109706
0.000993722
0.000902129
0.000820918
0.000747043
0.000679821
0.000618648
0.000562979
0.000512319
0.000466216
0.00042426
0.00038608
0.000351335
0.000319716
0.000290942
0.000264757
0.000240929
0.000219244
0.000199511
0.000181554
0.000165213
0.000150342
0.000136809
0.000124495
0.000113289
0.000103091
9.3811e-05
8.53664e-05
7.76819e-05
7.06891e-05
6.43258e-05
5.85352e-05
5.3266e-05
4.8471e-05
4.41077e-05
4.01372e-05
3.65242e-05
3.32368e-05
3.02454e-05
2.79505e-05
2.56021e-05
2.33301e-05
2.12365e-05
1.93263e-05
1.75872e-05
1.60044e-05
1.45641e-05
1.32533e-05
1.20606e-05
1.09751e-05
9.98741e-06
9.08859e-06
8.27067e-06
7.52636e-06
6.84905e-06
-6.23268e-06
-0.000185702
-0.000575089
-0.00108376
-0.00165812
-0.0022102
-0.00265236
-0.0028958
-0.00285589
-0.00261715
-0.00229985
-0.0019816
-0.00173786
-0.00157701
-0.00143444
-0.00130529
-0.00118786
-0.00108102
-0.000983779
-0.000895285
-0.000814748
-0.000741451
-0.000674745
-0.000614038
-0.000558789
-0.000508509
-0.000462751
-0.000421109
-0.000383211
-0.000348723
-0.000317337
-0.000288774
-0.000262781
-0.000239126
-0.0002176
-0.000198011
-0.000180184
-0.000163962
-0.000149199
-0.000135765
-0.000123541
-0.000112417
-0.000102294
-9.30821e-05
-8.46998e-05
-7.70723e-05
-7.01316e-05
-6.38159e-05
-5.8069e-05
-5.28396e-05
-4.80813e-05
-4.37515e-05
-3.98128e-05
-3.62292e-05
-3.29684e-05
-3.00012e-05
-2.73011e-05
-2.48441e-05
-2.26081e-05
-2.05735e-05
-1.87219e-05
-1.7037e-05
-2.11602e-05
-2.02572e-05
-1.83368e-05
-1.66719e-05
-1.55635e-05
-1.41562e-05
-1.28811e-05
-1.17343e-05
1.06918e-05
0.000152016
0.000522121
0.00100363
0.00151558
0.00198283
0.00233041
0.00248597
0.00238422
0.00217123
0.0019126
0.00166749
0.00149232
0.00134919
0.00121996
0.00110361
0.000999549
0.000907266
0.000825477
0.000751171
0.000683575
0.000622065
0.000566089
0.000515149
0.000468792
0.000426605
0.000388214
0.000353277
0.000321484
0.000292551
0.000266222
0.000242262
0.000220457
0.000200615
0.000182559
0.000166127
0.000151174
0.000137567
0.000125184
0.000113916
0.000103662
9.43305e-05
8.58392e-05
7.81121e-05
7.10806e-05
6.46819e-05
5.88593e-05
5.35608e-05
4.87392e-05
