-0.0131058
-0.0126378
-0.0120985
-0.0115246
-0.0113573
-0.0108426
-0.0103291
-0.0100348
-0.00955506
-0.00925368
-0.00881196
-0.0084782
-0.00812631
-0.00780932
-0.00750218
-0.00720827
-0.0069274
-0.00665899
-0.00640251
-0.00615749
-0.00592348
-0.00569747
-0.00548271
-0.00527036
-0.00507044
-0.00487409
-0.0046888
-0.00451208
-0.00434382
-0.00418393
-0.0040323
-0.00388886
-0.00375358
-0.003575
-0.0034367
-0.00330436
-0.00317754
-0.00305624
-0.00294005
-0.00282878
-0.0027222
-0.00262016
-0.0025225
-0.00242906
-0.0023397
-0.0022543
-0.00217273
-0.00209486
-0.00202056
-0.0019496
-0.0018818
-0.00181702
-0.00175515
-0.00169605
-0.0016396
-0.00158581
-0.00153484
-0.00148609
-0.00143936
-0.00139449
-0.00135134
-0.00130977
-0.00126964
-0.00123086
-0.00119332
-0.00115694
-0.00112164
-0.00108738
-0.00105412
-0.00102182
-0.00105221
-0.0010155
-0.00098053
-0.000947203
-0.00091528
-0.000884597
-0.000796019
-0.000679999
-0.000658345
-0.000637483
-0.000617339
-0.000597865
-0.000579027
-0.000560802
-0.000543175
-0.000526133
-0.000509673
-0.00049379
-0.00047849
-0.000463777
-0.000449652
-0.000436119
-0.00042318
-0.000410834
-0.000399078
-0.000387913
-0.000377321
-0.000367291
-0.000357805
-0.000348844
-0.000340385
-0.000332401
-0.000324865
-0.000317748
-0.000311018
-0.000304646
-0.000298602
-0.000292856
-0.000287384
-0.00028216
-0.000277165
-0.000272381
-0.00026777
-0.000263324
-0.000259038
-0.000254911
-0.000250943
-0.000247143
-0.000243519
-0.000240083
-0.00023685
-0.000233841
-0.000231107
-0.000228692
-0.00022622
-0.000223742
-0.0002213
-0.000218923
-0.00021438
-0.000208002
-0.000206572
-0.000198235
-0.000188946
-0.000181
-0.000175382
-0.000172558
-0.000172154
-0.000171761
-0.000171344
-0.000170869
-0.000135154
-0.000122216
0.000134235
0.000140276
0.000148933
0.000159203
0.000170375
0.000181912
0.000192986
0.000304229
0.000548551
0.000916578
0.00128907
0.00161071
0.00171085
0.00167737
0.00160379
0.00153377
0.00146726
0.00140414
0.00134425
0.0012874
0.00123343
0.00118217
0.00113348
0.00108722
0.00104325
0.00100145
0.000961707
0.000923912
0.000887964
0.000853769
0.000821241
0.000790297
0.00076086
0.000732858
0.000706226
0.000680898
0.000656817
0.000633925
0.000612171
0.000591504
0.00057188
0.000553254
0.000535585
0.000518835
0.000502969
0.000487955
0.000473767
0.000460348
0.000447734
0.000436038
0.000424432
0.000413193
0.000402649
0.00039268
0.000383195
0.000374155
0.000365517
0.000357248
0.000349317
0.000341644
0.000334255
0.000327124
0.000320227
0.000313541
0.000307043
0.000300713
0.000294531
0.000288476
0.000265103
0.000251898
0.000239652
0.000228036
0.000216709
0.000205959
0.000296967
0.000446136
0.000633765
0.000849429
0.00108675
0.00134129
0.00160967
0.00188902
0.00217644
0.00246112
0.00281028
0.00313748
0.00344509
0.00373746
0.00402465
0.00409545
0.00394655
0.00375736
0.0035793
0.00341141
0.00325284
0.00310285
0.0029608
0.00282614
0.00269833
0.00257692
0.00246147
0.0023516
0.00224693
0.00214726
0.00211271
0.00206203
0.00199038
0.00190352
0.00182055
0.00174125
0.00166543
0.00159291
0.00152353
0.00145662
0.00139282
0.00133189
0.00127333
0.00121708
0.00116304
0.00111133
0.00106182
0.00101439
0.000969002
0.000925568
0.000884007
0.000844231
0.000806152
0.000769688
0.000734757
0.000701282
0.000669194
0.000638424
0.000608914
0.000580475
0.000553128
0.000526928
0.000501877
0.00047792
0.00156806
0.00148454
0.00140475
0.00132861
0.00125621
0.00118703
0.00119153
0.00127718
0.0013863
0.00150742
0.00163341
0.00175918
0.00187994
0.00199398
0.00209958
0.00219471
0.00227757
0.00234655
0.00240031
0.00243781
0.00245742
0.00245777
0.00243762
0.00239585
0.00233145
0.00224348
0.00214135
0.00204481
0.00195349
0.00186706
0.00178519
0.00170759
0.001634
0.00156414
0.0014978
0.00143475
0.00137478
0.0013177
0.00126339
0.00122283
0.0011721
0.00112401
0.00107835
0.00103495
0.000993682
0.000954424
0.000917073
0.000881454
0.000847554
0.000815292
0.0007846
0.000755399
0.000727676
0.000701352
0.000676434
0.000652715
0.00063013
0.000608626
0.000588151
0.000568655
0.00055009
0.000532409
0.000515567
0.00049952
0.000484225
0.000469643
0.000455735
0.000442465
0.000429798
0.000417703
0.000388432
0.000369556
0.000353109
0.000340199
0.000329152
0.000319124
0.000418384
0.000581957
0.000783336
0.00101173
0.0012612
0.00153346
0.0018253
0.00213012
0.00244386
0.00276466
0.0030908
0.00341755
0.00373565
0.00404154
0.00433514
0.00461631
0.00488482
0.00514045
0.00538298
0.00561224
0.0058281
0.00603048
0.00621936
0.00639477
0.00655677
0.00670554
0.00684126
0.00696423
0.00707482
0.00717357
0.00726118
0.00696018
0.00695852
0.00671059
0.00643875
0.00617922
0.00593119
0.00569395
0.00546691
0.00524953
0.00504134
0.00484187
0.00465067
0.00446734
0.00429148
0.00412273
0.00396071
0.00380509
0.00365557
0.00351184
0.00337362
0.00324064
0.00311264
0.00298943
0.00287076
0.00275674
0.00264717
0.00254188
0.00244067
0.00234339
0.00224986
0.00215993
0.00207345
0.00199028
0.0018754
0.00178703
0.00170344
0.00162406
0.00154838
0.00147621
0.00140754
0.00139213
0.00139672
0.00140393
0.00140837
0.00140623
0.00139179
0.00136144
0.0013117
0.00125107
0.00119357
0.00113899
0.00108717
0.00103797
0.000991223
0.000946806
0.00090459
0.000864457
0.000826299
0.000790014
0.000755509
0.000722698
0.0006915
0.000661841
0.000633648
0.000606858
0.000581408
0.00055724
0.0005343
0.000512535
0.000491897
0.00047234
0.000453812
0.000457533
0.000442463
0.000425871
0.000410139
0.000395242
0.000381145
0.000367814
0.000355216
0.000343319
0.000332094
0.000321512
0.00031155
0.000302179
0.000293551
0.000285183
0.000277289
0.0002698
0.000262668
0.000255853
0.000249323
0.000243049
0.000237006
0.000231169
0.000225511
0.000219909
0.000214455
0.000209152
0.000203984
0.000198932
0.000194016
0.000189217
0.000181506
0.000175186
0.000169482
0.000163957
0.000158386
0.000155887
0.000181547
0.000205733
0.000216899
0.000213935
0.000206316
0.00019915
0.000192392
0.000186007
0.000179951
0.000174182
0.000168663
0.000163366
0.000158269
0.000153371
0.000148674
0.000144161
0.000139818
0.00013563
0.000131584
0.000127668
0.000123872
0.000120184
0.000116597
0.000113101
0.000109689
0.000106353
0.000103087
9.98846e-05
9.67405e-05
9.36468e-05
9.05182e-05
8.74455e-05
8.44358e-05
8.14889e-05
7.86044e-05
7.57819e-05
7.30203e-05
7.03181e-05
6.76736e-05
6.50843e-05
6.25478e-05
6.00613e-05
5.76218e-05
5.52264e-05
5.28719e-05
5.00555e-05
4.76545e-05
4.54847e-05
4.3347e-05
4.13156e-05
3.94222e-05
3.76836e-05
3.61079e-05
3.46992e-05
3.34595e-05
3.23889e-05
3.14785e-05
3.07305e-05
3.01191e-05
2.96162e-05
2.91976e-05
2.88413e-05
2.85367e-05
2.82819e-05
2.83911e-05
2.76767e-05
2.6904e-05
2.58011e-05
2.42844e-05
2.24673e-05
2.05208e-05
5.62481e-05
0.000120824
0.000188491
0.000252795
0.000308341
0.000350713
0.000376263
0.000381917
0.000364564
0.000347037
0.000330562
0.000315084
0.000300542
0.000286878
0.000274036
0.000261965
0.000250616
0.000239946
0.000229913
0.00022048
0.000211614
0.000203283
0.000195459
0.000188114
0.000181224
0.000174768
0.000168763
0.00016317
0.000157944
0.000153066
0.000148519
0.000144287
0.000140358
0.000136717
0.000133354
0.000130257
0.000127418
0.000124829
0.000122481
0.000120371
0.000118487
0.000116867
0.000115682
0.000114639
0.000113784
0.000112651
0.000111864
0.000111312
0.000110927
0.000110668
0.000110501
0.000110406
0.00011036
0.000110349
0.000110356
0.000110364
0.000110357
0.000110301
0.000110199
0.000110043
0.000109819
0.000109488
0.000109081
0.000104426
0.000100996
9.74043e-05
9.34864e-05
8.90616e-05
8.48726e-05
0.000166645
0.000288834
0.000431603
0.000585005
0.000743358
0.000903102
0.00106196
0.0012187
0.0013736
0.00130563
0.00131247
0.00124995
0.00119114
0.00113581
0.00108371
0.00103469
0.000988544
0.000945052
0.000904023
0.000865278
0.000828652
0.000793996
0.00076117
0.00073005
0.000700519
0.000672472
0.000645815
0.000620461
0.000596332
0.000573354
0.000551462
0.000530596
0.000510699
0.000491719
0.000473609
0.000456323
0.000439818
0.000424054
0.000408991
0.000394592
0.000380819
0.000367636
0.00035501
0.000342906
0.00033129
0.000320124
0.00030935
0.000298926
0.000288814
0.000278974
0.000269363
0.000259945
0.000250681
0.000241535
0.000232474
0.000223465
0.000214477
0.000205481
0.00019642
0.000187455
0.000195173
0.000185939
0.000176633
0.000167246
0.000205855
0.00020128
0.000196515
0.000191139
0.00018533
0.000179138
0.000172674
0.000206134
0.000308038
0.000372523
0.000428779
0.000472296
0.000499228
0.000506289
0.000490803
0.000467131
0.000444846
0.000435759
0.000415583
0.000396529
0.000378531
0.000361524
0.000345445
0.000330237
0.000315847
0.000302224
0.000289322
0.000277099
0.000265515
0.000254532
0.000244116
0.000234235
0.000224859
0.00021596
0.000207513
0.000199495
0.000191884
0.000184661
0.000177803
0.000171297
0.000165127
0.00015928
0.000153745
0.000148509
0.000143562
0.000138897
0.000134505
0.000130382
0.000126521
0.000122918
0.00011957
0.000116468
0.000113606
0.000110971
0.000108551
0.000106334
0.00010431
0.000102468
0.000100798
9.92908e-05
9.79378e-05
9.67301e-05
9.56586e-05
9.4715e-05
9.38916e-05
9.31812e-05
9.25775e-05
9.20751e-05
9.16692e-05
9.13563e-05
8.4752e-05
8.23112e-05
8.03654e-05
7.89771e-05
0.000735425
0.000798176
0.000777557
0.000764189
0.000756064
0.000751667
0.000749625
0.000751094
0.000748851
0.000743019
0.000734096
0.000722531
0.000708813
0.000693267
0.000676256
0.000657967
0.000638803
0.000618932
0.000598553
0.000577927
0.000744019
0.000893144
0.00102522
0.0011426
0.00124607
0.00133516
0.00140874
0.00146535
0.00149379
0.00149097
0.00145411
0.0013973
0.00134308
0.00129143
0.0012423
0.00119561
0.00115119
0.00110894
0.00106871
0.00103038
0.000993851
0.000959007
0.000925755
0.000894005
0.000863676
0.000834692
0.000806985
0.000780481
0.000755079
0.000730727
0.000707364
0.000684923
0.000663339
0.000642543
0.000622488
0.000603106
0.000584329
0.000566086
0.000548304
0.000530908
0.000513821
0.000496969
0.000480225
0.000463566
0.000446916
0.000430199
0.000431633
0.000420916
0.000407604
0.000392042
0.00037437
0.000355143
0.000334709
0.000495355
0.000518915
0.000557363
0.000610004
0.000676016
0.000753111
0.000840199
0.000934294
0.00102942
0.0011167
0.00118951
0.00126469
0.0013029
0.00132707
0.00148876
0.00158509
0.00166563
0.0017265
0.00176418
0.00171141
0.00165474
0.00159549
0.00153461
0.00147283
0.0014107
0.00134864
0.00128705
0.00122628
0.00116661
0.0011083
0.00105157
0.000996618
0.000967612
0.000942245
0.000917212
0.000893366
0.000844094
0.000820135
0.000777285
0.000733817
0.00069264
0.000653723
0.000617016
0.000582452
0.000549948
0.000519437
0.000490816
0.000463982
0.000438832
0.00041527
0.000393199
0.000372529
0.000353179
0.000335075
0.000318151
0.000302352
0.000287634
0.000273966
0.000261329
0.000249185
0.000237492
0.000226267
0.000215488
0.000218347
0.000213212
0.000210802
0.000420451
0.000408175
0.000398917
0.000398773
0.000394061
0.000383388
0.000372792
0.00036221
0.000351548
0.000340843
0.000330148
0.000319512
0.000308982
0.000298603
0.000288417
0.000278462
0.000268773
0.000259378
0.000250302
0.000241567
0.000233187
0.000225172
0.000217527
0.000210254
0.000203345
0.000196792
0.000190581
0.000184693
0.000179106
0.000173798
0.000168742
0.000163914
0.000159286
0.000154832
0.000150527
0.000146348
0.000142273
0.000138288
0.000134375
0.000130523
0.000126724
0.000122974
0.000119272
0.000115622
0.000112028
0.000108499
0.000105044
0.000101672
9.83877e-05
9.51574e-05
9.19803e-05
8.88475e-05
8.5744e-05
8.26455e-05
7.96833e-05
7.7044e-05
7.49485e-05
7.35877e-05
7.27622e-05
7.22973e-05
7.19274e-05
7.16169e-05
7.1333e-05
7.10467e-05
7.07369e-05
7.03782e-05
6.99434e-05
6.77867e-05
6.71835e-05
6.93495e-05
7.2314e-05
7.51676e-05
7.77336e-05
7.99656e-05
8.18388e-05
8.33399e-05
8.45474e-05
0.000121642
0.000192464
0.000298153
0.00043917
0.000605305
0.000728279
0.00083659
0.00091994
0.000976215
0.00100339
0.000999611
0.000963146
0.00091819
0.000875675
0.000835474
0.000797451
0.000761481
0.000727441
0.000695219
0.000664714
0.000635827
0.000608471
0.000582563
0.000558027
0.00053479
0.000512786
0.000491948
0.000472215
0.000453528
0.000435831
0.000419069
0.000403189
0.000388141
0.000373877
0.00036035
0.000347517
0.000335334
0.000323765
0.000312774
0.000302326
0.000292393
0.000282945
0.00027397
0.000265441
0.000257332
0.000249346
0.000241487
0.000233692
0.000225924
0.000218147
0.000210376
0.00020252
0.000194448
0.000187114
0.000180393
0.000174302
0.000168835
0.000163975
0.000159594
0.000155693
0.000148932
0.000140536
0.000139091
0.000246114
0.000239686
0.000236325
0.000234517
0.000232659
0.000230659
0.000228513
0.000263308
0.000333528
0.000438914
0.000579484
0.000705834
0.000804769
0.000878291
0.000923975
0.000939658
0.000923326
0.000881065
0.000841024
0.000803115
0.000767226
0.000733243
0.000701047
0.000670527
0.000641575
0.00061409
0.00058798
0.000563155
0.000539537
0.00051705
0.000495629
0.000475212
0.000455744
0.000437176
0.000419464
0.000402567
0.000386451
0.000371084
0.000356439
0.00034249
0.000329215
0.000316592
0.000304602
0.000293226
0.000282446
0.000272243
0.0002626
0.000253497
0.00024491
0.00023679
0.000229105
0.000221819
0.000214895
0.000208531
0.000202677
0.000197319
0.000191862
0.000186718
0.000181739
0.000176888
0.000172182
0.000167477
0.000162887
0.000158401
0.000154004
0.000149685
0.000145437
0.000140943
0.000134673
0.000134333
0.000137636
0.000143177
0.00014983
0.000156929
0.000164251
0.00017164
0.00017854
0.000188665
0.000231246
0.000308003
0.000383151
0.000443888
0.000487478
0.000510503
0.000509886
0.000490573
0.000471712
0.000453368
0.000435573
0.000418345
0.000401693
0.000385619
0.000370124
0.000355205
0.000340859
0.00032708
0.000313862
0.000301196
0.000289074
0.000277487
0.000266425
0.000255875
0.000245827
0.000236266
0.000227179
0.000218553
0.000210372
0.000202621
0.000195286
0.000188351
0.000181801
0.000175621
0.000169797
0.000164315
0.00015916
0.000154322
0.000149788
0.000145548
0.000141592
0.000137925
0.000134531
0.000131157
0.000127761
0.00012441
0.000121075
0.000117729
0.000114353
0.00011093
0.000107447
0.000103889
0.000100243
9.64952e-05
9.26286e-05
8.86085e-05
8.5194e-05
8.22838e-05
7.98764e-05
8.2373e-05
8.30405e-05
8.54233e-05
0.000171747
0.000170355
0.000174873
0.000183397
0.0001941
0.000206088
0.000220358
0.000232019
0.000240512
0.000253622
0.00027201
0.000272665
0.000271744
0.000269517
0.000266198
0.000261974
0.000257007
0.00025144
0.000245399
0.000238994
0.00023232
0.00022546
0.000218484
0.000211455
0.000204424
0.000197434
0.000190522
0.000183719
0.000177047
0.000170527
0.000164176
0.000158006
0.000152026
0.000146244
0.000140664
0.000135291
0.000130128
0.000125176
0.000120437
0.000115913
0.000111604
0.000107512
0.000103637
9.99797e-05
9.65415e-05
9.3323e-05
9.03252e-05
8.75486e-05
8.49878e-05
8.26095e-05
8.04012e-05
7.83468e-05
7.65037e-05
7.47753e-05
7.31613e-05
7.16608e-05
7.02726e-05
6.89951e-05
6.78248e-05
0.000115453
0.000124351
0.000122815
0.000121294
0.000121757
0.000119767
0.000117757
0.000115729
0.000110022
0.000104621
0.000105404
0.00010974
0.000116267
0.00012388
0.000131915
0.000140169
0.000148487
0.000156284
0.000167513
0.000211322
0.000289368
0.000365347
0.000427065
0.000471696
0.000495784
0.000496247
0.000477659
0.000459497
0.000441823
0.000424665
0.000408041
0.000391954
0.000376409
0.000361402
0.000346933
0.000332998
0.000319593
0.000306713
0.000294354
0.000282509
0.000271173
0.000260339
0.00025
0.000240148
0.000230773
0.000221867
0.000213419
0.000205417
0.00019785
0.000190705
0.000183969
0.000177629
0.000171671
0.000166079
0.000160842
0.000155943
0.000151369
