-0.000851331
0.000503921
0.000217024
4.65075e-05
4.57224e-05
-0.00105133
-0.00201938
-0.00203078
-0.00137451
-0.000754817
-0.000406903
-0.00021644
-0.000110988
-5.32618e-05
-2.16107e-05
-4.37737e-06
4.75193e-06
9.2947e-06
1.12167e-05
1.16325e-05
1.11889e-05
1.04625e-05
9.3247e-06
8.56679e-06
7.41299e-06
6.65049e-06
5.78601e-06
5.13145e-06
4.71125e-06
4.53262e-06
4.5884e-06
4.85907e-06
5.31554e-06
6.84846e-06
1.42267e-05
1.2239e-05
1.16616e-05
1.1827e-05
1.23575e-05
1.30277e-05
1.37016e-05
1.42955e-05
1.47576e-05
1.50569e-05
1.51774e-05
1.51147e-05
1.4874e-05
1.44683e-05
1.3917e-05
1.32473e-05
1.24874e-05
1.16666e-05
1.08153e-05
9.96527e-06
9.14828e-06
8.38097e-06
7.67429e-06
7.10952e-06
6.68756e-06
6.39936e-06
6.24674e-06
6.22935e-06
6.34129e-06
6.57139e-06
6.90383e-06
7.31885e-06
7.97725e-06
8.40544e-06
8.87892e-06
9.35583e-06
0.00798731
0.0148196
0.0190128
0.0200458
0.0178543
0.015107
0.0130252
0.0114141
0.0103909
0.00949851
0.00870455
0.00798912
0.00733927
0.00674604
0.00620289
0.00570465
0.00524709
0.00482659
0.00443997
0.00408436
0.00375721
0.0034562
0.00317921
0.0029243
0.00268971
0.00247381
0.00227512
0.00209226
0.00192399
0.00176916
0.00162671
0.00149567
0.00137516
0.00126434
0.00116246
0.00106882
0.000982768
0.000903706
0.000831078
0.000764368
0.000703099
0.000646826
0.000595185
0.000547793
0.000504278
0.000464302
0.00042756
0.000393773
0.000362688
0.000334074
0.000183989
0.000101711
5.44464e-05
0.000547913
0.000875364
0.00105758
0.00113339
0.00113218
0.000927462
0.000879706
0.000481751
0.000243209
0.000108588
3.7521e-05
4.30626e-06
-6.57419e-06
-5.99453e-06
-5.69561e-06
-5.52078e-06
-5.38646e-06
0.0160111
0.028076
0.0378158
0.0441734
0.0472494
0.0470489
0.0436177
0.0370094
0.0286022
0.021872
0.0170925
0.0144189
0.0129448
0.011728
0.011066
0.0105788
0.010033
0.00939506
0.00873342
0.00808367
0.00746341
0.00688049
0.00633752
0.00583437
0.00536955
0.00494091
0.00454607
0.00418259
0.00384812
0.00354041
0.00325737
0.00299704
0.00275762
0.00253743
0.00233493
0.00214871
0.00197745
0.00181995
0.0016751
0.00154189
0.00141938
0.0013067
0.00120306
0.00110774
0.00102005
0.000939375
0.000865141
0.000796807
0.000733845
0.000676054
0.000855846
0.00137743
0.00114359
0.000628151
0.000342765
0.000184917
9.77785e-05
4.97954e-05
2.35495e-05
9.38601e-06
1.95054e-06
-1.21727e-06
-2.44503e-06
-2.58392e-06
-2.11124e-06
-1.29666e-06
-2.94536e-07
8.04772e-07
1.94646e-06
3.09543e-06
0.016123
0.0262198
0.0319491
0.0337333
0.0317146
0.0280985
0.0250313
0.0224192
0.0201573
0.0181647
0.0163846
0.0147779
0.0133176
0.0119845
0.0107652
0.0096666
0.00852254
0.007563
0.00673006
0.00598536
0.0052931
0.0051035
0.00524375
0.00522412
0.00502605
0.00474477
0.00443154
0.00411328
0.00380393
0.00351019
0.00323486
0.00297871
0.00274141
0.00252209
0.00231967
0.00213361
0.00182567
0.00163378
0.00152438
0.001454
0.00136634
0.00127313
0.00118053
0.00109162
0.00100781
0.00149472
0.00147537
0.00112686
0.000906888
0.000760055
0.000405825
0.000266456
0.000132293
5.7494e-05
1.59325e-05
-7.03291e-06
-1.95809e-05
-2.62758e-05
-2.96649e-05
-3.11711e-05
-3.15901e-05
-3.13657e-05
-3.07446e-05
-2.98643e-05
-2.88018e-05
-2.82986e-05
0.000486851
0.00103291
0.00157082
0.0020897
0.0135998
0.023858
0.0304067
0.0335008
0.0332515
0.0297046
0.0260673
0.0230929
0.0206673
0.0186246
0.0168604
0.0153098
0.0139324
0.0126965
0.0115816
0.0105741
0.00966357
0.00884137
0.00809978
0.00743145
0.00683224
0.00629774
0.00582364
0.00540589
0.00504071
0.00472463
0.0044315
0.00412127
0.00381391
0.00351931
0.00324195
0.00298347
0.00274399
0.00252291
0.00231927
0.00213194
0.00195979
0.00180172
0.00165747
0.00159143
0.00144149
0.00131605
0.00120726
0.00111072
0.00102385
0.000945022
0.000873134
0.000807416
0.000747199
0.000691872
0.000389808
0.000225462
0.000133757
8.31264e-05
4.16619e-05
3.05166e-05
2.36787e-05
1.91578e-05
1.58439e-05
1.31213e-05
1.06522e-05
8.25521e-06
5.8369e-06
3.35177e-06
7.8096e-07
-1.87989e-06
-4.62733e-06
-7.45382e-06
-1.03499e-05
-1.33054e-05
0.0162656
0.0265028
0.0323947
0.034279
0.0322834
0.0285109
0.0253318
0.0226356
0.0203199
0.0182916
0.0164853
0.0148445
0.0133452
0.0119783
0.0107307
0.00958756
0.00853813
0.00758051
0.00672154
0.00595137
0.00525534
0.00462371
0.00404953
0.00352743
0.00305294
0.00262217
0.00223163
0.00187815
0.0015588
0.00127087
0.00101182
0.000779271
0.000571021
0.000384947
0.000218983
7.10496e-05
-6.10613e-05
0.000674584
0.000461671
0.000767655
0.000970276
0.00103901
0.00103796
0.0010019
0.000949577
0.000890925
0.00083113
0.000772931
0.000717648
0.000665837
0.000366327
0.000203912
0.000113087
6.24256e-05
3.42224e-05
1.85662e-05
9.92688e-06
5.22181e-06
2.73228e-06
1.50822e-06
8.38684e-07
4.63862e-07
2.63977e-07
1.68179e-07
1.33688e-07
1.33909e-07
1.51801e-07
1.76162e-07
1.99529e-07
2.17002e-07
0.0162489
0.0271155
0.0340899
0.0375603
0.0376657
0.0344923
0.0288573
0.0246036
0.0217423
0.0194907
0.01764
0.0160681
0.0147085
0.013517
0.012466
0.0115117
0.0106136
0.0097763
0.00900003
0.00828263
0.00762089
0.00701119
0.00644982
0.00593314
0.00545774
0.00502036
0.00461803
0.00424794
0.00390754
0.00359446
0.00330651
0.0030417
0.00279816
0.00257421
0.00236827
0.0021789
0.00200477
0.00184468
0.00169754
0.00151217
0.00140469
0.00130516
0.00120823
0.00111615
0.00102988
0.000949704
0.000875534
0.000807116
0.000744115
0.000686167
0.000381556
0.000214798
0.000282149
0.000155192
8.43928e-05
4.49236e-05
2.29424e-05
1.07421e-05
4.03093e-06
4.16999e-07
-1.43472e-06
-2.27057e-06
-2.5093e-06
-2.4199e-06
-2.21927e-06
-2.05866e-06
-1.92294e-06
-1.80101e-06
-1.69325e-06
-1.58566e-06
0.0162533
0.0264386
0.0322208
0.0340423
0.0320503
0.0281379
0.0252901
0.0229316
0.0209313
0.0191907
0.0176276
0.0162009
0.0148949
0.013697
0.0125971
0.0115864
0.0106574
0.00980325
0.00901773
0.0082953
0.00763087
0.00701976
0.00645768
0.00594068
0.00546514
0.00502775
0.00462544
0.00425539
0.00391504
0.003602
0.00331407
0.00304926
0.00280571
0.00258172
0.00237572
0.00218628
0.00201197
0.0018516
0.00170408
0.00156839
0.00144359
0.00132881
0.00122325
0.00112617
0.00103688
0.000954773
0.000879257
0.000809804
0.000745925
0.00068717
0.000381775
0.000567944
0.000484389
0.000266131
0.000145025
7.7903e-05
4.07815e-05
2.03534e-05
9.23376e-06
3.32207e-06
3.3894e-07
-9.8412e-07
-1.36003e-06
-1.19367e-06
-7.38583e-07
-3.31075e-07
6.98064e-08
4.10058e-07
6.73471e-07
8.91553e-07
0.0162511
0.0271539
0.0341814
0.0377196
0.0379142
0.0348356
0.0290471
0.0246433
0.0217664
0.0194991
0.0176349
0.0160543
0.0146859
0.0134857
0.0124254
0.0114863
0.0105992
0.0097679
0.00899493
0.00827935
0.00761864
0.00700954
0.00644855
0.00593214
0.00545696
0.00501978
0.00461764
0.00424775
0.00390755
0.00359468
0.00330696
0.00304238
0.00279909
0.00257534
0.00236952
0.00218021
0.00200612
0.00184604
0.00169884
0.00156351
0.00143909
0.00132471
0.00121958
0.00112295
0.00103414
0.000952536
0.000877524
0.000808645
0.000744818
0.00120168
0.00116604
0.00118669
0.000653009
0.000356206
0.000191177
9.94213e-05
4.84476e-05
2.02083e-05
4.67413e-06
-3.73191e-06
-8.11384e-06
-1.01998e-05
-1.09529e-05
-1.09114e-05
-1.03815e-05
-9.53352e-06
-8.53591e-06
-7.41241e-06
-6.18309e-06
-4.85596e-06
0.0162576
0.0264354
0.032205
0.0339978
0.0319596
0.0283188
0.0252632
0.0226908
0.0204873
0.0185647
0.0168618
0.0153365
0.0139593
0.0127083
0.011565
0.0110101
0.0101948
0.00953779
0.00886209
0.00820126
0.00757195
0.00698057
0.00642973
0.00591932
0.00544781
0.00501303
0.00461254
0.00424388
0.00390466
0.00359258
0.00330553
0.00304152
0.00279873
0.00257547
0.00237016
0.00218139
0.00200782
0.00184825
0.00170154
0.00156667
0.0014427
0.00132873
0.00122398
0.0011277
0.00103921
0.000957873
0.000883115
0.0008144
0.000751238
0.000693176
0.000388445
0.000221531
0.000126223
7.20404e-05
4.13158e-05
2.39146e-05
1.40586e-05
8.46518e-06
5.27431e-06
3.43379e-06
2.34951e-06
1.68675e-06
1.25745e-06
9.56157e-07
7.66891e-07
5.68108e-07
-4.59531e-05
-2.53333e-05
-1.4044e-05
-7.88759e-06
0.0161828
0.0269706
0.0338688
0.0372665
0.0373106
0.0340745
0.0286296
0.0246121
0.0216558
0.0194294
0.0175978
0.0160439
0.0146986
0.0135191
0.0124778
0.0115186
0.0106182
0.00975442
0.00898915
0.00827784
0.0076195
0.00701172
0.00645145
0.00593544
0.00546044
0.00502333
0.00462116
0.0042512
0.00391087
0.00359783
0.00330989
0.00304504
0.00280145
0.0025774
0.00237133
0.00218181
0.00200751
0.0018472
0.00169975
0.00156416
0.00143948
0.00132486
0.0012195
0.00112262
0.00103356
0.000951681
0.000876425
0.000807261
0.000743706
0.000685313
0.000380319
0.000213213
0.000119105
6.62903e-05
3.67066e-05
2.01539e-05
1.08989e-05
5.72721e-06
2.83899e-06
1.22693e-06
3.27456e-07
-1.74768e-07
-4.56207e-07
-6.15538e-07
-7.07879e-07
-7.63893e-07
-8.00468e-07
-8.26736e-07
-8.47405e-07
-8.64668e-07
0.0162525
0.029868
0.0378576
0.0469338
0.0560051
0.061702
0.0638999
0.0624557
0.0573336
0.0485754
0.036279
0.0256346
0.0175403
0.0122833
0.00996282
0.0101469
0.00987512
0.00938251
0.00879603
0.0081831
0.00757894
0.00700116
0.00645772
0.0059509
0.00506824
0.00442456
0.00392811
0.00352241
0.00317883
0.00288352
0.00262956
0.00241319
0.00225381
0.00214418
0.00207942
0.00201798
0.00191551
0.00179606
0.00167206
0.0015502
0.00143388
0.00132461
0.0012229
0.00112874
0.00104185
0.000961828
0.000888215
0.000820558
0.000758409
0.000701344
0.000397614
0.000231718
0.000134254
7.73713e-05
4.43461e-05
2.52664e-05
1.43087e-05
8.07004e-06
4.56805e-06
2.6486e-06
1.64433e-06
1.16747e-06
9.91816e-07
9.84765e-07
1.06786e-06
1.19435e-06
1.41809e-06
1.5931e-06
1.72818e-06
1.82808e-06
0.0162508
0.0297878
0.040658
0.048377
0.0521361
0.0569312
0.0596422
0.0671557
0.0719726
0.0738903
0.0728499
0.0688677
0.0619908
0.0522275
0.0411709
0.0314206
0.0229226
0.0166521
0.0128072
0.010472
0.00891485
0.00747984
0.00656139
0.0058448
0.00526845
0.00479673
0.00455067
0.00426267
0.00396364
0.00366967
0.00338875
0.00312449
0.00287807
0.0026495
0.00243815
0.0022431
0.00206331
0.00189771
0.00174527
0.00154672
0.00137811
0.00123796
0.00111554
0.00107291
0.000955881
0.000906752
0.000855348
0.000798393
0.000740744
0.000684877
0.000380624
0.000213345
0.000118626
6.52393e-05
3.52343e-05
1.83977e-05
8.95376e-06
3.64866e-06
6.54842e-07
-1.051e-06
-2.04004e-06
-2.62921e-06
-2.99197e-06
-3.22232e-06
-3.3701e-06
-3.46106e-06
-1.75205e-06
-2.58858e-06
-3.05512e-06
-3.31362e-06
0.0162602
0.0264232
0.0312597
0.0330626
0.0310257
0.0278107
0.0251595
0.022917
0.0209669
0.019224
0.017649
0.0162157
0.0149059
0.0137059
0.0126047
0.0115932
0.0106637
0.00980907
0.00902321
0.00830047
0.00763574
0.00702432
0.00646193
0.00594462
0.00546879
0.00503111
0.00462852
0.00425823
0.00391764
0.00360437
0.00331625
0.00305127
0.00280756
0.00258343
0.00237731
0.00218775
0.00201344
0.00185314
0.00170574
0.00157019
0.00144555
0.00133094
0.00122556
0.00112866
0.00103957
0.000957648
0.000882332
0.000813087
0.000749425
0.000690897
0.000385738
0.000218434
0.000123565
6.99796e-05
3.97814e-05
2.27853e-05
1.32259e-05
7.84967e-06
7.85094e-06
4.28752e-05
2.40962e-05
1.37688e-05
8.08944e-06
4.96017e-06
3.92517e-06
3.20124e-06
2.61728e-06
2.30212e-06
1.76066e-06
1.46739e-06
0.0162503
0.0311689
0.0417989
0.0492836
0.0535204
0.0545363
0.052366
0.047057
0.0386666
0.0289662
0.0209182
0.0149159
0.0111152
0.00958913
0.00992958
0.00978641
0.00935163
0.00881083
0.0082469
0.00770337
0.00720211
0.00675323
0.00630367
0.00584881
0.00540771
0.00498951
0.00459802
0.0042342
0.00389752
0.00358676
0.00330035
0.00303662
0.00279391
0.00257062
0.00236524
0.00217636
0.00200267
0.00184296
0.00169611
0.00156109
0.00143695
0.00132283
0.00121791
0.00112146
0.00103279
0.000951293
0.00087638
0.000807527
0.000744249
0.000686099
0.000381317
0.000214394
0.000120064
6.69341e-05
3.70592e-05
2.03069e-05
1.09166e-05
5.66124e-06
2.7246e-06
1.08355e-06
1.52298e-07
-3.9099e-07
-7.36279e-07
-9.64905e-07
-1.10445e-06
-1.17974e-06
-1.20986e-06
-1.21118e-06
-1.2027e-06
-1.19154e-06
0.0162533
0.0311757
0.0421319
0.0509879
0.0563165
0.0579902
0.0559751
0.0503313
0.0411085
0.0303114
0.0215184
0.0152629
0.0117519
0.0110735
0.0108253
0.0103273
0.00972323
0.00909918
0.0084999
0.00794782
0.00743575
0.00690856
0.00639274
0.00590132
0.00543998
0.00501052
0.0046127
0.00424527
0.00390648
0.00359442
0.00330716
0.00304283
0.00279966
0.00257597
0.00237024
0.00218103
0.00200702
0.00184699
0.00169984
0.00156452
0.0014401
0.0013257
0.00122052
0.00112383
0.00103494
0.000953243
0.000878156
0.000809152
0.000745745
0.000687488
0.000382617
0.000215621
0.000121254
6.81255e-05
3.82801e-05
2.15372e-05
1.21606e-05
6.91519e-06
5.46703e-06
3.15661e-06
1.87286e-06
1.15782e-06
7.58328e-07
5.33702e-07
1.9545e-07
4.94473e-08
-4.73469e-08
-5.09825e-08
-5.42682e-08
-8.7848e-08
0.0162526
0.0299306
0.0400811
0.0472592
0.051231
0.0519627
0.0494953
0.0438928
0.0352151
0.0270703
0.0207879
0.0166141
0.0146535
0.0133934
0.0122795
0.0112892
0.0104091
0.00962896
0.00892361
0.00824512
0.00760469
0.00700659
0.00645148
0.00593813
0.00546442
0.00502785
0.00462582
0.00425577
0.00391525
0.00360197
0.00331377
0.00304866
0.00280482
0.00258055
0.00237428
0.00218458
0.00201012
0.00184969
0.00170217
0.00156651
0.00144178
0.0013271
0.00122167
0.00112475
0.00103566
0.000953775
0.000878516
0.000809355
0.000745807
0.000687424
0.000382441
0.000215349
0.000120763
6.74131e-05
5.10527e-05
2.80477e-05
1.52e-05
8.03e-06
4.03384e-06
1.80969e-06
5.73302e-07
-1.1422e-07
-4.98746e-07
-7.18292e-07
-8.50647e-07
-9.40024e-07
-1.0122e-06
-1.0655e-06
-1.09521e-06
-1.10297e-06
0.0162534
0.029919
0.040053
0.0490052
0.0544797
0.0563085
0.0544491
0.0489491
0.0398718
0.0298376
0.0219082
0.0165759
0.0140099
0.0131849
0.0123234
0.011444
0.0105871
0.00977241
0.00900831
0.00829732
0.00763879
0.00703051
0.00646956
0.00595276
0.0054769
0.0050389
0.00463583
0.00426497
0.00392376
0.00360986
0.00332109
0.00305545
0.0028111
0.00258635
0.00237961
0.00218947
0.00201459
0.00185376
0.00170585
0.00156984
0.00144477
0.00132976
0.00122403
0.00112682
0.00103746
0.000955321
0.000879822
0.000810436
0.000746673
0.000688085
0.000382905
0.00021562
0.000121079
6.7851e-05
3.79483e-05
2.11229e-05
1.16519e-05
6.31652e-06
3.31351e-06
1.63531e-06
7.21372e-07
2.62094e-07
-0.000129078
-9.94359e-05
-5.48599e-05
-3.03298e-05
-2.34772e-05
-1.30587e-05
-7.32443e-06
-4.5045e-06
0.0162559
0.0299432
0.0400923
0.0472653
0.0512319
0.0519585
0.0494854
0.0438773
0.0351941
0.0270589
0.0207876
0.0166254
0.0146765
0.0134061
0.0122863
0.0112925
0.0104104
0.00962906
0.00892375
0.00824529
0.00760488
0.0070068
0.00645171
0.00593838
0.00546468
0.00502813
0.00462611
0.00425607
0.00391556
0.00360227
0.00331408
0.00304897
0.00280513
0.00258085
0.00237458
0.00218488
0.00201042
0.00184998
0.00170245
0.0015668
0.00144207
0.00132739
0.00122197
0.00112505
0.00103597
0.000954098
0.000878855
0.000809713
0.000746185
