-0.0872242
-0.0825432
-0.0765722
-0.0710406
-0.0667223
-0.0619203
-0.05747
-0.0533243
-0.049495
-0.0459259
-0.0426252
-0.039555
-0.03671
-0.0340674
-0.031615
-0.0293388
-0.0272263
-0.0252656
-0.023446
-0.0217574
-0.0201902
-0.0187359
-0.0173863
-0.0161337
-0.0149715
-0.0138929
-0.0128915
-0.0119622
-0.0111
-0.0102998
-0.00955738
-0.0088684
-0.00822904
-0.007638
-0.00708893
-0.00657902
-0.00610585
-0.00566673
-0.00525916
-0.00488085
-0.00452967
-0.00420367
-0.00390102
-0.00362004
-0.00335918
-0.00311699
-0.00289214
-0.00268339
-0.00248961
-0.00230974
-0.00214279
-0.00198786
-0.0018441
-0.00171072
-0.001587
-0.00147224
-0.00136577
-0.00126709
-0.00117563
-0.00109087
-0.00101232
-0.000939536
-0.000872088
-0.000809587
-0.000751666
-0.00069798
-0.000648227
-0.000602061
-0.000559244
-0.000519518
-0.000483096
-0.000452624
-0.000646952
-0.000610672
-0.000579552
-0.000550724
-0.000145736
0.000428531
0.000387862
0.00035079
0.000316978
0.00028613
0.000257979
0.000232283
0.000208821
0.00018739
0.000167805
0.000149897
0.000133455
0.000118392
0.000104605
9.19801e-05
8.04172e-05
6.98263e-05
6.01277e-05
5.1358e-05
4.33269e-05
3.59895e-05
2.93066e-05
2.3233e-05
1.7728e-05
1.27538e-05
8.27563e-06
4.26045e-06
6.76395e-07
-2.50749e-06
-5.32164e-06
-7.79596e-06
-9.9599e-06
-1.18424e-05
-1.34719e-05
-1.4876e-05
-1.60783e-05
-1.71201e-05
-1.80243e-05
-1.88119e-05
-1.95025e-05
-2.01135e-05
-2.06603e-05
-2.1156e-05
-2.16114e-05
-2.20101e-05
-2.26699e-05
-1.86023e-05
-1.47461e-05
-1.1091e-05
-7.5289e-06
-3.97709e-06
-2.09156e-06
-2.68525e-06
-2.94451e-06
4.89281e-05
0.000105916
0.000150556
0.000175958
0.000179409
0.000164722
0.000150897
0.000137855
0.000125533
0.000113349
0.0001039
-0.00139382
-0.00314325
-0.00446059
-0.00547751
-0.00627591
-0.00686137
-0.00634759
-0.00529811
-0.00353381
-0.00111934
0.00125944
0.00329504
0.00402493
0.003976
0.00369386
0.00343067
0.00318638
0.00295963
0.00274914
0.00255361
0.00237199
0.00220331
0.00204666
0.00190118
0.0017661
0.00164069
0.00152426
0.00141619
0.00131588
0.00122279
0.00113642
0.00105628
0.000981944
0.000912996
0.000849055
0.000789765
0.000734797
0.000683842
0.000636615
0.000592851
0.000552303
0.000514742
0.000479955
0.000447744
0.000417927
0.000390332
0.000364804
0.000341063
0.000319001
0.00029757
0.000278298
0.000260529
0.000243545
0.000227307
0.000211852
0.000197216
0.000183366
0.000170263
0.00015787
0.000145245
0.000133326
0.000122076
0.000111458
0.000101435
9.19741e-05
8.30425e-05
7.46091e-05
6.66438e-05
5.91517e-05
-0.000204831
-0.000323844
-0.000308763
-0.00029615
-0.000284761
0.000286846
0.00117042
0.00225312
0.00347494
0.00479891
0.00619923
0.00765601
0.00915239
0.0106714
0.0121514
0.0139753
0.0156445
0.0171756
0.018596
0.0199649
0.0200715
0.0189119
0.0175468
0.0162799
0.0151042
0.0140131
0.0130006
0.012061
0.0111891
0.01038
0.00962929
0.00893266
0.00828627
0.0076865
0.00713006
0.00698849
0.00674574
0.00637373
0.005912
0.00548356
0.00508599
0.00471705
0.00437464
0.00405684
0.00376264
0.00348957
0.00323624
0.00300151
0.00278398
0.00258236
0.00239569
0.00222237
0.00206158
0.00191246
0.0017742
0.00164602
0.00152721
0.00141712
0.00131511
0.00122062
0.00113311
0.00105207
0.000977039
0.000907585
0.000843145
0.000783933
0.000729098
0.000678339
0.000631335
0.00488852
0.00454157
0.00422049
0.00392329
0.003648
0.00339337
0.0035373
0.00411725
0.00480943
0.00555003
0.00629997
0.00703117
0.0077182
0.00835254
0.0089257
0.00942738
0.00984859
0.0101817
0.0104208
0.0105629
0.0106
0.0105257
0.0103342
0.0100206
0.00958074
0.00901073
0.00836827
0.00777185
0.00721821
0.00670427
0.00622722
0.00578442
0.00537341
0.00499194
0.00463787
0.00430927
0.00400429
0.00372126
0.00345842
0.00242413
0.00225494
0.00209797
0.00195233
0.00181724
0.00169192
0.0015757
0.00146793
0.00136784
0.00127504
0.00118902
0.00110932
0.00103547
0.000967193
0.000904072
0.000844971
0.000789791
0.00073833
0.000690324
0.000645529
0.000603722
0.000564692
0.000528247
0.000494208
0.000462409
0.000432696
0.000404927
0.00037897
0.000354704
0.000332016
0.000310799
0.000290958
-0.000521302
-0.00172852
-0.0024459
-0.00276095
-0.00256282
-0.00177489
-0.000652401
0.000654404
0.00208413
0.00360271
0.00521939
0.00691509
0.00865176
0.0104063
0.0121683
0.0139279
0.0156584
0.0173083
0.0188589
0.0203116
0.0216677
0.0229276
0.0240919
0.0251613
0.0261368
0.0270196
0.0278111
0.0285133
0.0291281
0.029658
0.0301057
0.0304742
0.030767
0.0309879
0.0311416
0.0312338
0.0289903
0.0277843
0.0260072
0.0241383
0.0224035
0.020793
0.0192981
0.0179104
0.0166222
0.0154264
0.0143164
0.013286
0.0123295
0.0114416
0.0106174
0.00985227
0.00914202
0.00848268
0.00787059
0.00730236
0.00677482
0.00628505
0.00583029
0.00540851
0.00501718
0.00465412
0.0043173
0.00400483
0.00371495
0.00344605
0.00319661
0.00296523
0.00275062
0.0025516
0.00202446
0.00164878
0.00143542
0.00132065
0.00118373
0.00109997
0.00129594
0.00158581
0.00187366
0.00213013
0.00233473
0.00245625
0.00247578
0.00237518
0.00220465
0.00204644
0.00189969
0.00176358
0.00163734
0.00152026
0.00141168
0.00131099
0.00121762
0.00113104
0.00105078
0.000976384
0.000907425
0.000843519
0.000784307
0.000729455
0.000678653
0.000631611
0.000588064
0.000547762
0.000510474
0.000475987
0.000444101
0.000414498
0.000521916
0.000501584
0.000467891
0.000436634
0.000407639
0.000380747
0.000355808
0.000332684
0.000311248
0.00029138
0.000272971
0.000255919
0.000240132
0.00022505
0.000210956
0.000197756
0.000185369
0.000173733
0.000162792
0.000152497
0.000142802
0.000133667
0.000125053
0.000116925
0.000109267
0.000102031
9.51887e-05
8.87137e-05
8.25824e-05
7.68305e-05
7.1434e-05
6.63558e-05
-0.000176009
-0.000248426
-0.000231047
-0.000215061
-5.22484e-06
0.000165334
0.000322734
0.000403247
0.000401735
0.000372329
0.000344995
0.00031958
0.000295943
0.000273948
0.00025347
0.000234394
0.000216612
0.000200026
0.000184551
0.00017011
0.000156627
0.000144029
0.000132251
0.000121231
0.000110911
0.000101239
9.21664e-05
8.36466e-05
7.56376e-05
6.80996e-05
6.09956e-05
5.42909e-05
4.79529e-05
4.195e-05
3.62499e-05
3.09468e-05
2.60173e-05
2.14311e-05
1.716e-05
1.31779e-05
9.45991e-06
5.98328e-06
2.72703e-06
-3.28058e-07
-3.20014e-06
-5.9054e-06
-8.45885e-06
-1.08741e-05
-1.31635e-05
-1.53386e-05
-1.66995e-05
-1.77778e-05
-1.86625e-05
-1.93524e-05
-1.98268e-05
-2.00864e-05
-2.01409e-05
-2.00042e-05
-1.96912e-05
-1.92168e-05
-1.85958e-05
-1.78425e-05
-1.69701e-05
-1.59898e-05
-1.49139e-05
-1.37998e-05
-1.26665e-05
-1.15184e-05
-1.036e-05
-9.23092e-06
-0.000287025
-0.000394261
-0.000365051
-0.00033781
-0.000312402
-0.000288708
-6.10009e-05
0.000321231
0.000712914
0.00107827
0.00138761
0.00161692
0.00174662
0.00176051
0.00164274
0.0015266
0.00141889
0.00131904
0.00122646
0.00114064
0.00106111
0.0009874
0.00091911
0.000855849
0.000797261
0.000743013
0.000692797
0.000646327
0.000603338
0.000563583
0.000526835
0.000492884
0.000461392
0.000432174
0.000405072
0.000379938
0.000356635
0.000335035
0.00031502
0.000296482
0.000279318
0.000263434
0.000248743
0.000235163
0.000222619
0.000211039
0.000200339
0.000190453
0.00018063
0.000171191
0.000162197
0.000153769
0.000145893
0.00013847
0.000131444
0.000124778
0.000118443
0.000112417
0.000106682
0.000101222
9.60211e-05
9.10672e-05
8.63482e-05
8.18527e-05
7.75703e-05
7.349e-05
6.9603e-05
6.59e-05
6.23736e-05
5.88564e-05
-0.00018434
-0.000285651
-0.00026424
-0.000244414
-0.00022608
0.000260545
0.000959114
0.00175817
0.00260214
0.00345956
0.00431095
0.00514402
0.00595243
0.00673823
0.00625553
0.00579598
0.00538065
0.00499502
0.00463698
0.00430452
0.00399583
0.00370918
0.00344301
0.00319583
0.00296628
0.0027531
0.00255511
0.00237121
0.00220042
0.0020418
0.00189446
0.0017576
0.00163048
0.00151239
0.00140269
0.00130077
0.00120609
0.00111812
0.00103638
0.000960419
0.000889828
0.000824217
0.000763227
0.000706524
0.000653797
0.000604758
0.000559137
0.000516686
0.000477172
0.000440381
0.000406108
0.000374127
0.000344274
0.000316393
0.000290335
0.000265962
0.000243143
0.000221758
0.000201696
0.000182852
0.000165129
0.000148438
0.000132695
0.000117821
0.000103986
0.000214425
0.00019319
0.00017331
0.000154665
0.000319168
0.00011674
0.000102941
9.0309e-05
7.87338e-05
6.81262e-05
5.84143e-05
0.000270236
0.000862878
0.00123615
0.00155836
0.00180456
0.00195363
0.0019878
0.00189291
0.00175315
0.00162341
0.00157099
0.001455
0.00134753
0.00124795
0.00115571
0.00107027
0.00099114
0.00091787
0.000850037
0.000787248
0.00072914
0.000675375
0.00062564
0.000579643
0.000537114
0.000497802
0.000461472
0.00042791
0.000396913
0.000368297
0.000341888
0.000317505
0.000294999
0.000274236
0.000255079
0.000237406
0.00022111
0.000206094
0.000192267
0.000179545
0.000167851
0.000157113
0.000147265
0.000138244
0.000129998
0.000122531
0.000115778
0.000109688
0.000104218
9.93283e-05
9.49859e-05
9.1159e-05
8.78182e-05
8.49363e-05
8.24878e-05
8.04497e-05
7.88001e-05
7.75188e-05
7.65867e-05
7.59866e-05
7.5702e-05
7.57182e-05
7.60212e-05
7.66079e-05
7.7587e-05
7.85034e-05
7.97857e-05
-0.00253286
-0.0062374
-0.00932223
-0.011799
-0.0138303
-0.0155158
-0.0171272
-0.0158868
-0.014736
-0.0136683
-0.0126779
-0.0117592
-0.0109068
-0.0101161
-0.00938277
-0.00870235
-0.00807126
-0.00748586
-0.00694288
-0.00643904
-0.00488351
-0.00348952
-0.0022512
-0.00114928
-0.00017475
0.000673491
0.00139235
0.0019768
0.00236371
0.00253981
0.00249353
0.00231659
0.0021522
0.00199947
0.00185758
0.00172577
0.00160331
0.00148955
0.00138385
0.00128564
0.00119439
0.0011096
0.0010308
0.000957556
0.000889478
0.00082619
0.000767347
0.000712623
0.000661686
0.000614269
0.000570114
0.000528979
0.000490638
0.000454879
0.00042152
0.000390377
0.000361282
0.000334073
0.000308606
0.000284746
0.000262366
0.000241351
0.000221595
0.000203002
0.000185481
0.00016895
0.00015342
0.000138685
0.000124866
0.00011198
0.000100049
8.87276e-05
7.79172e-05
-0.00868608
-0.0175198
-0.026111
-0.0346664
-0.0432867
-0.0514045
-0.0591865
-0.0654393
-0.0665345
-0.0635644
-0.0590009
-0.0546524
-0.0507264
-0.0470816
-0.0428243
-0.0391473
-0.0357394
-0.0326145
-0.0297845
-0.0276414
-0.0256525
-0.0238068
-0.022094
-0.0205046
-0.0190298
-0.0176612
-0.0163913
-0.015213
-0.0141197
-0.0131052
-0.0121638
-0.0112903
-0.0103248
-0.00941023
-0.00856391
-0.00777607
-0.00721811
-0.0065502
-0.00606188
-0.00562678
-0.00522278
-0.00484762
-0.00449922
-0.00417566
-0.00387516
-0.00359604
-0.0033368
-0.00309602
-0.00287239
-0.00266472
-0.00247186
-0.00229279
-0.00212652
-0.00197217
-0.00182887
-0.00169586
-0.00157239
-0.00145778
-0.00135138
-0.00125292
-0.00116176
-0.00107737
-0.000999241
-0.000926875
-0.00107822
-0.00100051
-0.00162853
-0.00242094
-0.00224743
-0.00203358
-0.00185671
-0.00172372
-0.00160024
-0.00148554
-0.00137895
-0.00127988
-0.0011878
-0.00110223
-0.00102269
-0.00094878
-0.000880109
-0.000816322
-0.00075709
-0.000702111
-0.000651101
-0.000603796
-0.000559952
-0.000519337
-0.000481736
-0.000446945
-0.000414769
-0.000385025
-0.000357539
-0.000332145
-0.000308686
-0.000287013
-0.000266983
-0.000248466
-0.000231334
-0.000215474
-0.000200776
-0.000187141
-0.000174477
-0.000162704
-0.000151747
-0.000141539
-0.000132024
-0.000123149
-0.000114871
-0.000107154
-9.99651e-05
-9.32789e-05
-8.70733e-05
-8.13301e-05
-7.60383e-05
-7.1218e-05
-6.68531e-05
-6.29334e-05
-5.94521e-05
-5.64063e-05
-5.36435e-05
-5.05692e-05
-4.75105e-05
-4.45142e-05
-4.1587e-05
-3.87495e-05
-3.6143e-05
-3.3783e-05
-3.16582e-05
-2.97376e-05
-2.79893e-05
-2.63865e-05
-2.4904e-05
-2.35096e-05
-0.000700145
-0.00140918
-0.00171413
-0.00170308
-0.00167179
-0.00162501
-0.00156491
-0.00149252
-0.00138463
-0.00108083
-0.000594595
7.87096e-05
0.000939648
0.00192776
0.00265055
0.00327783
0.00375093
0.00405988
0.00419523
0.00414847
0.00391195
0.00363066
0.00336954
0.00312714
0.0029021
0.00269319
0.00249926
0.00231923
0.00215212
0.00199702
0.00185307
0.00171947
0.00159551
0.0014805
0.00137381
0.00127485
0.00118307
0.00109796
0.00101905
0.000945882
0.000878058
0.000815183
0.000756897
0.000702864
0.000652768
0.000606317
0.000563237
0.000523275
0.000486195
0.000451781
0.000419836
0.000390208
0.000362725
0.000337229
0.000313169
0.000290603
0.000269431
0.000249556
0.000230885
0.000213662
0.000197569
0.000182337
0.000168547
0.000155845
0.000144169
0.000133454
0.000123637
0.000114643
0.00010642
9.89276e-05
-0.000575703
-0.000533838
-0.00151645
-0.00240159
-0.00283359
-0.00290256
-0.0029469
-0.00297737
-0.00276329
-0.00235281
-0.00175671
-0.000978189
-1.89745e-05
0.000837782
0.00151905
0.00203915
0.00238654
0.0025511
0.00252361
0.00234213
0.00217365
0.00201722
0.00187199
0.00173716
0.00161199
0.0014958
0.00138795
0.00128785
0.00119495
0.00110876
0.00102879
0.000954608
0.000885805
0.000821999
0.000762834
0.000707977
0.00065712
0.00060997
0.000566259
0.000525732
0.000488153
0.000453302
0.000420973
0.000390976
0.000363132
0.000337278
0.000313262
0.000290944
0.000270194
0.000250897
0.000232942
0.000216204
0.000200596
0.000186035
0.000172443
0.000159948
0.000148424
0.000137795
0.000127693
0.000118376
0.000109669
0.000101513
9.39514e-05
8.70402e-05
8.0884e-05
7.52173e-05
6.99155e-05
6.50266e-05
6.05653e-05
5.62151e-05
5.23031e-05
-0.00187874
-0.0032507
-0.00421845
-0.00483365
-0.00526282
-0.00567397
-0.00607215
-0.00563493
-0.00520429
-0.0046108
-0.00384597
-0.00311455
-0.00248811
-0.0019801
-0.00160807
-0.0013876
-0.00128768
-0.00119498
-0.00110898
-0.00102919
-0.000955162
-0.00088648
-0.000822755
-0.000763624
-0.000708753
-0.00065783
-0.000610564
-0.000566687
-0.000525951
-0.000488123
-0.000452992
-0.00042036
-0.000390045
-0.000361878
-0.000335702
-0.000311375
-0.000288763
-0.000267745
-0.000248206
-0.000230042
-0.000213158
-0.000197464
-0.000182878
-0.000169324
-0.000156731
-0.000145031
-0.000134165
-0.000124074
-0.000114703
-0.000105997
-9.78685e-05
-9.02775e-05
-8.36772e-05
-7.77319e-05
-7.23845e-05
-6.75917e-05
-6.33092e-05
-5.94968e-05
-5.61159e-05
-5.31308e-05
-5.05089e-05
-4.82204e-05
-4.62402e-05
-4.45463e-05
-4.31375e-05
-4.13789e-05
-3.93575e-05
-3.70857e-05
-3.45784e-05
-3.20128e-05
-2.95967e-05
-0.0024116
-0.00448812
-0.0060841
-0.00728925
-0.00835162
-0.00940215
-0.00901226
-0.00836412
-0.00776265
-0.00716309
-0.00656225
-0.00609036
-0.00565238
-0.00524588
-0.0048686
-0.00451846
-0.0041935
-0.00389192
-0.00361203
-0.00335229
-0.00311125
-0.00288755
-0.00267997
-0.00248733
-0.00230857
-0.00214268
-0.00198873
-0.00184587
-0.0017133
-0.00159027
-0.00147609
-0.00137012
-0.00127177
-0.00118048
-0.00109575
-0.0010171
-0.000944096
-0.000876324
-0.000813408
-0.000754999
-0.000700773
-0.000650429
-0.00060369
-0.000560298
-0.000520014
-0.000482618
-0.000447904
-0.000415682
-0.000385777
-0.00035806
-0.000332377
-0.000308587
-0.000286242
-0.00026531
-0.000245689
-0.000227287
-0.000210018
-0.000193801
-0.000178559
0.000177225
0.000240084
0.000223047
0.000207215
0.000209918
0.000194688
0.000180551
0.000167914
0.000155612
0.000144364
-0.0018008
-0.00318348
-0.0041624
-0.00478922
-0.00522081
-0.00563426
-0.00603473
-0.00560027
-0.00517113
-0.00457823
-0.00381342
-0.00308446
-0.00245938
-0.00195217
-0.00158058
-0.00136018
-0.00126215
-0.00117118
-0.00108677
-0.00100845
-0.000935778
-0.000868358
-0.00080581
-0.000747785
-0.000693955
-0.000644019
-0.000597692
-0.000554712
-0.000514832
-0.000477825
-0.000443479
-0.000411596
-0.000381995
-0.000354503
-0.000328964
-0.000305232
-0.000283172
-0.000262658
-0.000243577
-0.000225823
-0.000209299
-0.000193915
-0.00017959
-0.00016625
-0.000153826
-0.000142256
-0.00013148
