-0
3.197e-05
8.42006e-05
0.000115911
0.000145521
0.000157299
0.000148415
0.000124465
9.31406e-05
6.69286e-05
4.10796e-05
1.77311e-05
-4.37536e-06
-2.60124e-05
-4.77892e-05
-6.95475e-05
-9.11634e-05
-0.000112161
-0.000131706
-0.000148645
-0.000161584
-0.000169033
-0.000169499
-0.000161719
-0.000144668
-0.000117807
-8.10819e-05
-3.50044e-05
1.9201e-05
7.96543e-05
0.000144062
0.000206367
0.00026391
0.000312447
0.000347622
0.000366631
0.000367872
0.000351056
0.000317016
0.000267632
0.000205639
0.000134412
5.78906e-05
-2.05942e-05
-9.76361e-05
-0.000169907
-0.00023431
-0.000288121
-0.000329113
-0.00035566
-0.000366809
-0.000362313
-0.00034264
-0.000308942
-0.000262995
-0.000207147
-0.000144065
-7.67156e-05
-8.13514e-06
5.86843e-05
0.000120901
0.000175935
0.000221678
0.000256521
0.000279432
0.000289994
0.000288403
0.000275448
0.00025244
0.000221132
0.000184877
0.000146669
0.000105411
6.43748e-05
2.63368e-05
-6.79524e-06
-3.38697e-05
-5.36917e-05
-6.70118e-05
-7.43228e-05
-7.64998e-05
-7.44918e-05
-6.92817e-05
-6.18292e-05
-5.30173e-05
-4.36092e-05
-3.42203e-05
-2.53042e-05
-1.72173e-05
-9.93445e-06
-3.32438e-06
2.81055e-06
8.38071e-06
1.33184e-05
1.76119e-05
2.12865e-05
2.43949e-05
2.69889e-05
2.91129e-05
3.08019e-05
3.25093e-05
3.31636e-05
3.32473e-05
3.25614e-05
3.11353e-05
2.89736e-05
2.61067e-05
2.2539e-05
1.82291e-05
1.31043e-05
7.10044e-06
2.00496e-07
-7.84655e-06
-1.66087e-05
-2.54686e-05
-3.36619e-05
-4.03446e-05
-4.46692e-05
-4.58632e-05
-4.33039e-05
-3.65832e-05
-2.07732e-05
-3.58322e-06
1.34667e-05
2.96563e-05
4.40695e-05
5.57796e-05
6.39647e-05
6.80619e-05
6.70982e-05
6.16246e-05
5.20654e-05
3.88979e-05
2.30263e-05
5.52264e-06
-1.24537e-05
-2.97398e-05
-4.52629e-05
-5.80646e-05
-6.73536e-05
-7.25874e-05
-7.26812e-05
-6.75605e-05
-5.61978e-05
-4.04456e-05
-2.17546e-05
-1.51979e-06
1.88668e-05
3.6783e-05
5.03658e-05
5.80816e-05
5.90739e-05
5.41171e-05
4.46663e-05
3.33152e-05
2.14327e-05
9.56607e-06
-1.99272e-06
-1.2902e-05
-2.28011e-05
-3.1331e-05
-3.8168e-05
-4.30399e-05
-4.57843e-05
-4.63301e-05
-4.46965e-05
-4.09873e-05
-3.53832e-05
-2.81312e-05
-1.95323e-05
-9.56807e-06
5.77285e-07
1.1005e-05
2.13091e-05
3.10562e-05
3.98752e-05
4.74562e-05
5.35571e-05
5.80076e-05
6.07066e-05
6.16159e-05
6.07562e-05
5.82466e-05
5.40921e-05
4.83341e-05
4.10575e-05
3.23988e-05
2.25506e-05
1.17628e-05
3.6517e-07
-1.13836e-05
-2.17305e-05
-2.98127e-05
-3.52983e-05
-3.80172e-05
-3.80569e-05
-3.56351e-05
-3.11017e-05
-2.4882e-05
-1.76089e-05
-9.68502e-06
-1.31495e-06
6.58359e-06
1.35102e-05
1.90386e-05
2.28366e-05
2.46823e-05
2.44726e-05
2.22272e-05
1.80854e-05
1.22971e-05
7.31135e-06
2.1415e-06
-3.29952e-06
-8.69319e-06
-1.37308e-05
-1.95376e-05
-2.64398e-05
-3.43533e-05
-4.29614e-05
-5.18161e-05
-6.04092e-05
-6.82282e-05
-7.48005e-05
-7.97269e-05
-8.2638e-05
-8.39272e-05
-8.33843e-05
-8.08574e-05
-7.64016e-05
-7.0272e-05
-6.17629e-05
-4.927e-05
-3.3039e-05
-1.39819e-05
6.81405e-06
2.81917e-05
4.90595e-05
6.84181e-05
8.5409e-05
0.000100405
0.000110744
0.000117161
0.000119573
0.000118041
0.00011233
0.000102154
8.81026e-05
7.15802e-05
5.40429e-05
3.65134e-05
1.96259e-05
3.98246e-06
-1.0267e-05
-2.30226e-05
-3.49768e-05
-4.68134e-05
-5.84235e-05
-6.88965e-05
-7.78181e-05
-8.47472e-05
-8.77797e-05
-8.70261e-05
-8.20872e-05
-7.29139e-05
-5.96858e-05
-4.28148e-05
-2.29371e-05
-8.9024e-07
2.21651e-05
4.5111e-05
6.72063e-05
8.70396e-05
0.000103496
0.000115589
0.00012259
0.000123341
0.000118022
0.00010675
8.98722e-05
5.41985e-05
1.58215e-05
-2.13421e-05
-5.60902e-05
-8.71843e-05
-0.000113512
-0.000135326
-0.000153079
-0.000166429
-0.000175002
-0.000178542
-0.000176911
-0.000170158
-0.000158497
-0.000142315
-0.000122155
-9.86863e-05
-7.26817e-05
-4.49885e-05
-1.64937e-05
1.19358e-05
3.94749e-05
6.52507e-05
8.84875e-05
0.000108552
0.000124973
0.000137294
0.000144851
0.000147295
0.000144587
0.000137726
0.000125667
0.000110044
9.18345e-05
7.21012e-05
5.1949e-05
3.24549e-05
1.46043e-05
-7.55315e-07
-1.20678e-05
-2.08173e-05
-2.68588e-05
-3.04347e-05
-3.18055e-05
-3.12852e-05
-2.92059e-05
-2.58973e-05
-2.16636e-05
-1.67954e-05
-1.15277e-05
-6.11721e-06
-2.29119e-06
1.35539e-06
4.77942e-06
7.86165e-06
1.08431e-05
1.37133e-05
1.64268e-05
1.89014e-05
2.08994e-05
2.23232e-05
2.32512e-05
2.33114e-05
2.23157e-05
2.01006e-05
1.65455e-05
1.15896e-05
5.24567e-06
-2.391e-06
-1.11378e-05
-2.07262e-05
-2.82617e-05
-3.27543e-05
-3.46474e-05
-3.47649e-05
-3.43444e-05
-3.49793e-05
-3.7472e-05
-4.21471e-05
-4.90254e-05
-5.79052e-05
-6.8478e-05
-8.02986e-05
-9.27614e-05
-0.000105179
-0.000116839
-0.000127052
-0.000135157
-0.000140503
-0.00014253
-0.000140834
-0.000135194
-0.00012536
-0.000111552
-9.42001e-05
-7.39193e-05
-5.14678e-05
-2.77078e-05
-3.55859e-06
2.00518e-05
4.24322e-05
6.24449e-05
7.95102e-05
9.30801e-05
0.000102806
0.000108532
0.000110296
0.000113026
0.000115277
0.000118013
0.000119968
0.000120743
0.000120493
0.000118932
0.000115872
0.00011114
0.00010461
9.62973e-05
8.62821e-05
7.46887e-05
6.17206e-05
4.70965e-05
3.20173e-05
1.68468e-05
1.96749e-06
-1.22299e-05
-2.53585e-05
-3.70488e-05
-4.69621e-05
-5.46052e-05
-6.01613e-05
-6.34537e-05
-6.41152e-05
-6.21121e-05
-5.7516e-05
-5.05057e-05
-4.13641e-05
-3.04701e-05
-1.82856e-05
-5.33843e-06
7.79831e-06
2.06487e-05
3.22585e-05
4.17711e-05
4.86583e-05
5.28881e-05
5.42979e-05
5.22079e-05
4.65217e-05
3.75916e-05
2.59987e-05
1.24814e-05
-2.08228e-06
-1.67786e-05
-3.06937e-05
-4.31358e-05
-5.37529e-05
-6.22264e-05
-6.83143e-05
-7.18673e-05
-7.28344e-05
-7.1264e-05
-6.71688e-05
-6.08173e-05
-5.25785e-05
-4.28972e-05
-3.22688e-05
-2.12133e-05
-1.02492e-05
1.32208e-07
9.50857e-06
1.75205e-05
2.38295e-05
2.82536e-05
3.07169e-05
3.12378e-05
2.99261e-05
2.69724e-05
2.2644e-05
1.70545e-05
1.07158e-05
4.07891e-06
-2.50876e-06
-8.79888e-06
-1.45713e-05
-1.96352e-05
-2.38319e-05
-2.70379e-05
-2.91665e-05
-3.01765e-05
-3.00672e-05
-2.95203e-05
-2.85157e-05
-2.67998e-05
-2.42815e-05
-2.10256e-05
-1.71244e-05
-1.26959e-05
-7.883e-06
-2.80611e-06
2.26811e-06
7.13408e-06
1.1657e-05
1.56415e-05
1.89163e-05
2.1336e-05
2.27752e-05
2.31383e-05
2.23602e-05
2.04181e-05
1.73339e-05
1.31315e-05
8.42351e-06
3.1836e-06
-2.34804e-06
-8.42749e-06
-1.47067e-05
-2.08601e-05
-2.64261e-05
-3.09822e-05
-3.43196e-05
-3.63911e-05
-3.71727e-05
-3.66863e-05
-3.50001e-05
-3.22231e-05
-2.8499e-05
-2.3999e-05
-1.89145e-05
-1.34483e-05
-7.80938e-06
-2.20707e-06
3.14921e-06
8.0475e-06
1.2305e-05
1.57754e-05
1.83533e-05
1.9977e-05
2.06288e-05
2.03326e-05
1.92056e-05
1.72151e-05
1.45539e-05
1.1351e-05
7.76669e-06
3.9642e-06
8.7817e-08
-3.71785e-06
-7.31271e-06
-1.05763e-05
-1.34118e-05
-1.57493e-05
-1.76098e-05
-1.89772e-05
-1.98413e-05
-2.01967e-05
-2.00432e-05
-1.93857e-05
-1.82357e-05
-1.66006e-05
-1.45096e-05
-1.14155e-05
-8.05599e-06
-4.55233e-06
-1.04741e-06
2.30591e-06
5.36312e-06
7.9942e-06
1.00891e-05
1.1543e-05
1.23212e-05
1.24265e-05
1.18352e-05
1.05865e-05
8.74985e-06
6.42261e-06
3.72021e-06
7.71695e-07
-2.28693e-06
-5.31698e-06
-8.18253e-06
-9.55738e-06
-1.02998e-05
-1.08047e-05
-1.10677e-05
-1.10794e-05
-1.08394e-05
-1.09249e-05
-1.17159e-05
-1.312e-05
-1.49361e-05
-1.68768e-05
-1.86038e-05
-1.97619e-05
-2.00054e-05
-1.90198e-05
-1.6944e-05
-1.39349e-05
-1.01762e-05
-5.87296e-06
-1.24235e-06
3.49556e-06
8.11201e-06
1.23834e-05
1.6113e-05
1.91403e-05
2.13468e-05
2.26608e-05
2.30587e-05
2.25637e-05
2.13955e-05
1.93234e-05
1.6672e-05
1.36404e-05
1.03587e-05
6.96549e-06
3.61656e-06
4.56449e-07
-2.38839e-06
-4.81496e-06
-6.74752e-06
-8.14003e-06
-9.02132e-06
-9.41727e-06
-9.36929e-06
-8.93137e-06
-8.1688e-06
-7.14868e-06
-5.96742e-06
-4.77244e-06
-3.53333e-06
-2.36258e-06
-1.00476e-06
5.46309e-07
2.21179e-06
3.90957e-06
5.55463e-06
7.0606e-06
8.34286e-06
9.27722e-06
9.82841e-06
1.0024e-05
9.76031e-06
9.0204e-06
7.8099e-06
6.15796e-06
4.11685e-06
1.75785e-06
-8.30051e-07
-3.54389e-06
-6.27299e-06
-7.82117e-06
-8.75981e-06
-9.4626e-06
-9.90438e-06
-1.00735e-05
-1.13592e-05
-1.41933e-05
-1.85483e-05
-2.41454e-05
-3.05652e-05
-3.73181e-05
-4.38972e-05
-4.98219e-05
-5.46807e-05
-5.5028e-05
-5.18945e-05
-4.55345e-05
-3.62448e-05
-2.453e-05
-1.09671e-05
3.82703e-06
1.9122e-05
3.41414e-05
4.81495e-05
6.04867e-05
7.05984e-05
7.8057e-05
8.25773e-05
8.4022e-05
8.27687e-05
7.81894e-05
7.09794e-05
6.15222e-05
5.03129e-05
3.7898e-05
2.48496e-05
1.17372e-05
-9.00834e-07
-1.25814e-05
-2.28969e-05
-3.15304e-05
-3.84041e-05
-4.34435e-05
-4.66193e-05
-4.79428e-05
-4.7462e-05
-4.52598e-05
-4.14518e-05
-3.61738e-05
-2.96092e-05
-2.15022e-05
-1.28228e-05
-3.87889e-06
5.01782e-06
1.35593e-05
2.14493e-05
2.84114e-05
3.41974e-05
3.85134e-05
4.12421e-05
4.24297e-05
4.18851e-05
3.96026e-05
3.5652e-05
3.01148e-05
2.28727e-05
1.44772e-05
5.28135e-06
-4.3884e-06
-1.47283e-05
-2.35467e-05
-3.13202e-05
-3.77704e-05
-4.2741e-05
-4.61038e-05
-4.77633e-05
-4.83383e-05
-4.87969e-05
-4.84415e-05
-4.70977e-05
-4.4561e-05
-4.06423e-05
-3.51749e-05
-2.80328e-05
-1.94179e-05
-9.77021e-06
2.49559e-07
1.04725e-05
2.04583e-05
2.97929e-05
3.8096e-05
4.49684e-05
5.01166e-05
5.33359e-05
5.45153e-05
5.36404e-05
5.079e-05
4.61297e-05
3.99008e-05
3.25741e-05
2.41046e-05
1.51078e-05
5.97003e-06
-2.94276e-06
-1.1286e-05
-1.87532e-05
-2.50879e-05
-3.00912e-05
-3.36335e-05
-3.56511e-05
-3.6149e-05
-3.52883e-05
-3.31748e-05
-2.99498e-05
-2.57828e-05
-2.08656e-05
-1.54069e-05
-9.62553e-06
-3.74721e-06
2.01481e-06
7.55133e-06
1.2808e-05
1.75868e-05
2.1702e-05
2.49871e-05
2.73023e-05
2.85408e-05
2.8635e-05
2.74866e-05
2.5191e-05
2.19229e-05
1.76861e-05
1.26333e-05
6.95359e-06
8.65564e-07
-5.39186e-06
-1.15691e-05
-1.74167e-05
-2.26958e-05
-2.71885e-05
-3.0077e-05
-3.20286e-05
-3.3096e-05
-2.37766e-05
-7.61973e-07
3.2141e-05
7.07631e-05
0.000111343
0.000150494
0.000186395
0.000204894
0.000207914
0.000196932
0.000173399
0.000139049
9.57848e-05
4.58848e-05
-8.37811e-06
-6.47551e-05
-0.000121022
-0.000175003
-0.000224364
-0.000266512
-0.000302972
-0.00033135
-0.000349881
-0.000357404
-0.000353337
-0.000337657
-0.000311736
-0.00027469
-0.000228857
-0.000175794
-0.00011739
-5.60258e-05
5.51349e-06
6.46636e-05
0.000119044
0.000166621
0.000205776
0.00023536
0.000255307
0.00026548
0.000266033
0.000257386
0.000240196
0.000215332
0.00018384
0.000146863
0.000105731
5.95679e-05
1.31534e-05
-3.18346e-05
-7.38087e-05
-0.000111325
-0.000143128
-0.000168187
-0.000185724
-0.000194957
-0.000195896
-0.000189145
-0.000174637
-0.000153017
-0.000125179
-9.22355e-05
-5.54838e-05
-1.63228e-05
2.37501e-05
6.32118e-05
0.000100562
0.000132846
0.000162089
0.000186858
0.000206483
0.00022156
0.000231096
0.000272738
0.000348499
0.000456035
0.000592434
0.000753928
0.000928398
0.00110616
0.00126478
0.00135135
0.00133499
0.00121526
0.00100923
0.000735181
0.000412959
5.55825e-05
-0.000318608
-0.000691208
-0.00104466
-0.00136319
-0.00163456
-0.00184933
-0.00200074
-0.00208461
-0.00210497
-0.00205082
-0.00193167
-0.00175374
-0.00152485
-0.00125454
-0.000953564
-0.000633475
-0.000306129
1.59124e-05
0.000319844
0.000594317
0.000830746
0.00102469
0.00117235
0.00126958
0.00131634
0.00131319
0.00126219
0.0011671
0.00103285
0.000871759
0.000680747
0.000467213
0.00023927
5.47334e-06
-0.000225471
-0.000445017
-0.000645077
-0.000817141
-0.00095545
-0.00105747
-0.00111781
-0.00113441
-0.00110681
-0.00103623
-0.000926181
-0.000780273
-0.000603859
-0.000403318
-0.000185904
4.06345e-05
0.000260838
0.000471921
0.000665797
0.000829514
0.000958798
0.00104981
0.0011007
0.00111076
0.00108084
0.00101354
0.000912407
0.000782093
0.000628152
0.000456811
0.000274739
8.87998e-05
-9.41951e-05
-0.000267722
-0.000425767
-0.000563026
-0.000674581
-0.000756828
-0.000807424
-0.000825333
-0.000810819
-0.000765401
-0.000691748
-0.000593537
-0.000476025
-0.000342628
-0.000199858
-5.34988e-05
9.06951e-05
0.000227305
0.000351433
0.000458873
0.000546243
0.000611077
0.000651871
0.0006681
0.000661059
0.000631761
0.000581827
0.000513432
0.000429241
0.000332338
0.000226134
0.000114302
7.20027e-07
-0.000107082
-0.000206717
-0.000295202
-0.000369985
-0.000429006
-0.000470747
-0.000494152
-0.000498881
-0.000484436
-0.000452216
-0.000404224
-0.00034227
-0.000268943
-0.000186965
-9.93046e-05
-9.07381e-06
8.05818e-05
0.000166584
0.000246027
0.000316269
0.000377323
0.000428124
0.000463384
0.000480185
0.000479045
0.000460506
0.000425704
0.000376309
0.000314283
0.000241239
0.000158964
6.9589e-05
-2.44566e-05
-0.000120171
-0.000211974
-0.000295749
-0.000367624
-0.000424282
-0.000463058
-0.000482009
-0.000479964
-0.000457334
-0.000415754
-0.00035741
-0.000285129
-0.000202227
-0.000112347
-1.92909e-05
7.31386e-05
0.000161924
0.000242582
0.000312674
0.000369949
0.00041258
0.000439389
0.000449853
0.000444102
0.00042289
0.000387552
0.00033993
0.000282288
0.000217493
0.00014806
7.65609e-05
5.53804e-06
-6.25773e-05
-0.000125542
-0.000181368
-0.000228476
-0.000265569
-0.000296969
-0.00031652
-0.000323534
-0.000317788
-0.000299782
-0.000269876
-0.000229155
-0.000179143
-0.0001216
-5.89741e-05
6.15458e-06
7.14465e-05
0.000134286
0.000192447
0.000243833
0.000286573
0.000319091
0.00034009
0.000348732
0.000344613
0.000326729
0.000298479
0.000265152
0.000227487
0.000184027
0.000134276
8.04238e-05
2.44527e-05
-3.30969e-05
-9.14081e-05
-0.000149372
-0.000205861
-0.00025975
-0.00030793
-0.000347369
-0.000375691
-0.000390966
-0.000391783
-0.000377278
-0.00034751
-0.000304249
-0.000249163
-0.000184664
-0.000113512
-3.86706e-05
3.68212e-05
0.000109978
0.00017799
0.000238325
0.000289072
0.0003281
0.000354315
0.00036699
0.000366072
0.000352022
0.000325789
0.000288759
0.000242677
0.000189564
0.000131627
7.11556e-05
1.04676e-05
-4.84448e-05
-0.000103693
-0.000153544
-0.000196461
-0.000231149
-0.000256591
-0.000272017
-0.000277054
-0.000269605
-0.000253173
-0.000228545
-0.000196738
-0.000158961
-0.000116582
-7.11056e-05
-2.41436e-05
2.28126e-05
6.8048e-05
0.000110099
0.000147709
0.000179671
0.000205041
0.000223001
0.000233021
0.000234841
0.000228475
0.000214212
0.000192609
0.000163071
0.000140243
0.000120333
0.000101229
8.12166e-05
5.98688e-05
3.78863e-05
1.59278e-05
-1.04851e-05
-3.99763e-05
-7.22927e-05
-0.000107035
-0.000142292
-0.00017579
-0.000205395
-0.000229117
-0.000245197
-0.000252492
-0.000251004
-0.000240905
-0.000222697
-0.000197033
-0.000165044
-0.000128097
-8.77243e-05
-4.55545e-05
-3.24253e-06
3.75987e-05
7.54633e-05
0.000109302
0.000137405
0.000159176
0.000174025
0.000181632
0.000181981
0.000175346
0.000162271
0.000143532
0.0001201
9.30915e-05
6.37167e-05
3.32756e-05
2.86925e-06
-2.64507e-05
-5.37115e-05
-7.80446e-05
-9.87085e-05
-0.000115106
-0.000126802
-0.000133512
-0.000134973
-0.000131003
-0.00012188
-0.000108097
-9.0161e-05
-6.88375e-05
-4.50017e-05
-1.96067e-05
6.31217e-06
3.17273e-05
5.57844e-05
7.75223e-05
9.6127e-05
0.000110912
0.000121342
0.000127054
0.000127901
0.000123904
0.000115263
0.000102346
8.51674e-05
6.57272e-05
5.98046e-05
6.4882e-05
7.67868e-05
9.18332e-05
0.000108193
0.00012497
0.000131228
0.000125946
0.000110333
8.54837e-05
5.2717e-05
1.45378e-05
-2.70771e-05
-7.01604e-05
-0.000112785
-0.000153126
-0.000189519
-0.000220511
-0.000244907
-0.000261613
-0.000270021
-0.000269884
-0.00026131
-0.000244741
-0.000220927
-0.000190881
-0.000155829
-0.000117282
-7.63931e-05
-3.48876e-05
5.7576e-06
4.41178e-05
7.89134e-05
0.00010905
0.000133653
0.000152094
0.000164006
0.000169283
0.000168073
0.000160954
0.000148444
0.000131199
0.000109992
8.56867e-05
5.92113e-05
3.15308e-05
3.6075e-06
-2.35943e-05
-4.93727e-05
-7.22493e-05
-9.14883e-05
-0.000106503
-0.000116917
-0.000122468
-0.000123077
-0.000118836
-0.000109929
-9.68345e-05
-8.01853e-05
-6.25803e-05
-4.29023e-05
-2.14302e-05
9.61732e-07
2.33172e-05
4.49531e-05
6.50839e-05
8.29889e-05
9.80486e-05
0.000109195
0.00012972
0.00015398
0.000177824
0.000197645
0.000211407
0.000218722
0.000219347
0.000207515
0.000184606
0.000150771
0.000106549
5.425e-05
-2.99368e-06
-6.19207e-05
-0.000119269
-0.000171898
-0.000217212
-0.000253842
-0.000280658
-0.000296907
-0.000302025
-0.000296076
-0.000279561
-0.000253378
-0.000218778
-0.000177299
-0.000130697
-8.08691e-05
-2.9849e-05
2.06825e-05
6.86567e-05
0.000112414
0.000150508
0.00018175
0.000205255
0.000220456
0.000227122
0.000225348
0.000215544
0.000198406
0.000175076
0.00014661
0.000114191
7.90934e-05
4.26349e-05
6.13599e-06
-2.91243e-05
