-0.00132051
-0.0017689
-0.00197926
-0.00209921
-0.00184576
-0.00151304
-0.001127
-0.000549347
3.65978e-05
0.00072803
0.00137358
0.00201643
0.00260329
0.00312642
0.00356162
0.00389128
0.00410223
0.00418586
0.00413845
0.00396128
0.00366046
0.00324473
0.00272989
0.00212883
0.00146559
0.000759831
3.88068e-05
-0.000671553
-0.00134567
-0.00195927
-0.00249028
-0.00291964
-0.00323191
-0.00345565
-0.00355765
-0.00353567
-0.00339217
-0.00313392
-0.00277196
-0.00232109
-0.00179923
-0.00122673
-0.00062561
-1.87036e-05
0.000571207
0.00112223
0.00161418
0.00202931
0.00235292
0.00257385
0.00268488
0.00268295
0.00256932
0.00234941
0.0020326
0.0016319
0.00116357
0.000645887
9.87089e-05
-0.000457224
-0.00100109
-0.00151278
-0.00197362
-0.00236707
-0.00267931
-0.00289973
-0.00302131
-0.00304081
-0.00295885
-0.00277986
-0.00266497
-0.00248499
-0.00224663
-0.00195814
-0.00162997
-0.00127396
-0.00090226
-0.000527811
-0.000164927
0.000173645
0.000476178
0.000732387
0.000933804
0.00107409
0.00114923
0.00115771
0.00110052
0.000981104
0.000805223
0.000580714
0.000317169
2.5562e-05
-0.000282179
-0.000593629
-0.000896347
-0.00117834
-0.00142854
-0.00163718
-0.00179618
-0.00189943
-0.00194303
-0.00192539
-0.00184726
-0.00171174
-0.00152407
-0.00129146
-0.00102278
-0.000728198
-0.000418793
-0.000106108
0.000198284
0.00048323
0.00073841
0.000954735
0.00112468
0.00124256
0.00130475
0.00130977
0.00125835
0.00115338
0.000999776
0.00080425
0.000575083
0.00032182
5.46872e-05
-0.000215672
-0.000478611
-0.000723894
-0.000940456
-0.00111836
-0.0012547
-0.00134442
-0.00138443
-0.00137365
-0.001313
-0.00120533
-0.00105524
-0.000868854
-0.000653622
-0.000418007
-0.000171786
7.61671e-05
0.000312138
0.000526762
0.00071365
0.000867189
0.000982889
0.00105775
0.00109267
0.00108822
0.00104678
0.000971898
0.000866767
0.000735168
0.00057998
0.000405999
0.000219822
2.89625e-05
-0.000159057
-0.000336964
-0.000498019
-0.000636255
-0.000746695
-0.000825518
-0.000870184
-0.000879505
-0.000853666
-0.000794187
-0.000703848
-0.000586553
-0.000447163
-0.000291291
-0.000125077
4.50555e-05
0.000212651
0.000371466
0.000515705
0.00064023
0.000740745
0.000813942
0.000857609
0.000870697
0.000853332
0.000806795
0.000733445
0.000636617
0.000520469
0.000389814
0.000249925
0.000106317
-3.5374e-05
-0.000169696
-0.000291779
-0.000397233
-0.000482302
-0.000544089
-0.000580645
-0.000591015
-0.000575258
-0.000534425
-0.000470502
-0.000386321
-0.000285428
-0.000171946
-5.04049e-05
7.44396e-05
0.000197786
0.000314974
0.000421656
0.00051396
0.000588604
0.000642512
0.000674327
0.000683541
0.000670197
0.000635203
0.000581745
0.00051312
0.00043289
0.000344855
0.000252945
0.000161096
7.30998e-05
-7.52872e-06
-7.76927e-05
-0.000134969
-0.000176286
-0.000200804
-0.000208339
-0.000199321
-0.000174656
-0.000140248
-0.000101949
-6.2228e-05
-2.2567e-05
1.55639e-05
5.07732e-05
8.18169e-05
0.000107652
0.000127489
0.000140816
0.000147423
0.000147412
0.000141184
0.000129419
0.000113027
9.43319e-05
7.40599e-05
5.29149e-05
3.17658e-05
1.18713e-05
-5.60217e-06
-1.96342e-05
-2.93972e-05
-3.4294e-05
-3.39047e-05
-2.8174e-05
-1.73271e-05
-1.81991e-06
1.76502e-05
4.01877e-05
6.47267e-05
9.00985e-05
0.000115102
0.000138558
0.000159363
0.000176548
0.000189319
0.000197092
0.000199526
0.000196527
0.000188257
0.000175119
0.000157738
0.000136928
0.000113657
8.90397e-05
6.41883e-05
4.02125e-05
1.81708e-05
1.07031e-05
5.29145e-06
2.21747e-06
1.65724e-06
3.68069e-06
8.20229e-06
1.62342e-05
2.86355e-05
4.50788e-05
6.4877e-05
8.71002e-05
0.000110668
0.000134392
0.000157076
0.000177572
0.000194817
0.000207885
0.00021602
0.000218656
0.000215384
0.000206022
0.000190628
0.000169498
0.000143155
0.000112327
7.79206e-05
4.11293e-05
3.5367e-06
-3.32511e-05
-6.7671e-05
-9.82644e-05
-0.000123732
-0.00014299
-0.000155205
-0.000159829
-0.000156618
-0.00014564
-0.000127273
-0.000102172
-7.30808e-05
-3.91504e-05
-1.6482e-06
3.801e-05
7.83196e-05
0.000117747
0.000154789
0.000188033
0.000216222
0.000238286
0.000253381
0.000260936
0.000260674
0.000252615
0.00023708
0.000214712
0.000186408
0.000153284
0.00011664
7.79132e-05
3.86188e-05
2.89289e-07
-3.55857e-05
-6.76179e-05
-9.45763e-05
-0.000115435
-0.000129415
-0.000136013
-0.000135021
-0.000126533
-0.000110943
-8.89208e-05
-6.32551e-05
-3.60001e-05
-7.2041e-06
2.28465e-05
5.42131e-05
8.7244e-05
0.000121649
0.000156726
0.000191595
0.000225299
0.000256963
0.00028574
0.000310771
0.000331267
0.000346569
0.000356162
0.000359633
0.000356621
0.000346924
0.000330571
0.000307822
0.000279155
0.00024525
0.000206967
0.000165312
0.000121405
7.64398e-05
3.16457e-05
-1.17586e-05
-5.26033e-05
-8.9808e-05
-0.000122418
-0.000149633
-0.000170838
-0.000185611
-0.000193739
-0.000203769
-0.000211304
-0.000218081
-0.000224093
-0.000228533
-0.000230682
-0.000229933
-0.000225804
-0.000217958
-0.000206212
-0.000190546
-0.000171101
-0.000148178
-0.000122227
-9.38305e-05
-6.36879e-05
-3.2587e-05
-1.37665e-06
2.90641e-05
5.78581e-05
8.41627e-05
0.000107201
0.000126297
0.000140903
0.00015061
0.000155169
0.000154507
0.000148733
0.000138133
0.000123165
0.000104441
8.27106e-05
5.8831e-05
3.37422e-05
7.06939e-06
-1.96702e-05
-4.49133e-05
-6.73993e-05
-8.63898e-05
-0.000101001
-0.000109751
-0.000112034
-0.000107811
-9.73674e-05
-8.12603e-05
-6.03306e-05
-3.56392e-05
-8.42922e-06
2.01148e-05
4.89387e-05
7.69619e-05
0.000103131
0.000126463
0.000146079
0.000161244
0.000171392
0.00017615
0.00017535
0.000169039
0.000157473
0.00014111
0.000120589
9.67072e-05
7.0386e-05
4.26379e-05
1.45257e-05
-1.28788e-05
-3.85359e-05
-6.14779e-05
-8.08458e-05
-9.59222e-05
-0.000106157
-0.000110814
-0.000110114
-0.000104162
-9.32173e-05
-7.77324e-05
-5.83311e-05
-3.57855e-05
-1.09852e-05
1.50975e-05
4.14454e-05
6.70359e-05
9.08806e-05
0.000112063
0.000129802
0.000143402
0.000152356
0.000156334
0.000155201
0.000149018
0.000138042
0.000122715
0.000103643
8.15757e-05
5.73736e-05
3.19688e-05
6.34101e-06
-1.85267e-05
-4.16876e-05
-6.22686e-05
-7.95036e-05
-9.27628e-05
-0.00010158
-0.000106279
-0.000106242
-0.000101262
-9.1578e-05
-7.69666e-05
-5.82623e-05
-3.62869e-05
-1.2185e-05
1.28048e-05
3.75881e-05
6.11995e-05
8.2729e-05
0.000101356
0.000116381
0.000127254
0.000133592
0.000135191
0.000132037
0.000124296
0.000112306
9.65686e-05
7.77234e-05
5.65258e-05
3.3815e-05
1.04804e-05
-1.25727e-05
-3.44595e-05
-5.43487e-05
-7.14951e-05
-8.52674e-05
-9.51714e-05
-0.000100868
-0.000102184
-9.912e-05
-9.18436e-05
-8.06774e-05
-6.60985e-05
-4.87119e-05
-2.92253e-05
-8.42011e-06
1.28794e-05
3.38383e-05
5.36437e-05
7.15358e-05
8.68369e-05
9.89766e-05
0.000107513
0.00011215
0.000112744
0.000109311
0.000102085
9.13634e-05
7.7587e-05
6.13247e-05
4.32314e-05
2.40238e-05
4.45255e-06
-1.47272e-05
-3.27851e-05
-4.90437e-05
-6.29038e-05
-7.38669e-05
-8.15534e-05
-8.57146e-05
-8.624e-05
-8.31624e-05
-7.66531e-05
-6.70142e-05
-5.46649e-05
-4.01322e-05
-2.48997e-05
-9.05583e-06
7.17369e-06
2.31236e-05
3.81504e-05
5.16607e-05
6.37312e-05
7.43194e-05
8.30466e-05
8.9534e-05
9.34359e-05
9.44649e-05
9.24087e-05
8.71384e-05
7.8579e-05
6.70918e-05
5.31575e-05
3.73397e-05
2.02626e-05
2.58793e-06
-1.50096e-05
-3.18675e-05
-4.73595e-05
-6.09182e-05
-7.20553e-05
-8.03787e-05
-8.56056e-05
-8.75721e-05
-8.62372e-05
-8.16833e-05
-7.41107e-05
-6.38301e-05
-5.12401e-05
-3.68242e-05
-2.1134e-05
-4.76147e-06
1.16826e-05
2.7592e-05
4.23872e-05
5.55365e-05
6.65754e-05
7.51224e-05
8.08925e-05
8.37063e-05
8.34953e-05
8.0304e-05
7.4285e-05
6.57015e-05
5.4956e-05
4.24647e-05
2.87079e-05
1.41483e-05
-6.42215e-07
-1.5103e-05
-2.86987e-05
-4.09351e-05
-5.13759e-05
-5.96573e-05
-6.54999e-05
-6.87191e-05
-6.92302e-05
-6.70507e-05
-6.22986e-05
-5.5188e-05
-4.60185e-05
-3.51635e-05
-2.30559e-05
-1.0172e-05
2.98898e-06
1.59073e-05
2.75785e-05
3.79302e-05
4.68998e-05
5.41743e-05
5.9494e-05
6.3967e-05
6.81036e-05
7.21325e-05
7.61247e-05
8.00497e-05
8.38066e-05
8.72479e-05
9.02019e-05
9.25065e-05
8.98552e-05
8.21917e-05
6.99295e-05
5.36497e-05
3.40632e-05
1.19881e-05
-1.16834e-05
-3.60106e-05
-6.00369e-05
-8.28236e-05
-0.000103483
-0.000121208
-0.000135306
-0.000145217
-0.000150538
-0.000151034
-0.000146651
-0.000137511
-0.000123915
-0.000106325
-8.53504e-05
-6.17258e-05
-3.62815e-05
-9.91468e-06
1.64438e-05
4.18635e-05
6.54484e-05
8.63695e-05
0.000103895
0.000117415
0.000126467
0.00013075
0.000130135
0.000124674
0.000114592
0.000100285
8.23022e-05
6.1327e-05
3.81518e-05
1.36473e-05
-1.12694e-05
-3.56687e-05
-5.86434e-05
-7.9342e-05
-9.70007e-05
-0.000110972
-0.000120748
-0.000125981
-0.000126493
-0.000122283
-0.000113529
-0.000100165
-8.31711e-05
-6.32007e-05
-4.10189e-05
-1.68291e-05
7.14166e-06
3.05785e-05
5.25559e-05
7.22293e-05
8.88507e-05
0.000101805
0.000111304
0.00011802
0.000121111
0.000120346
0.000115583
0.000106799
9.40912e-05
7.76777e-05
5.81005e-05
3.61576e-05
1.29542e-05
-1.07924e-05
-3.41773e-05
-5.63171e-05
-7.6382e-05
-9.36272e-05
-0.000107419
-0.000117259
-0.000122801
-0.000123861
-0.000120426
-0.000112653
-0.000100857
-8.55049e-05
-6.71903e-05
-4.66146e-05
-2.45585e-05
-1.85149e-06
2.06592e-05
4.21407e-05
6.18054e-05
7.89395e-05
9.29305e-05
0.000103288
0.000109663
0.000111856
0.000109828
0.000103694
9.37243e-05
8.03272e-05
6.40369e-05
4.54901e-05
2.54023e-05
4.53999e-06
-1.63084e-05
-3.63616e-05
-5.4875e-05
-7.11678e-05
-8.46486e-05
-9.48367e-05
-0.00010138
-0.000104066
-0.00010283
-9.77577e-05
-8.90775e-05
-7.71528e-05
-6.24667e-05
-4.56025e-05
-2.72211e-05
-8.03504e-06
1.12194e-05
2.98102e-05
4.70375e-05
6.22599e-05
7.48627e-05
8.43276e-05
9.02777e-05
8.61055e-05
6.87717e-05
3.99019e-05
1.55193e-06
-4.42377e-05
-9.5358e-05
-0.000150273
-0.0001969
-0.000233044
-0.000256983
-0.00026756
-0.000264241
-0.000247265
-0.000217383
-0.000175842
-0.000124354
-6.50255e-05
-2.72947e-07
6.72696e-05
0.000134848
0.000205533
0.000275772
0.000342014
0.000400946
0.000449581
0.000485325
0.000506055
0.000510184
0.000496381
0.000463928
0.000412763
0.000344127
0.000260768
0.000165992
6.35785e-05
-4.2415e-05
-0.000147828
-0.000248554
-0.000340696
-0.000420715
-0.000485557
-0.000532772
-0.000560597
-0.000568027
-0.000554842
-0.000521617
-0.000469692
-0.00040112
-0.000318587
-0.000225301
-0.000124861
-2.11181e-05
8.19733e-05
0.00018051
0.000270787
0.000349445
0.000413589
0.000460903
0.000489733
0.000499143
0.000488953
0.000459734
0.000412784
0.000350071
0.000274154
0.000188076
9.525e-05
-8.41728e-07
-9.66146e-05
-0.000188467
-0.000272975
-0.000347071
-0.000408089
-0.00050376
-0.00062734
-0.000769379
-0.000921006
-0.00107355
-0.00121619
-0.00133897
-0.00142698
-0.00144985
-0.00138772
-0.00123803
-0.00101068
-0.000718948
-0.000377404
3.38802e-07
0.000395099
0.000789284
0.00116565
0.00150799
0.00180035
0.00203115
0.00219138
0.00227486
0.00227843
0.00220202
0.00204865
0.0018243
0.00153762
0.00119957
0.000822989
0.000422078
1.18572e-05
-0.000391716
-0.000773768
-0.00112046
-0.00141939
-0.00166083
-0.00183575
-0.00193907
-0.00196791
-0.00192211
-0.0018043
-0.00161979
-0.00137633
-0.00108381
-0.000753825
-0.000399274
-3.38461e-05
0.000328494
0.000674037
0.000989847
0.00126424
0.00148722
0.00165085
0.0017495
0.00178008
0.00174212
0.00163774
0.00147158
0.00125057
0.000983681
0.00068152
0.000355943
1.95733e-05
-0.000315597
-0.000635821
-0.000932186
-0.00119441
-0.00140842
-0.0015664
-0.00166315
-0.00169589
-0.00166418
-0.00157002
-0.00141777
-0.00121395
-0.000966953
-0.000686726
-0.000384348
-7.16111e-05
0.000239446
0.000536994
0.000809867
0.00104797
0.00124267
0.00138708
0.00147632
0.00150768
0.00148068
0.00139707
0.00126075
0.00107757
0.000855085
0.000602266
0.000329111
4.62683e-05
-0.000235382
-0.000505149
-0.000752933
-0.000969606
-0.00114734
-0.0012799
-0.00136285
-0.0013937
-0.00137195
-0.00129915
-0.00117871
-0.00101585
-0.000817294
-0.000591037
-0.00034602
-9.17737e-05
0.000161948
0.000405538
0.000629902
0.000826803
0.000989159
0.0011113
0.00118914
0.00122036
0.00120442
0.00114258
0.00103783
0.000894715
0.000719199
0.000518384
0.000300238
7.32756e-05
-0.000153772
-0.000372289
-0.000574099
-0.000751772
-0.000898893
-0.00101033
-0.00108482
-0.00112093
-0.00111579
-0.0010686
-0.000981656
-0.000858718
-0.000704895
-0.000526405
-0.000330194
-0.000123069
8.77578e-05
0.000295034
0.00049174
0.000671094
0.00082529
0.00094834
0.00103527
0.0010825
0.00108799
0.00105127
0.000973456
0.000857876
0.000709534
0.000534605
0.00034018
0.000133993
-7.58885e-05
-0.000281368
-0.000474632
-0.000648441
-0.000796393
-0.000913163
-0.000994684
-0.00103829
-0.00104278
-0.00100848
-0.000937168
-0.000832006
-0.000697403
-0.000538823
-0.000362565
-0.000175511
1.51431e-05
0.000202165
0.00037856
0.000537833
0.000674228
0.000782931
0.000860243
0.000903703
0.000912159
0.000885787
0.000826073
0.000735745
0.00061865
0.000479595
0.000324153
0.00015844
-1.11177e-05
-0.000178129
-0.00033629
-0.000479637
-0.000602936
-0.00070174
-0.000772616
-0.000813237
-0.000822463
-0.000800363
-0.000748201
-0.000668335
-0.000568328
-0.000447927
-0.000316491
-0.000178712
-3.78896e-05
0.000102211
0.000236379
0.000359657
0.000468695
0.000560532
0.000632853
0.000684088
0.000713459
0.000719588
0.000701622
0.000659697
0.00059481
0.000508795
0.00040423
0.000284564
0.000154618
1.95244e-05
-0.000115466
-0.000245188
-0.000364751
-0.000469723
-0.00055629
-0.000621392
-0.000662828
-0.000679326
-0.000670578
-0.000637237
-0.00058088
-0.000503933
-0.000409568
-0.00030157
-0.000184186
-6.19553e-05
6.04648e-05
0.000178478
0.000287723
0.000384232
0.000464579
0.000525995
0.000566467
0.000584799
0.000580646
0.000554512
0.000507722
0.000442356
0.000361163
0.000267451
0.000164945
5.76464e-05
-5.03305e-05
-0.000154909
-0.000252207
-0.000338672
-0.000411211
-0.000467299
-0.000505076
-0.000523393
-0.000521851
-0.000500794
-0.000461302
-0.000405132
-0.000334641
-0.000252691
-0.00016253
-6.76757e-05
2.81151e-05
0.000111846
0.000183523
0.000242801
0.000289514
0.000323124
0.00034278
0.000348156
0.000343159
0.000328016
0.000304111
0.00027316
0.000236196
0.00019416
0.000148125
9.92182e-05
4.85878e-05
-2.43192e-06
-5.20036e-05
-9.83761e-05
-0.000139948
-0.000175322
-0.000203353
-0.000223187
-0.000234284
-0.000236432
-0.000229754
-0.00021469
-0.000191979
-0.000162627
-0.000127862
-8.9087e-05
-4.78239e-05
-5.65598e-06
3.58326e-05
7.51146e-05
0.000110775
0.000141563
0.000166431
0.000184573
0.000195448
0.000198797
0.000194643
0.000183288
0.000165294
0.000141456
0.000112768
8.03853e-05
4.55722e-05
9.65796e-06
-2.60158e-05
-6.01433e-05
-9.15016e-05
-0.000118992
-0.000141687
-0.000158851
-0.000169965
-0.000174741
-0.000173134
-0.000165329
-0.00015174
-0.000132982
-0.00010985
-8.32831e-05
-5.433e-05
-2.41068e-05
6.25288e-06
3.56299e-05
6.29617e-05
8.72798e-05
0.000107665
0.000123357
0.000123351
0.000109294
8.41033e-05
5.06705e-05
1.10173e-05
-3.32532e-05
-7.33415e-05
-0.000106246
-0.000130874
-0.000146317
-0.000152073
-0.000148704
-0.000136643
-0.000116705
-8.99983e-05
-5.78761e-05
-2.1876e-05
1.63407e-05
5.50559e-05
9.2563e-05
0.000127235
0.000157587
0.000182334
0.000200439
0.000211149
0.000214022
0.000208941
0.000196113
0.000176055
0.000149573
0.000117723
8.17661e-05
4.3116e-05
3.28123e-06
-3.61964e-05
-7.38033e-05
-0.000108114
-0.000137845
-0.000161906
-0.000179439
-0.000189849
-0.000192826
-0.000188351
-0.000176697
-0.000158415
-0.000134307
-0.000105394
-7.28742e-05
-3.80741e-05
-2.39436e-06
3.27462e-05
6.59672e-05
9.59892e-05
0.000121674
0.000142067
0.000156431
0.000164276
0.000165371
0.000159753
0.000149411
0.000133279
0.000111624
8.5369e-05
5.56969e-05
2.37197e-05
-9.27441e-06
-4.19714e-05
-7.30013e-05
-0.0001014
-0.000135727
-0.000171472
-0.000204982
-0.000233056
-0.000253569
-0.000265607
-0.000268613
-0.000258601
-0.000236251
-0.000201915
-0.000156381
-0.000101817
-4.09973e-05
2.3056e-05
8.71596e-05
0.000148103
0.000202977
0.000249678
0.000286442
0.000311912
0.00032518
0.000325824
0.000313916
0.000290016
0.000255142
0.000210729
0.000158564
0.000100718
3.94607e-05
-2.28318e-05
-8.3767e-05
-0.00014103
-0.000192471
-0.00023619
-0.0002706
-0.000294493
-0.000307075
-0.000307996
-0.000297356
-0.000275697
-0.000243976
-0.000203523
-0.000155987
-0.000103267
-4.74375e-05
9.33147e-06
6.48601e-05
