0.00423207
0.00780508
0.0104916
0.0122339
0.0130842
0.0129994
0.0120387
0.0103048
0.00790433
0.00498621
0.00169774
-0.00179027
-0.00531165
-0.0087018
-0.0118087
-0.0144971
-0.0166542
-0.018193
-0.0190556
-0.0192145
-0.0186728
-0.0174634
-0.015646
-0.0133048
-0.010543
-0.0074791
-0.00424048
-0.000958383
0.00223766
0.00522518
0.00789356
0.0101482
0.0119139
0.0131341
0.0137807
0.0138474
0.0133508
0.0123298
0.0108425
0.00896401
0.00678247
0.00439544
0.00190565
-0.000583201
-0.00297061
-0.00516316
-0.00707806
-0.00864609
-0.00981397
-0.010546
-0.0108249
-0.0106521
-0.0100469
-0.0090454
-0.00769833
-0.00606882
-0.0042294
-0.00225891
-0.000239173
0.00174834
0.00362575
0.00532172
0.00677416
0.00793235
0.00875871
0.00922984
0.00933711
0.00908657
0.00849829
0.0076052
0.00643973
0.00506691
0.00355905
0.00196872
0.000362477
-0.00119451
-0.00265964
-0.00398411
-0.00508693
-0.00593045
-0.00648862
-0.00674777
-0.00670681
-0.00637694
-0.00578083
-0.00495139
-0.00393011
-0.00276508
-0.00150887
-0.00021618
0.00105847
0.00226299
0.00334981
0.00427768
0.00501321
0.00553199
0.00581929
0.00587041
0.00569052
0.00529415
0.00470431
0.00395125
0.00307095
0.00210351
0.00109128
7.70836e-05
-0.000897556
-0.00179413
-0.00257859
-0.00322267
-0.00370481
-0.00401086
-0.00413444
-0.00407691
-0.00384711
-0.00346065
-0.00293908
-0.00230874
-0.00159946
-0.000843233
-7.27613e-05
0.000679926
0.00138497
0.00201531
0.0025481
0.00296526
0.00325402
0.00340724
0.00342364
0.00330755
0.0030678
0.00271558
0.00226858
0.00174852
0.00117961
0.000587233
-3.36591e-06
-0.000568853
-0.00108766
-0.0015408
-0.00191252
-0.00219086
-0.00229421
-0.00221486
-0.00198698
-0.00164217
-0.00121102
-0.00072587
-0.000263597
0.000132467
0.000415282
0.000548556
0.000538505
0.000412121
0.00024724
9.20134e-05
-3.59178e-05
-0.00013352
-0.000199037
-0.000231981
-0.000233135
-0.000204501
-0.000149203
-7.13431e-05
2.41897e-05
0.000131934
0.000246095
0.000360785
0.000470276
0.000569229
0.000652909
0.000717385
0.000759642
0.000777707
0.000770712
0.000738898
0.000683583
0.000607085
0.000512597
0.000404041
0.000285885
0.000162942
4.01632e-05
-7.75769e-05
-0.000185687
-0.000280058
-0.000357227
-0.000414527
-0.000450178
-0.000463351
-0.000454184
-0.000423717
-0.000373928
-0.000307467
-0.000227535
-0.000137778
-4.21392e-05
5.52998e-05
0.000150485
0.000239541
0.000318915
0.000385548
0.000436904
0.000471087
0.0004869
0.000483879
0.000462292
0.000423123
0.000368016
0.000299211
0.000219443
0.000144564
6.94334e-05
-9.98125e-06
-9.02762e-05
-0.000168089
-0.000267943
-0.000399158
-0.000563201
-0.000756737
-0.000973195
-0.00120377
-0.00143823
-0.00166551
-0.00187434
-0.00205144
-0.00220431
-0.00231588
-0.00237258
-0.00236518
-0.00229069
-0.00208933
-0.00171096
-0.00116942
-0.000500261
0.000257355
0.00106233
0.00187335
0.00265049
0.00335688
0.00396
0.00443298
0.0047554
0.00491399
0.00490292
0.00472384
0.00436703
0.00385683
0.00322435
0.00250262
0.00172122
0.000911571
0.000105619
-0.000665536
-0.00137294
-0.00199096
-0.00249828
-0.00287873
-0.00312181
-0.00322296
-0.00318358
-0.00301074
-0.0027167
-0.00231823
-0.00183578
-0.00129249
-0.000713192
-0.0001233
0.000452241
0.000989952
0.00146872
0.00187057
0.0021813
0.00239093
0.00249391
0.00248923
0.00238026
0.00217445
0.00188293
0.00151989
0.000889183
0.000260982
-0.000341935
-0.000898295
-0.00138914
-0.00179854
-0.00213289
-0.00240238
-0.00260249
-0.00272823
-0.00277568
-0.00274276
-0.00262948
-0.00243869
-0.00217598
-0.00184927
-0.0014685
-0.00104529
-0.00059251
-0.000123904
0.000346741
0.000806048
0.00124152
0.00164197
0.00199785
0.00230161
0.00254484
0.00271575
0.00280608
0.00281123
0.00273039
0.00256644
0.00232566
0.00201744
0.00165378
0.00124879
0.000818009
0.000377764
-5.54912e-05
-0.000426754
-0.000767777
-0.0010664
-0.00131242
-0.00149799
-0.00161787
-0.00166959
-0.0016535
-0.00157267
-0.00143271
-0.00124145
-0.00100859
-0.00074523
-0.000463436
-0.000175649
0.000105876
0.000369524
0.000604795
0.000802714
0.000956157
0.00106009
0.00111169
0.00111041
0.00105794
0.000958005
0.000816199
0.000639641
0.000436644
0.000216324
-1.18114e-05
-0.000238265
-0.000453943
-0.00061123
-0.000687706
-0.000709516
-0.000698789
-0.000682876
-0.000691175
-0.000737336
-0.000824962
-0.000952499
-0.00111495
-0.00130637
-0.00151874
-0.00174145
-0.00196258
-0.00217013
-0.00235253
-0.00249828
-0.00259523
-0.00263283
-0.00260351
-0.00250291
-0.00232992
-0.00208659
-0.001778
-0.00141196
-0.000998671
-0.000550233
-8.01436e-05
0.000397264
0.000867405
0.00131602
0.00172972
0.00209649
0.00240611
0.00265049
0.00282393
0.00303589
0.00321932
0.00339216
0.00354742
0.00366771
0.00373847
0.00374837
0.00368964
0.00355826
0.00335394
0.00307995
0.0027429
0.00235228
0.00191996
0.0014596
0.000986011
0.000514459
6.00514e-05
-0.000362923
-0.000741573
-0.00106491
-0.00132427
-0.0015136
-0.00162966
-0.00167207
-0.00164329
-0.00154836
-0.00139472
-0.00119177
-0.000950479
-0.000682893
-0.000401616
-0.000119303
0.000151843
0.000417452
0.000658808
0.000858514
0.00100485
0.00109476
0.00112374
0.00107878
0.000960007
0.000775402
0.000536771
0.000258655
-4.18411e-05
-0.000346482
-0.000636735
-0.000897936
-0.00112124
-0.00129949
-0.0014275
-0.00150216
-0.00152252
-0.0014898
-0.00140723
-0.00127988
-0.00111442
-0.000918814
-0.00070193
-0.000473204
-0.000242239
-1.84158e-05
0.000189462
0.000373505
0.000527024
0.000644755
0.00072303
0.000759877
0.000755051
0.000709992
0.000627732
0.000506043
0.00035775
0.000190428
1.1393e-05
-0.000171763
-0.000351484
-0.000520559
-0.000672404
-0.000801316
-0.000902676
-0.000973108
-0.00101058
-0.00101445
-0.000985438
-0.000925636
-0.000838305
-0.000727723
-0.000598976
-0.000457723
-0.000309947
-0.000161704
-1.88684e-05
0.000113092
0.000229326
0.000325773
0.000399304
0.000447815
0.000470276
0.000466738
0.000438285
0.000386962
0.000315657
0.000239708
0.000153475
5.62281e-05
-4.76081e-05
-0.000163142
-0.00028294
-0.000401008
-0.000508491
-0.000597143
-0.000662574
-0.00070299
-0.000717634
-0.000706785
-0.000671716
-0.000614613
-0.000538457
-0.000446886
-0.000344027
-0.00023432
-0.000122326
-1.25486e-05
9.07482e-05
0.0001837
0.000262981
0.000325918
0.000370578
0.000395814
0.000401291
0.000387471
0.000355567
0.000307477
0.000245675
0.000173104
9.30383e-05
8.9442e-06
-7.56696e-05
-0.000157389
-0.000233028
-0.000299747
-0.000355155
-0.000397393
-0.000425189
-0.000437894
-0.000435487
-0.000418555
-0.000388251
-0.000346222
-0.00029453
-0.00023555
-0.000171862
-0.00010617
-4.11101e-05
2.08107e-05
7.73054e-05
0.000126387
0.000166438
0.000196256
0.00021509
0.000222649
0.000219094
0.000205017
0.000181398
0.000149554
0.000111072
6.77374e-05
2.14575e-05
-2.5818e-05
-7.21759e-05
-0.000115812
-0.000155097
-0.000174845
-0.000183913
-0.000189256
-0.000190625
-0.000187949
-0.000181327
-0.000181185
-0.000194486
-0.000219941
-0.000254029
-0.000291577
-0.000326362
-0.000351658
-0.000360724
-0.00034713
-0.00031241
-0.000259219
-0.000190815
-0.000110916
-2.35446e-05
6.71339e-05
0.000156977
0.000242025
0.000318649
0.000383678
0.000434515
0.000469217
0.000486556
0.000486042
0.000467926
0.000433176
0.000383403
0.000320796
0.000248016
0.000168073
8.41968e-05
-2.97547e-07
-8.21439e-05
-0.000158255
-0.000225843
-0.000282523
-0.000326397
-0.000356126
-0.000370963
-0.000370778
-0.00035604
-0.000327788
-0.000287574
-0.000237349
-0.000179443
-0.000116434
-5.10525e-05
1.39693e-05
7.60038e-05
0.00013263
0.000181722
0.000221526
0.000250718
0.000268441
0.000274325
0.000268483
0.000251496
0.000224368
0.000188477
0.000145502
9.73502e-05
4.60712e-05
-6.2281e-06
-5.74681e-05
-0.000105671
-0.000137174
-0.000158778
-0.000176201
-0.00018873
-0.000195872
-0.000220599
-0.000270797
-0.000347151
-0.000446339
-0.000562603
-0.000688706
-0.000816657
-0.000938371
-0.00104642
-0.00107262
-0.00102072
-0.000898403
-0.000715145
-0.000482369
-0.00021298
7.91968e-05
0.000379975
0.000675375
0.000952165
0.00119835
0.0014036
0.00155961
0.00166037
0.00170233
0.00168444
0.00160818
0.00147734
0.00129787
0.00107754
0.000825607
0.000552375
0.000268771
-1.41124e-05
-0.000285472
-0.00053522
-0.000754368
-0.000935366
-0.00107237
-0.00116144
-0.00120066
-0.00119012
-0.00113193
-0.00103
-0.0008899
-0.000718529
-0.000523837
-0.000314434
-9.92579e-05
0.000112795
0.000313228
0.000494272
0.000649177
0.000772452
0.000860044
0.000909459
0.000919807
0.000891799
0.00082766
0.000730994
0.000606578
0.000454057
0.000287109
0.0001127
-6.21224e-05
-0.000239503
-0.000393865
-0.000529548
-0.000641817
-0.000726988
-0.000782551
-0.000807228
-0.000811905
-0.000815336
-0.000805245
-0.000779071
-0.000733848
-0.000666569
-0.000574521
-0.000455595
-0.000313252
-0.000154583
9.58718e-06
0.000175676
0.000336423
0.000485043
0.000615474
0.00072259
0.000802369
0.000852012
0.000870016
0.000856192
0.000811628
0.000738612
0.000640505
0.000521578
0.000386824
0.000241726
9.20401e-05
-5.64417e-05
-0.000198118
-0.000327792
-0.000440869
-0.000533515
-0.00060279
-0.000646741
-0.000664452
-0.000656051
-0.000622684
-0.000566441
-0.000490252
-0.00039774
-0.000293068
-0.000180753
-6.54782e-05
4.80937e-05
0.000155507
0.000252684
0.000336083
0.000402821
0.000450767
0.000478601
0.000485836
0.000472816
0.000440667
0.000391229
0.000326958
0.000250817
0.000166134
7.64645e-05
-1.45607e-05
-0.000103375
-0.000186614
-0.00026124
-0.000324646
-0.000374742
-0.000410031
-0.000429584
-0.000433133
-0.000291666
3.32882e-05
0.000484933
0.00100531
0.00154501
0.00206136
0.00252813
0.00278484
0.00283555
0.00269162
0.00237114
0.00189805
0.00130107
0.000612476
-0.00013321
-0.00090066
-0.00165509
-0.0023636
-0.00299639
-0.00352781
-0.00399078
-0.00435785
-0.0046068
-0.00472198
-0.00469415
-0.00452026
-0.00420316
-0.00375126
-0.00317516
-0.00248975
-0.00171367
-0.000873602
-5.28821e-06
0.000855491
0.00167432
0.00241945
0.00306294
0.00358166
0.00395804
0.00418065
0.00424449
0.00415098
0.00390772
0.00352807
0.00303038
0.00243715
0.001774
0.00106858
0.000349277
-0.000355747
-0.00101971
-0.00161819
-0.00213004
-0.00253811
-0.0028298
-0.00299741
-0.00303831
-0.00295487
-0.00275425
-0.00244796
-0.00205124
-0.00158239
-0.00106196
-0.000511834
4.56229e-05
0.000588465
0.001096
0.00154956
0.00193308
0.00223378
0.00244254
0.00255418
0.0025675
0.00291626
0.00356225
0.00444209
0.00549679
0.00666821
0.00786812
0.00901978
0.00999296
0.0104925
0.010314
0.00941401
0.00786868
0.00578523
0.00327941
0.000434407
-0.0025961
-0.00567251
-0.00865729
-0.01142
-0.0138234
-0.0157749
-0.0172024
-0.018056
-0.0183092
-0.0179598
-0.0170283
-0.0155573
-0.0136087
-0.0112612
-0.0086069
-0.00574729
-0.00278928
0.000151366
0.00296987
0.00556949
0.00786348
0.00978707
0.0112737
0.0122897
0.012813
0.0128397
0.0123844
0.0114791
0.010172
0.00852475
0.00661028
0.00450925
0.0023068
8.92392e-05
-0.00205926
-0.00405974
-0.0058412
-0.00734306
-0.00851701
-0.00932845
-0.00975739
-0.00979873
-0.0094619
-0.00877007
-0.00775882
-0.0064745
-0.00497208
-0.00331291
-0.00156221
0.000224259
0.00196828
0.00364201
0.00519261
0.00651704
0.00757121
0.008326
0.00876426
0.00887906
0.0086754
0.00816969
0.00738889
0.00636923
0.00515462
0.00379488
0.00234374
0.000856741
-0.000610766
-0.0020057
-0.00327908
-0.00438773
-0.00529567
-0.00597522
-0.00640777
-0.0065842
-0.00650494
-0.00617975
-0.00562704
-0.00487305
-0.00395064
-0.00289798
-0.00175697
-0.000571643
0.000613469
0.00175497
0.00281214
0.00374837
0.00453235
0.00513914
0.00555088
0.00575731
0.00575595
0.00555202
0.00515811
0.00459346
0.00388312
0.00305685
0.00214789
0.00119162
0.000224197
-0.000718788
-0.00160349
-0.00239903
-0.00307863
-0.00362042
-0.0040082
-0.00423186
-0.0042876
-0.00417792
-0.00391127
-0.00350166
-0.00296796
-0.00233311
-0.00162313
-0.000866123
-9.11387e-05
0.000672893
0.00139824
0.00205933
0.00263368
0.00313606
0.00354989
0.00384077
0.00398495
0.00397996
0.00382911
0.00354111
0.00312951
0.00261091
0.00199756
0.00130598
0.000555316
-0.000233229
-0.00103422
-0.00180281
-0.00250555
-0.00310961
-0.00358654
-0.00391322
-0.00407264
-0.0040544
-0.00386248
-0.00351043
-0.00301713
-0.00240603
-0.00170412
-0.000940925
-0.000147298
0.000645678
0.00140784
0.00211105
0.00273009
0.00324354
0.00363448
0.00389096
0.00400633
0.00397932
0.00381399
0.00351942
0.00310926
0.00260109
0.00201573
0.00137637
0.00070765
3.47085e-05
-0.000617752
-0.00122639
-0.00177006
-0.00223054
-0.00259315
-0.00284721
-0.00298655
-0.00300939
-0.00291826
-0.00271981
-0.00242443
-0.00204572
-0.00159995
-0.00110533
-0.000581331
-4.78946e-05
0.000475288
0.00096943
0.00141735
0.00180402
0.00211707
0.00234711
0.00248803
0.00253706
0.00249482
0.00239798
0.00221433
0.00200315
0.00176535
0.00148544
0.00115541
0.000786879
0.000393209
-2.29466e-05
-0.00045514
-0.000895437
-0.00133515
-0.00176525
-0.00216289
-0.00250357
-0.0027666
-0.00293447
-0.00299346
-0.00293417
-0.00275408
-0.00246377
-0.00207749
-0.0016126
-0.00108882
-0.000527488
4.92339e-05
0.000619204
0.00116108
0.00165509
0.00208368
0.00243214
0.00268903
0.00284655
0.00290073
0.00285149
0.00270256
0.00246127
0.0021382
0.00174675
0.00130253
0.000822831
0.000325863
-0.000169877
-0.000646323
-0.00108651
-0.00147517
-0.00179927
-0.00204847
-0.00221539
-0.00229588
-0.00228906
-0.00219717
-0.00202561
-0.00178259
-0.00147881
-0.001127
-0.000741365
-0.000337039
7.05211e-05
0.000466095
0.000835282
0.00116501
0.00144399
0.00166311
0.00181568
0.00189768
0.0019078
0.00184743
0.00172053
0.00153343
0.00129447
0.00110871
0.0009494
0.00079857
0.000641994
0.000475139
0.000302754
0.000130019
-7.84924e-05
-0.00031243
-0.000569145
-0.000845263
-0.0011263
-0.00139457
-0.00163292
-0.00182523
-0.00195709
-0.00201863
-0.00200875
-0.00192911
-0.00178396
-0.00157996
-0.0013258
-0.00103188
-0.000709835
-0.000372082
-3.13387e-05
0.000299858
0.000609622
0.000887141
0.00112307
0.00130981
0.00144179
0.0015156
0.00153008
0.00148632
0.00138753
0.00123892
0.00104744
0.000821462
0.000570469
0.00030464
3.44746e-05
-0.000229625
-0.000477743
-0.000700822
-0.000890987
-0.00104182
-0.00114856
-0.00120826
-0.00121984
-0.00118408
-0.00110353
-0.000982359
-0.000826152
-0.000641691
-0.000436642
-0.000219249
1.99138e-06
0.000218658
0.000422717
0.000606815
0.00076454
0.000890633
0.000981155
0.0010336
0.00104691
0.00102154
0.000959362
0.000863578
0.000738567
0.000589674
0.000540666
0.000570132
0.000646592
0.00074338
0.000847059
0.000951181
0.000979135
0.000920832
0.000785205
0.000581401
0.000320586
2.20516e-05
-0.000299121
-0.000627715
-0.000948928
-0.00124888
-0.00151511
-0.00173691
-0.00190575
-0.00201541
-0.0020622
-0.00204494
-0.00196496
-0.00182594
-0.0016337
-0.00139592
-0.00112178
-0.00082158
-0.000506346
-0.000187355
0.000124259
0.000417923
0.000683991
0.000914077
0.00110133
0.00124063
0.00132874
0.00136437
0.00134817
0.00128264
0.00117201
0.00102201
0.000839666
0.000632919
0.000410367
0.000180895
-4.66556e-05
-0.000263822
-0.000462815
-0.000636797
-0.000780081
-0.000888299
-0.000958537
-0.000989376
-0.000980897
-0.000934629
-0.000853442
-0.000741396
-0.000603551
-0.000462581
-0.000308614
-0.000143666
2.57523e-05
0.000192334
0.000350949
0.000495953
0.000622362
0.000726099
0.000803982
0.00094925
0.00112268
0.0012943
0.00143853
0.00154006
0.00159475
0.00160055
0.00151677
0.0013504
0.00110285
0.000778399
0.000394597
-2.61189e-05
-0.00046018
-0.000883619
-0.00127309
-0.00160892
-0.00187992
-0.00207761
-0.00219648
-0.00223405
-0.00219093
-0.00207062
-0.00187938
-0.00162586
-0.00132076
-0.000976371
-0.000606067
-0.000223822
0.000156328
0.000520798
0.00085693
0.00115342
0.00140071
0.00159126
0.00171979
0.00178341
0.00178166
0.00171647
0.001592
0.00141449
0.00119191
0.000933692
0.000650304
0.000352851
5.2644e-05
-0.000239218
