0
0
0
0
0
0
0
0
0
0
0
0
0
0
0
0
0
0
0
0
0
2.29412e-17
2.06836e-16
7.59194e-16
1.74451e-15
3.2506e-15
5.36522e-15
8.29645e-15
2.45354e-11
1.94489e-10
4.39442e-08
3.65711e-07
1.33058e-06
3.40043e-06
7.12432e-06
1.31296e-05
2.21133e-05
3.48345e-05
5.21066e-05
7.47908e-05
0.000103789
0.000140022
0.000184351
0.000237565
0.000300387
0.000373472
0.000457414
0.000552749
0.00065996
0.000779476
0.000911678
0.0010569
0.00121543
0.00138752
0.00157339
0.00177319
0.00198709
0.00221517
0.00245751
0.00271414
0.00298505
0.00327024
0.00356969
0.00388334
0.00421113
0.00455297
0.00490874
0.00527834
0.00566161
0.00605839
0.00646852
0.00689179
0.00732803
0.007777
0.00823849
0.00871226
0.00919807
0.00969566
0.0102048
0.0107251
0.0112564
0.0117984
0.0123508
0.0129132
0.0134854
0.014067
0.0146577
0.0152573
0.0158653
0.0164814
0.0171053
0.0177366
0.0183751
0.0190205
0.0196729
0.0203321
0.0209982
0.0216714
0.0223518
0.0230397
0.0237353
0.0244389
0.025151
0.0258723
0.0266032
0.0273445
0.0280967
0.0288607
0.0296372
0.0304269
0.0312308
0.0320497
0.0328842
0.033735
0.0346025
0.0354871
0.0363891
0.0373085
0.0382456
0.0392002
0.0401722
0.0411613
0.0421674
0.04319
0.0442287
0.0452829
0.0463522
0.0474358
0.0485331
0.0496433
0.0507659
0.0519
0.0530445
0.0541986
0.0553612
0.0565314
0.057708
0.0588899
0.0600759
0.0612649
0.0624559
0.0636489
0.0648442
0.0660419
0.0672422
0.0684452
0.0696511
0.0708599
0.0720717
0.0732864
0.0745041
0.0757247
0.0769483
0.0781747
0.0794037
0.0806354
0.0818696
0.0831061
0.0843447
0.0855852
0.0868275
0.0880713
0.0893164
0.0905628
0.0918105
0.0930595
0.0943099
0.0955619
0.0968159
0.0980719
0.0993303
0.100591
0.101856
0.103124
0.104397
0.105674
0.106957
0.108247
0.109543
0.110848
0.112161
0.113483
0.114816
0.116159
0.117513
0.118878
0.120254
0.121642
0.123041
0.124452
0.125873
0.127305
0.128747
0.130199
0.13166
0.133129
0.134606
0.13609
0.137579
0.139074
0.140574
0.142077
0.143582
0.145088
0.146594
0.148099
0.149601
0.151099
0.152592
0.154078
0.155556
0.157027
0.15849
0.159947
0.161397
0.162842
0.164281
0.165714
0.167143
0.168567
0.169987
0.171402
0.172813
0.17422
0.175623
0.177022
0.178417
0.179808
0.181196
0.18258
0.183959
0.185335
0.186708
0.188076
0.18944
0.190801
0.192159
0.193514
0.194866
0.196217
0.197565
0.198913
0.20026
0.201606
0.202954
0.204303
0.205654
0.207009
0.208368
0.209731
0.2111
0.212476
0.213859
0.215249
0.216649
0.218057
0.219474
0.2209
0.222336
0.223781
0.225234
0.226697
0.228168
0.229647
0.231133
0.232627
0.234126
0.235631
0.237141
0.238655
0.240173
0.241692
0.243213
0.244734
0.246254
0.247772
0.249287
0.250797
0.252302
0.253799
0.255288
0.256768
0.258242
0.259708
0.261168
0.262621
0.264069
0.265511
0.266948
0.268379
0.269806
0.271229
0.272646
0.27406
0.275469
0.276875
0.278276
0.279673
0.281066
0.282455
0.28384
0.285221
0.286598
0.287971
0.289339
0.290705
0.292066
0.293425
0.294781
0.296135
0.297487
0.298838
0.300188
0.301538
0.302888
0.30424
0.305594
0.306951
0.308312
0.309678
0.311049
0.312427
0.313812
0.315205
0.316606
0.318016
0.319435
0.320863
0.3223
0.323746
0.325201
0.326665
0.328138
0.329618
0.331105
0.3326
0.3341
0.335607
0.337118
0.338632
0.340151
0.341671
0.343193
0.344714
0.346235
0.347754
0.34927
0.35078
0.352285
0.353783
0.355273
0.356754
0.358228
0.359695
0.361155
0.362609
0.364057
0.365499
0.366937
0.368369
0.369796
0.371219
0.372637
0.374051
0.375461
0.376866
0.378268
0.379665
0.381058
0.382448
0.383833
0.385214
0.386591
0.387964
0.389333
0.390699
0.392061
0.39342
0.394776
0.39613
0.397483
0.398833
0.400184
0.401534
0.402884
0.404236
0.405591
0.406948
0.408309
0.409675
0.411046
0.412424
0.413809
0.415202
0.416603
0.418013
0.419432
0.42086
0.422298
0.423744
0.425199
0.426663
0.428136
0.429616
0.431103
0.432598
0.434099
0.435605
0.437116
0.438631
0.440149
0.44167
0.443191
0.444713
0.446234
0.447753
0.449268
0.450779
0.452284
0.453782
0.455272
0.456753
0.458227
0.459694
0.461154
0.462608
0.464056
0.465499
0.466936
0.468368
0.469795
0.471218
0.472636
0.47405
0.47546
0.476866
0.478267
0.479665
0.481058
0.482447
0.483833
0.485214
0.486591
0.487964
0.489333
0.490699
0.492061
0.49342
0.494776
0.49613
0.497482
0.498833
0.500183
0.501533
0.502884
0.504236
0.50559
0.506948
0.508309
0.509674
0.511046
0.512424
0.513809
0.515202
0.516603
0.518013
0.519432
0.52086
0.522297
0.523744
0.525199
0.526663
0.528135
0.529616
0.531103
0.532598
0.534099
0.535605
0.537116
0.538631
0.540149
0.541669
0.543191
0.544713
0.546234
0.547753
0.549268
0.550779
0.552284
0.553782
0.555271
0.556753
0.558227
0.559694
0.561154
0.562608
0.564056
0.565499
0.566936
0.568368
0.569795
0.571218
0.572636
0.57405
0.57546
0.576866
0.578267
0.579664
0.581058
0.582447
0.583833
0.585214
0.586591
0.587964
0.589333
0.590698
0.592061
0.59342
0.594776
0.59613
0.597482
0.598833
0.600183
0.601533
0.602884
0.604236
0.60559
0.606947
0.608309
0.609674
0.611046
0.612424
0.613809
0.615202
0.616603
0.618013
0.619432
0.62086
0.622297
0.623744
0.625199
0.626663
0.628135
0.629616
0.631103
0.632598
0.634099
0.635605
0.637116
0.638631
0.640149
0.641669
0.643191
0.644713
0.646234
0.647753
0.649268
0.650779
0.652284
0.653782
0.655271
0.656753
0.658227
0.659694
0.661154
0.662608
0.664056
0.665499
0.666936
0.668368
0.669795
0.671218
0.672636
0.67405
0.67546
0.676866
0.678267
0.679664
0.681058
0.682447
0.683833
0.685214
0.686591
0.687964
0.689333
0.690698
0.692061
0.69342
0.694776
0.69613
0.697482
0.698833
0.700183
0.701533
0.702884
0.704236
0.70559
0.706947
0.708309
0.709674
0.711046
0.712424
0.713809
0.715202
0.716603
0.718013
0.719432
0.72086
0.722297
0.723744
0.725199
0.726663
0.728135
0.729616
0.731103
0.732598
0.734099
0.735605
0.737116
0.738631
0.740149
0.741669
0.743191
0.744713
0.746234
0.747753
0.749268
0.750779
0.752284
0.753782
0.755271
0.756753
0.758227
0.759694
0.761154
0.762608
0.764056
0.765499
0.766936
0.768368
0.769795
0.771218
0.772636
0.77405
0.77546
0.776866
0.778267
0.779664
0.781058
0.782447
0.783833
0.785214
0.786591
0.787964
0.789333
0.790698
0.792061
0.79342
0.794776
0.79613
0.797482
0.798833
0.800183
0.801533
0.802884
0.804236
0.80559
0.806947
0.808309
0.809674
0.811046
0.812424
0.813809
0.815202
0.816603
0.818013
0.819432
0.82086
0.822297
0.823744
0.825199
0.826663
0.828135
0.829616
0.831103
0.832598
0.834099
0.835605
0.837116
0.838631
0.840149
0.841669
0.843191
0.844713
0.846234
0.847753
0.849268
0.850779
0.852284
0.853782
0.855271
0.856753
0.858227
0.859694
0.861154
0.862608
0.864056
0.865499
0.866936
0.868368
0.869795
0.871218
0.872636
0.87405
0.87546
0.876866
0.878267
0.879664
0.881058
0.882447
0.883833
0.885214
0.886591
0.887964
0.889333
0.890698
0.892061
0.89342
0.894776
0.89613
0.897482
0.898833
0.900183
0.901533
0.902884
0.904236
0.90559
0.906947
0.908309
0.909674
0.911046
0.912424
0.913809
0.915202
0.916603
0.918013
0.919432
0.92086
0.922297
0.923744
0.925199
0.926663
0.928135
0.929616
0.931103
0.932598
0.934099
0.935605
0.937116
0.938631
0.940149
0.941669
0.943191
0.944713
0.946234
0.947753
0.949268
0.950779
0.952284
0.953782
0.955271
0.956753
0.958227
0.959694
0.961154
0.962608
0.964056
0.965499
0.966936
0.968368
0.969795
0.971218
0.972636
0.97405
0.97546
0.976866
0.978267
0.979664
0.981058
0.982447
0.983833
0.985214
0.986591
0.987964
0.989333
0.990698
0.992061
0.99342
0.994776
0.99613
0.997482
0.998833
1.00018
1.00153
1.00288
1.00424
1.00559
1.00695
1.00831
1.00967
1.01105
1.01242
1.01381
1.0152
1.0166
1.01801
1.01943
1.02086
1.0223
1.02374
1.0252
1.02666
1.02814
1.02962
1.0311
1.0326
1.0341
1.0356
1.03712
1.03863
1.04015
1.04167
1.04319
1.04471
1.04623
1.04775
1.04927
1.05078
1.05228
1.05378
1.05527
1.05675
1.05823
1.05969
1.06115
1.06261
1.06406
1.0655
1.06694
1.06837
1.0698
1.07122
1.07264
1.07405
1.07546
1.07687
1.07827
1.07966
1.08106
1.08245
1.08383
1.08521
1.08659
1.08796
1.08933
1.0907
1.09206
1.09342
1.09478
1.09613
1.09748
1.09883
1.10018
1.10153
1.10288
1.10424
1.10559
1.10695
1.10831
1.10967
1.11105
1.11242
1.11381
1.1152
1.1166
1.11801
1.11943
1.12086
1.1223
1.12374
1.1252
1.12666
1.12814
1.12962
1.1311
1.1326
1.1341
1.1356
1.13712
1.13863
1.14015
1.14167
1.14319
1.14471
1.14623
1.14775
1.14927
1.15078
1.15228
1.15378
1.15527
1.15675
1.15823
1.15969
1.16115
1.16261
1.16406
1.1655
1.16694
1.16837
1.1698
1.17122
1.17264
1.17405
1.17546
1.17687
1.17827
1.17966
1.18106
1.18245
1.18383
1.18521
1.18659
1.18796
1.18933
1.1907
1.19206
1.19342
1.19478
1.19613
1.19748
1.19883
1.20018
1.20153
1.20288
1.20424
1.20559
1.20695
1.20831
1.20967
1.21105
1.21242
1.21381
1.2152
1.2166
1.21801
1.21943
1.22086
1.2223
1.22374
1.2252
1.22666
1.22814
1.22962
1.2311
1.2326
1.2341
1.2356
1.23712
1.23863
1.24015
1.24167
1.24319
1.24471
1.24623
1.24775
1.24927
1.25078
1.25228
1.25378
1.25527
1.25675
1.25823
1.25969
1.26115
1.26261
1.26406
1.2655
1.26694
1.26837
1.2698
1.27122
1.27264
1.27405
1.27546
1.27687
1.27827
1.27966
1.28106
1.28245
1.28383
1.28521
1.28659
1.28796
1.28933
1.2907
1.29206
1.29342
1.29478
1.29613
1.29748
1.29883
1.30018
1.30153
1.30288
1.30424
1.30559
1.30695
1.30831
1.30967
1.31105
1.31242
1.31381
1.3152
1.3166
1.31801
1.31943
1.32086
1.3223
1.32374
1.3252
1.32666
1.32814
1.32962
1.3311
1.3326
1.3341
1.3356
1.33712
1.33863
1.34015
1.34167
1.34319
1.34471
1.34623
1.34775
1.34927
1.35078
1.35228
1.35378
1.35527
1.35675
1.35823
1.35969
1.36115
1.36261
1.36406
1.3655
1.36694
1.36837
1.3698
1.37122
1.37264
1.37405
1.37546
1.37687
1.37827
1.37966
1.38106
1.38245
1.38383
1.38521
1.38659
1.38796
1.38933
1.3907
1.39206
1.39342
1.39478
1.39613
1.39748
1.39883
1.40018
1.40153
1.40288
1.40424
1.40559
1.40695
1.40831
1.40967
1.41105
1.41242
1.41381
1.4152
1.4166
1.41801
1.41943
1.42086
1.4223
1.42374
1.4252
1.42666
1.42814
1.42962
1.4311
1.4326
1.4341
1.4356
1.43712
1.43863
1.44015
1.44167
1.44319
1.44471
1.44623
1.44775
1.44927
1.45078
1.45228
1.45378
1.45527
1.45675
1.45823
1.45969
1.46115
1.46261
1.46406
1.4655
1.46694
1.46837
1.4698
1.47122
1.47264
1.47405
1.47546
1.47687
1.47827
1.47966
1.48106
1.48245
1.48383
1.48521
1.48659
1.48796
1.48933
1.4907
1.49206
1.49342
1.49478
1.49613
1.49748
1.49883
1.50018
1.50153
1.50288
1.50424
1.50559
1.50695
1.50831
1.50967
1.51105
1.51242
1.51381
1.5152
1.5166
1.51801
1.51943
1.52086
1.5223
1.52374
1.5252
1.52666
1.52814
1.52962
1.5311
1.5326
1.5341
1.5356
1.53712
1.53863
1.54015
1.54167
1.54319
1.54471
1.54623
1.54775
1.54927
1.55078
1.55228
1.55378
1.55527
1.55675
1.55823
1.55969
1.56115
1.56261
1.56406
1.5655
1.56694
1.56837
1.5698
1.57122
1.57264
1.57405
1.57546
1.57687
1.57827
1.57966
1.58106
1.58245
1.58383
1.58521
1.58659
1.58796
1.58933
1.5907
1.59206
1.59342
1.59478
1.59613
1.59748
1.59883
1.60018
1.60153
1.60288
1.60424
1.60559
1.60695
1.60831
1.60967
1.61105
1.61242
1.61381
1.6152
1.6166
1.61801
1.61943
1.62086
1.6223
1.62374
1.6252
1.62666
1.62814
1.62962
1.6311
1.6326
1.6341
1.6356
1.63712
1.63863
1.64015
1.64167
1.64319
1.64471
1.64623
1.64775
1.64927
1.65078
1.65228
1.65378
1.65527
1.65675
1.65823
1.65969
1.66115
1.66261
1.66406
1.6655
1.66694
1.66837
1.6698
1.67122
1.67264
1.67405
1.67546
1.67687
1.67827
1.67966
1.68106
1.68245
1.68383
1.68521
1.68659
1.68796
1.68933
1.6907
1.69206
1.69342
1.69478
1.69613
1.69748
1.69883
1.70018
1.70153
1.70288
1.70424
1.70559
1.70695
1.70831
1.70967
1.71105
1.71242
1.71381
1.7152
1.7166
1.71801
1.71943
1.72086
1.7223
