0
-0.0031288
-0.00609649
-0.0072768
-0.00848773
-0.00922076
-0.00940267
-0.0090193
-0.00832052
-0.0079385
-0.00747343
-0.00725934
-0.00712452
-0.00709382
-0.00716406
-0.00731745
-0.00755069
-0.0078607
-0.00824468
-0.00870015
-0.00922489
-0.00981608
-0.0104732
-0.0111919
-0.0119744
-0.0128168
-0.0137229
-0.014689
-0.0157145
-0.0167992
-0.0179431
-0.0191464
-0.0204097
-0.0217451
-0.0229822
-0.0241529
-0.0252556
-0.02629
-0.0272559
-0.028153
-0.028981
-0.0297395
-0.0304283
-0.031047
-0.0315954
-0.0320732
-0.0324802
-0.0328161
-0.0330808
-0.0332738
-0.033395
-0.0334441
-0.0334208
-0.0333247
-0.0331555
-0.0329184
-0.0326131
-0.0322408
-0.031801
-0.0312931
-0.0307166
-0.0300708
-0.0293549
-0.0285683
-0.0277102
-0.0267797
-0.0257759
-0.0246981
-0.0235452
-0.0223162
-0.0210102
-0.0199055
-0.0185705
-0.0170732
-0.015471
-0.0138025
-0.0120146
-0.0100875
-0.008291
-0.00655825
-0.00488048
-0.00325031
-0.00166292
-0.000115194
0.00139497
0.00286911
0.00430841
0.00571391
0.00705498
0.00833535
0.00955612
0.0107179
0.0118215
0.0128673
0.0138561
0.0147888
0.0156658
0.0164882
0.0172572
0.0179735
0.0186375
0.0192497
0.0198105
0.0203206
0.0207804
0.0211903
0.0215507
0.0218622
0.022125
0.0223394
0.0225059
0.0226246
0.0227236
0.0228046
0.0228677
0.0229128
0.0229399
0.0229489
0.0229394
0.0229111
0.0228637
0.0227972
0.0227011
0.0228555
0.0229945
0.0231192
0.0232439
0.0233802
0.0235437
0.0238921
0.0243622
0.0249505
0.0256604
0.0264896
0.0274355
0.0284962
0.0296738
0.0309653
0.0323711
0.0338923
0.0355298
0.0364794
0.037301
0.0383276
0.0394447
0.0406461
0.0419197
0.0432751
0.0449295
0.0467208
0.0486653
0.0507879
0.0530206
0.0552676
0.057266
0.0590473
0.0606541
0.0621291
0.0635045
0.0648003
0.066052
0.0672902
0.0685223
0.0697526
0.070983
0.072215
0.0734491
0.0746858
0.0759256
0.0771688
0.0784156
0.0796663
0.0809213
0.0821811
0.0834457
0.0847143
0.0859861
0.0872605
0.0885367
0.0898139
0.0910912
0.0923677
0.0936421
0.0949131
0.0961789
0.0974372
0.0986851
0.0999178
0.101126
0.102344
0.103308
0.10421
0.104859
0.105415
0.106073
0.10681
0.107609
0.108455
0.109341
0.110266
0.111226
0.11222
0.113249
0.114312
0.115409
0.116541
0.117706
0.118905
0.120139
0.121407
0.12271
0.123845
0.12501
0.126249
0.127544
0.128876
0.130319
0.1319
0.133614
0.135448
0.137391
0.139432
0.141564
0.14378
0.146076
0.148437
0.150929
0.15347
0.156049
0.158662
0.161326
0.163703
0.165753
0.167578
0.169263
0.170855
0.172381
0.173837
0.175234
0.176577
0.177868
0.179109
0.180302
0.181447
0.182541
0.183653
0.184805
0.186063
0.187402
0.188768
0.190108
0.19144
0.192772
0.194109
0.195454
0.196546
0.197336
0.197928
0.198488
0.198991
0.199404
0.199938
0.200485
0.201071
0.201692
0.202346
0.20303
0.203743
0.204486
0.205256
0.206054
0.206878
0.20773
0.208609
0.209513
0.210418
0.211501
0.212637
0.213806
0.215004
0.216228
0.21722
0.21815
0.219079
0.220039
0.221041
0.222117
0.223301
0.22457
0.225915
0.227323
0.228788
0.230297
0.231844
0.233428
0.235045
0.236694
0.238375
0.240085
0.241819
0.243573
0.245346
0.247137
0.248946
0.250772
0.252617
0.254479
0.25638
0.258331
0.260339
0.262408
0.264542
0.266744
0.269015
0.271359
0.273777
0.276273
0.278851
0.281444
0.283883
0.286182
0.288463
0.290711
0.292917
0.295075
0.297181
0.299236
0.301241
0.303195
0.305128
0.30704
0.308934
0.310798
0.312638
0.314194
0.315658
0.317062
0.318403
0.319677
0.320883
0.322019
0.323085
0.32408
0.325003
0.325852
0.326626
0.327325
0.327946
0.32849
0.328954
0.329336
0.329272
0.328939
0.328781
0.328787
0.328983
0.329311
0.329796
0.330418
0.331163
0.332013
0.332969
0.334023
0.335164
0.336381
0.337671
0.339028
0.340446
0.341909
0.343406
0.344935
0.346495
0.348086
0.349707
0.351359
0.353045
0.354765
0.356521
0.358315
0.360148
0.362024
0.363944
0.365911
0.367927
0.369997
0.372122
0.374308
0.376424
0.378242
0.379761
0.381241
0.382671
0.384068
0.385443
0.386803
0.38816
0.389531
0.39092
0.392325
0.393749
0.395189
0.396646
0.398119
0.399608
0.401112
0.402631
0.404163
0.405707
0.407262
0.408847
0.410284
0.411729
0.413181
0.414637
0.416095
0.417556
0.419016
0.420476
0.421932
0.423384
0.42483
0.426057
0.427307
0.428599
0.429907
0.431173
0.432384
0.43356
0.434762
0.436007
0.437301
0.438646
0.440028
0.441442
0.442882
0.444329
0.445746
0.447143
0.448529
0.449907
0.45128
0.45265
0.454015
0.455378
0.456737
0.458095
0.45945
0.460803
0.462154
0.463504
0.464853
0.466202
0.467551
0.468901
0.470252
0.471606
0.472962
0.474322
0.475694
0.476997
0.478378
0.479771
0.481169
0.482572
0.483982
0.485399
0.486826
0.488262
0.489708
0.491164
0.49263
0.494104
0.495368
0.496583
0.497835
0.49912
0.500435
0.501779
0.503151
0.504551
0.505978
0.507434
0.508919
0.510435
0.511966
0.513495
0.515021
0.516543
0.51806
0.519572
0.52108
0.522428
0.523817
0.525227
0.526628
0.528096
0.529479
0.530898
0.532347
0.533823
0.53532
0.536807
0.538289
0.539767
0.541243
0.542715
0.544182
0.545643
0.547097
0.548544
0.549986
0.551424
0.552858
0.554287
0.555713
0.557135
0.558554
0.55997
0.561384
0.562795
0.564204
0.565612
0.56702
0.568427
0.569834
0.571242
0.57259
0.573937
0.575287
0.576641
0.578001
0.579366
0.580738
0.582118
0.583505
0.584901
0.586305
0.587718
0.589139
0.590569
0.592007
0.593209
0.594336
0.595429
0.596574
0.597764
0.598993
0.600259
0.601559
0.602893
0.60426
0.60566
0.607095
0.608563
0.610061
0.611567
0.613082
0.614601
0.616119
0.617633
0.619142
0.62047
0.621837
0.623252
0.624646
0.626017
0.627366
0.628673
0.629982
0.631347
0.63276
0.634215
0.635704
0.637223
0.638767
0.640324
0.641841
0.643334
0.644813
0.646283
0.647748
0.649209
0.650668
0.652125
0.653581
0.655034
0.656487
0.657939
0.659391
0.660843
0.662295
0.663747
0.6652
0.666588
0.667937
0.669288
0.670642
0.671999
0.67336
0.674726
0.676099
0.677479
0.678866
0.680262
0.681666
0.68308
0.684499
0.68593
0.687314
0.688454
0.689402
0.690409
0.691225
0.692134
0.693114
0.694147
0.695223
0.696337
0.697485
0.698666
0.699879
0.701124
0.702401
0.70371
0.705052
0.706426
0.707828
0.709259
0.710718
0.712205
0.713712
0.715046
0.716393
0.717787
0.719214
0.72066
0.722193
0.723835
0.725577
0.727408
0.729314
0.731289
0.733326
0.735424
0.737583
0.739748
0.741543
0.743121
0.744605
0.746021
0.747374
0.748719
0.750059
0.751395
0.752729
0.754059
0.755388
0.756714
0.758038
0.759362
0.760684
0.762005
0.763326
0.764648
0.76597
0.767294
0.76862
0.76995
0.771283
0.772621
0.773965
0.775315
0.776672
0.778037
0.77941
0.780791
0.782181
0.78358
0.784988
0.786405
0.78783
0.789263
0.790703
0.792151
0.793606
0.795067
0.796534
0.798006
0.799483
0.800964
0.802447
0.803933
0.80542
0.806907
0.808379
0.809852
0.811302
0.812811
0.814304
0.815784
0.817208
0.818459
0.819746
0.82107
0.822368
0.823633
0.824874
0.826077
0.827358
0.828668
0.830004
0.83137
0.832764
0.834179
0.835613
0.837079
0.838591
0.839965
0.841363
0.84275
0.844129
0.845502
0.846871
0.848236
0.849597
0.850956
0.852312
0.853665
0.855017
0.856366
0.857715
0.859063
0.860411
0.861759
0.863109
0.86446
0.865814
0.867172
0.868537
0.869907
0.871283
0.872665
0.874053
0.875449
0.876854
0.878268
0.879691
0.881124
0.882567
0.88402
0.885482
0.886953
0.888433
0.889922
0.891418
0.892921
0.894431
0.895947
0.897468
0.898992
0.900521
0.902051
0.903584
0.905116
0.906648
0.908177
0.909704
0.911225
0.912741
0.91425
0.915749
0.91656
0.916911
0.916655
0.9166
0.916912
0.917417
0.918071
0.918862
0.919778
0.920703
0.922178
0.923699
0.925158
0.926546
0.927863
0.929145
0.93036
0.931462
0.932495
0.933423
0.934259
0.935002
0.935762
0.936655
0.937658
0.938739
0.939878
0.941066
0.942298
0.943573
0.944891
0.946237
0.947606
0.948989
0.950363
0.951699
0.953029
0.954355
0.95568
0.957006
0.958337
0.959673
0.961015
0.962364
0.963721
0.965085
0.966457
0.967836
0.969223
0.970617
0.972017
0.973424
0.974838
0.976259
0.977687
0.979122
0.980563
0.982009
0.98346
0.984915
0.986374
0.987835
0.989298
0.990762
0.992225
0.99368
0.995134
0.996584
0.998031
0.999476
1.00019
1.00015
0.999814
0.999166
0.99785
0.995943
0.99434
0.992666
0.990901
0.989045
0.987101
0.985392
0.983862
0.982819
0.982958
0.984197
0.986123
0.988397
0.990947
0.993586
0.995998
0.99837
1.00075
1.00312
1.00548
1.00763
1.00965
1.01153
1.01331
1.015
1.01659
1.01813
1.0196
1.02103
1.0224
1.02373
1.02501
1.02623
1.02756
1.02899
1.0305
1.0321
1.0337
1.0352
1.03675
1.03829
1.03982
1.04136
1.04289
1.04444
1.04598
1.04754
1.0491
1.05067
1.05225
1.05383
1.05541
1.05701
1.0586
1.0602
1.0618
1.0634
1.065
1.06659
1.06819
1.06975
1.07131
1.07285
1.07439
1.07591
1.07727
1.07824
1.07927
1.08052
1.08189
1.08326
1.08464
1.08605
1.08748
1.08893
1.09038
1.09182
1.09326
1.09469
1.09611
1.09753
1.09894
1.10035
1.10175
1.10314
1.10453
1.10591
1.10729
1.10866
1.11002
1.11138
1.11274
1.11409
1.11543
1.11677
1.11811
1.11944
1.12078
1.12211
1.12344
1.12477
1.1261
1.12743
1.12877
1.13011
1.13145
1.1328
1.13416
1.13552
1.13689
1.13826
1.13965
1.14104
1.14244
1.14384
1.14525
1.14667
1.14809
1.14952
1.15095
1.15239
1.15382
1.15519
1.15661
1.15804
1.15952
1.16101
1.16248
1.16395
1.16542
1.16689
1.16836
1.16982
1.17128
1.17273
1.17381
1.17485
1.17607
1.17744
1.17883
1.18023
1.18162
1.18302
1.18442
1.18577
1.18709
1.1884
1.18972
1.19106
1.19249
1.19398
1.19549
1.19701
1.19853
1.20005
1.20157
1.20303
1.20444
1.20582
1.20718
1.20853
1.20988
1.21123
1.21258
1.21392
1.21527
1.21662
1.21797
1.21932
1.22068
1.22204
1.22341
1.22478
1.22616
1.22755
1.22895
1.23035
1.23177
1.23319
1.23463
1.23608
1.23754
1.23901
1.24049
1.24198
1.24349
1.245
1.24652
1.24805
1.24956
1.2511
1.25267
1.25427
1.25592
1.25768
1.2595
1.26136
1.26319
1.26496
1.26665
1.26827
1.26982
1.27131
1.27275
1.27413
1.27516
1.2757
1.27656
1.27763
1.27888
1.2803
1.28173
1.28316
1.2846
1.28597
1.28732
1.28867
1.29001
1.29145
1.29295
1.29449
1.29603
1.29757
1.29911
1.30063
1.30208
1.30349
1.30487
1.30623
1.30759
1.30894
1.31028
1.31162
1.31295
1.31429
1.31562
1.31694
1.31827
1.3196
1.32093
1.32225
1.32358
1.32492
1.32626
1.3276
1.32895
1.3303
1.33166
1.33303
1.3344
1.33579
1.33718
1.33858
1.33999
1.3414
1.34282
1.34425
1.34569
1.34713
1.34858
1.35005
1.35154
1.35307
1.35457
1.35607
1.35758
1.35909
1.36061
1.36209
1.36356
1.36504
1.3665
1.36797
1.36943
1.37088
1.37162
1.37228
1.37314
1.37418
1.3754
1.37671
1.37804
1.37937
1.38083
1.38222
1.38357
1.38492
1.38632
1.38778
1.38926
1.39076
1.39227
1.39377
1.39523
1.39666
1.39807
1.39947
1.40086
1.40225
1.40363
1.40501
1.40639
1.40776
1.40913
1.4105
1.41188
1.41325
1.41462
1.41599
1.41737
1.41875
1.42013
1.42152
1.42291
1.42431
1.42571
1.42713
1.42855
1.42999
1.43143
1.43288
1.43435
1.43582
1.4373
1.4388
1.4403
1.44182
1.44334
1.44483
1.44634
1.44787
1.44942
1.45099
1.45257
1.45417
1.45578
1.45739
1.45902
1.46065
1.46229
1.46394
1.46556
1.46716
1.46874
1.47031
1.47119
1.47153
1.4722
1.47309
1.47415
1.47538
1.47668
1.47798
1.47958
1.48117
1.48268
1.48412
1.48557
1.48707
1.48855
1.49002
1.49148
1.49292
1.49436
1.49579
1.49721
1.49863
1.50003
1.50143
1.50282
1.5042
1.50557
1.50694
1.50831
1.50966
1.51102
1.51237
1.51372
1.51506
1.51641
1.51775
1.5191
1.52044
1.52179
1.52314
1.5245
1.52586
1.52723
1.5286
1.52998
1.53137
1.53277
1.53417
1.53558
1.537
1.53842
1.53985
1.54129
1.54273
1.54413
1.54551
1.54685
1.54816
1.54943
1.55067
1.55186
1.55322
1.55465
1.55617
1.55768
1.55916
1.56063
1.5621
1.56356
1.56501
1.56576
1.56641
1.56726
1.5683
1.5695
1.57081
1.57214
1.57347
1.57493
1.57631
1.57767
1.57901
1.58042
1.58187
1.58336
1.58486
1.58637
1.58787
1.58933
1.59076
1.59217
1.59357
1.59496
1.59635
1.59774
1.59912
1.6005
1.60187
1.60325
1.60462
1.60599
1.60736
1.60874
1.61011
1.61149
1.61287
1.61425
1.61564
1.61703
1.61843
1.61984
1.62126
1.62268
1.62412
1.62556
1.62702
1.62848
1.62996
