-0.0355023
-0.028682
-0.0217118
-0.017968
-0.017965
-0.0190751
-0.0200534
-0.0200649
-0.0193758
-0.019365
-0.0190299
-0.0190124
-0.0189791
-0.018963
-0.0189536
-0.0189481
-0.018945
-0.0189435
-0.0189429
-0.0189432
-0.0189439
-0.0189451
-0.0189466
-0.0189484
-0.0189503
-0.0189523
-0.0189567
-0.0189609
-0.0189648
-0.0189684
-0.0189717
-0.0189746
-0.0189773
-0.0189801
-0.0189786
-0.0189797
-0.0189806
-0.0189817
-0.0189828
-0.018984
-0.0189852
-0.0189866
-0.0189879
-0.0189893
-0.0189907
-0.0189921
-0.0189934
-0.0189946
-0.0189957
-0.0189967
-0.0189976
-0.0189984
-0.0189989
-0.0189993
-0.0189995
-0.0189995
-0.0189993
-0.0189989
-0.0189984
-0.0189976
-0.0189966
-0.0189955
-0.0189941
-0.0189926
-0.0189909
-0.0189891
-0.0189871
-0.0189851
-0.018983
-0.0189808
-0.0196741
-0.0201394
-0.0201241
-0.0201038
-0.0200785
-0.0200528
-0.0200284
-0.0200054
-0.019986
-0.0199671
-0.0199487
-0.0199308
-0.0199133
-0.0198962
-0.0198796
-0.0198633
-0.0198473
-0.0198317
-0.019815
-0.0197986
-0.0197825
-0.0197668
-0.0197514
-0.0197363
-0.0197215
-0.0197066
-0.019692
-0.0196777
-0.0196637
-0.01965
-0.0196366
-0.0196235
-0.0196107
-0.0195982
-0.0195859
-0.019574
-0.0195623
-0.0195509
-0.0195397
-0.0195288
-0.0195181
-0.0195076
-0.0194988
-0.01949
-0.0194813
-0.0194727
-0.0194641
-0.0194554
-0.0194467
-0.019438
-0.0194292
-0.0194203
-0.0194106
-0.018918
-0.0185886
-0.0184008
-0.0183168
-0.0183084
-0.0184886
-0.0184852
-0.0184812
-0.0184769
-0.0184722
-0.0184671
-0.0184615
-0.0184554
-0.0184429
-0.0184299
-0.0184163
-0.0184022
0.077631
0.076302
0.0762997
0.0762786
0.0762428
0.0761919
0.0761259
0.0760442
0.0759506
0.0760103
0.0760658
0.0761166
0.0761558
0.0761176
0.076127
0.0761334
0.0761382
0.0761381
0.076138
0.0761379
0.0761377
0.0761368
0.0761354
0.0761334
0.076131
0.0761282
0.076125
0.0761215
0.0761176
0.0761134
0.0761091
0.0761044
0.0760996
0.0760947
0.0760896
0.0760844
0.076079
0.0760736
0.0760681
0.0760625
0.0760569
0.0760512
0.0760455
0.0760398
0.076034
0.0760282
0.0760224
0.0760166
0.0760107
0.0760122
0.0761976
0.0767178
0.0765033
0.0760157
0.0757504
0.0756074
0.0755308
0.0754919
0.0754737
0.0754666
0.0754655
0.075464
0.0754637
0.0754639
0.0754642
0.0754642
0.0754641
0.0754636
0.0754629
0.0754619
0.174938
0.174925
0.174902
0.174872
0.174833
0.174792
0.174755
0.174721
0.17469
0.174661
0.174634
0.174608
0.174583
0.17456
0.174536
0.174508
0.174531
0.174553
0.174574
0.174594
0.174613
0.174617
0.174618
0.174617
0.174617
0.174617
0.174617
0.174616
0.174615
0.174615
0.174614
0.174613
0.174612
0.17461
0.174609
0.174611
0.174611
0.174611
0.17461
0.17461
0.17461
0.17461
0.174609
0.174609
0.174609
0.174726
0.174385
0.173751
0.173262
0.172864
0.172523
0.172382
0.172243
0.172161
0.17211
0.172076
0.172052
0.172033
0.172016
0.172001
0.171986
0.171972
0.171958
0.171944
0.17193
0.171916
0.172396
0.172911
0.173418
0.173908
0.268771
0.268737
0.26869
0.268628
0.268555
0.268454
0.268375
0.268303
0.268238
0.268181
0.268129
0.26809
0.268057
0.268029
0.268007
0.267991
0.267982
0.267979
0.267981
0.267984
0.267987
0.267991
0.267994
0.267997
0.268001
0.268005
0.268008
0.268014
0.26802
0.268028
0.268037
0.268047
0.268057
0.268068
0.26808
0.268093
0.268106
0.268119
0.268145
0.268149
0.268152
0.268154
0.268156
0.268157
0.268157
0.268157
0.268157
0.268159
0.268161
0.268163
0.268164
0.268166
0.268166
0.268165
0.268142
0.268141
0.268141
0.268143
0.268144
0.268144
0.268144
0.268142
0.268139
0.268135
0.268129
0.268122
0.268114
0.268104
0.268092
0.268079
0.369157
0.369127
0.369076
0.369006
0.368914
0.368819
0.368732
0.368651
0.368575
0.368504
0.368435
0.368373
0.368314
0.368259
0.368205
0.368154
0.368107
0.368063
0.368022
0.367985
0.36795
0.367918
0.367889
0.367862
0.367838
0.367816
0.367796
0.367778
0.367763
0.367749
0.367738
0.367728
0.36772
0.367713
0.367708
0.367704
0.367702
0.368366
0.368367
0.368366
0.368366
0.368366
0.368366
0.368366
0.368366
0.368366
0.368365
0.368365
0.368365
0.368365
0.368365
0.368365
0.368365
0.368364
0.368364
0.368364
0.368364
0.368364
0.368363
0.368363
0.368361
0.36836
0.36836
0.368359
0.368358
0.368358
0.368357
0.368357
0.368356
0.368356
0.464277
0.464244
0.464194
0.464126
0.46404
0.463938
0.463826
0.463716
0.463644
0.463565
0.463497
0.463452
0.463416
0.463392
0.463378
0.463375
0.463375
0.463375
0.463375
0.463374
0.463374
0.463374
0.463374
0.463374
0.463374
0.463374
0.463374
0.463374
0.463374
0.463374
0.463374
0.463374
0.463374
0.463374
0.463374
0.463374
0.463374
0.463374
0.463395
0.463395
0.463395
0.463394
0.463394
0.463394
0.463394
0.463394
0.463394
0.463394
0.463394
0.463394
0.463394
0.463394
0.46346
0.463338
0.463268
0.463227
0.463201
0.463184
0.46317
0.463158
0.463147
0.463136
0.463124
0.463125
0.463125
0.463125
0.463126
0.463126
0.463126
0.463126
0.565116
0.565104
0.565079
0.565045
0.565002
0.564994
0.564973
0.564956
0.564945
0.564937
0.564935
0.564935
0.564936
0.56494
0.564944
0.564948
0.564952
0.564955
0.564956
0.564956
0.564957
0.564957
0.564957
0.564957
0.564957
0.564957
0.564957
0.564957
0.564957
0.564957
0.564958
0.564958
0.564958
0.564958
0.564958
0.564958
0.564958
0.564958
0.564958
0.564958
0.564958
0.564958
0.564958
0.564958
0.564958
0.564958
0.564958
0.564958
0.564957
0.564957
0.564957
0.565143
0.565069
0.564866
0.564755
0.564694
0.56466
0.564642
0.564631
0.564625
0.564621
0.564618
0.564616
0.564615
0.564616
0.564617
0.564617
0.564618
0.564618
0.564618
0.661776
0.661757
0.661726
0.661682
0.661624
0.661555
0.661475
0.661429
0.661392
0.661361
0.661335
0.661316
0.661302
0.661295
0.661293
0.661293
0.661294
0.661294
0.661294
0.661294
0.661295
0.661295
0.661295
0.661295
0.661296
0.661296
0.661296
0.661296
0.661296
0.661297
0.661297
0.661297
0.661297
0.661297
0.661297
0.661297
0.661297
0.661297
0.661297
0.661297
0.661297
0.661297
0.661298
0.661298
0.661298
0.661298
0.661298
0.661298
0.661298
0.661486
0.661449
0.66146
0.660934
0.660638
0.660468
0.660368
0.660307
0.660266
0.660238
0.660216
0.660197
0.66018
0.660164
0.660148
0.660134
0.66012
0.660106
0.660093
0.66008
0.660068
0.761341
0.761309
0.761254
0.76118
0.761088
0.760993
0.760907
0.760829
0.760757
0.76069
0.760629
0.760573
0.760521
0.760473
0.76043
0.760849
0.760844
0.760845
0.760846
0.760846
0.760846
0.760846
0.760846
0.760846
0.760846
0.760845
0.760845
0.760845
0.760845
0.760845
0.760845
0.760845
0.760845
0.760844
0.760844
0.760844
0.760844
0.760844
0.760844
0.760844
0.760844
0.760843
0.760843
0.760843
0.760843
0.760843
0.760843
0.760843
0.760842
0.760842
0.760842
0.760842
0.760842
0.760841
0.760841
0.760841
0.760841
0.760841
0.76084
0.76084
0.76084
0.76084
0.760839
0.760839
0.760838
0.760838
0.760838
0.760838
0.760837
0.760837
0.857556
0.857529
0.857479
0.857409
0.857323
0.857221
0.857109
0.857021
0.856926
0.856863
0.856797
0.856739
0.85669
0.85665
0.856619
0.856592
0.856689
0.856689
0.856689
0.856689
0.856689
0.856689
0.856689
0.856689
0.856689
0.856689
0.856689
0.856689
0.856689
0.856689
0.856689
0.856689
0.856689
0.856689
0.856689
0.856689
0.856689
0.856689
0.856689
0.856689
0.856689
0.856689
0.856689
0.856689
0.856689
0.856689
0.856689
0.856689
0.856689
0.856689
0.856689
0.856689
0.856689
0.856689
0.856689
0.856689
0.856689
0.856689
0.856689
0.856689
0.856689
0.856689
0.856689
0.856689
0.856689
0.856688
0.856688
0.856688
0.856688
0.856688
0.957741
0.956492
0.954265
0.950869
0.95078
0.950672
0.950553
0.950436
0.950302
0.950149
0.949979
0.949811
0.949657
0.949516
0.949391
0.94928
0.949169
0.949058
0.948923
0.948815
0.948682
0.948551
0.948421
0.948361
0.948248
0.948136
0.948028
0.947922
0.947819
0.947721
0.947629
0.947546
0.947472
0.947411
0.947359
0.947312
0.947288
0.947285
0.947285
0.947285
0.947285
0.947285
0.947285
0.947286
0.947286
0.947286
0.947286
0.947286
0.947286
0.947286
0.947286
0.947286
0.947286
0.947286
0.947286
0.947286
0.947286
0.947286
0.947285
0.947285
0.947285
0.947285
0.947284
0.947284
0.947284
0.947283
0.947283
0.947282
0.947282
0.947281
1.03765
1.03631
1.0336
1.03005
1.02564
1.01996
1.01308
1.01309
1.01313
1.01317
1.01322
1.01327
1.01332
1.01338
1.01345
1.01352
1.01359
1.01366
1.01373
1.01379
1.01418
1.01416
1.01413
1.01411
1.0141
1.0141
1.0141
1.01411
1.01412
1.01412
1.01413
1.01414
1.01415
1.01416
1.01417
1.01418
1.01419
1.01421
1.01422
1.01423
1.01424
1.01425
1.01426
1.01435
1.01435
1.01435
1.01435
1.01435
1.01435
1.01435
1.01435
1.01435
1.01435
1.01435
1.01435
1.01435
1.01435
1.01435
1.01435
1.01435
1.01435
1.01435
1.01435
1.01435
1.01435
1.01435
1.01435
1.01435
1.01435
1.01435
1.11991
1.11989
1.11885
1.1188
1.11872
1.11866
1.11859
1.11854
1.1185
1.11848
1.11849
1.11849
1.11849
1.11849
1.11849
1.11849
1.11849
1.11849
1.11849
1.11849
1.11849
1.11849
1.11849
1.11849
1.11849
1.11849
1.11849
1.11849
1.11849
1.11849
1.11849
1.11849
1.11849
1.11849
1.11849
1.11849
1.11849
1.11849
1.11849
1.11849
1.11849
1.11849
1.11849
1.11849
1.11849
1.11849
1.11849
1.11849
1.11849
1.11849
1.11849
1.11849
1.11849
1.11849
1.11849
1.11849
1.11849
1.11848
1.11848
1.11851
1.1185
1.11849
1.11848
1.11848
1.11848
1.11848
1.11848
1.11848
1.11848
1.11848
1.21175
1.21174
1.21175
1.21176
1.21178
1.2118
1.21183
1.21186
1.2119
1.21193
1.21196
1.21198
1.21199
1.212
1.212
1.212
1.212
1.212
1.212
1.212
1.212
1.212
1.212
1.212
1.212
1.212
1.212
1.212
1.212
1.212
1.212
1.212
1.212
1.212
1.212
1.212
1.212
1.212
1.212
1.212
1.212
1.212
1.212
1.212
1.212
1.212
1.212
1.212
1.212
1.212
1.212
1.212
1.212
1.212
1.212
1.21198
1.21197
1.21197
1.21196
1.21196
1.21196
1.21196
1.21196
1.21196
1.21196
1.21196
1.21196
1.21196
1.21196
1.21196
1.31749
1.31749
1.31612
1.31611
1.31612
1.31614
1.31617
1.31621
1.31625
1.31629
1.31632
1.31634
1.31636
1.31638
1.31639
1.31639
1.3164
1.3164
1.3164
1.3164
1.3164
1.3164
1.3164
1.3164
1.31639
1.31639
1.31639
1.31639
1.31639
1.31639
1.31639
1.31639
1.31639
1.31639
1.31639
1.31639
1.31639
1.31639
1.31639
1.31639
1.31639
1.31639
1.31639
1.31639
1.31639
1.31639
1.31639
1.31639
1.31639
1.31639
1.31639
1.31639
1.31639
1.31639
1.31639
1.31639
1.31639
1.31638
1.31638
1.31638
1.31638
1.31638
1.31638
1.31638
1.31638
1.31638
1.31638
1.31638
1.31638
1.31638
1.40948
1.40822
1.40823
1.40824
1.40826
1.40828
1.40831
1.40834
1.40838
1.40842
1.40845
1.40847
1.40849
1.4085
1.4085
1.4085
1.4085
1.4085
1.4085
1.4085
1.4085
1.4085
1.4085
1.4085
1.4085
1.4085
1.4085
1.4085
1.4085
1.4085
1.4085
1.4085
1.4085
1.4085
1.4085
1.4085
1.4085
1.4085
1.4085
1.4085
1.4085
1.4085
1.4085
1.4085
1.4085
1.4085
1.4085
1.4085
1.4085
1.4085
1.4085
1.4085
1.4085
1.4085
1.40848
1.40846
1.40845
1.40844
1.40844
1.40843
1.40843
1.40843
1.40843
1.40843
1.40843
1.40843
1.40843
1.40843
1.40843
1.40843
1.514
1.51274
1.51042
1.51044
1.51047
1.5105
1.51054
1.51058
1.51063
1.51068
1.51072
1.51074
1.51076
1.51077
1.51078
1.51078
1.51078
1.51078
1.51079
1.51079
1.51079
1.51079
1.51079
1.51079
1.51079
1.51079
1.51079
1.51079
1.51079
1.51079
1.51079
1.51079
1.51079
1.51079
1.51079
1.51079
1.51079
1.51079
1.51079
1.51079
1.51079
1.51079
1.51079
1.51079
1.51079
1.51079
1.51079
1.51079
1.51079
1.51079
1.51079
1.51079
1.51079
1.51079
1.51079
1.51077
1.51076
1.51076
1.51075
1.51075
1.51075
1.51075
1.51075
1.51075
1.51075
1.51076
1.51076
1.51076
1.51075
1.51075
1.60359
1.60234
1.60235
1.60236
1.60238
1.60241
1.60244
1.60247
1.60251
1.60255
1.60258
1.60261
1.60262
1.60263
1.60264
1.60264
1.60264
1.60264
1.60264
1.60264
1.60264
1.60264
1.60264
1.60264
1.60264
1.60264
1.60264
1.60264
1.60264
1.60264
1.60264
1.60264
1.60264
1.60264
1.60264
1.60264
1.60264
1.60264
1.60264
1.60264
1.60264
1.60264
1.60264
1.60264
1.60264
1.60264
1.60264
1.60264
1.60264
