-0.0355023
-0.0302542
-0.0229379
-0.0189566
-0.018971
-0.0189865
-0.0190043
-0.0190211
-0.0189885
-0.0195638
-0.0195459
-0.0196686
-0.0196705
-0.0196683
-0.0196638
-0.0196585
-0.0196532
-0.0196484
-0.0196442
-0.0196409
-0.0196384
-0.0196366
-0.0196355
-0.019635
-0.0196351
-0.0196357
-0.0196451
-0.0196539
-0.019662
-0.0196696
-0.0196765
-0.0196829
-0.0196887
-0.0196944
-0.0196942
-0.0196925
-0.0196916
-0.0196912
-0.0196912
-0.0196915
-0.019692
-0.0196926
-0.0196933
-0.019694
-0.0196948
-0.0196955
-0.0196961
-0.0196967
-0.0196971
-0.0196974
-0.0196977
-0.0196977
-0.0196976
-0.0196974
-0.019697
-0.0196965
-0.0196959
-0.0196951
-0.0196941
-0.0196931
-0.0196919
-0.0196906
-0.0196892
-0.0196877
-0.019686
-0.0196842
-0.0196824
-0.0196805
-0.0196784
-0.0196763
-0.0189785
-0.018945
-0.0164096
-0.0112689
-0.00341197
0.00454623
0.0114294
0.017465
0.0225619
0.0272068
0.031457
0.0353556
0.0389369
0.0422296
0.0452583
0.048045
0.050609
0.0529683
0.0551392
0.0571352
0.0589697
0.0606553
0.0622032
0.0636239
0.0649272
0.0661232
0.0672189
0.0682218
0.069139
0.069977
0.0707418
0.0714391
0.072074
0.0726513
0.0731755
0.0736508
0.0740812
0.0744702
0.0748214
0.075138
0.0754229
0.0756791
0.0759085
0.076115
0.076301
0.0764687
0.0766201
0.0767572
0.0768818
0.0769958
0.0771007
0.0771427
0.0771541
0.0771533
0.0771532
0.0771537
0.0771547
0.0771557
0.07716
0.0771708
0.0775281
0.0777264
0.0778207
0.0778512
0.0778434
0.0778127
0.077777
0.0777413
0.0777051
0.0776684
-0.0183875
-0.0170329
-0.0132504
-0.00724019
0.00100327
0.0115563
0.0244472
0.0396884
0.0559778
0.0701084
0.081706
0.0906643
0.0979442
0.104456
0.110081
0.115132
0.11988
0.124398
0.128629
0.132562
0.136202
0.139566
0.142668
0.145528
0.148162
0.150589
0.152823
0.15488
0.156774
0.158519
0.160125
0.161604
0.162966
0.16422
0.165375
0.166438
0.167418
0.16832
0.169151
0.169917
0.170622
0.171271
0.171869
0.17242
0.172927
0.173395
0.173826
0.174223
0.174589
0.174936
0.174935
0.17493
0.174936
0.174943
0.174948
0.174951
0.174951
0.17495
0.17495
0.174949
0.174949
0.174947
0.174946
0.174945
0.174943
0.174942
0.174941
0.17494
0.174939
0.174938
0.0754607
0.0801354
0.0879288
0.0985276
0.111884
0.125905
0.138547
0.149968
0.160334
0.169782
0.178422
0.186341
0.193609
0.200288
0.206426
0.212048
0.217408
0.222248
0.226654
0.23069
0.234415
0.237413
0.239847
0.242238
0.244622
0.246918
0.249085
0.251109
0.252987
0.254721
0.256321
0.257793
0.259148
0.260393
0.261536
0.262592
0.2637
0.264627
0.265413
0.266106
0.266766
0.267385
0.267961
0.268494
0.268986
0.268983
0.268989
0.268996
0.268999
0.268999
0.268996
0.268988
0.26898
0.268972
0.268963
0.268954
0.268944
0.268934
0.268924
0.268914
0.268903
0.268893
0.268883
0.268873
0.268863
0.268853
0.268834
0.268817
0.2688
0.268785
0.174381
0.178966
0.185997
0.195325
0.206943
0.220861
0.234046
0.245808
0.256322
0.265813
0.274432
0.282306
0.289509
0.296115
0.302183
0.307762
0.312896
0.317625
0.32198
0.325976
0.329639
0.332994
0.336066
0.338877
0.341447
0.343795
0.345962
0.348004
0.349914
0.351691
0.353341
0.354871
0.356288
0.3576
0.358815
0.359941
0.360983
0.361948
0.362851
0.363569
0.364328
0.365006
0.365618
0.366172
0.366673
0.367128
0.36754
0.367925
0.368276
0.368595
0.368883
0.369032
0.369113
0.369155
0.369162
0.369167
0.369172
0.369176
0.369179
0.369182
0.369184
0.369185
0.369186
0.369185
0.369184
0.369182
0.369179
0.369175
0.36917
0.369164
0.268065
0.272699
0.280425
0.29099
0.304354
0.31854
0.331294
0.342793
0.3532
0.362666
0.371307
0.379232
0.386505
0.393182
0.399308
0.404935
0.410108
0.414861
0.419209
0.42319
0.426839
0.430189
0.433265
0.43609
0.438686
0.441072
0.443264
0.445279
0.447131
0.448834
0.450399
0.451839
0.453162
0.45438
0.4555
0.456531
0.457481
0.458143
0.459048
0.459375
0.459756
0.460225
0.460722
0.461214
0.461686
0.462131
0.462546
0.462931
0.463286
0.463615
0.463917
0.464082
0.464173
0.464224
0.464252
0.464267
0.464275
0.464279
0.464281
0.464279
0.464279
0.464279
0.464279
0.464279
0.464278
0.464278
0.464278
0.464278
0.464277
0.464277
0.368356
0.372343
0.378953
0.387902
0.399143
0.412679
0.427782
0.440766
0.45171
0.461396
0.470098
0.478004
0.485213
0.491813
0.497866
0.503463
0.508641
0.513416
0.517815
0.521865
0.525593
0.529024
0.53218
0.535084
0.537756
0.540215
0.542476
0.544557
0.546471
0.548231
0.549851
0.551341
0.552712
0.553973
0.555133
0.556201
0.557182
0.558086
0.558937
0.55975
0.560436
0.561068
0.561654
0.562197
0.562698
0.563159
0.563584
0.563976
0.564336
0.564667
0.564972
0.565138
0.565136
0.565137
0.565137
0.565136
0.565135
0.565133
0.56513
0.565127
0.565124
0.56512
0.565116
0.565116
0.565116
0.565116
0.565116
0.565116
0.565116
0.565116
0.463127
0.467829
0.475679
0.48634
0.499758
0.514244
0.526812
0.538131
0.548397
0.557763
0.566368
0.574284
0.58157
0.588279
0.594456
0.600141
0.605371
0.610177
0.614591
0.618647
0.622378
0.625811
0.628969
0.631875
0.634549
0.637009
0.639272
0.641354
0.64327
0.645033
0.646655
0.648148
0.649521
0.650784
0.651947
0.653016
0.653998
0.654901
0.655732
0.656497
0.6572
0.657847
0.658442
0.65899
0.659493
0.659956
0.660383
0.660775
0.661135
0.661467
0.661772
0.661769
0.661771
0.661775
0.661777
0.661779
0.661779
0.661779
0.661779
0.661778
0.661778
0.661777
0.661776
0.661775
0.661775
0.661775
0.661776
0.661776
0.661776
0.661776
0.564619
0.568603
0.575202
0.584134
0.595348
0.608856
0.624178
0.637402
0.64842
0.658195
0.666985
0.674958
0.68223
0.688886
0.694993
0.700585
0.705752
0.710522
0.714918
0.718968
0.722697
0.726129
0.729288
0.732194
0.734869
0.73733
0.739595
0.741679
0.743596
0.74536
0.746984
0.748478
0.749852
0.751114
0.752274
0.753342
0.754323
0.755226
0.756057
0.756822
0.757525
0.758171
0.758766
0.759313
0.759816
0.760279
0.760705
0.761097
0.761456
0.761454
0.76145
0.761444
0.761445
0.761443
0.761439
0.761434
0.761428
0.761422
0.761415
0.761409
0.761402
0.761395
0.761388
0.761381
0.761374
0.761368
0.761362
0.761356
0.761351
0.761345
0.660055
0.664735
0.672552
0.683183
0.696577
0.710633
0.723272
0.734662
0.744979
0.754367
0.762939
0.770785
0.77798
0.784587
0.79066
0.796206
0.801286
0.805886
0.810187
0.814182
0.817877
0.821289
0.824434
0.827332
0.83
0.832455
0.834714
0.836793
0.838705
0.840464
0.842083
0.843572
0.844942
0.846202
0.847361
0.848427
0.849407
0.85031
0.851139
0.851903
0.852605
0.85325
0.853844
0.854391
0.854893
0.855355
0.85578
0.856171
0.856531
0.856861
0.857166
0.857332
0.857427
0.857481
0.857511
0.857528
0.857538
0.857543
0.857546
0.857548
0.857549
0.857549
0.85755
0.85755
0.857549
0.857548
0.857594
0.857573
0.857562
0.857555
0.760914
0.764986
0.771672
0.780692
0.791996
0.805595
0.820513
0.833287
0.844297
0.853976
0.862668
0.870544
0.877718
0.884274
0.890279
0.895811
0.901038
0.90584
0.910228
0.914272
0.917997
0.921426
0.924582
0.927486
0.930157
0.932615
0.934877
0.936958
0.938872
0.940633
0.942253
0.943743
0.945114
0.946375
0.947536
0.948603
0.949585
0.950489
0.95132
0.952085
0.952788
0.953435
0.954031
0.954578
0.955082
0.955545
0.955971
0.956363
0.956724
0.957056
0.957361
0.957528
0.957622
0.957675
0.957705
0.957721
0.95773
0.957736
0.957738
0.95774
0.957741
0.957741
0.957741
0.957742
0.957742
0.957742
0.957742
0.957741
0.957741
0.957741
0.856688
0.856725
0.860193
0.860271
0.862585
0.867276
0.874568
0.88467
0.897662
0.913557
0.932316
0.948865
0.96239
0.972646
0.97958
0.983651
0.987801
0.991827
0.995609
0.999153
1.0024
1.00537
1.00808
1.01062
1.01335
1.01568
1.01771
1.01951
1.02111
1.02256
1.02388
1.02507
1.02614
1.0271
1.02796
1.02876
1.02959
1.03044
1.03125
1.032
1.0327
1.03334
1.03393
1.03448
1.03498
1.03544
1.03587
1.03626
1.03662
1.03695
1.03726
1.03743
1.03753
1.03758
1.03762
1.03764
1.03765
1.03765
1.03766
1.03766
1.03766
1.03766
1.03766
1.03766
1.03766
1.03766
1.03765
1.03765
1.03765
1.03765
0.947281
0.947312
0.947393
0.948685
0.952067
0.95219
0.952348
0.95366
0.95696
0.962481
0.970329
0.980538
0.993146
1.00816
1.02404
1.03823
1.05082
1.06086
1.06819
1.07372
1.07853
1.08266
1.08607
1.08912
1.09187
1.09438
1.09651
1.09853
1.10043
1.1022
1.10383
1.10535
1.10676
1.10805
1.10925
1.11036
1.11138
1.11232
1.1132
1.11405
1.11482
1.11553
1.11618
1.11679
1.11733
1.11776
1.11816
1.11854
1.11889
1.11922
1.11953
1.11969
1.11979
1.11984
1.11987
1.11989
1.1199
1.1199
1.11991
1.11991
1.11991
1.11991
1.11991
1.11991
1.11991
1.11991
1.11991
1.11991
1.11991
1.11991
1.01435
1.01905
1.02684
1.03753
1.05096
1.06463
1.07692
1.08805
1.0982
1.10755
1.11617
1.12409
1.13137
1.13806
1.14421
1.14987
1.15507
1.15986
1.16427
1.16832
1.17205
1.17548
1.17863
1.18153
1.1842
1.18666
1.18892
1.191
1.19291
1.19467
1.19629
1.19778
1.19915
1.20041
1.20157
1.20263
1.20361
1.20452
1.20535
1.20611
1.20681
1.20746
1.20805
1.2086
1.2091
1.20956
1.20999
1.21038
1.21074
1.21107
1.21138
1.21154
1.21164
1.21169
1.21172
1.21174
1.21175
1.21175
1.21175
1.21175
1.21175
1.21175
1.21175
1.21175
1.21175
1.21175
1.21175
1.21175
1.21175
1.21175
1.11848
1.11849
1.12159
1.12671
1.13404
1.14365
1.15558
1.16983
1.18643
1.2037
1.21872
1.23116
1.24089
1.24789
1.2526
1.25739
1.2621
1.26657
1.27076
1.27463
1.27819
1.28146
1.2845
1.28734
1.28998
1.29242
1.29467
1.29674
1.29865
1.30041
1.30202
1.30351
1.30488
1.30614
1.3073
1.30837
1.30935
1.31025
1.31109
1.31185
1.31255
1.3132
1.3138
1.31435
1.31485
1.31532
1.31574
1.31614
1.3165
1.31683
1.31714
1.31731
1.3174
1.31746
1.31749
1.31749
1.31749
1.31749
1.31749
1.31749
1.31749
1.31749
1.31749
1.31749
1.31749
1.31749
1.31749
1.31749
1.31749
1.31749
1.21196
1.21197
1.21335
1.21709
1.22335
1.23232
1.24411
1.25873
1.27618
1.29453
1.31027
1.32293
1.33235
1.33847
1.34374
1.34887
1.35374
1.3583
1.36252
1.3664
1.36997
1.37332
1.37642
1.3793
1.38196
1.3844
1.38666
1.38873
1.39065
1.3924
1.39402
1.39551
1.39688
1.39814
1.3993
1.40036
1.40135
1.40225
1.40308
1.40384
1.40455
1.40519
1.40579
1.40633
1.40684
1.4073
1.40773
1.40812
1.40848
1.40881
1.40912
1.40929
1.40938
1.40943
1.40946
1.40948
1.40948
1.40948
1.40948
1.40948
1.40948
1.40948
1.40948
1.40948
1.40948
1.40948
1.40948
1.40948
1.40948
1.40948
1.31638
1.31636
1.31993
1.32535
1.33294
1.34283
1.35505
1.36959
1.38647
1.40217
1.41542
1.42602
1.43391
1.44064
1.4468
1.45244
1.4576
1.46231
1.46663
1.47064
1.47435
1.47776
1.48091
1.48381
1.48648
1.48893
1.49119
1.49327
1.49519
1.49695
1.49857
1.50006
1.50143
1.50269
1.50385
1.50492
1.5059
1.5068
1.50763
1.5084
1.5091
1.50975
1.51035
1.51089
1.5114
1.51186
1.51229
1.51268
1.51304
1.51338
1.51368
1.51385
1.51395
1.514
1.514
1.514
1.514
1.514
1.514
1.514
1.514
1.514
1.514
1.514
1.514
1.514
1.514
1.514
1.514
1.514
1.40843
1.40843
1.40968
1.41333
1.41944
1.42823
1.43985
1.4543
1.47158
1.48915
1.50403
1.51577
1.52424
1.53051
1.53639
1.54192
1.54705
1.5518
1.55618
1.56022
1.56394
1.56737
1.57052
1.57343
1.5761
1.57855
1.58081
1.58289
1.58481
1.58657
1.58818
1.58967
1.59104
1.5923
1.59346
1.59453
1.59551
1.59641
1.59724
1.598
1.5987
1.59935
1.59994
1.60049
1.60099
1.60145
1.60187
1.60226
1.60262
1.60295
1.60325
1.60341
1.60351
1.60356
1.60359
1.60359
1.60359
1.60359
1.60359
1.60359
1.60359
1.60359
1.60372
1.60369
1.60364
1.60362
1.60361
1.6036
1.6036
1.60359
1.51075
1.51074
1.5143
1.51972
1.52732
1.53721
1.54942
1.56396
1.58084
1.59652
1.60976
1.62035
1.62822
1.63496
1.64112
1.64676
1.65192
1.65663
1.66095
1.66496
1.66867
1.67208
1.67523
1.67813
1.6808
1.68325
1.68551
1.68759
1.68951
1.69127
1.69289
1.69438
1.69575
1.69701
1.69817
1.69924
1.70022
1.70112
1.70195
1.70272
1.70342
1.70407
1.70467
1.70521
1.70572
1.70618
1.70661
1.707
1.70737
