0
0
0
0
0
0
0
0
0
0
0
0
0
0
0
0
0
0
0
0
0
0
0
0
0
0
0
0
0
0
0
0
0
0
0
0
0
0
0
0
0
0
0
0
0
0
0
0
0
0
0
0
0
0
0
0
0
0
0
0
0
0
0
0
0
0
0
0
0
0
0.008
0.01536
0.0221312
0.0283607
0.0340918
0.0393645
0.0442153
0.0486781
0.0527839
0.0565612
0.0600363
0.0632334
0.0661747
0.0688807
0.0713703
0.0736606
0.0757678
0.0777064
0.0794899
0.0811307
0.0826402
0.084029
0.0853067
0.0864821
0.0875636
0.0885585
0.0894738
0.0903159
0.0910906
0.0918034
0.0924591
0.0930624
0.0936174
0.094128
0.0945978
0.0950299
0.0954275
0.0957933
0.0961299
0.0964395
0.0967243
0.0969864
0.0972275
0.0974493
0.0976533
0.0978411
0.0980138
0.0981727
0.0983189
0.0984534
0.0984534
0.0984534
0.0984534
0.0984534
0.0984534
0.0984534
0.0984534
0.0984534
0.0984534
0.0984534
0.0984534
0.0984534
0.0984534
0.0984534
0.0984534
0.0984534
0.0984534
0.0984534
0.0984534
0
0.016
0.03072
0.0442624
0.0567214
0.0681837
0.078729
0.0884307
0.0973562
0.105568
0.113122
0.120073
0.126467
0.132349
0.137761
0.142741
0.147321
0.151536
0.155413
0.15898
0.162261
0.16528
0.168058
0.170613
0.172964
0.175127
0.177117
0.178948
0.180632
0.182181
0.183607
0.184918
0.186125
0.187235
0.188256
0.189196
0.19006
0.190855
0.191587
0.19226
0.192879
0.193449
0.193973
0.194455
0.194899
0.195307
0.195682
0.196028
0.196345
0.196638
0.196907
0.196907
0.196907
0.196907
0.196907
0.196907
0.196907
0.196907
0.196907
0.196907
0.196907
0.196907
0.196907
0.196907
0.196907
0.196907
0.196907
0.196907
0.196907
0.196907
0.0984534
0.114577
0.129411
0.143058
0.155613
0.167164
0.177791
0.187568
0.196562
0.204837
0.21245
0.219454
0.225898
0.231826
0.23728
0.242298
0.246914
0.251161
0.255068
0.258662
0.261969
0.265012
0.267811
0.270386
0.272755
0.274935
0.27694
0.278785
0.280482
0.282043
0.28348
0.284802
0.286017
0.287136
0.288165
0.289112
0.289983
0.290784
0.291522
0.2922
0.292824
0.293398
0.293926
0.294412
0.294859
0.29527
0.295649
0.295997
0.296317
0.296612
0.296883
0.296883
0.296883
0.296883
0.296883
0.296883
0.296883
0.296883
0.296883
0.296883
0.296883
0.296883
0.296883
0.296883
0.296883
0.296883
0.296883
0.296883
0.296883
0.296883
0.196907
0.213154
0.228102
0.241854
0.254505
0.266145
0.276853
0.286705
0.295769
0.304107
0.311779
0.318836
0.325329
0.331303
0.336799
0.341855
0.346507
0.350786
0.354723
0.358345
0.361678
0.364743
0.367564
0.370159
0.372546
0.374742
0.376763
0.378622
0.380332
0.381906
0.383353
0.384685
0.38591
0.387037
0.388074
0.389028
0.389906
0.390714
0.391457
0.39214
0.392769
0.393347
0.39388
0.394369
0.39482
0.395234
0.395615
0.395966
0.396289
0.396586
0.396859
0.396859
0.396859
0.396859
0.396859
0.396859
0.396859
0.396859
0.396859
0.396859
0.396859
0.396859
0.396859
0.396859
0.396859
0.396859
0.396859
0.396859
0.396859
0.396859
0.296883
0.313132
0.328082
0.341835
0.354488
0.366129
0.376839
0.386692
0.395756
0.404096
0.411768
0.418827
0.425321
0.431295
0.436791
0.441848
0.4465
0.45078
0.454718
0.45834
0.461673
0.464739
0.46756
0.470155
0.472543
0.474739
0.47676
0.478619
0.48033
0.481904
0.483351
0.484683
0.485909
0.487036
0.488073
0.489027
0.489905
0.490713
0.491456
0.492139
0.492768
0.493347
0.493879
0.494369
0.494819
0.495234
0.495615
0.495966
0.496288
0.496585
0.496858
0.496858
0.496858
0.496858
0.496858
0.496858
0.496858
0.496858
0.496858
0.496858
0.496858
0.496858
0.496858
0.496858
0.496858
0.496858
0.496858
0.496858
0.496858
0.496858
0.396859
0.41311
0.428061
0.441816
0.454471
0.466113
0.476824
0.486678
0.495744
0.504085
0.511758
0.518817
0.525312
0.531287
0.536784
0.541841
0.546494
0.550774
0.554712
0.558335
0.561669
0.564735
0.567556
0.570152
0.57254
0.574736
0.576758
0.578617
0.580328
0.581901
0.583349
0.584681
0.585907
0.587034
0.588072
0.589026
0.589904
0.590711
0.591455
0.592138
0.592767
0.593346
0.593878
0.594368
0.594818
0.595233
0.595614
0.595965
0.596288
0.596585
0.596858
0.596858
0.596858
0.596858
0.596858
0.596858
0.596858
0.596858
0.596858
0.596858
0.596858
0.596858
0.596858
0.596858
0.596858
0.596858
0.596858
0.596858
0.596858
0.596858
0.496858
0.51311
0.528061
0.541816
0.554471
0.566113
0.576824
0.586678
0.595744
0.604084
0.611758
0.618817
0.625312
0.631287
0.636784
0.641841
0.646494
0.650774
0.654712
0.658335
0.661669
0.664735
0.667556
0.670152
0.67254
0.674736
0.676758
0.678617
0.680328
0.681901
0.683349
0.684681
0.685907
0.687034
0.688072
0.689026
0.689904
0.690711
0.691455
0.692138
0.692767
0.693346
0.693878
0.694368
0.694818
0.695233
0.695614
0.695965
0.696288
0.696585
0.696858
0.696858
0.696858
0.696858
0.696858
0.696858
0.696858
0.696858
0.696858
0.696858
0.696858
0.696858
0.696858
0.696858
0.696858
0.696858
0.696858
0.696858
0.696858
0.696858
0.596858
0.613109
0.628061
0.641816
0.654471
0.666113
0.676824
0.686678
0.695744
0.704084
0.711758
0.718817
0.725312
0.731287
0.736784
0.741841
0.746494
0.750774
0.754712
0.758335
0.761668
0.764735
0.767556
0.770152
0.77254
0.774736
0.776757
0.778617
0.780328
0.781901
0.783349
0.784681
0.785907
0.787034
0.788072
0.789026
0.789904
0.790711
0.791455
0.792138
0.792767
0.793346
0.793878
0.794368
0.794818
0.795233
0.795614
0.795965
0.796288
0.796585
0.796858
0.796858
0.796858
0.796858
0.796858
0.796858
0.796858
0.796858
0.796858
0.796858
0.796858
0.796858
0.796858
0.796858
0.796858
0.796858
0.796858
0.796858
0.796858
0.796858
0.696858
0.713109
0.728061
0.741816
0.754471
0.766113
0.776824
0.786678
0.795744
0.804084
0.811758
0.818817
0.825312
0.831287
0.836784
0.841841
0.846494
0.850774
0.854712
0.858335
0.861668
0.864735
0.867556
0.870152
0.87254
0.874736
0.876757
0.878617
0.880328
0.881901
0.883349
0.884681
0.885907
0.887034
0.888072
0.889026
0.889904
0.890711
0.891455
0.892138
0.892767
0.893346
0.893878
0.894368
0.894818
0.895233
0.895614
0.895965
0.896288
0.896585
0.896858
0.896858
0.896858
0.896858
0.896858
0.896858
0.896858
0.896858
0.896858
0.896858
0.896858
0.896858
0.896858
0.896858
0.896858
0.896858
0.896858
0.896858
0.896858
0.896858
0.796858
0.813109
0.828061
0.841816
0.854471
0.866113
0.876824
0.886678
0.895744
0.904084
0.911758
0.918817
0.925312
0.931287
0.936784
0.941841
0.946494
0.950774
0.954712
0.958335
0.961668
0.964735
0.967556
0.970152
0.97254
0.974736
0.976757
0.978617
0.980328
0.981901
0.983349
0.984681
0.985907
0.987034
0.988072
0.989026
0.989904
0.990711
0.991455
0.992138
0.992767
0.993346
0.993878
0.994368
0.994818
0.995233
0.995614
0.995965
0.996288
0.996585
0.996858
0.996858
0.996858
0.996858
0.996858
0.996858
0.996858
0.996858
0.996858
0.996858
0.996858
0.996858
0.996858
0.996858
0.996858
0.996858
0.996858
0.996858
0.996858
0.996858
0.896858
0.913109
0.928061
0.941816
0.954471
0.966113
0.976824
0.986678
0.995744
1.00408
1.01176
1.01882
1.02531
1.03129
1.03678
1.04184
1.04649
1.05077
1.05471
1.05834
1.06167
1.06474
1.06756
1.07015
1.07254
1.07474
1.07676
1.07862
1.08033
1.0819
1.08335
1.08468
1.08591
1.08703
1.08807
1.08903
1.0899
1.09071
1.09145
1.09214
1.09277
1.09335
1.09388
1.09437
1.09482
1.09523
1.09561
1.09597
1.09629
1.09658
1.09686
1.09686
1.09686
1.09686
1.09686
1.09686
1.09686
1.09686
1.09686
1.09686
1.09686
1.09686
1.09686
1.09686
1.09686
1.09686
1.09686
1.09686
1.09686
1.09686
0.996858
1.01311
1.02806
1.04182
1.05447
1.06611
1.07682
1.08668
1.09574
1.10408
1.11176
1.11882
1.12531
1.13129
1.13678
1.14184
1.14649
1.15077
1.15471
1.15834
1.16167
1.16474
1.16756
1.17015
1.17254
1.17474
1.17676
1.17862
1.18033
1.1819
1.18335
1.18468
1.18591
1.18703
1.18807
1.18903
1.1899
1.19071
1.19145
1.19214
1.19277
1.19335
1.19388
1.19437
1.19482
1.19523
1.19561
1.19597
1.19629
1.19658
1.19686
1.19686
1.19686
1.19686
1.19686
1.19686
1.19686
1.19686
1.19686
1.19686
1.19686
1.19686
1.19686
1.19686
1.19686
1.19686
1.19686
1.19686
1.19686
1.19686
1.09686
1.11311
1.12806
1.14182
1.15447
1.16611
1.17682
1.18668
1.19574
1.20408
1.21176
1.21882
1.22531
1.23129
1.23678
1.24184
1.24649
1.25077
1.25471
1.25834
1.26167
1.26474
1.26756
1.27015
1.27254
1.27474
1.27676
1.27862
1.28033
1.2819
1.28335
1.28468
1.28591
1.28703
1.28807
1.28903
1.2899
1.29071
1.29145
1.29214
1.29277
1.29335
1.29388
1.29437
1.29482
1.29523
1.29561
1.29597
1.29629
1.29658
1.29686
1.29686
1.29686
1.29686
1.29686
1.29686
1.29686
1.29686
1.29686
1.29686
1.29686
1.29686
1.29686
1.29686
1.29686
1.29686
1.29686
1.29686
1.29686
1.29686
1.19686
1.21311
1.22806
1.24182
1.25447
1.26611
1.27682
1.28668
1.29574
1.30408
1.31176
1.31882
1.32531
1.33129
1.33678
1.34184
1.34649
1.35077
1.35471
1.35834
1.36167
1.36474
1.36756
1.37015
1.37254
1.37474
1.37676
1.37862
1.38033
1.3819
1.38335
1.38468
1.38591
1.38703
1.38807
1.38903
1.3899
1.39071
1.39145
1.39214
1.39277
1.39335
1.39388
1.39437
1.39482
1.39523
1.39561
1.39597
1.39629
1.39658
1.39686
1.39686
1.39686
1.39686
1.39686
1.39686
1.39686
1.39686
1.39686
1.39686
1.39686
1.39686
1.39686
1.39686
1.39686
1.39686
1.39686
1.39686
1.39686
1.39686
1.29686
1.31311
1.32806
1.34182
1.35447
1.36611
1.37682
1.38668
1.39574
1.40408
1.41176
1.41882
1.42531
1.43129
1.43678
1.44184
1.44649
1.45077
1.45471
1.45834
1.46167
1.46474
1.46756
1.47015
1.47254
1.47474
1.47676
1.47862
1.48033
1.4819
1.48335
1.48468
1.48591
1.48703
1.48807
1.48903
1.4899
1.49071
1.49145
1.49214
1.49277
1.49335
1.49388
1.49437
1.49482
1.49523
1.49561
1.49597
1.49629
1.49658
1.49686
1.49686
1.49686
1.49686
1.49686
1.49686
1.49686
1.49686
1.49686
1.49686
1.49686
1.49686
1.49686
1.49686
1.49686
1.49686
1.49686
1.49686
1.49686
1.49686
1.39686
1.41311
1.42806
1.44182
1.45447
1.46611
1.47682
1.48668
1.49574
1.50408
1.51176
1.51882
1.52531
1.53129
1.53678
1.54184
1.54649
1.55077
1.55471
1.55834
1.56167
1.56474
1.56756
1.57015
1.57254
1.57474
1.57676
1.57862
1.58033
1.5819
1.58335
1.58468
1.58591
1.58703
1.58807
1.58903
1.5899
1.59071
1.59145
1.59214
1.59277
1.59335
1.59388
1.59437
1.59482
1.59523
1.59561
1.59597
1.59629
1.59658
1.59686
1.59686
1.59686
1.59686
1.59686
1.59686
1.59686
1.59686
1.59686
1.59686
1.59686
1.59686
1.59686
1.59686
1.59686
1.59686
1.59686
1.59686
1.59686
1.59686
1.49686
1.51311
1.52806
1.54182
1.55447
1.56611
1.57682
1.58668
1.59574
1.60408
1.61176
1.61882
1.62531
1.63129
1.63678
1.64184
1.64649
1.65077
1.65471
1.65834
1.66167
1.66474
1.66756
1.67015
1.67254
1.67474
1.67676
1.67862
1.68033
1.6819
1.68335
1.68468
1.68591
1.68703
1.68807
1.68903
1.6899
1.69071
1.69145
1.69214
1.69277
1.69335
1.69388
1.69437
1.69482
1.69523
1.69561
1.69597
1.69629
1.69658
1.69686
1.69686
1.69686
1.69686
1.69686
1.69686
1.69686
1.69686
1.69686
1.69686
1.69686
1.69686
1.69686
1.69686
1.69686
1.69686
1.69686
1.69686
1.69686
1.69686
1.59686
1.61311
1.62806
1.64182
1.65447
1.66611
1.67682
1.68668
1.69574
1.70408
1.71176
1.71882
1.72531
1.73129
1.73678
1.74184
1.74649
1.75077
1.75471
1.75834
1.76167
1.76474
1.76756
1.77015
1.77254
1.77474
1.77676
1.77862
1.78033
1.7819
1.78335
1.78468
1.78591
1.78703
1.78807
1.78903
1.7899
1.79071
1.79145
1.79214
1.79277
1.79335
1.79388
1.79437
1.79482
1.79523
1.79561
1.79597
1.79629
1.79658
