0.000172107
6.01936e-05
3.87777e-05
3.89356e-05
-2.63165e-06
-4.26409e-06
-4.12987e-06
-2.6691e-05
-2.65343e-05
-4.39471e-05
-4.35766e-05
-5.29493e-05
-5.82322e-05
-6.55813e-05
-7.22818e-05
-7.87536e-05
-8.50369e-05
-9.11354e-05
-9.7059e-05
-0.000102821
-0.00010844
-0.000113635
-0.000118831
-0.000123086
-0.00012757
-0.000131347
-0.000135313
-0.000139243
-0.000143186
-0.000147188
-0.000151295
-0.000155553
-0.000160016
-0.000158849
-0.000161389
-0.000163936
-0.000166475
-0.000169033
-0.000171599
-0.000174174
-0.000176757
-0.000179349
-0.000181952
-0.000184563
-0.000187183
-0.000189811
-0.000192443
-0.000195079
-0.000197715
-0.000200339
-0.000202941
-0.000205519
-0.000208072
-0.0002106
-0.000213103
-0.000215597
-0.000218119
-0.000220619
-0.00022309
-0.000225532
-0.000227944
-0.000230326
-0.000232678
-0.000235003
-0.000237301
-0.000239574
-0.000241824
-0.000244055
-0.000246269
-0.000248467
-0.000227978
-0.000226223
-0.000224504
-0.000222797
-0.000221108
-0.000219441
-0.000217796
-0.000216178
-0.000214595
-0.000213036
-0.000211501
-0.000209989
-0.000208499
-0.000207029
-0.000205578
-0.000204143
-0.000202722
-0.000201313
-0.000199918
-0.000198533
-0.000197158
-0.000195792
-0.000194434
-0.000193084
-0.000191743
-0.00019041
-0.000189086
-0.000187772
-0.000186469
-0.000185178
-0.0001839
-0.000182638
-0.000181391
-0.000180162
-0.000178951
-0.000177759
-0.000176587
-0.000175435
-0.000174304
-0.000173194
-0.000172103
-0.000171032
-0.000169978
-0.000168941
-0.000167919
-0.000166911
-0.000165915
-0.00016493
-0.000163955
-0.000162988
-0.000162028
-0.000161074
-0.000160126
-0.000159191
-0.000158253
-0.000157312
-0.000156369
-0.000155426
-0.000154726
-0.000154297
-0.000153347
-0.000152406
-0.000151469
-0.000150535
-0.000149604
-0.000148675
-0.000147751
-0.000146835
-0.000145929
-0.000145032
-0.00014405
-0.000143155
-0.000142027
-0.000140886
-0.000139852
-0.000138906
-0.000138036
-0.000137238
-0.000136613
-0.000136032
-0.000135486
-0.000134948
-0.000134363
-0.000133726
-0.000133022
-0.000132275
-0.000131517
-0.000130767
-0.000130023
-0.000129284
-0.00012855
-0.000127821
-0.000127098
-0.00012638
-0.000125668
-0.000124962
-0.000124263
-0.000123572
-0.000122889
-0.000122214
-0.000121549
-0.000120892
-0.000120245
-0.000119608
-0.000118981
-0.000118363
-0.000117755
-0.000117157
-0.000116567
-0.000115985
-0.000115412
-0.000114845
-0.000114286
-0.000113732
-0.000113184
-0.00011264
-0.000112102
-0.000111567
-0.000111036
-0.000110508
-0.000109995
-0.000109498
-0.000108986
-0.000108471
-0.000107963
-0.000107461
-0.000106962
-0.000106467
-0.000105976
-0.000105489
-0.000105006
-0.000104529
-0.000104056
-0.00010359
-0.000103129
-0.000102673
-0.000102224
-0.00010178
-0.000101342
-0.000100909
-0.000100478
-0.000100039
-9.96169e-05
-9.92092e-05
-9.88047e-05
-9.84031e-05
-9.80707e-05
-9.77911e-05
-9.75552e-05
-9.73571e-05
-9.71921e-05
-9.70565e-05
-9.69465e-05
-9.68587e-05
-9.67892e-05
-9.67247e-05
-9.67407e-05
-9.67417e-05
-9.6727e-05
-9.66992e-05
-9.66681e-05
-9.63089e-05
-9.56743e-05
-9.49931e-05
-9.43352e-05
-9.37008e-05
-9.30893e-05
-9.25005e-05
-9.19334e-05
-9.13881e-05
-9.08621e-05
-9.03546e-05
-8.98646e-05
-8.93914e-05
-8.89342e-05
-8.84904e-05
-8.81387e-05
-8.77687e-05
-8.7374e-05
-8.69638e-05
-8.65656e-05
-8.61789e-05
-8.58032e-05
-8.54379e-05
-8.50827e-05
-8.47486e-05
-8.44229e-05
-8.41045e-05
-8.37976e-05
-8.35011e-05
-8.32147e-05
-8.29354e-05
-8.26615e-05
-8.23932e-05
-8.21298e-05
-8.18707e-05
-8.16155e-05
-8.13639e-05
-8.11154e-05
-8.08698e-05
-8.06269e-05
-8.03866e-05
-8.01487e-05
-7.9913e-05
-7.96796e-05
-7.94489e-05
-7.92274e-05
-7.9008e-05
-7.87904e-05
-7.85746e-05
-7.89343e-05
-7.86361e-05
-7.83317e-05
-7.80243e-05
-7.77183e-05
-7.74112e-05
-7.71828e-05
-7.70269e-05
-7.68846e-05
-7.67451e-05
-7.66029e-05
-7.64574e-05
-7.63064e-05
-7.61511e-05
-7.59928e-05
-7.58328e-05
-7.56724e-05
-7.55127e-05
-7.53524e-05
-7.51816e-05
-7.49991e-05
-7.48041e-05
-7.45964e-05
-7.43759e-05
-7.41425e-05
-7.38966e-05
-7.36444e-05
-7.33978e-05
-7.31569e-05
-7.29215e-05
-7.26914e-05
-7.24662e-05
-7.22457e-05
-7.20299e-05
-7.18185e-05
-7.16114e-05
-7.14086e-05
-7.12098e-05
-7.1017e-05
-7.07724e-05
-7.05929e-05
-7.04215e-05
-7.02572e-05
-7.00992e-05
-6.99472e-05
-6.98006e-05
-6.9659e-05
-6.95238e-05
-6.9393e-05
-6.92654e-05
-6.91406e-05
-6.90184e-05
-6.8898e-05
-6.87792e-05
-6.86663e-05
-6.85578e-05
-6.84515e-05
-6.83474e-05
-6.82455e-05
-6.81457e-05
-6.80482e-05
-6.79529e-05
-6.786e-05
-6.77695e-05
-6.76816e-05
-6.75965e-05
-6.75143e-05
-6.74351e-05
-6.7359e-05
-6.72863e-05
-6.72171e-05
-6.70887e-05
-6.69242e-05
-6.67921e-05
-6.66879e-05
-6.66382e-05
-6.66703e-05
-6.67657e-05
-6.69095e-05
-6.70938e-05
-6.73129e-05
-6.75685e-05
-6.78571e-05
-6.81703e-05
-6.85028e-05
-6.88516e-05
-6.92122e-05
-6.95755e-05
-6.993e-05
-7.02692e-05
-7.05912e-05
-7.08943e-05
-7.11769e-05
-7.14376e-05
-7.16752e-05
-7.18888e-05
-7.20778e-05
-7.22416e-05
-7.238e-05
-7.24929e-05
-7.25806e-05
-7.26434e-05
-7.26819e-05
-7.26967e-05
-7.26888e-05
-7.26595e-05
-7.26103e-05
-7.189e-05
-7.14713e-05
-7.09028e-05
-7.03107e-05
-6.9755e-05
-6.92334e-05
-6.87439e-05
-6.82848e-05
-6.78544e-05
-6.74513e-05
-6.70738e-05
-6.67206e-05
-6.63903e-05
-6.60818e-05
-6.57938e-05
-6.55252e-05
-6.52749e-05
-6.50417e-05
-6.48246e-05
-6.46226e-05
-6.44346e-05
-6.42598e-05
-6.40974e-05
-6.39475e-05
-6.38081e-05
-6.36783e-05
-6.35573e-05
-6.34443e-05
-6.33386e-05
-6.32394e-05
-6.31461e-05
-6.30583e-05
-6.29753e-05
-6.28976e-05
-6.27158e-05
-6.25681e-05
-6.24594e-05
-6.23717e-05
-6.2276e-05
-6.21927e-05
-6.21743e-05
-6.21758e-05
-6.21757e-05
-6.21698e-05
-6.21581e-05
-6.21386e-05
-6.21107e-05
-6.20735e-05
-6.20364e-05
-6.20046e-05
-6.19759e-05
-6.19503e-05
-6.19275e-05
-6.19071e-05
-6.18891e-05
-6.1873e-05
-6.18585e-05
-6.18456e-05
-6.18337e-05
-6.18228e-05
-6.18126e-05
-6.1803e-05
-6.17937e-05
-6.17847e-05
-6.17759e-05
-6.17672e-05
-6.17587e-05
-6.17503e-05
-6.17421e-05
-6.17342e-05
-6.17267e-05
-6.17199e-05
-6.17331e-05
-6.17284e-05
-6.17222e-05
-6.17171e-05
-6.17132e-05
-6.17106e-05
-6.17094e-05
-6.17096e-05
-6.17111e-05
-6.1714e-05
-6.17182e-05
-6.17236e-05
-6.173e-05
-6.17417e-05
-6.17518e-05
-6.17631e-05
-6.17753e-05
-6.17878e-05
-6.18005e-05
-6.18131e-05
-6.18253e-05
-6.18372e-05
-6.18485e-05
-6.18592e-05
-6.18684e-05
-6.18771e-05
-6.18855e-05
-6.18937e-05
-6.19017e-05
-6.19097e-05
-6.19177e-05
-6.19253e-05
-6.19059e-05
-6.19132e-05
-6.19368e-05
-6.19637e-05
-6.20365e-05
-6.20903e-05
-6.21415e-05
-6.21768e-05
-6.21941e-05
-6.22031e-05
-6.22122e-05
-6.22216e-05
-6.22314e-05
-6.22416e-05
-6.22526e-05
-6.22646e-05
-6.22777e-05
-6.22921e-05
-6.23073e-05
-6.23227e-05
-6.2338e-05
-6.23533e-05
-6.23685e-05
-6.23835e-05
-6.23983e-05
-6.24129e-05
-6.24273e-05
-6.24416e-05
-6.24558e-05
-6.247e-05
-6.24842e-05
-6.24987e-05
-6.25134e-05
-6.25285e-05
-6.25441e-05
-6.25614e-05
-6.25795e-05
-6.25983e-05
-6.26179e-05
-6.26382e-05
-6.26594e-05
-6.26813e-05
-6.27039e-05
-6.27272e-05
-6.27511e-05
-6.27755e-05
-6.28004e-05
-6.28256e-05
-6.2851e-05
-6.28766e-05
-6.2911e-05
-6.29426e-05
-6.29726e-05
-6.3003e-05
-6.30332e-05
-6.30629e-05
-6.30919e-05
-6.31202e-05
-6.31478e-05
-6.31745e-05
-6.32004e-05
-6.32257e-05
-6.32503e-05
-6.32745e-05
-6.32986e-05
-6.33228e-05
-6.3347e-05
-6.33716e-05
-6.33966e-05
-6.34207e-05
-6.33889e-05
-6.33879e-05
-6.34099e-05
-6.34285e-05
-6.34434e-05
-6.34553e-05
-6.34978e-05
-6.35579e-05
-6.36153e-05
-6.36676e-05
-6.37142e-05
-6.37551e-05
-6.37903e-05
-6.38195e-05
-6.38378e-05
-6.38563e-05
-6.38756e-05
-6.38955e-05
-6.39158e-05
-6.39366e-05
-6.39577e-05
-6.3979e-05
-6.40005e-05
-6.40223e-05
-6.40443e-05
-6.40665e-05
-6.40891e-05
-6.41119e-05
-6.41353e-05
-6.41591e-05
-6.41834e-05
-6.42084e-05
-6.42355e-05
-6.42641e-05
-6.42934e-05
-6.43235e-05
-6.43544e-05
-6.4386e-05
-6.44184e-05
-6.44515e-05
-6.44852e-05
-6.45195e-05
-6.45543e-05
-6.45894e-05
-6.46249e-05
-6.46607e-05
-6.46966e-05
-6.47336e-05
-6.4779e-05
-6.4824e-05
-6.48692e-05
-6.49057e-05
-6.49457e-05
-6.49872e-05
-6.50292e-05
-6.50712e-05
-6.51129e-05
-6.51541e-05
-6.51949e-05
-6.52351e-05
-6.52749e-05
-6.53142e-05
-6.53531e-05
-6.53915e-05
-6.54296e-05
-6.54674e-05
-6.5505e-05
-6.55423e-05
-6.55794e-05
-6.56141e-05
-6.56367e-05
-6.56751e-05
-6.57282e-05
-6.57838e-05
-6.58397e-05
-6.59608e-05
-6.61234e-05
-6.63148e-05
-6.65265e-05
-6.67524e-05
-6.69876e-05
-6.72284e-05
-6.74718e-05
-6.7717e-05
-6.76823e-05
-6.76141e-05
-6.75489e-05
-6.74914e-05
-6.74409e-05
-6.7397e-05
-6.73582e-05
-6.73242e-05
-6.72945e-05
-6.72687e-05
-6.72466e-05
-6.72279e-05
-6.72125e-05
-6.72003e-05
-6.71911e-05
-6.71849e-05
-6.71817e-05
-6.71815e-05
-6.71842e-05
-6.71899e-05
-6.71985e-05
-6.721e-05
-6.72244e-05
-6.72415e-05
-6.72614e-05
-6.72838e-05
-6.73085e-05
-6.73355e-05
-6.73645e-05
-6.73952e-05
-6.74275e-05
-6.74611e-05
-6.74958e-05
-6.75312e-05
-6.75673e-05
-6.76037e-05
-6.76403e-05
-6.76769e-05
-6.77134e-05
-6.77496e-05
-6.77856e-05
-6.78213e-05
-6.78567e-05
-6.78918e-05
-6.79268e-05
-6.79616e-05
-6.79965e-05
-6.80314e-05
-6.80667e-05
-6.81027e-05
-6.81393e-05
-6.82049e-05
-6.82401e-05
-6.82763e-05
-6.83137e-05
-6.83983e-05
-6.83908e-05
-6.84196e-05
-6.8442e-05
-6.84606e-05
-6.84758e-05
-6.84892e-05
-6.85426e-05
-6.86427e-05
-6.87111e-05
-6.87711e-05
-6.88212e-05
-6.88616e-05
-6.88929e-05
-6.89156e-05
-6.89351e-05
-6.89579e-05
-6.89994e-05
-6.90346e-05
-6.907e-05
-6.91054e-05
-6.91409e-05
-6.91765e-05
-6.92123e-05
-6.92482e-05
-6.92845e-05
-6.93211e-05
-6.93582e-05
-6.93959e-05
-6.94343e-05
-6.94736e-05
-6.95136e-05
-6.95546e-05
-6.95966e-05
-6.96396e-05
-6.96836e-05
-6.97285e-05
-6.97743e-05
-6.98209e-05
-6.98681e-05
-6.9916e-05
-6.99644e-05
-7.00132e-05
-7.00623e-05
-7.01114e-05
-7.01604e-05
-7.02093e-05
-7.0258e-05
-7.03063e-05
-7.03541e-05
-7.04015e-05
-7.04484e-05
-7.04948e-05
-7.05408e-05
-7.05863e-05
-7.06316e-05
-7.06765e-05
-7.07213e-05
-7.07661e-05
-7.08108e-05
-7.08558e-05
-7.09009e-05
-7.09465e-05
-7.09924e-05
-7.10389e-05
-7.10859e-05
-7.11334e-05
-7.11816e-05
-7.12303e-05
-7.12796e-05
-7.13294e-05
-7.13713e-05
-7.14032e-05
-7.14272e-05
-7.12025e-05
-7.0789e-05
-7.03384e-05
-6.98487e-05
-6.93034e-05
-6.86929e-05
-6.79711e-05
-6.79262e-05
-6.79576e-05
-6.80567e-05
-6.82128e-05
-6.84108e-05
-6.86174e-05
-6.88343e-05
-6.90624e-05
-6.92987e-05
-6.95424e-05
-6.9792e-05
-7.00463e-05
-7.03028e-05
-7.11304e-05
-7.19164e-05
-7.26514e-05
-7.3338e-05
-7.39744e-05
-7.45548e-05
-7.50707e-05
-7.55122e-05
-7.58341e-05
-7.6022e-05
-7.60635e-05
-7.60149e-05
-7.59586e-05
-7.58966e-05
-7.58371e-05
-7.57817e-05
-7.57299e-05
-7.56813e-05
-7.56358e-05
-7.55934e-05
-7.55542e-05
-7.55184e-05
-7.54862e-05
-7.5458e-05
-7.54341e-05
-7.54149e-05
-7.54006e-05
-7.53916e-05
-7.53879e-05
-7.53898e-05
-7.53971e-05
-7.54098e-05
-7.54277e-05
-7.54505e-05
-7.54778e-05
-7.55091e-05
-7.55439e-05
-7.55814e-05
-7.56212e-05
-7.56624e-05
-7.57046e-05
-7.5747e-05
-7.57892e-05
-7.58305e-05
-7.58706e-05
-7.5909e-05
-7.59461e-05
-7.59582e-05
-7.59458e-05
-7.59163e-05
-7.58701e-05
-7.57998e-05
-7.57082e-05
-7.05628e-05
-6.56742e-05
-6.12262e-05
-5.71147e-05
-5.33074e-05
-4.99873e-05
-4.71545e-05
-4.53649e-05
-4.61831e-05
-4.88423e-05
-5.20173e-05
-5.48702e-05
-5.73688e-05
-5.96222e-05
-6.1783e-05
-6.35244e-05
-6.50521e-05
-6.63846e-05
-6.75457e-05
-6.84525e-05
-6.93026e-05
-7.01009e-05
-7.08551e-05
-7.15635e-05
-7.22258e-05
-7.28456e-05
-7.34241e-05
-7.39623e-05
-7.4461e-05
-7.49213e-05
-7.53441e-05
-7.57308e-05
-7.6146e-05
-7.65291e-05
-7.68738e-05
-7.71845e-05
-7.73996e-05
-7.76575e-05
-7.7839e-05
-7.79952e-05
-7.8137e-05
-7.82675e-05
-7.83898e-05
-7.85067e-05
-7.86207e-05
-7.87341e-05
-7.88487e-05
-7.89658e-05
-7.90864e-05
-7.92109e-05
-7.93394e-05
-7.94714e-05
-7.96064e-05
-7.97431e-05
-7.98803e-05
-8.00165e-05
-8.015e-05
-8.02792e-05
-8.04025e-05
-8.05186e-05
-8.06257e-05
-8.0723e-05
-8.08096e-05
-8.08842e-05
-8.08695e-05
-8.09265e-05
-8.07011e-05
-8.0394e-05
-8.0473e-05
-8.05672e-05
-8.06435e-05
-8.06988e-05
-8.07484e-05
-8.07936e-05
-8.08369e-05
-8.08804e-05
-8.09258e-05
-8.09746e-05
-8.10279e-05
-8.10866e-05
-8.11512e-05
-8.12219e-05
-8.12985e-05
-8.13807e-05
-8.14676e-05
-8.15584e-05
-8.16517e-05
-8.17464e-05
-8.1841e-05
-8.1934e-05
-8.20241e-05
-8.21099e-05
-8.21903e-05
-8.22642e-05
-8.2331e-05
-8.23901e-05
-8.24412e-05
-8.24844e-05
-8.25201e-05
-8.25486e-05
-8.2571e-05
-8.25881e-05
-8.26012e-05
-8.26114e-05
-8.26203e-05
-8.26292e-05
-8.26394e-05
-8.26522e-05
-8.26688e-05
-8.26901e-05
-8.27169e-05
-8.27497e-05
-8.27889e-05
-8.28345e-05
-8.28864e-05
-8.2944e-05
-8.30068e-05
-8.3074e-05
-8.31445e-05
-8.32173e-05
-8.32913e-05
-8.33676e-05
-8.34425e-05
-8.35139e-05
-8.35814e-05
-8.36448e-05
-8.37036e-05
-8.37571e-05
-8.38052e-05
-8.38476e-05
-8.38846e-05
-8.39166e-05
-8.3944e-05
-8.39626e-05
-8.37918e-05
-8.34931e-05
-8.33769e-05
-8.34015e-05
-8.34352e-05
-8.34763e-05
-8.35243e-05
-8.35787e-05
-8.36517e-05
-8.38072e-05
-8.40374e-05
-8.43434e-05
-8.47262e-05
-8.5165e-05
-8.55038e-05
-8.58067e-05
-8.60511e-05
-8.62327e-05
-8.63473e-05
-8.6391e-05
-8.63601e-05
-8.63111e-05
-8.62683e-05
-8.62305e-05
-8.61961e-05
-8.61641e-05
-8.61337e-05
-8.61041e-05
-8.60751e-05
-8.60465e-05
-8.60182e-05
-8.59907e-05
-8.59643e-05
-8.59396e-05
-8.59172e-05
-8.58978e-05
-8.58822e-05
-8.58712e-05
-8.58654e-05
-8.58653e-05
-8.58714e-05
-8.58841e-05
-8.59035e-05
-8.59296e-05
-8.59623e-05
-8.60011e-05
-8.60457e-05
-8.60954e-05
-8.61494e-05
-8.62068e-05
-8.62668e-05
-8.63285e-05
-8.63908e-05
-8.64529e-05
-8.6514e-05
-8.65729e-05
-8.66287e-05
-8.66808e-05
-8.67288e-05
-8.67586e-05
-8.67834e-05
-8.68158e-05
-8.68433e-05
-8.68729e-05
-8.69023e-05
-8.69321e-05
-8.69629e-05
-8.6995e-05
-8.7029e-05
-8.70703e-05
-8.66802e-05
-8.67334e-05
-8.64011e-05
-8.61087e-05
-8.59931e-05
-8.60226e-05
-8.6064e-05
-8.61131e-05
-8.62732e-05
-8.65288e-05
-8.6877e-05
-8.73162e-05
-8.78434e-05
-8.83238e-05
-8.87197e-05
-8.90348e-05
-8.92637e-05
-8.9404e-05
-8.94515e-05
-8.94245e-05
-8.94018e-05
-8.93826e-05
-8.93662e-05
-8.9352e-05
-8.93397e-05
-8.9329e-05
-8.932e-05
-8.93126e-05
-8.93071e-05
-8.93037e-05
-8.93027e-05
-8.93046e-05
-8.93097e-05
-8.93184e-05
-8.93311e-05
-8.93481e-05
-8.93696e-05
-8.93959e-05
-8.94269e-05
-8.94626e-05
-8.9503e-05
-8.95477e-05
-8.95964e-05
-8.96487e-05
-8.97041e-05
-8.97621e-05
-8.9822e-05
-8.98832e-05
-8.99451e-05
-9.00072e-05
-9.00689e-05
-9.01297e-05
-9.01891e-05
-9.02469e-05
-9.03028e-05
-9.03563e-05
-9.04073e-05
-9.04558e-05
-9.05031e-05
-9.0549e-05
-9.05934e-05
-9.06368e-05
-9.06798e-05
-9.0724e-05
-9.07687e-05
-9.08143e-05
-9.08612e-05
-9.09098e-05
-9.09604e-05
-9.10124e-05
-9.10487e-05
-9.02162e-05
-8.96572e-05
-8.92984e-05
-8.91135e-05
-8.90248e-05
-8.89576e-05
-8.89107e-05
-8.921e-05
-8.94939e-05
-8.98319e-05
-9.02269e-05
-9.05991e-05
-9.09241e-05
-9.11994e-05
-9.14187e-05
-9.15763e-05
-9.16846e-05
-9.17889e-05
-9.18893e-05
-9.19861e-05
-9.20793e-05
-9.21693e-05
-9.22563e-05
-9.23405e-05
-9.24223e-05
-9.25018e-05
-9.25795e-05
-9.26556e-05
-9.27303e-05
-9.2804e-05
-9.28769e-05
-9.29493e-05
-9.30213e-05
-9.30932e-05
-9.3165e-05
-9.32368e-05
-9.33088e-05
-9.3381e-05
-9.34533e-05
-9.35257e-05
-9.35982e-05
-9.36707e-05
-9.3743e-05
-9.38151e-05
-9.38868e-05
-9.3958e-05
-9.40287e-05
-9.40987e-05
-9.41679e-05
-9.42362e-05
-9.43037e-05
-9.43703e-05
-9.44364e-05
-9.45009e-05
-9.45645e-05
-9.46271e-05
-9.46888e-05
-9.47497e-05
-9.481e-05
-9.48698e-05
-9.49293e-05
-9.49885e-05
-9.50477e-05
-9.51069e-05
-9.51662e-05
-9.52268e-05
-9.52885e-05
-9.53513e-05
-9.54151e-05
-9.5468e-05
-9.55097e-05
-9.46354e-05
-9.38653e-05
-9.32655e-05
-9.28016e-05
-9.23724e-05
-9.19202e-05
-9.21026e-05
-9.24356e-05
-9.27709e-05
-9.31204e-05
-9.34795e-05
-9.37843e-05
-9.40803e-05
-9.43608e-05
-9.46261e-05
-9.48776e-05
-9.51163e-05
-9.53435e-05
-9.55598e-05
-9.57662e-05
-9.59633e-05
-9.61518e-05
-9.6332e-05
-9.65045e-05
-9.66696e-05
-9.68276e-05
-9.69788e-05
-9.71236e-05
-9.7262e-05
-9.73944e-05
-9.7521e-05
-9.76421e-05
-9.77579e-05
-9.78688e-05
-9.79749e-05
-9.80768e-05
-9.81746e-05
-9.82689e-05
-9.83599e-05
-9.8448e-05
-9.85337e-05
-9.86173e-05
-9.86992e-05
-9.87797e-05
-9.88592e-05
-9.89378e-05
-9.9016e-05
-9.90937e-05
-9.91713e-05
-9.92488e-05
-9.93262e-05
-9.94036e-05
-9.94823e-05
-9.95622e-05
-9.96434e-05
-9.97258e-05
-9.9809e-05
-9.98931e-05
-9.99778e-05
-0.000100221
-0.000100321
-0.000100378
-0.000100435
-0.000100501
-0.000100557
-0.000100613
-0.000100668
-0.000100737
-0.000100771
-9.98955e-05
-9.93028e-05
-9.89158e-05
-9.87068e-05
-9.85998e-05
-9.85135e-05
-9.84469e-05
-9.87405e-05
-9.902e-05
-9.93574e-05
-9.97558e-05
-0.000100131
-0.000100461
-0.000100741
-0.000100965
-0.000101128
-0.000101243
-0.000101355
-0.000101466
-0.000101575
-0.000101683
-0.000101788
-0.000101891
-0.000101992
-0.00010209
-0.000102186
-0.000102279
-0.000102368
-0.000102455
-0.000102538
-0.000102619
-0.000102697
-0.000102772
-0.000102845
-0.000102916
-0.000102985
-0.000103053
-0.00010312
-0.000103186
-0.000103252
-0.000103318
-0.000103385
-0.000103453
-0.000103521
-0.00010359
-0.000103661
-0.000103733
