0
-0.00393309
-0.00259743
-0.000520991
-0.0806078
-0.068717
-0.0389797
-0.00300921
0.0167677
-0.0150778
-0.00301685
-0.0238376
-0.0283218
-0.035552
-0.0427864
-0.0484021
-0.0538718
-0.0592083
-0.064432
-0.0695618
-0.074615
-0.079521
-0.0844904
-0.0891624
-0.094119
-0.0988287
-0.104018
-0.108902
-0.113825
-0.118804
-0.123855
-0.128995
-0.134264
-0.14082
-0.130413
-0.12327
-0.116086
-0.108918
-0.101771
-0.0946437
-0.0875313
-0.0804307
-0.0733399
-0.0662582
-0.0591846
-0.0521174
-0.0450547
-0.0379941
-0.030933
-0.0238683
-0.0167969
-0.00971552
-0.0026204
0.00449223
0.0116263
0.0182315
0.0248471
0.0313315
0.037862
0.044433
0.0510566
0.0577387
0.0644841
0.0712974
0.0781828
0.0851449
0.0921897
0.0993151
0.106537
0.113854
0.121273
0.107743
0.155187
0.192615
0.226931
0.234569
0.234338
0.237781
0.218643
0.208655
0.199653
0.191502
0.183997
0.17699
0.170388
0.164129
0.158171
0.152485
0.143903
0.135834
0.128007
0.120369
0.112907
0.105609
0.0984657
0.0915012
0.0846379
0.0779596
0.0714656
0.0650779
0.0587866
0.052585
0.0464703
0.0404359
0.0344751
0.0285815
0.0227491
0.0169716
0.0112429
0.00555672
-9.34007e-05
-0.00571461
-0.00853814
-0.0111827
-0.0138184
-0.0164524
-0.0190919
-0.0217436
-0.0244146
-0.0271123
-0.029845
-0.0330563
-0.0331889
-0.00994102
-0.0099677
-0.0102422
-0.00953916
-0.00797929
-0.00457069
0.0125582
0.0277354
0.037832
0.0486788
0.0597663
0.0709391
0.0821544
0.0937177
0.105002
0.11629
0.127682
0.139172
0.106404
0.141029
0.180501
0.210528
0.240055
0.268449
0.29739
0.322363
0.305928
0.286293
0.267513
0.256037
0.249182
0.221877
0.202249
0.186945
0.173856
0.162036
0.151296
0.143747
0.13916
0.135411
0.132202
0.129379
0.126855
0.124576
0.122508
0.12063
0.118927
0.117374
0.115965
0.114705
0.113589
0.11254
0.111494
0.110442
0.109374
0.10828
0.107148
0.105967
0.10472
0.103387
0.101941
0.100345
0.0985481
0.0964687
0.0939483
0.090511
0.0905275
0.0642595
0.0481855
0.0325993
0.027934
0.0374667
0.0448117
0.0504853
0.0548773
0.0587214
0.0622718
0.0656753
0.0688842
0.0722022
0.0755179
0.0788478
0.082202
0.0855868
0.0890065
0.0924645
0.0959634
0.0995056
0.135134
0.170223
0.202618
0.232269
0.241106
0.235406
0.233375
0.23289
0.233184
0.233969
0.235138
0.236646
0.238464
0.24053
0.241974
0.249635
0.249733
0.250115
0.251116
0.254018
0.227275
0.201662
0.185645
0.17482
0.165866
0.158172
0.149391
0.14142
0.133763
0.126352
0.119313
0.112463
0.105636
0.0988161
0.0987867
0.100017
0.1079
0.114704
0.116731
0.113657
0.111843
0.110762
0.110108
0.109709
0.079475
0.0516702
0.0327155
0.0277479
0.0205556
0.010403
0.0200183
0.0242724
0.0293812
0.0334289
0.0368345
0.0398681
0.0426884
0.0453857
0.0480126
0.0505995
0.0531607
0.0557028
0.0582306
0.0607463
0.0608201
0.0753208
0.0803792
0.0837445
0.0867025
0.0896245
0.126094
0.154493
0.182678
0.211215
0.239698
0.236038
0.226313
0.217344
0.210932
0.20575
0.201957
0.198256
0.195274
0.192943
0.191157
0.189883
0.189098
0.188634
0.187892
0.187354
0.18708
0.187085
0.187376
0.187953
0.188818
0.189646
0.192338
0.195604
0.199354
0.203497
0.207983
0.21279
0.217906
0.223336
0.229096
0.235227
0.24184
0.241637
0.225153
0.214127
0.208701
0.202828
0.196598
0.190125
0.183618
0.177168
0.171155
0.164995
0.161741
0.158602
0.154527
0.154134
0.153003
0.125451
0.11641
0.110548
0.1041
0.0973637
0.090452
0.0834218
0.0762976
0.0690892
0.0618017
0.0544355
0.0469881
0.0394551
0.0318303
0.0241057
0.0162709
0.00831045
0.0235092
0.0365326
0.0757461
0.111655
0.130133
0.12527
0.124106
0.123613
0.12377
0.124209
0.125967
0.127904
0.129729
0.131359
0.133303
0.1355
0.137525
0.138604
0.139434
0.140479
0.141774
0.143342
0.145192
0.147328
0.14975
0.152457
0.15545
0.158727
0.16229
0.166138
0.170274
0.174709
0.179449
0.184507
0.189901
0.195659
0.195502
0.169341
0.145164
0.143023
0.138289
0.13409
0.130282
0.126706
0.124349
0.123697
0.123284
0.122998
0.122782
0.122596
0.121448
0.124712
0.126791
0.128172
0.129143
0.129864
0.130415
0.130811
0.133242
0.117829
0.118129
0.11832
0.118386
0.118345
0.118205
0.11797
0.117639
0.117211
0.116682
0.116042
0.149923
0.185589
0.215214
0.240533
0.260584
0.27016
0.241076
0.218545
0.20729
0.200098
0.195774
0.191637
0.188414
0.185631
0.181689
0.174204
0.167791
0.162342
0.157562
0.153276
0.149376
0.145795
0.142493
0.139442
0.136621
0.134013
0.131605
0.129386
0.127345
0.125464
0.123734
0.122166
0.120751
0.119485
0.118361
0.117374
0.116521
0.116513
0.108183
0.114548
0.114823
0.1146
0.114075
0.113771
0.113607
0.113532
0.113514
0.11353
0.113561
0.113593
0.112404
0.0924604
0.090758
0.0948183
0.0982395
0.101227
0.103984
0.106641
0.109273
0.111926
0.11462
0.117367
0.120449
0.121776
0.121605
0.121274
0.120834
0.120438
0.120034
0.119735
0.156562
0.192907
0.220895
0.244321
0.255553
0.231673
0.222275
0.214678
0.208828
0.203398
0.195767
0.188983
0.183003
0.177548
0.17246
0.16765
0.16306
0.158645
0.154622
0.15109
0.147822
0.144786
0.141963
0.139338
0.136898
0.134634
0.132535
0.130594
0.128803
0.127146
0.125617
0.124223
0.122958
0.121803
0.12068
0.113612
0.112392
0.111731
0.11117
0.110711
0.110353
0.110089
0.109901
0.109776
0.109699
0.109658
0.109639
0.109632
0.109623
0.109604
0.0834697
0.0785752
0.0780038
0.0837923
0.0884825
0.0924453
0.0960029
0.0993614
0.102641
0.105911
0.109209
0.112536
0.115788
0.118849
0.119601
0.120615
0.121026
0.120922
0.12071
0.120385
0.157207
0.19379
0.224255
0.246975
0.268528
0.284687
0.255549
0.229048
0.218866
0.211589
0.206076
0.201702
0.198136
0.195199
0.191888
0.183671
0.176902
0.171323
0.166535
0.162309
0.158504
0.155039
0.151863
0.148943
0.146256
0.143783
0.141509
0.139422
0.137509
0.135743
0.13411
0.13255
0.124602
0.119326
0.118136
0.117107
0.116214
0.115451
0.114814
0.114298
0.113912
0.113618
0.113411
0.113279
0.113187
0.112729
0.112955
0.10728
0.0785811
0.0592483
0.063779
0.0523586
0.0616553
0.068537
0.0736671
0.0777687
0.0813104
0.0845638
0.0876831
0.0907555
0.0938266
0.0969208
0.100054
0.103253
0.106446
0.109227
0.112069
0.114993
0.11789
0.119929
0.155477
0.189598
0.219973
0.247829
0.255103
0.247317
0.242981
0.240144
0.238128
0.236703
0.235804
0.235436
0.235652
0.236612
0.236598
0.199146
0.178059
0.165858
0.155936
0.146569
0.142769
0.139488
0.136474
0.133695
0.131123
0.128738
0.126527
0.124478
0.1226
0.120852
0.119232
0.117752
0.116407
0.115191
0.114102
0.113136
0.112289
0.111558
0.11094
0.110432
0.11003
0.109723
0.109496
0.109331
0.109214
0.109133
0.109075
0.109028
0.10898
0.10892
0.107859
0.111179
0.11325
0.114581
0.115475
0.1161
0.116548
0.116869
0.117095
0.117242
0.11731
0.11729
0.117183
0.115645
0.115653
0.112917
0.118665
0.117366
0.116176
0.110411
0.147943
0.184392
0.215682
0.238202
0.258843
0.269769
0.240356
0.224829
0.211761
0.202756
0.196705
0.191849
0.187861
0.184574
0.183167
0.183181
0.165006
0.163044
0.157947
0.153468
0.149447
0.145783
0.142418
0.139317
0.136452
0.133804
0.131359
0.129104
0.127028
0.125113
0.12335
0.121749
0.120302
0.119003
0.117845
0.116822
0.115931
0.115482
0.114848
0.114332
0.11388
0.113321
0.113115
0.112982
0.112906
0.112873
0.112872
0.112889
0.112913
0.112933
0.111729
0.11509
0.117229
0.118648
0.119639
0.120367
0.12092
0.121346
0.121675
0.121925
0.122092
0.12217
0.122157
0.122052
0.121852
0.121556
0.12116
0.120662
0.120057
0.119344
0.0693113
0.0689544
-0.00851778
0.0634485
0.107908
0.142842
0.176812
0.210158
0.242683
0.266148
0.265019
0.239561
0.203816
0.167585
0.135528
0.132466
0.125255
0.112654
0.104105
0.0918049
0.0807834
0.0697302
0.0698504
0.0779198
0.0833901
0.088108
0.092363
0.0964664
0.100602
0.104859
0.109278
0.112557
0.115671
0.118342
0.118454
0.114985
0.114005
0.112776
0.111667
0.110823
0.110171
0.109662
0.109258
0.10893
0.108657
0.108423
0.108212
0.108009
0.107804
0.107585
0.106371
0.109487
0.11152
0.112833
0.11372
0.114351
0.114818
0.115186
0.115473
0.115687
0.115828
0.115892
0.115878
0.115785
0.115609
0.114713
0.114407
0.114015
0.113532
0.113367
0.0614554
0.00964341
0.00229518
0.00169772
-0.0834049
-0.128613
-0.0456919
-0.028667
-0.0113037
0.00657958
0.0243554
0.0665844
0.104141
0.140255
0.174282
0.209588
0.222277
0.223008
0.229827
0.230138
0.200944
0.19202
0.191297
0.190745
0.190235
0.171631
0.16031
0.149843
0.140066
0.131004
0.122659
0.117019
0.111618
0.106422
0.101401
0.096517
0.0917187
0.0868662
0.0965667
0.105081
0.113353
0.121887
0.121942
0.11123
0.116744
0.116078
0.115197
0.114831
0.114746
0.11481
0.113734
0.117318
0.119669
0.121298
0.1225
0.123439
0.124201
0.124832
0.12536
0.125803
0.126157
0.126411
0.126566
0.126614
0.126539
0.123479
0.123048
0.122126
0.121298
0.120404
0.156866
0.156504
0.199883
0.238156
0.240394
0.22595
0.216666
0.208841
0.2028
0.197375
0.189978
0.183274
0.177113
0.171442
0.166216
0.16139
0.156927
0.152791
0.148948
0.145371
0.142032
0.138911
0.135994
0.133266
0.130714
0.128331
0.126108
0.124038
0.122113
0.120316
0.118644
0.117107
0.1157
0.114419
0.113261
0.112223
0.111301
0.110494
0.109799
0.109287
0.108807
0.108419
0.108108
0.107859
0.107657
0.107489
0.107341
0.107202
0.107059
0.106901
0.105738
0.108892
0.110835
0.112042
0.112804
0.113278
0.113286
0.106117
0.111061
0.113174
0.117173
0.117997
0.117106
0.116871
0.116744
0.116484
0.116213
0.11586
0.115393
0.11482
0.0950778
0.132234
0.168456
0.203618
0.22798
0.2516
0.274799
0.297727
0.30332
0.272064
0.239444
0.207114
0.175299
0.150883
0.160667
0.165914
0.166681
0.165975
0.164605
0.162991
0.161353
0.154723
0.14771
0.142631
0.13871
0.135511
0.132792
0.130414
0.1283
0.126391
0.124661
0.123107
0.121716
0.12048
0.119389
0.11844
0.117627
0.116945
0.116392
0.115962
0.115652
0.115451
0.115342
0.11531
0.115339
0.115418
0.115506
0.115596
0.115696
0.115794
0.114667
0.11811
0.120308
0.121773
0.119716
0.122583
0.125936
0.129312
0.132686
0.144069
0.150537
0.153654
0.151343
0.144432
0.137283
0.13004
0.122879
0.117778
0.112423
0.10681
0.087739
0.0628368
0.121495
0.159191
0.195283
0.230712
0.254241
0.276992
0.280181
0.249567
0.218022
0.186544
0.155443
0.155551
0.160955
0.162579
0.16243
0.161429
0.160137
0.157193
0.148907
0.143048
0.138614
0.13504
0.132016
0.129369
0.126999
0.124849
0.122885
0.121076
0.119408
0.117887
0.116506
0.115258
0.11414
0.113147
0.112277
0.111524
0.110887
0.110361
0.109942
0.10962
0.109375
0.109193
0.109058
0.108957
0.108877
0.108805
0.10873
0.108641
0.107558
0.11086
0.112924
0.114253
0.115151
0.116766
0.119811
0.12316
0.119889
0.120425
0.120878
0.121526
0.121519
0.117343
0.117168
0.116933
0.116608
0.116199
0.115699
0.115103
0.0636937
0.11544
0.15133
0.187473
0.223792
0.2545
0.278657
0.302086
0.289322
0.254887
0.221337
0.188578
0.180563
0.179447
0.177213
0.174595
0.172004
0.168073
0.160708
0.155021
0.15038
0.146418
0.142932
0.139804
0.136965
0.134372
0.131997
0.129819
0.127825
0.125993
0.124313
0.122795
0.121432
0.120215
0.11914
0.118202
0.117395
0.116715
0.116159
0.115722
0.1154
0.115182
0.11505
0.11499
0.114987
0.115028
0.115102
0.115195
0.115298
0.115399
0.114276
0.117734
0.119942
0.116561
0.119652
0.121861
0.123554
0.125089
0.12642
0.127587
0.128613
0.129508
0.130283
0.130949
0.131515
0.132008
0.129832
0.128026
0.126256
0.124611
0.0745431
0.0485646
0.119907
0.156542
0.192045
0.227965
0.255926
0.278949
0.290484
0.2599
0.223788
0.1883
0.168624
0.169195
0.164983
0.160574
0.15633
0.152322
0.148557
0.145028
0.141721
0.138623
0.135725
0.133016
0.130489
0.128133
0.12594
0.123904
0.122016
0.120262
0.118636
0.117148
0.115793
0.114567
0.113466
0.112488
0.111628
0.110885
0.110254
0.109733
0.109318
0.108997
0.108755
0.108574
0.10844
0.10834
0.108261
0.108191
0.108118
0.108031
0.10695
0.110257
0.112333
0.113675
0.11017
0.107571
0.104419
0.100959
0.0973195
0.0935575
0.0896563
0.105069
0.11113
0.120615
0.120611
0.116949
0.117208
0.116525
0.115878
0.115205
0.0641226
0.114974
0.150856
0.186975
0.223271
0.254331
0.278517
0.301963
0.289039
0.254651
0.221125
0.188384
0.180715
0.179504
0.177323
0.174681
0.17208
0.168218
0.160832
0.155139
0.150498
0.146538
0.143056
0.139933
0.137099
0.13451
0.132137
0.129962
0.127969
0.126138
0.124458
0.12294
0.121575
0.120357
0.11928
0.11834
0.117532
0.116851
0.116294
0.115857
0.115535
0.115317
0.115188
0.11513
0.115131
0.115177
0.115256
0.115355
