2.51094e-05
3.65411e-05
4.56758e-05
5.51613e-05
5.87641e-05
6.15439e-05
6.36107e-05
6.15821e-05
5.83955e-05
5.15096e-05
4.33226e-05
3.2539e-05
1.97851e-05
4.89841e-06
-1.18762e-05
-3.03093e-05
-5.01462e-05
-7.11106e-05
-9.29153e-05
-0.000115273
-0.000137906
-0.000160513
-0.000182878
-0.000204682
-0.000225807
-0.00024605
-0.000265378
-0.000283783
-0.000301314
-0.000318079
-0.000334237
-0.000349998
-0.000365611
-0.000380508
-0.000395415
-0.000410583
-0.000426258
-0.000442684
-0.000460083
-0.00047865
-0.000498548
-0.000519902
-0.000542791
-0.000567252
-0.000593272
-0.000620795
-0.000649722
-0.000679913
-0.000711197
-0.000743375
-0.000776227
-0.000809523
-0.000843031
-0.000876526
-0.0009098
-0.000942666
-0.000974976
-0.00100661
-0.00103748
-0.00106755
-0.00109681
-0.00112531
-0.00115313
-0.00118038
-0.00120722
-0.00123381
-0.00126034
-0.00128702
-0.00131405
-0.00134164
-0.00136667
-0.00139174
-0.00141698
-0.00144251
-0.0014684
-0.00149475
-0.00152159
-0.00154894
-0.0015768
-0.00160515
-0.00163391
-0.00166301
-0.00169234
-0.0017218
-0.00175126
-0.00178059
-0.00180965
-0.00183832
-0.00186647
-0.00189401
-0.00192084
-0.0019469
-0.00197215
-0.00199656
-0.00202015
-0.00204295
-0.00206501
-0.0020864
-0.00210723
-0.00212759
-0.00214762
-0.00216744
-0.00218716
-0.00220692
-0.00222683
-0.00224698
-0.00226747
-0.00228835
-0.00230968
-0.00233147
-0.00235373
-0.00237641
-0.00239949
-0.00242288
-0.00244651
-0.00247027
-0.00249407
-0.00251778
-0.00254129
-0.00256449
-0.00258728
-0.00260957
-0.00263129
-0.00265236
-0.00267277
-0.00269249
-0.00271152
-0.00272989
-0.00274769
-0.00276501
-0.00278187
-0.00279836
-0.00281457
-0.00283062
-0.0028466
-0.00286261
-0.00287875
-0.00289508
-0.00291169
-0.00292863
-0.0029459
-0.00296354
-0.0029815
-0.00299975
-0.00301825
-0.00303696
-0.0030558
-0.00307472
-0.00309364
-0.00311251
-0.00313124
-0.00314976
-0.00316801
-0.00318592
-0.00320342
-0.00322048
-0.00323705
-0.00325313
-0.00326871
-0.0032838
-0.00329844
-0.00331267
-0.00332653
-0.00334009
-0.00335342
-0.00336658
-0.00337966
-0.00339272
-0.00340583
-0.00341905
-0.00343242
-0.003446
-0.00345981
-0.00347385
-0.00348815
-0.00350268
-0.00351743
-0.00353235
-0.00354741
-0.00356256
-0.00357773
-0.00359288
-0.00360793
-0.00362283
-0.00363753
-0.00365196
-0.0036661
-0.0036799
-0.00369334
-0.00370641
-0.00371912
-0.00373146
-0.00374347
-0.00375517
-0.00376659
-0.00377779
-0.00378881
-0.00379971
-0.00381054
-0.00382135
-0.00383219
-0.00384311
-0.00385415
-0.00386533
-0.00387668
-0.00388821
-0.00389992
-0.0039118
-0.00392384
-0.00393602
-0.0039483
-0.00396064
-0.003973
-0.00398533
-0.0039976
-0.00400976
-0.00402177
-0.00403361
-0.00404525
-0.0040567
-0.00406792
-0.00407894
-0.00408975
-0.00410037
-0.00411082
-0.00412112
-0.00413132
-0.00414145
-0.00415153
-0.00416161
-0.0041717
-0.0041818
-0.00419188
-0.00420194
-0.00421198
-0.00422201
-0.00423202
-0.004242
-0.00425196
-0.00426189
-0.00427177
-0.00428159
-0.00429134
-0.00430102
-0.00431061
-0.0043201
-0.0043295
-0.0043388
-0.004348
-0.00435709
-0.00436608
-0.00437498
-0.00438378
-0.0043925
-0.00440116
-0.00440975
-0.00441831
-0.00442682
-0.00443532
-0.00444381
-0.00445229
-0.00446078
-0.00446927
-0.00447777
-0.00448628
-0.00449479
-0.0045033
-0.0045118
-0.00452028
-0.00452873
-0.00453714
-0.0045455
-0.0045538
-0.00456203
-0.00457018
-0.00457825
-0.00458624
-0.00459414
-0.00460195
-0.00460969
-0.00461744
-0.00462512
-0.00463276
-0.00464034
-0.00464787
-0.00465537
-0.00466284
-0.0046703
-0.00467777
-0.00468525
-0.00469275
-0.00470027
-0.00470781
-0.00471537
-0.00472295
-0.00473054
-0.00473813
-0.00474572
-0.00475329
-0.00476083
-0.00476833
-0.00477577
-0.00478314
-0.00479043
-0.00479762
-0.00480471
-0.00481168
-0.00481854
-0.00482529
-0.00483192
-0.00483846
-0.0048449
-0.00485126
-0.00485756
-0.0048638
-0.00487001
-0.00487621
-0.0048824
-0.0048886
-0.00489482
-0.00490108
-0.00490738
-0.00491373
-0.00492013
-0.0049266
-0.00493311
-0.00493967
-0.00494628
-0.00495291
-0.00495955
-0.0049662
-0.00497283
-0.00497943
-0.00498599
-0.00499249
-0.00499892
-0.00500526
-0.00501152
-0.00501768
-0.00502375
-0.00502972
-0.00503559
-0.00504138
-0.0050471
-0.00505275
-0.00505835
-0.00506391
-0.00506945
-0.00507499
-0.00508053
-0.00508611
-0.00509171
-0.00509733
-0.00510299
-0.00510869
-0.00511445
-0.00512027
-0.00512617
-0.00513215
-0.00513823
-0.0051444
-0.00515067
-0.00515703
-0.00516349
-0.00517004
-0.00517667
-0.00518336
-0.00519012
-0.00519692
-0.00520375
-0.0052106
-0.00521744
-0.00522426
-0.00523105
-0.0052378
-0.00524449
-0.00525111
-0.00525766
-0.00526414
-0.00527054
-0.00527686
-0.0052831
-0.00528928
-0.00529539
-0.00530144
-0.00530746
-0.00531344
-0.00531929
-0.00532507
-0.00533075
-0.00533633
-0.00534182
-0.00534723
-0.00535256
-0.00535783
-0.00536305
-0.00536824
-0.00537339
-0.00537853
-0.00538366
-0.00538879
-0.00539394
-0.0053991
-0.00540429
-0.00540951
-0.00541476
-0.00542003
-0.00542533
-0.00543065
-0.00543599
-0.00544134
-0.00544669
-0.00545204
-0.00545737
-0.00546267
-0.00546793
-0.00547316
-0.00547833
-0.00548345
-0.0054885
-0.00549349
-0.0054984
-0.00550323
-0.005508
-0.00551269
-0.00551733
-0.00552192
-0.00552648
-0.00553103
-0.00553557
-0.00554013
-0.0055447
-0.00554931
-0.00555396
-0.00555866
-0.0055634
-0.00556819
-0.00557303
-0.00557792
-0.00558286
-0.00558783
-0.00559283
-0.00559785
-0.00560288
-0.00560791
-0.00561293
-0.00561792
-0.00562288
-0.0056278
-0.00563267
-0.00563748
-0.00564224
-0.00564693
-0.00565156
-0.00565614
-0.00566066
-0.00566513
-0.00566956
-0.00567397
-0.00567836
-0.00568274
-0.00568712
-0.00569152
-0.00569594
-0.00570039
-0.00570488
-0.00570941
-0.005714
-0.00571863
-0.00572332
-0.00572805
-0.00573283
-0.00573764
-0.00574249
-0.00574735
-0.00575223
-0.00575711
-0.00576198
-0.00576683
-0.00577165
-0.00577643
-0.00578117
-0.00578587
-0.00579051
-0.00579509
-0.00579962
-0.00580411
-0.00580854
-0.00581294
-0.0058173
-0.00582164
-0.00582596
-0.00583027
-0.00583459
-0.00583892
-0.00584329
-0.00584769
-0.00585214
-0.00585664
-0.00586118
-0.00586578
-0.00587042
-0.00587511
-0.00587983
-0.00588459
-0.00588937
-0.00589417
-0.00589897
-0.00590377
-0.00590856
-0.00591333
-0.00591807
-0.00592277
-0.00592743
-0.00593204
-0.00593661
-0.00594113
-0.0059456
-0.00595003
-0.00595442
-0.00595878
-0.00596311
-0.00596742
-0.00597173
-0.00597604
-0.00598036
-0.00598469
-0.00598905
-0.00599345
-0.00599788
-0.00600235
-0.00600686
-0.00601142
-0.00601602
-0.00602065
-0.00602532
-0.00603002
-0.00603474
-0.00603947
-0.00604421
-0.00604895
-0.00605367
-0.00605838
-0.00606307
-0.00606773
-0.00607235
-0.00607693
-0.00608148
-0.00608599
-0.00609046
-0.00609489
-0.0060993
-0.00610368
-0.00610805
-0.0061124
-0.00611674
-0.00612109
-0.00612545
-0.00612983
-0.00613423
-0.00613866
-0.00614311
-0.00614759
-0.0061521
-0.00615664
-0.00616121
-0.00616581
-0.00617044
-0.0061751
-0.00617978
-0.00618448
-0.0061892
-0.00619392
-0.00619864
-0.00620336
-0.00620806
-0.00621274
-0.0062174
-0.00622202
-0.00622661
-0.00623116
-0.00623568
-0.00624016
-0.00624461
-0.00624903
-0.00625343
-0.0062578
-0.00626217
-0.00626652
-0.00627087
-0.00627524
-0.00627961
-0.006284
-0.00628842
-0.00629286
-0.00629734
-0.00630184
-0.00630639
-0.00631097
-0.00631558
-0.00632022
-0.00632488
-0.00632957
-0.00633427
-0.00633899
-0.0063437
-0.00634842
-0.00635313
-0.00635783
-0.0063625
-0.00636716
-0.0063718
-0.00637641
-0.00638099
-0.00638554
-0.00639007
-0.00639457
-0.00639905
-0.00640352
-0.00640798
-0.00641243
-0.00641687
-0.00642132
-0.00642579
-0.00643026
-0.00643475
-0.00643927
-0.00644381
-0.00644838
-0.00645298
-0.0064576
-0.00646225
-0.00646693
-0.00647163
-0.00647635
-0.00648108
-0.00648584
-0.00649063
-0.00649545
-0.0065003
-0.00650519
-0.00651012
-0.00651508
-0.00652008
-0.00652512
-0.00653015
-0.00653515
-0.00654012
-0.00654505
-0.00654993
-0.00655477
-0.00655954
-0.00656426
-0.00656893
-0.00657354
-0.0065781
-0.00658261
-0.00658709
-0.00659154
-0.00659597
-0.00660038
-0.0066048
-0.00660923
-0.00661368
-0.00661816
-0.00662268
-0.00662724
-0.00663185
-0.00663651
-0.00664122
-0.00664599
-0.0066508
-0.00665566
-0.00666057
-0.0066655
-0.00667046
-0.00667543
-0.00668041
-0.00668538
-0.00669034
-0.00669527
-0.00670018
-0.00670504
-0.00670987
-0.00671464
-0.00671937
-0.00672405
-0.00672868
-0.00673327
-0.00673783
-0.00674235
-0.00674685
-0.00675133
-0.00675582
-0.00676031
-0.00676481
-0.00676934
-0.00677391
-0.00677851
-0.00678316
-0.00678786
-0.00679261
-0.00679741
-0.00680225
-0.00680714
-0.00681206
-0.00681701
-0.00682198
-0.00682698
-0.006832
-0.00683703
-0.00684205
-0.00684706
-0.00685205
-0.00685701
-0.00686194
-0.00686682
-0.00687166
-0.00687645
-0.00688119
-0.0068859
-0.00689056
-0.00689518
-0.00689977
-0.00690434
-0.0069089
-0.00691345
-0.00691801
-0.00692258
-0.00692718
-0.0069318
-0.00693646
-0.00694116
-0.00694591
-0.0069507
-0.00695554
-0.00696044
-0.00696537
-0.00697035
-0.00697536
-0.0069804
-0.00698546
-0.00699053
-0.0069956
-0.00700067
-0.00700573
-0.00701076
-0.00701577
-0.00702075
-0.00702569
-0.00703059
-0.00703546
-0.00704028
-0.00704507
-0.00704983
-0.00705455
-0.00705926
-0.00706396
-0.00706864
-0.00707333
-0.00707803
-0.00708275
-0.00708748
-0.00709225
-0.00709706
-0.0071019
-0.00710679
-0.00711171
-0.00711668
-0.00712169
-0.00712673
-0.00713181
-0.00713691
-0.00714202
-0.0071471
-0.0071521
-0.00715699
-0.00716174
-0.00716632
-0.00717072
-0.0071749
-0.00717898
-0.00718297
-0.00718691
-0.00719084
-0.00719478
-0.00719877
-0.00720284
-0.007207
-0.00721129
-0.00721572
-0.00722031
-0.00722507
-0.00723
-0.00723517
-0.0072406
-0.00724626
-0.00725214
-0.00725821
-0.00726445
-0.0072708
-0.00727724
-0.00728371
-0.00729016
-0.00729652
-0.00730275
-0.00730881
-0.00731468
-0.00732034
-0.00732577
-0.00733098
-0.00733596
-0.00734075
-0.00734534
-0.00734979
-0.00735411
-0.00735835
-0.00736254
-0.00736674
-0.00737097
-0.00737529
-0.00737973
-0.00738431
-0.00738907
-0.00739403
-0.00739919
-0.00740456
-0.00741013
-0.0074159
-0.00742184
-0.00742792
-0.00743412
-0.00744039
-0.00744671
-0.00745303
-0.0074593
-0.00746551
-0.0074716
-0.00747755
-0.00748334
-0.00748895
-0.00749437
-0.00749958
-0.0075046
-0.00750943
-0.00751408
-0.00751858
-0.00752221
-0.00752494
-0.00752678
-0.00752776
-0.0075279
-0.00752728
-0.007526
-0.00752426
-0.00752252
-0.00752119
-0.00752052
-0.00752062
-0.0075216
-0.00752352
-0.00752648
-0.00753046
-0.00753545
-0.00754139
-0.00754823
-0.00755583
-0.00756407
-0.00757282
-0.00758191
-0.00759118
-0.00760046
-0.00760959
-0.0076184
-0.00762677
-0.00763457
-0.0076417
-0.00764809
-0.00765371
-0.00765855
-0.00766265
-0.00766606
-0.00766884
-0.00767111
-0.00767299
-0.00767461
-0.00767612
-0.00767766
-0.00767939
-0.00768143
-0.00768393
-0.00768699
-0.00769069
-0.0076951
-0.00770025
-0.00770616
-0.00771279
-0.00772011
-0.00772805
-0.0077365
-0.00774535
-0.00775449
-0.00776377
-0.00777305
-0.0077822
-0.00779109
-0.00779959
-0.00780761
-0.00781506
-0.00782188
-0.00782803
-0.00783349
-0.00783829
-0.00784243
-0.00784596
-0.00784902
-0.00785171
-0.00785414
-0.00785646
-0.00785877
-0.00786122
-0.00786393
-0.007867
-0.00787053
-0.0078746
-0.00787926
-0.00788456
-0.00789049
-0.00789705
-0.00790419
-0.00791186
-0.00791997
-0.00792844
-0.00793715
-0.00794598
-0.00795483
-0.00796358
-0.00797211
-0.00798031
-0.00798812
-0.00799544
-0.00800224
-0.00800847
-0.00801414
-0.00801924
-0.00802383
-0.00802794
-0.00803165
-0.00803505
-0.00803822
-0.00804128
-0.00804434
-0.00804748
-0.00805082
-0.00805445
-0.00805845
-0.00806287
-0.00806778
-0.00807319
-0.00807912
-0.00808556
-0.00809248
-0.00809982
-0.00810754
-0.00811554
-0.00812376
-0.00813209
-0.00814044
-0.00814871
-0.00815682
-0.00816469
-0.00817223
-0.0081794
-0.00818614
-0.00819243
-0.00819827
-0.00820365
-0.00820861
-0.00821319
-0.00821744
-0.00822142
-0.00822519
-0.0082288
-0.00823237
-0.00823598
-0.00823974
-0.00824371
-0.00824797
-0.00825256
-0.00825755
-0.00826296
-0.00826883
-0.00827515
-0.00828194
-0.00828917
-0.00829677
-0.00830469
-0.00831286
-0.00832117
-0.00832956
-0.00833791
-0.00834613
-0.00835415
-0.00836189
-0.00836929
-0.0083763
-0.0083829
-0.00838906
-0.0083948
-0.00840012
-0.00840507
-0.00840968
-0.00841401
-0.00841814
-0.00842213
-0.00842607
-0.00843003
-0.0084341
-0.00843834
-0.00844282
-0.00844759
-0.0084527
-0.00845818
-0.00846404
-0.00847029
-0.0084769
-0.00848385
-0.00849111
-0.00849862
-0.00850631
-0.00851414
-0.00852202
-0.00852988
-0.00853766
-0.00854529
-0.00855271
-0.00855988
-0.00856675
-0.00857329
-0.0085795
-0.00858537
-0.0085909
-0.00859613
-0.00860109
-0.00860583
-0.00861039
-0.00861484
-0.00861924
-0.00862366
-0.00862815
-0.00863278
-0.00863754
-0.00864252
-0.00864771
-0.00865313
-0.00865881
-0.00866478
-0.00867102
-0.00867753
-0.0086843
-0.0086913
-0.00869851
-0.0087059
-0.00871343
-0.00872107
-0.00872874
-0.0087364
-0.00874397
-0.0087514
-0.00875863
-0.00876564
-0.00877238
-0.00877884
-0.00878502
-0.00879093
-0.00879658
-0.008802
-0.00880721
-0.00881227
-0.00881722
-0.0088221
-0.00882697
-0.00883188
-0.00883688
-0.00884202
-0.00884732
-0.00885283
-0.00885857
-0.00886455
-0.00887078
-0.00887725
-0.00888395
-0.00889087
-0.00889797
-0.00890521
-0.00891256
-0.00891997
-0.0089274
-0.0089348
-0.00894213
-0.00894935
-0.00895643
-0.00896333
-0.00897003
-0.00897653
-0.00898281
-0.00898888
-0.00899475
-0.00900043
-0.00900595
-0.00901135
-0.00901665
-0.0090219
-0.00902713
-0.00903239
-0.00903771
-0.00904313
-0.00904869
-0.0090544
-0.00906029
-0.00906637
-0.00907264
-0.00907898
-0.00908539
-0.00909189
-0.00909846
-0.00910509
-0.00911177
-0.00911845
-0.00912518
-0.00913192
-0.00913866
-0.0091454
-0.00915212
-0.00915879
-0.00916541
-0.00917196
-0.00917842
-0.00918479
-0.00919107
-0.00919727
-0.00920338
-0.00920942
-0.00921541
-0.00922135
-0.00922727
-0.00923319
-0.00923911
-0.00924507
-0.00925107
-0.00925713
-0.00926326
-0.00926947
-0.00927577
-0.00928216
-0.00928863
-0.0092952
-0.00930185
-0.00930857
-0.00931535
-0.00932218
-0.00932905
-0.00933593
-0.00934282
-0.0093497
-0.00935656
-0.00936337
-0.00937014
-0.00937685
-0.0093835
-0.00939009
-0.0093966
-0.00940305
-0.00940944
-0.00941577
-0.00942205
-0.0094283
-0.00943453
-0.00944074
-0.00944696
-0.00945318
-0.00945944
-0.00946573
-0.00947206
-0.00947845
-0.0094849
-0.00949142
-0.009498
-0.00950464
-0.00951135
-0.00951811
-0.00952492
-0.00953177
-0.00953851
-0.00954512
-0.00955161
-0.00955797
-0.00956419
-0.00957026
-0.00957626
-0.00958223
-0.00958819
-0.00959415
-0.00960013
-0.00960615
-0.00961222
-0.00961836
-0.00962457
-0.00963088
-0.00963729
-0.0096438
-0.00965041
-0.00965712
-0.00966393
-0.00967082
-0.0096778
-0.00968483
-0.00969191
-0.00969902
-0.00970615
-0.00971327
-0.00972038
-0.00972745
-0.00973447
-0.00974143
-0.00974834
-0.00975517
-0.00976193
-0.00976862
-0.00977525
-0.00978183
-0.00978835
-0.00979484
-0.00980131
-0.00980778
-0.00981425
-0.00982075
-0.00982728
-0.00983386
-0.0098405
-0.00984721
-0.00985399
-0.00986086
-0.0098678
-0.00987481
-0.0098819
-0.00988905
-0.00989625
-0.00990349
-0.00991076
-0.00991805
-0.00992534
-0.00993264
-0.00993992
-0.00994717
-0.00995438
-0.00996153
-0.00996862
-0.00997564
-0.00998261
-0.00998951
-0.00999635
-0.010003
-0.0100095
-0.0100159
-0.0100221
-0.0100283
-0.0100345
-0.0100406
-0.0100468
-0.010053
-0.0100594
-0.0100658
-0.0100724
-0.0100792
-0.0100862
-0.0100933
-0.0101005
-0.0101079
-0.0101153
-0.0101229
-0.0101305
-0.0101382
-0.010146
-0.0101537
-0.0101614
-0.010169
-0.0101766
-0.010184
-0.0101914
-0.0101987
-0.0102058
-0.0102128
-0.0102197
-0.0102265
-0.0102332
-0.0102399
-0.0102464
-0.010253
-0.0102595
-0.0102661
-0.0102727
-0.0102793
-0.010286
-0.0102929
-0.0102998
-0.0103068
-0.010314
-0.0103213
