0
2.27742
-0.119745
-1.30688
0.0103541
-0.354664
-0.408885
-0.419002
-0.236857
0.220922
-0.067763
0.174377
0.0502012
0.0683582
0.0659756
0.0529265
0.0503081
0.0477511
0.0453437
0.0430782
0.0409442
0.0382999
0.037247
0.0334605
0.0341127
0.0305921
0.0324619
0.0286694
0.0273131
0.0260548
0.0248968
0.0238271
0.0229854
0.0303277
-0.0929553
-0.0722448
-0.0744561
-0.0757116
-0.076867
-0.0779609
-0.0790079
-0.0800037
-0.0809261
-0.081755
-0.0824969
-0.0831573
-0.0837409
-0.0842518
-0.0846941
-0.0850732
-0.0853862
-0.0856394
-0.0858375
-0.085982
-0.0860738
-0.0820851
-0.081948
-0.0807177
-0.0806817
-0.0805303
-0.0803932
-0.0802271
-0.0800248
-0.079777
-0.0794836
-0.0791444
-0.0787815
-0.0782835
-0.0778626
-0.0773406
-0.0767737
0.125981
-0.185332
-0.134513
-0.0913972
-0.0616529
-0.0983056
-0.110657
0.0851633
0.0396395
0.0349252
0.031233
0.0293237
0.0286169
0.028604
0.0289699
0.0295355
0.0302013
0.0536542
0.0522906
0.0527199
0.0534019
0.0540424
0.0546234
0.0551477
0.0553794
0.0560472
0.0560004
0.0558556
0.0561756
0.0564906
0.056762
0.0569399
0.0570845
0.057196
0.057275
0.0573235
0.057343
0.0573362
0.0573059
0.0572562
0.0571933
0.0370345
0.0358158
0.0358393
0.0359019
0.0359995
0.0361301
0.0362933
0.0364906
0.0367267
0.0365909
0.0441876
-0.157558
0.0337302
0.0333092
0.0231793
0.0148353
0.0041769
-0.109899
-0.0637058
-0.0606288
-0.0623668
-0.0598784
-0.0570084
-0.0545626
-0.0549344
-0.0514763
-0.0503002
-0.0495823
-0.0486044
0.536645
0.127759
-0.110806
-0.0260003
-0.0205132
-0.0102679
-0.0158179
-0.171377
-0.0519461
-0.062145
-0.078166
-0.0265905
0.0451076
0.23732
0.216268
0.186855
0.157546
0.135585
0.122427
0.0978882
0.0771709
0.0728227
0.0711573
0.0708078
0.0711556
0.0718643
0.0727508
0.0737156
0.0747051
0.0757939
0.0768616
0.0777688
0.0786588
0.0800316
0.0818083
0.0835958
0.0853996
0.0872285
0.0890909
0.0910033
0.092984
0.0950887
0.0973814
0.0999223
0.102815
0.106281
0.110874
0.118892
0.0950129
0.288316
0.1531
0.286355
0.171459
0.03222
0.0492077
0.0631759
0.0741234
0.0795156
0.0829222
0.0851941
0.087848
0.0881804
0.0894873
0.0906931
0.0918558
0.0930073
0.0941652
0.0953389
0.0965335
0.0977517
0.245217
0.10344
0.0727252
0.0877385
0.10207
0.0496694
0.0318318
0.0376792
0.048482
0.0590186
0.0681275
0.0758339
0.0824916
0.0887241
0.101716
0.0558395
0.117668
0.129151
0.13362
0.124979
0.370663
0.401577
0.331216
0.26981
0.238398
0.220358
0.224437
0.217738
0.216083
0.215676
0.214718
0.215195
0.216881
0.21864
0.171442
0.155391
0.109386
0.128486
0.169945
0.207964
0.197911
0.192706
0.190385
0.18969
0.380294
0.415769
0.341446
0.221998
0.240589
0.264198
0.113089
0.190059
0.172215
0.175828
0.178663
0.18076
0.182388
0.183748
0.184946
0.186049
0.187153
0.18829
0.189439
0.190613
0.208927
0.0839938
0.17368
0.189886
0.194913
0.196907
0.384965
0.263877
0.219068
0.197813
0.191407
0.167797
0.145371
0.163432
0.170868
0.181919
0.187408
0.198892
0.203748
0.207348
0.210598
0.213356
0.21573
0.218708
0.22518
0.228725
0.231543
0.233952
0.236036
0.237867
0.239494
0.242207
0.228145
0.222244
0.219104
0.21786
0.21767
0.217975
0.218548
0.219204
0.219794
0.220128
0.219682
0.273378
0.39221
0.386998
0.301547
0.314318
0.323708
0.330359
0.334299
0.336921
0.336744
0.339789
0.320892
0.322214
0.322335
0.331894
0.330369
0.519161
0.382769
0.359814
0.36479
0.367814
0.370149
0.372129
0.373954
0.375702
0.37737
0.378979
0.380546
0.38208
0.38359
0.385087
0.386589
0.388129
0.651889
0.523526
0.2021
0.21038
0.191372
0.233541
0.216814
0.230426
0.24316
0.255269
0.256326
0.263466
0.272236
0.281161
0.285599
0.289668
0.296657
0.309939
0.31816
0.321933
0.324442
0.326184
0.327469
0.328473
0.329288
0.329962
0.330523
0.330984
0.331356
0.331679
0.331909
0.33199
0.331971
0.331823
0.331499
0.330906
0.428208
0.592325
0.595268
0.409123
0.419454
0.407589
0.401162
0.398474
0.390072
0.378916
0.378819
0.379729
0.381172
0.382926
0.384746
0.386131
0.38809
0.390195
0.39236
0.394588
0.396924
0.39953
0.386491
0.517526
0.405872
0.408569
0.41134
0.413952
0.416486
0.418984
0.421473
0.42397
0.426479
0.429056
0.584816
0.409225
0.39898
0.41798
0.46117
0.472218
0.460273
0.416063
0.404715
0.402774
0.401124
0.41378
0.418296
0.424285
0.439716
0.467257
0.46109
0.456925
0.45529
0.455056
0.455595
0.456526
0.457618
0.458774
0.459943
0.461097
0.462223
0.463313
0.464365
0.465482
0.466556
0.467454
0.468328
0.469177
0.470003
0.470808
0.471593
0.467237
0.526785
0.421996
0.471762
0.476497
0.479573
0.479151
0.479481
0.480276
0.481365
0.482651
0.48408
0.485622
0.487268
0.64922
0.530924
0.471498
0.475032
0.478458
0.480996
0.482901
0.484422
0.485724
0.486961
0.488194
0.487275
0.501799
0.514452
0.517358
0.519889
0.5213
0.523129
0.52412
0.637836
0.494491
0.509694
0.533428
0.479419
0.591333
0.504744
0.511173
0.51373
0.520766
0.543334
0.5427
0.542069
0.543184
0.545189
0.547555
0.550092
0.552702
0.553472
0.553274
0.554535
0.555875
0.557202
0.558496
0.559752
0.560964
0.562135
0.563262
0.564351
0.565499
0.56661
0.567562
0.568517
0.569527
0.57107
0.615799
0.575122
0.57269
0.573526
0.574312
0.575064
0.575862
0.57678
0.577808
0.578939
0.580168
0.581489
0.582899
0.584394
0.585968
0.765662
0.64859
0.619956
0.558316
0.564922
0.570405
0.574149
0.576701
0.578543
0.579984
0.581251
0.5826
0.584724
0.587803
0.606197
0.605986
0.612047
0.617469
0.619961
0.622487
0.751808
0.593532
0.588441
0.639502
0.643091
0.643167
0.659804
0.628551
0.591055
0.597746
0.604311
0.61045
0.615933
0.620713
0.630585
0.670413
0.661385
0.655092
0.652315
0.651489
0.651741
0.652551
0.653616
0.654796
0.656022
0.657251
0.658465
0.659658
0.660833
0.662131
0.663433
0.665073
0.713314
0.695884
0.66813
0.66875
0.669496
0.670241
0.670982
0.671719
0.672357
0.673257
0.674187
0.67521
0.676481
0.68069
0.677285
0.721655
0.866015
0.829196
0.647955
0.828179
0.624935
0.641596
0.655251
0.663935
0.669261
0.672638
0.674914
0.676579
0.677964
0.679228
0.680415
0.681437
0.683022
0.687615
0.688802
0.689857
0.691753
0.699727
0.840104
0.706487
0.683652
0.695789
0.706866
0.659155
0.645223
0.652905
0.664126
0.674137
0.682045
0.687936
0.69194
0.693549
0.736198
1.00821
0.899865
0.812437
0.795711
0.792964
0.754735
0.75342
0.754063
0.754951
0.755994
0.757099
0.758213
0.75932
0.760268
0.761452
0.76257
0.763501
0.764401
0.76527
0.766108
0.766919
0.767707
0.768475
0.769228
0.769972
0.770712
0.771514
0.772443
0.773485
0.774631
0.775875
0.777211
0.778635
0.780142
0.781728
0.783361
0.78535
0.786835
0.788544
0.790371
0.792275
0.794239
0.796255
0.798269
0.800264
0.802367
0.804589
0.806831
0.818876
0.809168
0.828562
0.76975
0.82573
0.825854
0.857451
0.942879
0.792766
0.794115
0.840174
0.848222
0.841209
0.855302
0.771022
0.808213
0.81217
0.808996
0.813969
0.81837
0.822084
0.813819
0.805887
0.940463
0.823161
0.851243
0.849815
0.849633
0.850163
0.851031
0.85206
0.853155
0.854265
0.855362
0.856432
0.85747
0.858576
0.85964
0.86053
0.861397
0.862242
0.863069
0.863894
0.864673
0.863174
0.866168
0.866924
0.868048
0.870382
0.869392
0.870422
0.871567
0.87281
0.874144
0.875565
0.877068
0.87865
0.880308
0.881974
0.883849
0.885764
0.887717
0.889719
0.891772
0.893874
0.895976
0.898058
0.900249
0.90256
0.904901
0.907269
0.909665
0.912089
0.914538
0.917012
0.919508
0.922026
1.41499
1.25133
1.35522
0.76679
0.649901
0.777003
0.809907
0.819855
0.828566
0.91447
0.524731
0.891147
0.971449
0.978294
0.980174
0.9546
0.978974
1.01361
0.982414
1.00961
1.00106
1.0025
0.92217
0.842971
0.858276
0.882869
0.897919
0.905952
0.910179
0.912594
0.914136
0.926105
0.931336
0.938146
0.95752
0.97962
0.957059
0.95719
0.956643
0.9557
0.955506
0.955793
0.95644
0.957328
0.958392
0.959594
0.960917
0.962353
0.963861
0.965449
0.967036
0.969312
0.969425
0.970948
0.972645
0.974431
0.976272
0.978052
0.979934
0.981869
0.983877
0.985982
0.988106
0.990256
0.99245
0.999281
0.996583
0.998805
1.00107
1.00038
1.52671
1.54996
1.21507
1.23082
1.48035
1.42216
0.765175
1.04341
1.05681
1.05422
1.0518
0.81167
0.854951
0.630825
0.127221
0.188743
0.488855
0.735906
0.792163
0.9256
1.16461
1.02846
0.99656
1.00702
1.01491
1.15803
1.11248
1.10006
1.09178
1.08555
1.08034
1.06117
1.06021
1.05965
1.05937
1.05935
1.05971
1.06104
0.953615
0.961374
0.966521
0.96761
1.03375
1.11308
0.995084
1.04424
1.04582
1.04219
1.0408
1.04073
1.04142
1.04207
1.04396
1.04582
1.04772
1.04969
1.05173
1.05384
1.05597
1.05809
1.06034
1.06272
1.06515
1.06764
1.07027
1.09361
1.07589
1.08082
1.08173
1.08387
1.19567
1.36368
1.03027
0.923324
0.996149
1.08915
1.06734
1.07158
1.06926
1.07295
1.09448
1.09584
1.09756
1.0991
1.10055
1.10195
1.10333
1.10471
1.1061
1.1075
1.1089
1.11029
1.11161
1.11291
1.11414
1.11531
1.11644
1.11752
1.11855
1.11964
1.12068
1.12154
1.12237
1.12318
1.12395
1.1247
1.12542
1.12612
1.12681
1.12695
1.12816
1.12892
1.1298
1.1308
1.1319
1.13311
1.13441
1.13581
1.1373
1.13888
1.14048
1.14284
1.144
1.14562
1.14743
1.14941
1.15332
1.20916
1.1157
1.14569
1.13061
1.15514
1.16915
1.16574
1.16644
1.16891
1.17053
1.17279
1.17519
1.1776
1.43663
1.20898
1.04619
1.06451
1.16857
1.17588
1.18044
1.18353
1.1811
1.22417
1.2045
1.19445
1.18953
1.17364
1.12532
1.15282
1.17975
1.19017
1.19689
1.20167
1.20534
1.24241
1.24268
1.22701
1.21886
1.21492
1.21328
1.21287
1.21312
1.21382
1.21468
1.21548
1.21631
1.21715
1.21799
1.21881
1.21962
1.22041
1.22119
1.22196
1.22273
1.22355
1.2245
1.22556
1.22672
1.22797
1.22951
1.23109
1.23262
1.23423
1.23596
1.23756
1.23972
1.24183
1.26627
1.23035
1.22761
1.22866
1.2302
1.17362
1.21155
1.2379
1.27919
1.31513
1.31881
1.32134
1.32253
1.30926
1.31276
1.31625
1.53313
1.62116
1.05532
1.12004
1.14764
1.15902
1.27404
1.28211
1.2842
1.32864
1.3028
1.29337
1.28928
1.22574
1.24552
1.2738
1.28795
1.29674
1.30214
1.31662
1.35349
1.33334
1.32267
1.31737
1.31499
1.31419
1.31424
1.31473
1.31545
1.31637
1.31732
1.31816
1.31898
1.31979
1.32057
1.32134
1.32208
1.32281
1.32353
1.32424
1.32496
1.32574
1.32665
1.32769
1.32883
1.33007
1.33141
1.33284
1.33435
1.33594
1.33749
1.33931
1.34075
1.34242
1.34417
1.33885
1.32938
1.32832
1.3779
1.35127
1.35351
1.35365
1.36003
1.39198
1.36459
1.36668
1.36897
1.37122
1.37353
1.37588
1.88579
1.43253
1.22456
1.24619
1.24956
1.30416
1.36725
1.37466
1.2947
1.43087
1.40537
1.39539
1.34326
1.349
1.36822
1.3791
1.38607
1.40128
1.42816
1.41614
1.41
1.40723
1.40625
1.40625
1.40675
1.40752
1.40841
1.40935
1.41031
1.41136
1.41238
1.41324
1.41409
1.41492
1.41573
1.41653
1.41731
1.41808
1.41884
1.41959
1.42035
1.42116
1.4221
1.42316
1.42431
1.42556
1.42689
1.42831
1.42981
1.43139
1.43308
1.43466
1.43679
1.47325
1.42662
1.43195
1.43654
1.43895
1.44191
1.44469
1.4474
1.45011
1.45276
1.45536
1.45791
1.46029
1.48149
1.48118
1.48297
1.48403
1.96663
1.86264
1.23235
1.31759
1.34809
1.35008
1.42737
1.47491
1.2667
1.49188
1.53764
1.52971
1.48314
1.45674
1.49589
1.49874
1.49948
1.50024
1.50122
1.50235
1.50356
1.50479
1.50598
1.50713
1.50824
1.5093
1.51032
1.51131
1.51225
1.51326
1.51422
1.51503
1.51581
1.51656
1.51729
1.518
1.51868
1.51936
1.52002
1.52068
1.52135
1.52208
1.52294
1.52393
1.52502
1.52622
1.52752
1.52891
1.53038
1.53194
1.53346
1.53537
1.53668
1.53828
1.57202
1.56562
1.57025
1.57344
1.57585
1.57793
1.58016
1.43396
1.50565
1.49108
1.56129
1.58745
1.55953
1.56805
1.56908
1.57074
2.07673
1.63472
1.41851
1.44053
1.44385
1.49485
1.56102
1.56855
1.48887
1.62442
1.59917
1.58928
1.53655
1.54347
1.56196
1.57322
1.58015
1.59486
1.62243
1.6103
1.60411
1.60131
1.60033
1.60032
1.60083
1.6016
1.6025
1.60345
1.60441
1.60547
1.6065
1.60736
1.60821
1.60904
1.60985
1.61065
1.61143
1.6122
1.61295
1.6137
1.61445
1.61527
1.6162
1.61725
1.6184
1.61965
1.62098
1.6224
