-1.94109e-05
-2.60019e-05
-2.90941e-05
-3.08573e-05
-2.71318e-05
-2.22409e-05
-1.65664e-05
-8.07511e-06
5.37969e-07
1.07017e-05
2.01909e-05
2.96404e-05
3.8267e-05
4.59567e-05
5.2354e-05
5.71999e-05
6.03006e-05
6.15299e-05
6.08331e-05
5.82287e-05
5.38068e-05
4.76958e-05
4.0128e-05
3.12927e-05
2.15434e-05
1.11691e-05
5.7044e-07
-9.87149e-06
-1.97807e-05
-2.88003e-05
-3.66059e-05
-4.29171e-05
-4.75075e-05
-5.07962e-05
-5.22956e-05
-5.19725e-05
-4.98631e-05
-4.60669e-05
-4.07464e-05
-3.41189e-05
-2.64477e-05
-1.80323e-05
-9.19614e-06
-2.74933e-07
8.39645e-06
1.64962e-05
2.37277e-05
2.98298e-05
3.45867e-05
3.78343e-05
3.94663e-05
3.9438e-05
3.77677e-05
3.45352e-05
2.98782e-05
2.39881e-05
1.71039e-05
9.4942e-06
1.45097e-06
-6.72096e-06
-1.47156e-05
-2.22372e-05
-2.90112e-05
-3.47947e-05
-3.93844e-05
-4.26245e-05
-4.44117e-05
-4.46983e-05
-4.34935e-05
-4.08624e-05
-3.91737e-05
-3.65281e-05
-3.30244e-05
-2.87837e-05
-2.39597e-05
-1.87266e-05
-1.32628e-05
-7.75854e-06
-2.42435e-06
2.5525e-06
6.99957e-06
1.07657e-05
1.37264e-05
1.57885e-05
1.68931e-05
1.70178e-05
1.61771e-05
1.44217e-05
1.18364e-05
8.5362e-06
4.66223e-06
3.75748e-07
-4.14788e-06
-8.72604e-06
-1.31758e-05
-1.73211e-05
-2.09988e-05
-2.40657e-05
-2.64029e-05
-2.79207e-05
-2.85616e-05
-2.83022e-05
-2.71538e-05
-2.51617e-05
-2.2403e-05
-1.89838e-05
-1.50343e-05
-1.07041e-05
-6.15604e-06
-1.55974e-06
2.91467e-06
7.10323e-06
1.08543e-05
1.40341e-05
1.65322e-05
1.8265e-05
1.91791e-05
1.92529e-05
1.84971e-05
1.69541e-05
1.46962e-05
1.18221e-05
8.45342e-06
4.73059e-06
8.03873e-07
-3.17027e-06
-7.03533e-06
-1.06409e-05
-1.38242e-05
-1.64393e-05
-1.84435e-05
-1.97623e-05
-2.03503e-05
-2.01919e-05
-1.93005e-05
-1.77178e-05
-1.55115e-05
-1.27717e-05
-9.6079e-06
-6.14449e-06
-2.52516e-06
1.11962e-06
4.58827e-06
7.74313e-06
1.04903e-05
1.27472e-05
1.4448e-05
1.55483e-05
1.60617e-05
1.59962e-05
1.53872e-05
1.42864e-05
1.2741e-05
1.08066e-05
8.5254e-06
5.96798e-06
3.23127e-06
4.25734e-07
-2.33805e-06
-4.9532e-06
-7.32062e-06
-9.35261e-06
-1.0976e-05
-1.21347e-05
-1.27913e-05
-1.29283e-05
-1.25484e-05
-1.16741e-05
-1.03462e-05
-8.62203e-06
-6.57307e-06
-4.28182e-06
-1.83857e-06
6.62292e-07
3.12586e-06
5.46036e-06
7.5806e-06
9.41105e-06
1.08886e-05
1.19645e-05
1.26064e-05
1.27988e-05
1.25435e-05
1.18595e-05
1.07813e-05
9.35794e-06
7.65062e-06
5.73006e-06
3.67377e-06
1.56281e-06
-5.1998e-07
-2.49444e-06
-4.28901e-06
-5.83913e-06
-7.08958e-06
-7.99783e-06
-8.53518e-06
-8.68761e-06
-8.45599e-06
-7.85577e-06
-6.91614e-06
-5.67871e-06
-4.19564e-06
-2.52752e-06
-7.40926e-07
1.09422e-06
2.90736e-06
4.62996e-06
6.19813e-06
7.55494e-06
8.65218e-06
9.44459e-06
9.91226e-06
1.00477e-05
9.85154e-06
9.33715e-06
8.55135e-06
7.5426e-06
6.36327e-06
5.06918e-06
3.71816e-06
2.36802e-06
1.07453e-06
-1.10668e-07
-1.14204e-06
-1.98397e-06
-2.59132e-06
-2.95172e-06
-3.06248e-06
-2.92991e-06
-2.56735e-06
-2.06157e-06
-1.49859e-06
-9.14719e-07
-3.31724e-07
2.28781e-07
7.4634e-07
1.20267e-06
1.58242e-06
1.87403e-06
2.06992e-06
2.16705e-06
2.16688e-06
2.07533e-06
1.90239e-06
1.66144e-06
1.38663e-06
1.08864e-06
7.77821e-07
4.66942e-07
1.74502e-07
-8.2349e-08
-2.88613e-07
-4.32124e-07
-5.04105e-07
-4.98382e-07
-4.14143e-07
-2.54699e-07
-2.67517e-08
2.59449e-07
5.90738e-07
9.5145e-07
1.3244e-06
1.69195e-06
2.03673e-06
2.34255e-06
2.59517e-06
2.78289e-06
2.89716e-06
2.93293e-06
2.88885e-06
2.76728e-06
2.57415e-06
2.31866e-06
2.01277e-06
1.6707e-06
1.30884e-06
9.43535e-07
5.91103e-07
2.67102e-07
1.57331e-07
7.77815e-08
3.25956e-08
2.43605e-08
5.41042e-08
1.20569e-07
2.38634e-07
4.20927e-07
6.62635e-07
9.53659e-07
1.28033e-06
1.62676e-06
1.97549e-06
2.30894e-06
2.61021e-06
2.86371e-06
3.0558e-06
3.17538e-06
3.21413e-06
3.16603e-06
3.02842e-06
2.80214e-06
2.49153e-06
2.1043e-06
1.65115e-06
1.14539e-06
6.04579e-07
5.19877e-08
-4.88774e-07
-9.94729e-07
-1.44444e-06
-1.8188e-06
-2.10188e-06
-2.28143e-06
-2.3494e-06
-2.3022e-06
-2.14084e-06
-1.87085e-06
-1.50187e-06
-1.07425e-06
-5.7549e-07
-2.42276e-08
5.58728e-07
1.15126e-06
1.73082e-06
2.27532e-06
2.76398e-06
3.17836e-06
3.50268e-06
3.72457e-06
3.83562e-06
3.83178e-06
3.7133e-06
3.48495e-06
3.15615e-06
2.74011e-06
2.25319e-06
1.71455e-06
1.14528e-06
5.67677e-07
4.2524e-09
-5.23091e-07
-9.93949e-07
-1.39022e-06
-1.69684e-06
-1.90233e-06
-1.99932e-06
-1.98473e-06
-1.85997e-06
-1.6308e-06
-1.30709e-06
-9.29817e-07
-5.29183e-07
-1.05897e-07
3.35832e-07
7.96905e-07
1.28244e-06
1.78818e-06
2.30379e-06
2.81635e-06
3.31178e-06
3.77722e-06
4.20022e-06
4.56818e-06
4.86945e-06
5.09438e-06
5.23539e-06
5.28642e-06
5.24215e-06
5.0996e-06
4.85922e-06
4.52482e-06
4.10343e-06
3.60505e-06
3.04231e-06
2.43e-06
1.78459e-06
1.12363e-06
4.65175e-07
-1.72845e-07
-7.73242e-07
-1.32013e-06
-1.79948e-06
-2.19953e-06
-2.51123e-06
-2.72838e-06
-2.84787e-06
-2.99531e-06
-3.10607e-06
-3.20568e-06
-3.29405e-06
-3.35931e-06
-3.3909e-06
-3.37989e-06
-3.3192e-06
-3.20387e-06
-3.03121e-06
-2.80093e-06
-2.5151e-06
-2.17815e-06
-1.79667e-06
-1.37926e-06
-9.36179e-07
-4.79012e-07
-2.02361e-08
4.27227e-07
8.50484e-07
1.23715e-06
1.57581e-06
1.8565e-06
2.07121e-06
2.21389e-06
2.2809e-06
2.27118e-06
2.1863e-06
2.03049e-06
1.81046e-06
1.53523e-06
1.2158e-06
8.64785e-07
4.95993e-07
1.03916e-07
-2.89141e-07
-6.60202e-07
-9.90735e-07
-1.26989e-06
-1.48467e-06
-1.61329e-06
-1.64684e-06
-1.58477e-06
-1.43125e-06
-1.19448e-06
-8.86829e-07
-5.23878e-07
-1.23905e-07
2.95676e-07
7.19373e-07
1.1313e-06
1.51598e-06
1.85893e-06
2.14728e-06
2.3702e-06
2.51938e-06
2.58931e-06
2.57756e-06
2.48479e-06
2.31478e-06
2.07425e-06
1.7726e-06
1.42155e-06
1.03464e-06
6.26756e-07
2.1352e-07
-1.89312e-07
-5.66459e-07
-9.03693e-07
-1.18839e-06
-1.41001e-06
-1.56045e-06
-1.62891e-06
-1.61863e-06
-1.53112e-06
-1.37025e-06
-1.14263e-06
-8.57438e-07
-5.26029e-07
-1.61477e-07
2.21926e-07
6.09226e-07
9.85393e-07
1.3359e-06
1.64727e-06
1.90802e-06
2.10793e-06
2.23955e-06
2.29803e-06
2.28137e-06
2.19049e-06
2.02915e-06
1.80384e-06
1.5235e-06
1.19912e-06
8.43362e-07
4.69925e-07
9.32095e-08
-2.72332e-07
-6.12786e-07
-9.15316e-07
-1.16866e-06
-1.36357e-06
-1.49318e-06
-1.56224e-06
-1.5617e-06
-1.4885e-06
-1.34615e-06
-1.13137e-06
-8.56425e-07
-5.33399e-07
-1.79113e-07
1.88224e-07
5.52526e-07
8.99601e-07
1.21607e-06
1.48988e-06
1.71075e-06
1.87057e-06
1.96373e-06
1.98724e-06
1.94087e-06
1.82708e-06
1.65084e-06
1.41951e-06
1.14249e-06
8.309e-07
4.97062e-07
1.54057e-07
-1.84813e-07
-5.06536e-07
-7.98897e-07
-1.05094e-06
-1.25339e-06
-1.39897e-06
-1.48271e-06
-1.50206e-06
-1.45701e-06
-1.35005e-06
-1.18592e-06
-9.71613e-07
-7.1604e-07
-4.29597e-07
-1.23771e-07
1.8932e-07
4.97405e-07
7.88535e-07
1.05154e-06
1.27646e-06
1.4549e-06
1.58039e-06
1.64855e-06
1.65728e-06
1.60682e-06
1.5006e-06
1.34299e-06
1.14049e-06
9.01442e-07
6.35479e-07
3.53137e-07
6.54502e-08
-2.16483e-07
-4.81925e-07
-7.20917e-07
-9.24654e-07
-1.08581e-06
-1.19879e-06
-1.25996e-06
-1.26768e-06
-1.22244e-06
-1.12676e-06
-9.85074e-07
-8.03545e-07
-5.89922e-07
-3.66013e-07
-1.33116e-07
1.0545e-07
3.39904e-07
5.6079e-07
7.59385e-07
9.36816e-07
1.09246e-06
1.22074e-06
1.3161e-06
1.37346e-06
1.38858e-06
1.35836e-06
1.28089e-06
1.15507e-06
9.86214e-07
7.81388e-07
5.48874e-07
2.97849e-07
3.80413e-08
-2.20634e-07
-4.68436e-07
-6.96161e-07
-8.95467e-07
-1.05918e-06
-1.18152e-06
-1.25836e-06
-1.28726e-06
-1.26764e-06
-1.2007e-06
-1.08939e-06
-9.38269e-07
-7.53202e-07
-5.41297e-07
-3.10658e-07
-6.99912e-08
1.71728e-07
4.05588e-07
6.23069e-07
8.16359e-07
9.78624e-07
1.10426e-06
1.18908e-06
1.23044e-06
1.22734e-06
1.18043e-06
1.09195e-06
9.65778e-07
8.07826e-07
6.24209e-07
4.21992e-07
2.07973e-07
-9.44023e-09
-2.22007e-07
-4.21856e-07
-6.01725e-07
-7.552e-07
-8.76931e-07
-9.62815e-07
-1.01014e-06
-1.01765e-06
-9.8561e-07
-9.15758e-07
-8.11235e-07
-6.76448e-07
-5.16885e-07
-3.3891e-07
-1.49522e-07
4.39365e-08
2.33828e-07
4.0539e-07
5.57554e-07
6.89403e-07
7.96335e-07
8.74531e-07
9.40281e-07
1.00109e-06
1.06031e-06
1.11899e-06
1.17669e-06
1.23191e-06
1.2825e-06
1.32592e-06
1.3598e-06
1.32083e-06
1.20817e-06
1.02793e-06
7.88623e-07
5.00711e-07
1.76218e-07
-1.7174e-07
-5.29337e-07
-8.82512e-07
-1.21746e-06
-1.52114e-06
-1.7817e-06
-1.98893e-06
-2.13462e-06
-2.21283e-06
-2.22013e-06
-2.15569e-06
-2.02134e-06
-1.82148e-06
-1.56292e-06
-1.25461e-06
-9.07338e-07
-5.33319e-07
-1.45741e-07
2.41715e-07
6.15372e-07
9.62058e-07
1.26959e-06
1.5272e-06
1.72594e-06
1.859e-06
1.92195e-06
1.91292e-06
1.83264e-06
1.68444e-06
1.47414e-06
1.2098e-06
9.01476e-07
5.60812e-07
2.00609e-07
-1.65654e-07
-5.24312e-07
-8.62028e-07
-1.16629e-06
-1.42586e-06
-1.63123e-06
-1.77494e-06
-1.85186e-06
-1.85939e-06
-1.7975e-06
-1.66882e-06
-1.47238e-06
-1.22257e-06
-9.29018e-07
-6.02957e-07
-2.4738e-07
1.04979e-07
4.49488e-07
7.72545e-07
1.06173e-06
1.30606e-06
1.49649e-06
1.63611e-06
1.73483e-06
1.78027e-06
1.76902e-06
1.69901e-06
1.5699e-06
1.38309e-06
1.14182e-06
8.54047e-07
5.31497e-07
1.90421e-07
-1.58642e-07
-5.02389e-07
-8.27832e-07
-1.12278e-06
-1.37627e-06
-1.57901e-06
-1.72365e-06
-1.80511e-06
-1.82069e-06
-1.7702e-06
-1.65594e-06
-1.48255e-06
-1.25688e-06
-9.87662e-07
-6.85211e-07
-3.60997e-07
-2.7216e-08
3.0368e-07
6.19447e-07
9.08508e-07
1.16037e-06
1.36603e-06
1.51828e-06
1.61199e-06
1.64423e-06
1.61442e-06
1.52425e-06
1.3777e-06
1.18077e-06
9.41309e-07
6.68681e-07
3.73401e-07
6.67356e-08
-2.39725e-07
-5.34497e-07
-8.06634e-07
-1.04613e-06
-1.24429e-06
-1.39405e-06
-1.49023e-06
-1.52971e-06
-1.51155e-06
-1.43699e-06
-1.30939e-06
-1.13411e-06
-9.18228e-07
-6.70333e-07
-4.00137e-07
-1.18111e-07
1.6492e-07
4.38195e-07
6.91427e-07
9.15189e-07
1.10044e-06
1.23957e-06
1.32704e-06
1.26571e-06
1.01091e-06
5.86537e-07
2.28125e-08
-6.50272e-07
-1.40171e-06
-2.20894e-06
-2.89433e-06
-3.42562e-06
-3.77752e-06
-3.93299e-06
-3.8842e-06
-3.63466e-06
-3.19542e-06
-2.58478e-06
-1.82794e-06
-9.55841e-07
-4.01218e-09
9.88828e-07
1.9822e-06
3.02123e-06
4.05371e-06
5.02743e-06
5.8937e-06
6.6086e-06
7.13402e-06
7.43875e-06
7.49943e-06
7.29654e-06
6.8195e-06
6.0674e-06
5.0585e-06
3.83316e-06
2.43999e-06
9.34571e-07
-6.23479e-07
-2.17299e-06
-3.65361e-06
-5.00806e-06
-6.18429e-06
-7.13744e-06
-7.83147e-06
-8.24049e-06
-8.3497e-06
-8.15589e-06
-7.6675e-06
-6.90423e-06
-5.89626e-06
-4.68307e-06
-3.31181e-06
-1.83539e-06
-3.10425e-07
1.20497e-06
2.6534e-06
3.98044e-06
5.13666e-06
6.07954e-06
6.77504e-06
7.19882e-06
7.33715e-06
7.18736e-06
6.75785e-06
6.06771e-06
5.14587e-06
4.02992e-06
2.76462e-06
1.40013e-06
-1.2373e-08
-1.42018e-06
-2.77037e-06
-4.01259e-06
-5.10177e-06
-5.9987e-06
-7.40501e-06
-9.22158e-06
-1.13095e-05
-1.35383e-05
-1.57807e-05
-1.78774e-05
-1.96822e-05
-2.09759e-05
-2.1312e-05
-2.03987e-05
-1.81984e-05
-1.48564e-05
-1.05682e-05
-5.54764e-06
4.98021e-09
5.80775e-06
1.16021e-05
1.71344e-05
2.21667e-05
2.64641e-05
2.98569e-05
3.22121e-05
3.34393e-05
3.34918e-05
3.23685e-05
3.01141e-05
2.68163e-05
2.26023e-05
1.76331e-05
1.20975e-05
6.20433e-06
1.74295e-07
-5.75802e-06
-1.1374e-05
-1.64702e-05
-2.08644e-05
-2.44133e-05
-2.69845e-05
-2.85033e-05
-2.89273e-05
-2.8254e-05
-2.65222e-05
-2.381e-05
-2.02313e-05
-1.59314e-05
-1.10808e-05
-5.86912e-06
-4.9752e-07
4.82869e-06
9.90799e-06
1.45502e-05
1.85837e-05
2.18614e-05
2.42666e-05
2.57168e-05
2.61663e-05
2.56083e-05
2.40739e-05
2.16314e-05
1.83827e-05
1.44596e-05
1.0018e-05
5.23218e-06
2.87717e-07
-4.63911e-06
-9.34624e-06
-1.37027e-05
-1.75572e-05
-2.07031e-05
-2.30253e-05
-2.44475e-05
-2.49288e-05
-2.44626e-05
-2.30784e-05
-2.08405e-05
-1.78444e-05
-1.42137e-05
-1.00945e-05
-5.64972e-06
-1.05265e-06
3.51973e-06
7.89354e-06
1.19046e-05
1.54047e-05
1.82666e-05
2.03894e-05
2.17012e-05
2.21621e-05
2.17652e-05
2.05362e-05
1.85324e-05
1.58397e-05
1.25693e-05
8.853e-06
4.83776e-06
6.8012e-07
-3.46e-06
-7.42543e-06
-1.10677e-05
-1.42527e-05
-1.68653e-05
-1.88139e-05
-2.00332e-05
-2.04866e-05
-2.0167e-05
-1.90968e-05
-1.73265e-05
-1.49325e-05
-1.20138e-05
-8.68794e-06
-5.08632e-06
-1.34903e-06
2.38055e-06
5.9612e-06
9.25923e-06
1.21536e-05
1.45401e-05
1.63355e-05
1.74798e-05
1.79387e-05
1.77043e-05
1.67953e-05
1.52555e-05
1.31518e-05
1.05719e-05
7.61998e-06
4.41335e-06
1.07711e-06
-2.26037e-06
-5.47246e-06
-8.43896e-06
-1.10507e-05
-1.32133e-05
-1.48513e-05
-1.59462e-05
-1.6477e-05
-1.64015e-05
-1.57079e-05
-1.44298e-05
-1.26227e-05
-1.03616e-05
-7.73788e-06
-4.85369e-06
-1.80904e-06
1.28999e-06
4.33684e-06
7.22832e-06
9.86473e-06
1.21313e-05
1.39401e-05
1.52179e-05
1.59122e-05
1.59929e-05
1.54531e-05
1.43093e-05
1.26103e-05
1.04298e-05
7.85841e-06
5.00047e-06
1.96962e-06
-1.11552e-06
-4.13597e-06
-6.97685e-06
-9.53175e-06
-1.17066e-05
-1.3423e-05
-1.46213e-05
-1.52623e-05
-1.53284e-05
-1.48242e-05
-1.37759e-05
-1.22301e-05
-1.02515e-05
-7.92042e-06
-5.32951e-06
-2.57992e-06
2.22595e-07
2.97172e-06
5.56463e-06
7.90587e-06
9.9108e-06
1.15087e-05
1.26451e-05
1.3284e-05
1.34083e-05
1.30206e-05
1.21429e-05
1.08151e-05
9.09384e-06
7.0498e-06
4.76488e-06
2.32899e-06
-1.63425e-07
-2.6184e-06
-4.94329e-06
-7.05042e-06
-8.86284e-06
-1.03152e-05
-1.1357e-05
-1.19542e-05
-1.20898e-05
-1.17649e-05
-1.09982e-05
-9.82418e-06
-8.35413e-06
-6.58429e-06
-4.65226e-06
-2.62698e-06
-5.56958e-07
1.50245e-06
3.47465e-06
5.28677e-06
6.88958e-06
8.23954e-06
9.30261e-06
1.00557e-05
1.04875e-05
1.05776e-05
1.03135e-05
9.6972e-06
8.7434e-06
7.47903e-06
5.94198e-06
4.18295e-06
2.2728e-06
2.86999e-07
-1.6973e-06
-3.60414e-06
-5.36165e-06
-6.90468e-06
-8.17717e-06
-9.13414e-06
-9.74323e-06
-9.98575e-06
-9.85715e-06
-9.36706e-06
-8.53864e-06
-7.40756e-06
-6.02044e-06
-4.43293e-06
-2.70744e-06
-9.10711e-07
8.88801e-07
2.62354e-06
4.22938e-06
5.64802e-06
6.82907e-06
7.73185e-06
8.32677e-06
8.59624e-06
8.53519e-06
8.15104e-06
7.46325e-06
6.50241e-06
5.30891e-06
3.93138e-06
2.42461e-06
8.47372e-07
-7.39833e-07
-2.27709e-06
-3.70731e-06
-4.97831e-06
-6.04458e-06
-6.86906e-06
-7.42435e-06
-7.6936e-06
-7.67094e-06
-7.36141e-06
-6.7809e-06
-5.95523e-06
-4.91905e-06
-3.71442e-06
-2.38911e-06
-9.94798e-07
4.13278e-07
1.64407e-06
2.69769e-06
3.56905e-06
4.2557e-06
4.74975e-06
5.0387e-06
5.11771e-06
5.04425e-06
4.82166e-06
4.47027e-06
4.01531e-06
3.47196e-06
2.85405e-06
2.17736e-06
1.45846e-06
7.14216e-07
-3.5748e-08
-7.64426e-07
-1.44608e-06
-2.05716e-06
-2.57714e-06
-2.98919e-06
-3.28074e-06
-3.44385e-06
-3.47543e-06
-3.37726e-06
-3.15583e-06
-2.82199e-06
-2.39053e-06
-1.87951e-06
-1.30953e-06
-7.02987e-07
-8.31399e-08
5.2672e-07
1.10415e-06
1.62834e-06
2.0809e-06
2.44645e-06
2.71312e-06
2.87299e-06
2.92222e-06
2.86116e-06
2.69425e-06
2.42974e-06
2.07932e-06
1.65764e-06
1.18162e-06
6.69888e-07
1.41967e-07
-3.82418e-07
-8.84075e-07
-1.34503e-06
-1.74912e-06
-2.08273e-06
-2.33503e-06
-2.49839e-06
-2.56861e-06
-2.54497e-06
-2.43025e-06
-2.2305e-06
-1.95477e-06
-1.61474e-06
-1.22422e-06
-7.98623e-07
-3.54358e-07
9.19141e-08
5.23742e-07
9.25505e-07
1.28297e-06
1.58261e-06
1.81328e-06
1.8132e-06
1.60657e-06
1.23628e-06
7.4483e-07
1.61949e-07
-4.88805e-07
-1.07808e-06
-1.56176e-06
-1.92378e-06
-2.15078e-06
-2.2354e-06
-2.18588e-06
-2.00859e-06
-1.7155e-06
-1.32293e-06
-8.50749e-07
-3.21566e-07
2.402e-07
8.09293e-07
1.36063e-06
1.87029e-06
2.31645e-06
2.68022e-06
2.94635e-06
3.10378e-06
3.14601e-06
3.07133e-06
2.88276e-06
2.58792e-06
2.19865e-06
1.73047e-06
1.20192e-06
6.33783e-07
4.82323e-08
-5.32068e-07
-1.08487e-06
-1.58922e-06
-2.02625e-06
-2.37993e-06
-2.63766e-06
-2.79069e-06
-2.83444e-06
-2.76866e-06
-2.59736e-06
-2.32862e-06
-1.97424e-06
-1.54923e-06
-1.07121e-06
-5.59669e-07
-3.51959e-08
4.81353e-07
9.69684e-07
1.41099e-06
1.78854e-06
2.08831e-06
2.29946e-06
2.41477e-06
2.43086e-06
2.34829e-06
2.19627e-06
1.95913e-06
1.64082e-06
1.25488e-06
8.18716e-07
3.48668e-07
-1.36329e-07
-6.16957e-07
-1.07308e-06
-1.49053e-06
-1.99512e-06
-2.52054e-06
-3.01313e-06
-3.4258e-06
-3.72734e-06
-3.90429e-06
-3.94847e-06
-3.8013e-06
-3.47276e-06
-2.96804e-06
-2.29873e-06
-1.49666e-06
-6.02638e-07
3.38911e-07
1.2812e-06
2.17704e-06
2.98365e-06
3.67013e-06
4.21056e-06
4.58494e-06
4.77997e-06
4.78944e-06
4.61441e-06
4.26309e-06
3.75046e-06
3.0976e-06
2.3308e-06
1.48051e-06
5.80053e-07
-3.35616e-07
-1.23133e-06
-2.07307e-06
-2.82923e-06
-3.47187e-06
-3.97769e-06
-4.3289e-06
-4.51385e-06
-4.52739e-06
-4.37099e-06
-4.05261e-06
-3.58632e-06
-2.99169e-06
-2.29293e-06
-1.51797e-06
-6.97306e-07
1.37168e-07
9.5341e-07
