0
0.000253765
0.000247928
0.000196494
0.000162775
-0.00018734
-0.000936368
-0.00161517
-0.00254816
-0.00301594
-0.00363325
-0.00391674
-0.00423154
-0.004451
-0.00462954
-0.00482655
-0.00504153
-0.00527454
-0.00552592
-0.00579609
-0.0060855
-0.00639444
-0.00672339
-0.00707227
-0.0074417
-0.00783142
-0.00823989
-0.00866913
-0.00911934
-0.00959044
-0.0100822
-0.0105942
-0.0111261
-0.0117415
-0.0121788
-0.0126035
-0.01304
-0.0134888
-0.0139479
-0.0144163
-0.0148929
-0.0153763
-0.0158651
-0.016358
-0.0168536
-0.0173509
-0.0178488
-0.0183462
-0.018842
-0.019335
-0.0198241
-0.0203086
-0.0207882
-0.0212622
-0.0217299
-0.0221933
-0.0226559
-0.0231068
-0.0235451
-0.0239725
-0.0243891
-0.0247943
-0.0251874
-0.0255677
-0.0259347
-0.0262874
-0.0266257
-0.0269479
-0.027254
-0.0275431
-0.0278148
-0.0277495
-0.0277408
-0.0277505
-0.0277572
-0.0277563
-0.0277462
-0.0277231
-0.0277153
-0.0276893
-0.0276447
-0.0275812
-0.0274988
-0.0273973
-0.0272767
-0.0271367
-0.0269771
-0.0267979
-0.0266015
-0.0263865
-0.0261545
-0.0259052
-0.025638
-0.0253527
-0.0250488
-0.0247255
-0.0243828
-0.0240211
-0.0236409
-0.0232417
-0.022823
-0.0223845
-0.0219255
-0.0214456
-0.0209443
-0.0204212
-0.0198759
-0.0193081
-0.0187172
-0.0181027
-0.0174638
-0.0167999
-0.0161004
-0.0153694
-0.0146061
-0.0138094
-0.0129786
-0.0121125
-0.0112101
-0.0102702
-0.00929161
-0.00827466
-0.00721346
-0.0062748
-0.00541354
-0.00463676
-0.00394934
-0.00335464
-0.00277667
-0.00215274
-0.00146647
-0.000737479
3.32784e-05
0.00084458
0.00169511
0.00258352
0.00350734
0.00445691
0.00542662
0.0064158
0.00742382
0.00837064
0.00908435
0.00975802
0.010398
0.0109872
0.0115009
0.0119409
0.0122669
0.0124625
0.0125585
0.0125552
0.0124414
0.0122283
0.0119864
0.0116978
0.011373
0.0110121
0.0106146
0.0101805
0.0097094
0.00920105
0.00865505
0.00807098
0.0074484
0.00678686
0.00608588
0.00534494
0.00456352
0.00374104
0.00287704
0.00197099
0.00102218
2.99712e-05
-0.00100627
-0.00208715
-0.00321328
-0.00438531
-0.0056039
-0.00686978
-0.00818371
-0.00954655
-0.0109592
-0.0124229
-0.0139387
-0.015508
-0.0171322
-0.018813
-0.0205524
-0.0222996
-0.0237966
-0.0250854
-0.0263356
-0.0275407
-0.0286992
-0.0297923
-0.030811
-0.0317729
-0.0326752
-0.0335158
-0.0342934
-0.0347741
-0.0351887
-0.0355354
-0.0358127
-0.036019
-0.0361528
-0.0362125
-0.0361965
-0.0361032
-0.0359308
-0.0356608
-0.035287
-0.0348173
-0.0342546
-0.0336044
-0.0328785
-0.0320742
-0.0311897
-0.0302236
-0.0291746
-0.0280414
-0.0268224
-0.0255158
-0.0241193
-0.0226238
-0.0211033
-0.0195553
-0.0179779
-0.0163696
-0.0147274
-0.0130674
-0.0113714
-0.00963917
-0.00787022
-0.00606396
-0.00421913
-0.00234564
-0.000442497
0.00149149
0.00345828
0.0054594
0.00749648
0.00957107
0.0116846
0.0138062
0.0160035
0.0182473
0.0205391
0.0228793
0.0252676
0.0277059
0.0301962
0.0327404
0.0353403
0.0377535
0.040065
0.0422933
0.0444561
0.0465547
0.0485909
0.050558
0.0524918
0.0543785
0.0562085
0.0579763
0.0596787
0.0613138
0.0628801
0.0643767
0.065803
0.0671581
0.0684414
0.0696522
0.0707897
0.0719233
0.0729256
0.0738483
0.0746983
0.0754743
0.0761758
0.0767691
0.0772669
0.077681
0.0780202
0.0783014
0.0784846
0.078604
0.0786507
0.0786266
0.0785349
0.0783725
0.0781403
0.0778407
0.0774744
0.0770415
0.0765422
0.0759767
0.0753442
0.0746406
0.0738649
0.0730161
0.0720934
0.0710958
0.0700225
0.0688727
0.0676409
0.0663272
0.0649306
0.0634502
0.061885
0.0602341
0.0584963
0.0566704
0.0547553
0.0527497
0.0506527
0.0484633
0.0462672
0.0439078
0.0414616
0.0389345
0.0363242
0.0336281
0.0308437
0.0279683
0.0249991
0.0219304
0.0187615
0.015495
0.0121276
0.00865681
0.00506471
0.00135565
-0.00208225
-0.00543494
-0.00869545
-0.0118592
-0.0149243
-0.01789
-0.0207559
-0.0235221
-0.0261885
-0.0287555
-0.031223
-0.0335914
-0.0358607
-0.0380311
-0.0401029
-0.042076
-0.0439507
-0.0457334
-0.0474137
-0.0489154
-0.0503121
-0.0516076
-0.0528196
-0.0539464
-0.0549846
-0.0559348
-0.0567997
-0.0575783
-0.0582734
-0.0588843
-0.0594117
-0.0598543
-0.0602127
-0.0604894
-0.0606824
-0.0607908
-0.0608147
-0.0607543
-0.0606097
-0.060381
-0.0600681
-0.0596709
-0.0591891
-0.0586225
-0.0579707
-0.0572333
-0.0564097
-0.0554997
-0.0545024
-0.0534172
-0.0522433
-0.0509802
-0.0496271
-0.0482721
-0.046779
-0.0452208
-0.0435972
-0.0419035
-0.0401381
-0.0382994
-0.0363857
-0.0343953
-0.0323272
-0.0301793
-0.0279496
-0.0256355
-0.0232348
-0.0207466
-0.0181571
-0.0154721
-0.0126946
-0.00982578
-0.00686583
-0.00381415
-0.000669181
0.00257338
0.00558189
0.00847302
0.0112463
0.0139014
0.0164383
0.0188569
0.0211572
0.0233393
0.025403
0.0273483
0.0291751
0.0308988
0.0324984
0.0340022
0.0354035
0.0367071
0.037914
0.0388957
0.0397829
0.0405671
0.0412454
0.0418285
0.042319
0.0427168
0.0430253
0.043247
0.0433773
0.0434152
0.0433606
0.0432134
0.0429735
0.0426405
0.0422142
0.0416942
0.0410799
0.0403709
0.0395665
0.0386661
0.037669
0.0365743
0.0353812
0.0340889
0.0326963
0.0312023
0.0296057
0.0279054
0.0261001
0.0241884
0.02227
0.0202907
0.018279
0.0162327
0.0141502
0.0120298
0.00986966
0.00766803
0.00542292
0.00313226
0.000793867
-0.00159452
-0.0040352
-0.00652898
-0.0087882
-0.0109858
-0.0131163
-0.0151663
-0.0171293
-0.0190014
-0.0207805
-0.0224653
-0.0240549
-0.0255486
-0.0269455
-0.0282456
-0.0294479
-0.0305518
-0.0315565
-0.0324614
-0.0333021
-0.0340776
-0.0347868
-0.0354413
-0.0360316
-0.03656
-0.0370269
-0.0373334
-0.0375532
-0.0377108
-0.0378066
-0.0378408
-0.0378134
-0.0377209
-0.0375613
-0.0373344
-0.0370395
-0.0366761
-0.0362433
-0.0357403
-0.0351661
-0.03452
-0.0338015
-0.0330098
-0.032144
-0.0312031
-0.0301861
-0.0290919
-0.0279195
-0.0266675
-0.0253347
-0.0239197
-0.0224213
-0.0208378
-0.0191677
-0.0174089
-0.0155593
-0.0136151
-0.0116435
-0.00964442
-0.00761647
-0.00555836
-0.00346872
-0.00134609
0.000811073
0.00300444
0.00523579
0.007507
0.00982005
0.012177
0.0145801
0.0170316
0.0195337
0.0217628
0.0239068
0.0259973
0.0280255
0.0299755
0.0318394
0.0336126
0.0352925
0.0368774
0.0383661
0.0397576
0.0410512
0.0422457
0.0433397
0.0443318
0.0452446
0.0460833
0.0468463
0.0475324
0.0481404
0.0486767
0.0491331
0.0495181
0.0498298
0.0500689
0.050233
0.0502023
0.0500972
0.0499187
0.0496667
0.0493408
0.048941
0.0484669
0.0479181
0.0472906
0.0465783
0.0457808
0.044898
0.043929
0.0428731
0.0417293
0.0404965
0.0391736
0.0377593
0.0362523
0.0346511
0.0329544
0.0311604
0.0292674
0.0272737
0.025177
0.0229739
0.0207297
0.0184485
0.0161291
0.0137698
0.0113689
0.00892467
0.00643553
0.00389966
0.00131525
-0.00131964
-0.00400704
-0.00674912
-0.00954816
-0.0124066
-0.0153168
-0.01828
-0.0210249
-0.0236602
-0.0262191
-0.0287384
-0.0312222
-0.0336499
-0.0360121
-0.0383041
-0.0405235
-0.042669
-0.0447399
-0.0467359
-0.0486566
-0.0505018
-0.0522713
-0.0539648
-0.0555822
-0.0571221
-0.0585842
-0.0599683
-0.0612743
-0.0625016
-0.0636347
-0.064665
-0.0656032
-0.066454
-0.0672242
-0.0679213
-0.0685462
-0.0690993
-0.0695809
-0.0699917
-0.0703319
-0.0706019
-0.0708019
-0.070932
-0.0710584
-0.0710917
-0.0710657
-0.0709837
-0.0708447
-0.0706481
-0.0703921
-0.0700764
-0.0697009
-0.0692652
-0.0687688
-0.0682113
-0.0675921
-0.0669109
-0.0661731
-0.0653781
-0.0645255
-0.0636144
-0.0626442
-0.0616141
-0.0605235
-0.0593717
-0.058158
-0.0568815
-0.0555414
-0.054137
-0.0526671
-0.0511306
-0.0495264
-0.0478531
-0.046109
-0.0442927
-0.0424024
-0.0404361
-0.0383918
-0.0362674
-0.0340626
-0.0317625
-0.0293739
-0.0269005
-0.0243442
-0.0217061
-0.0189864
-0.0161852
-0.0133022
-0.0103368
-0.00728835
-0.00415617
-0.000939442
0.00236238
0.00566063
0.00902932
0.0124315
0.0158678
0.019344
0.0226232
0.0257885
0.0288407
0.0317887
0.0346346
0.0373815
0.0400263
0.0424404
0.0447588
0.046979
0.0490923
0.0510998
0.0530028
0.0548028
0.0565014
0.0581027
0.0596973
0.0611036
0.0624116
0.0636226
0.0647375
0.0657571
0.0666822
0.0675136
0.0682518
0.0688975
0.0694513
0.0699134
0.0702843
0.0705643
0.0707537
0.0708529
0.0708617
0.0707803
0.0706088
0.0703471
0.0699953
0.0695533
0.0690298
0.0684249
0.0677382
0.0669739
0.0661342
0.0652185
0.0642259
0.0631554
0.0620058
0.0607758
0.0594641
0.058069
0.056589
0.0550241
0.0533572
0.0515966
0.0497472
0.0478117
0.0457917
0.0436881
0.0415016
0.0392321
0.0368797
0.0344442
0.0319253
0.0293227
0.026636
0.0238645
0.0210076
0.0180645
0.0150344
0.0119163
0.0087091
0.00538754
0.00206695
-0.00140966
-0.00468933
-0.00777337
-0.0107993
-0.0137206
-0.0165565
-0.0193057
-0.0219651
-0.0245115
-0.0269539
-0.0292608
-0.0314823
-0.0336167
-0.0356633
-0.0376238
-0.0395168
-0.0413083
-0.0430165
-0.0446344
-0.046164
-0.0476849
-0.0489213
-0.0500321
-0.0510518
-0.0519815
-0.052823
-0.0535781
-0.0542488
-0.0548369
-0.0553634
-0.0558073
-0.0561697
-0.0564525
-0.0566617
-0.056796
-0.056853
-0.0568318
-0.0567323
-0.0565544
-0.0562979
-0.0559625
-0.0555478
-0.0550533
-0.0544784
-0.0538225
-0.0530846
-0.0522639
-0.0513595
-0.0503719
-0.0492937
-0.0481326
-0.0468937
-0.0455799
-0.0441933
-0.0427353
-0.0412139
-0.0396296
-0.0379831
-0.0362749
-0.0345055
-0.0326752
-0.0307843
-0.0288329
-0.0268213
-0.0247493
-0.0226167
-0.0204234
-0.018169
-0.01587
-0.0135393
-0.0112493
-0.00899049
-0.0066463
-0.00425839
-0.0019827
0.000249696
0.0024603
0.00463388
0.00676499
0.00882384
0.0107592
0.012658
0.0145581
0.0164448
0.0182998
0.0201158
0.0218931
0.0236639
0.0253638
0.0269365
0.0284155
0.029805
0.0311128
0.0322796
0.0333324
0.0342718
0.0350997
0.035818
0.0364253
0.0369231
0.0373116
0.0375914
0.0377629
0.0378266
0.0377829
0.037632
0.0373901
0.037046
0.036601
0.0360553
0.0355031
0.0348313
0.0341054
0.0333207
0.0324757
0.0315692
0.0305997
0.0295653
0.0284658
0.0272887
0.0260399
0.0247227
0.023339
0.0218895
0.0203745
0.018794
0.0171476
0.0154346
0.0136542
0.0118055
0.00988732
0.00789797
0.00583439
0.00391364
0.00209929
0.000391079
-0.00121071
-0.00270582
-0.00410997
-0.00552199
-0.00671575
-0.00779156
-0.00873933
-0.00948693
-0.010135
-0.0106843
-0.0111399
-0.0115312
-0.0118872
-0.0122084
-0.0124948
-0.0127463
-0.0129629
-0.0131445
-0.0132913
-0.0134032
-0.0134803
-0.0135227
-0.0135306
-0.013504
-0.013443
-0.0133469
-0.0132152
-0.013047
-0.0128416
-0.0125983
-0.0123163
-0.0119948
-0.0116329
-0.0112296
-0.0107841
-0.0102952
-0.00976205
-0.00918371
-0.00855915
-0.00788736
-0.00716727
-0.00639771
-0.00557755
-0.00470549
-0.00378014
-0.00279998
-0.00176339
-0.000668641
0.000486118
0.00170287
0.00298369
0.00433076
0.00574476
0.00723702
0.0088028
0.0104399
0.0121478
0.0139287
0.0157113
0.0172226
0.0186073
0.0198826
0.0210501
0.0221163
0.0231469
0.0241579
0.0251536
0.0261295
0.027081
0.0280045
0.028897
0.0297553
0.0306148
0.0314143
0.0321858
0.0329301
0.0336415
0.0343215
0.0349705
0.0355878
0.0361558
0.0366132
0.0370385
0.0374342
0.0378021
0.0381438
0.0384534
0.0387306
0.038974
0.0391833
0.0393586
0.0394996
0.0396065
0.0396774
0.0397125
0.0397128
0.0396788
0.0396108
0.0395089
0.0393732
0.0392036
0.0390004
0.0387634
0.0384925
0.0381877
0.0378488
0.0374759
0.0370689
0.0366278
0.0361524
0.0356426
0.0350983
0.034519
0.0339045
0.0332543
0.0325676
0.0318438
0.0310819
0.030281
0.02944
0.0285577
0.0276329
0.0266659
0.0256485
0.024586
0.0234819
0.0224969
0.0215728
0.020711
0.0199155
0.0191901
0.0184381
0.0177239
0.0171066
0.0163637
0.0155879
0.0147859
0.0139612
0.0131187
0.01227
0.0114173
0.0105626
0.00962563
0.00863763
0.00785451
0.00718616
0.00655048
0.00594386
0.00536032
0.00480148
0.00427317
0.0039143
0.00358785
0.00328987
0.00302387
0.00278721
0.00258296
0.00240925
0.0022669
0.00215898
0.00208518
0.0020448
0.00203622
0.0020601
0.00211693
0.00220691
0.0023301
0.0024865
0.00267608
0.00289882
0.00315468
0.0034434
0.00376479
0.00411896
0.00450589
0.00492542
0.0053773
0.00586123
0.00637688
0.00692393
0.00750208
0.00811111
0.00875085
0.00942132
0.0101227
0.0108554
0.0116199
0.012417
0.0132475
0.0141125
0.015013
0.0159502
0.0169221
0.0179336
0.0189795
0.0200565
0.0211625
0.0222222
0.0232539
0.024258
0.0253411
0.0263963
0.027468
0.0285609
0.0296512
0.0306831
0.0316968
0.0326887
0.0336554
0.0345937
0.0355005
0.0363729
0.0372175
0.038017
0.0387886
0.0395358
0.0402579
0.040951
0.0416108
0.0422369
0.0428186
0.0432879
0.0437245
0.0441309
0.0445074
0.0448535
0.0451665
0.0454446
0.0456876
0.0458949
0.0460655
0.0462001
0.0462993
0.0463634
0.0463924
0.0463866
0.0463459
0.0462703
0.0461599
0.0460146
0.0458343
0.0456191
0.0453688
0.0450833
0.0447625
0.0444063
0.0440145
0.043587
0.0431239
0.0426249
0.0420898
0.0415185
0.0409106
0.0402657
0.0395833
0.0388628
0.0381034
0.0373042
0.0364642
0.0355824
0.0346576
0.0336886
0.0326756
0.0316106
0.0304987
0.0295176
0.0285825
0.0276927
0.0268526
0.0260655
0.0253344
0.0246619
0.0240506
0.0235031
0.0230224
0.0226115
0.0222742
0.0220203
0.0216374
0.0211518
0.0205644
0.0198761
0.0191056
0.0182621
0.0175194
0.0168384
0.0161935
0.0155799
0.0149928
0.0144311
0.0139121
0.0135743
0.0132571
0.0129596
0.0126936
0.012457
0.0122451
0.0120665
0.0119224
0.0118127
0.0117372
0.0116958
0.0116884
0.0117148
0.0117749
0.0118686
0.0119959
0.0121566
0.0123506
0.0125778
0.0128383
0.0131317
0.0134578
0.0138167
0.0142083
0.0146324
0.0150888
0.0155771
0.016097
0.0166482
0.0172302
0.017843
0.0184863
0.0191601
0.0198646
0.0206003
0.0213677
0.0221674
0.0230005
0.0238679
0.0247708
0.0257104
0.0266849
0.0277001
0.0287512
0.0298349
0.0308419
0.0317928
0.0326842
0.0335127
0.0342754
0.0349693
0.0355903
0.0363309
0.0371758
0.0381213
0.0390621
0.0400674
0.0410497
0.0420032
0.0429236
0.043808
0.0446627
0.0454736
0.0462593
0.0470204
0.0477562
0.0484627
0.0491353
0.0497737
0.0503671
0.050842
0.0512839
0.0516951
0.0520761
0.0524263
0.0527441
0.0530267
0.0532737
0.0534847
0.0536584
0.0537959
0.0538974
0.0539633
0.0539937
0.0539888
0.0539484
0.0538727
0.0537616
0.053615
0.0534328
0.053215
0.0529617
0.0526725
0.0523475
0.0519864
0.0515892
0.0511558
0.0506861
0.05018
0.0496373
0.0490579
0.0484414
0.0477874
0.0470954
0.0463648
0.0455948
0.0447846
0.0439331
0.0430392
