0.099997
0.0925053
0.0842521
0.078806
0.078838
0.0766406
0.0741147
0.0736972
0.0713228
0.0713129
0.0700279
0.070014
0.0696567
0.069643
0.0696344
0.0696288
0.0696249
0.0696222
0.0696201
0.0696186
0.0696174
0.0696165
0.0696157
0.0696152
0.0696147
0.0696144
0.0696161
0.0696176
0.0696189
0.0696201
0.0696211
0.0696219
0.0696225
0.0692027
0.0692063
0.0692066
0.0692073
0.0692081
0.069209
0.0692098
0.0692105
0.0692112
0.0692117
0.0692121
0.0692125
0.0692127
0.0692128
0.0692129
0.0692128
0.0692127
0.0692125
0.0692123
0.0692121
0.0692119
0.0692116
0.0692114
0.0692112
0.069211
0.0692108
0.0692107
0.0692106
0.0692106
0.0692106
0.0692106
0.0692106
0.0692107
0.0692109
0.0692109
0.069211
0.0692111
-0.0814307
-0.0814146
-0.0813877
-0.0813506
-0.0813032
-0.0812547
-0.0812088
-0.0811649
-0.0812067
-0.0812464
-0.0812844
-0.0813208
-0.0813558
-0.0813896
-0.0814222
-0.0814537
-0.0814843
-0.0815139
-0.0815545
-0.0815942
-0.0816331
-0.0816714
-0.0817092
-0.0817464
-0.0817833
-0.0818186
-0.0818537
-0.0818887
-0.0819236
-0.0819583
-0.081993
-0.0820275
-0.082062
-0.0820963
-0.0821306
-0.0821647
-0.0821987
-0.0822326
-0.0822663
-0.0822999
-0.0823333
-0.0823665
-0.0823898
-0.0824129
-0.0824358
-0.0824587
-0.0824814
-0.0825041
-0.0825268
-0.0825494
-0.0825721
-0.0825946
-0.0826187
-0.0826081
-0.0826018
-0.082599
-0.0825989
-0.0826006
-0.0825889
-0.0825651
-0.0825394
-0.0825136
-0.0824876
-0.082461
-0.0824339
-0.082406
-0.0823796
-0.0823525
-0.0823246
-0.0822959
0.0693031
0.0692721
0.0692722
0.0692707
0.0692651
0.0692559
0.0692429
0.0692257
0.0692052
0.0691298
0.0690581
0.0689882
0.0689244
0.0689036
0.0689235
0.0689194
0.0689165
0.0689159
0.0689154
0.0689147
0.0689141
0.0689134
0.0689125
0.0689114
0.0689101
0.0689086
0.0689068
0.0689046
0.0689021
0.0688993
0.0688961
0.0688925
0.0688885
0.0688841
0.0688793
0.0688741
0.0688685
0.0688624
0.0688559
0.0688489
0.0688415
0.0688336
0.0688253
0.0688164
0.068807
0.068797
0.0687863
0.0687746
0.0687612
0.0687646
0.0687172
0.0686541
0.0686103
0.0685825
0.0685702
0.0685657
0.0685661
0.0685689
0.0685732
0.0685785
0.0685845
0.0685931
0.0686018
0.0686106
0.0686193
0.0686279
0.0686363
0.0686446
0.0686526
0.0686603
-0.0806343
-0.0806045
-0.0805524
-0.0804807
-0.0803909
-0.0802972
-0.0802107
-0.0801303
-0.0800552
-0.0799848
-0.0799186
-0.0798563
-0.0797975
-0.0797422
-0.0796901
-0.0796418
-0.0796081
-0.0795752
-0.0795426
-0.0795095
-0.0794712
-0.0794747
-0.0794717
-0.0794686
-0.079465
-0.0794607
-0.0794558
-0.0794501
-0.0794437
-0.0794377
-0.0794311
-0.079424
-0.0794163
-0.0794082
-0.0793997
-0.0794075
-0.079402
-0.079396
-0.0793897
-0.079383
-0.0793758
-0.079368
-0.0793597
-0.0793509
-0.0793414
-0.0792412
-0.0791453
-0.0790491
-0.078934
-0.0788048
-0.0786651
-0.0785019
-0.078404
-0.0783444
-0.0783067
-0.078282
-0.0782654
-0.078254
-0.0782463
-0.0782413
-0.0782385
-0.0782376
-0.0782383
-0.0782404
-0.0782439
-0.0782358
-0.0782401
-0.0782632
-0.0782873
-0.0783127
0.0731151
0.0730872
0.073032
0.0729564
0.0728735
0.0728174
0.0726957
0.072596
0.072506
0.0724252
0.0723586
0.0722973
0.0722433
0.0721965
0.0721571
0.0721253
0.0721016
0.0720863
0.0720782
0.0720701
0.0720617
0.072053
0.0720442
0.0720351
0.0720259
0.0720165
0.0720069
0.0719976
0.0719888
0.0719803
0.0719722
0.0719646
0.0719574
0.0719508
0.0719447
0.0719392
0.0719344
0.0719306
0.0719428
0.0719338
0.0719299
0.0719268
0.0719244
0.0719227
0.0719212
0.0719204
0.07192
0.0719116
0.0719025
0.0718937
0.0718852
0.0718762
0.0718697
0.0718652
0.0718691
0.0718635
0.0718543
0.0718428
0.0718296
0.0718151
0.0717998
0.0717839
0.0717676
0.0717511
0.0717346
0.0717182
0.071702
0.0716861
0.0716705
0.0716553
-0.0774629
-0.0774898
-0.0775355
-0.0774675
-0.0773757
-0.0772675
-0.0771676
-0.0770744
-0.0769875
-0.0769066
-0.0768366
-0.0767653
-0.0766976
-0.0766344
-0.0765784
-0.0765251
-0.0764749
-0.076434
-0.0763981
-0.0763642
-0.0763322
-0.076302
-0.0762734
-0.0762465
-0.076221
-0.076197
-0.0761744
-0.0761531
-0.076133
-0.0761142
-0.0760965
-0.0760799
-0.0760644
-0.0760499
-0.0760364
-0.0760238
-0.0760122
-0.0759802
-0.0759774
-0.0759751
-0.0759728
-0.0759704
-0.075968
-0.0759655
-0.0759629
-0.0759603
-0.0759577
-0.0759551
-0.0759524
-0.0759498
-0.0759472
-0.0759446
-0.075942
-0.0759394
-0.0759369
-0.0759344
-0.0759321
-0.0759299
-0.0759278
-0.0759263
-0.0759251
-0.0759222
-0.0759179
-0.0759126
-0.0759065
-0.0758998
-0.0758927
-0.0758854
-0.0758779
-0.0758704
0.0767301
0.076779
0.0768502
0.0769485
0.0770722
0.0772186
0.0773808
0.0772636
0.07716
0.0770767
0.077004
0.0769389
0.0768878
0.0768496
0.0768262
0.0768219
0.0768215
0.0768209
0.0768201
0.0768192
0.0768181
0.0768168
0.0768153
0.0768137
0.0768119
0.07681
0.0768079
0.0768057
0.0768034
0.076801
0.0767985
0.076796
0.0767934
0.0767908
0.0767882
0.0767855
0.076783
0.0767805
0.0767935
0.0767934
0.0767932
0.0767927
0.0767921
0.0767912
0.0767902
0.0767888
0.0767873
0.0767855
0.0767835
0.0767812
0.0767787
0.0767759
0.0767543
0.0767367
0.0767239
0.0767136
0.076705
0.0766974
0.0766906
0.0766844
0.0766788
0.0766737
0.0766691
0.0766664
0.0766643
0.0766628
0.076662
0.0766618
0.076662
0.0766624
-0.0718988
-0.0719295
-0.0719878
-0.0720693
-0.0721722
-0.0721386
-0.0720743
-0.0720246
-0.0719893
-0.0719673
-0.0719596
-0.0719581
-0.0719585
-0.0719608
-0.0719642
-0.0719679
-0.0719711
-0.071973
-0.0719727
-0.0719711
-0.0719694
-0.0719677
-0.071966
-0.0719642
-0.0719624
-0.0719605
-0.0719586
-0.0719568
-0.0719549
-0.071953
-0.0719512
-0.0719494
-0.0719476
-0.071946
-0.0719443
-0.0719428
-0.0719415
-0.07194
-0.0719383
-0.0719364
-0.0719343
-0.071932
-0.0719294
-0.0719267
-0.0719237
-0.0719204
-0.071917
-0.0719132
-0.0719092
-0.071905
-0.0719004
-0.0718386
-0.0717986
-0.0717743
-0.0717573
-0.0717445
-0.0717344
-0.0717261
-0.0717193
-0.0717137
-0.0717092
-0.0717057
-0.0717031
-0.0717014
-0.0717007
-0.0717008
-0.0717015
-0.0717027
-0.0717044
-0.0717065
0.0800005
0.080035
0.0800887
0.0801666
0.0802665
0.0803883
0.080528
0.0804112
0.0803159
0.0802366
0.0801723
0.0801225
0.080087
0.0800659
0.0800591
0.0800564
0.0800536
0.0800508
0.0800479
0.080045
0.080042
0.0800389
0.0800359
0.0800329
0.0800299
0.0800269
0.080024
0.0800212
0.0800185
0.0800159
0.0800134
0.0800112
0.0800092
0.0800075
0.0800055
0.0800031
0.0800004
0.0799973
0.0799939
0.0799901
0.0799859
0.0799813
0.0799763
0.0799709
0.079965
0.0799586
0.0799517
0.0799443
0.0799365
0.0798633
0.0797677
0.0796595
0.0795752
0.0795194
0.0794783
0.0794457
0.0794183
0.0793943
0.0793727
0.0793527
0.0793341
0.0793167
0.0793002
0.0792846
0.0792699
0.0792555
0.0792419
0.0792289
0.0792167
0.0792043
-0.0695337
-0.0695107
-0.0694667
-0.0694041
-0.0693243
-0.0692406
-0.0691625
-0.0690897
-0.0690214
-0.0689572
-0.0688967
-0.0688394
-0.0687849
-0.0687327
-0.0686818
-0.0686256
-0.0686315
-0.0686301
-0.0686287
-0.068627
-0.0686252
-0.0686233
-0.0686212
-0.0686189
-0.0686165
-0.0686139
-0.0686112
-0.0686082
-0.0686051
-0.0686019
-0.0685985
-0.068595
-0.0685914
-0.0685877
-0.0685838
-0.0685797
-0.0685756
-0.0685713
-0.0685668
-0.0685623
-0.0685576
-0.0685527
-0.0685477
-0.0685426
-0.0685374
-0.068532
-0.0685265
-0.068521
-0.0685153
-0.0685095
-0.0685037
-0.0684978
-0.0684917
-0.0684855
-0.0684792
-0.0684728
-0.0684664
-0.0684599
-0.0684534
-0.0684469
-0.0684405
-0.0684341
-0.0684278
-0.0684217
-0.0684162
-0.0683986
-0.0683968
-0.0683947
-0.0683922
-0.0683895
0.0837532
0.0837924
0.083865
0.0839664
0.084092
0.0842413
0.0844054
0.0842794
0.0841836
0.0841006
0.0840374
0.0839834
0.0839384
0.0839024
0.0838757
0.0838601
0.0838641
0.0838682
0.0838723
0.0838763
0.0838802
0.0838841
0.0838878
0.0838915
0.0838949
0.0838982
0.0839013
0.0839042
0.0839069
0.0839094
0.0839115
0.0839135
0.0839151
0.0839165
0.0839175
0.0839183
0.0839188
0.0839189
0.0839188
0.0839184
0.0839177
0.0839168
0.0839156
0.0839142
0.0839125
0.0839106
0.0839085
0.0839062
0.0839036
0.0839008
0.0838977
0.0838945
0.0838909
0.083887
0.0838829
0.0838784
0.0838737
0.0838688
0.0838636
0.0838582
0.0838525
0.0838467
0.0838406
0.0838345
0.0838281
0.0838217
0.0838152
0.0838088
0.0838024
0.0837961
-0.0654858
-0.0655057
-0.0655712
-0.0656865
-0.065817
-0.0658871
-0.0660793
-0.0662561
-0.0664627
-0.0666996
-0.0669632
-0.0672333
-0.0674837
-0.067627
-0.0677728
-0.0679117
-0.0680568
-0.0682056
-0.0684256
-0.0685985
-0.0687994
-0.0690025
-0.0692096
-0.0694381
-0.0694156
-0.0693162
-0.0692198
-0.0691259
-0.0690352
-0.068949
-0.0688688
-0.0687963
-0.0687779
-0.0687619
-0.0687485
-0.0687366
-0.0687322
-0.0687347
-0.0687384
-0.0687419
-0.0687452
-0.0687482
-0.068751
-0.0687536
-0.0687558
-0.0687578
-0.0687595
-0.0687609
-0.068762
-0.0687628
-0.0687634
-0.0687636
-0.0687634
-0.0687629
-0.0687619
-0.0687606
-0.0687589
-0.0687568
-0.0687544
-0.0687515
-0.0687483
-0.0687447
-0.0687406
-0.0687361
-0.0687313
-0.0687259
-0.0687202
-0.0687141
-0.0687075
-0.0687005
0.0870571
0.0870025
0.0869193
0.0867822
0.0866369
0.0864997
0.0863153
0.0864919
0.0865742
0.0866604
0.0867524
0.0868528
0.0869243
0.0868075
0.0866732
0.0865384
0.0864042
0.0862753
0.0861537
0.0860357
0.0859569
0.0859712
0.0859177
0.0858822
0.0858656
0.0858666
0.0858627
0.0858566
0.0858486
0.0858408
0.0858359
0.085829
0.085821
0.0858119
0.0858018
0.0857907
0.0857785
0.0857652
0.0857505
0.0857642
0.0857756
0.0857892
0.0858046
0.0858397
0.0858397
0.0858397
0.0858397
0.0858397
0.0858396
0.0858395
0.0858394
0.0858393
0.0858391
0.0858389
0.0858386
0.0858382
0.0858378
0.0858373
0.0858367
0.0858361
0.0858354
0.0858345
0.0858337
0.0858327
0.0858316
0.0858304
0.0858301
0.0858292
0.0858281
0.0858267
-0.0603129
-0.0603519
-0.0604672
-0.0605402
-0.0606637
-0.0607741
-0.0606921
-0.0606243
-0.0605706
-0.0605462
-0.0605427
-0.0605427
-0.0605427
-0.0605428
-0.0605428
-0.0605428
-0.0605429
-0.0605429
-0.060543
-0.060543
-0.0605431
-0.0605431
-0.0605432
-0.0605432
-0.0605433
-0.0605433
-0.0605434
-0.0605434
-0.0605434
-0.0605435
-0.0605435
-0.0605435
-0.0605435
-0.0605435
-0.0605435
-0.0605435
-0.0605435
-0.0605435
-0.0605434
-0.0605433
-0.0605432
-0.0605431
-0.060543
-0.0605428
-0.0605426
-0.0605424
-0.0605422
-0.0605419
-0.0605416
-0.0605413
-0.0605409
-0.0605405
-0.0605401
-0.0605396
-0.060539
-0.0605384
-0.0605377
-0.0605416
-0.0605413
-0.0605401
-0.0605413
-0.0605421
-0.0605425
-0.0605428
-0.0605429
-0.0605431
-0.0605432
-0.0605432
-0.0605433
-0.0605433
0.0937296
0.0937378
0.0937578
0.0937901
0.0938353
0.0938924
0.0939619
0.0940442
0.0941397
0.0942167
0.0941601
0.0941175
0.0940885
0.0940727
0.0940716
0.0940717
0.0940718
0.0940718
0.0940719
0.094072
0.094072
0.094072
0.0940721
0.0940721
0.0940721
0.0940721
0.0940722
0.0940722
0.0940722
0.0940723
0.0940723
0.0940723
0.0940724
0.0940724
0.0940724
0.0940725
0.0940725
0.0940725
0.0940725
0.0940726
0.0940726
0.0940726
0.0940726
0.0940726
0.0940726
0.0940726
0.0940725
0.0940725
0.0940725
0.0940724
0.0940724
0.0940723
0.0940722
0.0940721
0.094072
0.0940725
0.094073
0.0940733
0.0940738
0.0940741
0.0940739
0.0940738
0.0940748
0.094075
0.094075
0.0940749
0.0940749
0.0940748
0.0940746
0.0940744
-0.0520889
-0.0521026
-0.0522171
-0.0522443
-0.0522795
-0.0523263
-0.0523856
-0.0524568
-0.0525407
-0.0526282
-0.052564
-0.0525107
-0.0524699
-0.0524377
-0.0524175
-0.0524046
-0.0523995
-0.0523995
-0.0523995
-0.0523996
-0.0523996
-0.0523997
-0.0523997
-0.0523997
-0.0523998
-0.0523998
-0.0523998
-0.0523999
-0.0523999
-0.0524
-0.0524
-0.0524
-0.0524001
-0.0524001
-0.0524002
-0.0524002
-0.0524002
-0.0524003
-0.0524003
-0.0524003
-0.0524004
-0.0524004
-0.0524004
-0.0524004
-0.0524004
-0.0524005
-0.0524005
-0.0524005
-0.0524005
-0.0524005
-0.0524005
-0.0524005
-0.0524005
-0.0524005
-0.0524004
-0.0524004
-0.0524018
-0.0524028
-0.0524035
-0.0524035
-0.0524041
-0.0524043
-0.0524045
-0.0523969
-0.0523968
-0.0523968
-0.0523968
-0.0523967
-0.0523967
-0.0523966
0.10198
0.101929
0.101969
0.102005
0.102054
0.102116
0.102191
0.10228
0.102381
0.102466
0.102405
0.102358
0.102326
0.102307
0.102301
0.102301
0.102301
0.102301
0.102301
0.102301
0.102301
0.102301
0.102301
0.102301
0.102301
0.102301
0.102301
0.102301
0.102301
0.102302
0.102302
0.102302
0.102302
0.102302
0.102302
0.102302
0.102302
0.102302
0.102302
0.102302
0.102302
0.102302
0.102301
0.102301
0.102301
0.102301
0.102301
0.102301
0.102301
0.102301
0.102301
0.102301
0.102301
0.1023
0.1023
0.1023
0.1023
0.102301
0.102301
0.102302
0.102302
0.102303
0.102304
0.102304
0.102305
0.102306
0.102306
0.102307
0.102308
0.102309
-0.0438281
-0.0438755
-0.0440277
-0.0440878
-0.0441415
-0.0442066
-0.0442841
-0.0443738
-0.0444758
-0.0445832
-0.0445034
-0.0444418
-0.0443997
-0.0443677
-0.0443498
-0.044348
-0.044348
-0.044348
-0.044348
-0.0443481
-0.0443481
-0.0443481
-0.0443481
-0.0443482
-0.0443482
-0.0443482
-0.0443483
-0.0443483
-0.0443483
-0.0443484
-0.0443484
-0.0443484
-0.0443484
-0.0443485
-0.0443485
-0.0443485
-0.0443485
-0.0443486
-0.0443486
-0.0443486
-0.0443486
-0.0443486
-0.0443486
-0.0443486
-0.0443486
-0.0443486
-0.0443486
-0.0443486
-0.0443486
-0.0443486
-0.0443486
-0.0443485
-0.0443485
-0.0443485
-0.0443484
-0.0443503
-0.0443518
-0.0443529
-0.0443539
-0.0443549
-0.0443558
-0.0443566
-0.0443567
-0.0443569
-0.0443564
-0.0443429
-0.0443429
-0.0443428
-0.0443428
-0.0443427
0.110194
0.110141
0.110181
0.110221
0.110274
0.11034
0.11042
0.110513
0.110619
0.110707
0.110643
0.110593
0.110557
0.110535
0.110526
0.110526
0.110526
0.110526
0.110526
0.110526
0.110526
0.110526
0.110526
0.110526
0.110526
0.110526
0.110526
0.110526
0.110526
0.110526
0.110526
0.110526
0.110526
0.110526
0.110526
0.110526
0.110526
0.110526
0.110526
0.110526
0.110526
0.110526
0.110526
0.110526
0.110526
0.110526
0.110526
0.110526
0.110525
