0.000872857
0.0008273
0.000768841
0.000714751
0.000672763
0.000625894
0.000582478
0.000542031
0.000504662
0.000469797
0.000437512
0.000407425
0.000379479
0.000353452
0.000329224
0.000306665
0.000285658
0.000266099
0.000247893
0.000230955
0.000215206
0.000200573
0.000186991
0.000174397
0.000162735
0.000151947
0.000141977
0.000132778
0.000124301
0.000116497
0.000109318
0.000102716
9.66461e-05
9.10859e-05
8.5962e-05
8.12357e-05
7.68719e-05
7.2833e-05
6.90844e-05
6.55945e-05
6.23345e-05
5.92793e-05
5.6407e-05
5.3699e-05
5.11399e-05
4.87176e-05
4.64227e-05
4.42485e-05
4.21904e-05
4.02459e-05
3.84139e-05
3.66942e-05
3.50873e-05
3.35939e-05
3.22146e-05
3.09492e-05
2.97969e-05
2.87565e-05
2.78254e-05
2.69991e-05
2.62724e-05
2.56386e-05
2.50902e-05
2.46185e-05
2.42143e-05
2.38677e-05
2.35689e-05
2.33075e-05
2.30741e-05
2.28597e-05
2.26603e-05
2.2497e-05
2.45558e-05
2.42801e-05
2.40243e-05
2.37596e-05
1.96999e-05
1.39121e-05
1.42443e-05
1.45198e-05
1.4747e-05
1.49345e-05
1.50907e-05
1.52239e-05
1.53421e-05
1.54523e-05
1.55609e-05
1.56733e-05
1.57943e-05
1.59265e-05
1.60716e-05
1.62301e-05
1.64016e-05
1.65847e-05
1.67769e-05
1.69741e-05
1.71737e-05
1.73717e-05
1.75639e-05
1.77462e-05
1.79147e-05
1.80661e-05
1.81976e-05
1.83072e-05
1.83935e-05
1.8456e-05
1.84951e-05
1.8512e-05
1.85086e-05
1.84875e-05
1.84517e-05
1.84047e-05
1.83503e-05
1.82925e-05
1.8235e-05
1.81813e-05
1.81347e-05
1.80979e-05
1.8073e-05
1.80618e-05
1.8065e-05
1.80828e-05
1.81177e-05
1.81189e-05
1.81342e-05
1.81614e-05
1.81972e-05
1.82382e-05
1.82984e-05
1.83831e-05
1.84617e-05
1.80135e-05
1.75062e-05
1.71126e-05
1.69006e-05
1.68966e-05
1.70626e-05
1.72087e-05
1.73363e-05
1.74471e-05
1.75482e-05
1.76153e-05
3.25709e-05
5.00646e-05
6.32606e-05
7.34736e-05
8.15213e-05
8.74581e-05
8.24129e-05
7.20092e-05
5.44458e-05
3.03573e-05
6.59515e-06
-1.37662e-05
-2.10922e-05
-2.06385e-05
-1.78541e-05
-1.52585e-05
-1.2851e-05
-1.06176e-05
-8.54484e-06
-6.61945e-06
-4.8304e-06
-3.16746e-06
-1.62117e-06
-1.82773e-07
1.1558e-06
2.40193e-06
3.56242e-06
4.64342e-06
5.65057e-06
6.58897e-06
7.46326e-06
8.27767e-06
9.03603e-06
9.74184e-06
1.03983e-05
1.10084e-05
1.15749e-05
1.21003e-05
1.25872e-05
1.30377e-05
1.34542e-05
1.38388e-05
1.41936e-05
1.45206e-05
1.4822e-05
1.50996e-05
1.53553e-05
1.55924e-05
1.58123e-05
1.60259e-05
1.62185e-05
1.6397e-05
1.6569e-05
1.67351e-05
1.68953e-05
1.70493e-05
1.71977e-05
1.73408e-05
1.74789e-05
1.76214e-05
1.77586e-05
1.78906e-05
1.80175e-05
1.81393e-05
1.8256e-05
1.83674e-05
1.84735e-05
1.85742e-05
1.86692e-05
2.13296e-05
2.25415e-05
2.24118e-05
2.23049e-05
2.22085e-05
1.65041e-05
7.66772e-06
-3.17646e-06
-1.54313e-05
-2.87295e-05
-4.28146e-05
-5.7489e-05
-7.2585e-05
-8.79327e-05
-0.000102916
-0.000121365
-0.000138294
-0.000153867
-0.000168354
-0.000182346
-0.000183723
-0.000172428
-0.000159051
-0.000146628
-0.000135086
-0.00012436
-0.000114389
-0.000105118
-9.64945e-05
-8.84738e-05
-8.10134e-05
-7.40747e-05
-6.76227e-05
-6.16251e-05
-5.6053e-05
-5.46286e-05
-5.21969e-05
-4.84787e-05
-4.38704e-05
-3.96035e-05
-3.56554e-05
-3.20047e-05
-2.86308e-05
-2.5514e-05
-2.26435e-05
-1.99928e-05
-1.75462e-05
-1.52899e-05
-1.32074e-05
-1.12833e-05
-9.50501e-06
-7.85444e-06
-6.32083e-06
-4.89372e-06
-3.5634e-06
-2.32114e-06
-1.1592e-06
-7.08394e-08
9.49719e-07
1.90736e-06
2.80615e-06
3.64945e-06
4.43999e-06
5.18e-06
5.87285e-06
6.51415e-06
7.11023e-06
7.6621e-06
8.17118e-06
-3.43988e-05
-3.09664e-05
-2.78008e-05
-2.48818e-05
-2.21895e-05
-1.97099e-05
-2.12236e-05
-2.71093e-05
-3.41316e-05
-4.1652e-05
-4.92788e-05
-5.67293e-05
-6.37473e-05
-7.02453e-05
-7.61359e-05
-8.13139e-05
-8.56871e-05
-8.91767e-05
-9.17224e-05
-9.32908e-05
-9.38018e-05
-9.31882e-05
-9.13921e-05
-8.83633e-05
-8.40581e-05
-7.84376e-05
-7.20782e-05
-6.61661e-05
-6.06703e-05
-5.55626e-05
-5.08169e-05
-4.6409e-05
-4.23167e-05
-3.8519e-05
-3.49967e-05
-3.17316e-05
-2.87066e-05
-2.59057e-05
-2.33117e-05
-1.30029e-05
-1.13444e-05
-9.81248e-06
-8.3979e-06
-7.09163e-06
-5.88506e-06
-4.7701e-06
-3.73908e-06
-2.78306e-06
-1.8969e-06
-1.07455e-06
-3.10319e-07
4.01161e-07
1.06316e-06
1.68015e-06
2.26354e-06
2.81412e-06
3.33348e-06
3.82364e-06
4.28621e-06
4.72252e-06
5.1336e-06
5.52031e-06
5.88335e-06
6.22331e-06
6.54076e-06
6.83628e-06
7.11045e-06
7.36398e-06
7.59762e-06
7.81228e-06
8.00895e-06
1.61314e-05
2.82144e-05
3.54106e-05
3.85904e-05
3.66394e-05
2.87839e-05
1.75695e-05
4.49429e-06
-9.83067e-06
-2.50671e-05
-4.13094e-05
-5.83684e-05
-7.58654e-05
-9.35697e-05
-0.000111378
-0.00012919
-0.000146739
-0.000163508
-0.000179308
-0.000194153
-0.000208049
-0.000221
-0.000233008
-0.000244079
-0.000254219
-0.000263437
-0.000271746
-0.000279164
-0.000285707
-0.000291401
-0.00029627
-0.000300344
-0.000303657
-0.000306248
-0.000308164
-0.000309462
-0.000287384
-0.000275653
-0.000258187
-0.000239775
-0.000222676
-0.000206795
-0.000192047
-0.000178351
-0.000165633
-0.000153825
-0.000142862
-0.000132687
-0.000123244
-0.000114482
-0.000106354
-9.88147e-05
-9.18237e-05
-8.53419e-05
-7.93331e-05
-7.37631e-05
-6.86002e-05
-6.38145e-05
-5.93777e-05
-5.52684e-05
-5.14605e-05
-4.79309e-05
-4.46584e-05
-4.1623e-05
-3.88065e-05
-3.61918e-05
-3.37634e-05
-3.15071e-05
-2.94097e-05
-2.74597e-05
-2.22182e-05
-1.84798e-05
-1.63557e-05
-1.52114e-05
-1.38408e-05
-1.29986e-05
-1.4954e-05
-1.78526e-05
-2.07374e-05
-2.33159e-05
-2.53837e-05
-2.66284e-05
-2.68602e-05
-2.58963e-05
-2.42369e-05
-2.27038e-05
-2.12876e-05
-1.99794e-05
-1.87706e-05
-1.76533e-05
-1.66197e-05
-1.5663e-05
-1.47765e-05
-1.39542e-05
-1.31906e-05
-1.24806e-05
-1.18197e-05
-1.12038e-05
-1.06295e-05
-1.00936e-05
-9.59328e-06
-9.1263e-06
-8.6906e-06
-8.28447e-06
-7.90644e-06
-7.55523e-06
-7.22972e-06
-6.92754e-06
-7.99782e-06
-7.79363e-06
-7.45843e-06
-7.15051e-06
-6.86836e-06
-6.61051e-06
-6.37541e-06
-6.1615e-06
-5.96715e-06
-5.79074e-06
-5.63065e-06
-5.48525e-06
-5.35298e-06
-5.22759e-06
-5.11127e-06
-5.00247e-06
-4.89987e-06
-4.80239e-06
-4.70912e-06
-4.61935e-06
-4.53251e-06
-4.44819e-06
-4.36614e-06
-4.28624e-06
-4.20866e-06
-4.13332e-06
-4.0604e-06
-3.99015e-06
-3.92285e-06
-3.85939e-06
-3.80001e-06
-3.74481e-06
-1.31645e-06
-5.86963e-07
-7.56797e-07
-9.1487e-07
-3.01509e-06
-4.72745e-06
-6.31285e-06
-7.13333e-06
-7.1362e-06
-6.86165e-06
-6.60869e-06
-6.37532e-06
-6.15964e-06
-5.95982e-06
-5.77415e-06
-5.60105e-06
-5.43911e-06
-5.28705e-06
-5.14383e-06
-5.00857e-06
-4.88047e-06
-4.75889e-06
-4.64331e-06
-4.53334e-06
-4.42869e-06
-4.32918e-06
-4.23468e-06
-4.14515e-06
-4.06054e-06
-3.98086e-06
-3.9061e-06
-3.83622e-06
-3.77117e-06
-3.71085e-06
-3.65508e-06
-3.60488e-06
-3.56001e-06
-3.52012e-06
-3.4848e-06
-3.4536e-06
-3.42605e-06
-3.40167e-06
-3.37996e-06
-3.36042e-06
-3.34258e-06
-3.326e-06
-3.31026e-06
-3.29501e-06
-3.27994e-06
-3.26481e-06
-3.25652e-06
-3.24975e-06
-3.24362e-06
-3.23823e-06
-3.23389e-06
-3.23076e-06
-3.22892e-06
-3.22845e-06
-3.22942e-06
-3.2319e-06
-3.23597e-06
-3.24169e-06
-3.24911e-06
-3.25829e-06
-3.26922e-06
-3.28142e-06
-3.29474e-06
-3.30917e-06
-3.32462e-06
-3.34063e-06
-5.66209e-07
5.04906e-07
2.11931e-07
-6.17988e-08
-3.17536e-07
-5.56393e-07
-2.83697e-06
-6.667e-06
-1.05971e-05
-1.42697e-05
-1.73875e-05
-1.97094e-05
-2.10384e-05
-2.12109e-05
-2.00663e-05
-1.8936e-05
-1.7888e-05
-1.69159e-05
-1.60141e-05
-1.51771e-05
-1.44e-05
-1.36785e-05
-1.30083e-05
-1.23859e-05
-1.18078e-05
-1.12711e-05
-1.0773e-05
-1.0311e-05
-9.88282e-06
-9.48642e-06
-9.11992e-06
-8.78157e-06
-8.46834e-06
-8.17865e-06
-7.91115e-06
-7.66455e-06
-7.43756e-06
-7.22896e-06
-7.03755e-06
-6.86213e-06
-6.70155e-06
-6.55467e-06
-6.42038e-06
-6.2976e-06
-6.1853e-06
-6.08249e-06
-5.98805e-06
-5.90108e-06
-5.81382e-06
-5.72929e-06
-5.64796e-06
-5.57096e-06
-5.49808e-06
-5.42836e-06
-5.3613e-06
-5.29664e-06
-5.23425e-06
-5.17409e-06
-5.11619e-06
-5.0606e-06
-5.00743e-06
-4.95677e-06
-4.90872e-06
-4.86337e-06
-4.82079e-06
-4.78102e-06
-4.74406e-06
-4.70989e-06
-4.67845e-06
-4.64806e-06
-2.22007e-06
-1.2092e-06
-1.42541e-06
-1.6264e-06
-1.81296e-06
-6.68613e-06
-1.36875e-05
-2.1705e-05
-3.01846e-05
-3.88125e-05
-4.73942e-05
-5.5807e-05
-6.39871e-05
-7.19546e-05
-6.72414e-05
-6.27536e-05
-5.87011e-05
-5.49378e-05
-5.14416e-05
-4.8192e-05
-4.51702e-05
-4.2359e-05
-3.97428e-05
-3.7307e-05
-3.50389e-05
-3.29264e-05
-3.09589e-05
-2.91266e-05
-2.74209e-05
-2.58337e-05
-2.43577e-05
-2.2986e-05
-2.17124e-05
-2.05311e-05
-1.94364e-05
-1.84232e-05
-1.74864e-05
-1.66211e-05
-1.58226e-05
-1.50863e-05
-1.44076e-05
-1.37821e-05
-1.32056e-05
-1.26739e-05
-1.2183e-05
-1.17291e-05
-1.13085e-05
-1.09179e-05
-1.05541e-05
-1.02142e-05
-9.89558e-06
-9.59558e-06
-9.31229e-06
-9.04406e-06
-8.78948e-06
-8.54743e-06
-8.31702e-06
-8.09756e-06
-7.8886e-06
-7.68983e-06
-7.50104e-06
-7.32214e-06
-7.15306e-06
-6.99373e-06
-6.84652e-06
-7.94521e-06
-7.73078e-06
-7.53293e-06
-7.35063e-06
-9.00431e-06
-6.99188e-06
-6.86734e-06
-6.75696e-06
-6.65921e-06
-6.57266e-06
-6.49602e-06
-8.63663e-06
-1.45912e-05
-1.83587e-05
-2.16202e-05
-2.4125e-05
-2.56605e-05
-2.60468e-05
-2.51403e-05
-2.37812e-05
-2.25176e-05
-2.20229e-05
-2.08881e-05
-1.98336e-05
-1.88535e-05
-1.79425e-05
-1.70957e-05
-1.63088e-05
-1.55778e-05
-1.48992e-05
-1.42699e-05
-1.36868e-05
-1.31472e-05
-1.26486e-05
-1.21888e-05
-1.17653e-05
-1.13761e-05
-1.1019e-05
-1.06922e-05
-1.03934e-05
-1.01209e-05
-9.87264e-06
-9.64652e-06
-9.44069e-06
-9.25337e-06
-9.08272e-06
-8.927e-06
-8.78467e-06
-8.65428e-06
-8.53449e-06
-8.42407e-06
-8.32195e-06
-8.22719e-06
-8.13897e-06
-8.05664e-06
-7.97971e-06
-7.90836e-06
-7.84214e-06
-7.78084e-06
-7.72434e-06
-7.67265e-06
-7.62582e-06
-7.58395e-06
-7.54715e-06
-7.51554e-06
-7.4892e-06
-7.4682e-06
-7.45256e-06
-7.44224e-06
-7.43716e-06
-7.43717e-06
-7.44208e-06
-7.45162e-06
-7.46549e-06
-7.48345e-06
-7.50632e-06
-7.52927e-06
-7.55628e-06
1.85744e-05
5.56706e-05
8.66231e-05
0.000111542
0.000132048
0.000149133
0.00016551
0.00015338
0.000142135
0.000131707
0.000122035
0.00011306
0.000104728
9.69881e-05
8.9798e-05
8.31128e-05
7.68965e-05
7.11138e-05
6.57333e-05
6.07246e-05
4.51739e-05
3.12093e-05
1.87759e-05
7.6855e-06
-2.14758e-06
-1.07297e-05
-1.80253e-05
-2.39794e-05
-2.79557e-05
-2.98163e-05
-2.94405e-05
-2.77409e-05
-2.61478e-05
-2.46518e-05
-2.32452e-05
-2.19212e-05
-2.06743e-05
-1.95e-05
-1.83946e-05
-1.73553e-05
-1.63799e-05
-1.54667e-05
-1.46142e-05
-1.38212e-05
-1.30865e-05
-1.24086e-05
-1.17863e-05
-1.12175e-05
-1.06998e-05
-1.0231e-05
-9.80804e-06
-9.42787e-06
-9.0869e-06
-8.78131e-06
-8.50726e-06
-8.26063e-06
-8.03727e-06
-7.83313e-06
-7.64429e-06
-7.46711e-06
-7.2983e-06
-7.13493e-06
-6.97454e-06
-6.8152e-06
-6.65544e-06
-6.49434e-06
-6.33232e-06
-6.16808e-06
-6.00389e-06
-5.84136e-06
-5.68237e-06
-5.5253e-06
-5.37109e-06
8.23771e-05
0.000170951
0.000257233
0.000343292
0.00043014
0.000512103
0.000590842
0.000654409
0.00066647
0.000637875
0.000593291
0.00055078
0.000512407
0.000476753
0.000434869
0.000398679
0.000365072
0.000334188
0.000306154
0.000284899
0.000265111
0.000246688
0.000229542
0.000213591
0.000198758
0.000184975
0.000172178
0.00016031
0.000149314
0.000139138
0.000129732
0.000121048
0.000111491
0.000102488
9.42121e-05
8.65609e-05
8.12451e-05
7.48596e-05
7.02919e-05
6.62708e-05
6.25656e-05
5.91445e-05
5.59776e-05
5.3037e-05
5.02973e-05
4.77353e-05
4.53309e-05
4.30664e-05
4.0927e-05
3.89004e-05
3.69769e-05
3.51491e-05
3.34117e-05
3.17613e-05
3.01961e-05
2.87155e-05
2.73198e-05
2.60098e-05
2.47866e-05
2.36547e-05
2.26141e-05
2.16649e-05
2.08065e-05
2.00372e-05
2.15399e-05
2.07876e-05
2.71309e-05
3.51609e-05
3.35665e-05
3.15923e-05
3.00064e-05
2.88722e-05
2.78405e-05
2.68975e-05
2.60304e-05
2.52278e-05
2.44787e-05
2.37738e-05
2.31045e-05
2.2464e-05
2.18467e-05
2.12481e-05
2.06655e-05
2.00972e-05
1.95428e-05
1.90029e-05
1.84788e-05
1.79728e-05
1.74877e-05
1.70263e-05
1.65917e-05
1.61871e-05
1.58151e-05
1.54781e-05
1.51779e-05
1.49156e-05
1.46916e-05
1.45056e-05
1.43564e-05
1.4242e-05
1.41598e-05
1.41066e-05
1.40785e-05
1.40713e-05
1.40805e-05
1.41015e-05
1.41296e-05
1.41604e-05
1.41897e-05
1.42138e-05
1.42295e-05
1.42343e-05
1.42263e-05
1.42042e-05
1.41678e-05
1.41176e-05
1.40545e-05
1.39802e-05
1.38968e-05
1.38068e-05
1.37118e-05
1.36089e-05
1.35047e-05
1.34029e-05
1.33065e-05
1.32187e-05
1.31433e-05
1.30824e-05
1.30375e-05
1.30092e-05
1.29976e-05
1.30023e-05
1.30224e-05
1.30563e-05
1.98867e-05
2.70606e-05
3.02091e-05
3.02055e-05
3.00025e-05
2.96443e-05
2.91496e-05
2.85259e-05
2.75381e-05
2.45787e-05
1.97777e-05
1.30846e-05
4.49009e-06
-5.40435e-06
-1.2673e-05
-1.9011e-05
-2.38287e-05
-2.70223e-05
-2.84926e-05
-2.81493e-05
-2.59097e-05
-2.32189e-05
-2.07226e-05
-1.84035e-05
-1.62455e-05
-1.42341e-05
-1.23562e-05
-1.06001e-05
-8.95532e-06
-7.41289e-06
-5.96501e-06
-4.60502e-06
-3.32733e-06
-2.12728e-06
-1.001e-06
5.46727e-08
1.04239e-06
1.96438e-06
2.82262e-06
3.61894e-06
4.35513e-06
5.03303e-06
5.65465e-06
6.22221e-06
6.73816e-06
7.20525e-06
7.6265e-06
8.0052e-06
8.34489e-06
8.64926e-06
8.92213e-06
9.16705e-06
9.38794e-06
9.58858e-06
9.7767e-06
9.95379e-06
1.01227e-05
1.02861e-05
1.04462e-05
1.06015e-05
1.07559e-05
1.09121e-05
1.10644e-05
1.12156e-05
1.13655e-05
1.15136e-05
1.16592e-05
1.18013e-05
1.19389e-05
1.20705e-05
1.88778e-05
1.85228e-05
2.84159e-05
3.73434e-05
4.17442e-05
4.25128e-05
4.30299e-05
4.34016e-05
4.1319e-05
3.726e-05
3.13294e-05
2.35563e-05
1.39556e-05
5.3582e-06
-1.50294e-06
-6.76763e-06
-1.03167e-05
-1.20447e-05
-1.18546e-05
-1.01224e-05
-8.51454e-06
-7.01958e-06
-5.62717e-06
-4.32788e-06
-3.11323e-06
-1.97569e-06
-9.08679e-07
9.35232e-08
1.03579e-06
1.9222e-06
2.75616e-06
3.54045e-06
4.27729e-06
4.9685e-06
5.61553e-06
6.21962e-06
6.78182e-06
7.30313e-06
7.78458e-06
8.22725e-06
8.63237e-06
9.00136e-06
9.33583e-06
9.63762e-06
9.9088e-06
1.01517e-05
1.03686e-05
1.05623e-05
1.07355e-05
1.08908e-05
1.10311e-05
1.11593e-05
1.12779e-05
1.13895e-05
1.14961e-05
1.15976e-05
1.16965e-05
1.1794e-05
1.18943e-05
1.1995e-05
1.20975e-05
1.2202e-05
1.23074e-05
1.2412e-05
1.25137e-05
1.26139e-05
1.27123e-05
1.28072e-05
1.28969e-05
1.29833e-05
1.3062e-05
3.24211e-05
4.62086e-05
5.59671e-05
6.22081e-05
6.6593e-05
7.08004e-05
7.48803e-05
7.06022e-05
6.63798e-05
6.05172e-05
5.29264e-05
4.56539e-05
3.9416e-05
3.43491e-05
3.0631e-05
2.84203e-05
2.74102e-05
2.64696e-05
2.55947e-05
2.47822e-05
2.40292e-05
2.33326e-05
2.26897e-05
2.20978e-05
2.15542e-05
2.10561e-05
2.06009e-05
2.01857e-05
1.98076e-05
1.94639e-05
1.91514e-05
1.88675e-05
1.86091e-05
1.83734e-05
1.81577e-05
1.79594e-05
1.7776e-05
1.76055e-05
1.74456e-05
1.72948e-05
1.71515e-05
1.70145e-05
1.68829e-05
1.67561e-05
1.66337e-05
1.65154e-05
1.64014e-05
1.62918e-05
1.6187e-05
1.60875e-05
1.59932e-05
1.59048e-05
1.58278e-05
1.57596e-05
1.57003e-05
1.56503e-05
1.56093e-05
1.55774e-05
1.55543e-05
1.55395e-05
1.55324e-05
1.55325e-05
1.55388e-05
1.55507e-05
1.55673e-05
1.55816e-05
1.55936e-05
1.56027e-05
1.56083e-05
1.56113e-05
1.56134e-05
3.94735e-05
6.03087e-05
7.63642e-05
8.85322e-05
9.92899e-05
0.000109946
0.000106204
9.98734e-05
9.39993e-05
8.81334e-05
8.22425e-05
7.76284e-05
7.33412e-05
6.93566e-05
6.56524e-05
6.22081e-05
5.9005e-05
5.60262e-05
5.3256e-05
5.06802e-05
4.82859e-05
4.6061e-05
4.39946e-05
4.20767e-05
4.02978e-05
3.86491e-05
3.71225e-05
3.57102e-05
3.44048e-05
3.31994e-05
3.20873e-05
3.1062e-05
3.01173e-05
2.92473e-05
2.84462e-05
2.77084e-05
2.70288e-05
2.64022e-05
2.5824e-05
2.52897e-05
2.47951e-05
2.43364e-05
2.391e-05
2.35129e-05
2.31422e-05
2.27955e-05
2.24705e-05
2.21655e-05
2.18789e-05
2.16099e-05
2.13575e-05
2.11209e-05
2.08964e-05
2.06843e-05
2.04844e-05
2.02968e-05
2.01212e-05
1.99575e-05
1.98056e-05
1.62484e-05
1.56204e-05
1.57942e-05
1.59593e-05
1.59426e-05
1.61085e-05
1.62669e-05
1.64133e-05
1.65589e-05
1.66963e-05
3.61881e-05
5.00808e-05
5.99556e-05
6.63239e-05
7.075e-05
7.50026e-05
7.91323e-05
7.49125e-05
7.07383e-05
6.49163e-05
5.73611e-05
5.01477e-05
4.39561e-05
3.89273e-05
3.524e-05
3.30523e-05
3.20784e-05
3.11671e-05
3.03149e-05
2.95185e-05
2.87752e-05
2.80827e-05
2.74389e-05
2.68418e-05
2.62897e-05
2.57808e-05
2.53133e-05
2.48854e-05
2.44953e-05
2.41409e-05
2.38202e-05
2.35308e-05
2.32704e-05
2.30367e-05
2.2827e-05
2.26388e-05
2.24696e-05
2.23169e-05
2.21783e-05
2.20515e-05
2.19343e-05
2.18249e-05
2.17215e-05
2.16227e-05
2.15274e-05
2.14346e-05
2.13438e-05
