0
-0.000305994
-0.000206331
-0.000119153
-0.00195208
-0.0381751
-0.0637611
-0.0405774
-0.0722154
-0.0158072
-0.0484061
-0.0101608
-0.0188405
-0.00987973
-0.0064976
-0.00842649
-0.0102153
-0.0119719
-0.0137196
-0.0154675
-0.0172178
-0.0185899
-0.0209772
-0.0216918
-0.0252181
-0.0262495
-0.0291338
-0.0308717
-0.0325816
-0.0342414
-0.0358374
-0.0373614
-0.0387946
-0.0500567
-0.0316334
-0.0301822
-0.0311752
-0.0321956
-0.0330778
-0.0338917
-0.0346088
-0.0352123
-0.0356973
-0.0360677
-0.0363286
-0.0364859
-0.0365454
-0.0365127
-0.0363935
-0.0361605
-0.0358461
-0.0354855
-0.0350862
-0.0346441
-0.0341413
-0.0338247
-0.0338369
-0.0328351
-0.0317788
-0.0309166
-0.0300782
-0.0292074
-0.028293
-0.0273322
-0.0263236
-0.0252658
-0.0241977
-0.0229787
-0.0217812
-0.020521
-0.019204
0.000111117
-0.00457588
-0.00336073
-0.00161883
-0.000251456
0.000886849
0.00219391
0.000506159
0.00212162
0.0037217
0.00531527
0.00690616
0.00849759
0.0100928
0.0116951
0.0133077
0.0149337
0.0162882
0.0177728
0.0190973
0.0204451
0.0218181
0.0232182
0.024647
0.0261414
0.0276311
0.0290659
0.0304398
0.031855
0.0333074
0.0347981
0.0363331
0.0379099
0.0395261
0.0411803
0.0428726
0.044605
0.0463811
0.0482063
0.0500877
0.0520339
0.055011
0.0575635
0.0601811
0.062868
0.0656283
0.0684662
0.0713857
0.0743907
0.0774853
0.0805837
0.0845397
0.0715658
0.0635321
0.0548835
0.0458226
0.0364942
0.0350565
0.0400412
0.0461138
0.0503925
0.0546987
0.0589788
0.0632096
0.0673793
0.0713641
0.0744571
0.077056
0.0796468
0.0822314
0.0775255
0.0559462
0.0525754
0.049845
0.0454038
0.038406
0.0314728
0.0201776
0.00753895
-0.00203034
-0.0114903
-0.0216017
-0.0304934
-0.0319384
-0.0359064
-0.0387787
-0.0414428
-0.0443915
-0.0473672
-0.050362
-0.0533652
-0.0564078
-0.0594921
-0.0626203
-0.0657949
-0.0690182
-0.0722927
-0.0756209
-0.0790054
-0.0824431
-0.0859373
-0.0894986
-0.0931259
-0.0968185
-0.100577
-0.104403
-0.108299
-0.112268
-0.116313
-0.120439
-0.124652
-0.128958
-0.133366
-0.137884
-0.142521
-0.147286
-0.152192
-0.157264
-0.157124
-0.132083
-0.110514
-0.106552
-0.101743
-0.0967126
-0.0898904
-0.0822698
-0.0764525
-0.0704301
-0.0642802
-0.0580389
-0.0285951
-0.0221844
-0.0156823
-0.00909006
-0.00240662
0.00437021
0.0112433
0.0182158
0.0252915
0.0324743
0.0417814
0.0515979
0.0608494
0.0699442
0.0781912
0.0849157
0.0920148
0.0993216
0.106779
0.114369
0.122095
0.12997
0.138021
0.146315
0.1555
0.157363
0.159459
0.161715
0.164121
0.166809
0.167432
0.170363
0.173238
0.176178
0.179176
0.182291
0.18441
0.186606
0.188926
0.191417
0.194058
0.196854
0.199798
0.202888
0.20265
0.209705
0.213552
0.217575
0.221652
0.225703
0.229937
0.234352
0.238947
0.243729
0.224683
0.213856
0.20479
0.197352
0.190014
0.182826
0.174977
0.171641
0.166764
0.160872
0.154448
0.147746
0.140902
0.133988
0.127042
0.120088
0.113129
0.106165
0.0991945
0.0922166
0.0922008
0.0795486
0.0720884
0.0653837
0.0586523
0.0519412
0.0444501
0.0370562
0.030159
0.0238279
0.0189238
0.00962363
0.00358922
-0.0033386
-0.0100336
-0.0163696
-0.0229548
-0.0294398
-0.035637
-0.0417553
-0.0478154
-0.0538278
-0.0598017
-0.0658679
-0.0725114
-0.0792598
-0.0860858
-0.0929868
-0.099964
-0.10702
-0.11416
-0.121801
-0.129377
-0.137045
-0.144807
-0.15266
-0.160609
-0.168665
-0.176828
-0.185097
-0.193471
-0.201947
-0.210501
-0.210255
-0.226455
-0.234422
-0.241851
-0.249501
-0.257383
-0.265483
-0.27382
-0.282405
-0.291407
-0.300538
-0.309377
-0.318523
-0.327914
-0.339235
-0.350279
-0.3234
-0.314462
-0.304986
-0.295154
-0.285215
-0.275273
-0.265378
-0.255553
-0.245805
-0.236139
-0.226557
-0.217057
-0.207639
-0.198298
-0.189033
-0.179839
-0.170714
-0.162127
-0.152741
-0.135475
-0.125321
-0.115789
-0.108412
-0.100785
-0.0928039
-0.0848623
-0.0772009
-0.0693932
-0.0618496
-0.0542487
-0.0466783
-0.0389557
-0.0312975
-0.0238869
-0.01623
-0.00845877
-0.000697979
0.0070567
0.0148119
0.0225744
0.0303511
0.0381483
0.0459724
0.0538298
0.0617265
0.0696685
0.0776558
0.0856947
0.0937985
0.101969
0.110206
0.118513
0.126891
0.126755
0.139602
0.145822
0.151757
0.158111
0.164577
0.171187
0.177955
0.184839
0.191819
0.198972
0.206315
0.213858
0.221612
0.229469
0.238779
0.247669
0.25639
0.265087
0.273854
0.282765
0.291905
0.301551
0.278487
0.26683
0.255216
0.24366
0.23217
0.220748
0.209391
0.198098
0.186864
0.175685
0.164555
0.156607
0.145864
0.137469
0.128148
0.11918
0.110058
0.0878408
0.0787308
0.0688979
0.0588604
0.0500273
0.0415379
0.033087
0.0250292
0.0173413
0.00888452
0.000212773
-0.00845636
-0.0171327
-0.0258244
-0.0345384
-0.0432815
-0.0520601
-0.0608805
-0.0697489
-0.0786719
-0.087656
-0.0967078
-0.105834
-0.115037
-0.124323
-0.133709
-0.143197
-0.152793
-0.162503
-0.172336
-0.182302
-0.182095
-0.187778
-0.190359
-0.193147
-0.196087
-0.199187
-0.202445
-0.205868
-0.209463
-0.213238
-0.2172
-0.221355
-0.225705
-0.230181
-0.206671
-0.200101
-0.19297
-0.184624
-0.175698
-0.166484
-0.157128
-0.14771
-0.138271
-0.128826
-0.119378
-0.110056
-0.100635
-0.0912207
-0.0817956
-0.0723571
-0.0665403
-0.0606672
-0.0547493
-0.0494632
-0.043485
-0.0375076
-0.0314405
-0.0168159
-0.00867964
-0.00351224
0.0016483
0.00680505
0.0119236
0.017574
0.0234457
0.0293627
0.0353734
0.0415015
0.0477563
0.0541454
0.0606753
0.0672372
0.0737853
0.0804194
0.0871444
0.0939654
0.100887
0.107916
0.115057
0.122315
0.129699
0.137214
0.144865
0.152662
0.160625
0.168772
0.177138
0.185885
0.18795
0.189987
0.192165
0.194477
0.196929
0.199525
0.202271
0.205174
0.208241
0.211478
0.214892
0.218489
0.222276
0.226257
0.230436
0.202803
0.193915
0.188222
0.181604
0.1735
0.164675
0.155479
0.14609
0.136607
0.127081
0.117533
0.107971
0.0983654
0.0887017
0.0789518
0.0715055
0.064637
0.0576744
0.0506524
0.0435665
0.0385424
0.0322148
0.0261991
0.0197015
0.0130713
0.00605166
-0.013047
-0.020078
-0.0268845
-0.0336032
-0.0402692
-0.0469048
-0.0535264
-0.0601472
-0.0673905
-0.0753136
-0.0832476
-0.0912136
-0.0992401
-0.107345
-0.115541
-0.123837
-0.132241
-0.140761
-0.149406
-0.158182
-0.167098
-0.176166
-0.185397
-0.194805
-0.204423
-0.214361
-0.217849
-0.220842
-0.223965
-0.227251
-0.230698
-0.234309
-0.238087
-0.242035
-0.246158
-0.250463
-0.254957
-0.259648
-0.264543
-0.269654
-0.273992
-0.278406
-0.256445
-0.244627
-0.236163
-0.231979
-0.228001
-0.222058
-0.215251
-0.208046
-0.200669
-0.193229
-0.185787
-0.178373
-0.170998
-0.163663
-0.15637
-0.149129
-0.141926
-0.134652
-0.12741
-0.12021
-0.11305
-0.105885
-0.0972033
-0.0880859
-0.0795344
-0.0712034
-0.0637349
-0.0573538
-0.0509102
-0.0444686
-0.0380523
-0.0316683
-0.0253154
-0.0189884
-0.0126777
-0.00636171
-0.00636418
0.00122339
0.00639913
0.0113567
0.0164053
0.0214954
0.0267725
0.0320795
0.0374188
0.0427969
0.048219
0.0536899
0.0592135
0.0647739
0.0697917
0.0748636
0.0799939
0.085194
0.0904642
0.095804
0.101215
0.1067
0.112262
0.117904
0.123632
0.129452
0.135369
0.141391
0.147528
0.153789
0.160183
0.166719
0.173405
0.180251
0.187265
0.194451
0.201703
0.210222
0.218327
0.226239
0.234085
0.241937
0.249842
0.257826
0.265914
0.274122
0.282459
0.290932
0.299551
0.308291
0.307975
0.315761
0.319554
0.323484
0.328025
0.309343
0.299867
0.289879
0.280536
0.27127
0.262124
0.252516
0.230034
0.221006
0.211974
0.202075
0.192249
0.182599
0.173123
0.16382
0.154813
0.154624
0.137337
0.128123
0.119025
0.110018
0.10109
0.0922353
0.0834476
0.0747209
0.0660489
0.0574255
0.0488446
0.0402998
0.031785
0.0232996
0.0148366
0.0063823
-0.00206576
-0.0105097
-0.0189528
-0.027398
-0.0358507
-0.0434373
-0.0510197
-0.0586419
-0.0658416
-0.0728067
-0.0798343
-0.086936
-0.0941214
-0.1014
-0.108781
-0.116275
-0.123889
-0.131629
-0.13942
-0.148422
-0.156937
-0.165201
-0.173348
-0.181454
-0.189567
-0.197715
-0.205921
-0.214202
-0.222566
-0.231019
-0.23957
-0.248229
-0.257003
-0.265902
-0.274933
-0.284106
-0.29343
-0.302915
-0.314649
-0.314346
-0.33052
-0.311071
-0.291905
-0.286403
-0.275807
-0.266918
-0.257698
-0.248052
-0.238235
-0.229286
-0.217421
-0.210715
-0.203739
-0.195616
-0.187806
-0.181922
-0.172608
-0.165185
-0.157025
-0.149076
-0.148887
-0.122548
-0.110881
-0.102574
-0.0943483
-0.086285
-0.078411
-0.0707357
-0.0632534
-0.0578651
-0.0503507
-0.0428995
-0.0355923
-0.0293673
-0.0229753
-0.0159269
-0.00871064
-0.00148677
0.00574469
0.0129881
0.0202501
0.0275382
0.03486
0.0422234
0.0496359
0.0571046
0.0646362
0.0722358
0.0797552
0.0877685
0.0952698
0.102476
0.109517
0.116464
0.123364
0.129575
0.135785
0.142008
0.148249
0.154513
0.160808
0.167141
0.173519
0.179928
0.186423
0.192983
0.199614
0.206345
0.212383
0.217278
0.21523
0.214899
0.223494
0.229807
0.222989
0.217359
0.215349
0.212548
0.209399
0.203518
0.192127
0.188106
0.185067
0.181481
0.177404
0.173599
0.170089
0.169872
0.165035
0.153933
0.145713
0.137997
0.131014
0.117749
0.107052
0.0964322
0.0859262
0.0756539
0.0652622
0.0549809
0.0447346
0.0345262
0.024354
0.014214
0.00409985
-0.00600333
-0.0146791
-0.0242741
-0.0337161
-0.0431518
-0.0431466
-0.0549076
-0.0597086
-0.0649617
-0.0703514
-0.0758517
-0.0814855
-0.087268
-0.0931673
-0.100128
-0.106678
-0.113034
-0.119323
-0.125616
-0.131958
-0.138379
-0.144903
-0.151549
-0.158332
-0.165267
-0.17238
-0.179719
-0.18742
-0.173659
-0.163526
-0.153477
-0.143462
-0.133484
-0.122977
-0.122922
-0.100182
-0.0880338
-0.0762183
-0.057671
-0.0490863
-0.0405447
-0.0328558
-0.0279206
-0.0254744
-0.0229692
-0.0204346
-0.0178703
-0.0152797
-0.0126663
-0.0100337
-0.00738582
-0.00472623
-0.00205869
0.000613204
0.00328621
0.00597666
0.00874182
0.0115836
0.0145043
0.0175064
0.0205926
0.0237657
0.0270224
0.0303665
0.0338096
0.0373509
0.0409896
0.0447265
0.048563
0.0525016
0.0565449
0.0606966
0.0649658
0.069348
0.0738544
0.0784928
0.0832707
0.0881957
0.0932761
0.0985205
0.103938
0.109539
0.115331
0.121187
0.128464
0.135321
0.142025
0.148766
0.155786
0.15569
0.128736
0.116081
0.105252
0.0946726
0.0848109
0.0815496
0.0799299
0.078799
0.0772879
0.0753626
0.0731482
0.0706844
0.0679624
0.0697648
0.0661452
0.0645862
0.0632262
0.0614543
0.0597433
0.0579841
0.0560971
0.0523442
0.0412485
0.037809
0.0345485
0.031404
0.0286385
0.026107
0.0235235
0.0207708
0.0179883
0.0151957
0.0124025
0.00961297
0.00666338
0.00371592
0.000844374
-0.00198406
-0.00478789
-0.00757799
-0.0103613
-0.0131426
-0.0159204
-0.0186986
-0.0214869
-0.0242845
-0.0270902
-0.0299045
-0.0327291
-0.0355659
-0.0384181
-0.0412891
-0.0441833
-0.0471061
-0.0500646
-0.0530672
-0.056122
-0.0592366
-0.0624187
-0.0656766
-0.0690172
-0.0724452
-0.0759644
-0.0795359
-0.0838939
-0.0878379
-0.0915484
-0.079364
-0.073042
-0.0666668
-0.0599766
-0.0529524
-0.0556599
-0.0519704
-0.0424619
-0.0551676
-0.0587344
-0.0617517
-0.0644653
-0.0667924
-0.0680066
-0.0690654
-0.0699844
-0.0784657
-0.0832584
-0.0621892
-0.0507747
-0.0473907
-0.0441991
-0.0414063
-0.03847
-0.0359736
-0.021085
-0.0200154
-0.0193936
-0.0183844
-0.0166024
-0.0142441
-0.0121194
-0.00984168
-0.00711222
-0.00439706
-0.00174601
0.000709091
0.0032114
0.00575328
0.00831472
0.0108847
0.0134576
0.0160308
0.0186034
0.0211757
0.0237295
0.026268
0.0288173
0.0313669
0.0339047
0.036424
0.0389211
0.0413942
0.0438435
0.0462712
0.048682
0.0510832
0.0534867
0.0559078
0.0583605
0.060858
0.0634133
0.0660385
0.0687459
0.0715425
0.0744297
0.0771113
0.0806062
0.0836138
0.0863547
0.0889364
0.0841018
0.0811729
0.0783624
0.0862047
0.0834925
0.0852367
0.0875221
0.0875173
0.0820123
0.0805593
0.0788157
0.0767967
0.0745246
0.0720087
0.0692586
0.068191
0.0672846
0.0652911
0.0640268
0.0627981
0.0612462
0.0593058
0.0572413
0.0527459
0.041427
0.0378622
0.0345147
0.0319305
0.0296036
0.0269327
0.0239484
0.0209789
0.0179785
0.0148831
0.0118624
0.00888836
0.0059445
0.00302115
0.000111881
-0.00278797
-0.00568209
-0.00857368
-0.0114657
-0.0143608
-0.0172568
-0.020157
-0.0230708
-0.0259976
-0.028936
-0.0318866
-0.0348507
-0.0378304
-0.0408284
-0.0438481
-0.0468936
-0.0499701
-0.0530842
-0.0562443
-0.0594582
-0.0627333
-0.0660772
-0.0694969
-0.0729997
-0.0765911
-0.0802749
-0.0840125
-0.0885715
-0.0927067
-0.0792885
-0.0743773
-0.069635
-0.0645206
-0.059154
-0.053569
-0.047789
-0.0418171
-0.0356452
-0.0292609
-0.0226348
-0.0156891
-0.00784099
-0.0211563
-0.0319517
-0.0426949
-0.053398
-0.0615787
-0.0681488
-0.0568097
-0.0508891
-0.0472106
-0.043745
-0.0405713
-0.0374286
-0.0344658
-0.0187145
-0.0189581
-0.0191879
-0.0177824
-0.0160392
-0.0148903
-0.0124587
-0.00984084
-0.00722623
-0.00461427
-0.00200343
0.000606489
0.00321521
0.00582255
0.0084281
0.0110312
0.0136316
0.0162293
0.0188245
0.0214175
0.0239911
0.0265471
0.0291101
0.0316706
0.0342164
0.0367405
0.039239
0.04171
0.0441539
0.0465732
0.0489729
0.0513605
0.0537484
0.0561519
0.0585859
0.0610642
0.0636002
0.066207
0.068897
0.0716781
0.0745526
0.0772472
0.080875
0.0840354
0.0869227
0.0789911
0.0731773
0.0670671
0.0607048
0.0541092
0.0472721
0.0401145
0.0521264
0.0627954
0.0731767
0.0731897
0.0800546
0.0782858
0.0759946
0.0733288
0.0704298
0.0692109
0.0685587
0.0667871
0.0655238
0.0642885
0.0627364
0.0607636
0.0586651
0.0540555
0.0420919
0.0384325
0.0349988
0.0323621
0.0299799
0.0274413
0.0244122
0.0213973
0.018352
0.0152047
0.0121339
0.00911
0.00611616
0.00314227
0.000181704
-0.00277024
-0.00571727
-0.00866253
-0.0116088
-0.0145588
-0.01751
-0.0204656
-0.0234349
-0.026417
-0.0294105
-0.0324159
-0.0354343
-0.0384679
-0.0415192
-0.0445917
-0.0476895
-0.0508179
-0.0539837
-0.0571953
-0.0604608
-0.0637878
-0.067184
-0.0706567
-0.0742134
