0.000124842
0.000251229
0.000375809
0.000497328
0.000615596
0.000728086
0.000833441
0.000930403
0.00101794
0.0010952
0.00116165
0.00121702
0.00126138
0.0012951
0.00131885
0.00133359
0.0013405
0.00134096
0.00133646
0.00132859
0.00131893
0.00130904
0.00130036
0.00129416
0.00129153
0.00129333
0.00130015
0.00131232
0.00132987
0.00135262
0.0013801
0.00141165
0.00144641
0.00148342
0.00152159
0.0015598
0.00159695
0.00163197
0.0016639
0.00169192
0.00171534
0.00173369
0.00174668
0.00175423
0.00175647
0.00175373
0.00174651
0.00173545
0.00172134
0.00170505
0.00168748
0.00166958
0.00165227
0.00163639
0.00162271
0.00161189
0.00160444
0.00160072
0.00160092
0.00160507
0.00161305
0.00162456
0.00163918
0.00165638
0.00167552
0.00169592
0.00171685
0.00173758
0.00175742
0.00177571
0.00179187
0.00180542
0.00181632
0.00182403
0.00182845
0.00182963
0.00182717
0.00182109
0.00181259
0.00180216
0.00179035
0.00177774
0.00176494
0.00175254
0.00174111
0.00173115
0.00172309
0.00171726
0.00171392
0.00171319
0.00171508
0.00171951
0.00172628
0.00173512
0.00174567
0.00175752
0.0017702
0.00178324
0.00179617
0.00180853
0.0018199
0.00182993
0.0018383
0.00184482
0.00184933
0.00185178
0.00185223
0.00185077
0.00184761
0.001843
0.00183724
0.00183069
0.00182369
0.00181662
0.00180984
0.00180368
0.00179845
0.00179438
0.00179167
0.00179045
0.00179078
0.00179265
0.00179601
0.00180073
0.00180662
0.00181348
0.00182105
0.00182907
0.00183727
0.00184538
0.00185312
0.0018602
0.00186639
0.00187155
0.00187556
0.00187839
0.00188004
0.00188054
0.00187996
0.0018784
0.00187602
0.00187299
0.00187164
0.00187269
0.00187587
0.00188104
0.0018881
0.00189691
0.00190598
0.00191447
0.00192123
0.00192507
0.00192576
0.00192349
0.00191992
0.00191609
0.00191235
0.00190875
0.00190532
0.00190211
0.00189914
0.00189647
0.00189413
0.00189217
0.00189059
0.00188942
0.00188865
0.0018883
0.00188833
0.00188872
0.00188944
0.00189044
0.00189166
0.00189306
0.00189457
0.00189614
0.00189771
0.00189923
0.00190065
0.00190194
0.00190307
0.00190401
0.00190476
0.00190532
0.0019057
0.00190591
0.001906
0.00190598
0.00190591
0.00190582
0.00190576
0.00190576
0.00190588
0.00190613
0.00190656
0.00190719
0.00190802
0.00190907
0.00191034
0.00191181
0.00191347
0.0019153
0.00191726
0.00191933
0.00192147
0.00192363
0.00192578
0.00192789
0.00192991
0.00193182
0.00193359
0.00193557
0.00193757
0.00193939
0.00194103
0.00194249
0.00194299
0.00194203
0.00193927
0.00193446
0.0019274
0.00191795
0.001906
0.00189151
0.00187447
0.00185498
0.00183261
0.00180766
0.0017804
0.00175112
0.00172
0.00168899
0.00166015
0.00163412
0.00161105
0.00159103
0.0015741
0.00156019
0.00154919
0.00154089
0.00153504
0.00153131
0.00152935
0.00152877
0.00152916
0.00153014
0.00153076
0.00153085
0.00153028
0.00152898
0.00152674
0.00152344
0.001519
0.00151343
0.00150679
0.00149921
0.00149085
0.00148194
0.00147272
0.00146344
0.00145436
0.00144576
0.00143786
0.00143089
0.00142501
0.00142035
0.00141702
0.00141503
0.00141438
0.001415
0.00141678
0.00141958
0.00142321
0.00142749
0.00143217
0.00143705
0.0014419
0.00144651
0.00145069
0.00145427
0.00145096
0.00144685
0.00144193
0.00143624
0.00142986
0.00142292
0.00141501
0.00140569
0.00139492
0.0013828
0.00136945
0.00135507
0.00133988
0.00132411
0.00130799
0.00129177
0.00127568
0.00125993
0.00124473
0.00123026
0.00121668
0.00120415
0.00119277
0.00118267
0.00117394
0.00116666
0.00116082
0.00115622
0.00115265
0.00114988
0.00114769
0.00114587
0.0011442
0.0011425
0.0011406
0.00113838
0.00113572
0.00113258
0.0011289
0.00112584
0.00112228
0.00111829
0.00111394
0.00110934
0.0011046
0.00109984
0.00109519
0.00109078
0.00108671
0.0010831
0.00108002
0.00107755
0.00107573
0.00107457
0.00107407
0.0010742
0.00107491
0.00107612
0.00107776
0.00107971
0.00108188
0.00108415
0.00108641
0.00108857
0.00109052
0.00109219
0.00109351
0.00109444
0.00109494
0.00109501
0.00109465
0.00109505
0.00109687
0.00109958
0.00110272
0.00110562
0.00110744
0.00110765
0.00110592
0.00110199
0.00109567
0.00108675
0.00107507
0.00106054
0.00104313
0.00102283
0.000999694
0.000973815
0.000945391
0.000914668
0.000881908
0.000847383
0.000811372
0.000774149
0.000735983
0.000697128
0.000657818
0.000618262
0.000578641
0.000539106
0.000499773
0.000460728
0.000422022
0.000383678
0.000345689
0.000308024
0.00027063
0.000236702
0.000204818
0.000175731
0.000149539
0.000126007
0.000104878
8.5882e-05
6.87413e-05
5.31759e-05
3.89112e-05
2.56849e-05
1.32528e-05
1.39476e-06
-1.00803e-05
-2.1331e-05
-3.24808e-05
-4.36168e-05
-5.47897e-05
-6.60157e-05
-7.72784e-05
-8.85328e-05
-9.97099e-05
-0.000110722
-0.000121469
-0.000131843
-0.000141737
-0.000151046
-0.000159678
-0.000167552
-0.000174609
-0.00018081
-0.000186137
-0.000190599
-0.000194226
-0.000196583
-0.000197907
-0.000198489
-0.000198561
-0.000198204
-0.000197611
-0.000197304
-0.000197564
-0.00019853
-0.000200281
-0.000202841
-0.000206158
-0.00021012
-0.000214549
-0.000219306
-0.00022434
-0.000229582
-0.000234951
-0.000240355
-0.000245697
-0.00025088
-0.000255811
-0.000260402
-0.00026458
-0.000268283
-0.000271466
-0.000274104
-0.000276188
-0.00027773
-0.000278758
-0.000279319
-0.000279473
-0.000279291
-0.000278854
-0.000278248
-0.000277561
-0.000276881
-0.000276289
-0.000276052
-0.000276061
-0.000276344
-0.000276936
-0.000277856
-0.000279108
-0.000280681
-0.000282549
-0.000284674
-0.000287007
-0.00028949
-0.000292062
-0.000294655
-0.000297203
-0.000299644
-0.000301918
-0.000303976
-0.000305776
-0.000307288
-0.000308493
-0.000309384
-0.000309968
-0.000310262
-0.000310292
-0.000310095
-0.000309716
-0.000309203
-0.000308609
-0.000307986
-0.000307388
-0.000306863
-0.000306455
-0.000305862
-0.000305332
-0.000305013
-0.00030492
-0.00030534
-0.000306235
-0.00030759
-0.000309286
-0.00031118
-0.000313191
-0.000315274
-0.000317379
-0.000319456
-0.000321458
-0.000323339
-0.00032506
-0.000326587
-0.000327894
-0.000328965
-0.000329792
-0.000330375
-0.000330725
-0.000330859
-0.000330803
-0.000330589
-0.000330251
-0.00032983
-0.000329366
-0.000328899
-0.000328467
-0.000328107
-0.000327848
-0.000327718
-0.000327734
-0.000327909
-0.000328248
-0.00032875
-0.000329405
-0.0003302
-0.000331114
-0.000332122
-0.000333197
-0.00033431
-0.00033543
-0.000336527
-0.000337573
-0.000338542
-0.000339414
-0.000340171
-0.0003408
-0.000341297
-0.00034166
-0.000341892
-0.000342004
-0.000342008
-0.00034192
-0.000341762
-0.000341554
-0.00034132
-0.000341083
-0.000340863
-0.000340684
-0.000340561
-0.000340511
-0.000340546
-0.000340674
-0.000340898
-0.000341219
-0.000341634
-0.000342134
-0.000342311
-0.000342369
-0.000342482
-0.00034264
-0.000342831
-0.000343046
-0.000343569
-0.000344634
-0.00034628
-0.000348493
-0.000351208
-0.000354314
-0.000357663
-0.000361069
-0.000364309
-0.000367342
-0.000370139
-0.000372677
-0.000374937
-0.000376911
-0.000378595
-0.000379995
-0.000381125
-0.000382003
-0.000382657
-0.000383119
-0.000383425
-0.000383614
-0.000383727
-0.000383804
-0.000383883
-0.000384002
-0.000384192
-0.000384479
-0.000384884
-0.00038542
-0.000386096
-0.000386912
-0.00038786
-0.00038893
-0.000390103
-0.000391357
-0.000392667
-0.000394003
-0.000395338
-0.000396643
-0.00039789
-0.000399055
-0.000400115
-0.000401053
-0.000401857
-0.000402519
-0.000403038
-0.000403418
-0.000403668
-0.000403802
-0.000403836
-0.000403793
-0.000403694
-0.000403563
-0.000403425
-0.000403303
-0.000403219
-0.000403194
-0.000403242
-0.000403377
-0.000403609
-0.00040394
-0.000404372
-0.0004049
-0.000405174
-0.000405361
-0.000405618
-0.000405933
-0.000406294
-0.000407359
-0.000409467
-0.000412809
-0.000417498
-0.000423594
-0.000431118
-0.000440055
-0.00045037
-0.000462011
-0.000473129
-0.000483594
-0.000493315
-0.000502199
-0.000510172
-0.000517181
-0.000523198
-0.000528221
-0.000532274
-0.000535406
-0.000537693
-0.000539228
-0.000540123
-0.000540505
-0.000540505
-0.000540262
-0.000539911
-0.000539581
-0.00053939
-0.000539442
-0.000539822
-0.000540595
-0.000541803
-0.000543466
-0.00054558
-0.00054812
-0.00055104
-0.000554278
-0.000557757
-0.00056139
-0.000565082
-0.000568739
-0.000572265
-0.000575572
-0.000578581
-0.000581225
-0.000583451
-0.000585224
-0.000586526
-0.000587356
-0.000587732
-0.000587687
-0.00058727
-0.000586539
-0.000585567
-0.000584428
-0.000583204
-0.000581974
-0.000580814
-0.000579797
-0.000578985
-0.000578606
-0.000578522
-0.000578757
-0.000579321
-0.000580471
-0.000581678
-0.000583163
-0.000584882
-0.000586787
-0.000588822
-0.000590926
-0.000593355
-0.000596612
-0.00060038
-0.00060456
-0.00060901
-0.000613555
-0.000617988
-0.000622079
-0.000625714
-0.000628867
-0.000631621
-0.000633882
-0.000635663
-0.000636994
-0.000637915
-0.000638478
-0.000638741
-0.000638772
-0.000638641
-0.000638419
-0.000638175
-0.000637977
-0.000637883
-0.000637947
-0.000638209
-0.000638702
-0.000639444
-0.000640443
-0.000641694
-0.000643183
-0.000644882
-0.000646758
-0.000648769
-0.000650867
-0.000653003
-0.000655126
-0.000657184
-0.000659133
-0.000660929
-0.000662537
-0.000663931
-0.000665089
-0.000666004
-0.000666674
-0.00066711
-0.000667327
-0.000667351
-0.000667215
-0.000666955
-0.000666611
-0.000666225
-0.000665839
-0.000665494
-0.000665228
-0.000665074
-0.00066506
-0.000665207
-0.000665529
-0.000666034
-0.000666721
-0.000667583
-0.000668606
-0.00066977
-0.000671051
-0.000672421
-0.000673848
-0.000675302
-0.000673007
-0.000665116
-0.000652167
-0.0006348
-0.000613536
-0.000588856
-0.000560933
-0.00053397
-0.000508267
-0.000484116
-0.000461789
-0.000441523
-0.000423508
-0.000407878
-0.000394709
-0.000384007
-0.000375717
-0.000369715
-0.000365823
-0.000363806
-0.000364948
-0.00036886
-0.000375112
-0.00038326
-0.00039285
-0.000403414
-0.000414479
-0.000425578
-0.000436176
-0.000445743
-0.000453767
-0.000459911
-0.000464097
-0.000466318
-0.000466638
-0.000465188
-0.000462157
-0.000457787
-0.000452358
-0.000446181
-0.000439583
-0.000432894
-0.000426434
-0.000420501
-0.00041536
-0.000411238
-0.000408307
-0.000406689
-0.000406447
-0.000407586
-0.000410055
-0.000413752
-0.000418526
-0.000424188
-0.000430519
-0.000437277
-0.000444212
-0.00045107
-0.000457609
-0.000463605
-0.00046886
-0.00047321
-0.00047653
-0.00047874
-0.000479801
-0.000479723
-0.000478557
-0.000476393
-0.000473358
-0.000469608
-0.000465322
-0.000460692
-0.000455917
-0.000438659
-0.000408171
-0.000364239
-0.000306489
-0.000234524
-0.000148883
-5.00399e-05
5.96708e-05
0.000172466
0.000281561
0.000383328
0.000476671
0.000560967
0.000635623
0.000699011
0.000751393
0.0007929
0.00082396
0.000845293
0.000858432
0.000864409
0.000864407
0.000859723
0.000851715
0.000841762
0.000831213
0.000821342
0.00081331
0.000808126
0.000806617
0.000809407
0.000816901
0.000829058
0.000845808
0.000866903
0.000891894
0.000920415
0.000951496
0.000984465
0.00101842
0.00105239
0.00108544
0.00111664
0.00114517
0.00117031
0.00119145
0.00120818
0.00122021
0.00122745
0.00122998
0.00122802
0.00122198
0.00121237
0.00119982
0.00118504
0.00116882
0.00115193
0.00113518
0.00111931
0.00110503
0.00109294
0.00108356
0.00107728
0.00107435
0.00107523
0.00107958
0.00108828
0.00110135
0.00111711
0.00113501
0.0011545
0.00117504
0.00119598
0.00121669
0.00123654
0.00125497
0.00127144
0.00128555
0.00129693
0.00130537
0.00131074
0.00131301
0.00131231
0.00130881
0.00130282
0.00129472
0.00128494
0.00127396
0.00126231
0.00125051
0.00123906
0.00122845
0.00121913
0.00121147
0.00120578
0.00120228
0.00120112
0.00120233
0.00120589
0.00121166
0.00121944
0.00122895
0.00123986
0.0012518
0.00126436
0.00127712
0.00128967
0.00130161
0.00131256
0.00132223
0.00133032
0.00133665
0.00134108
0.00134356
0.00134408
0.00134275
0.0013397
0.00133514
0.00132934
0.00132259
0.0013152
0.00130753
0.0012999
0.00129264
0.00128606
0.00128043
0.00127598
0.00127289
0.00127129
0.00127123
0.00127274
0.00127576
0.00128019
0.00128587
0.00129359
0.00130322
0.00131399
0.0013252
0.00133651
0.00134761
0.00135819
0.00136796
0.00137664
0.00138377
0.0013889
0.00139163
0.00139162
0.00138862
0.00138304
0.00137508
0.00136514
0.00135367
0.00134119
0.00132827
0.00131552
0.00130337
0.00129213
0.00128207
0.00127344
0.00126642
0.00126115
0.00125771
0.00125611
0.00125631
0.00125819
0.0012616
0.00126633
0.00127214
0.00127877
0.00128591
0.00129327
0.00130056
0.00130749
0.00131382
0.00131931
0.00132378
0.00132709
0.00132915
0.00132991
0.0013294
0.00132766
0.00132481
0.00132099
0.00131637
0.00131117
0.00130561
0.00129992
0.00129433
0.00128907
0.00128433
0.0012803
0.00127714
0.00127495
0.00127383
0.00127379
0.00127485
0.00127697
0.00128006
0.00128401
0.0012887
0.00129395
0.00129959
0.00130545
0.00131132
0.00131799
0.00132432
0.00133161
0.00133967
0.00134781
0.00135543
0.00136241
0.00136866
0.0013738
0.00137751
0.00137952
0.00137955
0.00137738
0.00137318
0.00136729
0.00136006
0.00135191
0.0013433
0.00133471
0.00132662
0.00131923
0.00131274
0.00130731
0.00130307
0.0013001
0.00129845
0.0012981
0.00129903
0.00130113
0.00130429
0.00130836
0.00131314
0.00131844
0.00132405
0.00132975
0.00133533
0.00134059
0.00134534
0.00134943
0.00135273
0.00135514
0.00135662
0.00135713
0.00135669
0.00135537
0.00135323
0.00135041
0.00134703
0.00134325
0.00133925
0.00133519
0.00133126
0.00132761
0.0013244
0.00132177
0.00131981
0.00131862
0.00131824
0.0013187
0.00131999
0.00132207
0.00132488
0.00132831
0.00133226
0.0013366
0.00134119
0.00134588
0.00135053
0.001355
0.00135916
0.0013629
0.00136888
0.0013764
0.00138495
0.00139405
0.00140342
0.00141302
0.00142282
0.00143164
0.00143943
0.00144589
0.00145077
0.00145407
0.00145595
0.00145662
0.00145633
0.00145541
0.00145416
0.00145272
0.00145126
0.00144991
0.00144881
0.00144808
0.00144782
0.00144811
0.00144899
0.00145049
0.0014526
0.00145531
0.00145856
0.00146228
0.00146639
0.00147077
0.00147533
0.00147994
0.00148449
0.00148886
0.00149295
0.00149667
0.00149995
0.00150271
0.00150493
0.00150659
0.00150768
0.00150823
0.00150829
0.00150792
0.00150718
0.00150617
0.00150497
0.00150369
0.00150242
0.00150125
0.00150029
0.00149959
0.00149923
0.00149927
0.00149972
0.00150062
0.00150195
0.00150371
0.00150586
0.00150836
0.00151115
0.00151415
0.0015173
0.00152052
0.00152372
0.00152683
0.00152979
0.00153251
0.00153496
0.0015405
0.00154889
0.0015596
0.00157216
0.0015864
0.00160232
0.00161784
0.00163244
0.00164603
0.00165845
0.00166958
0.0016795
0.00168818
0.00169566
0.00170195
0.00170714
0.0017113
0.00171456
0.00171703
0.00171886
0.00172021
0.00172121
0.00172203
0.0017228
0.00172367
0.00172474
0.00172612
0.00172789
0.0017301
0.00173278
0.00173596
0.0017396
0.00174367
0.00174813
0.0017529
0.00175789
0.00176302
0.00176818
0.00177328
0.00177822
0.00178291
0.00178726
0.00179122
0.00179473
0.00179774
0.00180025
0.00180225
0.00180375
0.00180479
0.00180541
0.00180567
0.00180565
0.00180542
0.00180505
0.00180463
0.00180424
0.00180396
0.00180385
0.00180398
0.00180389
0.00180402
0.0018045
0.00180534
0.00180652
0.00180804
0.0018099
0.00181205
0.00181446
0.00181707
0.00182259
0.00183035
0.00183982
0.00185048
0.001862
0.00187425
0.00188713
0.00189934
0.00191071
0.00192084
0.00192935
0.00193613
0.00194124
0.00194478
0.00194694
0.00194797
0.00194813
0.00194755
0.00194638
0.00194477
0.0019429
0.00194095
0.00193907
0.00193743
0.00193617
0.0019354
0.00193523
0.00193572
0.00193693
0.00193885
0.00194149
0.0019448
0.00194871
0.00195314
0.00195798
0.00196312
0.00196842
0.00197376
0.00197901
0.00198405
0.00198876
0.00199305
0.00199683
0.00200005
0.00200266
0.00200464
0.00200602
