0
-0.182914
0.188067
0.0330646
-0.0126421
0.228435
0.288478
-0.0519984
0.181604
-0.339748
0.104601
-0.245505
0.0184788
-0.0734249
-0.0342283
0.00853679
0.00794811
0.00776365
0.00775552
0.00779603
0.00782878
0.00772935
0.00775644
0.00732439
0.00744303
0.00683332
0.00530277
0.00636129
0.0060533
0.0055272
0.00485211
0.00409181
0.00322617
0.048749
-0.141191
-0.0217627
-0.00442832
-0.0046565
-0.0064762
-0.00763546
-0.00899098
-0.0104627
-0.0119581
-0.0134082
-0.0148072
-0.0161545
-0.0174526
-0.018705
-0.0199143
-0.021414
-0.0226473
-0.0235663
-0.0244007
-0.0252742
-0.0262841
-0.0253428
-0.0231776
-0.0316227
-0.0326575
-0.0318323
-0.0322286
-0.0330328
-0.0339129
-0.0347952
-0.035668
-0.0365271
-0.0370744
-0.0386412
-0.0388933
-0.0397472
-0.040527
-0.2718
0.0130817
-0.0147131
-0.0301169
-0.0333194
-0.0344723
-0.0371685
-0.0164692
-0.0408218
-0.0410738
-0.0411595
-0.0411742
-0.0411588
-0.041133
-0.0411069
-0.0410854
-0.0410701
-0.0389693
-0.0397595
-0.0384571
-0.0384633
-0.038468
-0.0384685
-0.0384622
-0.0387697
-0.0384116
-0.0377372
-0.0369986
-0.0369754
-0.036874
-0.03676
-0.0366993
-0.0365793
-0.0363965
-0.0361673
-0.0359088
-0.0356434
-0.0353946
-0.0351828
-0.035025
-0.034939
-0.0418377
-0.0381737
-0.0380205
-0.0378784
-0.0377448
-0.037618
-0.0374964
-0.037378
-0.0372604
-0.0360597
-0.0392224
0.0825227
0.0505635
0.0564667
0.0606859
0.0637245
0.00948149
-0.0355027
-0.0466732
-0.031736
-0.030274
-0.0285715
-0.0267653
-0.0248995
-0.0221838
-0.0142393
-0.0092133
-0.00773713
-0.00626683
0.0532374
0.177932
0.0390945
0.0350739
0.047992
0.0665169
0.0656293
0.0956325
0.106943
0.0846836
0.0842918
0.0921027
0.0836198
0.0325599
0.0455574
0.0374611
0.0370905
0.0370163
0.0367258
0.0364173
0.0361617
0.035894
0.0356078
0.0353008
0.0349721
0.0346214
0.0342486
0.0338541
0.0334381
0.0329236
0.0323978
0.0319523
0.0314372
0.0308493
0.0302113
0.0295326
0.0288221
0.0280887
0.027341
0.026588
0.0258394
0.0251175
0.024438
0.0237976
0.0231945
0.0226321
0.0221258
0.0217654
-0.018525
-0.202123
-0.174932
-0.0547902
-0.0604859
-0.0626536
-0.0772758
-0.08464
-0.0729464
-0.0758316
-0.0780801
-0.0799831
-0.249554
-0.0831157
-0.0846152
-0.086025
-0.087362
-0.0886322
-0.0898392
-0.0909853
-0.092072
-0.0931008
-0.106542
-0.110587
-0.104497
-0.101825
-0.0969376
-0.0874363
-0.0887138
-0.0891326
-0.0891923
-0.0890929
-0.0889341
-0.0887874
-0.0887503
-0.089105
-0.0940428
-0.0398946
-0.0395829
-0.0392228
-0.0387211
-0.0391096
-0.0266585
-0.0378918
-0.0359501
-0.0344568
-0.0330398
-0.0320848
-0.0231642
-0.0218401
-0.0207728
-0.0202071
-0.0193249
-0.018468
-0.0175072
-0.0164636
0.0113907
-0.0420694
-0.0153795
-0.0142479
-0.0121925
-0.00949368
-0.00846365
-0.00733802
-0.00618255
-0.0050209
0.168092
0.112915
0.102421
0.0920895
0.0932197
0.0940194
0.100487
0.0779858
0.0892618
0.0977284
0.103234
0.107141
0.110159
0.112669
0.114836
0.116767
0.118619
0.120432
0.122163
0.123825
0.074973
0.167964
0.13138
0.127409
0.128953
0.130108
0.155286
0.14654
0.138378
0.132402
0.120535
0.149427
0.124694
0.13128
0.129836
0.127374
0.129519
0.12861
0.126457
0.12576
0.12513
0.124484
0.123815
0.123733
0.126071
0.126139
0.125953
0.125657
0.125285
0.124855
0.124377
0.126941
0.12558
0.124841
0.124048
0.123138
0.1222
0.121317
0.120337
0.119246
0.118052
0.116731
0.115156
0.0476174
0.166887
0.104566
0.0973173
0.096417
0.0955927
0.0946164
0.0936495
0.0927197
0.0937117
0.0911229
0.0859072
0.0850684
0.0832205
0.0926476
0.0856985
-0.191513
-0.0681158
-0.0760976
-0.0823268
-0.0866664
-0.0901569
-0.0931388
-0.0958852
-0.0984925
-0.100945
-0.103274
-0.105496
-0.107622
-0.109659
-0.11161
-0.113478
-0.115262
-0.112329
-0.121425
-0.177634
-0.126592
-0.125198
-0.113693
-0.115946
-0.119265
-0.119841
-0.118595
-0.120145
-0.118797
-0.11984
-0.11989
-0.12126
-0.121142
-0.119599
-0.121223
-0.122035
-0.121905
-0.121717
-0.121498
-0.121251
-0.12098
-0.120681
-0.120355
-0.12
-0.119614
-0.119195
-0.118665
-0.118107
-0.117612
-0.117025
-0.116339
-0.11557
-0.114723
-0.0478972
-0.148986
-0.0928359
-0.0908795
-0.092712
-0.0919073
-0.0912874
-0.0907101
-0.0897468
-0.0885634
-0.0878419
-0.0871837
-0.0865467
-0.0858982
-0.0840778
-0.0913159
-0.0844711
-0.0795748
-0.0757955
-0.072689
-0.0700637
-0.0680005
-0.0677661
0.171599
0.0936446
0.0967482
0.0995533
0.102143
0.104571
0.106867
0.10905
0.11113
0.113116
0.115013
0.105852
0.122784
0.103709
0.109897
0.107551
0.10799
0.201525
0.108054
0.115032
0.117834
0.110659
0.109201
0.109677
0.107421
0.105944
0.109428
0.11035
0.110279
0.1102
0.110094
0.109952
0.109767
0.109536
0.109258
0.108932
0.108559
0.108139
0.107673
0.107162
0.106533
0.105871
0.105264
0.10457
0.103784
0.102934
0.102038
0.101115
0.0241452
0.067966
0.0416816
0.0412711
0.0403498
0.039479
0.0385604
0.0376933
0.0368679
0.0360775
0.0353168
0.0345622
0.0337878
0.0318656
-0.174952
-0.0565434
-0.0625536
-0.0738071
-0.0804307
-0.084876
-0.0881791
-0.0908072
-0.0930158
-0.0950403
-0.0969588
-0.0983011
-0.100242
-0.101767
-0.103321
-0.104779
-0.0796966
-0.0813075
-0.0827585
-0.0752715
-0.0828645
-0.0816788
-0.0816628
-0.153274
-0.100075
-0.0825503
-0.0824093
-0.0822827
-0.0822243
-0.0847789
-0.0860238
-0.0860493
-0.0861515
-0.0862943
-0.0864461
-0.0865993
-0.0867486
-0.0865665
-0.0861739
-0.0859909
-0.0857756
-0.0855268
-0.0852438
-0.084927
-0.0845771
-0.0841961
-0.0837863
-0.0833522
-0.0828256
-0.0823019
-0.0818908
-0.0814936
-0.0812432
-0.0820568
-0.0319888
-0.0295492
-0.0284895
-0.0273718
-0.0262759
-0.0252035
-0.0241686
-0.0231806
-0.022233
-0.0213211
-0.0204415
-0.0195912
-0.0187675
-0.0179483
-0.0171088
0.215058
0.0859305
0.0658202
0.0740543
0.0869232
0.0944099
0.0993579
0.102942
0.105722
0.108004
0.110054
0.111994
0.113982
0.116041
0.118073
0.102665
0.099741
0.101618
0.103158
0.10465
0.1008
0.107378
0.101399
0.103115
0.102831
0.104642
0.190859
0.103583
0.102961
0.102789
0.102585
0.102355
0.102097
0.101812
0.104231
0.108001
0.107327
0.106705
0.106213
0.105766
0.105326
0.104869
0.104383
0.103862
0.103307
0.102719
0.102103
0.101467
0.100829
0.100155
0.0996179
0.0998272
0.0515145
0.0451308
0.0437882
0.0426365
0.0414367
0.0402027
0.0389464
0.0376791
0.0364104
0.0351673
0.0339577
0.0327779
0.0316237
0.0305061
0.0223229
0.0199939
-0.172525
-0.101572
-0.0815486
-0.059261
-0.0588736
-0.0752901
-0.0839872
-0.0894103
-0.0932566
-0.0962807
-0.098814
-0.101038
-0.103145
-0.10519
-0.107135
-0.108949
-0.110712
-0.113211
-0.114887
-0.116432
-0.117806
-0.119504
-0.132105
-0.139301
-0.132644
-0.129936
-0.125744
-0.120758
-0.120931
-0.121111
-0.121241
-0.121321
-0.121365
-0.12139
-0.12142
-0.121549
-0.073453
-0.138114
-0.113883
-0.111487
-0.112137
-0.112283
-0.113403
-0.113224
-0.113033
-0.11285
-0.112657
-0.112448
-0.112212
-0.111803
-0.107147
-0.106722
-0.106277
-0.105905
-0.105454
-0.104919
-0.104323
-0.103677
-0.10299
-0.10227
-0.101526
-0.10077
-0.100012
-0.0992734
-0.0985662
-0.0978866
-0.0972317
-0.0965991
-0.0959869
-0.0953931
-0.0947961
-0.0941712
-0.0923136
-0.100637
-0.0933963
-0.0882405
-0.0842494
-0.080902
-0.0779063
-0.0751002
-0.0724331
-0.069862
-0.06726
-0.0646084
-0.0619686
-0.059044
0.012838
-0.0476205
-0.011727
-0.00867571
-0.00919941
0.161671
0.108555
0.11128
0.107794
0.108765
0.109406
0.11402
0.209135
0.114227
0.117896
0.126271
0.127666
0.128529
0.129223
0.129797
0.1285
0.0671748
0.194656
0.133496
0.133909
0.134332
0.134728
0.135081
0.135392
0.13566
0.135884
0.136067
0.136208
0.136309
0.136369
0.136314
0.136229
0.136203
0.136087
0.135877
0.13559
0.135232
0.134821
0.128008
0.127358
0.126956
0.123143
0.120641
0.120246
0.11989
0.119555
0.119239
0.11894
0.118655
0.118362
0.118039
0.116484
0.127139
0.119369
0.114047
0.110093
0.106896
0.104114
0.101557
0.0991571
0.096862
0.0945423
0.0921749
0.0898121
0.087445
0.0850679
0.0826777
0.0802725
0.0778522
0.0754183
0.0729757
0.0884168
-0.00395663
0.113984
-0.142932
-0.147131
-0.0533144
-0.090314
-0.0791507
-0.0828063
-0.0873538
-0.108254
-0.102206
-0.126905
-0.0929575
-0.0962768
-0.0992545
-0.0997268
-0.0881491
-0.114659
-0.102979
-0.109856
-0.1099
-0.0566753
-0.252379
-0.141014
-0.117088
-0.117188
-0.116736
-0.116104
-0.115345
-0.114582
-0.0998432
-0.115456
-0.11509
-0.113923
-0.109632
-0.110746
-0.112825
-0.113415
-0.113417
-0.11333
-0.113205
-0.113071
-0.112935
-0.112799
-0.112662
-0.112523
-0.112375
-0.112208
-0.111997
-0.110529
-0.114904
-0.108069
-0.103306
-0.099753
-0.096871
-0.0943587
-0.0872072
-0.0850602
-0.0830023
-0.0809269
-0.0788126
-0.0767184
-0.0746357
-0.0725602
-0.0703294
-0.0684832
-0.0663855
-0.0642902
-0.0623299
-0.0484347
-0.0361418
0.0212006
0.0167084
-0.0706427
-0.0374564
0.0742479
0.0308315
0.01794
0.0311619
0.0372389
0.0601648
0.100496
0.0403983
0.0169558
0.0291595
0.0429552
0.0489827
0.0503288
0.0315614
0.0720866
0.118242
0.0959931
0.0941603
0.0899734
0.133739
0.115906
0.116341
0.115925
0.115177
0.116794
0.116243
0.116381
0.11634
0.116172
0.115903
0.115559
0.115205
0.103295
0.110997
0.109553
0.109014
0.0400803
0.121767
0.0731938
0.0759117
0.0761108
0.0760954
0.0762401
0.0764655
0.0755936
0.0834782
0.0779124
0.0741944
0.0715286
0.0694616
0.0677379
0.0662148
0.06485
0.0636094
0.0623892
0.0611962
0.0601373
0.0593557
0.0594887
-0.0986866
-0.0749578
-0.0764781
-0.078273
-0.0799482
-0.0703415
-0.000947041
-0.164052
-0.0936045
-0.101689
-0.154129
-0.082047
-0.0820463
-0.0785796
-0.0578513
-0.0373691
-0.0373976
-0.0377042
-0.0379928
-0.0382327
-0.0384204
-0.0385541
-0.0386327
-0.0386564
-0.0386259
-0.0385428
-0.038411
-0.0383731
-0.0387256
-0.0390679
-0.039402
-0.0397292
-0.0400503
-0.0403659
-0.0405947
-0.0408267
-0.0411565
-0.0414273
-0.0416314
-0.0417901
-0.0419124
-0.0420043
-0.0420724
-0.0421233
-0.0421997
-0.042203
-0.0422631
-0.042352
-0.0424649
-0.0426006
-0.0427599
-0.0429443
-0.0431576
-0.043386
-0.0436158
-0.0426844
-0.0494019
-0.044389
-0.0411316
-0.0391514
-0.0388402
0.0159317
0.212264
0.110135
0.0991766
0.0990414
0.0954647
0.048896
0.0383555
0.0362413
0.0404044
0.044783
0.0482537
0.0513479
0.0544963
0.0298128
0.0749196
0.0526137
0.0528839
0.0576009
0.0571425
0.0575615
0.0586849
0.0716554
0.116394
0.0600858
0.0587134
0.0578102
0.0568586
0.0617358
0.0621501
0.0634861
0.0637994
0.0640425
0.0642398
0.0643983
0.0656965
0.0655997
0.064913
0.0644997
0.0642295
0.0640263
0.0638493
0.0636768
0.0634269
0.0631748
0.0630018
0.062767
0.062465
0.0621203
0.061745
0.061349
0.0609418
0.060533
0.060133
0.0597534
0.0594173
0.0591405
0.0589168
0.0587415
0.0586105
0.0585287
0.0584805
0.0584401
0.0583887
0.0571987
0.0621438
0.0571949
0.0536235
-0.063668
-0.0225683
-0.0243466
-0.0280424
-0.0316084
0.0377442
-0.00962052
-0.0530097
0.107228
0.0393495
0.0338584
0.0302618
0.026106
0.016697
0.0143295
0.0120644
0.0690405
0.0454066
-0.140372
-0.0760615
-0.0173275
-0.0153739
-0.0114914
-0.0132322
-0.0178486
-0.118498
-0.019711
-0.0171473
-0.0199661
-0.018374
-0.0207987
-0.0195807
-0.0203692
-0.0227524
-0.0226173
-0.0221536
-0.0209679
-0.0214424
-0.0217252
-0.0217834
-0.0217081
-0.0215511
-0.0213409
-0.0210934
-0.0208177
-0.0203464
-0.0198736
-0.0196046
-0.0192077
-0.0186671
-0.0180342
-0.0173333
-0.0165832
-0.0158027
-0.0150108
-0.0142291
-0.0134828
-0.0128157
-0.0122567
-0.0117957
-0.011426
-0.0111426
-0.0109416
-0.0108198
-0.0107308
-0.0106217
-0.00816627
-0.0107118
-0.00591475
-0.00251144
0.000222641
0.0557513
0.0434612
0.0442372
-0.0317535
0.0464874
0.0155588
0.0132593
0.0315529
0.0729354
0.0448678
0.0484668
0.0519094
0.0551411
0.0582589
0.0612652
0.0573695
0.0707484
0.0591213
0.0574277
0.0586498
0.0622295
0.0658532
0.0668055
0.07488
0.124389
0.0671321
0.0659142
0.065912
0.0667955
0.0689532
0.070762
0.0711134
0.0717194
0.0726592
0.0721965
0.071944
0.0718047
0.0717157
0.0716439
0.0715716
0.0714896
0.0713931
0.0712802
0.0711503
0.0709322
0.0707067
0.0705573
0.0703441
0.0700615
0.0697338
0.069372
0.0689856
0.0685831
0.0681738
0.0677678
0.0673764
0.0670227
0.0667228
0.0664708
0.0662625
0.0660943
0.0659634
0.065867
0.0657831
0.0656868
0.0644523
0.069351
0.0643584
-0.0650565
-0.0047925
-0.00501349
-0.00914558
-0.0123237
-0.015159
-0.0177298
-0.0202286
-0.0227335
-0.0252477
-0.0278927
-0.0310176
-0.0382829
0.114787
0.0955917
0.0942031
0.092912
0.0785706
0.0712697
-0.0556919
-0.0281352
-0.0101076
-0.00750551
-0.00437214
-0.00407686
-0.0175259
-0.117273
-0.00122568
-0.00116158
-0.010005
-0.00861513
-0.00534464
-0.0120553
-0.0130732
-0.0130642
-0.0130261
-0.0129691
-0.0128852
-0.0127723
-0.0126317
-0.0124619
-0.0122614
-0.012033
-0.0117781
-0.0114979
-0.0111938
-0.0107033
-0.0102035
-0.00989938
-0.00947667
-0.00891215
-0.00825513
-0.00753133
-0.00676063
-0.00596253
-0.00515666
-0.00436489
-0.0036124
-0.00294129
-0.00238051
-0.00192231
-0.00155956
-0.00128659
-0.00109861
-0.000991411
-0.00092075
-0.00083454
0.00141958
-0.00177557
0.00279743
0.00621265
0.0863961
0.0723184
0.0758116
0.0789596
0.0819037
0.0848202
0.0882585
-0.050178
-0.0382429
-0.0347343
0.0422263
-0.00647616
0.0576962
0.0628497
0.0668809
0.0698608
0.0661859
0.0771595
0.0647365
0.065064
0.0663784
0.0698908
0.0737885
0.0747084
0.0829491
0.136262
0.0749945
0.0737519
0.0737402
0.0746379
0.0760312
0.0785912
0.078964
0.0795821
0.0805836
0.0801158
0.0798695
0.0797416
0.0796666
0.0796095
0.0795516
0.0794825
0.0793973
0.079293
0.0791687
0.0789536
0.0787279
0.0785751
0.0783555
0.0780639
0.0777246
0.0773493
0.0769477
0.076529
0.0761029
0.0756799
0.0752718
0.0749024
0.0745881
0.0743234
0.0741043
0.0739276
0.0737904
0.07369
