-6.22092e-05
-0.000114731
-0.000154222
-0.000179832
-0.00019233
-0.000191084
-0.000176963
-0.000151475
-0.00011619
-7.32947e-05
-2.49559e-05
2.63161e-05
7.80786e-05
0.000127912
0.000173581
0.0002131
0.000244808
0.000267427
0.000280107
0.000282443
0.000274481
0.000256703
0.000229988
0.000195573
0.000154976
0.000109939
6.23328e-05
1.40877e-05
-3.28924e-05
-7.68074e-05
-0.000116031
-0.000149174
-0.000175128
-0.000193064
-0.000202569
-0.000203549
-0.00019625
-0.000181241
-0.000159379
-0.000131766
-9.96989e-05
-6.46107e-05
-2.80121e-05
8.57275e-06
4.36664e-05
7.58958e-05
0.000104044
0.000127093
0.00014426
0.000155021
0.000159121
0.000156581
0.000147685
0.000132963
0.000113161
8.92085e-05
6.217e-05
3.32048e-05
3.51571e-06
-2.56997e-05
-5.32966e-05
-7.82266e-05
-9.95766e-05
-0.000116602
-0.000128748
-0.000135674
-0.000137251
-0.000133568
-0.00012492
-0.000111792
-9.46607e-05
-7.44809e-05
-5.23162e-05
-2.89392e-05
-5.32823e-06
1.75586e-05
3.90953e-05
5.85644e-05
7.47753e-05
8.71745e-05
9.53794e-05
9.91887e-05
9.85867e-05
9.37377e-05
8.49752e-05
7.27829e-05
5.77705e-05
4.06453e-05
2.21797e-05
3.17774e-06
-1.5559e-05
-3.32648e-05
-4.92404e-05
-6.28797e-05
-7.36916e-05
-8.13174e-05
-8.55406e-05
-8.6292e-05
-8.36477e-05
-7.78213e-05
-6.91509e-05
-5.80813e-05
-4.51414e-05
-3.09205e-05
-1.60412e-05
-1.13309e-06
1.31936e-05
2.63727e-05
3.7904e-05
4.73716e-05
5.44587e-05
5.89576e-05
6.07741e-05
5.99285e-05
5.65505e-05
5.08698e-05
4.3203e-05
3.39372e-05
2.35112e-05
1.23951e-05
1.06955e-06
-9.99456e-06
-2.03584e-05
-2.9624e-05
-3.74557e-05
-4.35878e-05
-4.78325e-05
-5.00846e-05
-5.03258e-05
-4.86193e-05
-4.50951e-05
-3.99176e-05
-3.3347e-05
-2.57024e-05
-1.73396e-05
-8.63202e-06
4.94771e-08
8.36184e-06
1.59881e-05
2.2649e-05
2.81131e-05
3.22045e-05
3.37237e-05
3.25573e-05
2.92075e-05
2.4139e-05
1.78013e-05
1.06699e-05
3.87474e-06
-1.9472e-06
-6.10443e-06
-8.06348e-06
-7.91575e-06
-6.05797e-06
-3.6343e-06
-1.35255e-06
5.27973e-07
1.96267e-06
2.92575e-06
3.41001e-06
3.42697e-06
3.00605e-06
2.19321e-06
1.04871e-06
-3.55577e-07
-1.93937e-06
-3.61747e-06
-5.30335e-06
-6.91281e-06
-8.36737e-06
-9.59743e-06
-1.05452e-05
-1.11663e-05
-1.14319e-05
-1.13291e-05
-1.08614e-05
-1.00483e-05
-8.92383e-06
-7.53491e-06
-5.9392e-06
-4.20236e-06
-2.39517e-06
-5.90378e-07
1.14034e-06
2.72951e-06
4.1167e-06
5.25106e-06
6.09333e-06
6.61738e-06
6.81103e-06
6.67627e-06
6.22843e-06
5.49654e-06
4.51961e-06
3.34464e-06
2.02526e-06
6.19425e-07
-8.12878e-07
-2.21205e-06
-3.52113e-06
-4.68788e-06
-5.66736e-06
-6.42227e-06
-6.92473e-06
-7.15718e-06
-7.11276e-06
-6.79546e-06
-6.21969e-06
-5.40965e-06
-4.39825e-06
-3.2257e-06
-2.12502e-06
-1.02064e-06
1.46719e-07
1.32701e-06
2.47082e-06
3.93862e-06
5.86742e-06
8.27876e-06
1.11236e-05
1.43055e-05
1.76949e-05
2.11412e-05
2.44822e-05
2.75518e-05
3.01551e-05
3.24022e-05
3.40423e-05
3.48756e-05
3.4767e-05
3.3672e-05
3.0712e-05
2.51503e-05
1.71899e-05
7.35358e-06
-3.78299e-06
-1.56158e-05
-2.75372e-05
-3.89609e-05
-4.93444e-05
-5.821e-05
-6.51626e-05
-6.9902e-05
-7.22331e-05
-7.20704e-05
-6.9438e-05
-6.41931e-05
-5.66934e-05
-4.73962e-05
-3.67873e-05
-2.53011e-05
-1.33996e-05
-1.55255e-06
9.78304e-06
2.01814e-05
2.92661e-05
3.67235e-05
4.23158e-05
4.5889e-05
4.73759e-05
4.67969e-05
4.42563e-05
3.99341e-05
3.40768e-05
2.6985e-05
1.89989e-05
1.04836e-05
1.81244e-06
-6.64772e-06
-1.45518e-05
-2.15894e-05
-2.74964e-05
-3.2064e-05
-3.51454e-05
-3.66592e-05
-3.65904e-05
-3.49885e-05
-3.19633e-05
-2.76781e-05
-2.23416e-05
-1.30705e-05
-3.8363e-06
5.02627e-06
1.32045e-05
2.04196e-05
2.64375e-05
3.13524e-05
3.53138e-05
3.82553e-05
4.01035e-05
4.0801e-05
4.03172e-05
3.86519e-05
3.58474e-05
3.19858e-05
2.71832e-05
2.15861e-05
1.53652e-05
8.70959e-06
1.82132e-06
-5.09691e-06
-1.18485e-05
-1.82497e-05
-2.41361e-05
-2.93674e-05
-3.38325e-05
-3.74078e-05
-3.99201e-05
-4.12479e-05
-4.13237e-05
-4.01354e-05
-3.77253e-05
-3.4186e-05
-2.96553e-05
-2.43098e-05
-1.83566e-05
-1.20243e-05
-5.55293e-06
8.15693e-07
6.27306e-06
1.12859e-05
1.56755e-05
1.92919e-05
2.20197e-05
2.37818e-05
2.45421e-05
2.43056e-05
2.31175e-05
2.106e-05
1.82486e-05
1.48258e-05
1.09545e-05
6.81226e-06
2.58196e-06
-1.55632e-06
-5.43181e-06
-8.89018e-06
-1.17995e-05
-1.4055e-05
-1.55827e-05
-1.63412e-05
-1.63225e-05
-1.55511e-05
-1.40822e-05
-1.19977e-05
-9.40239e-06
-6.41844e-06
-3.17985e-06
1.73621e-07
3.50237e-06
6.67273e-06
8.98477e-06
1.01089e-05
1.04295e-05
1.02718e-05
1.00379e-05
1.01599e-05
1.08385e-05
1.21265e-05
1.40012e-05
1.63891e-05
1.92029e-05
2.23247e-05
2.55984e-05
2.88489e-05
3.18998e-05
3.4581e-05
3.67235e-05
3.81486e-05
3.87012e-05
3.82702e-05
3.67916e-05
3.42486e-05
3.06718e-05
2.61356e-05
2.07551e-05
1.46799e-05
8.08814e-06
1.17807e-06
-5.83958e-06
-1.27504e-05
-1.93448e-05
-2.5426e-05
-3.08173e-05
-3.53685e-05
-3.89609e-05
-4.15104e-05
-4.4626e-05
-4.73223e-05
-4.98631e-05
-5.21452e-05
-5.39135e-05
-5.49536e-05
-5.50991e-05
-5.42358e-05
-5.23046e-05
-4.93011e-05
-4.52737e-05
-4.03192e-05
-3.45772e-05
-2.82224e-05
-2.14554e-05
-1.44938e-05
-7.56228e-06
-8.82725e-07
5.33477e-06
1.09007e-05
1.56537e-05
1.94662e-05
2.22492e-05
2.39552e-05
2.45786e-05
2.41554e-05
2.27601e-05
2.05016e-05
1.75184e-05
1.39716e-05
1.00382e-05
5.90355e-06
1.7537e-06
-2.23201e-06
-6.13633e-06
-9.68414e-06
-1.26197e-05
-1.47708e-05
-1.60924e-05
-1.65183e-05
-1.58575e-05
-1.41116e-05
-1.1398e-05
-7.89025e-06
-3.80209e-06
6.15043e-07
5.0931e-06
9.35967e-06
1.31992e-05
1.64816e-05
1.91019e-05
2.09835e-05
2.2081e-05
2.23803e-05
2.18993e-05
2.06855e-05
1.88135e-05
1.63814e-05
1.35061e-05
1.0318e-05
6.95586e-06
3.56078e-06
2.70703e-07
-2.78499e-06
-5.49034e-06
-7.74698e-06
-9.47756e-06
-1.06282e-05
-1.11698e-05
-1.10989e-05
-1.04365e-05
-9.22733e-06
-7.43857e-06
-5.25874e-06
-2.7992e-06
-1.67471e-07
2.52483e-06
5.16663e-06
7.65194e-06
9.88399e-06
1.17789e-05
1.32689e-05
1.43042e-05
1.4855e-05
1.49118e-05
1.44854e-05
1.36064e-05
1.23226e-05
1.06971e-05
8.80464e-06
6.72829e-06
4.55607e-06
2.37697e-06
2.77356e-07
-1.6624e-06
-3.37098e-06
-4.7887e-06
-5.86956e-06
-6.58264e-06
-6.91282e-06
-6.8608e-06
-6.44256e-06
-5.68814e-06
-4.63999e-06
-3.52358e-06
-2.25601e-06
-8.26524e-07
6.99814e-07
2.3981e-06
4.15907e-06
5.89461e-06
7.47455e-06
8.77769e-06
9.73949e-06
1.03336e-05
1.05488e-05
1.03894e-05
9.87388e-06
9.03449e-06
7.91504e-06
6.56899e-06
5.05702e-06
3.44438e-06
1.79813e-06
1.84458e-07
-1.33395e-06
-2.70029e-06
-3.86568e-06
-4.79083e-06
-5.4473e-06
-5.81826e-06
-5.89877e-06
-5.69562e-06
-5.22665e-06
-4.51975e-06
-3.61129e-06
-2.54454e-06
-1.36761e-06
-1.31475e-07
1.1123e-06
2.31354e-06
3.42539e-06
4.40612e-06
5.22059e-06
5.84147e-06
6.25005e-06
6.43681e-06
6.40143e-06
6.15255e-06
5.70709e-06
5.08928e-06
4.32943e-06
3.46246e-06
2.52629e-06
1.56065e-06
6.04297e-07
-3.05907e-07
-1.13635e-06
-1.85783e-06
-2.44655e-06
-2.88486e-06
-3.16172e-06
-3.27283e-06
-3.22057e-06
-3.01364e-06
-2.66645e-06
-2.19836e-06
-1.6327e-06
-9.95704e-07
-3.15414e-07
3.79511e-07
1.06095e-06
1.70238e-06
2.27985e-06
2.57013e-06
2.70343e-06
2.78196e-06
2.80209e-06
2.76275e-06
2.66542e-06
2.66332e-06
2.85884e-06
3.23302e-06
3.73409e-06
4.28603e-06
4.79735e-06
5.16919e-06
5.30246e-06
5.10263e-06
4.59226e-06
3.81039e-06
2.80489e-06
1.63041e-06
3.46093e-07
-9.86833e-07
-2.30748e-06
-3.55765e-06
-4.68397e-06
-5.63987e-06
-6.38715e-06
-6.89725e-06
-7.15212e-06
-7.14456e-06
-6.87828e-06
-6.36747e-06
-5.63583e-06
-4.71554e-06
-3.64571e-06
-2.47059e-06
-1.23765e-06
4.37379e-09
1.20747e-06
2.32627e-06
3.31978e-06
4.15294e-06
4.79787e-06
5.23486e-06
5.45297e-06
5.45024e-06
5.2336e-06
4.81832e-06
4.22719e-06
3.48891e-06
2.63771e-06
1.71152e-06
7.50445e-07
-2.05341e-07
-1.11722e-06
-1.94959e-06
-2.67121e-06
-3.25632e-06
-3.68542e-06
-3.94595e-06
-4.03244e-06
-3.94657e-06
-3.69686e-06
-3.29809e-06
-2.77051e-06
-2.1388e-06
-1.431e-06
-6.77222e-07
9.15499e-08
8.44751e-07
1.55331e-06
2.01639e-06
2.33395e-06
2.59006e-06
2.77423e-06
2.87921e-06
3.24269e-06
3.98058e-06
5.10294e-06
6.56095e-06
8.26998e-06
1.01236e-05
1.20044e-05
1.37936e-05
1.53818e-05
1.5767e-05
1.5004e-05
1.32061e-05
1.05123e-05
7.09058e-06
3.13069e-06
-1.16415e-06
-5.58543e-06
-9.92767e-06
-1.39963e-05
-1.76151e-05
-2.06322e-05
-2.29255e-05
-2.44067e-05
-2.50234e-05
-2.47604e-05
-2.36394e-05
-2.17161e-05
-1.9078e-05
-1.58393e-05
-1.2136e-05
-8.11962e-06
-3.9508e-06
2.07445e-07
4.1963e-06
7.86746e-06
1.10888e-05
1.37494e-05
1.57633e-05
1.70726e-05
1.7649e-05
1.74942e-05
1.66388e-05
1.51405e-05
1.30811e-05
1.0562e-05
7.70013e-06
4.62201e-06
1.45904e-06
-1.65803e-06
-4.60429e-06
-7.26554e-06
-9.54256e-06
-1.13546e-05
-1.26422e-05
-1.33686e-05
-1.35207e-05
-1.3109e-05
-1.21662e-05
-1.07452e-05
-8.91638e-06
-6.6744e-06
-4.22036e-06
-1.65663e-06
9.13167e-07
3.52057e-06
5.78961e-06
7.78408e-06
9.43437e-06
1.06864e-05
1.15031e-05
1.18658e-05
1.19346e-05
1.1985e-05
1.18367e-05
1.14519e-05
1.07872e-05
9.79822e-06
8.44516e-06
6.69701e-06
4.60464e-06
2.27229e-06
-1.40927e-07
-2.58235e-06
-4.94525e-06
-7.12989e-06
-9.04715e-06
-1.06217e-05
-1.17944e-05
-1.25241e-05
-1.27888e-05
-1.25856e-05
-1.19305e-05
-1.08572e-05
-9.4151e-06
-7.66693e-06
-5.68611e-06
-3.55325e-06
-1.35294e-06
8.29663e-07
2.91223e-06
4.81837e-06
6.48055e-06
7.84239e-06
8.8607e-06
9.50676e-06
9.7671e-06
9.64361e-06
9.15313e-06
8.3264e-06
7.20645e-06
5.84658e-06
4.30795e-06
2.65697e-06
9.62496e-07
-7.06953e-07
-2.28588e-06
-3.71433e-06
-4.94025e-06
-5.92126e-06
-6.62605e-06
-7.03518e-06
-7.14154e-06
-6.95015e-06
-6.47757e-06
-5.75086e-06
-4.80611e-06
-3.68688e-06
-2.44209e-06
-1.12399e-06
2.14034e-07
1.51956e-06
2.74313e-06
3.8401e-06
4.77212e-06
5.50852e-06
6.02724e-06
6.31466e-06
6.36684e-06
4.28734e-06
-4.89319e-07
-7.12826e-06
-1.47775e-05
-2.27109e-05
-3.03009e-05
-3.71622e-05
-4.09357e-05
-4.16812e-05
-3.95654e-05
-3.48545e-05
-2.79003e-05
-1.9125e-05
-9.00307e-06
1.95811e-06
1.32392e-05
2.4329e-05
3.47437e-05
4.40454e-05
5.1857e-05
5.86624e-05
6.40582e-05
6.77176e-05
6.94107e-05
6.90016e-05
6.64454e-05
6.17842e-05
5.51416e-05
4.66732e-05
3.6598e-05
2.51901e-05
1.28415e-05
7.7734e-08
-1.25753e-05
-2.46117e-05
-3.55647e-05
-4.50237e-05
-5.26485e-05
-5.81811e-05
-6.14535e-05
-6.23919e-05
-6.10172e-05
-5.74415e-05
-5.18609e-05
-4.45451e-05
-3.58248e-05
-2.60769e-05
-1.57075e-05
-5.13418e-06
5.2293e-06
1.49892e-05
2.37866e-05
3.13106e-05
3.7309e-05
4.15966e-05
4.40604e-05
4.46616e-05
4.34351e-05
4.04861e-05
3.59837e-05
3.01521e-05
2.32604e-05
1.56103e-05
7.5237e-06
-6.70634e-07
-8.65013e-06
-1.61107e-05
-2.27777e-05
-2.84152e-05
-3.28354e-05
-3.59041e-05
-3.75451e-05
-3.77409e-05
-4.28675e-05
-5.23632e-05
-6.52965e-05
-8.08e-05
-9.80192e-05
-0.000115657
-0.000132586
-0.000146891
-0.000154234
-0.000151611
-0.000138381
-0.000115666
-8.50399e-05
-4.82057e-05
-6.38556e-06
3.81613e-05
8.3383e-05
0.000127258
0.000167869
0.000203197
0.000231883
0.000252866
0.000265413
0.000269136
0.000264
0.000250308
0.000228684
0.00020004
0.000165534
0.000126517
8.44822e-05
4.1001e-05
-2.225e-06
-4.36556e-05
-8.18686e-05
-0.000115589
-0.000143865
-0.000165718
-0.000180652
-0.000188345
-0.000188737
-0.000182044
-0.000168737
-0.000149523
-0.000125309
-9.71677e-05
-6.62837e-05
-3.39088e-05
-1.31177e-06
3.02701e-05
5.9676e-05
8.58626e-05
0.000107939
0.000125196
0.000137123
0.000143429
0.000144036
0.000139085
0.000128915
0.000114051
9.51717e-05
7.3087e-05
4.86981e-05
2.29636e-05
-3.29649e-06
-2.89328e-05
-5.35357e-05
-7.63287e-05
-9.57971e-05
-0.000111293
-0.000122388
-0.00012883
-0.000130518
-0.000127524
-0.00012009
-0.000108613
-9.36244e-05
-7.57703e-05
-5.57828e-05
-3.44517e-05
-1.25936e-05
8.97795e-06
2.94827e-05
4.82008e-05
6.44973e-05
7.78436e-05
8.78327e-05
9.41909e-05
9.67843e-05
9.56193e-05
9.08391e-05
8.27146e-05
7.16313e-05
5.80723e-05
4.25988e-05
2.58265e-05
8.40285e-06
-9.01767e-06
-2.57971e-05
-4.1337e-05
-5.50991e-05
-6.66232e-05
-7.55427e-05
-8.15951e-05
-8.46295e-05
-8.46095e-05
-8.16119e-05
-7.58215e-05
-6.75215e-05
-5.70799e-05
-4.49342e-05
-3.15729e-05
-1.75162e-05
-3.29557e-06
1.05658e-05
2.35704e-05
3.52646e-05
4.52543e-05
5.32184e-05
5.89185e-05
6.22061e-05
6.30255e-05
6.14132e-05
5.74937e-05
5.14726e-05
4.36275e-05
3.42955e-05
2.38592e-05
1.27316e-05
1.33969e-06
-9.89119e-06
-2.05534e-05
-3.02711e-05
-3.87137e-05
-4.60984e-05
-5.21816e-05
-5.64574e-05
-5.85767e-05
-5.85033e-05
-5.6286e-05
-5.20525e-05
-4.60021e-05
-3.8379e-05
-2.9363e-05
-1.91972e-05
-8.16285e-06
3.42835e-06
1.52025e-05
2.65004e-05
3.68302e-05
4.57096e-05
5.27203e-05
5.75224e-05
5.98657e-05
5.95976e-05
5.67765e-05
5.16015e-05
4.43503e-05
3.53674e-05
2.50497e-05
1.38311e-05
2.1652e-06
-9.49113e-06
-2.06946e-05
-3.10313e-05
-4.01308e-05
-4.76784e-05
-5.3425e-05
-5.71951e-05
-5.88909e-05
-5.84939e-05
-5.60637e-05
-5.17337e-05
-4.57044e-05
-3.82347e-05
-2.96303e-05
-2.0232e-05
-1.04021e-05
-5.10197e-07
9.08064e-06
1.80273e-05
2.60189e-05
3.27878e-05
3.81179e-05
4.18526e-05
4.39008e-05
4.42364e-05
4.28969e-05
3.99799e-05
3.56378e-05
3.0071e-05
2.35184e-05
1.62478e-05
8.54527e-06
7.04026e-07
-6.98649e-06
-1.42501e-05
-2.08343e-05
-2.65181e-05
-3.11198e-05
-3.45013e-05
-3.65727e-05
-3.72935e-05
-3.66725e-05
-3.52491e-05
-3.25494e-05
-2.94452e-05
-2.59497e-05
-2.18351e-05
-1.69839e-05
-1.15667e-05
-5.77996e-06
3.37303e-07
6.69032e-06
1.31625e-05
1.9626e-05
2.59483e-05
3.17933e-05
3.68011e-05
4.06676e-05
4.31352e-05
4.40024e-05
4.31308e-05
4.04836e-05
3.62161e-05
3.05381e-05
2.37044e-05
1.6005e-05
7.75379e-06
-7.23713e-07
-9.10197e-06
-1.70673e-05
-2.4329e-05
-3.0629e-05
-3.57511e-05
-3.95273e-05
-4.18428e-05
-4.26393e-05
-4.19155e-05
-3.97262e-05
-3.61794e-05
-3.14305e-05
-2.56763e-05
-1.91466e-05
-1.20952e-05
-4.79002e-06
2.4971e-06
9.50062e-06
1.59711e-05
2.16842e-05
2.64483e-05
3.01114e-05
3.25651e-05
3.37483e-05
3.36479e-05
3.22973e-05
2.97754e-05
2.62032e-05
2.17378e-05
1.65663e-05
1.08977e-05
4.95429e-06
-1.03662e-06
-6.85136e-06
-1.22782e-05
-1.7125e-05
-2.1226e-05
-2.44468e-05
-2.66896e-05
-2.78949e-05
-2.80437e-05
-2.71563e-05
-2.5291e-05
-2.25406e-05
-1.90281e-05
-1.62975e-05
-1.39557e-05
-1.17386e-05
-9.43699e-06
-6.9843e-06
-4.45032e-06
-1.91122e-06
1.1538e-06
4.59256e-06
8.36614e-06
1.24249e-05
1.65561e-05
2.04994e-05
2.4003e-05
2.68299e-05
2.87682e-05
2.96728e-05
2.95276e-05
2.83569e-05
2.62233e-05
2.32245e-05
1.94886e-05
1.51681e-05
1.04342e-05
5.46941e-06
4.60662e-07
-4.40776e-06
-8.96113e-06
-1.30405e-05
-1.65085e-05
-1.92535e-05
-2.11936e-05
-2.22786e-05
-2.24915e-05
-2.18481e-05
-2.03959e-05
-1.82114e-05
-1.53968e-05
-1.20751e-05
-8.3856e-06
-4.47806e-06
-5.06759e-07
3.37537e-06
7.02258e-06
1.03017e-05
1.30971e-05
1.53142e-05
1.68832e-05
1.77607e-05
1.7931e-05
1.74053e-05
1.62214e-05
1.44402e-05
1.2144e-05
9.43253e-06
6.41841e-06
3.22285e-06
-2.92723e-08
-3.21416e-06
-6.21372e-06
-8.91986e-06
-1.12383e-05
-1.30918e-05
-1.44225e-05
-1.51934e-05
-1.53891e-05
-1.50161e-05
-1.41021e-05
-1.26942e-05
-1.08566e-05
-8.6679e-06
-7.94751e-06
-8.38064e-06
-9.50457e-06
-1.09273e-05
-1.24513e-05
-1.39819e-05
-1.43928e-05
-1.35358e-05
-1.15421e-05
-8.5463e-06
-4.71245e-06
-3.24146e-07
4.39692e-06
9.22708e-06
1.39487e-05
1.83579e-05
2.22713e-05
2.55317e-05
2.80135e-05
2.96255e-05
3.03132e-05
3.00595e-05
2.88839e-05
2.68403e-05
2.40145e-05
2.05193e-05
1.64895e-05
1.20768e-05
7.44302e-06
2.75403e-06
-1.82655e-06
-6.14325e-06
-1.00543e-05
-1.34365e-05
-1.61889e-05
-1.82366e-05
-1.95318e-05
-2.00555e-05
-1.98174e-05
-1.88541e-05
-1.72279e-05
-1.50231e-05
-1.23427e-05
-9.30358e-06
-6.03218e-06
-2.65907e-06
6.85814e-07
3.87804e-06
6.80314e-06
9.36059e-06
1.14668e-05
1.30575e-05
1.409e-05
1.45433e-05
1.44187e-05
1.37386e-05
1.25452e-05
1.08981e-05
8.87188e-06
6.79971e-06
4.53646e-06
2.11182e-06
-3.78545e-07
-2.82721e-06
-5.15877e-06
-7.29025e-06
-9.14839e-06
-1.06733e-05
-1.18181e-05
-1.39535e-05
-1.65028e-05
-1.90255e-05
-2.11456e-05
-2.26381e-05
-2.3442e-05
-2.35273e-05
-2.22958e-05
-1.98501e-05
-1.62113e-05
-1.14421e-05
-5.80037e-06
3.83934e-07
6.76441e-06
1.29887e-05
1.87138e-05
2.36503e-05
2.76338e-05
3.05398e-05
3.22871e-05
3.28394e-05
3.22055e-05
3.04371e-05
2.76259e-05
2.38993e-05
1.94145e-05
1.43522e-05
8.90887e-06
3.29007e-06
-2.29794e-06
-7.65546e-06
-1.25964e-05
-1.69547e-05
-2.05897e-05
-2.33907e-05
-2.528e-05
-2.62152e-05
-2.61895e-05
-2.52312e-05
-2.34016e-05
-2.07922e-05
-1.75204e-05
-1.37248e-05
-9.55914e-06
-5.18673e-06
-7.73839e-07
3.51638e-06
