8.19683e-07
4.06894e-06
1.12987e-05
2.40015e-05
4.34689e-05
7.06616e-05
0.000106253
0.000150687
0.00020423
0.000267015
0.000339081
0.000420396
0.000510858
0.000610276
0.000718361
0.000834714
0.000958826
0.00109007
0.0012277
0.00137084
0.0015185
0.00166952
0.00182265
0.00197647
0.00212942
0.00227981
0.00242577
0.00256532
0.00269633
0.00281657
0.00292374
0.00301545
0.00308926
0.00314271
0.00317329
0.00317849
0.00315579
0.00310269
0.00301669
0.00289535
0.00273627
0.00253707
0.00229548
0.00200927
0.00167628
0.00129448
0.000861887
0.000376651
-0.000162983
-0.000758651
-0.00141187
-0.00212404
-0.00289641
-0.00373012
-0.00462612
-0.00558522
-0.00660809
-0.00769522
-0.00884693
-0.0100634
-0.0113446
-0.0126904
-0.0141005
-0.0155743
-0.0171113
-0.0187106
-0.0203714
-0.0220927
-0.0238733
-0.0257119
-0.0276074
-0.0295581
-0.0315628
-0.0336198
-0.0357277
-0.0378849
-0.0400898
-0.0423408
-0.0446365
-0.0469752
-0.0493555
-0.0517759
-0.0542351
-0.0567316
-0.0592643
-0.0618319
-0.0644333
-0.0670674
-0.0697333
-0.0724299
-0.0751564
-0.0779122
-0.0806965
-0.0835088
-0.0863485
-0.0892154
-0.092109
-0.0950293
-0.0979761
-0.100949
-0.10395
-0.106977
-0.110031
-0.113113
-0.116223
-0.119362
-0.122531
-0.12573
-0.128959
-0.132221
-0.135515
-0.138843
-0.142204
-0.145601
-0.149033
-0.152502
-0.156007
-0.15955
-0.16313
-0.166749
-0.170407
-0.174104
-0.17784
-0.181616
-0.185431
-0.189285
-0.193178
-0.197111
-0.201083
-0.205095
-0.209145
-0.213234
-0.217362
-0.221529
-0.225734
-0.229978
-0.234261
-0.238583
-0.242943
-0.247342
-0.25178
-0.256258
-0.260775
-0.265332
-0.26993
-0.274569
-0.279249
-0.28397
-0.288734
-0.29354
-0.29839
-0.303283
-0.308219
-0.3132
-0.318226
-0.323295
-0.32841
-0.33357
-0.338776
-0.344026
-0.349323
-0.354665
-0.360053
-0.365488
-0.370969
-0.376497
-0.382073
-0.387695
-0.393365
-0.399083
-0.404848
-0.410662
-0.416525
-0.422436
-0.428397
-0.434407
-0.440466
-0.446576
-0.452735
-0.458945
-0.465206
-0.471518
-0.477882
-0.484297
-0.490764
-0.497284
-0.503856
-0.510482
-0.517161
-0.523894
-0.530681
-0.537522
-0.544418
-0.551369
-0.558377
-0.565442
-0.572566
-0.579751
-0.586997
-0.594309
-0.601686
-0.609133
-0.616651
-0.624243
-0.631912
-0.639659
-0.647488
-0.6554
-0.663398
-0.671482
-0.679656
-0.687919
-0.696272
-0.704717
-0.713254
-0.721883
-0.730604
-0.739418
-0.748323
-0.75732
-0.766409
-0.775589
-0.78486
-0.794223
-0.803677
-0.813224
-0.822864
-0.832598
-0.842426
-0.852349
-0.86237
-0.872489
-0.882709
-0.893032
-0.90346
-0.913995
-0.924641
-0.935401
-0.946278
-0.957276
-0.968398
-0.97965
-0.991035
-1.00256
-1.01423
-1.02604
-1.03802
-1.05015
-1.06245
-1.07492
-1.08757
-1.10041
-1.11345
-1.12669
-1.14013
-1.1538
-1.16769
-1.18182
-1.1962
-1.21083
-1.22573
-1.2409
-1.25636
-1.27212
-1.28819
-1.30458
-1.3213
-1.33838
-1.35581
-1.37363
-1.39183
-1.41044
-1.42947
-1.44894
-1.46886
-1.48925
-1.51013
-1.53151
-1.55341
-1.57585
-1.59884
-1.62241
-1.64657
-1.67134
-1.69674
-1.72279
-1.74952
-1.77692
-1.80504
-1.83388
-1.86347
-1.89382
-1.92495
-1.95689
-1.98964
-2.02322
-2.05765
-2.09296
-2.12914
-2.16623
-2.20423
-2.24315
-2.28303
-2.32386
