0.00010762
0.000320668
0.000636446
0.00105175
0.00155676
0.00214649
0.00281332
0.00354683
0.00433502
0.00516353
0.00601615
0.00687519
0.00772283
0.00854079
0.00931046
0.0100129
0.0106303
0.0111498
0.0115612
0.011855
0.0120233
0.0120602
0.0119614
0.0117244
0.0113481
0.0108334
0.0101826
0.00939811
0.00848256
0.00744236
0.0062844
0.00501603
0.00364501
0.00217938
0.000627054
-0.00100396
-0.00270562
-0.00446996
-0.00628916
-0.00815561
-0.0100619
-0.0120016
-0.0139675
-0.0159531
-0.0179524
-0.0199598
-0.0219696
-0.0239758
-0.0259721
-0.0279511
-0.0299116
-0.0318511
-0.0337674
-0.035659
-0.0375249
-0.0393644
-0.0411769
-0.0429618
-0.0447182
-0.0464453
-0.0481418
-0.0498062
-0.0514374
-0.0530367
-0.054606
-0.0561479
-0.0576655
-0.059162
-0.0606408
-0.0621048
-0.0635561
-0.0649967
-0.0664279
-0.067851
-0.0692672
-0.0706776
-0.0720828
-0.0734836
-0.0748806
-0.0762653
-0.0776528
-0.0790427
-0.0804348
-0.0818293
-0.0832254
-0.0846213
-0.0860144
-0.0874016
-0.0887811
-0.0901524
-0.0915155
-0.0928703
-0.0942175
-0.0955581
-0.0968933
-0.0982245
-0.0995534
-0.100882
-0.102212
-0.103547
-0.104873
-0.10619
-0.107502
-0.10881
-0.110115
-0.111419
-0.112722
-0.114027
-0.115333
-0.116641
-0.117953
-0.119268
-0.120587
-0.12191
-0.123239
-0.124574
-0.125915
-0.127265
-0.128624
-0.129994
-0.131376
-0.132772
-0.134184
-0.135613
-0.13706
-0.138524
-0.140007
-0.141509
-0.143033
-0.144579
-0.146123
-0.147665
-0.149205
-0.150744
-0.152281
-0.153816
-0.155348
-0.156875
-0.158395
-0.159907
-0.161406
-0.162889
-0.164353
-0.165796
-0.167214
-0.168609
-0.169979
-0.171324
-0.172642
-0.173934
-0.175207
-0.17648
-0.177749
-0.179013
-0.180273
-0.181527
-0.182776
-0.184019
-0.185256
-0.186487
-0.187713
-0.188932
-0.190146
-0.191353
-0.192555
-0.193751
-0.194941
-0.196124
-0.197302
-0.198473
-0.199637
-0.200795
-0.201947
-0.203091
-0.204228
-0.205358
-0.20648
-0.207593
-0.208698
-0.209794
-0.210922
-0.212083
-0.213273
-0.214495
-0.215746
-0.217028
-0.218342
-0.21969
-0.221071
-0.222486
-0.223934
-0.225416
-0.226933
-0.228487
-0.230078
-0.231709
-0.23338
-0.235094
-0.236853
-0.238661
-0.240513
-0.242399
-0.244318
-0.246266
-0.248242
-0.250241
-0.252259
-0.25429
-0.25633
-0.258373
-0.260417
-0.262457
-0.264489
-0.26651
-0.268518
-0.270511
-0.272491
-0.274459
-0.276417
-0.278367
-0.280313
-0.282258
-0.284203
-0.286153
-0.28811
-0.29008
-0.292064
-0.294066
-0.296089
-0.298134
-0.300143
-0.302112
-0.304036
-0.305911
-0.307727
-0.309477
-0.311154
-0.312753
-0.314272
-0.31571
-0.317064
-0.318329
-0.319503
-0.320587
-0.321581
-0.322483
-0.323294
-0.324014
-0.324642
-0.325178
-0.3256
-0.326001
-0.326393
-0.326769
-0.327116
-0.327416
-0.327656
-0.327823
-0.327904
-0.327888
-0.32776
-0.327514
-0.327128
-0.326592
-0.325881
-0.324962
-0.323715
-0.322134
-0.320221
-0.317986
-0.315472
-0.312715
-0.30979
-0.306724
-0.303524
-0.300177
-0.296695
-0.293091
-0.289321
-0.285409
-0.281915
-0.278863
-0.276255
-0.274104
-0.272381
-0.271115
-0.270381
-0.27024
-0.270728
-0.271865
-0.273668
-0.276144
-0.279293
-0.283112
-0.287596
-0.292742
-0.298549
-0.305044
-0.312244
-0.320158
-0.328849
-0.338353
-0.34874
-0.360053
