5.38102e-07
2.67955e-06
7.46512e-06
1.59061e-05
2.89486e-05
4.74649e-05
7.22639e-05
0.000104065
0.000143474
0.000190967
0.000246865
0.000311322
0.000384312
0.00046563
0.000554886
0.000651503
0.000754719
0.00086362
0.000977175
0.00109426
0.00121365
0.00133406
0.00145417
0.0015726
0.00168796
0.00179887
0.00190395
0.00200186
0.00209126
0.00217088
0.00223952
0.00229602
0.00233932
0.00236845
0.00238248
0.00238059
0.00236205
0.00232617
0.00227237
0.00220015
0.00210906
0.00199874
0.0018689
0.0017193
0.00154977
0.00136021
0.00115056
0.000920833
0.000671094
0.000401478
0.000112164
-0.00019665
-0.000524743
-0.000871874
-0.00123779
-0.00162224
-0.00202495
-0.00244564
-0.00288404
-0.00333986
-0.00381279
-0.00430253
-0.00480875
-0.00533112
-0.00586934
-0.00642311
-0.00699217
-0.00757631
-0.00817532
-0.00878905
-0.00941736
-0.0100601
-0.0107172
-0.0113886
-0.0120742
-0.012774
-0.0134878
-0.0142156
-0.0149574
-0.0157131
-0.0164827
-0.0172662
-0.0180636
-0.0188749
-0.0197002
-0.0205394
-0.0213926
-0.0222597
-0.0231406
-0.0240353
-0.0249436
-0.0258655
-0.026801
-0.0277498
-0.0287121
-0.0296877
-0.0306766
-0.0316788
-0.0326942
-0.033723
-0.0347651
-0.0358204
-0.0368889
-0.0379705
-0.0390651
-0.0401728
-0.0412935
-0.0424272
-0.043574
-0.0447339
-0.0459068
-0.0470929
-0.0482922
-0.0495047
-0.0507305
-0.0519695
-0.053222
-0.0544879
-0.0557673
-0.0570604
-0.0583672
-0.059688
-0.0610228
-0.0623717
-0.0637351
-0.065113
-0.0665057
-0.0679133
-0.069336
-0.070774
-0.0722275
-0.0736965
-0.0751808
-0.0766806
-0.0781957
-0.0797262
-0.081272
-0.0828331
-0.0844095
-0.086001
-0.0876076
-0.089229
-0.0908652
-0.092516
-0.094181
-0.0958602
-0.0975531
-0.0992596
-0.100979
-0.102712
-0.104458
-0.106216
-0.107988
-0.109771
-0.111568
-0.113377
-0.115198
-0.117032
-0.118879
-0.120737
-0.122608
-0.124492
-0.126387
-0.128295
-0.130214
-0.132146
-0.134089
-0.136044
-0.138012
-0.13999
-0.141981
-0.143983
-0.145997
-0.148022
-0.150059
-0.152107
-0.154166
-0.156236
-0.158318
-0.16041
-0.162514
-0.164629
-0.166755
-0.168894
-0.171045
-0.173209
-0.175386
-0.177576
-0.17978
-0.181998
-0.18423
-0.186477
-0.188739
-0.191016
-0.193308
-0.195617
-0.197943
-0.200285
-0.202645
-0.205022
-0.207418
-0.209833
-0.212266
-0.214719
-0.217192
-0.219684
-0.222197
-0.22473
-0.227283
-0.229856
-0.23245
-0.235065
-0.237699
-0.240354
-0.243029
-0.245725
-0.24844
-0.251174
-0.253929
-0.256703
-0.259496
-0.262309
-0.265141
-0.267993
-0.270864
-0.273755
-0.276666
-0.279597
-0.282547
-0.285518
-0.28851
-0.291521
-0.294552
-0.297602
-0.30067
-0.303756
-0.306859
-0.309979
-0.313114
-0.316264
-0.319427
-0.322604
-0.325794
-0.328994
-0.332205
-0.335425
-0.338654
-0.341891
-0.345134
-0.348383
-0.351637
-0.354895
-0.358157
-0.361423
-0.364692
-0.367965
-0.37124
-0.374517
-0.377796
-0.381075
-0.384353
-0.38763
-0.390903
-0.394171
-0.397434
-0.400688
-0.403931
-0.407161
-0.410372
-0.413563
-0.416731
-0.419872
-0.422984
-0.426067
-0.429118
-0.432137
-0.435121
-0.43807
-0.440982
-0.443856
-0.446692
-0.449496
-0.452272
-0.455023
-0.457756
-0.460473
-0.463181
-0.465884
-0.468589
-0.471302
-0.474029
-0.476778
-0.479556
-0.482368
-0.485221
-0.488123
-0.491079
-0.494097
-0.497184
-0.500346
-0.503591
-0.506927
-0.510362
-0.513906
