-5.90677e-07
-2.99944e-06
-8.53165e-06
-1.85434e-05
-3.4377e-05
-5.73074e-05
-8.84996e-05
-0.000128951
-0.000179467
-0.000240648
-0.000312876
-0.000396314
-0.00049091
-0.000596404
-0.000712319
-0.000837948
-0.000972369
-0.00111448
-0.00126303
-0.00141665
-0.00157383
-0.00173298
-0.0018924
-0.00205036
-0.00220506
-0.0023547
-0.00249748
-0.00263161
-0.00275537
-0.00286713
-0.00296537
-0.00304869
-0.00311589
-0.00316592
-0.00319794
-0.00321128
-0.00320552
-0.00318043
-0.00313602
-0.00307249
-0.00299029
-0.00289003
-0.00277252
-0.00263876
-0.00248991
-0.00232731
-0.00215247
-0.00196708
-0.00177307
-0.00157262
-0.001368
-0.00116135
-0.00095473
-0.000750082
-0.000549233
-0.000353854
-0.000165455
1.46304e-05
0.000185245
0.000345411
0.000494333
0.000631408
0.000756162
0.000868226
0.000967392
0.0010536
0.00112695
0.00118769
0.00123625
0.0012732
0.00129928
0.00131536
0.00132239
0.00132143
0.0013136
0.00130007
0.00128207
0.00126083
0.00123762
0.00121338
0.00118928
0.00116707
0.0011484
0.00113483
0.00112789
0.00112905
0.00113973
0.00116125
0.00119488
0.00124181
0.00130316
0.00138003
0.00147345
0.00158445
0.00171408
0.00186341
0.00203354
0.00222566
0.002441
0.00268094
0.0029463
0.00323739
0.0035545
0.00389798
0.00426822
0.00466559
0.00509048
0.00554327
0.00602434
0.00653405
0.00707274
0.00764072
0.00823828
0.00886564
0.00952301
0.0102105
0.0109284
0.0116765
0.0124551
0.0132641
0.0141035
0.0149732
0.0158732
0.0168036
0.0177642
0.0187552
0.0197766
0.0208285
0.021911
0.0230244
0.0241679
0.02534
0.0265389
0.0277632
0.0290113
0.0302817
0.0315729
0.0328836
0.0342124
0.0355578
0.0369185
0.038293
0.0396799
0.0410777
0.0424847
0.0438994
0.04532
0.0467447
0.0481717
0.0495992
0.0510257
0.0524506
0.0538741
0.0552962
0.056717
0.0581366
0.0595549
0.0609719
0.0623878
0.0638024
0.0652158
0.0666279
0.0680385
0.0694477
0.0708552
0.0722609
0.0736646
0.0750662
0.0764654
0.077862
0.0792556
0.0806461
0.082033
0.083416
0.0847948
0.0861689
0.0875379
0.0889014
0.0902588
0.0916095
0.0929547
0.0942969
0.0956386
0.0969821
0.0983299
0.099684
0.101047
0.10242
0.103807
0.105208
0.106627
0.108064
0.109523
0.111005
0.112512
0.114048
0.115614
0.117213
0.118848
0.120522
0.122236
0.123993
0.125795
0.127642
0.129537
0.131481
0.133474
0.135518
0.137613
0.139759
0.141958
0.144208
0.14651
0.148863
0.151268
0.153723
0.156228
0.158782
0.161385
0.164036
0.166735
0.169482
0.172276
0.175117
0.178007
0.180945
0.183932
0.186969
0.190057
0.193196
0.196388
0.199628
0.202914
0.206243
0.209613
0.21302
0.216461
0.219932
0.223431
0.226953
0.230495
0.234053
0.237622
0.241197
0.244775
0.248349
0.251915
0.255467
0.258999
0.262505
0.265978
0.269412
0.272808
0.276164
0.279481
0.282758
0.285997
0.289195
0.292351
0.295465
0.298536
0.301561
0.304541
0.307474
0.310362
0.313204
0.315994
0.318722
0.321372
0.323928
0.326375
0.328697
0.330878
0.332909
0.334779
0.336477
0.33799
0.339306
0.34041
0.341284
0.341931
0.342375
0.34264
0.342747
0.342715
0.342562
0.342305
0.341967
0.341571
0.341142
0.340706
0.340289
0.339915
0.339608
0.33939
0.339283
0.339304
0.339475
0.339814
0.340342
0.341079
0.34205
0.343283
0.34481
