-0.000118135
-0.000363618
-0.000742823
-0.00125952
-0.00190721
-0.00267886
-0.00355959
-0.00453067
-0.00557254
-0.00666368
-0.00778199
-0.00890547
-0.0100137
-0.0110852
-0.0120976
-0.0130283
-0.0138559
-0.0145658
-0.0151447
-0.015579
-0.0158576
-0.0159715
-0.0159133
-0.015678
-0.0152625
-0.0146659
-0.0138896
-0.012937
-0.0118154
-0.0105361
-0.00911075
-0.00755481
-0.0058853
-0.00412082
-0.00228141
-0.000387519
0.00153951
0.00347782
0.00540536
0.00730011
0.00914034
0.0109111
0.0125908
0.014162
0.0156078
0.0169118
0.0180563
0.0190211
0.0197819
0.0203086
0.0206153
0.0207136
0.0206109
0.0203187
0.0198512
0.0192245
0.0184554
0.0175617
0.0165612
0.0154721
0.0143123
0.0131026
0.0118481
0.0105648
0.00926823
0.00797348
0.00669613
0.00545271
0.00425892
0.00313149
0.00208478
0.00113006
0.000276516
-0.000468211
-0.00109789
-0.00160764
-0.00199388
-0.0022542
-0.00238727
-0.0024614
-0.00235759
-0.00208455
-0.00165043
-0.00106274
-0.000324852
0.000557257
0.00157723
0.00272761
0.0039991
0.00538601
0.00688497
0.0084883
0.010195
0.0120053
0.0139208
0.0159447
0.0180823
0.0203405
0.0227286
0.0252584
0.027815
0.0304013
0.0330206
0.0356767
0.0383707
0.0411032
0.0438743
0.0466837
0.0495302
0.052412
0.0553264
0.0582704
0.0612404
0.0642322
0.0672418
0.0702651
0.0732981
0.076337
0.0793783
0.0824187
0.0854561
0.0884884
0.0915183
0.0945485
0.0975805
0.100617
0.10366
0.106716
0.109787
0.112889
0.115821
0.11859
0.1212
0.123655
0.12596
0.128119
0.130134
0.132008
0.133743
0.135339
0.136795
0.138109
0.139273
0.140283
0.141129
0.141806
0.142308
0.142631
0.142773
0.142727
0.142566
0.14242
0.142281
0.142146
0.142016
0.14189
0.141767
0.141647
0.141526
0.141402
0.141274
0.141138
0.140993
0.140836
0.140665
0.140478
0.140272
0.140045
0.139794
0.139517
0.139212
0.138876
0.138506
0.1381
0.137655
0.137168
0.136635
0.136055
0.135422
0.134732
0.134305
0.134132
0.134203
0.134508
0.135041
0.135795
0.136764
0.137952
0.139347
0.140945
0.142738
0.144747
0.146973
0.149425
0.152107
0.155029
0.158202
0.161632
0.165332
0.169315
0.17353
0.177898
0.182426
0.187096
0.191901
0.196822
0.201839
0.206929
0.21207
0.217242
0.222429
0.227613
0.232778
0.23791
0.242994
0.248015
0.252975
0.257875
0.262715
0.267501
0.27227
0.277024
0.281779
0.286554
0.291365
0.296231
0.301173
0.306211
0.311353
0.316641
0.321648
0.326383
0.330834
0.335007
0.338889
0.342465
0.345717
0.34862
0.351156
0.353308
0.355082
0.356433
0.357337
0.357772
0.357718
0.35715
0.35604
0.354359
0.352075
0.349154
0.345392
0.341477
0.337544
0.333645
0.329757
0.325834
0.321842
0.317755
0.313556
0.309244
0.304787
0.300275
0.295668
0.291072
0.286495
0.281875
0.276198
0.269235
0.260771
0.250605
0.238808
0.225412
0.210874
0.195313
0.178721
0.160877
0.141781
0.121433
0.0993215
0.0754575
0.0539608
0.0348685
0.0180188
0.00334506
-0.0096526
-0.0210066
-0.030338
-0.0373422
-0.0418643
-0.0438545
-0.0432755
-0.0401729
-0.0346313
-0.0267875
-0.0167817
-0.00475867
0.00913348
0.0250002
0.0428531
0.0626621
0.0847827
0.109422
0.137128
0.168308
