0.00113597
0.0011359
0.00113588
0.00113665
0.000938
0.000750239
0.000597653
0.000477991
0.000387838
0.000321691
0.000277998
0.00024311
0.00019204
0.000129674
5.84938e-05
-2.02601e-05
-0.000105624
-0.000197393
-0.000296303
-0.000402329
-0.000514952
-0.0006344
-0.000760748
-0.000894085
-0.00103451
-0.00118213
-0.00133707
-0.00149249
-0.00162947
-0.00175917
-0.00188223
-0.00199853
-0.00210789
-0.00221038
-0.00230626
-0.00239552
-0.00247815
-0.00255412
-0.00262342
-0.00268604
-0.00274196
-0.00279117
-0.00283364
-0.00286946
-0.00289862
-0.00292117
-0.00293707
-0.00294628
-0.00294916
-0.00294563
-0.00293554
-0.00291934
-0.0028886
-0.00284857
-0.00280136
-0.00274766
-0.00268755
-0.00262092
-0.00254761
-0.00246744
-0.00238024
-0.00229316
-0.00219698
-0.00210879
-0.00202137
-0.00193431
-0.00184718
-0.00175944
-0.00167063
-0.00158929
-0.00151439
-0.00144587
-0.0013837
-0.00132788
-0.00127839
-0.00123522
-0.00119839
-0.00116792
-0.00114382
-0.00112612
-0.00110863
-0.00110806
-0.00110944
-0.0011105
-0.00111609
-0.00112386
-0.00113449
-0.00114844
-0.00116658
-0.00118871
-0.00121473
-0.00124462
-0.00127838
-0.00131603
-0.00135763
-0.00140323
-0.00145289
-0.0015067
-0.00156472
-0.00162706
-0.00169379
-0.0017665
-0.00183841
-0.00191376
-0.00197579
-0.00202996
-0.00207695
-0.00211706
-0.00215038
-0.00217685
-0.00219637
-0.00220882
-0.00221457
-0.0022146
-0.00220893
-0.00219741
-0.00217982
-0.00215567
-0.00212476
-0.00208688
-0.00204179
-0.00198888
-0.00194315
-0.00190352
-0.00186998
-0.00184251
-0.0018211
-0.00180575
-0.00179646
-0.00179326
-0.00179619
-0.00180765
-0.00181548
-0.00182682
-0.00184264
-0.00186331
-0.00188893
-0.00191953
-0.00195514
-0.00199577
-0.00204152
-0.0020925
-0.0021438
-0.00219577
-0.00222977
-0.00225634
-0.00227411
-0.00228252
-0.00229036
-0.00229841
-0.00230665
-0.00232714
-0.00230449
-0.00226891
-0.00224636
-0.00223432
-0.00223112
-0.00223564
-0.00224713
-0.00226104
-0.00227557
-0.00229041
-0.00230536
-0.00232032
-0.00233522
-0.00235004
-0.00236477
-0.00237944
-0.00239404
-0.00240859
-0.00242313
-0.00243767
-0.00245223
-0.00246685
-0.00248154
-0.00249633
-0.00251125
-0.00252634
-0.00254162
-0.00255716
-0.00257298
-0.00259425
-0.00260706
-0.0026168
-0.00262582
-0.00263612
-0.00264623
-0.00272441
-0.00272628
-0.00269308
-0.00262718
-0.00274065
-0.00288529
-0.00307328
-0.0032743
-0.0034794
-0.00368545
-0.00388606
-0.00408595
-0.00428094
-0.00447558
-0.00462179
-0.00475058
-0.00485135
-0.00493836
-0.00496033
-0.00493669
-0.00487267
-0.00476995
-0.00466627
-0.00455946
-0.00444815
-0.00433136
-0.00420824
-0.00408572
-0.00398599
-0.00392459
-0.00386901
-0.00382117
-0.00378645
-0.00384353
-0.00393636
-0.00405391
-0.00418254
-0.00431623
-0.00445452
-0.00459685
-0.00474266
-0.00488939
-0.00500647
-0.00530772
-0.00562254
-0.00589196
-0.00612215
-0.00632684
-0.00649749
-0.00681011
-0.00713374
-0.00746602
-0.00780595
-0.0081216
-0.00845711
-0.00880264
-0.00915857
-0.00952482
-0.00990144
-0.0102886
-0.0106868
-0.0110963
-0.0115133
-0.0119418
-0.0123687
-0.0128179
-0.0132901
-0.0137617
-0.0142786
-0.0148169
-0.0153782
-0.0159638
-0.0165756
-0.0171884
-0.0178597
-0.0185319
-0.0193039
-0.0201013
-0.0208991
-0.0217469
-0.0225645
-0.0233497
-0.0241211
-0.0248849
-0.0256498
-0.0264721
-0.0273382
-0.0282062
-0.0290766
-0.0299495
-0.0308246
-0.0316739
-0.0325247
-0.0333496
-0.034173
-0.0350056
-0.0358593
-0.036775
-0.0376638
-0.0384496
-0.039172
-0.0398575
-0.0404993
-0.0411015
-0.0416611
-0.0421916
-0.0427155
-0.0432371
-0.0437575
-0.0442761
-0.0448092
-0.0453549
-0.0459046
-0.0464464
-0.0468964
-0.0473735
-0.0478744
