0.000151298
0.000291515
0.000421077
0.000540504
0.00062364
0.000674281
0.000699274
0.000704749
0.000695999
0.000677248
0.000652241
0.000622658
0.000586743
0.000543532
0.000492477
0.000433258
0.000365722
0.00028978
0.00020527
0.00011207
1.01566e-05
-0.0001005
-0.000219915
-0.000348089
-0.000485016
-0.00063068
-0.000785062
-0.00094721
-0.0011137
-0.00128282
-0.00145306
-0.001623
-0.00179129
-0.00195671
-0.00211813
-0.00227455
-0.00242503
-0.0025687
-0.00270479
-0.00283259
-0.00295146
-0.00306083
-0.00316018
-0.00324908
-0.00332714
-0.00339406
-0.00344955
-0.00349339
-0.00352545
-0.00354561
-0.00355379
-0.00355
-0.00353317
-0.00350301
-0.00345959
-0.00340309
-0.00333373
-0.00325173
-0.00315731
-0.00305066
-0.00293201
-0.00280251
-0.00266206
-0.00251286
-0.00235601
-0.00219252
-0.00202327
-0.00184901
-0.00167042
-0.00148927
-0.00130705
-0.00112517
-0.000944917
-0.0007675
-0.000594017
-0.000425484
-0.000262835
-0.000106923
4.14738e-05
0.000181647
0.000313785
0.000435859
0.000548001
0.000650665
0.000743647
0.000827101
0.0009011
0.000965678
0.00102077
0.00106638
0.00110253
0.00112929
0.00114672
0.00115494
0.00115403
0.00114411
0.00112531
0.00109774
0.00106154
0.00101683
0.000963749
0.000902226
0.000833122
0.000756695
0.000675433
0.000590937
0.00050461
0.000417722
0.000331443
0.000246867
0.000165018
8.68584e-05
1.32236e-05
-5.52534e-05
-0.000117999
-0.000174476
-0.000224171
-0.00026656
-0.000301147
-0.000327466
-0.000345071
-0.00035349
-0.000354306
-0.000348866
-0.000338437
-0.000324206
-0.000307285
-0.000288715
-0.000269468
-0.000250453
-0.000232519
-0.000216774
-0.000202619
-0.000190447
-0.000180746
-0.000174013
-0.000170715
-0.000171283
-0.000176108
-0.000185547
-0.000199931
-0.00021957
-0.000244085
-0.000273156
-0.000303995
-0.000335407
-0.000366098
-0.000394791
-0.000421478
-0.000446258
-0.000469228
-0.000492087
-0.000509037
-0.000518729
-0.000523387
-0.000524753
-0.000524231
-0.000522987
-0.000522003
-0.000521584
-0.000521774
-0.000522572
-0.000523947
-0.000525856
-0.000528249
-0.000531074
-0.000534282
-0.000537828
-0.000541672
-0.000545775
-0.000550108
-0.000554641
-0.000559354
-0.000564226
-0.000569245
-0.000574401
-0.000579688
-0.000585105
-0.000590656
-0.00059635
-0.0006022
-0.000608904
-0.000615261
-0.000620866
-0.000625665
-0.000629871
-0.000633491
-0.000645621
-0.000655466
-0.000658493
-0.000650818
-0.000657106
-0.000680508
-0.000725527
-0.000792258
-0.000879537
-0.000985815
-0.00110875
-0.00124675
-0.00139775
-0.00156038
-0.00172695
-0.00189443
-0.00205859
-0.00221741
-0.00236218
-0.00248745
-0.00258889
-0.00266276
-0.0027107
-0.00273398
-0.00273369
-0.00271076
-0.00266601
-0.00260117
-0.00252087
-0.0024315
-0.00233472
-0.00223234
-0.00212676
-0.0020307
-0.00194851
-0.00188272
-0.0018338
-0.00180139
-0.00178499
-0.00178408
-0.00179801
-0.00182583
-0.00186253
-0.00193193
-0.00203335
-0.0021582
-0.0022993
-0.00245172
-0.00260975
-0.00279148
-0.00299624
-0.00322302
-0.00347069
-0.00373391
-0.00401354
-0.00430902
-0.00461986
-0.00494554
-0.00528555
-0.0056394
-0.00600665
-0.00638692
-0.0067793
-0.00718344
-0.00759725
-0.00802195
-0.00845872
-0.00890551
-0.00936647
-0.00984226
-0.0103337
-0.0108415
-0.0113669
-0.0119072
-0.0124679
-0.0130461
-0.0136525
-0.0142868
-0.0149455
-0.0156318
-0.0163379
-0.0170563
-0.0177825
-0.0185129
-0.0192455
-0.019986
-0.0207376
-0.0214979
-0.0222647
-0.0230357
-0.023809
-0.024579
-0.0253441
-0.0260993
-0.0268429
-0.0275753
-0.028298
-0.0290182
-0.0297305
-0.0304199
-0.0310779
-0.0317
-0.0322813
-0.032818
-0.033306
-0.0337437
-0.0341326
-0.0344748
-0.0347726
-0.0350282
-0.0352457
-0.0354289
-0.0355804
-0.0357009
-0.0357801
-0.0358242
-0.0358389
