-0.00065324
-0.000653117
-0.000651983
-0.000649475
-0.000609739
-0.000602834
-0.00058428
-0.000548034
-0.000499861
-0.000434411
-0.000353674
-0.000258846
-0.000157729
-5.05131e-05
6.27603e-05
0.000182121
0.000300773
0.000393042
0.000471953
0.00054988
0.000619409
0.00068099
0.00073437
0.000779362
0.000815798
0.000843502
0.000862283
0.000884161
0.000906416
0.000907155
0.000903798
0.000900132
0.000894114
0.000886677
0.0008805
0.000872925
0.000864899
0.000856803
0.000848835
0.000841095
0.000833441
0.00082536
0.000816372
0.000808396
0.000801608
0.000795383
0.000789373
0.000783361
0.000776302
0.000768007
0.000758462
0.000743696
0.000731979
0.000721353
0.000710591
0.000698901
0.000685696
0.000670632
0.000653392
0.000633697
0.00061126
0.000581936
0.000569017
0.000561867
0.000559133
0.000560862
0.000565914
0.000571281
0.000576512
0.000578984
0.000578537
0.000577082
0.000575499
0.000573824
0.000572083
0.000570305
0.00056851
0.00056672
0.000564932
0.00056287
0.000555715
0.000554898
0.000556007
0.000558872
0.000552143
0.00053952
0.00052084
0.000499574
0.000488386
0.000482406
0.000479091
0.000477189
0.000476072
0.000475478
0.000475218
0.000475225
0.000475473
0.000475952
0.000476666
0.000477622
0.000478996
0.0004837
0.000487836
0.00049206
0.000495449
0.00049957
0.000503835
0.00050783
0.000511589
0.000515403
0.000519282
0.000523065
0.000527117
0.000532601
0.000539608
0.00054812
0.000558113
0.000569562
0.000582414
0.000596617
0.000612113
0.000628839
0.000640563
0.00064738
0.000654011
0.000660876
0.000667988
0.000675349
0.000682961
0.000690832
0.00069887
0.000705588
0.000709501
0.000711413
0.000711495
0.000709573
0.000705317
0.000698328
0.000688179
0.00067443
0.000656643
0.000634382
0.000622906
0.000609847
0.000606537
0.00060798
0.000609003
0.000609095
0.000608321
0.000607363
0.000606225
0.000601696
0.000594498
0.000589215
0.000585872
0.000583416
0.000581466
0.000580085
0.000579631
0.000580564
0.000581665
0.00058276
0.000583825
0.000584847
0.000585816
0.000586726
0.000587569
0.000588341
0.000589037
0.000589652
0.000590181
0.000590619
0.000590961
0.000591202
0.000591338
0.000591362
0.000591269
0.000591054
0.000590709
0.000590229
0.000589732
0.000590099
0.000592764
0.000597276
0.000603647
0.00061233
0.000624131
0.000638532
0.000649348
0.000652659
0.000652914
0.00065323
0.000657182
0.000660593
0.000664242
0.000669307
0.0006713
0.000680151
0.000691176
0.0007058
0.000722908
0.000732198
0.000718571
0.000716834
0.000710753
0.000701737
0.000691072
0.000679189
0.000666516
0.000654428
0.000642845
0.000631703
0.00062093
0.000610413
0.000604048
0.000609598
0.000617723
0.000626903
0.000636932
0.000648197
0.000642977
0.000650267
0.000659255
0.00066821
0.000676782
0.000684813
0.000692157
0.000698674
0.000709117
0.000684822
0.000661392
0.000634894
0.000608729
0.000563349
0.00051336
0.000458601
0.000427455
0.000409981
0.000397898
0.000390698
0.000361455
0.000356704
0.000359
0.00036446
0.000373081
0.000384825
0.000399642
0.000417486
0.000438325
0.000460988
0.000486672
0.000507934
0.0004548
0.000365135
0.000271433
0.000186466
0.000103371
1.83575e-05
-7.23967e-05
-0.000175878
-0.0002821
-0.00043479
-0.000590814
-0.000801242
-0.00103526
-0.00127377
-0.0012344
-0.00113493
-0.000978263
-0.000766999
-0.000569475
-0.000376619
-0.000290459
-0.000236221
-0.000186682
-9.79233e-05
-1.46263e-05
6.32619e-05
0.000230793
0.000393798
0.000551829
0.000707572
0.00089292
0.00109277
0.00137356
0.00166764
0.00191524
0.00212505
0.00231593
0.00250054
0.00267938
0.0028613
0.0030502
0.00325282
0.00347004
0.00370305
0.00395299
0.00419343
0.00443476
0.00468169
0.0049481
0.00517268
0.00532604
0.00541935
