0
0.000213959
0.000296994
0.000368408
0.000456432
0.000305796
4.06603e-05
-6.34208e-05
-0.000277374
-0.00022428
-0.000174573
0.000127751
0.000318924
0.000435652
0.000508888
0.000554881
0.000583622
0.000600252
0.000607768
0.000607988
0.000602066
0.000590778
0.000574741
0.000554671
0.000530286
0.000504166
0.000431387
0.000360753
0.000292203
0.000225585
0.000160754
9.75777e-05
3.59317e-05
-2.42969e-05
-8.32143e-05
-0.000138381
-0.000194027
-0.000247606
-0.000300397
-0.000353385
-0.000405944
-0.000458099
-0.000509873
-0.00056128
-0.000612328
-0.000667325
-0.000719005
-0.000770859
-0.000911021
-0.000962208
-0.00101148
-0.00105914
-0.00110948
-0.00115732
-0.00120408
-0.001249
-0.00129251
-0.00133491
-0.00137642
-0.00141717
-0.00145703
-0.00149628
-0.00153493
-0.00157301
-0.00162105
-0.0016577
-0.00169135
-0.00172419
-0.00176154
-0.00179983
-0.00183919
-0.0017372
-0.00156004
-0.00148237
-0.00139562
-0.00131052
-0.00123538
-0.00117369
-0.0011264
-0.00109336
-0.00107767
-0.00107944
-0.00110674
-0.00114633
-0.0011737
-0.00120076
-0.00122755
-0.00125411
-0.00128042
-0.00130649
-0.00133232
-0.00135791
-0.00138329
-0.00140846
-0.00143341
-0.00145816
-0.00148269
-0.00150702
-0.00153114
-0.00155505
-0.00157877
-0.00160228
-0.00162559
-0.0016487
-0.00167161
-0.00169433
-0.00171686
-0.00173919
-0.00176133
-0.00178329
-0.00180505
-0.00182663
-0.00184802
-0.00186923
-0.00189026
-0.00191111
-0.00193178
-0.00195227
-0.00197258
-0.00199272
-0.00201269
-0.00203252
-0.00205206
-0.00207161
-0.00208895
-0.00210608
-0.00212381
-0.0021427
-0.00216322
-0.00218576
-0.00221066
-0.00223826
-0.00226106
-0.00227974
-0.00229421
-0.00230439
-0.00231441
-0.00226338
-0.00231141
-0.00234617
-0.00237358
-0.00254572
-0.002818
-0.00322157
-0.00376139
-0.004437
-0.00525058
-0.00620166
-0.00729573
-0.00817779
-0.00887209
-0.00939926
-0.00976166
-0.00996497
-0.0099994
-0.00999799
-0.00999731
-0.00999846
-0.010002
-0.0100083
-0.0100181
-0.0100317
-0.0100477
-0.0100636
-0.0100792
-0.0100947
-0.01011
-0.0101251
-0.0101401
-0.0101549
-0.0101696
-0.0101841
-0.0101985
-0.0102127
-0.0102268
-0.0102408
-0.0102546
-0.0102683
-0.0102791
-0.010287
-0.0102923
-0.0102951
-0.0102955
-0.0102937
-0.0102896
-0.0102833
-0.0102749
-0.0102644
-0.0102516
-0.0102365
-0.010219
-0.0101938
-0.0101791
-0.0101706
-0.010166
-0.0101639
-0.0101598
-0.0101727
-0.0101853
-0.0101977
-0.0102098
-0.0102438
-0.0102547
-0.0102651
-0.0102755
-0.0102858
-0.010296
-0.0103062
-0.0103162
-0.0103261
-0.0103359
-0.010205
-0.00994307
-0.00956875
-0.00906873
-0.00844262
-0.0076849
-0.00678905
-0.00604045
-0.0054477
-0.00497631
-0.00459304
-0.0042935
-0.00407758
-0.00394696
-0.00390417
-0.00391259
-0.00392101
-0.00392934
-0.00393758
-0.00394574
-0.00395382
-0.00396182
-0.00396974
-0.00397759
-0.00398536
-0.00399305
-0.00400067
-0.00400821
-0.00401569
-0.00402309
-0.00403042
-0.00403769
-0.00404488
-0.00405201
-0.00405907
-0.00406606
-0.00407299
-0.00407985
-0.00408665
-0.00409339
-0.00410006
-0.00410667
-0.00411322
-0.00411971
-0.00412614
-0.00413251
-0.00413883
-0.00414508
-0.00415128
-0.00415742
-0.00416352
-0.00416951
-0.00417544
-0.00418132
-0.00418713
-0.0041914
-0.0041958
-0.0042003
-0.00419761
-0.00419918
-0.00420308
-0.00420822
-0.00421414
-0.00422011
-0.00422618
-0.00423239
-0.00423867
-0.00424498
-0.00425128
-0.00425753
-0.00462644
-0.00506834
-0.0055483
-0.0061735
-0.00691194
-0.00764537
-0.00813837
-0.0084454
-0.00859078
-0.00859529
-0.00859945
-0.00860362
-0.00860777
-0.00861189
-0.00861598
-0.00862005
-0.00862408
-0.00862809
-0.00863206
-0.008636
-0.0086399
-0.00864378
-0.00864762
-0.00865142
-0.00865519
-0.00865893
-0.00866263
-0.00866629
-0.00866992
-0.00867351
-0.00867706
-0.00868058
-0.00868406
-0.0086875
-0.0086909
-0.00869426
-0.00869758
-0.00870086
-0.00870411
-0.00870731
-0.00871047
-0.00871358
-0.00871666
-0.00871971
-0.00872272
-0.00872571
-0.00872867
-0.00873161
-0.00873451
-0.00873739
-0.00874023
-0.00874129
-0.00875277
-0.00875033
-0.00873708
-0.00871698
-0.008689
-0.00865402
-0.00861271
-0.00856555
-0.008513
-0.00845548
-0.00839344
-0.0083273
-0.0083165
-0.00829835
-0.00827414
-0.00824346
-0.00821422
-0.00818671
-0.00781822
-0.00721565
-0.00655299
-0.0058248
-0.00498201
-0.0040157
-0.00291161
-0.00168725
-0.000463683
0.000493678
0.00127524
0.00195633
0.00256896
0.00311308
0.00354291
0.00382504
0.00393392
0.00393407
0.00393372
0.00393311
0.00393225
0.00393117
0.00392988
0.00392841
0.00392676
0.00392495
0.003923
0.00392091
0.00391871
0.0039164
0.00391398
0.00391148
0.0039089
0.00390625
0.00390352
0.00390075
0.00389792
0.00389504
0.00389212
0.00388916
0.00388617
0.00388315
0.00388011
0.00387705
0.00387397
0.00387087
0.00386777
0.00386466
0.00386154
0.00385842
0.00385529
0.00385216
0.00385176
0.00385126
0.00385177
0.00385219
0.00385244
0.00385248
0.00385229
0.00385186
0.00385114
0.00385011
0.00384841
0.00384544
0.00384239
0.00383933
0.00383628
0.00383306
0.00383011
0.00382707
0.00370122
0.00337808
0.00293269
0.00235082
0.00162532
0.000757761
-0.000247977
-0.00139665
-0.00250453
-0.00338994
-0.00407014
-0.00451452
-0.0047308
-0.00479076
-0.00478828
-0.00478732
-0.0047887
-0.00479085
-0.00477486
-0.00474157
-0.00474289
-0.00473453
-0.00473564
-0.00473781
-0.00473994
-0.00474205
-0.00474414
-0.00474619
-0.00474823
-0.00475023
-0.00475222
-0.00475418
-0.00475612
-0.00475803
-0.00475992
-0.00476179
-0.00476364
-0.00476547
-0.00476727
-0.00476905
-0.00477082
-0.00477256
-0.00477428
-0.00477598
-0.00477766
-0.00477933
-0.00478097
-0.00478259
-0.0047842
-0.00478579
-0.00478736
-0.00478893
-0.00479211
-0.00479574
-0.00479982
-0.00480378
-0.00480753
-0.00481107
-0.00481442
-0.00481758
-0.00482057
-0.00482341
-0.00482611
-0.00482868
-0.00483113
-0.00483348
-0.00483572
-0.00483787
-0.00483995
-0.00484194
-0.00457304
-0.00406538
-0.00333435
-0.00240381
-0.00145869
-0.000696645
-0.000135728
0.000289379
0.000568592
0.000673876
0.000672587
0.000671159
0.000669761
0.00066839
0.000667044
0.000665721
0.00066442
0.000663139
0.000661876
0.000660631
0.000659402
0.000658188
0.000656988
0.000655803
0.000654629
0.000653464
0.000652309
0.000651162
0.000644292
0.000632808
0.000618126
0.000617093
0.000616059
0.000610695
0.000602217
0.000601349
0.000600285
0.000599228
0.000598183
0.000597148
0.000596123
0.000595109
0.000594105
0.000593112
0.000592129
0.000591155
0.000590192
0.000589238
0.000588293
0.000587358
0.000590425
0.000647856
0.000691698
0.000724693
0.000750007
0.000769688
0.00078502
0.000796848
0.000805768
0.000812231
0.000816644
0.000819401
0.000820889
0.0008215
0.00081816
0.000814672
0.000811125
0.00080757
0.000804033
0.000800555
0.000432725
-0.000254303
-0.00122126
-0.00243258
-0.00388571
-0.00553605
-0.00692424
-0.00808167
-0.00906811
-0.00989869
-0.0103545
-0.0106555
-0.010695
-0.010697
-0.0106986
-0.0107
-0.0107012
-0.0107022
-0.0107031
-0.0107038
-0.0107043
-0.0107048
-0.0107052
-0.0107055
-0.0107057
-0.0107058
-0.010706
-0.0107063
-0.0107066
-0.0107068
-0.0107069
-0.0107071
-0.0107072
-0.0107042
-0.0107003
-0.0106951
-0.0107057
-0.0107112
-0.0107109
-0.0107107
-0.0107104
-0.0107102
-0.0107101
-0.0107099
-0.0107406
-0.010745
-0.0107376
-0.0107237
-0.0107053
-0.0106838
-0.0106494
-0.0106186
-0.0105683
-0.0105039
-0.0104404
-0.0103757
-0.0103129
-0.0102582
-0.010203
-0.0101463
-0.0100889
-0.0100311
-0.00997344
-0.00991619
-0.00989572
-0.00990392
-0.00991224
-0.00992011
-0.00992755
-0.00993461
-0.00956135
-0.0088721
-0.00789989
-0.00666044
-0.00565179
-0.00482178
-0.0041304
-0.00356166
-0.00312932
-0.00285263
-0.00274856
-0.00275279
-0.00275705
-0.00276118
-0.00276518
-0.00276907
-0.00277284
-0.00277651
-0.00278008
-0.00278355
-0.00278693
-0.00279022
-0.00279343
-0.00279655
-0.0027996
-0.00280257
-0.00280546
-0.00280829
-0.00281104
-0.00281373
-0.00281634
-0.00281889
-0.00282137
-0.00282378
-0.00282612
-0.0028284
-0.00283059
-0.00283272
-0.00283476
-0.00283673
-0.00283861
-0.00284042
-0.00284215
-0.00284379
-0.00284534
-0.00284682
-0.00284821
-0.00284952
-0.00285464
-0.00286377
-0.00288526
-0.00288428
-0.00287059
-0.00284983
-0.0028252
-0.00279853
-0.00277083
-0.00274273
-0.00271458
-0.00268662
-0.00265899
-0.00263182
-0.0026052
-0.0025792
-0.00255392
-0.00252945
-0.00250589
-0.00248338
-0.00246208
-0.00244225
-0.00263294
-0.00287924
-0.00335081
-0.00386292
-0.00446751
-0.00518666
-0.00603339
-0.00701863
-0.00800344
-0.00923234
-0.0106879
-0.012239
-0.013881
-0.0155223
-0.0174526
-0.0196058
-0.0219997
-0.0246383
-0.0274018
-0.0303058
-0.0333474
-0.0365322
-0.0398901
-0.0433593
-0.0469019
-0.0504916
-0.0541254
-0.0577868
-0.061494
-0.0652625
-0.0690897
-0.072972
-0.0769064
-0.0808854
-0.0849049
-0.0889636
-0.0930607
-0.0971957
-0.101368
-0.105579
-0.109725
-0.113788
-0.117813
-0.12162
-0.125366
-0.12906
-0.13271
-0.136219
-0.139804
-0.143437
-0.14706
-0.150668
-0.154274
-0.157884
-0.161457
-0.165029
-0.1686
-0.172169
-0.175734
-0.179294
-0.182849
-0.186397
-0.189938
-0.193472
-0.196933
-0.200398
-0.203858
-0.207308
-0.210751
-0.214201
-0.217391
-0.220445
-0.223266
-0.22606
-0.228745
-0.231188
-0.233508
-0.235715
-0.237801
-0.239758
-0.241577
-0.24344
-0.245377
-0.247396
-0.249514
-0.251738
-0.254059
-0.256485
-0.258882
-0.261197
-0.26348
-0.26575
-0.267998
-0.270217
-0.272403
-0.274554
-0.276665
-0.278732
-0.280761
-0.282748
-0.284698
-0.286616
-0.288508
-0.290379
-0.292233
-0.294075
-0.295909
-0.297734
-0.29955
-0.301355
-0.303149
-0.304932
-0.306703
-0.308461
-0.310205
-0.311952
-0.313951
-0.316184
-0.318386
-0.320588
-0.322829
-0.325002
-0.327139
-0.329293
-0.331524
-0.333735
-0.335941
-0.33815
-0.340362
-0.342581
-0.344804
-0.347034
-0.349268
-0.351507
-0.35375
-0.355986
-0.358225
-0.360466
-0.362711
-0.364959
-0.367491
-0.370249
-0.373243
-0.376471
-0.379928
-0.383609
-0.387505
-0.391173
-0.39465
-0.397997
-0.401249
-0.404426
-0.407541
-0.410606
-0.413627
-0.416609
-0.419557
-0.422475
-0.425367
-0.428235
-0.431083
-0.433913
-0.436727
-0.439528
-0.442317
-0.445096
-0.447867
-0.450632
-0.453391
-0.456147
-0.458901
-0.461654
-0.464406
-0.46716
-0.469917
-0.472676
-0.475439
-0.478208
-0.480983
-0.483764
-0.486552
-0.489349
-0.492154
-0.494969
-0.497793
-0.500628
-0.503473
-0.506328
-0.509195
-0.512079
-0.514976
-0.51793
-0.520925
-0.523954
-0.527014
-0.530107
-0.533234
-0.536396
-0.539595
-0.542794
-0.546153
-0.549543
-0.552966
-0.556423
-0.559914
-0.56344
-0.567001
-0.5706
-0.574236
-0.577926
-0.581437
-0.584821
-0.588106
-0.591373
-0.594649
-0.597948
-0.601275
-0.60466
-0.608175
-0.611541
-0.614734
-0.617679
-0.620401
-0.622885
-0.625106
-0.627171
-0.629202
-0.63125
-0.633365
-0.635578
-0.637904
-0.64032
-0.642807
-0.645353
-0.647949
-0.65059
-0.653272
-0.655995
-0.658757
-0.661558
-0.664401
-0.667286
-0.670216
-0.673193
-0.67622
-0.6793
-0.682436
-0.685633
-0.688894
-0.692225
-0.69563
-0.699115
-0.702686
-0.706349
-0.710112
-0.713545
-0.716917
-0.720285
-0.723663
-0.727102
-0.731801
-0.737247
-0.743183
-0.749666
-0.756746
-0.764495
-0.772991
-0.782225
-0.792391
-0.803971
-0.816543
-0.830406
-0.845686
-0.862635
-0.881427
-0.902472
-0.926176
-0.952585
-0.982567
-1.0163
-1.05162
-1.08962
-1.13034
-1.1711
-1.21493
-1.26359
-1.31746
-1.37668
-1.44164
-1.50896
-1.57971
-1.65572
-1.73646
-1.8168
-1.89569
-1.96968
-2.03738
-2.09523
-2.15244
-2.20325
-2.24539
-2.2835
-2.30317
-2.31353
-2.32794
-2.34242
-2.35649
-2.369
-2.34654
-2.32383
-2.29874
-2.27537
-2.25459
-2.23458
-2.21543
-2.20092
-2.18676
-2.17304
-2.15952
-2.14601
-2.1333
-2.12245
-2.11286
-2.10157
-2.09063
-2.08369
-2.08017
-2.06988
-2.06239
-2.05732
-2.05446
-2.05185
-2.05448
-2.05974
-2.06736
-2.0767
-2.08764
-2.09982
-2.11192
-2.1205
-2.14471
-2.1733
-2.20159
-2.22319
-2.24564
-2.26911
-2.29221
-2.31474
-2.33706
-2.35914
-2.37893
-2.39924
-2.41998
-2.44647
-2.47384
-2.50296
-2.53368
-2.56486
-2.59507
-2.62581
-2.65977
-2.67634
-2.69068
-2.70345
-2.71451
-2.72375
-2.73139
-2.73795
-2.74317
-2.74682
-2.74824
-2.74812
-2.75255
-2.75628
-2.76021
-2.76304
-2.76082
-2.75954
-2.757
-2.75373
-2.74975
-2.74661
-2.75042
-2.75407
-2.75826
-2.76332
-2.77004
-2.77827
-2.78786
-2.79941
-2.8081
-2.81286
-2.81082
-2.8033
-2.79643
-2.79512
-2.79503
-2.79219
-2.78286
-2.77563
-2.76826
-2.75987
-2.75677
-2.75686
-2.74714
-2.74144
-2.73259
-2.73008
-2.72632
-2.72303
-2.72192
-2.72138
-2.7205
-2.71756
-2.71785
-2.71789
-2.717
-2.71539
-2.71343
-2.7108
-2.70933
-2.71642
-2.73167
-2.74339
-2.73394
-2.71604
-2.69101
-2.65842
-2.62983
-2.61027
-2.59999
-2.60294
-2.59787
-2.60209
-2.59011
-2.57771
-2.56093
-2.54655
-2.52997
-2.51917
-2.49238
-2.47147
-2.45407
-2.45327
-2.44834
-2.45452
-2.45803
-2.4802
-2.4885
-2.50271
-2.50622
-2.51387
-2.51941
-2.52698
-2.53257
-2.56888
-2.59878
-2.64254
-2.67868
-2.71964
-2.73737
-2.7345
-2.73117
-2.7285
-2.7371
-2.76221
-2.81777
-2.90039
-2.98854
-3.07352
3.12688
3.04956
2.99058
2.94204
2.90169
2.86511
2.83183
2.80238
2.78369
2.77277
2.76868
2.75704
