0.0698132
0.0764335
0.0815385
0.0829258
0.0834555
0.0827661
0.0809968
0.0780206
0.0744533
0.0711843
0.067839
0.0646354
0.0615211
0.0585056
0.055592
0.0527721
0.0500382
0.0473814
0.044793
0.0422646
0.0397882
0.0373563
0.034962
0.0325979
0.0302595
0.0279377
0.0256324
0.0233326
0.0210328
0.0187279
0.0164128
0.0140825
0.0117318
0.00935553
0.00694783
0.00471431
0.00261813
0.000655529
-0.00117701
-0.00288312
-0.0044662
-0.00592946
-0.00727588
-0.00850817
-0.00962876
-0.01064
-0.0115449
-0.0123442
-0.0130336
-0.0136329
-0.0141322
-0.014532
-0.0148324
-0.0150347
-0.0151391
-0.0151457
-0.0150547
-0.0148662
-0.0145801
-0.0141963
-0.0137146
-0.0131346
-0.0124557
-0.0116775
-0.0108011
-0.00982135
-0.00873963
-0.00755484
-0.00626622
-0.00487258
-0.00337223
-0.00180666
4.47255e-05
0.00144425
0.00285492
0.00397336
0.00488906
0.00564556
0.00626599
0.00676314
0.00714423
0.0074134
0.0075734
0.00762592
0.00761333
0.00756007
0.00750989
0.00746324
0.00741989
0.00737959
0.0073421
0.00730716
0.00727467
0.00724447
0.00721637
0.00719023
0.0071659
0.00714326
0.00712218
0.00710254
0.00708425
0.0070672
0.0070513
0.00703648
0.00702264
0.00700971
0.00699762
0.00698632
0.00697574
0.00696583
0.00695655
0.00694784
0.00693967
0.006932
0.00692479
0.00691802
0.00691166
0.00690567
0.00690004
0.00689474
0.00688974
0.00688501
0.00688032
0.00687604
0.00675576
0.00654465
0.00624083
0.00584342
0.0053521
0.00476674
0.00408735
0.00331397
0.00252792
0.0017316
0.000925166
0.00010781
-0.000711822
-0.00126608
-0.0016745
-0.00198229
-0.00218765
-0.00220532
-0.00223493
-0.00237708
-0.00263025
-0.00280893
-0.0029061
-0.0029952
-0.00307716
-0.00315269
-0.00342119
-0.00388028
-0.00453245
-0.00537946
-0.00631505
-0.007073
-0.00768708
-0.00815615
-0.00847052
-0.00862091
-0.00859899
-0.00839721
-0.00809075
-0.0077832
-0.00749483
-0.00723415
-0.00700406
-0.00679291
-0.00659699
-0.00641519
-0.00624646
-0.00608986
-0.00594451
-0.0058096
-0.00568437
-0.00556812
-0.00545866
-0.00535331
-0.00524947
-0.00514454
-0.00503594
-0.00492111
-0.00479741
-0.00466207
-0.00451217
-0.00434466
-0.00415635
-0.00394389
-0.00370377
-0.00343229
-0.00312555
-0.00277817
-0.00238782
-0.00194965
-0.00145804
-0.000906213
-0.000543931
-0.000332378
-0.00024139
-0.000208462
-0.00017164
-0.00013655
-0.000120928
-0.000106637
-9.35828e-05
-8.21055e-05
-7.43151e-05
-6.73365e-05
-6.10872e-05
-5.55105e-05
-5.05545e-05
0.000149969
0.000417253
0.00055475
0.000578326
0.000572992
0.000552664
0.000520164
0.000255088
-0.00019554
-0.000755523
-0.00126182
-0.00168466
-0.00199594
-0.00217278
-0.00219694
-0.00209575
-0.00200103
-0.00191257
-0.0018299
-0.0017526
-0.00168029
-0.00161261
-0.00154923
-0.00148985
-0.00143418
-0.00138197
-0.00133297
-0.00128695
-0.00124371
-0.00120306
-0.0011648
-0.00112878
-0.00109483
-0.00106282
-0.00103261
-0.00100408
-0.000977112
-0.000951593
-0.000927428
-0.000904524
-0.000882795
-0.000862162
-0.00084255
-0.000823893
-0.000806125
-0.000789187
-0.000773025
-0.000757587
-0.000742827
-0.000728698
-0.000715149
-0.000702023
-0.000689351
-0.000677151
-0.000665389
-0.000660926
-0.000657183
-0.000653674
-0.000650043
-0.000646435
-0.000642877
-0.000639287
-0.000635561
-0.000632
-0.000629318
-0.000622831
-0.000606262
-0.00057324
-0.000517191
-0.000431113
-0.000258267
-0.000115551
-3.42337e-05
0.000163455
0.00112972
0.00162772
0.0016475
0.00159393
0.00154399
0.00149766
0.00145466
0.00141473
0.00137766
0.00134325
0.00131129
0.00128162
0.00125407
0.00122849
0.00120474
0.00118268
0.0011622
0.00114319
0.00112553
0.00110913
0.0010939
0.00107975
0.00106661
0.00105441
0.00104307
0.00103254
0.00102275
0.00101366
0.00100521
0.000997363
0.000990066
0.000983282
0.000976975
0.000971111
0.000965657
0.000960583
0.000955863
0.000951471
0.000947355
0.000943495
0.000939882
0.00093652
0.000933392
0.000930481
0.000927772
0.000925253
0.000922914
0.000659381
0.000499606
0.000297747
6.63452e-05
-0.000263808
-0.000556429
-0.000807997
-0.00101467
-0.00117353
-0.00128202
-0.00133771
-0.00133825
-0.00128134
-0.0012426
-0.00106307
-0.000672368
-0.000239943
0.000203024
0.000642738
0.00191911
0.0039756
0.00603971
0.00811897
0.0102238
0.0123566
0.014374
0.0162848
0.0169294
0.0160457
0.01505
0.0140421
0.0131062
0.0122377
0.0114317
0.0106836
0.00998937
0.0093451
0.00874719
0.00819234
0.00767743
0.00719965
0.00675627
0.00634482
0.005963
0.00560867
0.00527986
0.00497473
0.00469157
0.0044288
0.00418496
0.00395868
0.00374869
0.00355382
0.00337299
0.00320518
0.00304945
0.00290493
0.00277084
0.00264643
0.00253101
0.00242393
0.00232461
0.00223247
0.00214701
0.00206772
0.00199416
0.00192593
0.00186263
0.00180391
0.00174945
0.00169892
0.00153743
0.00143265
0.00134206
0.00123764
0.00111727
0.000982529
0.000833734
0.000670955
0.000494225
0.000303528
0.000212655
0.000196765
0.000182563
0.000169468
0.000157416
0.000147594
0.00013937
0.000131188
0.00098197
0.00187903
0.00265101
0.00331531
0.00387411
0.00436788
0.00484426
0.00530808
0.00505769
0.00459571
0.00391492
0.00302238
0.00226714
0.00165852
0.00119955
0.000899195
0.000766616
0.000725965
0.000754335
0.000853635
0.000881213
0.000860845
0.000752416
0.000709115
0.000669166
0.000632083
0.000597666
0.000565724
0.000536082
0.000508574
0.000483048
0.000459361
0.00043738
0.000416982
0.000398054
0.00038049
0.000364191
0.000349066
0.000335031
0.000322008
0.000309923
0.000298709
0.000288305
0.000278653
0.000269699
0.000261395
0.000253694
0.000246553
0.000239934
0.0002338
0.000228122
0.000222735
0.000100289
4.82118e-05
8.2396e-06
-4.64796e-06
-7.09313e-06
-9.44567e-06
-1.13661e-05
-1.2801e-05
-1.37611e-05
-1.427e-05
-1.43506e-05
-1.40267e-05
-1.33191e-05
-1.22478e-05
-1.08309e-05
-9.08516e-06
-7.02642e-06
-4.67044e-06
7.30143e-05
0.000114444
0.000170407
0.000237693
0.000302922
0.000297476
0.000281493
0.000266708
0.000252922
0.000240057
0.000228082
0.000216976
0.000206673
0.000197114
0.000188249
0.000180028
0.000172404
0.000165337
0.000158786
0.000152716
0.000147092
0.000141882
0.000137058
0.000132591
0.000128432
0.000124513
0.000120743
0.000116939
0.000112611
8.15006e-05
-2.0254e-05
-2.28992e-05
-2.28229e-05
2.07967e-05
4.63789e-05
-1.72095e-05
-1.47106e-05
-1.21909e-05
-9.86308e-06
-7.70877e-06
-5.71325e-06
-3.86366e-06
-2.14824e-06
-5.56359e-07
9.21722e-07
2.29494e-06
3.57156e-06
4.75922e-06
5.86501e-06
6.89549e-06
-0.000608053
-0.000818278
-0.00111911
-0.00145214
-0.00178537
-0.00210092
-0.00238817
-0.00264042
-0.00285314
-0.00302302
-0.00314726
-0.00322329
-0.0032487
-0.00322108
-0.00313788
-0.00299683
-0.00281488
-0.00262646
-0.00243216
-0.00223237
-0.00195103
-0.00170805
-0.00146537
-0.00120952
-0.000941715
-0.000663652
-0.000628333
-0.000741095
-0.000860832
-0.000944732
-0.00099414
-0.000910834
-0.000833432
-0.000761695
-0.000695157
-0.00063343
-0.00057616
-0.000523019
-0.00047371
-0.000427954
-0.000385495
-0.000346096
-0.000309535
-0.000275609
-0.000244128
-0.000214741
-0.000282646
-0.00026062
-0.00023735
-0.000215746
-0.000195703
-0.000177109
-0.00015994
-0.000144889
-0.000209926
-0.000296137
-0.000503325
-0.000585029
-0.000550358
-0.000517651
-0.000487261
-0.000459003
-0.000432715
-0.00040825
-0.000939268
-0.00123457
-0.00152648
-0.00179952
-0.00204585
-0.00225928
-0.00248782
-0.00265989
-0.00295683
-0.00330424
-0.00366375
-0.00401363
-0.00434122
-0.00463895
-0.00490217
-0.00513147
-0.00532599
-0.00548305
-0.00560024
-0.00567519
-0.0057067
-0.00570268
-0.00569693
-0.00569118
-0.00568552
-0.00567876
-0.00563878
-0.00566369
-0.00568269
-0.0057
-0.00571615
-0.00578176
-0.00581506
-0.00582286
-0.00582998
-0.00583656
-0.00584261
-0.00584819
-0.00585333
-0.00585806
-0.00586241
-0.00586641
-0.00587008
-0.00587345
-0.00587654
-0.00587937
-0.00588195
-0.00588431
-0.00588646
-0.0058884
-0.00589016
-0.00589175
-0.00589317
-0.00589445
-0.00589558
-0.00589657
-0.00589745
-0.0058982
-0.00589885
-0.00589939
-0.00589983
-0.00590019
-0.00590045
-0.00590064
-0.00590075
-0.00590079
-0.00590076
-0.00590064
-0.00590044
-0.00590016
-0.00589979
-0.00589933
-0.00589877
-0.00589813
-0.00589675
-0.0058917
-0.00587834
-0.00586232
-0.00583692
-0.00579713
-0.00573873
-0.00565788
-0.00555085
-0.00541387
-0.00524318
-0.00503496
-0.00478525
-0.00448981
-0.00414431
-0.00374422
-0.0032848
-0.00276104
-0.00216752
-0.00149818
-0.000745721
0.00010101
0.00187869
0.00449815
0.00802685
0.012354
0.0175174
0.0235278
0.0303885
0.0380995
0.0465416
0.0559246
0.0662499
0.0771771
0.0862071
0.0954406
0.104862
0.114403
0.124078
0.133892
0.143774
0.153819
0.164009
0.173447
0.180703
0.186311
0.190678
0.194123
0.19675
0.198419
0.199157
0.198985
0.197921
0.195975
0.193155
0.18947
0.184927
0.179529
0.173278
0.166171
0.158204
0.149373
0.140521
0.131974
0.123538
0.115554
0.107977
0.100757
0.0938767
0.0866395
0.0798483
0.0733057
0.0667439
0.0603054
0.0539705
0.0477239
0.0416084
0.0357424
0.0301155
0.0247102
0.0195117
0.0145083
0.00969084
0.00505174
0.000584689
-0.00371575
-0.00797243
-0.0123517
-0.0166993
-0.0209411
-0.0250514
-0.0291097
-0.0318762
-0.0337869
-0.0348713
-0.0360159
-0.0373567
-0.0389027
-0.0406244
-0.0424501
-0.0443579
-0.0460754
-0.0476429
-0.0496289
-0.0521178
-0.0551164
-0.0586168
-0.0626032
-0.0670578
-0.0718399
-0.0762246
-0.0802807
-0.0840835
-0.087687
-0.0911226
-0.0944027
-0.0975344
-0.100523
-0.103372
-0.106083
-0.108661
-0.111107
-0.113422
-0.115607
-0.117664
-0.119592
-0.121392
-0.123067
-0.124619
-0.126049
-0.127361
-0.128556
-0.129636
-0.130603
-0.131459
-0.132205
-0.132843
-0.133705
-0.134368
-0.134665
-0.134723
-0.134707
-0.134789
-0.134417
-0.133811
-0.132354
-0.13082
-0.129285
-0.127801
-0.126396
-0.125082
-0.12386
-0.122729
-0.121686
-0.120726
-0.119844
-0.119035
-0.118292
-0.117615
-0.116995
-0.116428
-0.115909
-0.116118
-0.11628
-0.116363
-0.116436
-0.11653
-0.116662
-0.116838
-0.117451
-0.118459
-0.119762
-0.121278
-0.122949
-0.124732
-0.126598
-0.128525
-0.130497
-0.132501
-0.134527
-0.136568
-0.138616
-0.140667
-0.142714
-0.144755
-0.146785
-0.148801
-0.1508
-0.15278
-0.154739
-0.156676
-0.158587
-0.160473
-0.162331
-0.164161
-0.165962
-0.167733
-0.169474
-0.171183
-0.17286
-0.174505
-0.176117
-0.177694
-0.179238
-0.180746
-0.182218
-0.183652
-0.185049
-0.186406
-0.187722
-0.188995
-0.190282
-0.19162
-0.19302
-0.194497
-0.196059
-0.19771
-0.199451
-0.20128
-0.203198
-0.205203
-0.207235
-0.209968
-0.212871
-0.215845
-0.21883
-0.221792
-0.224712
-0.227577
-0.23038
-0.233115
-0.235859
-0.237753
-0.238863
-0.239416
-0.240018
-0.240717
-0.241541
-0.242498
-0.243501
-0.244629
-0.246062
-0.247755
-0.249586
-0.25154
-0.253615
-0.255811
-0.258887
-0.263425
-0.269302
-0.276521
-0.284347
-0.292146
-0.29995
-0.307846
-0.315855
-0.323981
-0.332224
-0.340585
-0.349062
-0.357659
-0.366381
-0.375231
-0.384218
-0.393348
-0.402629
-0.412069
-0.421675
-0.431456
-0.441419
-0.451572
-0.461923
-0.47248
-0.48325
-0.494241
-0.50546
-0.516915
-0.528676
-0.540751
-0.553139
-0.565842
-0.578812
-0.592237
-0.605907
-0.619631
-0.634085
-0.649319
-0.665344
-0.682161
-0.69978
-0.71833
-0.737072
-0.756496
-0.776604
-0.797521
-0.819139
-0.841574
-0.864534
-0.888348
-0.912536
-0.937347
-0.962222
-0.987052
-1.01211
-1.03564
-1.05478
-1.07351
-1.09141
-1.10843
-1.12452
-1.13951
-1.15278
-1.16429
-1.17359
-1.18166
-1.18652
-1.18843
-1.18768
-1.18347
-1.17559
-1.16197
-1.14339
-1.11997
-1.09236
-1.06778
-1.04642
-1.02589
-1.00813
-0.992644
-0.977357
-0.974512
-0.973483
-0.970154
-0.965523
-0.961348
-0.957917
-0.955584
-0.954535
-0.954529
-0.955286
-0.956259
-0.956911
-0.957539
-0.957115
-0.955967
-0.954755
-0.953303
-0.952608
-0.952338
-0.949761
-0.95055
-0.952235
-0.954146
-0.956839
-0.960526
-0.964354
-0.968648
-0.972408
-0.975465
-0.977829
-0.979488
-0.974139
-0.965861
-0.955207
-0.944711
-0.93371
-0.925622
-0.919862
-0.914908
-0.910791
-0.907316
-0.904349
-0.902228
-0.899394
-0.895757
-0.89111
-0.885554
-0.878906
-0.870918
-0.861538
-0.85132
-0.84088
-0.829526
-0.821631
-0.813952
-0.806524
-0.799412
-0.792674
-0.786306
-0.780197
-0.774373
-0.768867
-0.763762
-0.758967
-0.76126
-0.760903
-0.759317
-0.757832
-0.757252
-0.756386
-0.755445
-0.754523
-0.753925
-0.753824
-0.755938
-0.758631
-0.761834
-0.765602
-0.771829
-0.780423
-0.791463
-0.799405
-0.806529
-0.811678
-0.815689
-0.815311
-0.824893
-0.836095
-0.849961
-0.864086
-0.876325
-0.887521
-0.898445
-0.909254
-0.918884
-0.927684
-0.937387
-0.947553
-0.957971
-0.96795
-0.979041
-0.9914
-1.00186
-1.00986
-1.01418
-1.01498
-1.01924
-1.02634
-1.03517
-1.04333
-1.05084
-1.05778
-1.06708
-1.07748
-1.08802
-1.09587
-1.10154
-1.11002
-1.11969
-1.13091
-1.13942
-1.14405
-1.14723
-1.15107
-1.15633
-1.16252
-1.16808
-1.17522
-1.18329
-1.19157
-1.20016
-1.20976
-1.22107
-1.23348
-1.24082
-1.24451
-1.24881
-1.25703
-1.26532
-1.27434
-1.28317
-1.29207
-1.30194
-1.31131
-1.32057
-1.32933
-1.33788
-1.34571
-1.35324
-1.36035
-1.36759
-1.37422
-1.38124
-1.38929
-1.39741
-1.40587
-1.41363
-1.4106
-1.4061
-1.39949
-1.39215
-1.38505
-1.37816
-1.37038
-1.36329
-1.35629
-1.34962
-1.34307
-1.33669
-1.3305
-1.32774
-1.32742
-1.32823
-1.32473
