0.00427304
0.00589243
0.00619174
0.00623121
0.00645329
0.00637956
0.00624981
0.00620982
0.00608098
0.00602066
0.00593493
0.00587488
0.00581176
0.00574845
0.00568637
0.00562595
0.00556788
0.00551223
0.00545906
0.00540839
0.00536027
0.00531473
0.00527207
0.00523202
0.00519568
0.00516155
0.00513004
0.00510125
0.00507523
0.00505202
0.0050317
0.00501435
0.00500006
0.00498896
0.00498122
0.0049729
0.00496402
0.0049552
0.00494583
0.00493583
0.0049252
0.00491381
0.00490152
0.00488819
0.00487369
0.00485512
0.00483677
0.0048041
0.0047703
0.00473627
0.0047009
0.00466472
0.00462336
0.00458015
0.00453513
0.00448832
0.00443978
0.00438957
0.00433776
0.00428439
0.00422953
0.00417324
0.00411556
0.00405654
0.00399642
0.00393493
0.0038722
0.00380828
0.00374322
0.00365677
0.00359153
0.00352451
0.00345275
0.00345151
0.00338902
0.00333382
0.00328384
0.00323801
0.00319574
0.00315664
0.00312047
0.00308704
0.00305619
0.00302782
0.00300104
0.00297534
0.00294986
0.0029246
0.00289954
0.0028747
0.00285006
0.00282563
0.0028014
0.00277738
0.00275355
0.00272993
0.0027065
0.00268327
0.00266023
0.00263739
0.00261474
0.00259228
0.00257001
0.00254793
0.00252604
0.00250433
0.0024828
0.00246146
0.0024403
0.00241932
0.00239852
0.00237789
0.00235744
0.00233717
0.00231706
0.00229713
0.00227737
0.00225778
0.00223835
0.00221909
0.0022
0.00218106
0.00216229
0.00214368
0.00212676
0.00211115
0.00209682
0.00208374
0.00207188
0.0020612
0.00205165
0.0020432
0.0020348
0.00202642
0.00201806
0.00200973
0.00200132
0.00199051
0.00197725
0.00196168
0.00194629
0.00193024
0.00191304
0.00189612
0.00188052
0.00186431
0.00184741
0.00183064
0.001814
0.00179748
0.00178459
0.00177584
0.00177172
0.0017727
0.00177707
0.00177906
0.00177976
0.0017785
0.00177478
0.00176812
0.00175802
0.00174403
0.00172756
0.00171109
0.00169482
0.00167883
0.00166314
0.00164766
0.00163235
0.00161721
0.00160222
0.0015874
0.00157272
0.00155819
0.0015438
0.00152956
0.00151544
0.00150143
0.0014875
0.00147364
0.00145984
0.00144608
0.00143234
0.0014186
0.00140486
0.00139109
0.00137727
0.0013634
0.00134945
0.0013354
0.00132123
0.00130692
0.00129244
0.00127779
0.00126293
0.00124784
0.00123429
0.00122195
0.00121056
0.00119968
0.00118888
0.00117815
0.00116761
0.00115715
0.00114675
0.00113644
0.00112624
0.00111612
0.00110609
0.00110214
0.00109176
0.00108498
0.00108798
0.00108517
0.0010772
0.00106862
0.00106
0.00105132
0.00103931
0.00102387
0.00100589
0.000987943
0.000970668
0.000954784
0.000940984
0.000929928
0.000921394
0.000912938
0.000904561
0.000896263
0.000888042
0.000879899
0.000871833
0.000863843
0.000855928
0.000848088
0.000840322
0.000832629
0.000825009
0.000817461
0.000809984
0.000802578
0.000795242
0.000787975
0.000780777
0.000773647
0.000766583
0.000759587
0.000752656
0.00074579
0.000738989
0.000732252
0.000725578
0.000718966
0.000712417
0.000705928
0.000699501
0.000693133
0.000686824
0.000680575
0.000674383
0.000668249
0.000662173
0.000656153
0.00065019
0.000644283
0.000638453
0.000632675
0.000626949
0.000621275
0.000615654
0.000610084
0.000604565
0.000599096
0.000593676
0.000588308
0.000582976
0.000577659
0.000572337
0.000562361
0.000557385
0.000550303
0.000543747
0.000538564
0.000533082
0.00052529
0.000513541
0.000508852
0.00050443
0.000500036
0.000495669
0.000491327
0.000487009
0.000482717
0.000478452
0.000474215
0.000470008
0.00046583
0.000461682
0.000457566
0.000453481
0.000449428
0.000445408
0.00044142
0.000437465
0.000433543
0.000429654
0.000425798
0.000421975
0.000418186
0.000414429
0.000410706
0.000407016
0.000403359
0.000399734
0.000396142
0.000392583
0.000389056
0.00038556
0.000382097
0.000378665
0.000375265
0.000371896
0.000368557
0.000365249
0.000361969
0.000358719
0.000355497
0.000352305
0.000349141
0.000346006
0.000342899
0.000340333
0.00033757
0.000334906
0.000332315
0.000329928
0.000327476
0.000324955
0.000322362
0.000319694
0.00031695
0.000314129
0.00031123
0.000308252
0.00029383
0.000284741
0.000279557
0.000276824
0.000291298
0.000286689
0.00028197
0.000275981
0.000295277
0.000318049
0.000345484
0.000378283
0.000412911
0.00045001
0.000448928
0.000448264
0.000449741
0.000451125
0.000452269
0.00045317
0.000453802
0.000454151
0.000454221
0.000454041
0.000453617
0.000452964
0.000452097
0.000451032
0.000449784
0.000448368
0.000446795
0.000445079
0.00044323
0.00044126
0.000439177
0.000436992
0.000434712
0.000432346
0.000429902
0.000427387
0.000424806
0.000422167
0.000419474
0.000416734
0.00041395
0.000411128
0.00040827
0.000405382
0.000402467
0.00039953
0.000396574
0.000393604
0.00039062
0.000387628
0.000384629
0.000381626
0.000378619
0.000375599
0.000372808
0.000370004
0.000367226
0.000364494
0.000361803
0.000359142
0.000356505
0.000353888
0.000351287
0.000348698
0.000347062
0.000344101
0.000341113
0.000338107
0.000335091
0.000332095
0.000319594
0.000317462
0.000313802
0.00029816
0.000283127
0.000268908
0.000256063
0.000243746
0.000230595
0.000216614
0.00021383
0.000214072
0.000219388
0.000230075
0.000235583
0.000239951
0.000242808
0.00024369
0.00024213
0.000239724
0.0002373
0.00023486
0.000232511
0.000230221
0.000229047
0.000226855
0.00022469
0.00022255
0.000220436
0.000218347
0.000216282
0.000214241
0.000212224
0.000210229
0.000208258
0.000206308
0.000204381
0.000202475
0.00020059
0.000198726
0.000196882
0.000195059
0.000193254
0.00019147
0.000189704
0.000187956
0.000186227
0.000184515
0.000182821
0.000181143
0.000179482
0.000177838
0.00017621
0.000174598
0.00017305
0.000171474
0.000169905
0.000168336
0.000166778
0.000165235
0.000163707
0.000162195
0.000160699
0.000159218
0.000157752
0.000156301
0.000154865
0.000153444
0.000152038
0.000150646
0.000156538
0.00015452
0.000156307
0.00015627
0.000154469
0.000152704
0.000151009
0.000148463
0.000146968
0.000145511
0.000144089
0.000142698
0.000141336
0.000140002
0.000138694
0.000137409
0.000136147
0.000134905
0.000133681
0.000132475
0.000131286
0.000130112
0.000128953
0.000127808
0.000126675
0.000125555
0.000124447
0.00012335
0.000122264
0.000121189
0.000120124
0.000119079
0.000118069
0.000117032
0.000116003
0.000114967
0.000113947
0.000113174
0.000112119
0.000111075
0.000110041
0.000109018
0.000108005
0.000107002
0.000106009
0.000105026
0.000104054
0.000103091
0.000102138
0.000101195
0.000100262
9.93379e-05
9.86052e-05
9.77543e-05
9.69381e-05
9.61384e-05
9.53451e-05
9.45531e-05
9.37594e-05
9.29622e-05
9.21606e-05
9.1354e-05
9.05421e-05
8.97243e-05
8.89006e-05
8.80705e-05
8.72339e-05
8.63906e-05
8.55454e-05
8.47077e-05
7.98835e-05
7.94206e-05
7.20422e-05
6.9086e-05
6.93771e-05
6.95845e-05
6.97132e-05
6.97667e-05
7.39655e-05
8.05716e-05
8.65041e-05
9.08718e-05
8.984e-05
8.69747e-05
8.44343e-05
8.21941e-05
8.02213e-05
7.84849e-05
7.69568e-05
7.56124e-05
7.44292e-05
7.33874e-05
7.24692e-05
7.1659e-05
7.09425e-05
7.03074e-05
6.97423e-05
6.92376e-05
6.88091e-05
6.84053e-05
6.80415e-05
6.7712e-05
6.74104e-05
6.71315e-05
6.68705e-05
6.66237e-05
6.64022e-05
6.61998e-05
5.53956e-05
5.01004e-05
5.07504e-05
5.13853e-05
5.20011e-05
5.25947e-05
5.31638e-05
5.37065e-05
5.44427e-05
5.51507e-05
5.5851e-05
5.65319e-05
5.71851e-05
5.78041e-05
5.8392e-05
5.89095e-05
5.9394e-05
5.98396e-05
6.02424e-05
6.06004e-05
6.09123e-05
6.11778e-05
6.13971e-05
6.15716e-05
6.17023e-05
6.17904e-05
6.1837e-05
6.18434e-05
6.18112e-05
6.17433e-05
6.16464e-05
6.15222e-05
8.91846e-05
8.64869e-05
0.000116464
0.000125468
0.000122115
0.000118927
0.000115935
0.000105995
0.000100538
9.8667e-05
9.68748e-05
9.51572e-05
9.351e-05
9.19294e-05
9.04121e-05
8.89543e-05
8.75524e-05
8.62032e-05
8.49036e-05
8.36506e-05
8.24414e-05
8.12736e-05
8.01448e-05
7.90526e-05
7.7995e-05
7.69699e-05
7.59756e-05
7.50104e-05
7.40725e-05
7.31605e-05
7.22729e-05
7.14085e-05
7.0566e-05
6.97442e-05
6.89421e-05
6.81586e-05
6.73928e-05
6.66437e-05
6.59107e-05
6.51927e-05
6.44893e-05
6.37996e-05
6.3123e-05
6.2459e-05
6.18069e-05
6.11663e-05
6.05366e-05
5.99175e-05
5.93084e-05
5.8709e-05
5.81189e-05
5.75374e-05
5.69638e-05
5.63982e-05
5.58397e-05
5.52877e-05
5.47415e-05
5.42006e-05
5.36646e-05
5.31331e-05
5.26054e-05
5.20814e-05
5.15605e-05
5.10424e-05
5.05266e-05
5.00128e-05
4.95007e-05
4.89898e-05
4.84799e-05
4.79704e-05
4.70052e-05
4.65366e-05
4.59694e-05
4.5351e-05
4.46796e-05
4.39663e-05
4.32115e-05
4.24178e-05
4.15887e-05
4.0728e-05
3.9847e-05
3.89367e-05
3.80016e-05
3.70657e-05
0.00145043
0.00266502
0.00377982
0.00479789
0.00573205
0.00658727
0.0073529
0.00806835
0.00873192
0.00924083
0.00945895
0.00947017
0.00933219
0.00908644
0.00875246
0.0083321
0.00783823
0.00727675
0.00665525
0.00598085
0.00525982
0.00449985
0.00370675
0.0028848
0.00203778
0.00116907
0.000281748
-0.000621328
-0.00145644
-0.00220589
-0.00288224
-0.00350735
-0.0040598
-0.00455278
-0.00499292
-0.00540212
-0.00578085
-0.00612933
-0.00644906
-0.00673316
-0.00698806
-0.00721753
-0.00744157
-0.0076422
-0.00781957
-0.00797516
-0.00811044
-0.00822683
-0.00832571
-0.00840834
-0.00847592
-0.0085296
-0.00864762
-0.00874308
-0.00881687
-0.00887146
-0.00828222
-0.00827343
-0.00821799
-0.00815714
-0.00809062
-0.0080116
-0.00794444
-0.00788079
-0.00782058
-0.00775994
-0.00769741
-0.00763315
-0.00756761
-0.00749483
-0.00741238
-0.00731869
-0.00721091
-0.00708588
-0.00694
-0.00677624
-0.0066282
-0.00648045
-0.00632742
-0.00616876
-0.00600547
-0.005839
-0.00566972
-0.0054979
-0.00532379
-0.00514764
-0.00497166
-0.00479401
-0.0046148
-0.00443415
-0.00425217
-0.00406894
-0.00388446
-0.00369841
-0.00351048
-0.00332038
-0.00312781
-0.00293249
-0.00273411
-0.00253238
-0.002327
-0.00211766
-0.00190406
-0.00195282
-0.00218564
-0.00274487
-0.0032446
-0.00370951
-0.0041494
-0.00455997
-0.00494968
-0.00522401
-0.00559885
-0.00595011
-0.00627929
-0.00658715
-0.00687421
-0.00714106
-0.00738835
-0.00761679
-0.00782715
-0.00802021
-0.00819679
-0.0083577
-0.00850365
-0.00863552
-0.0163935
-0.0165321
-0.0167312
-0.0168867
-0.0170233
-0.0171422
-0.0172444
-0.0173308
-0.0174024
-0.0173584
-0.0172343
-0.0170703
-0.0168858
-0.0166907
-0.0164891
-0.0162845
-0.0160797
-0.0158768
-0.0156776
-0.0154836
-0.0152962
-0.0151167
-0.0149461
-0.0147855
-0.0146357
-0.0144975
-0.0143714
-0.0142583
-0.0141584
-0.0140722
-0.0140001
-0.0139422
-0.0138988
-0.01387
-0.0138556
-0.0138558
-0.0138703
-0.0138988
-0.0139412
-0.0139969
-0.0140654
-0.0141461
-0.0142383
-0.0143409
-0.0144529
-0.0145732
-0.0147003
-0.0148328
-0.0149687
-0.0151064
-0.0152435
-0.0153667
-0.0154726
-0.015563
-0.0156387
-0.0157006
-0.0157495
-0.0157862
-0.0158115
-0.0158262
-0.015831
-0.0158258
-0.0157871
-0.0157676
-0.0157623
-0.0157667
-0.0157768
-0.0157886
-0.015798
-0.0158008
-0.0148171
-0.0148657
-0.0148462
-0.0148171
-0.01478
-0.0147364
-0.0146867
-0.0146311
-0.0145701
-0.0145056
-0.0146777
-0.0146158
-0.0142735
-0.0135828
-0.0126836
-0.0115924
-0.0103191
-0.00899476
-0.00777136
-0.0068337
-0.00632286
-0.00601211
-0.00571832
-0.00540747
-0.00510819
-0.00482347
-0.00455457
-0.00430168
-0.00406438
-0.00384195
-0.00363354
-0.00343829
-0.00325534
-0.00308388
-0.00292315
-0.00277248
-0.00263123
-0.00249883
-0.00237473
-0.00225847
-0.00214957
-0.00204764
-0.00195227
-0.00186311
-0.00177983
-0.00170212
-0.00162968
-0.00164336
-0.0015811
-0.00152284
-0.00146862
-0.00141764
-0.00307989
-0.00741533
-0.0146476
-0.0226168
-0.0312663
-0.0407673
-0.0512637
-0.0649418
-0.0756488
-0.0912561
-0.106737
-0.125568
-0.145688
-0.170128
-0.195696
-0.230042
-0.26273
-0.307532
-0.214163
-0.257558
-0.305245
-0.353992
-0.408745
-0.461938
-0.522455
-0.588461
-0.663093
-0.746948
-0.84142
-0.951165
-1.0523
-1.15086
-1.24127
-1.30609
-1.33908
-1.32831
-1.26273
-1.12996
-0.973783
-0.77284
-0.54859
-0.340577
-0.13823
0.000320712
0.0907044
0.164078
0.217667
0.255841
0.311484
0.359944
0.401999
0.419373
0.416042
0.397873
0.371139
0.338613
0.321524
0.31779
0.326119
0.345553
0.346224
0.345903
0.345361
0.347343
0.342393
0.326896
0.302133
0.293132
0.27958
0.264427
0.249077
0.238696
0.204515
0.162476
0.113544
0.0591087
0.000251036
-0.061575
-0.124133
-0.178053
-0.227959
-0.280294
-0.330165
-0.366324
-0.403975
-0.442866
-0.484917
-0.530499
0.100893
0.0904018
0.0563463
0.0130509
-0.0320475
-0.0840133
-0.137733
-0.196354
-0.260273
-0.3288
-0.40298
-0.480993
-0.563174
-0.620949
-0.67853
-0.737274
-0.797332
-0.858941
-0.923159
-0.991914
-1.06532
-1.14347
-1.22562
-1.3142
-1.43398
-1.5723
-1.73114
-1.91536
-2.11009
-2.3334
-2.58211
-2.83428
-3.08511
3.00211
2.86707
2.75481
2.66474
2.60198
2.57978
2.63027
2.84846
-3.07101
-2.17029
-1.21448
-0.303653
0.553889
1.30358
1.63146
1.77525
1.88441
2.05672
2.22429
2.41818
2.66972
2.98363
-2.95499
-2.69486
-2.56441
-2.48415
-2.42583
-2.30962
-2.09897
-2.05612
-1.94764
0.996441
2.33566
2.35115
2.41143
2.50178
2.59858
-2.97022
-3.06718
-3.10088
-2.90373
-2.44247
-1.91003
-1.44279
-0.85247
0.0531004
1.07926
1.85852
2.53169
3.13329
-2.62156
-2.25882
-2.01899
-1.82455
-1.82319
-2.0346
-2.1234
-2.06008
-1.482
0.956584
2.33685
2.38732
2.17181
1.92892
1.78344
1.71464
1.61907
1.61902
1.62644
1.67546
1.63721
1.59239
1.54237
1.49352
1.37101
1.27688
1.14145
1.02282
0.894893
0.812486
0.774261
0.729327
0.67614
0.595764
0.51706
0.372187
0.168477
-0.0507668
-0.268329
-0.486296
-0.692972
-0.851277
-0.986649
-1.10439
-1.21364
-1.31547
-1.40799
-1.47549
-1.52483
-1.55363
-1.60116
