0.0375131
0.0216206
0.0118975
0.00654795
0.00359998
0.00199837
0.00111234
0.000617356
0.000356715
0.000209619
0.000134745
8.85743e-05
7.0019e-05
6.57655e-05
6.86465e-05
7.51264e-05
8.33362e-05
9.23423e-05
0.000101671
0.000111081
0.000120455
0.000129734
0.000138912
0.000147859
0.000156735
0.000164936
0.000173344
0.000181272
0.000188894
0.000196333
0.000203665
0.000210909
0.000218129
0.000225389
0.00023273
0.000240876
0.000249874
0.000259151
0.000268892
0.000278895
0.000289051
0.000299283
0.000309513
0.000319702
0.000329828
0.000340216
0.000349119
0.000359591
0.000363681
0.000365948
0.000366922
0.000367331
0.000368295
0.000368122
0.000367312
0.000366165
0.000364834
0.000363403
0.000361908
0.000360357
0.0003588
0.000357275
0.000355777
0.000354302
0.000352756
0.000351378
0.000350014
0.000348653
0.000347276
0.000345934
0.000379049
0.000361668
0.000351613
0.000338132
0.000334505
0.000330041
0.000325536
0.000321253
0.000317246
0.000313496
0.000309977
0.000306647
0.000303505
0.00030044
0.000297447
0.000294643
0.000292093
0.000289701
0.000287412
0.000285195
0.000283035
0.000280921
0.00027885
0.000276819
0.000274827
0.000272874
0.000270961
0.000269087
0.000267253
0.000265407
0.000263531
0.000261773
0.000260057
0.000258323
0.00025655
0.000254741
0.000252923
0.00025114
0.00024944
0.000247869
0.000246471
0.000245255
0.000244175
0.000243197
0.000242303
0.000241483
0.000240733
0.000240051
0.000239437
0.000238891
0.000237441
0.000233595
0.0002285
0.000222793
0.000216488
0.000210004
0.000203488
0.000197017
0.000190664
0.000184495
0.000178444
0.00017242
0.000166665
0.000161152
0.000155851
0.000150744
0.000145843
0.000142375
0.00013846
0.000134621
0.000129519
0.000123949
0.000119933
0.000117333
0.000115445
0.000113594
0.000111774
0.000109703
0.000107497
0.000106292
0.000106196
0.000106745
0.000107711
0.000108984
0.000110159
0.000109555
0.000108776
0.000107452
0.000105755
0.000103782
0.00010159
9.92157e-05
9.70028e-05
9.5535e-05
9.42981e-05
9.31075e-05
9.1909e-05
9.07938e-05
8.97465e-05
8.88078e-05
8.79861e-05
8.70694e-05
8.6146e-05
8.52931e-05
8.45281e-05
8.3845e-05
8.3242e-05
8.27102e-05
8.224e-05
8.18042e-05
8.13731e-05
8.09041e-05
8.03446e-05
7.96681e-05
7.88628e-05
7.79244e-05
7.68535e-05
7.56527e-05
7.43262e-05
7.28963e-05
7.23531e-05
7.41937e-05
7.72757e-05
8.10389e-05
8.51788e-05
8.9537e-05
9.19241e-05
9.3495e-05
9.47885e-05
9.63245e-05
9.8496e-05
0.000101027
0.000103576
0.000106248
0.000108954
0.000111635
0.00011425
0.000116821
0.000119342
0.00012181
0.000121956
0.000121944
0.000117403
0.000117859
0.00012007
0.000121284
0.000121733
0.000121751
0.000120837
0.000119253
0.000117454
0.000116025
0.000114926
0.000114141
0.000113656
0.000113457
0.000113405
0.000113042
0.000112506
0.000111877
0.000111197
0.000110493
0.000109777
0.00010906
0.000108345
0.000107637
0.000106938
0.000106249
0.000105572
0.000104841
0.000104032
0.000103339
0.000102673
0.000101955
0.000101169
0.000100319
9.9417e-05
9.84838e-05
9.75427e-05
9.66208e-05
9.57501e-05
9.4974e-05
9.43445e-05
9.38886e-05
9.36198e-05
9.35441e-05
9.36631e-05
9.39763e-05
9.44634e-05
9.50742e-05
9.48382e-05
9.2291e-05
8.85322e-05
8.41642e-05
7.9517e-05
7.4771e-05
7e-05
6.52889e-05
6.06967e-05
5.62952e-05
5.20017e-05
4.77241e-05
4.35011e-05
3.9352e-05
3.52838e-05
3.12967e-05
2.74068e-05
2.36258e-05
1.99581e-05
1.64041e-05
1.24216e-05
9.60101e-06
8.07023e-06
7.46619e-06
7.4922e-06
1.15368e-05
8.84153e-06
7.54769e-06
6.0976e-06
5.03326e-06
4.20462e-06
3.60202e-06
3.13196e-06
2.74195e-06
2.40228e-06
2.09579e-06
1.81225e-06
1.54527e-06
1.29062e-06
1.04528e-06
8.06926e-07
5.73697e-07
3.44039e-07
1.1651e-07
-1.10249e-07
-3.37538e-07
-5.66603e-07
-7.98653e-07
-1.03486e-06
-1.20859e-06
-1.29655e-06
-1.4935e-06
-1.70829e-06
-1.86366e-06
-1.9429e-06
-1.94982e-06
-1.89787e-06
-1.80657e-06
-1.6995e-06
-1.60395e-06
-1.55173e-06
-1.58646e-06
-1.76006e-06
-2.10006e-06
-2.62042e-06
-3.32688e-06
-4.22093e-06
-5.30207e-06
-6.55099e-06
-7.91913e-06
-8.43493e-06
-6.63349e-06
-5.4014e-06
-2.05383e-06
1.40839e-06
4.97522e-06
8.09169e-06
1.18453e-05
1.58981e-05
2.00271e-05
2.42116e-05
2.8486e-05
3.27747e-05
3.70327e-05
4.12318e-05
4.64138e-05
5.04612e-05
5.46142e-05
5.8134e-05
6.14531e-05
6.55256e-05
7.10033e-05
7.70449e-05
6.1707e-05
5.53554e-05
5.3135e-05
5.30995e-05
5.53718e-05
5.81855e-05
6.23629e-05
6.13339e-05
6.04061e-05
5.97803e-05
5.93254e-05
5.89744e-05
5.87239e-05
5.85644e-05
5.84851e-05
5.84111e-05
5.82627e-05
5.8072e-05
5.78574e-05
5.76297e-05
5.73956e-05
5.71594e-05
5.69241e-05
5.66918e-05
5.64644e-05
5.62433e-05
5.59623e-05
5.55981e-05
5.53458e-05
5.51141e-05
5.4826e-05
5.44648e-05
5.40344e-05
5.35483e-05
5.30261e-05
5.24914e-05
5.19714e-05
5.14982e-05
5.11152e-05
5.08744e-05
5.08032e-05
5.09149e-05
5.12158e-05
5.17075e-05
5.23896e-05
5.32427e-05
5.42182e-05
5.43446e-05
5.21569e-05
4.87535e-05
4.50488e-05
4.07848e-05
3.63781e-05
3.20194e-05
2.77416e-05
2.3585e-05
1.96097e-05
1.57369e-05
1.18705e-05
8.04568e-06
4.01047e-06
-2.64918e-08
-3.85592e-06
-7.53454e-06
-1.10973e-05
-1.4568e-05
-1.79571e-05
-2.20342e-05
-2.57682e-05
-2.30155e-05
-2.31617e-05
-2.43974e-05
-2.58968e-05
-2.71133e-05
-2.795e-05
-2.85598e-05
-2.84288e-05
-2.69474e-05
-2.44949e-05
-2.1606e-05
-2.22741e-05
-2.29278e-05
-2.36469e-05
-2.44922e-05
-2.54878e-05
-2.60969e-05
-2.62019e-05
-2.60254e-05
-2.61895e-05
-2.6456e-05
-2.64985e-05
-2.67364e-05
-2.68636e-05
-2.69333e-05
-2.69743e-05
-2.70029e-05
-2.69609e-05
-2.68296e-05
-2.68063e-05
-2.68013e-05
-2.6738e-05
-2.66002e-05
-2.63919e-05
-2.61266e-05
-2.5824e-05
-2.55076e-05
-2.52048e-05
-2.49474e-05
-2.4779e-05
-2.47515e-05
-2.48921e-05
-2.52143e-05
-2.5724e-05
-2.64232e-05
-2.73112e-05
-2.83686e-05
-2.95469e-05
-2.98745e-05
-2.78867e-05
-2.46826e-05
-2.13143e-05
-1.71968e-05
-1.29391e-05
-8.5974e-06
-4.3223e-06
-2.05829e-07
3.70686e-06
7.50144e-06
1.12771e-05
1.49991e-05
1.86501e-05
2.22228e-05
2.57152e-05
2.91287e-05
3.24662e-05
3.5732e-05
3.89309e-05
4.17385e-05
4.25722e-05
4.35657e-05
4.46267e-05
4.51894e-05
4.53925e-05
4.52265e-05
4.52107e-05
4.51893e-05
4.51563e-05
4.51107e-05
4.50479e-05
4.4964e-05
4.4863e-05
4.47482e-05
4.46219e-05
4.44865e-05
4.43437e-05
4.41954e-05
4.40432e-05
4.38886e-05
4.3733e-05
4.35777e-05
4.34239e-05
4.3273e-05
4.31261e-05
4.29844e-05
4.28492e-05
4.27215e-05
4.25353e-05
4.22767e-05
4.21541e-05
4.20006e-05
4.17979e-05
4.15064e-05
4.11644e-05
4.06136e-05
4.02679e-05
3.98735e-05
3.94738e-05
3.91097e-05
3.88296e-05
3.8688e-05
3.87138e-05
3.89212e-05
3.93167e-05
3.99023e-05
4.06776e-05
4.16234e-05
4.26909e-05
4.29088e-05
4.15619e-05
3.82376e-05
3.44521e-05
3.03949e-05
2.61926e-05
2.19289e-05
1.76572e-05
1.34451e-05
9.36898e-06
5.36205e-06
1.33728e-06
-2.66209e-06
-6.61232e-06
-1.05005e-05
-1.43278e-05
-1.80786e-05
-2.17228e-05
-2.52193e-05
-2.86019e-05
-3.0485e-05
-3.27174e-05
-3.44481e-05
-3.5587e-05
-3.62097e-05
-3.63619e-05
-3.60326e-05
-3.46614e-05
-3.27993e-05
-3.11577e-05
-2.9904e-05
-3.19417e-05
-3.34804e-05
-3.43357e-05
-3.47806e-05
-3.49894e-05
-3.50654e-05
-3.50663e-05
-3.50246e-05
-3.49588e-05
-3.48797e-05
-3.47939e-05
-3.47053e-05
-3.46169e-05
-3.45306e-05
-3.44481e-05
-3.43696e-05
-3.50149e-05
-3.46591e-05
-3.43543e-05
-3.40507e-05
-3.39056e-05
-3.38071e-05
-3.36672e-05
-3.34704e-05
-3.38443e-05
-3.40578e-05
-3.25924e-05
-3.19428e-05
-3.17133e-05
-3.14708e-05
-3.12904e-05
-3.12369e-05
-3.13446e-05
-3.16313e-05
-3.73565e-05
-3.88207e-05
-4.01773e-05
-4.13824e-05
-4.24431e-05
-4.24307e-05
-4.04547e-05
-3.67278e-05
-3.39866e-05
-3.10842e-05
-2.77634e-05
-2.40235e-05
-1.99641e-05
-1.57328e-05
-1.14398e-05
-7.10587e-06
-2.67829e-06
1.80596e-06
6.32788e-06
1.088e-05
1.53225e-05
1.96189e-05
2.34838e-05
2.70632e-05
3.04583e-05
3.55605e-05
3.73499e-05
3.9626e-05
4.20645e-05
4.44211e-05
4.51575e-05
4.49681e-05
4.44751e-05
4.38399e-05
4.30047e-05
4.19595e-05
4.07118e-05
3.95751e-05
3.88964e-05
3.847e-05
3.8181e-05
3.79662e-05
3.77908e-05
3.76361e-05
3.74922e-05
3.73544e-05
3.72205e-05
3.70897e-05
3.69622e-05
3.68383e-05
3.67189e-05
3.66048e-05
3.6497e-05
3.63963e-05
3.6236e-05
3.59928e-05
3.58613e-05
3.57502e-05
3.55819e-05
3.53396e-05
3.50272e-05
3.46579e-05
3.42513e-05
3.38308e-05
3.34238e-05
3.30621e-05
3.27893e-05
3.26573e-05
3.26935e-05
3.29119e-05
3.33184e-05
3.39152e-05
3.47019e-05
3.56594e-05
3.67264e-05
3.69526e-05
3.48638e-05
3.16804e-05
2.79543e-05
2.39989e-05
1.99937e-05
1.60429e-05
1.22083e-05
8.56109e-06
5.1802e-06
2.0008e-06
-1.06049e-06
-3.95562e-06
-6.65628e-06
-9.14514e-06
-1.14109e-05
-1.34451e-05
-1.52406e-05
-1.67885e-05
-1.80736e-05
-4.10235e-05
-4.48569e-05
-4.7387e-05
-4.634e-05
-4.09408e-05
-2.9792e-05
-1.13635e-05
1.58946e-05
5.35795e-05
9.75312e-05
0.000159612
0.00024051
0.000330453
0.000261562
0.000204342
0.000166246
0.000135855
0.000108515
8.10863e-05
5.12852e-05
1.56319e-05
-2.30588e-05
-5.05803e-05
-5.33112e-05
-4.60176e-05
-3.48465e-05
-2.19077e-05
-7.29287e-06
9.39314e-06
2.88811e-05
5.07706e-05
7.4897e-05
0.000101422
0.000130488
0.000160637
0.000191842
0.00022472
0.000259645
0.000296865
0.000336571
0.000378933
0.000380941
0.000351085
0.000289326
0.000250779
0.000194358
0.000142915
9.47035e-05
-1.71514e-05
-8.68647e-05
-0.000149231
-0.000231547
-0.00030936
-0.000386136
-0.000463413
-0.000538733
-0.000595867
-0.000642122
-0.000682616
-0.000720032
-0.000755483
-0.000789326
-0.000821704
-0.000852612
-0.000881989
-0.000641255
-0.000534006
-0.000489245
-0.000469649
-0.000338247
-0.000676288
-0.000859769
-0.000847294
-0.000718637
-0.000508545
-0.000685331
-0.000946155
-0.00112519
-0.00108079
-0.000974679
-0.000890534
-0.000823277
-0.000679278
-0.000528335
-0.000409089
-0.000316407
-0.000244718
-0.00018712
-0.000166096
-0.000307895
-0.000417964
-0.000485681
-0.000520634
-0.000541692
-0.000559995
-0.000576745
-0.000592239
-0.000606569
-0.00061975
-0.000631345
-0.000642766
-0.000653791
-0.000664623
-0.000675415
-0.000686237
-0.000696983
-0.000706984
-0.000715999
-0.00072374
-0.000730107
-0.000735073
-0.000738624
-0.000740721
-0.000741317
-0.000740372
-0.000737849
-0.00121717
-0.00173122
-0.00254005
-0.00287032
-0.00297066
-0.00298637
-0.00283372
-0.00263614
-0.00210091
-0.00192275
-0.00176994
-0.00164662
-0.00154988
-0.00147343
-0.00141197
-0.0013615
-0.001319
-0.00128239
-0.00125023
-0.00122152
-0.00119423
-0.00117046
-0.00114844
-0.00112797
-0.0019808
-0.00205938
-0.00204319
-0.00200773
-0.00198096
-0.00196907
-0.00197151
-0.00198546
-0.00187071
-0.00173806
-0.00165007
-0.0016077
-0.00159693
-0.00160285
-0.00161813
-0.00163844
-0.00166157
-0.00168649
-0.00171282
-0.00174045
-0.00176933
-0.00179947
-0.00183083
-0.00186341
-0.00189721
-0.00193219
-0.00196833
-0.00200562
-0.00204404
-0.00208351
-0.00212395
-0.00216554
-0.00220827
-0.00225208
-0.00229701
-0.00234308
-0.00239036
-0.00243891
-0.00248881
-0.00254013
-0.00259297
-0.00264742
-0.00270355
-0.00276137
-0.00282084
-0.00288193
-0.00294459
-0.0030088
-0.00307451
-0.00314166
-0.00317914
-0.0031916
-0.00319831
-0.00320718
-0.00322088
-0.0032398
-0.00326347
-0.00329119
-0.00332237
-0.00335654
-0.0033727
-0.00312177
-0.00311428
-0.00321006
-0.00333907
-0.00347112
-0.00359608
-0.00371267
-0.00382276
-0.00392888
-0.00371691
-0.00344634
-0.00295487
-0.00242371
-0.00211976
-0.00196984
-0.00192082
-0.00193524
-0.00182061
-0.000390998
-0.00140256
-0.00371742
-0.00631949
-0.00803801
-0.009134
-0.00980498
-0.0101036
-0.010072
-0.00945852
-0.00831934
-0.00734278
-0.00676466
-0.00654707
-0.00652178
-0.00661825
-0.00678826
-0.00700074
-0.00723682
-0.00748581
-0.00774221
-0.00800357
-0.00826895
-0.00853864
-0.00881337
-0.00909398
-0.00938133
-0.00967623
-0.00997943
-0.0102916
-0.0106134
-0.0109456
-0.0112887
-0.0116436
-0.0120107
-0.0123907
-0.0127844
-0.0131166
-0.0134348
-0.0137804
-0.01415
-0.01452
-0.0155654
-0.015912
-0.0156972
-0.0153199
-0.0149397
-0.0145055
-0.0140002
-0.0118682
-0.0133022
-0.0114552
-0.0109756
-0.00915997
-0.00811497
-0.00557491
-0.00469799
0.000516728
0.000159503
0.00580334
0.00486776
-0.0347336
-0.0302815
-0.0292331
-0.0278221
-0.0258046
-0.0239193
-0.0224537
-0.0207908
-0.0192041
-0.0175947
-0.00864713
-0.00205173
0.00105394
0.00172653
0.00429018
0.0126373
0.0305567
0.0641606
0.117922
0.193857
0.282162
0.366402
0.425954
0.453607
0.453384
0.435158
0.40495
0.367901
0.32737
0.314458
0.301208
0.290824
0.289799
0.29713
0.312646
0.333042
0.353
0.363595
0.366267
0.361872
0.350739
0.340554
0.327451
0.312101
0.297531
0.290581
0.289051
0.291495
0.293247
0.296518
0.298905
0.299966
0.301279
0.312162
0.325972
0.342279
0.360543
0.379731
0.398825
0.419558
0.439868
0.453091
0.473746
0.492904
0.512093
0.531043
0.55004
0.568835
0.587178
0.604504
0.367732
0.366341
0.376232
0.390281
0.405059
0.422551
0.444172
0.470669
0.503501
0.542555
0.581081
0.616099
0.650278
0.683195
0.71462
0.744195
0.771485
0.795988
0.817055
0.833645
0.844524
0.84835
0.843656
0.825768
0.790786
0.736342
0.658887
0.563668
0.447995
0.310316
0.160418
0.000370957
-0.129341
-0.205632
-0.263186
-0.302491
-0.321863
-0.316564
-0.272969
-0.147086
0.0287282
0.38744
0.6367
0.323679
-0.0571094
-0.388276
-0.495841
-0.513304
-0.512254
-0.496267
-0.470375
-0.432857
-0.376035
-0.296483
-0.201799
-0.122162
-0.068862
-0.027234
0.0154066
0.0889544
0.217205
0.268441
0.351552
-0.1253
-0.475759
-0.463368
-0.437696
-0.400448
-0.355765
-0.309437
-0.176711
-0.200258
-0.125476
0.0807136
0.305493
0.454351
0.497944
0.228585
-0.277238
-0.589336
-0.611789
-0.446437
-0.227376
-0.067968
0.0467141
0.134774
0.141501
0.0442314
-0.00130344
0.0228128
0.291576
-0.0729196
-0.57333
-0.558832
-0.508296
-0.427041
-0.366162
-0.328892
-0.295731
-0.292374
-0.293316
-0.296986
-0.290895
-0.283757
-0.275951
-0.267499
-0.255206
-0.242896
-0.231162
-0.220278
-0.209384
-0.200514
-0.191826
-0.181566
-0.169138
-0.154791
-0.148658
-0.14102
-0.132303
-0.122949
-0.113091
-0.102761
-0.0931175
-0.0857146
-0.0791682
-0.0732669
-0.0677288
-0.0624992
-0.0576425
-0.0536477
-0.0503895
-0.0477981
-0.044822
