-0.000851331
0.000503708
0.000216253
0.00011201
0.000111578
-0.000871209
-0.00170353
-0.000948016
-0.000520391
-0.000286199
-0.000152763
-8.06708e-05
-4.11098e-05
-1.9046e-05
-6.63848e-06
4.31195e-07
4.59249e-06
7.12425e-06
8.73152e-06
9.80488e-06
1.05616e-05
1.11234e-05
1.16421e-05
1.20115e-05
1.26291e-05
1.28635e-05
1.30429e-05
1.31857e-05
1.32974e-05
1.33818e-05
1.34416e-05
1.3479e-05
1.34957e-05
1.34929e-05
1.3471e-05
1.33924e-05
1.34063e-05
1.33688e-05
1.33945e-05
1.34685e-05
1.35508e-05
1.3633e-05
1.37109e-05
1.37821e-05
1.38451e-05
1.42832e-05
1.41648e-05
1.5951e-05
1.58816e-05
1.54217e-05
1.48864e-05
1.42863e-05
1.42943e-05
1.41143e-05
1.38808e-05
1.36547e-05
1.34513e-05
1.32685e-05
1.30997e-05
1.29381e-05
1.27787e-05
1.26168e-05
1.24509e-05
1.22802e-05
1.18219e-05
1.16212e-05
1.15322e-05
1.1476e-05
1.13892e-05
1.12606e-05
0.00798614
0.0117476
0.0132346
0.0136354
0.0132409
0.0125655
0.0117713
0.0109453
0.0101327
0.00935612
0.00862568
0.00794489
0.00731375
0.00673047
0.00619244
0.00569668
0.0052402
0.00482004
0.00443341
0.00407768
0.00375043
0.00344938
0.00317245
0.00291772
0.00268342
0.00246791
0.00226968
0.00208736
0.00191967
0.00176545
0.00162362
0.00149318
0.00137322
0.00126291
0.00116148
0.00106822
0.000982471
0.000903636
0.000831164
0.000764546
0.000703315
0.000647043
0.000595333
0.000547821
0.000504173
0.00046408
0.000427259
0.000393447
0.000362406
0.000333912
0.000184032
0.000102044
5.50879e-05
2.83904e-05
1.31801e-05
4.53423e-06
-3.81607e-07
-3.17316e-06
-4.74641e-06
-5.61077e-06
-6.05162e-06
-6.22786e-06
-6.17029e-06
-6.04576e-06
-5.93928e-06
-5.90081e-06
-5.94317e-06
-1.75901e-05
-1.24834e-05
-9.6672e-06
0.0160083
0.0307113
0.041362
0.0488309
0.0530462
0.0540328
0.0518305
0.0464968
0.0380893
0.0285329
0.0206492
0.0148181
0.0111916
0.00984176
0.0100049
0.00975169
0.00926708
0.00870083
0.00812413
0.00757412
0.00706917
0.00661753
0.00619115
0.00575227
0.00532293
0.00491393
0.00453
0.00417264
0.00384164
0.00353595
0.0032541
0.00299452
0.00275559
0.00253575
0.00233353
0.00214753
0.00197648
0.00181919
0.00167455
0.00154156
0.00141929
0.00130687
0.00120352
0.00110851
0.00102117
0.000940896
0.000867113
0.000799304
0.000736991
0.000679734
0.000379666
0.00021533
0.000122507
7.02695e-05
4.094e-05
2.45073e-05
1.52607e-05
1.00245e-05
7.03972e-06
5.33733e-06
4.36898e-06
3.80843e-06
3.49072e-06
3.28374e-06
3.15317e-06
3.06571e-06
2.94271e-06
2.8195e-06
2.69493e-06
2.56926e-06
0.0161221
0.0306666
0.0398836
0.0457633
0.0480117
0.0465953
0.0415292
0.0328565
0.0258337
0.0211555
0.0184533
0.0164097
0.0147865
0.0134488
0.0123182
0.011347
0.0104893
0.00967695
0.00891694
0.00821082
0.00755744
0.00695433
0.00639841
0.00588643
0.00541515
0.00498148
0.00458249
0.00421545
0.00387783
0.00356728
0.00328165
0.00301894
0.00277733
0.00255512
0.00235077
0.00216284
0.00199002
0.0018311
0.00168497
0.0015506
0.00142706
0.00131348
0.00120906
0.00111307
0.00102483
0.000943732
0.000869193
0.000800693
0.000737747
0.000679911
0.000377397
0.000211676
0.000117983
6.52115e-05
3.55522e-05
1.89049e-05
9.57797e-06
4.35865e-06
1.44342e-06
-1.85666e-07
-1.09629e-06
-1.60251e-06
-1.88117e-06
-2.03176e-06
-2.11037e-06
-2.14837e-06
-2.1632e-06
-2.16439e-06
-2.15734e-06
-2.14517e-06
0.0162502
0.0271346
0.0341888
0.0378368
0.0381519
0.0343913
0.0291689
0.0251347
0.0221855
0.0198923
0.0180144
0.0164145
0.0150131
0.0137627
0.0126339
0.0116074
0.0106696
0.00981051
0.00902227
0.00829829
0.00763293
0.00702123
0.00645874
0.00594143
0.00546564
0.00502802
0.00462551
0.00425527
0.00391473
0.00360151
0.00331341
0.00304843
0.00280472
0.00258057
0.00237443
0.00218484
0.00201049
0.00185015
0.00170271
0.00156713
0.00144247
0.00132785
0.00122247
0.00112559
0.00103653
0.000954658
0.000879404
0.000810239
0.000746675
0.000688265
0.000383304
0.000216188
0.000228383
0.000126993
7.05412e-05
3.91287e-05
2.15641e-05
1.19081e-05
6.65681e-06
3.85667e-06
2.41404e-06
1.71363e-06
1.40597e-06
1.28915e-06
1.24313e-06
-0.000190944
-0.000214398
-0.000159776
-8.80263e-05
-4.86014e-05
0.0162787
0.0298855
0.0398552
0.0486865
0.0540962
0.0558875
0.0540328
0.0485115
0.039373
0.0293692
0.0227777
0.0189471
0.0164201
0.0145504
0.0130806
0.0118662
0.0108248
0.00990824
0.00908792
0.00834579
0.0076699
0.00705185
0.00648528
0.00596515
0.00548722
0.00504784
0.00464377
0.00427213
0.00393026
0.00361578
0.00332647
0.00306034
0.00281553
0.00259033
0.00238318
0.00219264
0.00201738
0.0018562
0.00170796
0.00157163
0.00144627
0.001331
0.00122501
0.00112757
0.001038
0.00095566
0.00087998
0.000810427
0.000746512
0.000687786
0.000382511
0.000215129
0.000120406
0.000104267
5.73777e-05
3.12334e-05
1.66418e-05
8.497e-06
3.95562e-06
1.4327e-06
4.60042e-08
-6.94758e-07
-1.06141e-06
-2.6927e-05
-1.5477e-05
-9.17396e-06
-5.70237e-06
-3.78867e-06
-2.73293e-06
-2.96828e-06
0.0162557
0.0298857
0.0399939
0.0471382
0.0510786
0.0517796
0.0492819
0.0436499
0.034944
0.0269225
0.020771
0.0167254
0.0148378
0.0134705
0.0123129
0.0113108
0.010434
0.00966381
0.00894291
0.00825591
0.00761086
0.0070102
0.00645368
0.00591785
0.00545341
0.00502197
0.00462278
0.00425432
0.0039147
0.00360192
0.00331402
0.0030491
0.00280537
0.00258118
0.00237496
0.0021853
0.00201087
0.00185046
0.00170295
0.00156731
0.00144259
0.00132791
0.00122248
0.00112556
0.00103646
0.000954559
0.000879282
0.000810098
0.00074652
0.000688098
0.00038307
0.000215921
0.000121439
0.000116103
6.45976e-05
3.59416e-05
2.00268e-05
1.11817e-05
6.25725e-06
3.51478e-06
1.98627e-06
1.1331e-06
6.55587e-07
3.87059e-07
2.3481e-07
1.47297e-07
9.58702e-08
6.46143e-08
4.46953e-08
3.1215e-08
0.0162523
0.026462
0.0322878
0.0341483
0.0322047
0.0284579
0.0255083
0.0231196
0.0210766
0.0192825
0.0176791
0.0162302
0.0149118
0.013707
0.0126031
0.0115902
0.0106599
0.00980483
0.00901875
0.00829591
0.00763115
0.00701974
0.00645737
0.00594011
0.00546433
0.0050267
0.00462416
0.00425391
0.00391335
0.0036001
0.00331192
0.0030467
0.00280311
0.00257903
0.00237306
0.00218352
0.00198615
0.00183604
0.00169424
0.00156178
0.00143884
0.00132519
0.00122035
0.00112379
0.00103492
0.000953179
0.000878019
0.000808928
0.000745427
0.000687074
0.000382108
0.000574938
0.000317631
0.000174493
9.50008e-05
5.09599e-05
2.66654e-05
1.33732e-05
6.21407e-06
2.47481e-06
6.41973e-07
-1.29953e-07
-3.14876e-07
-1.80404e-07
1.20561e-07
4.99583e-07
9.01714e-07
1.23417e-06
1.40435e-06
1.47413e-06
0.0162504
0.0271446
0.0341613
0.0376862
0.0378691
0.0347805
0.0290175
0.0246562
0.0217711
0.019499
0.0176366
0.0161563
0.0148705
0.0136836
0.0125897
0.0115822
0.0106549
0.00980163
0.00901658
0.00829437
0.00763001
0.00701888
0.00645673
0.00593964
0.005464
0.00502649
0.00462405
0.00425332
0.00391302
0.00359995
0.00331194
0.003047
0.00280329
0.00257912
0.00237292
0.00218256
0.00200748
0.00176534
0.00161385
0.00151682
0.00141331
0.00131025
0.00121116
0.00111765
0.00103036
0.00151546
0.00149206
0.00147095
0.001433
0.0013707
0.00102796
0.000751531
0.000411021
0.000221129
0.000115461
5.68439e-05
2.45444e-05
6.98825e-06
-2.28941e-06
-6.88971e-06
-8.89224e-06
-9.42519e-06
-9.08258e-06
-8.19665e-06
-6.95309e-06
-5.51158e-06
-4.07943e-06
-3.21746e-06
-2.70245e-06
-2.38322e-06
0.0162573
0.0264322
0.0321832
0.0339474
0.0318838
0.0282811
0.0254171
0.0230601
0.0210437
0.0192644
0.0176694
0.0162254
0.01491
0.0137068
0.0126038
0.0115913
0.0106612
0.00980622
0.00902016
0.00829729
0.00763248
0.00702101
0.00645859
0.00594126
0.00546541
0.00502771
0.0046251
0.00425478
0.00391415
0.00360084
0.00331266
0.0030476
0.00280381
0.00257958
0.00237336
0.0021837
0.00200928
0.00184887
0.00170136
0.00156572
0.00144099
0.0013263
0.00122086
0.00112391
0.00103479
0.000952857
0.000877548
0.00080833
0.000744715
0.00068625
0.000381112
0.000213729
0.000119262
6.59653e-05
3.57562e-05
1.84245e-05
8.23188e-06
1.96116e-06
-2.18946e-06
-5.22722e-06
-7.71404e-06
-9.96539e-06
-1.21589e-05
-1.43927e-05
-1.67204e-05
-1.91707e-05
-2.17589e-05
-2.44944e-05
-2.73865e-05
-3.04552e-05
0.0162852
0.0298541
0.0376205
0.0463987
0.0532281
0.0580827
0.0610085
0.0620701
0.0613374
0.0575853
0.0536565
0.0477601
0.0405856
0.0453511
0.0490282
0.0529988
0.0565818
0.0597995
0.0626783
0.0629066
0.060351
0.0551559
0.0491336
0.0442269
0.0403615
0.0373572
0.0350324
0.0331279
0.0313216
0.0295422
0.0277529
0.0259226
0.0240293
0.022057
0.0200132
0.0178913
0.0156772
0.0133601
0.0109308
0.00838162
0.00570568
0.00386369
0.00278152
0.00212021
0.00162255
0.00136933
0.00118002
0.00102986
0.00122526
0.00110676
0.000617517
0.000334903
0.000170646
7.56002e-05
2.07796e-05
8.53819e-05
0.000187839
0.000271678
0.000338153
0.000389343
0.00042579
0.000446662
0.000450244
0.000434266
0.000396143
-0.000590208
-0.00123214
-0.00165791
-0.00195974
-0.00251369
0.0192414
0.0344389
0.0449281
0.0559343
0.0654322
0.0713381
0.0737509
0.0726942
0.0681135
0.059958
0.0483028
0.0332245
0.0199703
0.00920742
0.0012349
-0.00381693
-0.00589582
-0.00498323
-0.00174694
5.58918e-05
0.000840173
0.00101106
0.000832767
0.000483248
6.67962e-05
-0.000368888
-0.000798811
-0.00120999
-0.00159601
-0.00195427
-0.00228467
-0.00258731
-0.0028628
-0.00311218
-0.00333668
-0.00353786
-0.00371861
-0.00388099
-0.00402653
-0.00415646
-0.00427184
-0.00437363
-0.0044627
-0.00453989
-0.00460597
-0.00466165
-0.00405724
-0.00216541
0.00176524
0.005479
0.00875663
0.011995
0.0144735
0.0164344
0.0166292
0.0172026
0.0175113
0.0176422
0.0176469
0.0175516
0.0173719
0.0171179
0.0167961
0.0164113
0.0159672
0.0154665
0.0149101
0.014297
0.0136327
0.0129185
0.00517256
0.017826
0.0273094
0.0336618
0.0368824
0.0370037
0.0340731
0.0281475
0.0234395
0.0199442
0.0172764
0.015166
0.0134341
0.0119626
0.0106817
0.00954733
0.00853102
0.00761388
0.0067827
0.00602772
0.00534133
0.00471732
0.00415041
0.00363601
0.00317009
0.002749
0.00236946
0.0020285
0.00172341
0.00145172
0.00121119
0.000999761
0.000815606
0.000657052
0.000522594
0.000410876
0.000320675
0.000250886
0.000200518
0.000168675
0.000154554
0.000157428
0.000176624
0.000211494
0.000261445
0.000325944
0.000404524
0.000496781
0.000602375
0.000721031
0.000541666
0.000449862
0.00033899
0.000243947
0.000172125
0.000120999
8.5505e-05
6.08113e-05
4.31305e-05
2.97565e-05
2.04357e-05
-0.000537961
-0.000785422
-0.000857793
-0.000835539
-0.000762314
-0.000660249
-0.000539885
-0.000405909
-0.000260203
0.0165702
0.0255322
0.0290092
0.0286253
0.0273974
0.0257917
0.024056
0.0223194
0.0260593
0.0342801
0.0420159
0.0475421
0.0502853
0.0503704
0.0476848
0.0421708
0.0355146
0.0290922
0.0228945
0.0170746
0.0126847
0.0100148
0.00840362
0.00733297
0.00657103
0.00599084
0.00552277
0.00512835
0.00478603
0.00448338
0.00421296
0.00396998
0.00375123
0.00355429
0.00337724
0.0032185
0.00307668
0.00295057
0.00283908
0.00274125
0.00265621
0.0025832
0.00252153
0.0024706
0.00242988
0.00239891
0.0020892
0.00180238
0.00154803
0.00133331
0.00142634
0.00313176
0.00400109
0.00369635
0.00365359
0.00389145
0.00439115
0.00517624
0.00364418
0.00557012
0.00768495
0.0103587
0.0131474
0.0164271
0.0199554
0.0242073
0.0284981
0.0343435
0.0394111
0.0468183
-0.0602121
-0.0536013
-0.0501195
-0.0494721
-0.0649668
-0.0849013
-0.105567
-0.126626
-0.147389
-0.167658
-0.171742
-0.176993
-0.179411
-0.178104
-0.177242
-0.174832
-0.168083
-0.149851
-0.116841
-0.0731884
-0.0117353
0.0570956
0.121066
0.168093
0.18907
0.203693
0.212718
0.216418
0.216209
0.210714
0.206517
0.204601
0.203547
0.20446
0.208002
0.217927
0.232443
0.246925
0.260647
0.272327
0.280165
0.27822
0.275646
0.272901
0.271075
0.271681
0.274158
0.275629
0.260371
0.242674
0.22156
0.1988
0.183607
0.164988
0.144809
0.12339
0.104068
0.0875227
0.0744845
0.065584
0.0641179
0.070018
0.0760788
0.0821961
0.0866009
0.0892225
0.0906485
0.0920866
0.0934105
0.0943559
-0.0304929
-0.0221049
-0.0130158
-0.00279875
0.00815431
0.0171812
0.0235612
0.0272291
0.0250112
0.0221222
0.0209954
0.0209438
0.0264064
0.0330524
0.0416044
0.0524681
0.0660408
0.0818825
0.0985693
0.11619
0.134663
0.149924
0.169045
0.184718
0.202585
0.212295
0.215746
0.207786
0.192696
0.166244
0.132441
0.0914439
0.0538427
0.022993
-0.00359711
-0.0243401
-0.0379984
-0.0432506
-0.0369024
-0.0109508
0.0269086
0.108776
0.193037
0.178709
0.139729
0.106209
0.0981391
0.110776
0.128638
0.144348
0.12805
0.113903
0.0981074
0.0792554
0.0631433
0.0627409
0.0685345
0.0758459
0.0843917
0.0939169
0.106326
0.105118
0.103621
0.0853294
0.125347
0.123633
0.121776
0.119059
0.114779
0.109374
-0.107825
-0.0983299
-0.101843
-0.107785
-0.0840232
-0.0503918
0.000752985
0.0533824
0.0575636
0.0275893
-0.00986866
-0.0354423
-0.0448341
-0.0551381
-0.0668151
-0.0722455
-0.0719216
-0.0571485
-0.0451979
-0.0389306
0.00192766
0.180242
0.0795781
0.0848583
0.122858
0.166318
0.192365
0.208088
0.218127
0.212551
0.201681
0.187754
0.173008
0.155971
0.136049
0.114833
0.105218
0.0947287
0.083233
0.0701748
0.0549254
0.0416261
0.0387683
0.0413865
0.0452947
0.049416
0.0575379
0.0674658
0.0788334
0.0908985
0.103346
0.116419
0.129754
0.136089
0.141903
0.147693
0.153216
0.158481
0.157766
0.157849
0.157476
0.158723
0.161102
