-0.048557
-0.0304938
-0.0125207
-0.00291559
0.00193178
0.00451175
0.00567623
0.00609045
0.0060972
0.00590927
0.00561761
0.00528971
0.00494961
0.00461476
0.00429375
0.00399033
0.00370591
0.00344047
0.00319338
0.00296371
0.0027504
0.00255241
0.00236869
0.00219822
0.00204014
0.00189341
0.00175725
0.00163091
0.00151369
0.00140493
0.00130407
0.00121062
0.00112405
0.00104387
0.000969603
0.000900823
0.000836926
0.000777941
0.000723228
0.00067257
0.000625761
0.000582481
0.000542409
0.000505273
0.000470837
0.000438592
0.000409169
0.000380373
0.000355321
0.000332149
0.000310639
0.000290653
0.000271595
0.000254011
0.000237694
0.000222509
0.000208368
0.0001952
0.000182935
0.000171505
0.000160863
0.000150969
0.000141762
0.000133191
0.000125639
0.000118281
0.000111262
0.000104633
9.84629e-05
9.2752e-05
7.54225e-05
7.11463e-05
6.70488e-05
-0.000716823
-0.000304779
-8.41863e-05
3.15185e-05
8.99088e-05
0.00011712
0.000127503
0.000128927
0.000125696
0.000120158
0.000113578
0.00010666
9.97881e-05
9.31495e-05
8.68309e-05
8.08665e-05
7.52617e-05
7.00069e-05
6.50988e-05
6.05532e-05
5.6373e-05
5.25499e-05
4.90695e-05
4.59149e-05
4.30682e-05
4.05116e-05
3.81904e-05
3.60723e-05
3.42487e-05
3.26792e-05
3.13354e-05
3.01959e-05
2.92431e-05
2.84621e-05
2.7839e-05
2.73608e-05
2.70148e-05
2.67885e-05
2.66454e-05
2.6514e-05
2.63557e-05
2.61498e-05
2.58856e-05
2.55581e-05
2.51651e-05
2.47063e-05
2.41825e-05
2.35948e-05
2.29437e-05
2.21897e-05
2.13558e-05
2.06917e-05
2.00272e-05
1.9335e-05
1.86008e-05
1.78331e-05
1.7059e-05
1.62516e-05
1.5369e-05
1.3824e-05
1.19335e-05
9.82108e-06
7.55357e-06
5.66757e-06
2.49327e-05
1.08905e-05
2.94284e-06
6.56919e-06
3.3707e-06
3.67831e-05
8.81146e-05
0.00012945
0.000147834
0.000152337
0.000149574
0.000143169
0.000134903
0.000187701
0.000268515
0.000359512
0.000451518
0.000505415
0.000441946
0.000352589
0.000240846
0.000117817
-9.99009e-06
-0.000138473
-0.000264896
-0.000361404
-0.000398864
-0.000404936
-0.000394755
-0.000376571
-0.000354853
-0.000331997
-0.000309295
-0.000287404
-0.000266507
-0.000246752
-0.000228175
-0.000210754
-0.00019444
-0.000179173
-0.000164885
-0.000151514
-0.000138996
-0.000127274
-0.000116317
-0.000106138
-9.67201e-05
-8.80321e-05
-8.00375e-05
-7.26974e-05
-6.59728e-05
-5.98261e-05
-5.42211e-05
-4.91233e-05
-4.44836e-05
-4.01117e-05
-3.6069e-05
-3.23557e-05
-2.89483e-05
-2.7653e-05
-2.72261e-05
-2.74156e-05
-2.79927e-05
-2.88831e-05
-2.89797e-05
-2.82073e-05
-2.61989e-05
-2.35763e-05
-2.13357e-05
-2.00853e-05
-1.95024e-05
-1.93518e-05
-1.95003e-05
-2.19033e-05
-2.03909e-05
-3.51025e-06
5.26223e-05
0.000104871
0.000135895
0.000152481
0.000160391
0.000213538
0.000293469
0.000358125
0.000360813
0.000321786
0.000253461
0.000165059
6.37033e-05
-3.19767e-05
-7.99261e-05
-0.000101969
-0.000110086
-0.000110844
-0.000107819
-0.000102926
-9.72023e-05
-9.12036e-05
-8.52205e-05
-7.94001e-05
-7.38111e-05
-6.84801e-05
-6.34528e-05
-5.87399e-05
-5.42094e-05
-4.98748e-05
-4.57365e-05
-4.17882e-05
-3.80206e-05
-3.44236e-05
-3.09873e-05
-2.77026e-05
-2.45615e-05
-2.15572e-05
-1.87085e-05
-1.60702e-05
-1.36654e-05
-1.15004e-05
-9.5723e-06
-7.87382e-06
-6.3953e-06
-5.12621e-06
-4.05577e-06
-3.17333e-06
-2.46899e-06
-1.9869e-06
-1.69139e-06
-1.5663e-06
-1.6024e-06
-1.45284e-06
-1.33799e-06
-1.28256e-06
-1.48114e-06
-1.97457e-06
-2.66175e-06
-3.45642e-06
-4.32544e-06
-5.2569e-06
-6.24957e-06
-7.2979e-06
-8.39582e-06
-9.53936e-06
-1.07254e-05
-9.22346e-06
-9.33178e-06
4.43762e-06
1.96408e-05
2.68903e-05
2.971e-05
3.13828e-05
5.68451e-05
6.80191e-05
7.153e-05
7.10003e-05
6.84553e-05
6.49566e-05
6.10762e-05
5.71181e-05
5.32396e-05
4.9518e-05
4.59875e-05
4.26592e-05
3.95317e-05
3.65978e-05
3.38622e-05
3.13523e-05
2.90769e-05
2.70344e-05
2.5218e-05
2.3618e-05
2.22242e-05
2.10256e-05
1.99703e-05
1.90317e-05
1.83198e-05
1.77955e-05
1.74342e-05
1.72195e-05
1.71389e-05
1.71823e-05
1.73405e-05
1.76045e-05
1.79652e-05
1.84133e-05
1.89148e-05
1.94002e-05
1.98112e-05
2.0062e-05
2.01692e-05
2.01556e-05
2.00346e-05
1.98145e-05
1.9501e-05
1.9099e-05
1.8628e-05
1.5831e-05
1.34348e-05
1.088e-05
8.16097e-06
5.30341e-06
2.43453e-06
-3.87985e-07
-3.12696e-06
-5.82521e-06
-8.5451e-06
-1.1265e-05
-1.39779e-05
-1.66874e-05
0.000153122
0.000147744
7.19347e-05
-9.4776e-06
-5.0823e-05
-4.29883e-05
-6.0006e-05
-6.51937e-05
-6.28697e-05
0.000111361
0.000371386
0.000677525
0.00101069
0.00133592
0.00163287
0.00173031
0.00172352
0.00166396
0.00157949
0.00148502
0.00138825
0.00129327
0.00120209
0.00111601
0.00103574
0.000961031
0.000891583
0.000827104
0.000767288
0.000711826
0.000660421
0.000612793
0.000568675
0.000527819
0.000489953
0.000454844
0.000422409
0.000392435
0.000364731
0.000339129
0.000315472
0.000293619
0.000273438
0.000254806
0.000237609
0.000221742
0.000207079
0.000193469
0.000180796
0.00016897
0.000157915
0.000147566
0.000137866
0.000128761
0.000120205
0.000112155
0.000104575
9.7471e-05
9.02617e-05
8.33744e-05
7.67679e-05
7.04252e-05
6.43421e-05
5.85319e-05
5.30201e-05
4.77515e-05
4.26515e-05
3.77294e-05
5.63735e-05
3.91527e-05
2.86724e-05
2.19458e-05
1.73271e-05
1.35067e-05
1.15831e-05
1.13012e-05
9.58736e-06
9.8806e-06
0.00011327
0.000244066
0.000369158
0.000473216
0.000556296
0.000626971
0.000688514
0.000780525
0.000894365
0.00100386
0.000879369
0.000743399
0.000604689
0.000466048
0.000329035
0.000231625
0.000174241
0.000139137
0.000116651
0.000101203
0.000108287
8.84806e-05
7.55208e-05
6.65161e-05
5.98639e-05
5.4671e-05
5.03939e-05
4.67294e-05
4.363e-05
4.09659e-05
3.86575e-05
3.66535e-05
3.49181e-05
3.34246e-05
3.21508e-05
3.10777e-05
3.01877e-05
2.9464e-05
2.88662e-05
2.83193e-05
2.77808e-05
2.72269e-05
2.66436e-05
2.60229e-05
2.536e-05
2.46523e-05
2.38981e-05
2.3097e-05
2.22574e-05
2.1378e-05
1.94339e-05
1.75994e-05
1.59167e-05
1.43034e-05
1.27021e-05
1.1108e-05
9.55093e-06
7.98488e-06
6.34742e-06
4.66304e-06
2.9453e-06
1.20158e-06
-5.64201e-07
-2.35015e-06
-4.15558e-06
-5.98055e-06
-7.82567e-06
-8.96845e-06
-1.03432e-05
2.10172e-06
1.46978e-05
2.09087e-05
2.42528e-05
4.66818e-05
3.45066e-05
2.75232e-05
2.31979e-05
2.00707e-05
1.75678e-05
1.56512e-05
1.4088e-05
1.27471e-05
1.15537e-05
1.04645e-05
9.4534e-06
8.50421e-06
7.60606e-06
6.75128e-06
5.94929e-06
5.23409e-06
4.62225e-06
4.12009e-06
3.72841e-06
3.44514e-06
3.26677e-06
3.18897e-06
3.09922e-06
2.98337e-06
2.94187e-06
3.37201e-06
3.82848e-06
4.32017e-06
4.79011e-06
2.51842e-05
1.3772e-05
8.05764e-06
5.47703e-06
4.61812e-06
4.67795e-06
5.16655e-06
5.8179e-06
6.48903e-06
7.10449e-06
7.62586e-06
8.03497e-06
8.32467e-06
8.49381e-06
8.54445e-06
6.97071e-06
7.97257e-06
7.80669e-06
7.14392e-06
6.30798e-06
5.42826e-06
4.54725e-06
3.69144e-06
2.89008e-06
2.0907e-06
1.22344e-06
3.05944e-07
-6.54501e-07
-1.65641e-06
-2.75721e-06
-3.87727e-06
-5.07678e-06
-6.41698e-06
-7.86195e-06
-1.03194e-05
-1.43734e-05
-4.93225e-06
4.82725e-06
9.66206e-06
1.30815e-05
1.72837e-05
8.99563e-05
0.000175396
0.000218419
0.000222444
0.000119594
2.12787e-05
-2.88517e-05
-5.25117e-05
-6.17669e-05
-6.33619e-05
-6.09873e-05
-5.66551e-05
-5.14552e-05
-4.59712e-05
-4.04944e-05
-3.51411e-05
-2.99635e-05
-2.49799e-05
-2.0191e-05
-1.55883e-05
-1.15269e-05
-7.24537e-06
-3.26023e-06
4.55786e-07
4.0729e-06
7.59429e-06
1.10271e-05
1.42506e-05
1.70524e-05
1.94323e-05
9.40917e-05
8.9641e-05
4.8447e-05
2.8299e-05
1.96022e-05
1.70398e-05
1.76976e-05
1.99827e-05
1.70505e-05
1.53157e-05
1.33899e-05
1.17034e-05
1.0265e-05
9.03389e-06
6.70941e-06
6.61121e-06
3.85483e-06
3.41218e-07
-2.27411e-06
-4.41637e-06
-5.94307e-06
-6.56219e-06
-7.20866e-06
-7.9778e-06
-8.78596e-06
-9.52496e-06
-1.01357e-05
-1.05843e-05
-7.8943e-06
-4.17585e-06
-2.72386e-06
-2.6032e-06
-3.22453e-06
-4.02183e-07
-3.15355e-05
-6.73113e-05
-0.000110247
-0.000159135
-0.000166516
-0.000140873
-0.000126506
-0.000116576
-9.95402e-05
-7.66723e-05
-4.88676e-05
-2.40198e-05
-1.05812e-05
-3.42285e-06
2.9037e-07
2.11661e-06
2.9117e-06
3.14533e-06
3.07485e-06
2.84092e-06
2.53529e-06
2.23799e-06
1.99154e-06
1.81713e-06
1.72436e-06
1.71654e-06
1.79357e-06
1.95359e-06
2.15242e-06
2.36857e-06
2.71754e-06
3.16796e-06
3.70038e-06
4.30176e-06
4.96267e-06
5.67562e-06
6.43408e-06
7.2319e-06
8.06297e-06
8.92094e-06
9.77532e-06
1.05619e-05
1.12457e-05
1.18121e-05
1.22558e-05
1.25769e-05
1.27782e-05
1.2864e-05
1.32218e-05
1.36969e-05
1.50005e-05
1.32223e-05
1.06592e-05
8.16369e-06
5.96223e-06
4.04107e-06
2.31449e-06
7.10853e-07
-8.0922e-07
-2.3434e-06
-3.99272e-06
-5.76069e-06
-7.65203e-06
-9.67098e-06
-1.18208e-05
-1.41036e-05
-1.6521e-05
-1.90743e-05
-2.17663e-05
9.52522e-06
4.19576e-05
7.5507e-05
0.000124975
0.000164111
0.000201637
0.000239194
0.000276659
0.000313598
0.000336142
0.000372425
0.000411882
0.000437056
0.000397884
0.0011405
0.00227679
0.00362019
0.00507638
0.00660089
0.00816669
0.00976051
0.0113878
0.0130425
0.0146492
0.0160741
0.0172864
0.0182979
0.0191355
0.0198203
0.0203602
0.0207588
0.0210208
0.0211497
0.0211482
0.0210184
0.020763
0.0203847
0.0198848
0.0192639
0.0185221
0.0176589
0.0166727
0.0156336
0.0146
0.0136414
0.012655
0.0117461
0.0109056
0.0101061
0.00935545
0.00865209
0.00799289
0.0073894
0.00682726
0.00629981
0.00575868
0.00526091
0.00480172
0.00437477
0.00397564
0.00360099
0.00324823
0.00291534
0.00260058
0.00230242
0.00270636
0.00283435
0.00278219
0.00262814
0.00271389
0.00208094
0.000995668
0.000351633
-1.50661e-05
0.00209081
0.00252945
0.00189091
0.000848956
0.000307245
1.01845e-05
-0.00017113
-0.000287944
-2.65124e-05
0.00037933
0.000778017
0.00113192
0.00142387
0.0016519
0.00173969
0.0012578
0.000715381
0.000215517
-0.000213313
-0.000595622
-0.00095276
-0.00128997
-0.00161049
-0.00191664
-0.00221016
-0.0024857
-0.00275377
-0.00301416
-0.00326706
-0.0035127
-0.0037513
-0.00398286
-0.0042063
-0.00442127
-0.00462768
-0.00482575
-0.00501579
-0.00519822
-0.00537346
-0.00554187
-0.00570378
-0.00585951
-0.00771477
-0.00883135
-0.00926673
-0.00932026
-0.00912751
-0.00879028
-0.00841668
-0.00800834
-0.00771875
-0.00724065
-0.00680733
-0.00640498
-0.00602848
-0.00567601
-0.00534643
-0.00503863
-0.0047514
-0.00448347
-0.00423357
-0.0040005
-0.00378237
-0.00358
-0.00339117
-0.00321501
-0.0036405
-0.00396844
-0.00408741
-0.00407543
-0.00399192
-0.0038717
-0.00373471
-0.00359172
-0.00321711
-0.00279309
-0.00243849
-0.00217633
-0.00199575
-0.00187634
-0.00180203
-0.00176028
-0.00174199
-0.00174073
-0.00175199
-0.00177259
-0.00180019
-0.001833
-0.00186962
-0.00190891
-0.00194994
-0.00199192
-0.00203418
-0.00207613
-0.00211725
-0.00215715
-0.00219538
-0.00223146
-0.00226515
-0.00229621
-0.00232437
-0.00234941
-0.00237111
-0.00238929
-0.00240379
-0.00241446
-0.00242119
-0.00242391
-0.0024226
-0.00241723
-0.00240776
-0.00239412
-0.0023763
-0.00235426
-0.00232801
-0.00229753
-0.00222116
-0.00209992
-0.00194262
-0.0017679
-0.00158581
-0.00140145
-0.00121716
-0.00103377
-0.000851298
-0.000669422
-0.000524383
6.18636e-05
0.000413065
0.00060738
0.000709157
0.000762312
0.000793928
0.000819567
0.000847669
0.000882562
0.00123507
0.00118908
0.00110011
0.00103549
0.00107195
0.00116158
0.00127727
0.00140389
0.00193434
0.00997001
0.0150367
0.017129
0.0170954
0.0164363
0.0153863
0.0140758
0.012407
0.0102757
0.0084385
0.00729353
0.00669269
0.00650212
0.00644282
0.00644012
0.00644709
0.00644679
0.00643655
0.00641957
0.00640068
0.0063844
0.00637423
0.00637282
0.00638196
0.00640269
0.00643551
0.00648064
0.00653813
0.00660795
0.00669002
0.00678433
0.00689092
0.00700987
0.00714128
0.00728535
0.00744237
0.00761272
0.00766426
0.00779059
0.00794993
0.00812715
0.00833097
0.00960638
0.0108803
0.0120968
0.0137366
0.0157365
0.0181016
0.0208505
0.0224928
0.0252981
0.0299945
0.0346282
0.0402605
0.0460846
0.0530322
0.0598356
0.0690596
0.0768624
0.0870895
0.0962697
0.0246255
0.029164
0.0318858
0.0328966
0.0334686
0.0326014
0.0329105
0.0334877
0.0341156
0.0346536
0.0479306
0.0620823
0.0762723
0.0931587
0.113022
0.136822
0.16488
0.196514
0.22197
0.223644
0.193911
0.125215
0.028878
-0.0870158
-0.193646
-0.284074
-0.367293
-0.439744
-0.500123
-0.527342
-0.551451
-0.570752
-0.581971
-0.585561
-0.581628
-0.568595
-0.550192
-0.535721
-0.52554
-0.520004
-0.519349
-0.519678
-0.51709
-0.51038
-0.498091
-0.476907
-0.449484
-0.416811
-0.402322
-0.38949
-0.378648
-0.369828
-0.361766
-0.345164
-0.325271
-0.302008
-0.274064
-0.241086
-0.202919
-0.160217
-0.114439
-0.0953911
-0.0801384
-0.0657248
-0.0547327
-0.0443962
-0.0352674
-0.0238374
-0.00957908
0.00781673
-0.499147
-0.498872
-0.493081
-0.485232
-0.476418
-0.467627
-0.458361
-0.448187
-0.439268
-0.423603
-0.402311
-0.378063
-0.354913
-0.328575
-0.298676
-0.264959
-0.227028
-0.184185
-0.135382
-0.0803659
-0.0191189
0.0478069
0.120713
0.208505
0.305177
0.403804
0.502054
0.587168
0.659415
0.71251
0.735625
0.724413
0.684816
0.637605
0.586888
0.539193
0.502421
0.486499
0.502889
0.558574
0.587836
0.486533
-0.0364507
-0.507265
-0.561597
-0.364906
-0.166305
-0.0643688
0.0057955
0.102589
0.178945
0.252112
0.325384
0.394511
0.44498
0.479138
0.501111
0.51989
0.538888
0.558794
0.562514
0.559618
0.538188
-0.491014
0.202583
0.216134
0.256813
0.311922
0.36563
0.41268
0.474869
0.451365
0.470064
0.467076
0.36328
0.17552
-0.144938
-0.534072
-0.579118
-0.276079
0.103478
0.354027
0.459369
0.46001
0.425179
0.386192
0.39852
0.459681
0.486335
0.493335
0.37318
-0.540181
-0.0922939
-0.0682075
-0.162247
-0.249579
-0.261263
-0.242382
-0.217521
-0.182645
-0.144063
-0.101359
-0.100614
-0.105019
-0.109057
-0.112976
-0.116465
-0.114651
-0.116197
-0.11747
-0.117938
-0.120328
-0.122391
-0.124393
-0.124834
-0.122446
-0.119929
-0.114903
-0.107357
-0.0982701
-0.0880484
-0.0764867
-0.0642678
-0.0577406
-0.0506488
-0.04309
-0.0355484
-0.0279904
-0.0203282
-0.0130625
-0.00747689
-0.00164728
0.00683713
