-0.0171984
-0.00598927
-0.00383759
-0.00384582
0.00035165
0.000521588
0.000514193
0.0031116
0.00309112
0.00443827
0.00439534
0.00528394
0.00610284
0.00687431
0.00763199
0.00836955
0.00909176
0.00979948
0.0104931
0.0111734
0.0118409
0.0124967
0.0131271
0.013749
0.0142933
0.0148536
0.0154045
0.0159466
0.016482
0.0170127
0.0175406
0.0180676
0.0185957
0.0191268
0.0196639
0.0202553
0.0208249
0.0214276
0.0220267
0.0226223
0.0232141
0.023802
0.0243861
0.0249661
0.025542
0.0259447
0.0264378
0.0262014
0.025967
0.0258123
0.0256919
0.0256349
0.0254039
0.0251747
0.0249472
0.0247215
0.0244974
0.0242751
0.0240545
0.0238356
0.0236184
0.0234028
0.0231889
0.0229767
0.0227661
0.0225571
0.0223497
0.0221439
0.0219397
0.021737
0.0214875
0.0212883
0.0210901
0.0209015
0.0207077
0.0205168
0.0203285
0.0201425
0.0199587
0.0197771
0.0195976
0.0194202
0.0192447
0.0190713
0.0188996
0.0187297
0.0185612
0.0183943
0.0182289
0.018065
0.0179025
0.0177415
0.017582
0.0174239
0.0172672
0.0171119
0.0169581
0.0168056
0.0166545
0.0165047
0.0163563
0.0162093
0.0160635
0.0159191
0.015776
0.0156341
0.0154935
0.0153542
0.0152162
0.0150794
0.0149438
0.0148095
0.0146763
0.0145444
0.0144136
0.014284
0.0141556
0.0140283
0.0139022
0.0137772
0.0136533
0.0135306
0.013409
0.0132884
0.0131692
0.0130513
0.0129346
0.0128192
0.012705
0.012592
0.0124802
0.0123696
0.01226
0.0121514
0.0120437
0.0119369
0.0118311
0.0117344
0.0116296
0.0115255
0.0114172
0.0113341
0.0112353
0.0111361
0.0110367
0.0109379
0.0108399
0.0107429
0.0106468
0.0105511
0.0104544
0.0103563
0.0102567
0.0101559
0.010055
0.00995735
0.00986158
0.00976812
0.00967705
0.00958843
0.00950232
0.00941879
0.00933704
0.00925578
0.00917505
0.00909487
0.00901525
0.0089362
0.0088577
0.00877977
0.00870241
0.00862563
0.00854942
0.0084738
0.00839875
0.0083243
0.00825042
0.00817713
0.00810442
0.00803229
0.00796074
0.00788975
0.00781934
0.00774948
0.00768019
0.00761144
0.00754325
0.00747559
0.00740848
0.00734189
0.00727583
0.00721029
0.00714526
0.00708073
0.00701669
0.00695314
0.00689038
0.00682836
0.00676703
0.0067063
0.00664611
0.00658644
0.00652732
0.00646872
0.00641063
0.00635306
0.00629599
0.00623944
0.00618338
0.00612782
0.00607275
0.0060213
0.00597693
0.00592706
0.00587329
0.00581926
0.00576541
0.00571179
0.00565756
0.00560334
0.00554965
0.00549721
0.00544594
0.00539576
0.00534659
0.00529838
0.00525103
0.00520409
0.00515754
0.0051114
0.00506565
0.00502029
0.00497532
0.00493074
0.00488655
0.00484274
0.00479932
0.00475627
0.0047136
0.0046713
0.00462937
0.00458782
0.00454662
0.0045058
0.00446533
0.00442522
0.00438546
0.00434606
0.004307
0.0042683
0.00422993
0.00419191
0.00415423
0.00411688
0.00407986
0.00404318
0.00400682
0.00397078
0.00393507
0.00389968
0.0038646
0.00382984
0.00379539
0.00376124
0.00372741
0.00369387
0.00366064
0.00362771
0.00359508
0.00356273
0.00353068
0.00349891
0.00346743
0.00343623
0.00340531
0.00337467
0.0033443
0.0033142
0.00328435
0.00325477
0.00322468
0.00319693
0.00316901
0.00314046
0.00311214
0.00308368
0.00305996
0.00303231
0.0030048
0.00297743
0.00295024
0.00292332
0.00289667
0.00287029
0.00284417
0.0028183
0.00279268
0.00276732
0.0027422
0.00271732
0.00269267
0.00266827
0.00264409
0.00262015
0.00259643
0.00257294
0.00254966
0.0025266
0.00250376
0.00248114
0.00245872
0.00243651
0.00241451
0.00239271
0.00237111
0.00234971
0.0023285
0.0023075
0.00228668
0.00226606
0.00224562
0.00222537
0.00220531
0.00218543
0.00216573
0.00214621
0.00212687
0.00210771
0.00208872
0.0020699
0.00205125
0.00203277
0.00201455
0.00199646
0.00197855
0.0019608
0.00194325
0.00192585
0.00190858
0.00189146
0.00187447
0.00185762
0.00184091
0.00182433
0.00180789
0.00178718
0.00176885
0.00175236
0.00173699
0.00172172
0.00170561
0.00169052
0.0016754
0.00168306
0.00168481
0.00168086
0.00167044
0.00165057
0.00162207
0.00158459
0.00155523
0.00153082
0.0015095
0.00149038
0.00147313
0.00145792
0.00144474
0.00143342
0.00142306
0.0014126
0.00140208
0.00139149
0.00138084
0.00137016
0.00135945
0.00134872
0.00133797
0.00132723
0.00131648
0.00130574
0.00129503
0.00128433
0.00127366
0.00126302
0.00125242
0.00124185
0.00123134
0.00122086
0.00121044
0.00120007
0.00118976
0.00117951
0.00116931
0.00115917
0.0011491
0.0011391
0.00112916
0.00111928
0.00110948
0.00109974
0.00109007
0.00108048
0.00107095
0.00106154
0.00105218
0.00104288
0.00103367
0.00102453
0.00101547
0.00100649
0.000997591
0.000988767
0.000980019
0.000971548
0.000962865
0.000954255
0.000945719
0.000937255
0.000928864
0.000920552
0.000912312
0.000903879
0.000889312
0.00087818
0.000869955
0.000864311
0.000860656
0.00085874
0.000858728
0.00085715
0.000852459
0.000844461
0.000833255
0.000822907
0.000812746
0.000803234
0.000794567
0.00078678
0.000779336
0.000771953
0.000764633
0.00075745
0.000750358
0.000743088
0.000736197
0.000729382
0.000722642
0.000715975
0.00070938
0.000702856
0.000696399
0.000690011
0.000683688
0.000677431
0.000671237
0.000665106
0.000659037
0.000653028
0.000647079
0.000641188
0.000635356
0.00062958
0.00062386
0.000618196
0.000612586
0.00060703
0.000601527
0.000596077
0.000590678
0.00058533
0.000580033
0.000574785
0.000569587
0.000564457
0.000559364
0.000554316
0.000549309
0.000544348
0.000539433
0.000534563
0.000529737
0.000524957
0.00052022
0.000515526
0.000510876
0.000506268
0.000501702
0.000497178
0.000492696
0.000488254
0.000483859
0.000480733
0.000476719
0.000472034
0.000467369
0.000462792
0.000458312
0.000454058
0.000449886
0.000445791
0.000441768
0.0004378
0.000433868
0.00042997
0.000426107
0.000422278
0.000418483
0.000414722
0.000410994
0.0004073
0.000403638
0.000400009
0.000396413
0.000392848
0.000389316
0.000385815
0.000382345
0.000378907
0.000375499
0.000372122
0.000368778
0.000365473
0.000362186
0.000358927
0.000355693
0.00035249
0.000349356
0.00034621
0.000343093
0.000340004
0.000336942
0.000333909
0.000330902
0.000327923
0.000324971
0.000322045
0.000319146
0.000316273
0.000313426
0.000310605
0.000307809
0.000305098
0.000302373
0.00029968
0.000297013
0.00029437
0.000291748
0.000289147
0.000286566
0.000284003
0.00028146
0.000278935
0.000276428
0.00027394
0.000271469
0.000269016
0.00026658
0.000264163
0.000261768
0.000259394
0.000257047
0.000254595
0.000252501
0.000250542
0.000248631
0.000246753
0.000244887
0.000241421
0.00023613
0.000230012
0.00022371
0.000220675
0.00021923
0.000218043
0.000216847
0.000215608
0.000214328
0.000213013
0.000211665
0.000210288
0.000208886
0.000207462
0.000206017
0.000204555
0.000203078
0.000201588
0.000200087
0.000198583
0.000197066
0.000195543
0.000194015
0.000192485
0.000190953
0.00018942
0.000187888
0.000186363
0.000184841
0.000180942
0.000178431
0.000177187
0.000175927
0.000174655
0.000173372
0.00017208
0.00017078
0.000169495
0.000168201
0.000166907
0.00016561
0.000164311
0.00016301
0.000161712
0.00016041
0.00015912
0.000157836
0.000156555
0.000155276
0.000153999
0.000152723
0.00015145
0.000150179
0.000148912
0.000147648
0.000146389
0.000145133
0.000143878
0.000142628
0.000141385
0.00014015
0.000138924
0.000137826
0.000139027
0.000138363
0.000136693
0.000135023
0.000133468
0.000131714
0.000130256
0.00012898
0.00012774
0.000126533
0.000125358
0.000124204
0.000123062
0.000121932
0.000120813
0.000119706
0.00011861
0.000117524
0.00011645
0.000115386
0.000114332
0.000113289
0.000112256
0.000111233
0.000110219
0.000109216
0.000108222
0.000107237
0.000106262
0.000105297
0.00010434
0.000103392
0.000102453
0.000101523
0.000100602
9.96895e-05
9.87853e-05
9.78895e-05
9.70021e-05
9.61229e-05
9.52518e-05
9.43888e-05
9.35338e-05
9.26866e-05
9.18472e-05
9.10156e-05
9.01916e-05
8.93751e-05
8.85661e-05
8.77643e-05
8.69695e-05
8.61817e-05
8.54006e-05
8.46258e-05
8.38571e-05
8.30943e-05
8.23372e-05
8.15855e-05
8.0839e-05
8.00976e-05
7.93611e-05
7.86292e-05
7.79017e-05
7.71784e-05
7.64592e-05
7.57438e-05
7.5032e-05
7.43235e-05
7.36181e-05
7.29186e-05
7.21806e-05
7.1412e-05
7.06108e-05
6.97825e-05
6.8926e-05
6.80411e-05
6.71279e-05
6.61864e-05
6.52219e-05
6.42248e-05
6.31947e-05
6.21468e-05
0.000181987
0.000377123
0.000659631
0.00101831
0.00149412
0.00208223
0.00277237
0.00358214
0.00451493
0.00551028
0.00646017
0.00736833
0.00823853
0.00907459
0.0098729
0.0106109
0.011283
0.0118837
0.0124035
0.0128324
0.01316
0.0133776
0.0134757
0.0134441
0.013272
0.0129483
0.0124614
0.0117995
0.011099
0.0104099
0.00973759
0.00904272
0.00839091
0.00775969
0.00715003
0.00655015
0.00598151
0.00543926
0.00491703
0.00441542
0.00393438
0.0034735
0.00302986
0.00260659
0.0022032
0.00181907
0.00145355
0.00110603
0.000775945
0.000462737
0.00016586
-0.000115221
-0.000791128
-0.00148562
-0.00218442
-0.00288509
-0.00376062
-0.0039987
-0.00403791
-0.00406763
-0.00408832
-0.00406049
-0.00394758
-0.00364323
-0.00333038
-0.00325035
-0.00330867
-0.00336073
-0.00340712
-0.00371939
-0.00427207
-0.00502045
-0.00595557
-0.0070703
-0.00836146
-0.00975567
-0.0108505
-0.0118331
-0.0127619
-0.0136629
-0.0145357
-0.0153743
-0.0161789
-0.0169496
-0.0176863
-0.0183885
-0.0190564
-0.0196899
-0.0202886
-0.0208525
-0.0213815
-0.0218756
-0.022335
-0.0227614
-0.023156
-0.0235199
-0.023854
-0.0241592
-0.0244363
-0.0246862
-0.0249096
-0.0251076
-0.0252808
-0.0249919
-0.0240795
-0.0223169
-0.0206698
-0.0191326
-0.0177008
-0.0163584
-0.0151018
-0.0145592
-0.0134402
-0.0123926
-0.0114123
-0.0104954
-0.00963789
-0.00883579
-0.0080855
-0.00738358
-0.00672687
-0.00611239
-0.00553738
-0.00499904
-0.00449524
-0.00402373
-0.00358245
-0.00257882
-0.00181784
-0.00116621
-0.000562629
-4.12103e-06
0.000512601
0.000990754
0.00143341
0.00156711
0.00147687
0.00126746
0.00099142
0.000675397
0.000330535
-3.36667e-05
-0.00041041
-0.000794362
-0.00118105
-0.00156659
-0.00194751
-0.00232071
-0.0026834
-0.00303304
-0.00336731
-0.00368408
-0.00398137
-0.00425737
-0.00451037
-0.00473879
-0.00494112
-0.00511594
-0.00526189
-0.00537762
-0.0054618
-0.00551312
-0.00553023
-0.00551177
-0.00545636
-0.00536257
-0.00522894
-0.00505395
-0.00483602
-0.00457357
-0.00426498
-0.00390864
-0.00350285
-0.00304587
-0.00253588
-0.00197096
-0.00134906
-0.000742245
-0.000175795
0.000352163
0.000844044
0.00130204
0.00172821
0.00212448
0.00249267
0.00283451
0.00315162
0.00344622
0.00297129
0.00260595
0.00234425
0.00217762
0.00210103
0.0021133
0.00221599
0.0024124
0.00270691
0.00262774
0.0029044
0.00317526
0.00343825
0.00368504
0.00391546
0.0041298
0.00432862
0.00452209
0.00239675
0.00287825
0.00559588
0.0100155
0.0146288
0.0193109
0.0239966
0.0280607
0.0309849
0.0322528
0.0315924
0.0301335
0.0286802
0.027388
0.0261647
0.0250049
0.0239041
0.0228588
0.0218657
0.0209219
0.0200248
0.0191718
0.0183607
0.0175891
0.0168551
0.0161565
0.0154916
0.0148585
0.0142556
0.0136812
0.0131339
0.0126122
0.0121148
0.0116404
0.0111878
0.0107559
0.0103436
0.00984543
0.00946225
0.00909544
0.00874418
0.00840835
0.0021338
-0.00544806
-0.0138897
-0.0230834
-0.0328587
-0.0433131
-0.054491
-0.068937
-0.079005
-0.0938728
-0.107499
-0.123564
-0.139399
-0.157969
-0.175272
-0.199019
-0.217029
-0.243726
-0.263335
-0.236446
-0.262315
-0.284464
-0.307691
-0.328855
-0.351124
-0.371975
-0.392952
-0.413971
-0.43535
-0.456874
-0.471333
-0.479322
-0.47991
-0.469733
-0.448254
-0.413629
-0.364306
-0.293726
-0.223715
-0.146692
-0.0830806
-0.0433045
-0.0386957
-0.0535418
-0.0762716
-0.108515
-0.145858
-0.183341
-0.227337
-0.26927
-0.31082
-0.348224
-0.382554
-0.4157
-0.449112
-0.482722
-0.516587
-0.54896
-0.578888
-0.60576
-0.616745
-0.623096
-0.624019
-0.620911
-0.614807
-0.608454
-0.603503
-0.595562
-0.594843
-0.600592
-0.612727
-0.63337
-0.648346
-0.665715
-0.686015
-0.709473
-0.736296
-0.766706
-0.796522
-0.815221
-0.802928
-0.776606
-0.748443
-0.715688
-0.68012
-0.642035
-0.603866
-0.565571
-0.527082
-0.433141
-0.44636
-0.453808
-0.454441
-0.446526
-0.433008
-0.414125
-0.388672
-0.359348
-0.324574
-0.288703
-0.251089
-0.21573
-0.180034
-0.143904
-0.107401
-0.07071
-0.0342142
0.00136192
0.0351491
0.0660439
0.092849
0.113414
0.116002
0.105781
0.0752256
0.0153526
-0.0668956
-0.182269
-0.32883
-0.477181
-0.618525
-0.713727
-0.763461
-0.794789
-0.809149
-0.80618
-0.780568
-0.717835
-0.557934
-0.290734
0.348784
0.706084
0.384423
-0.165167
-0.587069
-0.675939
-0.668921
-0.639224
-0.584391
-0.506371
-0.401894
-0.253573
-0.0497621
0.184181
0.345837
0.40582
0.415558
0.402028
0.411565
0.45703
0.425823
0.426605
-0.290438
-0.54433
-0.554453
-0.5599
-0.560331
-0.560909
-0.5647
-0.392804
-0.371597
-0.248453
-0.0157004
0.211788
0.336081
0.359705
0.130456
-0.240441
-0.374821
-0.294509
-0.0838097
0.158594
0.316435
0.400449
0.438349
0.408013
0.310313
0.248647
0.232078
0.341581
-0.101999
-0.345877
-0.349888
-0.356219
-0.336184
-0.315963
-0.306685
-0.295169
-0.302558
-0.316134
-0.338296
-0.324346
-0.305752
-0.287039
-0.267775
-0.241896
-0.222578
-0.195343
-0.169525
-0.143233
-0.120972
-0.103848
-0.0844704
-0.0622719
-0.0365689
-0.0239354
-0.00334951
0.0254367
0.0592868
0.0964204
0.136684
0.177373
0.207488
0.235355
0.261444
0.286575
0.310779
0.333602
0.350673
0.362831
0.370626
0.38573
