-0.000149579
-0.000236268
-3.23401e-05
-9.13819e-06
0.000889876
0.00145997
0.00197104
0.000386091
6.96576e-05
1.78912e-05
7.01236e-07
8.52737e-07
1.66909e-06
1.75992e-06
1.71096e-06
1.59749e-06
1.51365e-06
1.42095e-06
1.32148e-06
1.22182e-06
1.12622e-06
1.03674e-06
7.50657e-07
7.22185e-07
-2.63738e-07
1.7542e-07
4.94107e-07
5.22592e-07
4.96899e-07
4.62161e-07
4.26824e-07
3.92421e-07
3.59163e-07
3.26951e-07
2.95132e-07
3.02369e-07
-5.91591e-08
1.02123e-07
1.20542e-07
1.22802e-07
1.31673e-07
1.40996e-07
1.4874e-07
1.54411e-07
1.58035e-07
-7.1453e-07
-2.30085e-07
-3.9553e-06
-3.62942e-06
-2.11709e-06
-1.55918e-06
-1.23292e-06
-2.19438e-06
-2.02802e-06
-1.70861e-06
-1.41301e-06
-1.16337e-06
-9.5659e-07
-7.86123e-07
-6.45798e-07
-5.30439e-07
-4.35487e-07
-3.57435e-07
-2.93298e-07
-2.33444e-07
-1.93639e-07
-1.60798e-07
-1.33291e-07
-1.09601e-07
-8.99386e-08
7.46537e-08
6.59314e-08
5.68096e-08
-0.00126585
-0.000240513
-4.56804e-05
-8.6623e-06
-1.63173e-06
-2.98686e-07
-4.768e-08
-1.82645e-09
5.42846e-09
5.61706e-09
4.75912e-09
3.97291e-09
3.25914e-09
2.66475e-09
2.15628e-09
1.73147e-09
1.37847e-09
1.08439e-09
8.36926e-10
6.26068e-10
4.50238e-10
3.0536e-10
1.86687e-10
8.99768e-11
1.16346e-11
-5.13456e-11
-1.01479e-10
-1.40786e-10
-1.71002e-10
-1.93713e-10
-2.10171e-10
-2.2135e-10
-2.28088e-10
-2.31121e-10
-2.31115e-10
-2.28661e-10
-2.24287e-10
-2.18448e-10
-2.11536e-10
-2.03877e-10
-1.95714e-10
-1.8721e-10
-1.785e-10
-1.69695e-10
-1.60884e-10
-1.52143e-10
-1.43532e-10
-1.35097e-10
-1.24762e-10
-1.12997e-10
-1.03604e-10
-1.73872e-10
-1.51387e-10
-1.39495e-10
-1.29635e-10
-1.20574e-10
-1.12214e-10
-1.04516e-10
-9.74235e-11
-3.7155e-11
-3.50881e-11
-4.00721e-11
-4.56568e-11
-6.48923e-11
3.31757e-05
6.29705e-06
1.19075e-06
-2.21511e-07
-0.00822131
-0.0169323
-0.022412
-0.0250569
-0.0250197
-0.0223542
-0.0171156
-0.00935043
-0.00177746
0.00264044
0.00491992
0.00532303
0.00390351
0.00177017
0.00121844
0.0010566
0.000925056
0.000779073
0.000609925
0.000416211
0.000197875
3.76138e-05
7.15016e-06
1.36078e-06
2.61478e-07
5.33899e-08
1.4492e-08
7.50876e-09
6.23212e-09
5.89731e-09
5.72001e-09
5.51942e-09
5.24545e-09
4.88695e-09
4.45525e-09
3.97406e-09
3.46481e-09
2.94867e-09
2.4407e-09
1.95793e-09
1.5153e-09
1.12709e-09
8.04889e-10
5.53672e-10
3.73193e-10
2.59653e-10
2.07004e-10
2.07909e-10
2.54432e-10
3.36782e-10
3.63863e-10
-1.96788e-10
-6.41929e-10
-9.54633e-10
-1.18161e-09
3.05324e-09
6.22532e-09
8.54447e-09
1.01224e-08
1.10849e-08
9.91441e-09
-1.17811e-08
8.34412e-10
1.07034e-09
1.73043e-10
8.5263e-08
1.59856e-07
2.34877e-07
3.11128e-07
-3.88412e-07
-0.00537839
-0.014231
-0.0186187
-0.019508
-0.0172509
-0.0119533
-0.00368053
0.000141489
0.00117179
0.000736921
0.000641138
0.000576369
0.000483424
0.000354256
0.000190302
3.61988e-05
6.91135e-06
1.34275e-06
2.81658e-07
7.74175e-08
3.6278e-08
2.63816e-08
2.2644e-08
2.02728e-08
1.83346e-08
1.66318e-08
1.51094e-08
1.37414e-08
1.25093e-08
1.13969e-08
1.03915e-08
9.48248e-09
8.6587e-09
7.91095e-09
7.23136e-09
6.61303e-09
6.04988e-09
5.53568e-09
5.06653e-09
4.63846e-09
4.24774e-09
3.89104e-09
3.56533e-09
3.26783e-09
2.99603e-09
2.74765e-09
2.52064e-09
2.31313e-09
2.12337e-09
1.94975e-09
1.79203e-09
1.27609e-09
8.14456e-10
4.18121e-10
6.73082e-11
1.16392e-09
1.99324e-09
2.54096e-09
3.51065e-09
4.54857e-09
3.90646e-09
3.27414e-09
2.55325e-09
2.25217e-09
-1.48368e-09
-1.83635e-09
-1.59796e-09
-1.2933e-09
-1.01357e-09
7.58442e-10
-0.0045709
-0.00861538
-0.0106092
-0.0100374
-0.00568282
-0.00160068
-0.000304258
-5.78318e-05
-1.09879e-05
-2.08239e-06
-3.8783e-07
-6.38123e-08
-2.84469e-10
1.36505e-08
1.80071e-08
2.03434e-08
2.20706e-08
2.34475e-08
2.45253e-08
2.53236e-08
2.58613e-08
2.61603e-08
2.62448e-08
2.61398e-08
2.58703e-08
2.54607e-08
2.49336e-08
2.43103e-08
2.36102e-08
2.28357e-08
2.20065e-08
2.11565e-08
2.0291e-08
1.94116e-08
1.85241e-08
1.76365e-08
1.67569e-08
1.58935e-08
1.50535e-08
1.42431e-08
1.34676e-08
1.27317e-08
1.21146e-08
1.17892e-08
1.15087e-08
1.11914e-08
1.08345e-08
1.04479e-08
1.00409e-08
9.62068e-09
9.17117e-09
-0.000261531
-4.96976e-05
-9.43002e-06
-1.77571e-06
-3.21128e-07
-4.53053e-08
6.32658e-09
1.5234e-08
1.59506e-08
1.50699e-08
1.38701e-08
1.26162e-08
1.13768e-08
0.000511744
0.000389477
0.000185692
3.52985e-05
6.71112e-06
-1.27412e-06
-0.00649199
-0.0148529
-0.022746
-0.0265045
-0.0269066
-0.0242002
-0.0184179
-0.00964972
-0.00183246
0.000322415
0.000209288
4.08494e-05
8.75572e-06
2.5782e-06
1.32708e-06
1.01484e-06
8.85946e-07
7.99707e-07
7.26164e-07
6.59723e-07
5.99386e-07
5.44386e-07
4.94527e-07
4.4922e-07
4.08034e-07
3.70592e-07
3.36557e-07
3.05621e-07
2.77506e-07
2.51959e-07
2.28749e-07
2.07662e-07
1.88506e-07
1.71108e-07
1.55308e-07
1.40962e-07
1.27939e-07
1.16118e-07
1.05319e-07
9.54729e-08
8.65212e-08
7.84032e-08
7.10558e-08
6.44133e-08
5.8411e-08
5.29703e-08
4.80421e-08
4.3584e-08
3.95533e-08
3.59071e-08
3.25074e-08
2.87893e-08
-9.13758e-05
-1.73332e-05
-3.26404e-06
-5.91169e-07
-8.41679e-08
1.09379e-08
2.75073e-08
2.89651e-08
2.74344e-08
2.52891e-08
6.8241e-05
1.29757e-05
2.47097e-06
4.71711e-07
8.92347e-08
1.62096e-08
2.19531e-06
-1.56357e-06
-0.00468112
-0.0146918
-0.0204056
-0.0229754
-0.0227453
-0.0198557
-0.0143872
-0.00638975
-0.00121377
0.00149605
0.00229093
0.0013461
0.00077543
0.000574294
0.000430224
0.00027729
0.000102098
1.96712e-05
3.98306e-06
9.79841e-07
3.88734e-07
2.67782e-07
5.83195e-05
1.1235e-05
2.27463e-06
5.60096e-07
2.23494e-07
1.49683e-07
1.26671e-07
1.1405e-07
1.04092e-07
9.53291e-08
8.73905e-08
8.013e-08
7.34687e-08
6.73527e-08
6.17399e-08
5.65956e-08
5.18897e-08
4.75957e-08
4.3689e-08
4.01488e-08
3.69547e-08
3.4083e-08
3.15077e-08
2.92021e-08
2.71395e-08
2.52942e-08
2.36397e-08
2.21497e-08
2.07193e-08
1.93991e-08
-0.000117383
-2.22823e-05
-4.21056e-06
-7.77436e-07
-1.26315e-07
-3.95579e-09
1.78842e-08
2.06217e-08
1.97492e-08
1.82273e-08
1.66332e-08
1.50875e-08
1.362e-08
1.22411e-08
1.09547e-08
9.762e-09
8.66235e-09
-7.65358e-09
-0.00361968
-0.00627421
-0.00642902
-0.00369358
-0.000702231
-6.65401e-05
-1.28649e-05
-2.62328e-06
-6.41152e-07
-2.34033e-07
-1.29596e-07
-8.53772e-08
-5.65254e-08
-3.39888e-08
-1.55831e-08
-4.85982e-10
1.18154e-08
2.17302e-08
2.96084e-08
3.57533e-08
4.04286e-08
4.38631e-08
4.62553e-08
4.77764e-08
4.85746e-08
4.87771e-08
4.84932e-08
4.78166e-08
4.68306e-08
4.55879e-08
4.41549e-08
4.26228e-08
4.09248e-08
3.92061e-08
3.78115e-08
6.20205e-05
1.1823e-05
2.27408e-06
4.56504e-07
1.09509e-07
4.22656e-08
2.82633e-08
2.44223e-08
2.25537e-08
2.11045e-08
1.97825e-08
1.85341e-08
1.73498e-08
1.62276e-08
1.5166e-08
-0.000616471
-0.000117349
-2.22961e-05
-4.19682e-06
-7.53227e-07
-1.00687e-07
2.04162e-08
4.04284e-08
4.13157e-08
3.8698e-08
3.55565e-08
3.24637e-08
2.95324e-08
2.67851e-08
2.42241e-08
2.1848e-08
1.96738e-08
1.77037e-08
1.58804e-08
-1.42035e-08
-0.00458047
-0.0085679
-0.0104078
-0.00971639
-0.00639678
-0.0012181
0.000425877
0.000465776
0.000511868
0.000511751
0.000225901
4.22335e-05
7.45262e-06
9.59303e-07
-1.72843e-07
-3.00677e-07
-2.50568e-07
-1.77952e-07
-1.1091e-07
-5.34912e-08
-5.32891e-09
3.46423e-08
6.74991e-08
9.42121e-08
1.15636e-07
1.32521e-07
1.46874e-07
1.56939e-07
1.64771e-07
1.70196e-07
1.73346e-07
1.74564e-07
1.74171e-07
1.7245e-07
1.69592e-07
1.67876e-07
0.000221774
0.000152939
2.95048e-05
5.76857e-06
1.19698e-06
3.1283e-07
1.38863e-07
1.01825e-07
-0.000553759
-0.000869347
-0.000978304
-0.000996689
-0.000955168
-0.000858657
-0.000624042
-0.000120612
-2.24928e-05
-3.40732e-06
2.56207e-07
9.10447e-07
9.7941e-07
9.36792e-07
8.75247e-07
8.12903e-07
7.53251e-07
6.96907e-07
6.43944e-07
5.94313e-07
5.47933e-07
5.04683e-07
4.6442e-07
4.26999e-07
3.92287e-07
-3.60137e-07
-0.00352923
-0.00609463
-0.00618145
-0.00337354
-0.000670091
-8.4091e-05
4.40218e-06
-9.25957e-07
-1.83261e-06
-1.87475e-06
-1.75624e-06
-1.61505e-06
-1.47788e-06
-1.35068e-06
-1.23391e-06
-1.12696e-06
-1.0291e-06
-9.3958e-07
-8.57719e-07
-7.8288e-07
-7.14478e-07
-6.51971e-07
-5.94864e-07
-5.427e-07
-4.95058e-07
-4.51555e-07
-4.11836e-07
-3.75578e-07
-3.42483e-07
-3.12282e-07
-2.84726e-07
-2.5958e-07
-2.36638e-07
-2.15711e-07
-1.96623e-07
-1.79216e-07
-1.63342e-07
-1.48866e-07
-1.35667e-07
-1.23631e-07
-1.12655e-07
-1.02647e-07
-9.35205e-08
-8.51975e-08
-7.76073e-08
-7.06856e-08
-6.43738e-08
-5.86185e-08
-5.3371e-08
-4.85863e-08
-4.42265e-08
-4.03246e-08
-3.67563e-08
-3.34923e-08
-3.05112e-08
-2.77913e-08
-2.5311e-08
-2.30495e-08
-2.09874e-08
-1.91069e-08
-1.73918e-08
-1.58276e-08
-1.44008e-08
-1.30993e-08
-1.19118e-08
-1.08283e-08
-9.83963e-09
-8.93734e-09
-8.11356e-09
7.36021e-09
-0.0048619
-0.0113259
-0.0207898
-0.0266366
-0.0306969
-0.0335508
-0.0353794
-0.0362277
-0.0300224
-0.0267716
-0.0273581
-0.0263505
-0.0387364
-0.0405677
-0.0435225
-0.045561
-0.0472708
-0.0487354
-0.0456369
-0.0414418
-0.0354153
-0.0299238
-0.0268086
-0.0247639
-0.023331
-0.0223005
-0.0214008
-0.0203199
-0.019151
-0.0179174
-0.0166091
-0.0152179
-0.0137378
-0.0121927
-0.0105727
-0.00886157
-0.00705248
-0.0051409
-0.00312298
-0.000995089
-0.00015017
1.18952e-05
3.88441e-05
0.00022169
7.25772e-05
3.91019e-05
2.93273e-05
-0.000763491
-0.000468242
-7.84946e-05
-1.24274e-06
1.26642e-05
1.40126e-05
1.30164e-05
-0.000217486
-0.000425008
-0.000531767
-0.000600031
-0.000646036
-0.000671699
-0.000674707
-0.000651544
-0.000598278
-0.000510855
0.00201664
0.00280749
0.0031641
0.00341773
0.00449074
-0.00489654
-0.0133906
-0.0197592
-0.0299212
-0.0351158
-0.0395312
-0.0418544
-0.0412221
-0.0365578
-0.0285995
-0.0176679
-0.00389534
0.00585847
0.012684
0.0168702
0.0185741
0.0178406
0.014681
0.00992332
0.00800271
0.00739747
0.00728937
0.00738004
0.00750964
0.0076207
0.00772208
0.00781598
0.007902
0.00797933
0.00804857
0.00810929
0.0081606
0.0082019
0.00823313
0.00825435
0.00826653
0.00827388
0.00827749
0.00827742
0.0082737
0.00826638
0.00825557
0.00824143
0.00822419
0.00820408
0.0081813
0.00352432
-0.000908117
-0.0069532
-0.0121652
-0.0169956
-0.0215534
-0.0243461
-0.0264384
-0.0255067
-0.0255357
-0.0254773
-0.0253247
-0.0250857
-0.0247569
-0.0243398
-0.0238379
-0.0232544
-0.0225928
-0.0218557
-0.0210459
-0.0201618
-0.0192
-0.018173
-0.0170807
0.0159252
0.00402652
-0.00441244
-0.00961473
-0.0119377
-0.0115399
-0.00851917
-0.00295495
-0.000113975
0.00122909
0.00190322
0.00226917
0.00249033
0.00264931
0.0027724
0.00287245
0.00295575
0.00302536
0.00308286
0.00312916
0.00316487
0.00319044
0.00320622
0.00321247
0.00320939
0.00319715
0.0031759
0.00314575
0.00310678
0.00305904
0.00300258
0.00293738
0.00286337
0.00278047
0.00268854
0.00258741
0.0024769
0.00235681
0.00222692
0.00208702
0.00193686
0.0017762
0.00160487
0.00142275
0.00122972
0.00102563
0.0008103
0.000583522
0.000345054
9.46032e-05
-2.9332e-05
-6.2015e-05
-6.5063e-05
-5.93588e-05
-5.18274e-05
-4.46347e-05
-3.83461e-05
-3.30092e-05
-2.85209e-05
-2.47492e-05
-2.15191e-05
0.00125293
0.00153812
0.00147386
0.00129481
0.00107976
0.000850773
0.000611175
0.000359177
9.22973e-05
7.25963e-06
-0.00166054
-0.00200473
-0.000702669
-0.000209799
-2.81879e-05
3.41708e-05
5.14547e-05
-0.0115042
-0.0145361
-0.0173275
-0.019328
-0.0219522
-0.0224955
-0.0207767
-0.0167219
-0.012551
-0.0096681
-0.00659046
-0.00301962
-0.000597971
0.000391403
0.000615594
0.000641896
0.000598072
0.000534299
0.000469633
0.000410681
0.000359136
0.00031483
0.00027697
0.000244626
0.000216924
0.000193096
0.000172499
0.000154597
0.000138956
0.000125217
0.000113091
0.000102341
9.27712e-05
8.4222e-05
7.65596e-05
6.96725e-05
6.34668e-05
5.7863e-05
0.00387979
0.00669444
0.0089036
0.0107394
0.0115827
0.0104507
0.00807068
0.00716085
0.00691859
0.00690348
0.00704065
0.00729409
0.00899179
0.0029975
0.001031
0.00199986
0.00433819
0.0066281
0.00998912
0.0125616
0.0179394
0.020086
0.0261816
0.0286122
-0.0233002
-0.0160976
-0.0204406
-0.0231216
-0.0264557
-0.0311034
-0.0359966
-0.041054
-0.0475707
-0.055821
-0.0707603
-0.0799462
-0.0820917
-0.0720506
-0.0502509
-0.0144784
0.032974
0.100468
0.18535
0.263177
0.319554
0.324456
0.266778
0.162007
0.043444
-0.0785413
-0.203028
-0.325222
-0.440763
-0.517867
-0.573044
-0.630917
-0.688604
-0.742211
-0.789323
-0.832688
-0.863087
-0.870725
-0.854558
-0.823631
-0.789363
-0.779672
-0.768029
-0.753948
-0.743436
-0.739747
-0.7271
-0.715043
-0.688457
-0.657734
-0.619435
-0.567789
-0.489683
-0.418134
-0.346841
-0.276031
-0.212612
-0.156647
-0.108331
-0.0659159
-0.0323119
-0.0061167
0.0153128
0.0134376
-0.000149838
-0.0199476
-0.0470188
-0.0824249
-0.123854
-0.167414
0.147426
0.134187
0.119025
0.101086
0.084862
0.0719854
0.063017
0.0587318
0.0621675
0.0701917
0.0782335
0.0867482
0.106861
0.12503
0.140786
0.153687
0.163315
0.171599
0.18315
0.197475
0.214
0.222944
0.242635
0.235218
0.230108
0.2117
0.198015
0.179147
0.165818
0.160477
0.162364
0.166745
0.166212
0.155693
0.13348
0.0983602
0.0517847
-0.00507638
-0.0549899
-0.0624194
-0.00588864
0.197589
0.374676
0.133611
-0.161798
-0.459954
-0.61434
-0.68042
-0.717267
-0.713149
-0.675873
-0.609229
-0.51533
-0.395548
-0.264178
-0.160452
-0.0940309
-0.0474231
0.00274616
0.0678099
0.169914
0.179898
0.219829
-0.117443
-0.426766
-0.37926
-0.315626
-0.250221
-0.184406
-0.113459
0.0634016
0.0066029
0.00959407
0.0955704
0.211874
0.280938
0.288783
0.139239
-0.140805
-0.36946
-0.472839
-0.420148
-0.266808
-0.13152
-0.0236483
0.051472
0.0606535
-0.00346812
-0.0250321
-0.0179378
0.0713742
0.0817424
-0.077555
-0.0340585
0.0423836
0.145683
0.240027
0.335902
0.426008
0.507619
0.574308
0.632206
0.666321
0.703806
0.734193
0.770032
0.801089
0.827689
0.845177
0.865327
0.876334
0.883493
0.901634
0.919361
0.946695
0.975272
0.974139
0.969764
0.96121
0.952371
0.945538
0.94096
0.935847
0.920493
0.901989
0.881774
0.860854
0.839419
0.829712
0.826335
0.829157
0.831244
0.841834
