-0.00851227
-0.00976208
-0.00940048
-0.00869838
-0.00840564
-0.00791697
-0.00737696
-0.00683352
-0.00628887
-0.00579178
-0.00531934
-0.00488849
-0.00449444
-0.004133
-0.00380139
-0.00349713
-0.00321795
-0.00296179
-0.00272673
-0.00251105
-0.00231316
-0.0021316
-0.00196504
-0.00181201
-0.00167162
-0.00154177
-0.00142244
-0.00131287
-0.00121232
-0.0011201
-0.00103556
-0.000958105
-0.000887178
-0.000822269
-0.000762908
-0.000707821
-0.000656179
-0.000608615
-0.000564539
-0.000523686
-0.000485808
-0.000450669
-0.000418052
-0.000387752
-0.00035958
-0.00033049
-0.000305305
-0.000268996
-0.00023685
-0.00021262
-0.000190968
-0.000171622
-0.000150141
-0.000131493
-0.000115322
-0.000101302
-8.91464e-05
-7.86009e-05
-6.94438e-05
-6.14821e-05
-5.4549e-05
-4.85008e-05
-4.32139e-05
-3.85825e-05
-3.45164e-05
-3.09371e-05
-2.77791e-05
-2.49859e-05
-2.25093e-05
-2.0308e-05
1.83469e-05
1.65973e-05
1.50232e-05
-1.9579e-05
-1.75371e-05
-1.59392e-05
-1.4518e-05
-1.3224e-05
-1.20426e-05
-1.09643e-05
-9.98092e-06
-9.0847e-06
-8.26825e-06
-7.52473e-06
-6.84792e-06
-6.23193e-06
-5.6714e-06
-5.16128e-06
-4.69698e-06
-4.27436e-06
-3.88966e-06
-3.53944e-06
-3.22062e-06
-2.93037e-06
-2.66612e-06
-2.42555e-06
-2.20654e-06
-2.00716e-06
-1.82566e-06
-1.66044e-06
-1.51005e-06
-1.37317e-06
-1.24859e-06
-1.13522e-06
-1.03205e-06
-9.38173e-07
-8.52768e-07
-7.75075e-07
-7.04405e-07
-6.40131e-07
-5.81682e-07
-5.28535e-07
-4.80217e-07
-4.36294e-07
-3.96372e-07
-3.60092e-07
-3.27126e-07
-2.97177e-07
-2.69972e-07
-2.45264e-07
-2.22827e-07
-2.02456e-07
-1.84078e-07
-1.67426e-07
-1.52308e-07
-1.38567e-07
-1.2607e-07
-1.14704e-07
-1.04363e-07
-9.49548e-08
-8.63955e-08
-7.86083e-08
-7.1524e-08
-6.50785e-08
-5.92139e-08
-5.38778e-08
-4.90221e-08
-1.47429e-06
-1.31604e-06
-1.19099e-06
1.08133e-06
0.00023652
0.000676345
0.00121704
0.00178688
0.00230863
0.00271045
0.00292237
0.00287612
0.00260989
0.00225949
0.00188744
0.0015533
0.00131468
0.0011776
0.00105415
0.00094232
0.000842298
0.000753598
0.000675762
0.000608358
0.000550976
0.000501378
0.000456243
0.000415174
0.000377805
0.000343801
0.000312859
0.000284704
0.000259084
0.000235771
0.000214557
0.000195253
0.000177687
0.000161703
0.000147157
0.00013392
0.000121875
0.000110914
0.000100939
9.18615e-05
8.36007e-05
7.60831e-05
6.92417e-05
6.30156e-05
5.73494e-05
5.21928e-05
4.74999e-05
4.32288e-05
3.93418e-05
3.58041e-05
3.25845e-05
2.96531e-05
2.69849e-05
2.45565e-05
2.23465e-05
2.03354e-05
1.85052e-05
1.68397e-05
1.53241e-05
1.39448e-05
1.26898e-05
1.15477e-05
1.05084e-05
9.56263e-06
8.70197e-06
7.9207e-06
7.21121e-06
6.56729e-06
5.98322e-06
-5.4538e-06
-0.00015777
-0.000527794
-0.000970783
-0.00139919
-0.00172441
-0.00186456
-0.00174058
-0.00155482
-0.00137948
-0.001247
-0.00112616
-0.00101666
-0.00091823
-0.000830575
-0.000753409
-0.000685597
-0.000623887
-0.000567732
-0.000516633
-0.000470133
-0.000427818
-0.000389313
-0.000354274
-0.000322388
-0.000293373
-0.000266969
-0.000242942
-0.000221078
-0.000201182
-0.000183076
-0.000166601
-0.000151608
-0.000137964
-0.000125549
-0.000114251
-0.00010397
-9.4614e-05
-8.61001e-05
-7.83525e-05
-7.13021e-05
-6.48862e-05
-5.90476e-05
-5.37345e-05
-4.88995e-05
-4.44995e-05
-4.04955e-05
-3.68517e-05
-3.35358e-05
-3.05182e-05
-2.77722e-05
-2.52732e-05
-2.29988e-05
-2.0929e-05
-1.90455e-05
-1.73314e-05
-1.57716e-05
-1.43521e-05
-1.30604e-05
-1.18852e-05
-1.08159e-05
-9.84272e-06
-8.95713e-06
-8.15118e-06
-7.41773e-06
-6.74985e-06
-6.14213e-06
-5.58914e-06
-5.08593e-06
-4.62804e-06
4.21137e-06
0.000135726
0.000356808
0.000606112
0.000809601
0.000858423
0.000784049
0.000712669
0.000648424
0.000590062
0.000536964
0.000488645
0.000444673
0.000404658
0.000368244
0.000335106
0.00030495
0.000277508
0.000252535
0.000229809
0.000209128
0.000190308
0.000173181
0.000157596
0.000143413
0.000130506
0.000118761
0.000108072
9.83458e-05
8.94945e-05
8.14398e-05
7.41099e-05
6.74397e-05
6.13697e-05
5.5846e-05
5.08194e-05
4.62452e-05
4.20827e-05
3.82948e-05
3.48478e-05
3.17111e-05
2.88566e-05
2.62591e-05
2.38954e-05
2.17445e-05
1.97871e-05
1.8006e-05
1.63851e-05
1.49102e-05
1.3568e-05
1.23467e-05
1.12353e-05
1.29367e-05
1.42419e-05
1.34272e-05
1.23062e-05
1.12148e-05
1.02084e-05
9.29003e-06
8.4539e-06
7.69294e-06
7.00047e-06
6.37032e-06
5.7969e-06
5.27511e-06
1.53989e-05
1.98829e-05
2.06624e-05
1.90305e-05
1.73851e-05
-1.58369e-05
-0.00017765
-0.000539246
-0.00101034
-0.00154864
-0.00206169
-0.00246372
-0.00268272
-0.00263424
-0.00243633
-0.0022023
-0.00199779
-0.00181718
-0.00165354
-0.00150477
-0.00136941
-0.00124622
-0.00113412
-0.00103209
-0.000939241
-0.000854741
-0.00077784
-0.000707854
-0.000644162
-0.000586197
-0.000533445
-0.000485437
-0.000441746
-0.000401986
-0.000365801
-0.000332871
-0.000302904
-0.000275632
-0.000250815
-0.00022823
-0.000207677
-0.000188974
-0.000171954
-0.000156466
-0.000142372
-0.000129547
-0.000117877
-0.000107258
-9.75949e-05
-8.88022e-05
-8.08015e-05
-7.35215e-05
-6.68974e-05
-6.08701e-05
-5.5386e-05
-5.03962e-05
-4.5856e-05
-4.17269e-05
-3.91398e-05
-3.61931e-05
-3.30421e-05
-3.00875e-05
-2.73829e-05
-2.49188e-05
-2.26761e-05
-2.06351e-05
-1.87778e-05
-1.70877e-05
-1.67534e-05
-1.52002e-05
-1.38322e-05
-1.25887e-05
-1.14562e-05
-1.04252e-05
-9.54012e-06
8.71428e-06
0.000133679
0.000474149
0.000936721
0.00143871
0.00190454
0.00225863
0.00242705
0.00234181
0.00214424
0.00189788
0.00166323
0.00149456
0.00134882
0.00121869
0.00110228
0.000998693
0.000907264
0.000825351
0.000751021
0.000683422
0.000621914
0.000565943
0.000513959
0.000467524
0.000425412
0.000387118
0.000352275
0.00032057
0.000291718
0.000265462
0.00024157
0.000219827
0.000200041
0.000182036
0.000165652
0.000150742
0.000137174
0.000124827
0.000113591
0.000103367
9.40624e-05
8.55956e-05
7.78909e-05
7.08798e-05
6.44996e-05
5.86938e-05
5.34106e-05
4.86029e-05
4.4228e-05
4.02469e-05
3.66242e-05
3.33278e-05
3.15473e-05
2.96682e-05
2.71809e-05
2.47691e-05
2.25463e-05
2.05182e-05
1.86717e-05
1.69911e-05
1.54618e-05
1.40701e-05
1.28037e-05
1.16513e-05
1.06026e-05
9.6483e-06
8.7799e-06
7.98965e-06
7.27054e-06
-6.61616e-06
-0.000119848
-0.000281174
-0.000415584
-0.000447915
-0.000401166
-0.000363389
-0.000330656
-0.000300901
-0.000273823
-0.000249182
-0.000226757
-0.000206351
-0.000187781
-0.000170882
-0.000155504
-0.00014151
-0.000128775
-0.000117186
-0.00010664
-9.70429e-05
-8.83095e-05
-8.0362e-05
-7.31297e-05
-6.65482e-05
-6.0559e-05
-5.51087e-05
-5.01489e-05
-4.56354e-05
-4.1528e-05
-3.77903e-05
-3.4389e-05
-3.12937e-05
-2.8477e-05
-2.59138e-05
-2.35812e-05
-2.16855e-05
-1.8657e-05
-1.67666e-05
-1.52161e-05
-1.38386e-05
-1.25915e-05
-1.14579e-05
-1.04266e-05
-9.48816e-06
-8.63417e-06
-7.85704e-06
-7.14984e-06
-6.50628e-06
-5.92064e-06
-5.3877e-06
-4.03845e-07
-1.57844e-05
-1.7304e-05
-1.63057e-05
-1.49436e-05
-1.3618e-05
-1.23953e-05
-1.12797e-05
-1.02639e-05
-9.33947e-06
-8.49829e-06
-7.73287e-06
-7.03638e-06
-6.40264e-06
-5.82598e-06
-5.30126e-06
-4.82382e-06
-4.38939e-06
-3.9941e-06
3.63442e-06
0.000205316
0.000468157
0.000710824
0.000871658
0.000895952
0.000763186
0.000663884
0.000599009
0.00053923
0.000484866
0.000439335
0.000399402
0.000363303
0.00033056
0.000300799
0.000273726
0.000249092
0.000226676
0.000206279
0.000187717
0.000170827
0.000155456
0.000141469
0.000128741
0.000117158
0.000106617
9.70245e-05
8.82952e-05
8.03513e-05
7.3122e-05
6.6543e-05
6.05558e-05
5.51071e-05
5.01485e-05
4.56359e-05
4.15292e-05
4.83695e-05
3.81315e-05
2.64124e-05
2.2377e-05
2.00323e-05
1.81642e-05
1.65173e-05
1.50291e-05
-1.73861e-05
-2.23247e-05
-8.57993e-06
1.10299e-05
3.24288e-05
5.43056e-05
8.24614e-05
0.000125575
0.00012426
0.000115019
0.000105014
9.55931e-05
8.69591e-05
7.90915e-05
7.19315e-05
6.54175e-05
5.94918e-05
5.41016e-05
4.91986e-05
4.4739e-05
4.06828e-05
3.69937e-05
3.36386e-05
3.05873e-05
2.78123e-05
-2.52887e-05
-0.000560478
-0.00099593
-0.00107869
-0.000701868
-0.000298823
-0.000197173
-0.000167773
-0.000153259
-0.000139494
-0.000126863
-0.000115354
-0.000104882
-9.53589e-05
-8.66989e-05
-7.88242e-05
-7.16639e-05
-6.51531e-05
-5.92332e-05
-5.38505e-05
-4.89565e-05
-4.45068e-05
-4.04611e-05
-3.67829e-05
-3.34387e-05
-3.03983e-05
-2.76341e-05
-2.5121e-05
-2.28363e-05
-2.07593e-05
-1.8871e-05
-1.71543e-05
-1.55937e-05
-1.4175e-05
-1.28852e-05
-1.17128e-05
-1.06469e-05
-9.67799e-06
-8.79719e-06
-7.9965e-06
-7.26864e-06
-6.607e-06
-6.00554e-06
-5.45881e-06
-4.96183e-06
-4.51007e-06
-4.09942e-06
-3.72615e-06
-3.38685e-06
-3.07843e-06
-2.79809e-06
-2.54328e-06
-2.31167e-06
-2.10115e-06
-1.90979e-06
-1.73584e-06
-1.57774e-06
-1.43402e-06
-1.30339e-06
-1.18466e-06
-1.07673e-06
-9.78637e-07
-8.89474e-07
-8.08432e-07
-7.34772e-07
-6.67822e-07
-6.06972e-07
-5.51666e-07
-5.01399e-07
-4.55714e-07
4.14192e-07
-0.000486055
-0.0009494
-0.00146529
-0.00130444
-0.000793829
-6.60955e-05
0.000807681
0.00177711
0.00329149
0.00424551
0.00472646
0.00532382
0.00455632
0.00508385
0.00556258
0.00617448
0.00683041
0.0075069
0.00843144
0.00918712
0.00977474
0.010041
0.00999267
0.0098021
0.00953757
0.0092336
0.0089197
0.00861771
0.00831684
0.00801437
0.00770996
0.00740315
0.00709352
0.00677932
0.00646149
0.00614127
0.00581934
0.00549643
0.00517342
0.00485141
0.00446719
0.00407444
0.00370885
0.00338283
0.00306899
0.00279028
0.00253804
0.0022894
0.00210929
0.00194007
0.00176913
0.00161042
0.00146542
0.00133339
0.00120763
0.00109756
0.0010026
0.000917886
0.000841304
0.000771592
0.000707804
0.000649169
0.000595062
0.000545005
0.000578961
0.000586238
0.000595638
0.000612502
0.000663033
-0.000722386
-0.00103408
-0.0014887
-0.00223313
-0.00313807
-0.00409279
-0.005057
-0.00595345
-0.00669911
-0.00719752
-0.00735679
-0.00711022
-0.0065295
-0.00571893
-0.00476479
-0.00375658
-0.00278534
-0.00194553
-0.001321
-0.00090628
-0.000596133
-0.000336447
-0.000104919
0.000109144
0.000309487
0.000496381
0.000670425
0.000832274
0.000982513
0.00112186
0.00125046
0.00136873
0.00147702
0.00157559
0.00166469
0.00174451
0.00181505
0.00187659
0.00192949
0.0019741
0.00201071
0.00203962
0.0020611
0.0020754
0.00208275
0.00208337
0.00242932
0.00260077
0.00277616
0.00265181
0.0023164
0.00180572
0.00102843
0.000152896
-0.0010042
-0.00193978
-0.00279054
-0.00356154
-0.00425504
-0.00487445
-0.00542263
-0.0059025
-0.00631723
-0.00667021
-0.00696498
-0.00720516
-0.0073948
-0.00753789
-0.00763637
-0.00769389
0.0077196
0.00903292
0.00957396
0.0094842
0.00890979
0.00794495
0.00665826
0.00510111
0.00417055
0.00359874
0.00320679
0.00291328
0.00267912
0.00248372
0.00231826
0.0021773
0.00205717
0.00195518
0.00186918
0.00179737
0.00173818
0.00169023
0.00165226
0.00162316
0.00160191
0.00158757
0.00157927
0.00157621
0.00157764
0.00158282
0.00159108
0.00160175
0.00161418
0.00162774
0.00164179
0.00165568
0.00166875
0.00168031
0.00168967
0.00169607
0.00169874
0.00169686
0.00168955
0.00167589
0.00165492
0.00162563
0.00158695
0.00153778
0.00147694
0.00140317
0.00130433
0.00119545
0.00108997
0.000991684
0.000901406
0.000818943
0.000743797
0.000675399
0.000613183
0.000556613
0.000505193
0.000429062
0.000533868
0.000676285
0.0008061
0.000907492
0.000976116
0.00101077
0.00101066
0.00097467
-0.000908428
-0.000914047
-0.00110582
-0.00124145
-0.00122152
-0.00114761
-0.00105843
-0.000968515
-0.00203402
-0.00429087
-0.00682392
-0.00942449
-0.0122055
-0.0149815
-0.0173739
-0.0189663
-0.0197601
-0.0200424
-0.0198086
-0.0189657
-0.0176984
-0.0162883
-0.0149092
-0.0136099
-0.0124052
-0.0112968
-0.0102808
-0.00935178
-0.00850337
-0.00772939
-0.00702385
-0.00638111
-0.0057959
-0.00526332
-0.00477881
-0.0043382
-0.00393763
-0.00357356
-0.00324274
-0.00294219
-0.00266919
-0.00242125
-0.00219611
-0.00199169
-0.0018061
-0.00163763
-0.00507909
-0.00914115
-0.0136161
-0.0183461
-0.0238263
-0.0310904
-0.0324252
-0.0283015
-0.0235887
-0.0183425
-0.0124605
-0.00589778
0.00365153
0.0142978
0.0295456
0.0413978
0.054876
0.0671959
0.0814397
0.0932242
0.110865
0.120384
0.138573
0.145019
-0.164407
-0.174555
-0.184611
-0.184116
-0.197964
-0.202877
-0.222113
-0.245122
-0.26996
-0.295717
-0.312875
-0.348686
-0.378568
-0.419592
-0.483577
-0.573076
-0.679228
-0.818384
-1.00455
-1.22204
-1.48169
-1.76338
-2.02344
-2.23036
-2.34326
-2.38544
-2.32931
-2.0903
-1.49297
-0.56848
0.111866
0.56031
0.911065
1.17923
1.37472
1.51652
1.57933
1.55603
1.48407
1.40295
1.32945
1.27781
1.22016
1.1567
1.10853
1.08323
1.05634
1.03119
1.01068
0.992878
0.969245
0.940491
0.891511
0.846067
0.803611
0.765282
0.734342
0.709917
0.691425
0.680034
0.671117
0.638851
0.599375
0.593654
0.596191
0.59699
0.602011
0.616179
0.637556
0.663529
-0.708523
-0.74529
-0.769551
-0.787252
-0.81291
-0.841845
-0.872022
-0.903628
-0.93761
-0.976173
-1.02242
-1.0813
-1.15748
-1.23169
-1.30142
-1.36643
-1.42685
-1.48553
-1.54712
-1.61108
-1.67704
-1.74657
-1.82132
-1.70025
-1.5259
-1.32104
-1.08959
-0.849709
-0.575271
-0.26294
0.0768816
0.434419
0.66981
0.676787
0.611542
0.515702
0.397734
0.316636
0.208961
-0.0195484
-0.282554
-0.930905
-2.07514
3.12554
2.42095
1.71333
1.22508
0.978375
0.809982
0.592727
0.394621
0.246435
0.12894
0.0290799
-0.0809077
-0.177274
-0.257578
-0.336417
-0.465586
-0.602258
-0.779005
-0.811851
-0.911904
2.37878
0.825001
0.788287
0.747718
0.733394
0.701053
0.616445
-0.463332
-0.296598
-0.342311
-0.623799
-1.01202
-1.40889
-1.91836
-2.61606
2.97747
2.33316
1.63175
0.98508
0.542716
0.268804
0.00171797
-0.251198
-0.437706
-0.337388
-0.307832
-0.317781
-0.734265
-2.85627
2.4696
2.79004
-3.09551
-2.50452
-2.14443
-1.80167
-1.62747
-1.50468
-1.50601
-1.52694
-1.53357
-1.50972
-1.53033
-1.5306
-1.57523
-1.62837
-1.69652
-1.74839
-1.82261
-1.88763
-1.95111
-2.02132
-2.08829
-2.1686
-2.21192
-2.2687
-2.34059
-2.41785
-2.49524
-2.57296
-2.65303
-2.74602
-2.84383
-2.94276
-3.04023
-3.13554
3.09033
3.05094
3.02788
3.01148
3.00462
