0
0.000254112
0.000250521
0.000204835
0.000172246
-0.000163306
-0.000904146
-0.00140868
-0.00213522
-0.00240244
-0.00279636
-0.00299267
-0.00310683
-0.00317995
-0.00324365
-0.00329554
-0.00335066
-0.00340908
-0.00347033
-0.00353416
-0.00360041
-0.00366897
-0.00373974
-0.00381266
-0.00388751
-0.00396436
-0.00404101
-0.00411967
-0.00420049
-0.00428357
-0.00436892
-0.00445658
-0.00454659
-0.00463894
-0.00473344
-0.00483819
-0.0049434
-0.00501998
-0.00506512
-0.00508527
-0.0050982
-0.00510646
-0.00511131
-0.0051135
-0.00511351
-0.00513317
-0.00513761
-0.00518627
-0.00503768
-0.00497603
-0.00497613
-0.00504024
-0.00516773
-0.00525224
-0.00531273
-0.00535697
-0.00538978
-0.00541423
-0.00543237
-0.00544565
-0.0054551
-0.00546191
-0.00546663
-0.00546984
-0.00558716
-0.00566552
-0.00570953
-0.00572295
-0.00572354
-0.00572263
-0.00572081
-0.00570175
-0.00569776
-0.00567183
-0.00564378
-0.005614
-0.00558289
-0.00555059
-0.0055173
-0.00548324
-0.0054484
-0.00541289
-0.00537642
-0.0053399
-0.00530563
-0.00527331
-0.00524305
-0.00521486
-0.00518873
-0.00516467
-0.0051425
-0.00512158
-0.00510072
-0.00507971
-0.00505851
-0.00503712
-0.00501551
-0.00499367
-0.00497158
-0.00494921
-0.00492668
-0.00490392
-0.00488084
-0.00485748
-0.00483388
-0.00481011
-0.0047862
-0.00476216
-0.00473794
-0.00471345
-0.00468858
-0.00466317
-0.0046371
-0.00461029
-0.0045827
-0.00455428
-0.00452497
-0.00449475
-0.00446357
-0.00443138
-0.00439814
-0.00436589
-0.00432524
-0.0042766
-0.00428766
-0.00433906
-0.00443041
-0.0045603
-0.00472679
-0.00492766
-0.00516065
-0.00542358
-0.00556886
-0.00560574
-0.00553186
-0.00534491
-0.0051428
-0.00497629
-0.00481848
-0.00471218
-0.00465207
-0.00454743
-0.00453889
-0.00453379
-0.00452826
-0.00452264
-0.00451573
-0.0045071
-0.00449805
-0.00450376
-0.00459564
-0.00468275
-0.00476341
-0.00483605
-0.00490095
-0.00496571
-0.00503035
-0.0050943
-0.00515723
-0.00521899
-0.00527949
-0.00533869
-0.00539626
-0.00545198
-0.00550595
-0.00555835
-0.00560937
-0.00565929
-0.00570832
-0.00575708
-0.00580565
-0.00585411
-0.00590275
-0.00595178
-0.00600152
-0.00605238
-0.00610482
-0.00615938
-0.00621667
-0.00627727
-0.00634179
-0.00641086
-0.00648507
-0.00656499
-0.0066511
-0.00674381
-0.00684344
-0.00695028
-0.00706449
-0.00718622
-0.0073155
-0.00745168
-0.00760658
-0.00777906
-0.00796982
-0.00818056
-0.00825515
-0.00822424
-0.00808959
-0.00785228
-0.00751386
-0.00677762
-0.00648005
-0.00629894
-0.00623654
-0.00623736
-0.00623969
-0.00623901
-0.00623527
-0.00622848
-0.00621864
-0.00626954
-0.006293
-0.00632071
-0.00635876
-0.00640605
-0.00646283
-0.00652861
-0.00647439
-0.0064176
-0.00636651
-0.00631917
-0.00627542
-0.00623557
-0.00620008
-0.00616949
-0.00614192
-0.00611375
-0.00608539
-0.00605697
-0.00602856
-0.0060002
-0.00597189
-0.00594366
-0.00591551
-0.00588743
-0.00585943
-0.00583151
-0.00580365
-0.00577586
-0.00574829
-0.00572088
-0.00569353
-0.00566627
-0.0056392
-0.00561239
-0.00558591
-0.00555978
-0.00553403
-0.00550865
-0.00548362
-0.00545888
-0.00543431
-0.00540975
-0.00538506
-0.00536006
-0.00533457
-0.00530845
-0.0052815
-0.00525362
-0.00522472
-0.005197
-0.00516136
-0.00511858
-0.00506761
-0.00500659
-0.00500348
-0.00504029
-0.00511505
-0.00518223
-0.0052234
-0.00525179
-0.0052747
-0.00529612
-0.00531834
-0.00534226
-0.00536952
-0.00540209
-0.00544185
-0.00549069
-0.00555061
-0.00562173
-0.00571553
-0.00582858
-0.00597613
-0.00609198
-0.00619799
-0.00635785
-0.00651543
-0.00667141
-0.00682577
-0.00698159
-0.00713866
-0.00729683
-0.00745598
-0.00761604
-0.00777698
-0.00793878
-0.00810148
-0.00826511
-0.00842976
-0.00859553
-0.00876252
-0.0089309
-0.00910082
-0.00927249
-0.0094461
-0.00962188
-0.0098001
-0.00998103
-0.0101649
-0.0103522
-0.0105434
-0.0107386
-0.0109384
-0.0111433
-0.0113537
-0.0115703
-0.0117937
-0.0120247
-0.0122639
-0.012512
-0.0127699
-0.0130357
-0.013302
-0.0135677
-0.0138333
-0.0140992
-0.0143655
-0.0146325
-0.0149004
-0.0151685
-0.0152174
-0.0151843
-0.015063
-0.0148445
-0.0145279
-0.0141071
-0.0135878
-0.0129711
-0.0122582
-0.0114507
-0.0105497
-0.00955665
-0.00847237
-0.00754481
-0.00674529
-0.0060728
-0.00553752
-0.00513011
-0.00485239
-0.00472036
-0.00463985
-0.00456861
-0.00450304
-0.00444578
-0.00439732
-0.00431181
-0.00418909
-0.00409767
-0.00406805
-0.00398241
-0.00390318
-0.00382959
-0.00376182
-0.00370046
-0.00364594
-0.00359942
-0.00355934
-0.00351963
-0.00348
-0.00344047
-0.00340089
-0.00336143
-0.00332209
-0.00328286
-0.00324375
-0.00320474
-0.00316583
-0.00312701
-0.00308842
-0.00305002
-0.00301168
-0.00297345
-0.0029354
-0.00289759
-0.00286009
-0.00282292
-0.00278609
-0.00274926
-0.00271214
-0.00267451
-0.00263617
-0.00259697
-0.0025568
-0.00251556
-0.00247301
-0.00242901
-0.00238345
-0.00233633
-0.00228768
-0.00223817
-0.00217784
-0.00224235
-0.00238573
-0.00261184
-0.00292027
-0.00331125
-0.00378448
-0.0043391
-0.00497425
-0.00568926
-0.00648408
-0.00714355
-0.00769216
-0.00812905
-0.00845217
-0.0086595
-0.00884714
-0.00884884
-0.0088512
-0.00881596
-0.00879429
-0.00877645
-0.00875913
-0.00874215
-0.00873066
-0.00872148
-0.00871599
-0.00871994
-0.00879142
-0.00886003
-0.00892341
-0.0089846
-0.00904492
-0.00910629
-0.00917015
-0.00923638
-0.00930462
-0.0093748
-0.00944661
-0.00952061
-0.0095676
-0.00964521
-0.00972522
-0.00980749
-0.00989217
-0.00997942
-0.0100694
-0.0101624
-0.0102585
-0.0103581
-0.0104616
-0.0105692
-0.0106812
-0.0107981
-0.0109203
-0.0110484
-0.011183
-0.0113246
-0.011474
-0.0116317
-0.0117984
-0.0119746
-0.0121609
-0.0123578
-0.0125655
-0.0127843
-0.0130146
-0.0132564
-0.0135098
-0.0137745
-0.0140488
-0.0141416
-0.0141708
-0.0141662
-0.0141278
-0.0140563
-0.0139527
-0.0138182
-0.0136543
-0.0134621
-0.013243
-0.0129983
-0.0127293
-0.0124372
-0.0121231
-0.011788
-0.0114328
-0.0110586
-0.0106659
-0.0102613
-0.00984038
-0.00940652
-0.00895
-0.00842938
-0.0078283
-0.0072372
-0.0066554
-0.00608333
-0.00552182
-0.00496935
-0.0044232
-0.00388317
-0.00334906
-0.0028206
-0.00229751
-0.00177951
-0.00126627
-0.000757436
-0.000252656
0.000248456
0.0007463
0.0012413
0.00173389
0.00222452
0.00271368
0.00320184
0.00368952
0.00417731
0.00466578
0.00515569
0.00564712
0.006141
0.00663791
0.00710903
0.00759099
0.00806661
0.00853663
0.00900193
0.0094634
0.00992193
0.0103784
0.0108336
0.0112882
0.011743
0.0121984
0.012655
0.0131132
0.0135733
0.0140356
0.0141886
0.0142627
0.014271
0.014219
0.0141032
0.0139226
0.0136778
0.0133699
0.0130007
0.0125717
0.0120847
0.0115412
0.010943
0.0102918
0.00958885
0.00883573
0.0080318
0.0071746
0.00626499
0.00530374
0.00430619
0.00326438
0.00218157
0.00105024
-0.000130576
-0.00136384
-0.00277863
-0.00424806
-0.00577111
-0.00735069
-0.00892705
-0.0105029
-0.0120754
-0.0136512
-0.0152324
-0.0168203
-0.0184159
-0.0200204
-0.021635
-0.0232611
-0.0248997
-0.0265523
-0.0282201
-0.0299045
-0.0316069
-0.0333287
-0.0350596
-0.0368125
-0.0385786
-0.0403582
-0.0421531
-0.043965
-0.0457953
-0.0476459
-0.0495177
-0.051365
-0.0532854
-0.0552352
-0.0572162
-0.0592286
-0.0612747
-0.0633565
-0.065476
-0.0676353
-0.0696153
-0.0714918
-0.0732804
-0.0749825
-0.0765993
-0.0781319
-0.0795818
-0.0809637
-0.082278
-0.0835237
-0.0847021
-0.0858159
-0.0868683
-0.0878627
-0.0888024
-0.0896899
-0.090528
-0.0913198
-0.0920686
-0.0927773
-0.0934495
-0.0940879
-0.0946948
-0.0952728
-0.0958246
-0.0963528
-0.096867
-0.0973625
-0.0978469
-0.0983223
-0.0987026
-0.0990513
-0.0993897
-0.0997185
-0.100039
-0.100352
-0.100659
-0.10096
-0.101252
-0.101537
-0.101814
-0.102084
-0.102348
-0.102605
-0.102856
-0.1031
-0.103339
-0.103572
-0.1038
-0.104023
-0.10424
-0.104452
-0.104658
-0.10486
-0.105057
-0.105249
-0.105435
-0.105616
-0.105792
-0.105962
-0.106127
-0.106286
-0.106438
-0.106584
-0.106722
-0.106853
-0.106976
-0.107091
-0.107197
-0.107294
-0.107381
-0.107459
-0.107528
-0.107587
-0.107636
-0.107677
-0.107708
-0.107712
-0.107693
-0.107652
-0.107587
-0.107497
-0.10738
-0.107233
-0.107053
-0.106839
-0.106586
-0.106292
-0.105955
-0.105572
-0.10514
-0.104656
-0.104118
-0.103523
-0.102868
-0.102151
-0.101352
-0.100506
-0.0995156
-0.0984376
-0.0972775
-0.0960358
-0.0947106
-0.0932996
-0.0918688
-0.0903069
-0.0886441
-0.0868818
-0.0850408
-0.0832973
-0.081474
-0.0795751
-0.077597
-0.0755304
-0.0734384
-0.0713684
-0.0693183
-0.0673072
-0.0653594
-0.0634695
-0.0616346
-0.0598534
-0.0581248
-0.0564403
-0.054795
-0.0532015
-0.0516626
-0.0501793
-0.0487528
-0.0473846
-0.0460765
-0.0448304
-0.0436485
-0.042533
-0.0414863
-0.0405112
-0.0395681
-0.0386493
-0.0377172
-0.0369564
-0.0362608
-0.0356056
-0.034983
-0.0340893
-0.0330597
-0.0318987
-0.0306284
-0.029313
-0.0279272
-0.0264566
-0.0250721
-0.0236257
-0.0221046
-0.0205077
-0.0188355
-0.0170881
-0.0152663
-0.0133703
-0.0114007
-0.00935758
-0.0075618
-0.00582432
-0.00416303
-0.00258367
-0.00115786
0.000126002
0.00135224
0.0026389
0.00409523
0.00561554
0.00719381
0.00867693
0.0100178
0.011286
0.0125263
0.0137784
0.0150358
0.0162591
0.017444
0.018596
0.0197059
0.0207667
0.0217754
0.022765
0.0237726
0.0247663
0.0257284
0.0266842
0.0276398
0.0285994
0.0295639
0.0305343
0.0315119
0.0324979
0.0335108
0.0345339
0.0355688
0.0366169
0.0376798
0.0387588
0.0398552
0.0409704
0.0421053
0.0432616
0.0444406
0.0456438
0.0468728
0.0481291
0.0494141
0.0507293
0.0520761
0.0533806
0.0546273
0.0557243
0.0566216
0.05741
0.0581052
0.0587846
0.0594659
0.0602776
0.061194
0.0620681
0.0628998
0.0636868
0.0644287
0.065126
0.0657801
0.0663932
0.0669681
0.0675076
0.0680152
0.0684941
0.068945
0.0693741
0.0697847
0.0701805
0.0704145
0.0706247
0.0708349
0.0710341
0.0712135
0.0713651
0.0714814
0.071531
0.0715341
0.0715033
0.0714422
0.071353
0.0712386
0.0711019
0.0709455
0.070772
0.0705834
0.0703813
0.0701673
0.0699424
0.0697078
0.0694641
0.0692122
0.0689524
0.0686853
0.0684111
0.0681303
0.0678429
0.067549
0.0672488
0.0669422
0.0666289
0.0663089
0.065982
0.0656479
0.065306
0.0649559
0.064597
0.0642287
0.0638502
0.0634608
0.06306
0.062647
0.0622214
0.0617828
0.0613309
0.0608657
0.0603869
0.0598948
0.0593776
0.0588322
0.0582357
0.0575914
0.0568988
0.0561554
0.0553582
0.0545037
0.0535881
0.0526076
0.0516171
0.0503889
0.0491161
0.0477735
0.0463539
0.0448566
0.0432828
0.0416332
0.0399073
0.0381038
0.0362052
0.0345698
0.033121
0.0318104
0.0305117
0.029185
0.0278079
0.0263686
0.0253326
0.0247342
0.0242799
0.0236357
0.0226785
0.0214033
0.0199538
0.0184269
0.0167156
0.0147425
0.012547
0.0101936
0.00795625
0.00596089
0.00412543
0.00236459
0.000642818
-0.00105946
-0.0027527
-0.00444247
-0.00613187
-0.00782294
-0.00951742
-0.0112168
-0.0129231
-0.0146383
-0.0163649
-0.0181052
-0.0198616
-0.0216366
-0.0234331
-0.0252535
-0.0271007
-0.0289775
-0.0308871
-0.0328325
-0.0348171
-0.0368445
-0.0389175
-0.0410547
-0.0432303
-0.0454542
-0.0477564
-0.0483422
-0.0488508
-0.0492966
-0.0498821
-0.0506116
-0.0514805
-0.0524863
-0.0537245
-0.0549187
-0.056138
-0.0575303
-0.0590082
-0.0606239
-0.0623179
-0.0641594
-0.0660032
-0.0679472
-0.0699436
-0.0720047
-0.0739738
-0.0763352
-0.0788896
-0.0811895
-0.0825814
-0.083785
-0.0844904
-0.0849549
-0.0853414
-0.0857231
-0.0855128
-0.0854768
-0.0855016
-0.0847538
-0.0829039
-0.0798521
-0.0757214
-0.0703891
-0.0642874
-0.0570958
-0.0491346
-0.0403641
-0.0311447
-0.0206668
-0.00926704
0.00162907
0.0120407
0.0220259
0.0317165
0.0335213
0.0356872
0.0382048
0.0408227
0.0431384
0.0454156
0.0477264
0.0498854
0.0524264
0.0551955
0.0581529
0.0613508
0.0648308
0.069223
0.0739904
0.0790931
0.0842147
0.0890233
0.093546
0.096404
0.0983898
0.100145
0.101749
0.101857
0.101815
0.101334
0.100281
0.0983106
0.0956616
0.0924121
0.0882205
0.0829725
0.077369
0.0715658
0.0656669
0.0608814
0.0565084
0.0530091
0.0501911
0.0478219
0.0456481
0.0435287
0.0404035
0.0375512
0.0349678
0.0323664
0.029928
0.0275355
0.0251938
0.022017
0.0176646
0.0135965
0.00959162
0.00667308
0.00399682
0.00153313
-0.00071336
-0.00273207
-0.00451986
-0.00603928
-0.00728065
-0.00823224
-0.00896262
-0.00926765
-0.0102562
-0.0110587
-0.0119223
-0.0120461
-0.0119966
-0.0116712
-0.0112203
-0.0107839
-0.0104271
-0.0103996
-0.0119039
-0.013888
-0.0163608
-0.0192818
-0.0226392
-0.0263182
-0.0302702
-0.0342777
-0.0369367
-0.0378556
-0.0376065
-0.0376318
-0.0405973
-0.0447549
-0.0495319
-0.0545822
-0.0598556
-0.0648182
-0.070224
-0.0759824
-0.0819419
-0.0880001
-0.0925653
-0.097139
-0.101503
-0.106161
-0.10925
-0.111292
-0.111693
-0.110856
-0.109257
-0.109775
-0.11139
-0.113537
-0.115861
-0.118455
-0.121066
-0.123618
-0.124767
-0.125373
-0.125562
-0.12329
-0.12006
-0.116302
-0.113019
-0.11045
-0.110315
-0.111519
-0.113727
-0.116251
-0.118156
-0.119655
-0.119606
-0.11842
-0.116059
-0.113742
-0.111758
-0.109465
-0.106209
-0.105134
-0.104654
-0.105032
-0.105673
-0.106505
-0.10697
-0.108041
-0.107147
-0.106078
-0.105612
-0.104604
-0.103413
-0.102144
-0.100885
-0.0984318
-0.0960068
-0.0939731
-0.0919911
-0.0901354
-0.0872743
-0.0839707
-0.0803415
-0.0771896
-0.0747611
-0.0720279
-0.0695552
-0.0673315
-0.0652989
-0.0633949
-0.0616124
-0.0598993
-0.0574994
-0.0547798
-0.0518363
-0.0489016
-0.0459841
-0.0431892
-0.0404598
-0.0378881
-0.0358257
-0.033211
