-0.0131058
-0.0126378
-0.0120987
-0.0115256
-0.0113614
-0.0108473
-0.010335
-0.0100723
-0.0095927
-0.00925742
-0.00881798
-0.00848331
-0.00815916
-0.00784709
-0.00754945
-0.00726493
-0.0069932
-0.00673362
-0.00648553
-0.00624832
-0.00602147
-0.00580448
-0.00559561
-0.00539591
-0.00519884
-0.00501242
-0.00483379
-0.00466273
-0.00449904
-0.00434251
-0.00419298
-0.00405024
-0.00391415
-0.00378456
-0.00366141
-0.00354862
-0.00343906
-0.00333734
-0.00323992
-0.00314657
-0.00305707
-0.00297125
-0.0028889
-0.00280985
-0.00273394
-0.00264623
-0.00257028
-0.00243386
-0.00230375
-0.00218629
-0.00207701
-0.0019781
-0.00186832
-0.00176353
-0.00166351
-0.00156804
-0.00147693
-0.00138996
-0.00130696
-0.00122776
-0.00115217
-0.00108004
-0.00101121
-0.000945535
-0.000882888
-0.000823105
-0.00076607
-0.000711662
-0.000659768
-0.000610272
-0.0006341
-0.000616268
-0.000599148
-0.000571927
-0.000557365
-0.000543132
-0.000529263
-0.00051579
-0.000502728
-0.000490079
-0.000477843
-0.000466009
-0.000454572
-0.000443513
-0.000432821
-0.000422493
-0.000412526
-0.000402906
-0.000393623
-0.000384663
-0.000376017
-0.000367672
-0.000359619
-0.000351849
-0.00034435
-0.000337114
-0.000330132
-0.000323395
-0.000316895
-0.000310623
-0.000304572
-0.000298734
-0.000293101
-0.000287666
-0.000282421
-0.00027736
-0.000272475
-0.000267761
-0.00026321
-0.000258815
-0.000254571
-0.00025047
-0.000246505
-0.000242671
-0.000238961
-0.000235369
-0.000231889
-0.000228517
-0.000225247
-0.000222074
-0.000218994
-0.000216005
-0.000213111
-0.000210317
-0.000207607
-0.000204989
-0.000202465
-0.000200036
-0.000197703
-0.000195465
-0.000193322
-0.000191272
-0.000189292
-0.000187388
-0.000185559
-0.000183804
-0.000182165
-0.00017191
-0.000170763
-0.00016979
-0.000135324
-0.000122674
-0.000107674
-9.20719e-05
-7.68515e-05
-6.27611e-05
-4.9797e-05
-3.79052e-05
-2.70075e-05
-1.69471e-05
2.75645e-05
0.000106656
0.000220846
0.000371035
0.00053905
0.000672416
0.000788635
0.000881147
0.000947877
0.000986835
0.000996186
0.000974228
0.000933393
0.000894844
0.000858445
0.00082406
0.00079156
0.000760831
0.000731762
0.000704247
0.000678188
0.000653494
0.000630083
0.000607878
0.000586808
0.000566807
0.000547817
0.000529783
0.000512656
0.000496388
0.000480936
0.000466262
0.000452327
0.000439099
0.000426544
0.000414634
0.000403343
0.000392644
0.000382516
0.000372938
0.00036389
0.000355352
0.000347287
0.000339671
0.000332482
0.000325698
0.000319177
0.000312909
0.000306907
0.000301207
0.000295843
0.000290727
0.00028579
0.000280974
0.000276257
0.000271662
0.000267219
0.000262918
0.000258745
0.000254687
0.00023019
0.000218378
0.000208233
0.000200751
0.00019448
0.000188485
0.00018261
0.000176805
0.000200276
0.000258972
0.000339072
0.000411916
0.000472088
0.000514428
0.000534676
0.000529359
0.000502901
0.00047779
0.000453989
0.00043144
0.000410079
0.000389841
0.000370661
0.000352479
0.000335236
0.000318879
0.000303359
0.000288627
0.000274641
0.000261359
0.000248744
0.000236761
0.000225376
0.00021456
0.000204284
0.000194521
0.000185247
0.000176439
0.000168074
0.000160133
0.000152596
0.000145445
0.000138665
0.000132239
0.000126151
0.00012039
0.000114939
0.000109789
0.000104926
0.00010034
9.60201e-05
9.19524e-05
8.81196e-05
8.45034e-05
8.10871e-05
7.78548e-05
7.47761e-05
7.18375e-05
6.90248e-05
6.63363e-05
6.37663e-05
6.12989e-05
5.89203e-05
5.66184e-05
5.43825e-05
5.22035e-05
5.00705e-05
4.79725e-05
4.58996e-05
4.3842e-05
5.14197e-05
5.31604e-05
5.548e-05
5.80119e-05
6.02966e-05
6.26539e-05
6.4383e-05
6.70201e-05
6.92329e-05
7.10885e-05
7.26183e-05
7.38623e-05
7.48505e-05
7.56108e-05
7.61692e-05
7.65497e-05
7.6774e-05
7.68618e-05
7.68311e-05
7.6698e-05
7.64773e-05
7.6182e-05
7.58242e-05
7.54149e-05
7.49642e-05
7.44814e-05
7.39751e-05
7.3453e-05
7.29224e-05
7.23899e-05
7.18612e-05
7.13415e-05
7.08361e-05
7.03498e-05
6.9887e-05
6.94515e-05
6.90467e-05
6.86757e-05
6.83413e-05
6.80458e-05
6.77916e-05
6.75806e-05
6.74147e-05
6.72958e-05
6.72274e-05
6.72113e-05
6.7249e-05
6.7342e-05
6.74918e-05
6.77e-05
6.79681e-05
6.8292e-05
6.85883e-05
6.90229e-05
6.95058e-05
7.00437e-05
7.05858e-05
7.122e-05
7.19405e-05
7.27428e-05
7.36222e-05
7.45729e-05
7.55881e-05
7.66613e-05
7.77857e-05
0.000148779
0.000188409
0.000202685
0.000201372
0.00019976
0.00017334
0.000164425
0.000155873
0.000149327
0.000151512
0.000161237
0.000177665
0.000200071
0.000226781
0.000256453
0.000281175
0.000300986
0.000316282
0.000327537
0.000335222
0.000339781
0.000341629
0.000341145
0.000338684
0.000334572
0.00032908
0.000322446
0.000314881
0.000306572
0.00029768
0.000288349
0.000278702
0.000268848
0.00025888
0.000248879
0.000238913
0.000229042
0.000219316
0.000209776
0.000200459
0.000191394
0.000182602
0.000174105
0.000165915
0.000158044
0.000150499
0.000143285
0.000136406
0.000129862
0.000123652
0.000117773
0.000112221
0.000106992
0.000102081
9.74808e-05
9.31862e-05
8.9185e-05
8.54582e-05
8.19819e-05
7.87746e-05
7.58107e-05
7.30679e-05
7.05306e-05
6.81847e-05
6.60162e-05
6.40118e-05
6.21584e-05
6.04427e-05
6.8247e-05
6.6574e-05
6.49379e-05
6.3334e-05
6.17546e-05
6.02224e-05
5.89646e-05
6.23526e-05
6.25873e-05
6.31773e-05
6.88845e-05
7.77762e-05
8.84947e-05
9.99577e-05
0.00011157
0.000123166
0.000134631
0.000191977
0.000302129
0.000460635
0.000540112
0.000597671
0.000632492
0.000642655
0.000626189
0.000601511
0.000577647
0.00055463
0.00053243
0.000511048
0.00050029
0.000480072
0.000460655
0.000442023
0.000424157
0.000407035
0.000390634
0.000374933
0.000359908
0.000345538
0.000331801
0.000318676
0.000306143
0.000294181
0.000282771
0.000271893
0.00026153
0.000251662
0.000242272
0.000233344
0.000224861
0.000216807
0.000209167
0.000201925
0.000195069
0.000188584
0.000182457
0.000176676
0.000171225
0.00016608
0.000161225
0.000156679
0.000152397
0.000148366
0.000144563
0.000140966
0.00013756
0.00013433
0.000131261
0.000128338
0.000125547
0.000122874
0.000120308
0.000117836
0.000115449
0.000113134
0.000110885
0.000106958
0.000104069
0.000101926
0.000100076
9.82019e-05
9.63419e-05
0.00010658
0.000104054
0.000101546
9.9058e-05
9.65868e-05
9.41387e-05
9.17289e-05
8.93624e-05
8.70435e-05
8.47756e-05
8.25615e-05
8.04035e-05
7.83035e-05
7.62628e-05
7.42827e-05
7.23639e-05
7.05071e-05
6.87128e-05
6.69817e-05
6.53143e-05
6.37112e-05
6.2173e-05
6.07001e-05
5.92931e-05
5.79516e-05
5.66748e-05
5.54675e-05
5.4328e-05
5.32583e-05
5.22572e-05
6.12033e-05
5.99593e-05
5.87923e-05
5.77071e-05
5.67061e-05
5.57901e-05
5.49594e-05
5.42135e-05
5.35518e-05
5.29736e-05
5.24783e-05
5.20652e-05
5.17338e-05
5.14839e-05
5.13152e-05
5.12141e-05
5.11352e-05
5.11229e-05
5.11668e-05
5.12565e-05
5.13822e-05
5.15348e-05
5.17056e-05
5.18867e-05
5.2071e-05
5.22512e-05
5.24197e-05
5.25696e-05
5.26943e-05
5.27929e-05
5.28546e-05
5.28743e-05
5.28468e-05
5.27685e-05
5.30778e-05
5.27691e-05
5.30111e-05
5.34147e-05
5.37173e-05
5.40008e-05
5.43513e-05
9.35105e-05
0.000161009
0.000231475
0.000296275
0.000306528
0.000293262
0.000280631
0.000268647
0.000257292
0.000246533
0.000236333
0.000226656
0.000217465
0.000208727
0.000200411
0.000192488
0.00018493
0.000177714
0.000170816
0.000164217
0.00015784
0.000151783
0.000145974
0.000140397
0.000135039
0.000129887
0.000124931
0.00012016
0.000115518
0.000111037
0.000142
0.000153981
0.000148029
0.000142276
0.000136723
0.000131365
0.000126194
0.0001212
0.000116086
0.000111398
0.000106961
0.000102773
9.8834e-05
9.51441e-05
9.16986e-05
8.84332e-05
8.53201e-05
8.23961e-05
7.96256e-05
7.7022e-05
7.45674e-05
7.22254e-05
7.00239e-05
6.79573e-05
6.60109e-05
6.41723e-05
6.24289e-05
6.07687e-05
5.89513e-05
5.70044e-05
5.50894e-05
5.32022e-05
5.13368e-05
4.99491e-05
4.65181e-05
4.2153e-05
3.68091e-05
3.05921e-05
2.59743e-05
3.17268e-05
3.28469e-05
3.03687e-05
2.86578e-05
2.76988e-05
2.74534e-05
2.7594e-05
2.77002e-05
2.7767e-05
2.77943e-05
2.77848e-05
2.7742e-05
2.76698e-05
2.75724e-05
2.74537e-05
2.73173e-05
2.71667e-05
2.70056e-05
2.68373e-05
2.6665e-05
2.6492e-05
2.63214e-05
2.61561e-05
2.5999e-05
2.58527e-05
2.57195e-05
2.56021e-05
2.55032e-05
2.54253e-05
2.53706e-05
2.53413e-05
2.53393e-05
2.53666e-05
2.5425e-05
2.55163e-05
2.56424e-05
2.5805e-05
2.60056e-05
2.62458e-05
2.6527e-05
2.68506e-05
2.72181e-05
2.76312e-05
2.80781e-05
2.85571e-05
2.903e-05
2.96257e-05
3.0299e-05
3.10193e-05
3.17649e-05
3.25192e-05
3.32686e-05
3.4001e-05
3.47058e-05
3.53735e-05
3.59946e-05
3.65593e-05
3.70585e-05
3.74833e-05
3.78253e-05
3.80764e-05
3.82286e-05
3.82742e-05
3.82049e-05
3.9172e-05
4.1055e-05
4.34786e-05
4.73788e-05
5.17509e-05
5.69633e-05
6.32506e-05
7.08338e-05
7.99593e-05
8.98877e-05
0.000102557
0.000118204
0.000135846
0.000139379
0.000163735
0.000206505
0.00026708
0.000341668
0.000430972
0.000534383
0.000651138
0.000781408
0.000926816
0.00108767
0.00125774
0.00143123
0.00160302
0.00176899
0.00192577
0.0020702
0.00219932
0.00231059
0.00240192
0.00247166
0.00251845
0.00254154
0.00254076
0.00251645
0.00246955
0.00240153
0.00231448
0.00220616
0.0020786
0.00193419
0.00181456
0.00165063
0.00148187
0.00131086
0.00113407
0.000960619
0.000790349
0.000621994
0.000457571
0.000297735
0.000142954
-4.2473e-06
-0.000143268
-0.000273997
-0.000396408
-0.000510523
-0.000616383
-0.000714052
-0.000803608
-0.000885142
-0.000958753
-0.000695995
-0.000399806
-7.94258e-05
0.000263678
0.000759385
0.000487809
0.000502792
0.00050225
0.000489817
0.0018468
0.0027595
0.00311197
0.00302109
0.00291944
0.00281423
0.00271115
0.00261095
0.00270953
0.002992
0.00342859
0.00401282
0.00473919
0.00560486
0.00655934
0.00733151
0.00803787
0.00871565
0.00938225
0.0100386
0.0106817
0.0113118
0.0119293
0.012534
0.013126
0.0137049
0.0142708
0.0148231
0.0153615
0.0158855
0.0163946
0.0168885
0.0173676
0.0178321
0.0182824
0.0187187
0.0191413
0.0195505
0.0199463
0.0203293
0.0206994
0.0210572
0.0204678
0.0197864
0.019175
0.0185673
0.017971
0.0173934
0.0168254
0.0162729
0.0156775
0.0151531
0.0146519
0.0141735
0.0137175
0.0132829
0.0128689
0.0124744
0.0120983
0.0117398
0.0113977
0.0110712
0.010759
0.0104607
0.0101751
0.00990156
0.0140599
0.01324
0.0124537
0.0117091
0.0110052
0.0103402
0.00971163
0.00911736
0.00871708
0.0084657
0.00830283
0.00819537
0.00812483
0.00808213
0.00805997
0.00805314
0.00805762
0.00807015
0.00808796
0.00810865
0.00813009
0.00815039
0.00816784
0.00818088
0.00818809
0.00818817
0.00817991
0.00816219
0.00813397
0.00809426
0.00804214
0.00797672
0.00789714
0.00780255
0.00769214
0.00756509
0.00742061
0.00725788
0.0070761
0.00687444
0.00665207
0.00640812
0.00614171
0.00585196
0.00553795
0.00519873
0.00483335
0.00444081
0.00402007
0.00357005
0.00311848
0.00267728
0.002247
0.00182791
0.00141952
0.00102099
0.000631354
0.000249667
-0.000124997
-0.000493524
-0.000852379
-0.000948156
-0.00106368
-0.0012131
-0.00140118
-0.00162922
-0.00189747
-0.00220619
-0.00255587
-0.00294728
-0.0023915
-0.00237801
-0.00238889
-0.00239576
-0.00236618
-0.00231212
-0.00224291
-0.00216548
-0.00208115
0.00211764
0.00578482
0.00921899
0.0124155
0.0149213
0.016699
0.0177338
0.0179446
0.0172669
0.0161428
0.0149846
0.0139109
0.0129677
0.0120899
0.0112611
0.0104617
0.00967811
0.00890149
0.00812609
0.00734834
0.00656593
0.00577715
0.00498062
0.0041751
0.00335928
0.00253162
0.00169044
0.000833799
-4.04114e-05
-0.00093451
-0.00185099
-0.00279253
-0.00376195
-0.00476225
-0.00579654
-0.00686806
-0.00798014
-0.00915462
-0.0103536
-0.011587
-0.01286
-0.0141795
-0.0159005
-0.017668
-0.0193923
-0.021038
-0.0225864
-0.0240452
-0.0254186
-0.0268781
-0.0278256
-0.0291184
-0.0301418
-0.0312513
-0.0321734
-0.0331926
-0.0339163
-0.0350403
-0.0354983
-0.0364921
-0.0366509
-0.041605
-0.044679
-0.0478566
-0.0510212
-0.0540779
-0.0571014
-0.0599145
-0.0625655
-0.0650835
-0.0674789
-0.0633679
-0.0589522
-0.0538846
-0.0483786
-0.0422123
-0.0348449
-0.025381
-0.0115002
0.00699628
0.0307079
0.0593656
0.0917883
0.125619
0.162392
0.192637
0.222135
0.254485
0.290243
0.328402
0.363734
0.401357
0.442251
0.484473
0.527064
0.570418
0.613454
0.654421
0.694159
0.732123
0.768245
0.802553
0.838096
0.878271
0.921781
0.965707
1.00773
1.04661
1.08233
1.09954
1.11227
1.12258
1.1311
1.13773
1.14478
1.15105
1.15638
1.1615
1.16661
1.17174
1.17377
1.17274
1.16154
1.14342
1.12525
1.10545
1.08378
1.0597
1.03315
1.00394
0.972286
1.31645
1.31356
1.30936
1.30462
1.30022
1.29378
1.28424
1.27072
1.2483
1.22232
1.19676
1.17269
1.1434
1.1124
1.07964
1.04506
1.00868
0.970607
0.931066
0.890197
0.848324
0.80574
0.763231
0.716636
0.668148
0.619581
0.573021
0.529476
0.490012
0.451445
0.410268
0.368249
0.330582
0.292203
0.258055
0.229426
0.206611
0.189854
0.178983
0.173883
0.16906
0.168171
0.172285
0.180641
0.189118
0.193746
0.195502
0.195251
0.194901
0.190807
0.187802
0.178996
0.165822
0.148812
0.129644
0.120774
0.120785
0.125885
0.133874
0.144524
0.159571
0.169222
0.180955
0.193135
0.193503
0.186066
0.177088
0.169411
0.163532
0.160791
0.0887858
0.0729617
0.0748111
0.0851007
0.103295
0.119846
0.136032
0.149895
0.165412
0.16139
0.14113
0.113085
0.0827396
0.0568559
0.0372821
0.0293488
0.0386443
0.058864
0.0735843
0.0813875
0.0865801
0.0950592
0.0916293
0.0760259
0.0536225
0.0297344
0.00473974
-0.015638
-0.0331557
-0.0427452
-0.0498718
-0.0547647
-0.056544
-0.0580266
-0.0596149
-0.0613127
-0.0633587
-0.0661482
-0.0681467
-0.0698755
-0.0716026
-0.0723002
-0.0727572
-0.0732636
-0.0743413
-0.076131
-0.076454
-0.0774219
-0.0789079
-0.0806194
-0.0824021
-0.0842231
-0.0858723
-0.0858462
-0.0858006
-0.0857429
-0.0856039
-0.0853972
-0.085126
-0.0849589
-0.0846437
-0.0843661
-0.0842453
