-0.087224
-0.0825424
-0.0765712
-0.071054
-0.0664431
-0.0616609
-0.0572295
-0.0530985
-0.0492842
-0.0457317
-0.0424445
-0.0393881
-0.0365525
-0.0339214
-0.0314797
-0.0292139
-0.0271111
-0.0251597
-0.0233487
-0.0216681
-0.0201083
-0.0186608
-0.0173175
-0.0160707
-0.0149136
-0.0138398
-0.0128425
-0.011917
-0.011058
-0.0102608
-0.00952098
-0.00883434
-0.00819707
-0.00760562
-0.00705668
-0.00654722
-0.00607473
-0.00563611
-0.00522925
-0.00485181
-0.00450155
-0.00417651
-0.00387485
-0.00359489
-0.00333508
-0.00309467
-0.00287084
-0.00266698
-0.00247351
-0.00229561
-0.00213014
-0.00197617
-0.00183411
-0.00170218
-0.00157971
-0.0014661
-0.00136072
-0.00126298
-0.00117234
-0.00108827
-0.0010103
-0.000937989
-0.000870916
-0.000808703
-0.00075015
-0.000696295
-0.000646574
-0.000600616
-0.000557938
-0.000518325
-0.00048187
-0.000450655
-0.000423336
-0.00166071
-0.00154429
-0.0014361
-0.00133539
-0.00124158
-0.00115415
-0.00107266
-0.000996645
-0.00092571
-0.000859345
-0.000797494
-0.000740309
-0.000687229
-0.000637965
-0.000592242
-0.000549804
-0.000510417
-0.000473859
-0.000439931
-0.000408447
-0.000379233
-0.000352124
-0.00032697
-0.000303628
-0.00028197
-0.000261873
-0.000243224
-0.000225921
-0.000209865
-0.000194967
-0.000181143
-0.000168316
-0.000156414
-0.00014537
-0.000135123
-0.000125615
-0.000116793
-0.000108607
-0.000101012
-9.39647e-05
-8.74256e-05
-8.13582e-05
-7.57284e-05
-7.05046e-05
-6.56576e-05
-6.11602e-05
-5.69871e-05
-5.3115e-05
-4.95225e-05
-4.62278e-05
-4.32046e-05
-4.02455e-05
-3.73796e-05
-3.45945e-05
-3.18849e-05
-2.9249e-05
-2.66864e-05
-2.41972e-05
-2.17818e-05
-1.99685e-05
-1.86665e-05
-1.78363e-05
-1.7441e-05
-1.70776e-05
4.48828e-05
4.12533e-05
3.78673e-05
3.45251e-05
-0.000642383
-0.00128361
-0.0015382
-0.00145168
-0.00134025
-0.00123546
-0.00113687
-0.00104401
-0.000960309
-0.000685293
-0.000220377
0.000435021
0.00128361
0.00221865
0.00293992
0.00355234
0.00401992
0.00433287
0.0044819
0.00445864
0.00425556
0.00394834
0.00366324
0.00339866
0.00315314
0.0029253
0.00271387
0.00251766
0.00233558
0.00216662
0.00200983
0.00186434
0.00172932
0.00160404
0.00148778
0.0013799
0.0012798
0.0011869
0.00110067
0.00102065
0.000946387
0.000877467
0.00081351
0.000754158
0.000699082
0.000647974
0.000600548
0.000556538
0.000515699
0.000477801
0.000442597
0.000410048
0.000379929
0.000352047
0.000326233
0.000302043
0.000279554
0.000258525
0.000238852
0.000220441
0.000203516
0.000187749
0.000173325
0.000160146
0.00014803
0.000136883
0.000126601
0.000117125
0.000108397
0.00010001
-0.000203191
-0.0011269
-0.00155169
-0.00159399
-0.00158119
-0.00155413
-0.00151572
-0.00124742
-0.000789292
-0.000221328
0.000293164
0.000724566
0.00104478
0.00123093
0.00126477
0.00117353
0.00108885
0.00101028
0.000937358
0.000869691
0.000806897
0.000748626
0.000694551
0.00064437
0.000597804
0.000554591
0.000514491
0.00047728
0.000442748
0.000410705
0.000380969
0.000353375
0.00032777
0.000304009
0.00028196
0.0002615
0.000242514
0.000224896
0.000208548
0.000193378
0.000179301
0.000166239
0.000154119
0.000142872
0.000132437
0.000122753
0.000113768
0.000105432
9.76961e-05
9.05186e-05
8.3859e-05
7.76695e-05
7.1917e-05
6.65691e-05
6.15953e-05
5.70235e-05
5.28149e-05
4.89404e-05
4.53101e-05
4.19314e-05
3.87912e-05
3.58748e-05
3.3168e-05
3.06553e-05
2.83237e-05
2.61616e-05
2.41582e-05
2.23034e-05
2.05877e-05
1.89896e-05
-0.000246084
-0.000392319
-0.000362689
-0.00033475
-0.000308516
-0.000804619
-0.000745358
-0.000690942
-0.000640937
-0.000594949
-0.000552272
-0.000512666
-0.00047591
-0.000441799
-0.000410143
-0.000380765
-0.0003535
-0.000328197
-0.000304715
-0.000282922
-0.000262696
-0.000243926
-0.000226505
-0.000210337
-0.000195331
-0.000181404
-0.000168478
-0.000156481
-0.000145345
-0.000135009
-0.000125414
-0.000116508
-0.00010824
-0.000100565
-9.34391e-05
-8.68228e-05
-8.06792e-05
-7.4974e-05
-6.96753e-05
-6.47537e-05
-6.01817e-05
-5.5934e-05
-5.19883e-05
-4.8327e-05
-4.49301e-05
-4.17785e-05
-3.88544e-05
-3.61413e-05
-3.36241e-05
-3.12885e-05
-2.91206e-05
-2.72186e-05
-2.54668e-05
-2.39053e-05
-2.25176e-05
-2.12826e-05
-2.01914e-05
-1.92291e-05
-1.83833e-05
-1.76428e-05
-1.69971e-05
-1.64368e-05
-1.59532e-05
-1.55385e-05
0.000496741
0.000752684
0.000809713
0.000751031
0.000696633
0.000644962
0.000597733
0.00055354
-0.00281212
-0.00599954
-0.00916291
-0.0123637
-0.0151225
-0.0175151
-0.016256
-0.0150872
-0.0140021
-0.012995
-0.0120602
-0.0111927
-0.0103874
-0.00963984
-0.00894587
-0.00830172
-0.00770394
-0.00714919
-0.00663439
-0.00615665
-0.00571331
-0.00530189
-0.00492009
-0.00456578
-0.00423698
-0.00393185
-0.0036487
-0.00338592
-0.00314207
-0.00291578
-0.00270578
-0.0025109
-0.00233005
-0.00216222
-0.00200647
-0.00186194
-0.00172782
-0.00160336
-0.00148785
-0.00138067
-0.0012812
-0.00118889
-0.00110323
-0.00102374
-0.000949977
-0.000881523
-0.000817999
-0.000759048
-0.000704344
-0.000653586
-0.000606422
-0.000562616
-0.000521927
-0.000484129
-0.000449015
-0.000416394
-0.000386086
-0.000357927
-0.000331763
-0.000307451
-0.000216739
-0.000200841
-0.000186148
-0.000172572
-0.000160033
-0.000148402
-0.000135508
-0.000126162
-0.000116969
-0.00213031
-0.00356939
-0.00460197
-0.00528222
-0.00577549
-0.00625082
-0.00671339
-0.00622908
-0.00550984
-0.00451843
-0.00328262
-0.002527
-0.00191853
-0.00145972
-0.00115946
-0.00102691
-0.000953004
-0.000884435
-0.000820816
-0.000761749
-0.000706944
-0.000597972
-0.000554946
-0.000515016
-0.000477961
-0.000443573
-0.000411659
-0.000382043
-0.000354557
-0.000329049
-0.000305377
-0.000283408
-0.000263019
-0.000244097
-0.000226536
-0.000210237
-0.00019511
-0.000181071
-0.00016804
-0.000155945
-0.000144719
-0.000134299
-0.000124627
-0.000115649
-0.000107316
-9.95797e-05
-9.23986e-05
-8.57325e-05
-7.95443e-05
-7.37992e-05
-6.84653e-05
-6.35591e-05
-5.902e-05
-5.48141e-05
-5.09178e-05
-4.73084e-05
-4.39649e-05
-4.08676e-05
-3.79985e-05
-3.53406e-05
-3.28784e-05
-3.05972e-05
-2.84837e-05
-2.65254e-05
-2.47108e-05
-2.30293e-05
-2.1471e-05
-2.00268e-05
-1.86926e-05
-0.000282283
-0.000392027
-0.000364277
-0.000338619
-0.000314801
-0.000225431
-0.000209566
-0.000194775
-0.000180978
-0.000168093
-0.000156086
-0.000144941
-0.000134595
-0.000124991
-0.000116076
-0.0001078
-0.000100117
-9.29854e-05
-8.63648e-05
-8.02188e-05
-7.45133e-05
-6.92166e-05
-6.42995e-05
-5.97347e-05
-5.54969e-05
-5.15628e-05
-4.79105e-05
-4.45199e-05
-4.13701e-05
-3.84443e-05
-3.57271e-05
-3.32098e-05
-3.0873e-05
-2.87023e-05
-2.66843e-05
3.71718e-05
3.44491e-05
3.19242e-05
2.95829e-05
2.74116e-05
2.53981e-05
2.35307e-05
2.1799e-05
2.01929e-05
1.87034e-05
1.7322e-05
1.60408e-05
1.48526e-05
1.37507e-05
1.27288e-05
1.18298e-05
1.09867e-05
1.02149e-05
9.50831e-06
8.86208e-06
8.27133e-06
7.73151e-06
7.23839e-06
6.78806e-06
6.37691e-06
6.00163e-06
5.65911e-06
5.34652e-06
5.06125e-06
4.80181e-06
4.56502e-06
4.34916e-06
4.15288e-06
3.97453e-06
3.79746e-06
-0.00027194
-0.000377582
-0.000350036
-0.000324409
-0.000300565
-0.000278389
-4.22484e-05
0.000347461
0.00074739
0.00110944
0.00115933
0.00107609
0.000998784
0.00092703
0.000860438
0.000798637
0.000741283
0.000688057
0.000638661
0.00059282
0.000550279
0.0005108
0.000474164
0.000440166
0.000408616
0.000379338
0.000352168
0.000326955
0.000303557
0.000281844
0.000261694
0.000242996
0.000225644
0.000209541
0.000194598
0.000180729
0.000389475
0.000471818
0.00043802
0.000406658
0.000377556
0.000350553
0.000325497
0.000302248
0.000280657
0.000260604
0.000241984
0.000224692
0.000208635
0.000193723
0.000179871
0.000167015
0.000155077
0.000143991
0.000133695
0.000124134
0.000115253
0.000107006
9.93454e-05
9.22291e-05
8.56183e-05
7.9477e-05
7.3772e-05
6.8472e-05
6.35536e-05
5.89884e-05
5.47471e-05
5.08067e-05
4.71459e-05
4.33882e-05
-0.000190059
-0.000263567
-0.000244959
-0.00022772
-0.000211663
-0.00014601
-0.000112722
-0.00010481
-9.74459e-05
-9.05884e-05
-8.41998e-05
-7.82548e-05
-7.2735e-05
-6.76099e-05
-6.28512e-05
-5.84326e-05
-5.43298e-05
-5.05201e-05
-4.69827e-05
-4.36979e-05
-4.06477e-05
-3.78153e-05
-3.51852e-05
-3.27428e-05
-3.04748e-05
-2.83686e-05
-2.64128e-05
-2.45965e-05
-2.29098e-05
-2.13434e-05
-1.98888e-05
-1.85379e-05
-1.72834e-05
-1.61185e-05
-1.50366e-05
-1.4032e-05
-1.30991e-05
-1.22328e-05
-1.14285e-05
-1.06817e-05
-9.98826e-06
-9.34449e-06
-8.74682e-06
-8.19196e-06
-7.67683e-06
-7.1986e-06
-6.75461e-06
-6.34239e-06
-5.9593e-06
-5.60324e-06
-5.27166e-06
-4.96741e-06
-4.68733e-06
-4.42906e-06
-4.19078e-06
-3.97099e-06
-3.76838e-06
-3.58179e-06
-3.41017e-06
-3.25253e-06
-3.10799e-06
-2.9757e-06
-2.85491e-06
-2.74487e-06
-2.64491e-06
-2.55438e-06
-2.47269e-06
-2.39928e-06
-2.33359e-06
-2.26779e-06
-2.20127e-06
-2.13335e-06
-2.05349e-06
-1.9756e-06
-1.89874e-06
-1.82227e-06
-1.74575e-06
-1.66889e-06
-1.59927e-06
-1.52161e-06
-1.44069e-06
-1.36364e-06
-0.015053
-0.0290416
-0.0429878
-0.0569195
-0.0710073
-0.0853206
-0.0996617
-0.114369
-0.129365
-0.143258
-0.154107
-0.162735
-0.169702
-0.175409
-0.179999
-0.183345
-0.185483
-0.186454
-0.186279
-0.184973
-0.182544
-0.179027
-0.174438
-0.168779
-0.162047
-0.154236
-0.145341
-0.135349
-0.125648
-0.116644
-0.108287
-0.100351
-0.0931667
-0.0864991
-0.0803108
-0.0745675
-0.0692347
-0.0642834
-0.0596867
-0.05542
-0.0514592
-0.0477819
-0.0443648
-0.0411914
-0.0382445
-0.0355078
-0.0329663
-0.0306059
-0.0284137
-0.0263776
-0.0244864
-0.0227297
-0.0189792
-0.0152394
-0.0115762
-0.00799506
-0.00364996
-0.00433755
-0.00402044
-0.00372378
-0.0034474
-0.00207226
-0.00242773
-0.00362882
-0.00485855
-0.00507631
-0.00470632
-0.00436232
-0.00404239
-0.0026311
-0.000253938
0.00288795
0.00674139
0.0112598
0.0164123
0.0218939
0.0261639
0.0299748
0.0335534
0.0369995
0.0403154
0.0434831
0.0465076
0.0493941
0.0521461
0.0547665
0.0572583
0.0596242
0.0618655
0.0639832
0.0659779
0.0678506
0.069603
0.0712407
0.0727689
0.0741923
0.0755154
0.0767425
0.0778775
0.0789242
0.0798864
0.0807679
0.0815721
0.0802336
0.0776332
0.0723795
0.0674867
0.0629285
0.0586807
0.0547251
0.05104
0.0483469
0.0450956
0.0420657
0.0392416
0.0366087
0.034154
0.0318653
0.029731
0.0277407
0.0258846
0.0241534
0.0225388
0.0210327
0.0196279
0.0183173
0.0170947
0.031903
0.0296161
0.0276305
0.0257792
0.0240526
0.0224423
0.0209405
0.01954
0.0189623
0.018966
0.0192701
0.019737
0.0202984
0.0209264
0.0215975
0.0222951
0.0230065
0.0237212
0.0244301
0.0251254
0.0258001
0.0264482
0.0270643
0.0276435
0.0281815
0.0286744
0.0291186
0.0295108
0.0298482
0.030128
0.0303478
0.0305052
0.0305979
0.0306237
0.0305806
0.0304663
0.0302788
0.0300158
0.0296754
0.0292552
0.0287531
0.0281669
0.0274943
0.0267333
0.0258819
0.0249379
0.0238995
0.0227645
0.0215308
0.0201964
0.0188974
0.0176802
0.0165387
0.0154681
0.0144637
0.0135214
0.0126372
0.0118072
0.0110281
0.0102965
0.0096113
0.0102333
0.0106532
0.0108891
0.0109616
0.0108839
0.0106621
0.0102975
0.00978874
0.00913313
0.0085204
0.00794845
0.00742063
0.00693084
0.0064701
0.00603651
0.00562839
0.00524426
0.00487041
0.00785609
0.00721239
0.00323637
-0.00306544
-0.00953406
-0.015992
-0.0223495
-0.0277899
-0.0316643
-0.033346
-0.0325468
-0.0307325
-0.0289201
-0.0273093
-0.0257908
-0.02436
-0.0230119
-0.0217419
-0.0205455
-0.0194183
-0.0183563
-0.0173556
-0.0164126
-0.0155238
-0.0146862
-0.0138965
-0.0131522
-0.0124503
-0.0117886
-0.0111645
-0.010576
-0.0100209
-0.00949731
-0.00900334
-0.00853728
-0.00809751
-0.00768249
-0.00738336
-0.00701362
-0.00666536
-0.00633717
-0.00602724
-0.00754256
-0.00929158
-0.0114565
-0.0126879
-0.0130684
-0.0125938
-0.0112748
-0.00746269
-0.00547892
-0.00120046
0.00299133
0.00873394
0.0147802
0.022623
0.030087
0.0416576
0.0499448
0.0637331
0.0728613
0.0163385
0.0244134
0.0295359
0.0341943
0.0369885
0.0394654
0.0393627
0.0375841
0.0341637
0.0292895
0.0240922
0.0128375
-0.00459414
-0.0296214
-0.062744
-0.102114
-0.144401
-0.185443
-0.214299
-0.226924
-0.216737
-0.183059
-0.136727
-0.0896806
-0.0608427
-0.049224
-0.0528089
-0.0708504
-0.0964358
-0.114451
-0.137528
-0.16148
-0.181919
-0.197745
-0.20789
-0.213085
-0.215651
-0.217686
-0.219355
-0.221216
-0.223898
-0.241111
-0.261781
-0.285495
-0.309644
-0.33265
-0.356039
-0.380221
-0.383939
-0.38386
-0.379632
-0.370647
-0.353911
-0.345903
-0.337079
-0.326953
-0.314961
-0.300751
-0.283769
-0.260314
-0.228423
-0.209438
-0.192964
-0.179338
-0.166847
-0.158957
-0.154316
-0.149825
-0.145747
-0.142799
-0.279905
-0.282166
-0.282856
-0.282389
-0.283493
-0.28289
-0.280343
-0.275447
-0.263214
-0.251208
-0.24379
-0.241679
-0.232427
-0.224771
-0.219351
-0.216462
-0.216522
-0.220379
-0.229363
-0.243971
-0.264652
-0.291177
-0.324745
-0.37016
-0.42364
-0.481787
-0.539884
-0.586282
-0.61766
-0.620865
-0.592019
-0.527505
-0.454728
-0.402444
-0.356897
-0.324367
-0.314317
-0.338702
-0.416098
-0.570006
-0.700743
-0.647527
-0.00840436
0.595068
0.683284
0.392026
0.110464
-0.0554218
-0.186084
-0.348273
-0.482492
-0.596299
-0.694132
-0.761217
-0.775748
-0.743229
-0.702009
-0.663618
-0.627869
-0.577665
-0.493773
-0.46802
-0.421173
0.495729
-0.167514
-0.147923
-0.144954
-0.155751
-0.16993
-0.180477
-0.355847
-0.360585
-0.416956
-0.441931
-0.350784
-0.188626
0.0685427
0.334079
0.261715
-0.0183575
-0.293205
-0.445614
-0.466687
-0.41278
-0.3429
-0.279747
-0.281843
-0.343793
-0.357836
-0.338845
-0.182767
0.345121
-0.0141695
-0.00202948
0.104251
0.221642
0.307261
0.367318
0.427451
0.465626
0.499045
0.52268
0.531476
0.537181
0.543637
0.549611
0.566163
0.580876
0.594547
0.604217
0.613335
0.615918
0.615543
0.61556
0.616093
0.618913
0.629487
0.643617
0.660376
0.67609
0.688973
0.698808
0.7064
0.712893
0.718012
0.721827
0.724593
0.726377
0.727737
0.726832
0.724263
0.723931
0.725565
