0
-0.0031288
-0.00609648
-0.00737175
-0.00852477
-0.00915551
-0.00926003
-0.00887738
-0.00824757
-0.00785849
-0.00747626
-0.00721562
-0.00705594
-0.00698659
-0.00699936
-0.00709181
-0.00726047
-0.00750254
-0.00781539
-0.00819657
-0.00864387
-0.00915529
-0.00972878
-0.0103631
-0.0110556
-0.011807
-0.0126182
-0.0134859
-0.0144095
-0.0153887
-0.0164232
-0.0175131
-0.0186586
-0.0198603
-0.0211195
-0.0222863
-0.0233856
-0.0244176
-0.0253827
-0.0262815
-0.0271146
-0.0278827
-0.0285862
-0.0292258
-0.0298019
-0.0303149
-0.0307658
-0.0311543
-0.0314879
-0.0317551
-0.031961
-0.0321052
-0.0321873
-0.0322073
-0.032165
-0.03206
-0.0318921
-0.0316608
-0.0313658
-0.0310067
-0.0305828
-0.0300938
-0.0295388
-0.0289172
-0.0282311
-0.0274733
-0.0266465
-0.0257496
-0.0247819
-0.0237425
-0.02263
-0.0214759
-0.0205242
-0.0196123
-0.0189273
-0.0182641
-0.0176455
-0.0170876
-0.0166
-0.0161876
-0.0158528
-0.0155967
-0.0154194
-0.0153211
-0.0152722
-0.0152554
-0.0152396
-0.0152244
-0.0152098
-0.0151958
-0.0151824
-0.0151697
-0.0151575
-0.0151458
-0.0151344
-0.0151234
-0.0151124
-0.0151016
-0.0150908
-0.0150798
-0.0150688
-0.0150576
-0.0150461
-0.0150342
-0.0150218
-0.0150088
-0.0149952
-0.014981
-0.014966
-0.0149503
-0.0149338
-0.0149164
-0.0148983
-0.0148793
-0.0148598
-0.0148397
-0.0148191
-0.0147982
-0.0147771
-0.0147557
-0.0147343
-0.0147129
-0.0146917
-0.0146706
-0.0147461
-0.0148808
-0.0150788
-0.0153421
-0.0156719
-0.0160687
-0.0165329
-0.0170645
-0.0176047
-0.0181539
-0.0187119
-0.0192795
-0.0198532
-0.0202148
-0.0204841
-0.0206896
-0.0208272
-0.0213312
-0.0218426
-0.0221809
-0.0223492
-0.022427
-0.0224408
-0.0224486
-0.0224544
-0.0224539
-0.0225113
-0.0225926
-0.0226816
-0.0227689
-0.0228159
-0.022771
-0.022676
-0.0225592
-0.0224318
-0.0223003
-0.022169
-0.0220406
-0.0219424
-0.0218873
-0.021863
-0.0218615
-0.0218773
-0.0218987
-0.0219215
-0.0219442
-0.0219662
-0.0219872
-0.0220069
-0.0220253
-0.0220423
-0.0220579
-0.0220711
-0.0220803
-0.0220842
-0.0220812
-0.02207
-0.022049
-0.0220168
-0.0219719
-0.0219124
-0.0218368
-0.021743
-0.0216291
-0.0214929
-0.021332
-0.0211441
-0.0209254
-0.020675
-0.0203896
-0.0200651
-0.0196971
-0.0194732
-0.0193488
-0.0193068
-0.0193043
-0.019298
-0.0192948
-0.0193046
-0.0193167
-0.0193304
-0.019345
-0.0193617
-0.0193787
-0.0193962
-0.0194145
-0.0194335
-0.0198118
-0.0203156
-0.0205972
-0.0206854
-0.0207347
-0.0207708
-0.0207996
-0.0208705
-0.0209616
-0.0210344
-0.0210431
-0.0210081
-0.020942
-0.0208541
-0.0207516
-0.0206538
-0.0206035
-0.020579
-0.0205684
-0.0205651
-0.0205655
-0.0205678
-0.0205706
-0.0205736
-0.0205762
-0.0205783
-0.0205797
-0.0205804
-0.0205803
-0.0205794
-0.0205777
-0.0205751
-0.0205716
-0.020567
-0.0205615
-0.0205549
-0.0205472
-0.0205384
-0.0205286
-0.0205176
-0.0205056
-0.0204924
-0.0204784
-0.0204635
-0.020448
-0.0204318
-0.0204152
-0.0203982
-0.020381
-0.0203637
-0.0203463
-0.0203288
-0.0203115
-0.0202945
-0.0202779
-0.0202763
-0.0202714
-0.0202647
-0.0202567
-0.0202484
-0.0202405
-0.0202332
-0.0202266
-0.0202212
-0.0202175
-0.0202122
-0.020201
-0.0201794
-0.0201428
-0.0200863
-0.0202015
-0.020276
-0.0202281
-0.0201097
-0.0203079
-0.020325
-0.0203061
-0.0203238
-0.0203307
-0.0203309
-0.0203293
-0.0203268
-0.0203241
-0.0203216
-0.0203193
-0.0203175
-0.0203161
-0.0203153
-0.0203149
-0.0203152
-0.0203159
-0.0203172
-0.0203189
-0.020321
-0.0203235
-0.0203261
-0.020329
-0.0203319
-0.0203349
-0.020338
-0.020341
-0.0203439
-0.0203466
-0.020349
-0.0203511
-0.0203528
-0.0203541
-0.0203549
-0.0203553
-0.0203551
-0.0203544
-0.0203532
-0.0203516
-0.0203496
-0.0203474
-0.0203452
-0.0203429
-0.0203409
-0.0203391
-0.0203378
-0.0203369
-0.0205089
-0.0207206
-0.0209195
-0.0211163
-0.021371
-0.0215928
-0.0217827
-0.0219398
-0.0220631
-0.0221514
-0.0222032
-0.0222171
-0.0221917
-0.0219766
-0.0216693
-0.0212836
-0.0209454
-0.0206378
-0.0203528
-0.0207498
-0.0216713
-0.0226252
-0.0236132
-0.0246523
-0.0257448
-0.0266327
-0.0273283
-0.0275318
-0.0274483
-0.0273956
-0.0273517
-0.0272815
-0.0271997
-0.0271135
-0.0270264
-0.0269403
-0.0268578
-0.0267812
-0.0267103
-0.0266448
-0.0265843
-0.0265285
-0.0264771
-0.0264296
-0.0263857
-0.0263451
-0.0263075
-0.0262726
-0.0262402
-0.02621
-0.0261818
-0.0261553
-0.0261303
-0.0261066
-0.0260841
-0.0260624
-0.0260417
-0.0260215
-0.026002
-0.0259828
-0.025964
-0.0259456
-0.0259277
-0.0259102
-0.0258933
-0.0258771
-0.0258615
-0.0258466
-0.0258325
-0.0258192
-0.0258069
-0.0258928
-0.0259722
-0.0260237
-0.0260764
-0.0261368
-0.0262067
-0.0262872
-0.026379
-0.0264827
-0.0265984
-0.0266206
-0.0266079
-0.0266026
-0.0266023
-0.0266052
-0.0266046
-0.0266097
-0.0266162
-0.0273356
-0.0281462
-0.0287427
-0.0291564
-0.0293908
-0.0295192
-0.0296276
-0.0297248
-0.0296454
-0.0295747
-0.0294833
-0.0293596
-0.0292411
-0.0291088
-0.0289728
-0.028837
-0.028703
-0.0285852
-0.028462
-0.0283142
-0.0282339
-0.0281205
-0.0281312
-0.0281156
-0.0281066
-0.0281015
-0.0280985
-0.0280968
-0.0280958
-0.0280952
-0.0280948
-0.0280943
-0.0280937
-0.0280929
-0.0280917
-0.0280901
-0.0280881
-0.0280856
-0.0280825
-0.0280789
-0.0280747
-0.0280699
-0.0280647
-0.0280591
-0.0280533
-0.0280473
-0.0280413
-0.0280354
-0.0280297
-0.0280243
-0.0280192
-0.0280147
-0.0280992
-0.0281805
-0.028231
-0.0282504
-0.0282562
-0.0282589
-0.0282601
-0.0282607
-0.0282612
-0.0282622
-0.0282637
-0.028266
-0.0282692
-0.0282732
-0.0282782
-0.0282842
-0.0282912
-0.0282992
-0.0284555
-0.0285596
-0.0285762
-0.0285946
-0.0286057
-0.0286336
-0.0286383
-0.0286446
-0.0286503
-0.0286536
-0.0286555
-0.0286578
-0.0286603
-0.028663
-0.0286657
-0.0286685
-0.0286713
-0.0286743
-0.0286773
-0.0286804
-0.0286836
-0.0286869
-0.0286902
-0.0286935
-0.0286967
-0.0286999
-0.0287029
-0.0287058
-0.0287088
-0.0287306
-0.0288022
-0.0288036
-0.0288026
-0.02877
-0.0287267
-0.0287449
-0.0287308
-0.0287215
-0.0287144
-0.0287082
-0.0287021
-0.0286957
-0.0286888
-0.0286814
-0.0286737
-0.0286656
-0.0286573
-0.0286488
-0.0286403
-0.0286318
-0.0288686
-0.0292652
-0.0296126
-0.0299196
-0.030192
-0.030433
-0.0306439
-0.0308248
-0.0309751
-0.031094
-0.0311805
-0.0312331
-0.0312506
-0.0312313
-0.0311738
-0.0310763
-0.0309509
-0.0308222
-0.0306907
-0.0305565
-0.030595
-0.030588
-0.0305171
-0.0304581
-0.0304148
-0.0303854
-0.0303815
-0.0303675
-0.0302951
-0.0301749
-0.0300801
-0.0299874
-0.0299384
-0.0299156
-0.0299076
-0.0299075
-0.0299118
-0.0299184
-0.0299262
-0.0299348
-0.0299437
-0.0299529
-0.0299621
-0.0299714
-0.0299807
-0.0299897
-0.030066
-0.030077
-0.0300856
-0.0300939
-0.0301018
-0.0301095
-0.0301168
-0.0301241
-0.0301869
-0.0302384
-0.0303139
-0.0303105
-0.0302697
-0.0302491
-0.0302395
-0.0302355
-0.0302345
-0.030235
-0.0305126
-0.0311077
-0.0316721
-0.0322164
-0.0327445
-0.0332587
-0.0337202
-0.0342044
-0.0346264
-0.035001
-0.0353373
-0.0356409
-0.035914
-0.0361573
-0.0363714
-0.0365589
-0.0367204
-0.0368547
-0.0369605
-0.0370362
-0.0370789
-0.0370938
-0.0371064
-0.0371189
-0.0371318
-0.0371444
-0.0373165
-0.037461
-0.0375668
-0.0377009
-0.0378416
-0.0379899
-0.0381064
-0.0382003
-0.0382821
-0.0383482
-0.0383958
-0.0384259
-0.0384442
-0.0384561
-0.0384643
-0.0384705
-0.0384755
-0.0384799
-0.0384838
-0.0384875
-0.0384911
-0.0384946
-0.038498
-0.0385012
-0.0385041
-0.0385068
-0.038509
-0.0385109
-0.0385123
-0.0385133
-0.0385138
-0.0385136
-0.0385127
-0.0385111
-0.0385087
-0.0385055
-0.0385014
-0.0384963
-0.0384904
-0.0384835
-0.0384756
-0.0384668
-0.0384572
-0.0384468
-0.0384359
-0.0384244
-0.0384125
-0.0384003
-0.0383874
-0.0383713
-0.0383486
-0.0383243
-0.0382946
-0.038256
-0.0382056
-0.0381402
-0.038057
-0.0379532
-0.0378261
-0.0376727
-0.0374903
-0.0372759
-0.0370264
-0.0367385
-0.0364091
-0.0360344
-0.0356106
-0.0351334
-0.0345975
-0.0339951
-0.0340961
-0.0347681
-0.0360446
-0.0376621
-0.0397149
-0.0422312
-0.0452194
-0.0486789
-0.0522889
-0.0566188
-0.0616836
-0.067104
-0.0714965
-0.0756875
-0.0801022
-0.0846244
-0.0892731
-0.0940509
-0.0988379
-0.103798
-0.108893
-0.113761
-0.117962
-0.12157
-0.124664
-0.127315
-0.129579
-0.131489
-0.133062
-0.134309
-0.135239
-0.135857
-0.136169
-0.136193
-0.13594
-0.13541
-0.134601
-0.133513
-0.13214
-0.130479
-0.128915
-0.127579
-0.126282
-0.125416
-0.124774
-0.12433
-0.124064
-0.123935
-0.124116
-0.124537
-0.125069
-0.125701
-0.126458
-0.127354
-0.128292
-0.129297
-0.130359
-0.131471
-0.132627
-0.133819
-0.135045
-0.136299
-0.137579
-0.138882
-0.140067
-0.141057
-0.141894
-0.14261
-0.143245
-0.143755
-0.144855
-0.146419
-0.148469
-0.150498
-0.152229
-0.153689
-0.154936
-0.156056
-0.157056
-0.158043
-0.158995
-0.159817
-0.160416
-0.160789
-0.160934
-0.160858
-0.160571
-0.160105
-0.159654
-0.159251
-0.158898
-0.158571
-0.158262
-0.15797
-0.157689
-0.157418
-0.157152
-0.156891
-0.156627
-0.156362
-0.156096
-0.155828
-0.155558
-0.155285
-0.15501
-0.15473
-0.154443
-0.154149
-0.153845
-0.153529
-0.153199
-0.152853
-0.152491
-0.152109
-0.151705
-0.151263
-0.150991
-0.150993
-0.15125
-0.151657
-0.152101
-0.152776
-0.153599
-0.154807
-0.156064
-0.15738
-0.158729
-0.160096
-0.161476
-0.162868
-0.164273
-0.165691
-0.167124
-0.168575
-0.170044
-0.171533
-0.173045
-0.17458
-0.17614
-0.177725
-0.179499
-0.181285
-0.183099
-0.184921
-0.186746
-0.188571
-0.190396
-0.192135
-0.193747
-0.195248
-0.196669
-0.198041
-0.199381
-0.200706
-0.202028
-0.203356
-0.204696
-0.206053
-0.207433
-0.208838
-0.210272
-0.211737
-0.213235
-0.21477
-0.216342
-0.217955
-0.21961
-0.221308
-0.223053
-0.224845
-0.226687
-0.22858
-0.230526
-0.232527
-0.234584
-0.236701
-0.238879
-0.241119
-0.243425
-0.245797
-0.248239
-0.250754
-0.253342
-0.256007
-0.258752
-0.261579
-0.26449
-0.267487
-0.270575
-0.273732
-0.276941
-0.280202
-0.283506
-0.28685
-0.290232
-0.293653
-0.297115
-0.300618
-0.304163
-0.307702
-0.311102
-0.314485
-0.3179
-0.321382
-0.324946
-0.328603
-0.332355
-0.336207
-0.34016
-0.344183
-0.348657
-0.353446
-0.358409
-0.363326
-0.368165
-0.372918
-0.377583
-0.382543
-0.387615
-0.392393
-0.397093
-0.402021
-0.407294
-0.412839
-0.418604
-0.42435
-0.429885
-0.435144
-0.440002
-0.444662
-0.449357
-0.454109
-0.45892
-0.463808
-0.46879
-0.47388
-0.479089
-0.484425
-0.489894
-0.4955
-0.501248
-0.507141
-0.513182
-0.519375
-0.525725
-0.532234
-0.538908
-0.545752
-0.55277
-0.559967
-0.56735
-0.574923
-0.582693
-0.590666
-0.598846
-0.607237
-0.615923
-0.624866
-0.634061
-0.643245
-0.65187
-0.660536
-0.669241
-0.677903
-0.686522
-0.695102
-0.703648
-0.711987
-0.720433
-0.72881
-0.737225
-0.745596
-0.75398
-0.762301
-0.770663
-0.778848
-0.787158
-0.795472
-0.803716
-0.811944
-0.821185
-0.830394
-0.839913
-0.850306
-0.86071
-0.870988
-0.880967
-0.890745
-0.900367
-0.911198
-0.922338
-0.933487
-0.947168
-0.961569
-0.976772
-0.992135
-1.00736
-1.02264
-1.0382
-1.05326
-1.06817
-1.08276
-1.09691
-1.11117
-1.1253
-1.13936
-1.15322
-1.16675
-1.16729
-1.16747
-1.16762
-1.16771
-1.16807
-1.16858
-1.16931
-1.17054
-1.17193
-1.17349
-1.17528
-1.17731
-1.17921
-1.17989
-1.17925
-1.17835
-1.17751
-1.1768
-1.17622
-1.1765
-1.17794
-1.17928
-1.18034
-1.18175
-1.18296
-1.18444
-1.18623
-1.18836
-1.19087
-1.19379
-1.19717
-1.20056
-1.20536
-1.21149
-1.21884
-1.22596
-1.23296
-1.2402
-1.24775
-1.25558
-1.26333
-1.27089
-1.27778
-1.28479
-1.29194
-1.29949
-1.30714
-1.31491
-1.3228
-1.33129
-1.33866
-1.34593
-1.35342
-1.35991
-1.36613
-1.37202
-1.37751
-1.38257
-1.3872
-1.3915
-1.39542
-1.39889
-1.40178
-1.40422
-1.40677
-1.40914
-1.4113
-1.41347
-1.41497
-1.41622
-1.41723
-1.41808
-1.41873
-1.41953
-1.42207
-1.42441
-1.4264
-1.42822
-1.42998
-1.43167
-1.43323
-1.43471
-1.43472
-1.43337
-1.43066
-1.42886
-1.4283
-1.42913
-1.43043
-1.43139
-1.43189
-1.43277
-1.43393
-1.43542
-1.43773
-1.44058
-1.4418
-1.4433
-1.44489
-1.44533
-1.44449
-1.44316
-1.44119
-1.43812
-1.43441
-1.43363
-1.43471
-1.43656
-1.43866
-1.44079
-1.44206
-1.4426
-1.44278
-1.44006
-1.43745
-1.43368
-1.42976
-1.42584
-1.42211
-1.41813
-1.41556
-1.41459
-1.41497
-1.41578
-1.41643
-1.41679
-1.41537
-1.41317
-1.4103
-1.40717
-1.40442
-1.40145
-1.39793
-1.39704
-1.39693
-1.39788
-1.39917
-1.40068
-1.40172
-1.40337
-1.4039
-1.40456
-1.40567
-1.40563
-1.40609
-1.4066
-1.40702
-1.40619
-1.4055
-1.40517
-1.40493
-1.40489
-1.4044
-1.40292
-1.40095
-1.39917
-1.39798
-1.39683
-1.39608
-1.39574
-1.39575
-1.39601
-1.39651
-1.39717
-1.39715
-1.3969
-1.39646
-1.39602
-1.39559
-1.39522
-1.39488
-1.39466
-1.3942
-1.39445
