0
-0.0031288
-0.00609648
-0.00737175
-0.00852477
-0.00915551
-0.00926003
-0.00887738
-0.00824757
-0.00785849
-0.00747626
-0.00721562
-0.00705594
-0.00698659
-0.00699936
-0.00709181
-0.00726047
-0.00750254
-0.00781539
-0.00819657
-0.00864387
-0.00915529
-0.00972878
-0.0103631
-0.0110556
-0.011807
-0.0126182
-0.0134859
-0.0144095
-0.0153887
-0.0164232
-0.017513
-0.0186582
-0.0198589
-0.021116
-0.0222792
-0.0233725
-0.0243955
-0.0253478
-0.0262294
-0.0270398
-0.0277789
-0.0284462
-0.0290415
-0.0295643
-0.0300145
-0.0303924
-0.0306969
-0.0309351
-0.0310952
-0.0311815
-0.0311936
-0.0311304
-0.0309919
-0.0307775
-0.0304866
-0.0301189
-0.0296737
-0.0291506
-0.0285492
-0.0278687
-0.0271087
-0.0262685
-0.0253475
-0.0243477
-0.0232622
-0.0220935
-0.0208408
-0.0195036
-0.0180809
-0.0165716
-0.0150074
-0.0136324
-0.0122843
-0.0111503
-0.0100256
-0.0089332
-0.00788955
-0.00690436
-0.00598285
-0.00512773
-0.00434025
-0.00362105
-0.00297031
-0.00235898
-0.00177002
-0.00117262
-0.000566659
4.74882e-05
0.00066948
0.00129896
0.00193555
0.00257905
0.00322925
0.00388608
0.00454951
0.00521963
0.00589659
0.00658059
0.00727194
0.00797085
0.00867762
0.00939277
0.0101169
0.0108505
0.0115944
0.0123492
0.0131157
0.0138947
0.0146868
0.0154931
0.0163144
0.0171514
0.0180048
0.0188752
0.0197628
0.020668
0.0215908
0.0225315
0.0234899
0.0244659
0.0254593
0.0264696
0.0274968
0.0284439
0.0293478
0.0302041
0.0310101
0.0317639
0.0324643
0.0331105
0.0337014
0.0342952
0.0348906
0.0354867
0.0360817
0.0366782
0.0374932
0.0384058
0.0393863
0.0404377
0.0411248
0.0418063
0.0426633
0.0436927
0.0448152
0.0460045
0.0472025
0.0484055
0.0496177
0.0507751
0.0519115
0.0530432
0.0541794
0.0553587
0.0566328
0.0579595
0.0593104
0.0606743
0.0620443
0.0634162
0.0647869
0.0661288
0.0674291
0.0686998
0.069949
0.0711821
0.0724111
0.0736405
0.0748717
0.0761057
0.0773431
0.0785845
0.0798305
0.0810817
0.0823386
0.083603
0.0848769
0.0861626
0.0874621
0.0887778
0.0901119
0.0914665
0.092844
0.0942464
0.0956759
0.0971348
0.0986252
0.100149
0.101709
0.103308
0.104948
0.10663
0.108357
0.110134
0.111963
0.113656
0.115257
0.116783
0.118275
0.119777
0.121279
0.122772
0.124265
0.125758
0.127249
0.128737
0.130222
0.131703
0.133177
0.134644
0.135744
0.136711
0.137893
0.139261
0.140662
0.142071
0.143481
0.144844
0.146182
0.147533
0.148944
0.150394
0.151871
0.153366
0.154871
0.156368
0.157813
0.159229
0.160627
0.162014
0.163394
0.164768
0.166137
0.167502
0.168864
0.170223
0.171579
0.172934
0.174286
0.175637
0.176988
0.178338
0.179688
0.181039
0.182392
0.183748
0.185107
0.186471
0.187839
0.189213
0.190594
0.191983
0.19338
0.194786
0.196201
0.197625
0.199059
0.200502
0.201955
0.203417
0.204888
0.206368
0.207856
0.209352
0.210855
0.21235
0.213855
0.215367
0.216885
0.218407
0.219932
0.221459
0.222986
0.224513
0.226037
0.22756
0.229086
0.230618
0.232159
0.233712
0.235086
0.236492
0.238014
0.239598
0.24086
0.242296
0.243763
0.245187
0.246617
0.248048
0.249477
0.250902
0.252322
0.253738
0.25515
0.256557
0.25796
0.259358
0.260751
0.26214
0.263524
0.264904
0.266279
0.26765
0.269016
0.270379
0.271738
0.273093
0.274447
0.275797
0.277146
0.278494
0.279841
0.281189
0.282537
0.283887
0.28524
0.286596
0.287957
0.289323
0.290695
0.292074
0.29346
0.294855
0.296259
0.297671
0.299092
0.300522
0.301961
0.303408
0.304865
0.306156
0.307417
0.308698
0.309989
0.311229
0.312508
0.313824
0.315178
0.316569
0.317999
0.319468
0.320976
0.322523
0.324259
0.326085
0.327986
0.329835
0.331648
0.33343
0.334523
0.335083
0.335603
0.336081
0.336503
0.336864
0.337424
0.338171
0.339405
0.34092
0.3424
0.343867
0.345355
0.346851
0.348347
0.34984
0.351327
0.352807
0.354277
0.355738
0.357188
0.35863
0.360063
0.361487
0.362904
0.364313
0.365716
0.367112
0.368504
0.36989
0.371273
0.372652
0.374028
0.375403
0.376778
0.378152
0.379528
0.380906
0.382287
0.383673
0.385063
0.38646
0.387863
0.389274
0.390693
0.39212
0.393555
0.394999
0.396451
0.397911
0.39938
0.400856
0.402243
0.403644
0.40508
0.406522
0.407962
0.409398
0.410829
0.412252
0.413666
0.415071
0.416571
0.418105
0.419631
0.421151
0.422663
0.424175
0.425675
0.427166
0.427936
0.428607
0.429484
0.430537
0.431763
0.433089
0.434428
0.435774
0.43729
0.438793
0.440312
0.441858
0.443395
0.444941
0.446487
0.448029
0.449564
0.451079
0.452596
0.454133
0.455599
0.457093
0.45846
0.459848
0.461226
0.462597
0.463962
0.465323
0.46668
0.468035
0.469388
0.470739
0.47209
0.47344
0.474792
0.476146
0.477502
0.478862
0.480226
0.481596
0.482971
0.484354
0.485744
0.487143
0.48855
0.489966
0.491391
0.492825
0.494268
0.49572
0.49718
0.498648
0.500036
0.501435
0.502872
0.504347
0.505842
0.507346
0.508856
0.51037
0.511888
0.513407
0.514927
0.516447
0.517965
0.51948
0.52099
0.522495
0.523993
0.525483
0.526816
0.528193
0.529651
0.531099
0.532548
0.533974
0.535418
0.536854
0.538285
0.539714
0.54114
0.54256
0.543976
0.545387
0.546794
0.548197
0.549596
0.55099
0.552381
0.553767
0.555149
0.556527
0.557901
0.55927
0.560636
0.561999
0.563358
0.564714
0.566067
0.567399
0.56868
0.570029
0.571381
0.572763
0.574157
0.575491
0.576859
0.578226
0.579594
0.580966
0.582344
0.583728
0.58512
0.58652
0.587929
0.589348
0.590775
0.592211
0.593657
0.595112
0.59633
0.597398
0.598523
0.599696
0.600911
0.602165
0.603455
0.60478
0.606141
0.607537
0.608968
0.610436
0.611941
0.613482
0.61506
0.616676
0.618317
0.619957
0.621593
0.623225
0.624676
0.626165
0.62771
0.629236
0.630739
0.632222
0.633675
0.635131
0.636641
0.638193
0.639715
0.641231
0.642698
0.644135
0.645552
0.646958
0.648355
0.649746
0.651132
0.652513
0.653889
0.655261
0.656629
0.657992
0.659352
0.660709
0.661995
0.663343
0.66469
0.666036
0.66738
0.668724
0.670066
0.671409
0.672697
0.673998
0.675276
0.676637
0.678039
0.679425
0.680806
0.682188
0.683574
0.684967
0.686091
0.686905
0.68776
0.688644
0.689553
0.690485
0.691479
0.692459
0.693509
0.694615
0.695766
0.696957
0.698185
0.699447
0.700744
0.702072
0.703429
0.704815
0.706231
0.707677
0.709155
0.710659
0.712162
0.71366
0.715152
0.716638
0.717955
0.719292
0.72066
0.721993
0.723312
0.724618
0.72595
0.727298
0.728654
0.73002
0.731399
0.732792
0.734192
0.735594
0.736996
0.738395
0.739792
0.741185
0.742574
0.74396
0.745341
0.746719
0.748093
0.749463
0.750829
0.752192
0.753552
0.754909
0.756264
0.757617
0.758969
0.76032
0.76167
0.763022
0.764375
0.76573
0.767089
0.768451
0.769818
0.771191
0.77257
0.773957
0.775352
0.776755
0.778167
0.779589
0.78102
0.78246
0.78391
0.785372
0.786851
0.788339
0.789841
0.79136
0.792898
0.794458
0.796042
0.797652
0.79929
0.800958
0.802659
0.804394
0.806165
0.807974
0.809825
0.811718
0.813658
0.815646
0.817687
0.819787
0.821175
0.821985
0.822182
0.822032
0.821439
0.820377
0.818837
0.81682
0.814647
0.811749
0.808112
0.804114
0.80114
0.798363
0.795358
0.792241
0.788994
0.785614
0.78222
0.77865
0.77494
0.771453
0.768629
0.766394
0.764669
0.763384
0.762482
0.76193
0.761714
0.761821
0.762243
0.762976
0.764014
0.76534
0.766944
0.768826
0.770989
0.773435
0.776168
0.779195
0.782131
0.784844
0.787527
0.789785
0.791829
0.793683
0.795368
0.796925
0.798181
0.799207
0.80013
0.800962
0.801678
0.802262
0.802811
0.803301
0.80374
0.804134
0.804489
0.804812
0.805104
0.80537
0.805612
0.805831
0.806167
0.806696
0.807374
0.80817
0.809039
0.810027
0.810417
0.810334
0.809758
0.809195
0.808924
0.808919
0.80912
0.809442
0.80988
0.810325
0.8108
0.811401
0.81222
0.813261
0.814526
0.816008
0.817696
0.81956
0.821404
0.823197
0.824935
0.826643
0.828329
0.829994
0.831644
0.833281
0.834908
0.836529
0.838149
0.839768
0.841386
0.843005
0.844625
0.846248
0.847874
0.849506
0.851147
0.852798
0.854464
0.856146
0.857847
0.85957
0.861318
0.863093
0.864898
0.86675
0.868441
0.869868
0.871048
0.872087
0.873098
0.873887
0.874536
0.874809
0.875039
0.875218
0.87537
0.875509
0.87564
0.875763
0.875876
0.875979
0.876067
0.876138
0.87619
0.876219
0.876224
0.8762
0.876144
0.876057
0.875773
0.875467
0.875128
0.874772
0.874408
0.874037
0.87366
0.873363
0.873189
0.87312
0.873126
0.873177
0.873255
0.873344
0.873432
0.87351
0.873571
0.873611
0.873625
0.873609
0.873561
0.873477
0.873356
0.873194
0.872991
0.872744
0.872451
0.872111
0.871723
0.871285
0.870795
0.870253
0.869658
0.869007
0.868299
0.867535
0.866712
0.865828
0.864884
0.863877
0.862806
0.86167
0.860467
0.859194
0.857851
0.856434
0.854943
0.853373
0.851723
0.850012
0.848258
0.846461
0.844629
0.842766
0.840871
0.838944
0.836984
0.834987
0.832953
0.830929
0.829047
0.827185
0.825291
0.823331
0.821288
0.81915
0.816913
0.814572
0.812124
0.809599
0.806614
0.803307
0.799818
0.796368
0.792989
0.78969
0.786473
0.782955
0.779321
0.775975
0.772703
0.769197
0.765343
0.761212
0.756856
0.752516
0.748382
0.74452
0.741056
0.737785
0.734476
0.731104
0.727671
0.724156
0.720543
0.716819
0.712972
0.708995
0.704882
0.70063
0.696234
0.691692
0.687001
0.682158
0.677159
0.672002
0.666682
0.661196
0.655539
0.649707
0.643696
0.6375
0.631116
0.624536
0.617757
0.610777
0.603509
0.595994
0.588236
0.580499
0.573329
0.566127
0.558895
0.551713
0.544582
0.537495
0.530451
0.523618
0.516683
0.509821
0.502924
0.496073
0.489211
0.482412
0.475571
0.468904
0.46211
0.455307
0.448569
0.441838
0.434087
0.426359
0.418314
0.409388
0.400444
0.39162
0.383089
0.374754
0.366569
0.35717
0.347457
0.337731
0.325468
0.312481
0.298688
0.28473
0.270904
0.257024
0.242855
0.229192
0.215663
0.202458
0.189679
0.176795
0.16403
0.151342
0.138843
0.12667
0.127487
0.128658
0.129862
0.13112
0.13211
0.132951
0.133574
0.133698
0.133664
0.133462
0.13303
0.132364
0.131839
0.132538
0.134563
0.136857
0.139097
0.141209
0.14321
0.144356
0.144357
0.144464
0.144864
0.144912
0.145179
0.145179
0.144878
0.144235
0.143225
0.141816
0.139945
0.138072
0.134787
0.13018
0.124348
0.118752
0.113275
0.107555
0.101517
0.0952036
0.0889541
0.0828908
0.0774917
0.0719606
0.0662864
0.0601998
0.0540161
0.0477012
0.0412516
0.0342128
0.0282771
0.0224389
0.0163798
0.0113045
0.0065016
0.00203046
-0.00205503
-0.00570327
-0.00893163
-0.0118378
-0.0143599
-0.0164415
-0.0179497
-0.0190093
-0.0201795
-0.0211783
-0.0219629
-0.0227673
-0.0229135
-0.0228034
-0.0224506
-0.0219499
-0.0212493
-0.0206933
-0.0218903
-0.0228803
-0.0235115
-0.0239843
-0.024393
-0.0247202
-0.0249202
-0.0250347
-0.0236791
-0.020947
-0.0168524
-0.0136577
-0.011701
-0.0111187
-0.0110017
-0.0105276
-0.00958998
-0.00902788
-0.0087313
-0.00875221
-0.00959666
-0.0109673
-0.0106939
-0.010705
-0.0107886
-0.00972519
-0.00737162
-0.00452798
-0.00104052
0.00355367
0.00878017
0.0110861
0.0115206
0.0111959
0.0106083
0.0099928
0.0102202
0.0111851
0.0124897
0.0166892
0.0207758
0.0260172
0.0313925
0.0367711
0.0419419
0.0473689
0.0513791
0.0537826
0.0548244
0.0554373
0.0562054
0.0572611
0.0600878
0.0636984
0.0679639
0.0724896
0.0766342
0.0809946
0.0859016
0.0881706
0.0896568
0.0900833
0.0901641
0.0900196
0.0903435
0.0900448
0.0908746
0.0915697
0.0918139
0.0932047
0.0940976
0.0949364
0.0958624
0.0980476
0.100088
0.101779
0.103378
0.104788
0.106646
0.109505
0.11286
0.116033
0.118624
0.121181
0.123353
0.125121
0.126552
0.127735
0.128688
0.129498
0.130984
0.13272
0.134648
0.136576
0.138507
0.140384
0.142234
0.143966
0.145952
0.147224
