-0.0355023
-0.028682
-0.021712
-0.0183968
-0.0183938
-0.0193886
-0.0202303
-0.0202399
-0.0197637
-0.0197584
-0.0196254
-0.019601
-0.0195877
-0.0195788
-0.0195726
-0.0195682
-0.019565
-0.0195627
-0.0195611
-0.01956
-0.0195595
-0.0195594
-0.0195597
-0.0195602
-0.0195611
-0.0195622
-0.019566
-0.0195698
-0.0195734
-0.0195768
-0.0195801
-0.0195832
-0.0195862
-0.0195889
-0.0195915
-0.0195935
-0.0195957
-0.0195978
-0.0196001
-0.0196022
-0.0196043
-0.0196063
-0.0196083
-0.0196102
-0.0196119
-0.0196137
-0.0196152
-0.0196191
-0.0196261
-0.0196276
-0.0196287
-0.0196295
-0.0196304
-0.019631
-0.0196311
-0.019631
-0.0196306
-0.01963
-0.0196293
-0.0196283
-0.0196272
-0.0196259
-0.0196245
-0.019623
-0.0196217
-0.0196198
-0.0196182
-0.0196166
-0.0196144
-0.0196121
-0.0204253
-0.0204183
-0.0208109
-0.0208078
-0.0208039
-0.0207998
-0.0207958
-0.0207923
-0.0207892
-0.0207866
-0.0207847
-0.0207834
-0.0207832
-0.0207836
-0.0207835
-0.0207835
-0.0207835
-0.0207835
-0.0207834
-0.0207834
-0.0207834
-0.0207834
-0.0207833
-0.0207833
-0.0207833
-0.0207833
-0.0207832
-0.0207832
-0.0207832
-0.0207831
-0.0207831
-0.0207831
-0.020783
-0.020783
-0.020783
-0.0207829
-0.0207829
-0.0207829
-0.0207828
-0.0207828
-0.0207828
-0.0207827
-0.0207827
-0.0207827
-0.0207826
-0.0207826
-0.0207825
-0.0207825
-0.0207825
-0.0207824
-0.0207824
-0.0207824
-0.0207824
-0.0207823
-0.0207958
-0.0208035
-0.0208081
-0.020811
-0.0208132
-0.0208151
-0.0208169
-0.0208189
-0.0208193
-0.02082
-0.0208209
-0.020822
-0.0208259
-0.020823
-0.0208242
-0.0208249
0.0782792
0.0782701
0.0782798
0.0782949
0.0783155
0.0783417
0.0783734
0.0784106
0.0784537
0.0784884
0.0785148
0.078535
0.078549
0.0785572
0.078559
0.0785592
0.0785595
0.0785597
0.0785598
0.0785599
0.0785599
0.0785598
0.0785597
0.0785597
0.0785596
0.0785595
0.0785595
0.0785594
0.0785594
0.0785593
0.0785593
0.0785592
0.0785592
0.0785591
0.0785591
0.0785591
0.078559
0.078559
0.0785588
0.0785586
0.0785583
0.0785578
0.0785573
0.0785567
0.078556
0.0785553
0.0785544
0.0785535
0.0785526
0.0785515
0.0785504
0.0785491
0.0785481
0.0785475
0.0785471
0.0785468
0.0785342
0.0785293
0.0785267
0.0785254
0.0785247
0.0785246
0.0785245
0.0785244
0.0785242
0.0785241
0.078524
0.0785238
0.0785237
0.0785235
0.175255
0.174975
0.174985
0.174999
0.175019
0.175043
0.175072
0.175107
0.175138
0.175162
0.175182
0.175199
0.175211
0.175221
0.175227
0.175229
0.175229
0.175229
0.175229
0.175229
0.175229
0.175229
0.175229
0.175229
0.175229
0.175229
0.175229
0.175229
0.175229
0.175229
0.175229
0.175229
0.175229
0.175229
0.175229
0.175229
0.175229
0.175229
0.175229
0.175229
0.175229
0.175229
0.175229
0.175229
0.175229
0.175229
0.175229
0.175229
0.175229
0.175229
0.175229
0.175229
0.175229
0.175229
0.175229
0.175229
0.175219
0.175214
0.175212
0.175211
0.175211
0.17521
0.17521
0.17521
0.17521
0.17521
0.17521
0.17521
0.17521
0.175209
0.275909
0.275887
0.27586
0.275878
0.275885
0.275032
0.275062
0.275081
0.275092
0.275098
0.275098
0.275098
0.275098
0.275098
0.275098
0.275098
0.275098
0.275098
0.275098
0.275098
0.275098
0.275098
0.275098
0.275098
0.275098
0.275098
0.275098
0.275098
0.275098
0.275098
0.275098
0.275098
0.275098
0.275098
0.275098
0.275098
0.275098
0.275098
0.275098
0.275098
0.275099
0.275099
0.275099
0.275099
0.275099
0.275099
0.275099
0.275099
0.275099
0.275099
0.275099
0.275099
0.275109
0.275009
0.27495
0.274915
0.274892
0.274876
0.274862
0.27485
0.274838
0.274826
0.274814
0.2748
0.274786
0.274788
0.274789
0.274791
0.274793
0.274795
0.373528
0.372279
0.369974
0.369998
0.370024
0.370055
0.370091
0.370133
0.37018
0.368998
0.369036
0.369067
0.369094
0.369118
0.369139
0.369156
0.369168
0.369172
0.369172
0.369172
0.369172
0.369172
0.369172
0.369172
0.369172
0.369172
0.369172
0.369172
0.369172
0.369172
0.369172
0.369172
0.369172
0.369172
0.369172
0.369172
0.369172
0.369172
0.369172
0.369172
0.369172
0.369172
0.369172
0.369172
0.369172
0.369172
0.369172
0.369172
0.369172
0.369172
0.369172
0.369172
0.369172
0.369156
0.369109
0.369083
0.369069
0.369061
0.369057
0.369055
0.369054
0.369054
0.369053
0.369053
0.369053
0.369053
0.369053
0.369053
0.369057
0.369057
0.468534
0.467221
0.467233
0.467249
0.467271
0.467299
0.467333
0.467372
0.467417
0.467461
0.467496
0.467523
0.467542
0.467551
0.467553
0.467553
0.467553
0.467553
0.467553
0.467553
0.467551
0.467551
0.467628
0.467628
0.467628
0.467628
0.467628
0.467628
0.467628
0.467628
0.467628
0.467628
0.467628
0.467628
0.467628
0.467628
0.467628
0.467628
0.467628
0.467628
0.467628
0.467628
0.467628
0.467628
0.467628
0.467628
0.467628
0.467628
0.467628
0.467628
0.467628
0.467628
0.467628
0.467622
0.46757
0.467542
0.467526
0.467517
0.467513
0.46751
0.467509
0.467509
0.467508
0.467508
0.467509
0.467509
0.467509
0.467509
0.467509
0.467509
0.566759
0.566762
0.566762
0.566753
0.566741
0.566735
0.566722
0.566744
0.566761
0.566772
0.566777
0.566777
0.566777
0.566777
0.566777
0.566777
0.566777
0.566777
0.566777
0.566777
0.566777
0.566777
0.566777
0.566777
0.566777
0.566777
0.566777
0.566777
0.566777
0.566777
0.566776
0.566776
0.566776
0.566776
0.566776
0.566798
0.566798
0.566798
0.566798
0.566798
0.566798
0.566798
0.566798
0.566798
0.566798
0.566798
0.566798
0.566798
0.566798
0.566798
0.566798
0.566989
0.56674
0.566602
0.566527
0.566486
0.566465
0.566454
0.566448
0.566446
0.566445
0.566445
0.566446
0.566446
0.566447
0.566447
0.566447
0.566447
0.566447
0.566447
0.666338
0.666323
0.666292
0.666247
0.666191
0.666123
0.666046
0.666015
0.665987
0.665962
0.665938
0.665956
0.665968
0.665969
0.665969
0.665969
0.665969
0.665969
0.665969
0.665969
0.665969
0.665969
0.665969
0.665969
0.665969
0.665969
0.665969
0.665969
0.665969
0.665969
0.665969
0.665969
0.665969
0.665968
0.665968
0.665968
0.665992
0.665992
0.665992
0.665992
0.665991
0.665991
0.665991
0.665991
0.665991
0.666104
0.66573
0.665383
0.665042
0.664697
0.664343
0.66405
0.663697
0.66349
0.663365
0.663288
0.663237
0.663202
0.663177
0.663157
0.66314
0.663124
0.663109
0.663095
0.663082
0.663078
0.66308
0.663083
0.663084
0.663086
0.761583
0.761555
0.761502
0.761427
0.761332
0.761256
0.761193
0.761141
0.761098
0.761065
0.761044
0.761036
0.761035
0.761036
0.761036
0.761036
0.761036
0.761036
0.761036
0.761036
0.761036
0.761036
0.761036
0.761036
0.761036
0.761036
0.761036
0.761036
0.761036
0.761036
0.761036
0.761036
0.761036
0.761036
0.761036
0.761036
0.761036
0.761036
0.761036
0.761036
0.761036
0.761036
0.761036
0.761036
0.761036
0.761036
0.761036
0.761036
0.761036
0.761036
0.761037
0.761038
0.761038
0.761038
0.761036
0.761035
0.761034
0.761033
0.761032
0.761032
0.761032
0.761033
0.761034
0.761035
0.761037
0.76104
0.761043
0.761048
0.761052
0.761058
0.861472
0.860159
0.857681
0.853982
0.849366
0.843723
0.837021
0.829249
0.820408
0.810883
0.799998
0.787727
0.774669
0.774687
0.774775
0.77488
0.774997
0.775125
0.775264
0.775408
0.775559
0.775717
0.775882
0.77605
0.776222
0.776395
0.77657
0.776747
0.776922
0.777096
0.777275
0.777458
0.777647
0.77784
0.778038
0.77824
0.778448
0.778659
0.778877
0.779099
0.779327
0.779556
0.779785
0.780364
0.780563
0.780762
0.780961
0.781162
0.781826
0.782229
0.782552
0.783083
0.78373
0.784451
0.78522
0.786035
0.786839
0.787628
0.788406
0.789171
0.789926
0.790668
0.791395
0.792105
0.792795
0.792851
0.792906
0.792961
0.793018
0.79276
0.862631
0.86212
0.861037
0.859209
0.859073
0.85889
0.858698
0.858512
0.858335
0.858168
0.85801
0.857862
0.857713
0.857561
0.857405
0.857243
0.857073
0.856898
0.856729
0.856558
0.85639
0.856211
0.856032
0.855855
0.855679
0.855506
0.855334
0.855165
0.854999
0.854847
0.854698
0.85455
0.854405
0.85426
0.854117
0.853975
0.853832
0.85369
0.853549
0.853407
0.853266
0.853125
0.852984
0.852844
0.852704
0.852565
0.852408
0.853592
0.856728
0.859684
0.862494
0.865262
0.867357
0.868988
0.868817
0.869098
0.869103
0.868917
0.868593
0.868155
0.867619
0.866997
0.866296
0.86552
0.864674
0.863761
0.862786
0.861752
0.860658
0.859507
0.991714
0.99144
0.991152
0.990836
0.990497
0.990136
0.989752
0.989346
0.988968
0.988604
0.988248
0.9879
0.987556
0.987216
0.986879
0.986546
0.986216
0.985888
0.985563
0.98524
0.984919
0.984599
0.984282
0.983965
0.98365
0.983336
0.983023
0.982711
0.982399
0.982088
0.981777
0.981467
0.981156
0.980845
0.980534
0.980223
0.97991
0.979597
0.979283
0.978968
0.978652
0.978333
0.978013
0.977691
0.977367
0.977039
0.97671
0.976377
0.976041
0.975701
0.975358
0.975012
0.974659
0.974301
0.973937
0.973567
0.973192
0.972812
0.972425
0.972033
0.971616
0.971248
0.970869
0.970481
0.970085
0.969682
0.969272
0.968855
0.968431
0.967998
0.972306
0.970097
0.967087
0.963532
0.959979
0.956494
0.953113
0.94985
0.946694
0.946463
0.946183
0.945782
0.945311
0.944832
0.944351
0.943872
0.943402
0.942909
0.942461
0.942077
0.941743
0.941402
0.941045
0.940676
0.940295
0.939902
0.939498
0.939082
0.938654
0.938214
0.937761
0.937295
0.936816
0.936322
0.935813
0.935289
0.934747
0.934188
0.933611
0.933014
0.932397
0.931758
0.931096
0.930409
0.929697
0.928958
0.92822
0.927464
0.926684
0.925876
0.92529
0.92426
0.923309
0.922477
0.921664
0.92087
0.920086
0.919317
0.917137
0.916288
0.915746
0.915091
0.914601
0.914071
0.913754
0.913318
0.913446
0.913082
0.912948
0.912716
1.0121
1.00994
1.00734
1.00309
0.997159
0.990306
0.984494
0.979284
0.974399
0.969672
0.968747
0.96793
0.965817
0.961136
0.956319
0.951456
0.946591
0.940734
0.935096
0.928925
0.922814
0.914947
0.904403
0.892305
0.885166
0.875867
0.8653
0.853081
0.838582
0.833115
0.826624
0.81897
0.81102
0.80234
0.793006
0.781567
0.768909
0.755667
0.741979
0.727915
0.713489
0.701678
0.686997
0.669335
0.648793
0.627661
0.607022
0.587289
0.576972
0.568552
0.562303
0.558171
0.555441
0.555627
0.557783
0.561959
0.567908
0.575399
0.584262
0.595037
0.605526
0.608613
0.614894
0.618777
0.622647
0.625132
0.626799
0.628572
0.63047
0.632586
0.336913
0.343021
0.349915
0.35485
0.356376
0.357238
0.358614
0.360476
0.366026
0.372841
0.37837
0.38135
0.384848
0.388435
0.392179
0.396097
0.400179
0.4044
0.408738
0.413185
0.417645
0.422095
0.426224
0.430517
0.435038
0.440064
0.443823
0.446092
0.446628
0.447576
0.448669
0.44883
0.45006
0.459325
0.470096
0.481642
0.49359
0.505597
0.51751
0.529159
0.538477
0.545123
0.54765
0.546276
0.53888
0.535455
0.535599
0.539541
0.544049
0.548018
0.549491
0.552711
0.555727
0.557947
0.560309
0.557023
0.552036
0.546585
0.541115
0.532628
0.519997
0.520237
0.520128
0.518309
0.519009
0.521452
0.524789
0.5287
0.532734
0.535916
0.654123
0.663131
0.667211
0.671489
0.669298
0.666287
0.660137
0.653543
0.647758
0.648408
0.655997
0.667142
0.678806
0.69117
0.702239
0.707713
0.706085
0.700468
0.696145
0.695906
0.695362
0.695287
0.699662
0.709289
0.719831
0.728731
0.736644
0.742819
0.746823
0.746017
0.74469
0.743238
0.744112
0.744682
0.74517
0.745942
0.746883
0.74842
0.749294
0.750059
0.750664
0.751068
0.751963
0.753201
0.754942
0.756932
0.75755
0.75846
0.759589
0.760829
0.762138
0.763526
0.764908
0.763034
0.762084
0.761903
0.761777
0.761722
0.7617
0.7625
0.76307
0.764108
0.764969
