-0.0355023
-0.0302542
-0.022938
-0.019449
-0.0194643
-0.01948
-0.0194984
-0.0202656
-0.0202234
-0.0204333
-0.0204112
-0.0204044
-0.0203948
-0.0203834
-0.0203716
-0.0203604
-0.0203502
-0.0203411
-0.0203333
-0.0203268
-0.0203213
-0.020317
-0.0203136
-0.0203112
-0.0203094
-0.0203083
-0.020317
-0.0203253
-0.020333
-0.0203404
-0.0203473
-0.0203537
-0.0203598
-0.0203654
-0.0203706
-0.0203746
-0.0203787
-0.0203827
-0.0203867
-0.0203905
-0.0203943
-0.0203979
-0.0204014
-0.0204047
-0.0204078
-0.0204108
-0.0204136
-0.020416
-0.0204352
-0.0204371
-0.0204387
-0.0204399
-0.020441
-0.0204417
-0.0204421
-0.0204422
-0.0204421
-0.0204418
-0.0204412
-0.0204404
-0.0204394
-0.0204382
-0.0204369
-0.0204354
-0.0204356
-0.0204338
-0.0204319
-0.02043
-0.0204283
-0.0204267
-0.0196097
-0.0160243
-0.0111643
-0.0053442
0.000773006
0.00671656
0.0123609
0.0176524
0.0225761
0.0271373
0.0313518
0.0352399
0.0388238
0.0421241
0.0451599
0.0479529
0.0505228
0.0528873
0.0550626
0.0570639
0.0589048
0.0605983
0.0621559
0.0635887
0.0649064
0.0661183
0.0672327
0.0682575
0.0691998
0.0700661
0.0708624
0.0715943
0.072267
0.072885
0.0734528
0.0739743
0.0744532
0.0748928
0.0752962
0.0756664
0.0760058
0.0763169
0.076602
0.0768631
0.077102
0.0773204
0.0775201
0.0777024
0.0778686
0.0780201
0.078158
0.0782274
0.0782674
0.0782903
0.0782897
0.0782892
0.0782889
0.0782886
0.0782883
0.0782881
0.0782878
0.0782876
0.078288
0.0782874
0.0782859
0.0782835
0.0782784
0.0782828
0.0782809
0.0782798
-0.0208254
-0.0208414
-0.0179829
-0.0130433
-0.00586242
0.00361619
0.0154265
0.0295777
0.0460731
0.0630833
0.0778356
0.0899972
0.099461
0.106196
0.111003
0.115832
0.120527
0.124967
0.129107
0.132935
0.136456
0.139683
0.142662
0.145451
0.148042
0.15044
0.152654
0.154695
0.156575
0.158307
0.159901
0.161368
0.162718
0.163961
0.165104
0.166157
0.167126
0.168018
0.16884
0.169596
0.170294
0.170937
0.171529
0.172075
0.172579
0.173043
0.173472
0.173867
0.174232
0.174568
0.174878
0.175052
0.175151
0.175207
0.175239
0.175258
0.175257
0.175257
0.175257
0.175257
0.175258
0.175254
0.175255
0.175255
0.175255
0.175255
0.175255
0.175255
0.175255
0.175255
0.0785234
0.078512
0.0829101
0.0895401
0.098783
0.110753
0.125508
0.143073
0.158285
0.170508
0.18016
0.188602
0.196117
0.202883
0.209014
0.214595
0.219699
0.224417
0.228771
0.232784
0.236479
0.239881
0.243012
0.245893
0.248544
0.250983
0.253227
0.255291
0.25719
0.258938
0.260545
0.262024
0.263385
0.264637
0.265788
0.266848
0.267823
0.26872
0.269545
0.270304
0.271003
0.271645
0.272237
0.272781
0.273281
0.273742
0.274166
0.274555
0.274914
0.275244
0.275548
0.275715
0.275809
0.275862
0.275892
0.275909
0.275909
0.275909
0.275909
0.275909
0.275909
0.275909
0.275909
0.275909
0.275909
0.275909
0.275909
0.275909
0.275909
0.275909
0.175209
0.179196
0.185802
0.194751
0.20599
0.219502
0.234498
0.247543
0.258798
0.268748
0.277684
0.285778
0.293154
0.299901
0.306087
0.311765
0.316983
0.32178
0.326191
0.330248
0.333979
0.337412
0.34057
0.343475
0.346147
0.348605
0.350867
0.352947
0.354861
0.356622
0.358242
0.359731
0.361102
0.362363
0.363523
0.364589
0.365571
0.366473
0.367304
0.368067
0.36877
0.369415
0.370009
0.370556
0.371058
0.37152
0.371945
0.372336
0.372695
0.373025
0.373328
0.373494
0.373491
0.37349
0.373489
0.373488
0.373486
0.373484
0.373481
0.373479
0.373476
0.373473
0.373469
0.373466
0.373462
0.37366
0.373689
0.37364
0.373576
0.373543
0.274797
0.274836
0.276232
0.279984
0.286134
0.294956
0.30655
0.32101
0.33835
0.354683
0.368232
0.378473
0.386901
0.3942
0.400668
0.406488
0.411779
0.416622
0.421066
0.425142
0.428884
0.432324
0.435486
0.438394
0.441069
0.443529
0.445793
0.447875
0.44979
0.451552
0.453173
0.454665
0.456036
0.457298
0.458459
0.459527
0.460509
0.461413
0.462243
0.463008
0.463711
0.464357
0.464952
0.465498
0.466001
0.466463
0.466888
0.467279
0.467638
0.467968
0.468272
0.468437
0.468531
0.46853
0.468529
0.468529
0.468528
0.468528
0.468528
0.468528
0.468528
0.468528
0.468528
0.468554
0.468542
0.468536
0.468532
0.46853
0.468534
0.468534
0.369057
0.369047
0.372658
0.378118
0.385753
0.395681
0.407936
0.422522
0.439441
0.455015
0.468131
0.478599
0.486416
0.493256
0.499463
0.505118
0.510275
0.514983
0.519327
0.523351
0.527071
0.530495
0.533726
0.53665
0.539311
0.541763
0.544022
0.546101
0.548014
0.549775
0.551395
0.552885
0.554256
0.555518
0.556678
0.557746
0.558728
0.559631
0.560462
0.561227
0.56193
0.562577
0.563172
0.563719
0.564222
0.564685
0.565111
0.565503
0.565863
0.566195
0.566499
0.566666
0.566761
0.566759
0.566759
0.566759
0.566758
0.566758
0.566758
0.566759
0.566759
0.566759
0.566759
0.566759
0.566759
0.566759
0.566759
0.566759
0.566759
0.566759
0.467509
0.472214
0.480066
0.490741
0.504174
0.518484
0.531161
0.542553
0.55289
0.562327
0.570978
0.578921
0.586215
0.592917
0.599078
0.604744
0.609955
0.614748
0.619157
0.623213
0.626945
0.630377
0.633535
0.63644
0.639113
0.641572
0.643834
0.645915
0.647829
0.649591
0.651212
0.652701
0.654072
0.655334
0.656496
0.657587
0.658593
0.659486
0.660311
0.661073
0.661774
0.66242
0.663015
0.663562
0.664065
0.664528
0.664954
0.665346
0.665707
0.666038
0.666343
0.666339
0.666338
0.666337
0.666337
0.666336
0.666336
0.666336
0.666336
0.666336
0.666336
0.666336
0.666336
0.666336
0.666336
0.666336
0.666337
0.666337
0.666337
0.666337
0.566447
0.570434
0.577037
0.585975
0.597195
0.610708
0.626001
0.639189
0.650214
0.659989
0.668764
0.676688
0.683916
0.690596
0.696747
0.702407
0.707615
0.712406
0.716814
0.720869
0.7246
0.728032
0.73119
0.734094
0.736767
0.739225
0.741487
0.743566
0.74548
0.74724
0.74886
0.750351
0.751722
0.752983
0.754144
0.75521
0.756215
0.757201
0.758036
0.758762
0.759444
0.760079
0.760668
0.761212
0.761714
0.761712
0.761709
0.761705
0.761701
0.761695
0.761689
0.761681
0.761675
0.761667
0.761658
0.761649
0.761641
0.761633
0.761625
0.761618
0.761611
0.761604
0.761598
0.761592
0.761586
0.761583
0.761583
0.761583
0.761583
0.761583
0.663087
0.667782
0.675623
0.686282
0.699697
0.713773
0.726292
0.737548
0.747768
0.757114
0.765697
0.773604
0.780887
0.787581
0.793735
0.799394
0.8046
0.809388
0.813793
0.817845
0.821573
0.825003
0.828158
0.831062
0.833733
0.836191
0.838452
0.840533
0.842448
0.84421
0.845832
0.847324
0.848698
0.849962
0.851125
0.852197
0.853183
0.854091
0.854927
0.855698
0.856407
0.85706
0.857663
0.858217
0.858729
0.859201
0.859635
0.860037
0.860407
0.86075
0.861067
0.86125
0.861351
0.861404
0.861432
0.861445
0.861451
0.861452
0.861452
0.86145
0.861449
0.861447
0.861447
0.861447
0.861447
0.861449
0.861451
0.861455
0.861459
0.861465
0.761065
0.761107
0.76459
0.764721
0.764887
0.76508
0.765298
0.76554
0.765804
0.767702
0.767896
0.768155
0.768422
0.768659
0.76958
0.769805
0.770036
0.770278
0.77053
0.773123
0.778247
0.785766
0.793904
0.800759
0.80641
0.811044
0.814853
0.818105
0.821132
0.824012
0.826794
0.829517
0.83221
0.834897
0.837576
0.840259
0.842965
0.845711
0.84851
0.851373
0.854312
0.856364
0.857605
0.858723
0.859286
0.859567
0.85975
0.859866
0.860092
0.860327
0.86057
0.860816
0.861067
0.861324
0.861586
0.861782
0.861924
0.862067
0.86221
0.862353
0.862497
0.86264
0.862783
0.862925
0.863068
0.863542
0.863669
0.863579
0.863367
0.863093
0.7925
0.792293
0.794877
0.795058
0.797415
0.802319
0.809696
0.819644
0.832324
0.847835
0.86614
0.887191
0.905956
0.921825
0.93455
0.944054
0.950333
0.953411
0.953975
0.955599
0.957932
0.9606
0.963387
0.966136
0.968763
0.971236
0.973546
0.975693
0.977683
0.979534
0.981247
0.982829
0.984291
0.985642
0.986889
0.988042
0.98911
0.9901
0.991018
0.991872
0.992666
0.993405
0.994093
0.994735
0.995334
0.995894
0.995731
0.995555
0.995373
0.995209
0.995064
0.994932
0.99482
0.994718
0.994618
0.9945
0.994375
0.994242
0.994099
0.993946
0.993783
0.993611
0.993429
0.993239
0.99304
0.992832
0.992618
0.992402
0.992179
0.99195
0.858304
0.859604
0.862779
0.867827
0.874811
0.883755
0.894667
0.907533
0.918622
0.927978
0.935998
0.942975
0.949117
0.954574
0.959448
0.963813
0.967728
0.971239
0.974384
0.977198
0.979709
0.981943
0.983925
0.985675
0.987213
0.988558
0.989725
0.99073
0.991587
0.992307
0.992904
0.993387
0.993767
0.994052
0.99425
0.99437
0.994418
0.9944
0.994323
0.994191
0.99401
0.993785
0.993519
0.993216
0.99288
0.992515
0.992124
0.991708
0.991272
0.990818
0.9904
0.989924
0.989355
0.988688
0.987938
0.987124
0.986261
0.985362
0.984434
0.983483
0.982501
0.982039
0.981277
0.980338
0.979299
0.978201
0.977064
0.975897
0.974702
0.973481
0.96756
0.970906
0.976771
0.98419
0.991363
0.998068
1.00422
1.00979
1.00984
1.00987
1.00982
1.01116
1.01393
1.01804
1.02362
1.03078
1.03822
1.0449
1.05111
1.05691
1.06156
1.06482
1.06716
1.06898
1.07043
1.07162
1.07259
1.07339
1.07404
1.07455
1.07493
1.0752
1.07537
1.07544
1.07542
1.07532
1.07515
1.0749
1.0746
1.07423
1.07381
1.07334
1.07282
1.07226
1.07166
1.07102
1.06791
1.06487
1.06186
1.05884
1.0556
1.05268
1.05152
1.05124
1.05055
1.0496
1.04847
1.04718
1.04588
1.04408
1.04354
1.04151
1.03943
1.03699
1.03444
1.03141
1.02845
1.02456
1.0208
1.01625
0.911704
0.911333
0.912159
0.912322
0.919759
0.927604
0.932916
0.93547
0.935818
0.934212
0.929926
0.924752
0.917604
0.915862
0.913672
0.910637
0.907341
0.903673
0.899177
0.893054
0.887013
0.880809
0.873666
0.865342
0.854887
0.843034
0.830175
0.816108
0.800698
0.794761
0.79269
0.788778
0.782968
0.77496
0.764503
0.752423
0.741201
0.728953
0.715743
0.700761
0.682563
0.662458
0.641377
0.620301
0.599838
0.577872
0.555249
0.531508
0.50579
0.479207
0.451442
0.424296
0.401473
0.380456
0.360552
0.341952
0.326111
0.312999
0.302609
0.295005
0.29211
0.293452
0.297595
0.307942
0.3167
0.324042
0.329524
0.333067
0.335228
0.336512
0.634908
0.632184
0.62924
0.627146
0.628532
0.629665
0.630034
0.629613
0.629481
0.630358
0.63058
0.629875
0.626156
0.620662
0.613683
0.60531
0.595545
0.584132
0.57056
0.554782
0.536729
0.516117
0.493265
0.47686
0.461151
0.445203
0.428744
0.413346
0.397664
0.382127
0.368641
0.357154
0.351666
0.352315
0.35643
0.362826
0.371315
0.382431
0.395421
0.409985
0.426261
0.436396
0.437485
0.430147
0.425778
0.432
0.445545
0.460792
0.478311
0.498124
0.506167
0.516801
0.529008
0.539872
0.550734
0.559249
0.566107
0.572424
0.578087
0.580551
0.581109
0.581381
0.581596
0.582042
0.58658
0.596731
0.609611
0.623033
0.635286
0.645788
0.538218
0.534756
0.533871
0.532679
0.531401
0.529045
0.526586
0.523933
0.520397
0.520383
0.523021
0.528255
0.535705
0.539188
0.538286
0.536467
0.532398
0.533638
0.53311
0.531331
0.527647
0.523916
0.522335
0.52454
0.530832
0.541366
0.553043
0.565176
0.575565
0.587004
0.599284
0.61194
0.625963
0.640215
0.654735
0.669105
0.67807
0.686194
0.693902
0.701385
0.708891
0.714198
0.716879
0.717198
0.716992
0.717217
0.715235
0.71295
0.710402
0.707451
0.703925
0.699821
0.695121
0.691576
0.68879
0.686282
0.683485
0.68039
0.680658
0.68075
0.680827
0.680537
0.680361
