0
0
0
0
0
0
0
0
0
0
0
0
0
0
0
0
0
0
0
0
0
6.88269e-15
3.45211e-14
7.59095e-14
1.23145e-13
1.78935e-13
2.47327e-13
3.45513e-13
7.35772e-09
2.89137e-08
1.30535e-05
5.74135e-05
0.000143286
0.00027986
0.000475399
0.000737293
0.00107212
0.00148569
0.00198311
0.00256879
0.00324656
0.00401431
0.0048646
0.00579035
0.0067849
0.00784191
0.00895541
0.0101198
0.0113296
0.0125799
0.0138659
0.0151832
0.0165274
0.0178945
0.0192809
0.0206829
0.0220972
0.0235206
0.0249487
0.0263772
0.0278053
0.0292323
0.0306557
0.0320733
0.033483
0.0348828
0.0362709
0.0376457
0.0390053
0.0403484
0.0416734
0.042979
0.044264
0.0455271
0.0467671
0.0479832
0.0491741
0.0503391
0.0514772
0.0525875
0.0536692
0.0547217
0.0557441
0.0567358
0.0576961
0.0586244
0.05952
0.0603825
0.0612111
0.0620054
0.0627648
0.0634932
0.0641993
0.0648912
0.0655771
0.0662649
0.0669619
0.0676756
0.0684127
0.069169
0.0699523
0.0707812
0.0716614
0.0725983
0.073597
0.0746623
0.0757985
0.0770097
0.0782991
0.0796699
0.0811244
0.0826571
0.0842554
0.0859073
0.0876011
0.0893259
0.091071
0.0928266
0.0945829
0.0963308
0.0980617
0.0997672
0.10144
0.103071
0.104655
0.106185
0.107654
0.109056
0.110391
0.111657
0.112845
0.113944
0.114948
0.115854
0.116658
0.117355
0.117943
0.118416
0.118773
0.119009
0.119197
0.11941
0.119645
0.119897
0.120165
0.120444
0.120732
0.121026
0.121324
0.121622
0.121919
0.122211
0.122497
0.122774
0.123041
0.123295
0.123534
0.123757
0.123961
0.124144
0.124306
0.124448
0.124578
0.124703
0.124831
0.124968
0.12512
0.125294
0.125496
0.125718
0.125969
0.126267
0.126617
0.127024
0.127492
0.128024
0.128624
0.129296
0.130042
0.130864
0.131763
0.132735
0.133764
0.134839
0.135947
0.137076
0.138216
0.139355
0.140483
0.141591
0.142669
0.143708
0.144701
0.145639
0.146514
0.14732
0.14805
0.148696
0.149261
0.149744
0.150133
0.150414
0.150582
0.150632
0.15056
0.150362
0.150033
0.149569
0.148966
0.148221
0.147429
0.14669
0.145998
0.14535
0.144741
0.144169
0.143629
0.143118
0.142633
0.142171
0.141728
0.141303
0.140891
0.14049
0.140099
0.139713
0.139331
0.138951
0.138569
0.138184
0.137794
0.137401
0.137012
0.136634
0.136274
0.135938
0.135632
0.135361
0.135133
0.134939
0.134786
0.134694
0.134667
0.134709
0.134824
0.135015
0.135286
0.13564
0.136079
0.136605
0.13722
0.137916
0.138682
0.139502
0.140366
0.141261
0.142175
0.143099
0.144021
0.144931
0.145821
0.146681
0.147502
0.148277
0.148998
0.149658
0.150249
0.150766
0.151208
0.151576
0.151857
0.152038
0.152114
0.152079
0.15193
0.151661
0.151268
0.150748
0.150097
0.149309
0.14848
0.147703
0.146976
0.146293
0.145651
0.145047
0.144475
0.143934
0.14342
0.142929
0.142459
0.142007
0.141569
0.141144
0.140728
0.140319
0.139915
0.139512
0.13911
0.138705
0.138295
0.137883
0.137475
0.13708
0.136702
0.136349
0.136026
0.135741
0.135497
0.135288
0.135122
0.135016
0.134976
0.135005
0.135107
0.135287
0.135546
0.135889
0.136318
0.136834
0.137438
0.138126
0.138882
0.139694
0.140549
0.141435
0.142342
0.143258
0.144173
0.145076
0.145959
0.146813
0.147628
0.148397
0.149113
0.149767
0.150354
0.150866
0.151303
0.151667
0.151944
0.152121
0.152193
0.152155
0.152002
0.15173
0.151335
0.150812
0.150158
0.149368
0.148536
0.147758
0.147029
0.146344
0.1457
0.145094
0.144521
0.143978
0.143462
0.14297
0.142499
0.142045
0.141606
0.141179
0.140762
0.140352
0.139946
0.139543
0.139139
0.138733
0.138322
0.137909
0.1375
0.137104
0.136725
0.136371
0.136048
0.135761
0.135517
0.135308
0.13514
0.135034
0.134993
0.135021
0.135123
0.135302
0.135561
0.135903
0.136331
0.136847
0.137451
0.138138
0.138893
0.139705
0.140559
0.141446
0.142352
0.143268
0.144182
0.145085
0.145968
0.146821
0.147636
0.148405
0.14912
0.149774
0.15036
0.150872
0.151309
0.151672
0.15195
0.152126
0.152198
0.15216
0.152007
0.151735
0.151339
0.150816
0.150162
0.149372
0.14854
0.147762
0.147032
0.146348
0.145704
0.145097
0.144524
0.143981
0.143465
0.142973
0.142501
0.142047
0.141608
0.141182
0.140764
0.140354
0.139948
0.139545
0.139141
0.138735
0.138324
0.137911
0.137502
0.137105
0.136727
0.136373
0.136049
0.135763
0.135518
0.135309
0.135142
0.135035
0.134994
0.135022
0.135124
0.135303
0.135562
0.135904
0.136332
0.136847
0.137452
0.138138
0.138894
0.139705
0.14056
0.141446
0.142353
0.143268
0.144182
0.145086
0.145968
0.146821
0.147636
0.148405
0.149121
0.149775
0.150361
0.150873
0.151309
0.151673
0.15195
0.152127
0.152198
0.15216
0.152007
0.151735
0.15134
0.150817
0.150162
0.149372
0.148541
0.147762
0.147033
0.146348
0.145704
0.145097
0.144524
0.143981
0.143465
0.142973
0.142501
0.142048
0.141609
0.141182
0.140765
0.140354
0.139949
0.139545
0.139141
0.138735
0.138324
0.137911
0.137502
0.137105
0.136727
0.136373
0.13605
0.135763
0.135518
0.135309
0.135142
0.135035
0.134994
0.135022
0.135124
0.135303
0.135562
0.135904
0.136332
0.136847
0.137452
0.138138
0.138894
0.139705
0.14056
0.141446
0.142353
0.143268
0.144182
0.145086
0.145968
0.146821
0.147636
0.148405
0.149121
0.149775
0.150361
0.150873
0.15131
0.151673
0.15195
0.152127
0.152198
0.15216
0.152007
0.151735
0.15134
0.150817
0.150162
0.149372
0.148541
0.147762
0.147033
0.146348
0.145704
0.145097
0.144524
0.143981
0.143465
0.142973
0.142501
0.142048
0.141609
0.141182
0.140765
0.140354
0.139949
0.139545
0.139141
0.138735
0.138324
0.137911
0.137502
0.137105
0.136727
0.136373
0.13605
0.135763
0.135518
0.135309
0.135142
0.135035
0.134994
0.135022
0.135124
0.135303
0.135562
0.135904
0.136332
0.136847
0.137452
0.138138
0.138894
0.139705
0.14056
0.141446
0.142353
0.143268
0.144182
0.145086
0.145968
0.146821
0.147636
0.148405
0.149121
0.149775
0.150361
0.150873
0.15131
0.151673
0.15195
0.152127
0.152198
0.15216
0.152007
0.151735
0.15134
0.150817
0.150162
0.149372
0.148541
0.147762
0.147033
0.146348
0.145704
0.145097
0.144524
0.143981
0.143465
0.142973
0.142501
0.142048
0.141609
0.141182
0.140765
0.140354
0.139949
0.139545
0.139141
0.138735
0.138324
0.137911
0.137502
0.137105
0.136727
0.136373
0.13605
0.135763
0.135518
0.135309
0.135142
0.135035
0.134994
0.135022
0.135124
0.135303
0.135562
0.135904
0.136332
0.136847
0.137452
0.138138
0.138894
0.139705
0.14056
0.141446
0.142353
0.143268
0.144182
0.145086
0.145968
0.146821
0.147636
0.148405
0.149121
0.149775
0.150361
0.150873
0.15131
0.151673
0.15195
0.152127
0.152198
0.15216
0.152007
0.151735
0.15134
0.150817
0.150162
0.149372
0.148541
0.147762
0.147033
0.146348
0.145704
0.145097
0.144524
0.143981
0.143465
0.142973
0.142501
0.142048
0.141609
0.141182
0.140765
0.140354
0.139949
0.139545
0.139141
0.138735
0.138324
0.137911
0.137502
0.137105
0.136727
0.136373
0.13605
0.135763
0.135518
0.135309
0.135142
0.135035
0.134994
0.135022
0.135124
0.135303
0.135562
0.135904
0.136332
0.136847
0.137452
0.138138
0.138894
0.139705
0.14056
0.141446
0.142353
0.143268
0.144182
0.145086
0.145968
0.146821
0.147636
0.148405
0.149121
0.149775
0.150361
0.150873
0.15131
0.151673
0.15195
0.152127
0.152198
0.15216
0.152007
0.151735
0.15134
0.150817
0.150162
0.149372
0.148541
0.147762
0.147033
0.146348
0.145704
0.145097
0.144524
0.143981
0.143465
0.142973
0.142501
0.142048
0.141609
0.141182
0.140765
0.140354
0.139949
0.139545
0.139141
0.138735
0.138324
0.137911
0.137502
0.137105
0.136727
0.136373
0.13605
0.135763
0.135518
0.135309
0.135142
0.135035
0.134994
0.135022
0.135124
0.135303
0.135562
0.135904
0.136332
0.136847
0.137452
0.138138
0.138894
0.139705
0.14056
0.141446
0.142353
0.143268
0.144182
0.145086
0.145968
0.146821
0.147636
0.148405
0.149121
0.149775
0.150361
0.150873
0.15131
0.151673
0.15195
0.152127
0.152198
0.15216
0.152007
0.151735
0.15134
0.150817
0.150162
0.149372
0.148541
0.147762
0.147033
0.146348
0.145704
0.145097
0.144524
0.143981
0.143465
0.142973
0.142501
0.142048
0.141609
0.141182
0.140765
0.140354
0.139949
0.139545
0.139141
0.138735
0.138324
0.137911
0.137502
0.137105
0.136727
0.136373
0.13605
0.135763
0.135518
0.135309
0.135142
0.135035
0.134994
0.135022
0.135124
0.135303
0.135562
0.135904
0.136332
0.136847
0.137452
0.138138
0.138894
0.139705
0.14056
0.141446
0.142353
0.143268
0.144182
0.145086
0.145968
0.146821
0.147636
0.148405
0.149121
0.149775
0.150361
0.150873
0.15131
0.151673
0.15195
0.152127
0.152198
0.15216
0.152007
0.151735
0.15134
0.150817
0.150162
0.149372
0.148541
0.147762
0.147033
0.146348
0.145704
0.145097
0.144524
0.143981
0.143465
0.142973
0.142501
0.142048
0.141609
0.141182
0.140765
0.140354
0.139949
0.139545
0.139141
0.138735
0.138324
0.137911
0.137502
0.137105
0.136727
0.136373
0.13605
0.135763
0.135518
0.135309
0.135142
0.135035
0.134994
0.135022
0.135124
0.135303
0.135562
0.135904
0.136332
0.136847
0.137452
0.138138
0.138894
0.139705
0.14056
0.141446
0.142353
0.143268
0.144182
0.145086
0.145968
0.146821
0.147636
0.148405
0.149121
0.149775
0.150361
0.150873
0.15131
0.151673
0.15195
0.152127
0.152198
0.15216
0.152007
0.151735
0.15134
0.150817
0.150162
0.149372
0.148541
0.147762
0.147033
0.146348
0.145704
0.145097
0.144524
0.143981
0.143465
0.142973
0.142501
0.142048
0.141609
0.141182
0.140765
0.140354
0.139949
0.139545
0.139141
0.138735
0.138324
0.137911
0.137502
0.137105
0.136727
0.136373
0.13605
0.135763
0.135518
0.135309
0.135142
0.135035
0.134994
0.135022
0.135124
0.135303
0.135562
0.135904
0.136332
0.136847
0.137452
0.138138
0.138894
0.139705
0.14056
0.141446
0.142353
0.143268
0.144182
0.145086
0.145968
0.146821
0.147636
0.148405
0.149121
0.149775
0.150361
0.150873
0.15131
0.151673
0.15195
0.152127
0.152198
0.15216
0.152007
0.151735
0.15134
0.150817
0.150162
0.149372
0.148541
0.147762
0.147033
0.146348
0.145704
0.145097
0.144524
0.143981
0.143465
0.142973
0.142501
0.142048
0.141609
0.141182
0.140765
0.140354
0.139949
0.139545
0.139141
0.138735
0.138324
0.137911
0.137502
0.137105
0.136727
0.136373
0.13605
0.135763
0.135518
0.135309
0.135142
0.135035
0.134994
0.135022
0.135124
0.135303
0.135562
0.135904
0.136332
0.136847
0.137452
0.138138
0.138894
0.139705
0.14056
0.141446
0.142353
0.143268
0.144182
0.145086
0.145968
0.146821
0.147636
0.148405
0.149121
0.149775
0.150361
0.150873
0.15131
0.151673
0.15195
0.152127
0.152198
0.15216
0.152007
0.151735
0.15134
0.150817
0.150162
0.149372
0.148541
0.147762
0.147033
0.146348
0.145704
0.145097
0.144524
0.143981
0.143465
0.142973
0.142501
0.142048
0.141609
0.141182
0.140765
0.140354
0.139949
0.139545
0.139141
0.138735
0.138324
0.137911
0.137502
0.137105
0.136727
0.136373
0.13605
0.135763
0.135518
0.135309
0.135142
0.135035
0.134994
0.135022
0.135124
0.135303
0.135562
0.135904
0.136332
0.136847
0.137452
0.138138
0.138894
0.139705
0.14056
0.141446
0.142353
0.143268
0.144182
0.145086
0.145968
0.146821
0.147636
0.148405
0.149121
0.149775
0.150361
0.150873
0.15131
0.151673
0.15195
0.152127
0.152198
