0
-0.00393315
-0.00259744
-0.000644399
-0.0755827
-0.0617258
-0.0335332
-0.0114269
0.0116845
-0.0103798
-0.00883409
-0.0176406
-0.0250352
-0.0312807
-0.0367615
-0.0421322
-0.0473027
-0.0523533
-0.0572963
-0.0621438
-0.0669098
-0.0716089
-0.0762252
-0.0808313
-0.0852746
-0.089871
-0.0947014
-0.0992477
-0.103821
-0.108434
-0.113098
-0.117822
-0.122616
-0.1275
-0.132521
-0.122731
-0.115338
-0.107943
-0.10057
-0.0932232
-0.0858986
-0.078586
-0.071282
-0.063985
-0.0566933
-0.0494113
-0.0421397
-0.0348767
-0.028092
-0.0202631
-0.0129962
-0.00570919
0.00161525
0.00900001
0.0164084
0.0238429
0.031308
0.0388081
0.0463479
0.0539317
0.0615638
0.0692459
0.0769879
0.0847952
0.0923822
0.100666
0.108688
0.116799
0.124965
0.133211
0.141578
0.179978
0.179655
0.185543
0.172247
0.166106
0.157714
0.147986
0.137645
0.127121
0.116646
0.106338
0.0962332
0.0863524
0.0795898
0.074735
0.0731438
0.0717364
0.0704519
0.0692786
0.0682035
0.0672128
0.0663129
0.0654943
0.0647563
0.0640983
0.0635194
0.0630192
0.0625974
0.0622538
0.0619784
0.0617719
0.0616488
0.0616083
0.0616503
0.0617748
0.061982
0.0622722
0.0626456
0.0631021
0.0636414
0.064263
0.064959
0.0657149
0.0665176
0.0673551
0.0682164
0.0690909
0.0699687
0.0708402
0.0716961
0.072034
0.0765184
0.079609
0.0722793
0.0681862
0.0634158
0.0582524
0.0528524
0.0473014
0.041645
0.0359017
0.0359507
0.0358997
0.0357714
0.0354983
0.0355785
0.0568737
0.066438
0.0732311
0.0802961
0.0605966
0.0981456
0.134767
0.171358
0.203587
0.233581
0.257685
0.28135
0.28624
0.254546
0.222079
0.189957
0.158405
0.139696
0.14877
0.152908
0.15353
0.152879
0.151667
0.15026
0.14885
0.14479
0.139047
0.134006
0.129564
0.125618
0.122924
0.120766
0.118877
0.11719
0.115676
0.114328
0.113132
0.112078
0.111159
0.110478
0.110069
0.109931
0.110056
0.110441
0.111082
0.111977
0.113118
0.114503
0.116127
0.117989
0.120089
0.122426
0.125004
0.127827
0.129817
0.136415
0.14215
0.147561
0.153018
0.139518
0.130322
0.122688
0.11925
0.120038
0.120035
0.118987
0.118903
0.11877
0.118597
0.118235
0.117941
0.117527
0.116995
0.116347
0.0920525
0.133049
0.169145
0.20545
0.230544
0.253716
0.276381
0.248439
0.21701
0.193333
0.187149
0.18247
0.17878
0.175708
0.173049
0.16921
0.161164
0.155127
0.150306
0.146252
0.142713
0.139543
0.136662
0.134019
0.131585
0.129336
0.12726
0.125345
0.123582
0.121954
0.120454
0.119093
0.117866
0.116768
0.115796
0.114945
0.114212
0.113594
0.113088
0.112691
0.112399
0.112202
0.112084
0.112029
0.112023
0.112054
0.11211
0.112178
0.112248
0.112309
0.111375
0.114853
0.11705
0.118491
0.119488
0.118764
0.119694
0.120344
0.120863
0.121185
0.121383
0.121477
0.121477
0.121353
0.121076
0.121039
0.121343
0.121994
0.123003
0.124397
0.161312
0.19765
0.233523
0.264437
0.264146
0.294326
0.268642
0.243707
0.228934
0.217202
0.207096
0.198381
0.190684
0.183775
0.177507
0.171777
0.166515
0.161663
0.157177
0.153017
0.14915
0.145552
0.142205
0.139093
0.136202
0.13352
0.131035
0.128736
0.126616
0.124654
0.122843
0.121193
0.119697
0.118348
0.117141
0.116071
0.115134
0.114325
0.11364
0.113076
0.112627
0.112284
0.112026
0.111847
0.111723
0.11164
0.111587
0.11155
0.111518
0.111482
0.11022
0.0954935
0.0948912
0.0975401
0.0987121
0.0936927
0.0975587
0.101212
0.104863
0.108547
0.112278
0.116066
0.119915
0.123829
0.141491
0.148692
0.15643
0.152384
0.149819
0.147503
0.0974399
0.0729461
0.116245
0.134043
0.152394
0.170889
0.208858
0.245777
0.245942
0.236709
0.202223
0.184051
0.17612
0.1697
0.164307
0.159621
0.155467
0.151569
0.147811
0.144355
0.141155
0.138187
0.135423
0.132853
0.130465
0.128248
0.126194
0.124295
0.122545
0.120925
0.119432
0.118076
0.116852
0.115756
0.114783
0.113931
0.113196
0.112574
0.112065
0.111665
0.111369
0.111168
0.111044
0.110982
0.110969
0.110989
0.111033
0.111088
0.111144
0.11119
0.110233
0.113698
0.105962
0.108443
0.112311
0.113002
0.112869
0.11245
0.111812
0.111024
0.11012
0.109109
0.118323
0.12172
0.121032
0.120448
0.119891
0.119891
0.118851
0.118122
0.0661957
0.117764
0.153516
0.189556
0.22578
0.256465
0.280566
0.303924
0.293181
0.26234
0.232041
0.202958
0.192237
0.187373
0.182742
0.178551
0.174897
0.170108
0.167326
0.166345
0.156123
0.156135
0.140409
0.139955
0.136628
0.133711
0.131108
0.128754
0.126613
0.124648
0.122845
0.121208
0.119727
0.118394
0.117205
0.116152
0.115233
0.114441
0.113773
0.113226
0.112794
0.112466
0.112225
0.112055
0.111941
0.11187
0.111829
0.111806
0.111788
0.111766
0.110518
0.113824
0.106708
0.109011
0.113058
0.116892
0.118827
0.119601
0.120135
0.120504
0.12074
0.120859
0.120872
0.120786
0.120602
0.12032
0.119938
0.119455
0.118867
0.118173
0.155486
0.192231
0.225408
0.24869
0.255546
0.23743
0.226196
0.214882
0.205355
0.197144
0.189765
0.182951
0.176773
0.171136
0.165972
0.161223
0.156844
0.152796
0.149044
0.145559
0.142314
0.139288
0.136469
0.133845
0.131403
0.129132
0.127022
0.125058
0.123227
0.119664
0.113113
0.118701
0.117635
0.119604
0.119599
0.112327
0.114667
0.113605
0.112842
0.112296
0.111914
0.111659
0.1115
0.111415
0.111384
0.111393
0.111428
0.111477
0.111528
0.111569
0.0840389
0.074555
0.0814043
0.0866967
0.0910529
0.0948856
0.0984512
0.101897
0.105307
0.108731
0.112192
0.115704
0.119276
0.122913
0.126609
0.13039
0.13287
0.132811
0.132608
0.132272
0.169092
0.205483
0.236713
0.259442
0.280956
0.296727
0.268331
0.242558
0.232089
0.224277
0.212558
0.205355
0.194862
0.186081
0.178711
0.172368
0.166759
0.161709
0.157106
0.152874
0.148961
0.145329
0.141957
0.138824
0.135915
0.133228
0.12399
0.128174
0.126268
0.124301
0.122481
0.12082
0.119306
0.117899
0.111097
0.111105
0.107172
0.113495
0.116745
0.114619
0.113298
0.112469
0.111938
0.111593
0.07882
0.0515323
0.0545664
0.056777
0.0586753
0.0603927
0.0650908
0.0673338
0.0748971
0.0805997
0.0851581
0.0890419
0.0925851
0.0959823
0.0992402
0.102175
0.104983
0.107833
0.110738
0.113703
0.11685
0.119381
0.119267
0.118868
0.118326
0.117744
0.153877
0.18865
0.218085
0.239399
0.242967
0.2264
0.216208
0.2073
0.198868
0.191852
0.185954
0.18067
0.175462
0.170368
0.165509
0.160936
0.15666
0.152675
0.148966
0.145511
0.142289
0.139283
0.136481
0.133873
0.131449
0.129198
0.127113
0.125186
0.12341
0.121769
0.120256
0.118883
0.117645
0.116537
0.115555
0.114695
0.113954
0.113328
0.112816
0.112412
0.112115
0.111915
0.111793
0.111736
0.111729
0.111758
0.111813
0.111881
0.112012
0.112359
0.112081
0.115666
0.118405
0.120763
0.123
0.125265
0.127638
0.130165
0.132874
0.135781
0.138896
0.142224
0.145775
0.149559
0.153588
0.157879
0.162456
0.167364
0.172687
0.178699
0.128568
0.128065
0.0463094
0.0194041
-0.0146385
-0.0506601
-0.0872469
-0.123753
-0.124412
-0.192718
-0.247999
-0.277628
-0.114088
-0.0965765
-0.119299
-0.127434
-0.136504
-0.145725
-0.123499
-0.106778
-0.0903633
-0.0753437
-0.0618727
-0.0479808
-0.0340536
-0.0202443
-0.00667814
0.00663913
0.0198156
0.0328554
0.0458274
0.058787
0.0717775
0.0832195
0.0941383
0.105279
0.116699
0.128452
0.140596
0.153187
0.135739
0.112582
0.113381
0.075006
0.0593895
0.0472305
0.0369173
0.0270567
0.0054821
-0.0106267
-0.0171168
-0.0174815
-0.0222463
-0.0295327
-0.028754
-0.029914
-0.0302945
-0.0303873
-0.0301675
-0.0297076
-0.0290785
-0.0283315
-0.0275009
-0.0266105
-0.0161508
-0.00470914
0.00589667
0.0156399
0.02066
0.0288998
-0.00241784
-0.00333923
-0.0575723
-0.014201
0.0271858
0.0641719
0.0975297
0.127592
0.158207
0.183152
0.209104
0.19493
0.182014
0.167415
0.152555
0.137301
0.121673
0.110517
0.120848
0.126243
0.127835
0.128927
0.128965
0.128183
0.127394
0.126746
0.126292
0.126048
0.126485
0.126781
0.127221
0.127811
0.128551
0.129436
0.130484
0.131785
0.133341
0.135147
0.137201
0.139502
0.142046
0.144829
0.147846
0.151093
0.154567
0.145052
0.146519
0.150345
0.133834
0.122578
0.118689
0.100886
0.0881025
0.0475755
0.0479271
0.0406142
0.0354654
0.0314787
0.0279947
0.0247144
0.0214822
0.0182168
0.014878
0.0114448
0.00790572
0.00424614
0.000568047
-0.00334284
-0.00736878
-0.0113533
0.00624836
0.0238454
0.0408682
0.059316
0.0781841
0.0970425
0.115624
0.09867
0.0853414
0.0756493
0.0674397
0.0599028
0.0530062
0.0462999
0.0397451
0.0333293
0.0270465
0.0208901
0.0148523
0.00892384
0.0030947
-0.00264471
-0.00830338
-0.0138905
-0.0194152
-0.0248867
-0.030314
-0.0357062
-0.041072
-0.0464205
-0.0517602
-0.0570997
-0.0624475
-0.0678116
-0.0732002
-0.0786221
-0.0840864
-0.0896025
-0.0951804
-0.100831
-0.106564
-0.112395
-0.118336
-0.124404
-0.130612
-0.136975
-0.143509
-0.150229
-0.15715
-0.16239
-0.167614
-0.170246
-0.173681
-0.177524
-0.18161
-0.185876
-0.190302
-0.194885
-0.199628
-0.199426
-0.189411
-0.193696
-0.199839
-0.207153
-0.21517
-0.223622
-0.232381
-0.241397
-0.250663
-0.257422
-0.257423
-0.257977
-0.258499
-0.258418
-0.25813
-0.257735
-0.257289
-0.325645
-0.297905
-0.290136
-0.279941
-0.283165
-0.296703
-0.306713
-0.314361
-0.321802
-0.329317
-0.326832
-0.313426
-0.315828
-0.332459
-0.346624
-0.357623
-0.368413
-0.379555
-0.391182
-0.403263
-0.415726
-0.428506
-0.441563
-0.454874
-0.468425
-0.482223
-0.496284
-0.510629
-0.525279
-0.540258
-0.555579
-0.571267
-0.587346
-0.603839
-0.620764
-0.638143
-0.656
-0.674359
-0.715261
-0.740847
-0.764152
-0.787445
-0.78652
-0.795368
-0.7744
-0.770804
-0.772882
-0.77434
-0.775714
-0.776818
-0.775049
-0.781281
-0.75843
-0.775787
-0.770969
-0.776395
-0.768998
-0.778244
-0.752508
-0.779703
-0.770909
-0.772325
-0.76921
-0.790135
-0.786654
-0.787779
-0.788635
-0.787366
-0.783213
-0.77872
-0.774599
-0.770539
-0.838114
-0.859485
-0.890225
-1.05652
-1.1272
-1.20905
-1.23922
-1.26112
-1.28242
-1.32631
-1.28385
-1.27779
-1.26697
-1.28499
-1.30406
-1.30197
-1.30877
-1.31586
-1.31966
-0.13088
-0.119184
-0.156861
-0.180851
-0.244189
-0.293883
-0.338149
-0.343445
-0.364292
-0.38007
-0.409533
-0.457148
-0.430934
-0.362207
-0.285222
-0.319703
-0.337134
-0.321123
-0.322853
-0.320767
-0.397676
-0.37479
-0.313546
-0.254707
-0.183983
-0.166667
-0.148001
-0.11776
-0.0876722
-0.059466
-0.0326539
0.0292995
-0.107093
-0.121394
-0.153871
-0.156029
-0.186141
-0.228121
-0.276479
-0.317242
-0.324129
-0.320719
-0.282153
-0.275726
-0.297346
-0.320509
-0.337885
-0.345927
-0.354974
-0.341291
-0.238981
-0.248636
-0.286143
-0.293264
-0.294904
-0.288421
-0.278894
-0.267274
-0.259954
-0.263787
-0.264451
-0.263307
-0.253555
-0.257364
-0.193095
-0.168628
-0.142379
-0.168118
-0.137687
-0.138943
-0.120821
-0.092167
-0.0700478
-0.00253807
0.0612909
0.129675
0.196314
0.24169
0.27877
0.306447
0.331494
0.341384
0.34019
0.261975
0.187788
0.082278
0.196444
0.260266
0.295111
0.337755
0.374607
0.222386
0.250895
0.243257
0.185925
0.163799
0.127976
0.099705
0.0726787
0.199954
0.1775
0.120229
0.249177
0.289471
0.277447
0.219361
0.189108
0.188604
0.194827
0.19558
0.245394
0.277216
0.204976
0.308189
0.318837
0.278521
0.229068
0.212516
0.188534
0.199597
0.275228
0.308942
0.312242
0.311017
0.244368
0.20106
0.204136
0.124533
0.174935
0.186083
0.208821
0.201186
0.220248
0.138079
0.192459
0.209236
0.233049
0.245832
0.275788
0.224919
0.237121
0.240552
0.191229
0.296854
0.245503
0.249754
0.243749
0.247933
0.243626
0.231207
0.211497
0.20819
0.172216
0.206736
0.217145
0.207226
0.172992
0.140942
0.122839
0.103786
0.0821839
0.0606746
0.0398077
0.0275302
0.043879
0.0700635
0.08803
0.0868566
0.0857005
0.110819
0.115153
0.101315
0.123668
0.0797887
