0
0
0
0
0
0
0
0
0
0
0
0
0
0
0
0
0
0
0
0
0
-9.96157e-14
-3.00267e-13
-2.97934e-13
-3.83374e-13
-4.19284e-13
-5.62196e-13
-8.45548e-13
-1.06485e-07
-2.05356e-07
-0.000188303
-0.000453473
-0.000787979
-0.00118443
-0.00163579
-0.00213532
-0.00267663
-0.00325359
-0.0038604
-0.00449151
-0.00514166
-0.00572908
-0.00625588
-0.00672408
-0.00713566
-0.00749251
-0.00779645
-0.00804928
-0.00825269
-0.00840834
-0.00851783
-0.00858271
-0.00860448
-0.00858458
-0.0085244
-0.00842529
-0.00828856
-0.00811547
-0.00788549
-0.00762333
-0.00735248
-0.00704972
-0.00671613
-0.00635274
-0.00596055
-0.00554052
-0.0050936
-0.00462069
-0.00412266
-0.00360036
-0.0030546
-0.00248619
-0.00189588
-0.00128441
-0.000652496
-8.36919e-07
0.000669901
0.00135907
0.00206604
0.00279021
0.00353099
0.00428781
0.00506012
0.00584739
0.0066491
0.00746476
0.00829387
0.00913598
0.00999063
0.0108574
0.0117358
0.0125604
0.0133305
0.0140481
0.0147151
0.0153336
0.0159055
0.0164331
0.0169183
0.0175247
0.0179112
0.0182635
0.0185841
0.0188757
0.0191414
0.0193843
0.0196081
0.0198165
0.0200141
0.0202056
0.0203963
0.0206956
0.0210999
0.021606
0.0222105
0.0229101
0.0237016
0.0245817
0.025547
0.0265945
0.0277207
0.0289224
0.0301963
0.0315392
0.0329479
0.0344192
0.0359499
0.037537
0.0391162
0.0407272
0.0424817
0.0442808
0.0461221
0.0480031
0.0499213
0.0518748
0.0538613
0.0558789
0.0579257
0.06
0.0609972
0.0620225
0.063075
0.0641537
0.0652579
0.0663865
0.0675388
0.0687139
0.0699111
0.0711295
0.0723685
0.0736273
0.0749053
0.0762018
0.077516
0.0788475
0.0801955
0.0815595
0.0829389
0.0843332
0.0857418
0.0870991
0.0884042
0.089659
0.0908654
0.0920252
0.0931405
0.0942131
0.095245
0.0964193
0.097353
0.0982539
0.0991244
0.0999671
0.100785
0.101581
0.102358
0.103121
0.103873
0.104619
0.105365
0.106219
0.107177
0.108237
0.109395
0.110647
0.111989
0.113419
0.114932
0.116524
0.118194
0.119936
0.121747
0.123623
0.125562
0.12756
0.129612
0.131717
0.133784
0.135876
0.13814
0.140443
0.142783
0.145158
0.147564
0.15
0.152463
0.154952
0.157465
0.16
0.161088
0.162199
0.163333
0.164489
0.165665
0.166862
0.168078
0.169313
0.170566
0.171836
0.173124
0.174428
0.175747
0.177082
0.178431
0.179795
0.181172
0.182562
0.183965
0.18538
0.186806
0.188178
0.189495
0.190759
0.191973
0.193138
0.194256
0.195329
0.19636
0.19753
0.198459
0.199353
0.200215
0.201047
0.201853
0.202635
0.203397
0.204143
0.204877
0.205604
0.206329
0.20716
0.208096
0.209131
0.210263
0.211488
0.212803
0.214204
0.215687
0.217249
0.218887
0.220597
0.222375
0.224218
0.226123
0.228086
0.230104
0.232173
0.234206
0.236264
0.23849
0.240755
0.243057
0.245393
0.24776
0.250157
0.252581
0.255031
0.257505
0.26
0.26109
0.262203
0.263338
0.264495
0.265673
0.266871
0.268089
0.269325
0.270579
0.271851
0.273139
0.274444
0.275764
0.2771
0.27845
0.279814
0.281192
0.282582
0.283985
0.285401
0.286828
0.2882
0.289517
0.290781
0.291995
0.29316
0.294278
0.295352
0.296382
0.297552
0.298481
0.299375
0.300237
0.301069
0.301874
0.302656
0.303418
0.304164
0.304898
0.305624
0.306348
0.307179
0.308114
0.309149
0.310281
0.311505
0.312819
0.314219
0.315702
0.317264
0.318901
0.32061
0.322388
0.32423
0.326134
0.328097
0.330113
0.332182
0.334214
0.336272
0.338497
0.340762
0.343063
0.345398
0.347764
0.35016
0.352584
0.355033
0.357505
0.36
0.36109
0.362203
0.363338
0.364495
0.365673
0.366871
0.368089
0.369325
0.370579
0.371851
0.373139
0.374444
0.375765
0.3771
0.37845
0.379814
0.381192
0.382583
0.383986
0.385401
0.386828
0.3882
0.389517
0.390782
0.391996
0.393161
0.394279
0.395352
0.396383
0.397553
0.398481
0.399375
0.400237
0.401069
0.401875
0.402657
0.403419
0.404164
0.404898
0.405624
0.406348
0.40718
0.408115
0.409149
0.410281
0.411505
0.41282
0.41422
0.415702
0.417264
0.418901
0.420611
0.422388
0.424231
0.426135
0.428097
0.430114
0.432182
0.434214
0.436272
0.438497
0.440762
0.443063
0.445398
0.447764
0.45016
0.452584
0.455033
0.457505
0.46
0.46109
0.462203
0.463338
0.464495
0.465673
0.466871
0.468089
0.469325
0.470579
0.471851
0.473139
0.474444
0.475765
0.4771
0.47845
0.479814
0.481192
0.482583
0.483986
0.485401
0.486828
0.4882
0.489517
0.490782
0.491996
0.493161
0.494279
0.495352
0.496383
0.497553
0.498481
0.499375
0.500237
0.501069
0.501875
0.502657
0.503419
0.504164
0.504898
0.505624
0.506348
0.50718
0.508115
0.509149
0.510281
0.511505
0.51282
0.51422
0.515702
0.517264
0.518901
0.520611
0.522388
0.524231
0.526135
0.528097
0.530114
0.532182
0.534214
0.536272
0.538497
0.540762
0.543063
0.545398
0.547764
0.55016
0.552584
0.555033
0.557505
0.56
0.56109
0.562203
0.563338
0.564495
0.565673
0.566871
0.568089
0.569325
0.570579
0.571851
0.573139
0.574444
0.575765
0.5771
0.57845
0.579814
0.581192
0.582583
0.583986
0.585401
0.586828
0.5882
0.589517
0.590782
0.591996
0.593161
0.594279
0.595352
0.596383
0.597553
0.598481
0.599375
0.600237
0.601069
0.601875
0.602657
0.603419
0.604164
0.604898
0.605624
0.606348
0.60718
0.608115
0.609149
0.610281
0.611505
0.61282
0.61422
0.615702
0.617264
0.618901
0.620611
0.622388
0.624231
0.626135
0.628097
0.630114
0.632182
0.634214
0.636272
0.638497
0.640762
0.643063
0.645398
0.647764
0.65016
0.652584
0.655033
0.657505
0.66
0.66109
0.662203
0.663338
0.664495
0.665673
0.666871
0.668089
0.669325
0.670579
0.671851
0.673139
0.674444
0.675765
0.6771
0.67845
0.679814
0.681192
0.682583
0.683986
0.685401
0.686828
0.6882
0.689517
0.690782
0.691996
0.693161
0.694279
0.695352
0.696383
0.697553
0.698481
0.699375
0.700237
0.701069
0.701875
0.702657
0.703419
0.704164
0.704898
0.705624
0.706348
0.70718
0.708115
0.709149
0.710281
0.711505
0.71282
0.71422
0.715702
0.717264
0.718901
0.720611
0.722388
0.724231
0.726135
0.728097
0.730114
0.732182
0.734214
0.736272
0.738497
0.740762
0.743063
0.745398
0.747764
0.75016
0.752584
0.755033
0.757505
0.76
0.76109
0.762203
0.763338
0.764495
0.765673
0.766871
0.768089
0.769325
0.770579
0.771851
0.773139
0.774444
0.775765
0.7771
0.77845
0.779814
0.781192
0.782583
0.783986
0.785401
0.786828
0.7882
0.789517
0.790782
0.791996
0.793161
0.794279
0.795352
0.796383
0.797553
0.798481
0.799375
0.800237
0.801069
0.801875
0.802657
0.803419
0.804164
0.804898
0.805624
0.806348
0.80718
0.808115
0.809149
0.810281
0.811505
0.81282
0.81422
0.815702
0.817264
0.818901
0.820611
0.822388
0.824231
0.826135
0.828097
0.830114
0.832182
0.834214
0.836272
0.838497
0.840762
0.843063
0.845398
0.847764
0.85016
0.852584
0.855033
0.857505
0.86
0.86109
0.862203
0.863338
0.864495
0.865673
0.866871
0.868089
0.869325
0.870579
0.871851
0.873139
0.874444
0.875765
0.8771
0.87845
0.879814
0.881192
0.882583
0.883986
0.885401
0.886828
0.8882
0.889517
0.890782
0.891996
0.893161
0.894279
0.895352
0.896383
0.897553
0.898481
0.899375
0.900237
0.901069
0.901875
0.902657
0.903419
0.904164
0.904898
0.905624
0.906348
0.90718
0.908115
0.909149
0.910281
0.911505
0.91282
0.91422
0.915702
0.917264
0.918901
0.920611
0.922388
0.924231
0.926135
0.928097
0.930114
0.932182
0.934214
0.936272
0.938497
0.940762
0.943063
0.945398
0.947764
0.95016
0.952584
0.955033
0.957505
0.96
0.96109
0.962203
0.963338
0.964495
0.965673
0.966871
0.968089
0.969325
0.970579
0.971851
0.973139
0.974444
0.975765
0.9771
0.97845
0.979814
0.981192
0.982583
0.983986
0.985401
0.986828
0.9882
0.989517
0.990782
0.991996
0.993161
0.994279
0.995352
0.996383
0.997553
0.998481
0.999375
1.00024
1.00107
1.00187
1.00266
1.00342
1.00416
1.0049
1.00562
1.00635
1.00718
1.00811
1.00915
1.01028
1.01151
1.01282
1.01422
1.0157
1.01726
1.0189
1.02061
1.02239
1.02423
1.02613
1.0281
1.03011
1.03218
1.03421
1.03627
1.0385
1.04076
1.04306
1.0454
1.04776
1.05016
1.05258
1.05503
1.05751
1.06
1.06109
1.0622
1.06334
1.0645
1.06567
1.06687
1.06809
1.06932
1.07058
1.07185
1.07314
1.07444
1.07576
1.0771
1.07845
1.07981
1.08119
1.08258
1.08399
1.0854
1.08683
1.0882
1.08952
1.09078
1.092
1.09316
1.09428
1.09535
1.09638
1.09755
1.09848
1.09938
1.10024
1.10107
1.10187
1.10266
1.10342
1.10416
1.1049
1.10562
1.10635
1.10718
1.10811
1.10915
1.11028
1.11151
1.11282
1.11422
1.1157
1.11726
1.1189
1.12061
1.12239
1.12423
1.12613
1.1281
1.13011
1.13218
1.13421
1.13627
1.1385
1.14076
1.14306
1.1454
1.14776
1.15016
1.15258
1.15503
1.15751
1.16
1.16109
1.1622
1.16334
1.1645
1.16567
1.16687
1.16809
1.16932
1.17058
1.17185
1.17314
1.17444
1.17576
1.1771
1.17845
1.17981
1.18119
1.18258
1.18399
1.1854
1.18683
1.1882
1.18952
1.19078
1.192
1.19316
1.19428
1.19535
1.19638
1.19755
1.19848
1.19938
1.20024
1.20107
1.20187
1.20266
1.20342
1.20416
1.2049
1.20562
1.20635
1.20718
1.20811
1.20915
1.21028
1.21151
1.21282
1.21422
1.2157
1.21726
1.2189
1.22061
1.22239
1.22423
1.22613
1.2281
1.23011
1.23218
1.23421
1.23627
1.2385
1.24076
1.24306
1.2454
1.24776
1.25016
1.25258
1.25503
1.25751
1.26
1.26109
1.2622
1.26334
1.2645
1.26567
1.26687
1.26809
1.26932
1.27058
1.27185
1.27314
1.27444
1.27576
1.2771
1.27845
1.27981
1.28119
1.28258
1.28399
1.2854
1.28683
1.2882
1.28952
1.29078
1.292
1.29316
1.29428
1.29535
1.29638
1.29755
1.29848
1.29938
1.30024
1.30107
1.30187
1.30266
1.30342
1.30416
1.3049
1.30562
1.30635
1.30718
1.30811
1.30915
1.31028
1.31151
1.31282
1.31422
1.3157
1.31726
1.3189
1.32061
1.32239
1.32423
1.32613
1.3281
1.33011
1.33218
1.33421
1.33627
1.3385
1.34076
1.34306
1.3454
1.34776
1.35016
1.35258
1.35503
1.35751
1.36
1.36109
1.3622
1.36334
1.3645
1.36567
1.36687
1.36809
1.36932
1.37058
1.37185
1.37314
1.37444
1.37576
1.3771
1.37845
1.37981
1.38119
1.38258
1.38399
1.3854
1.38683
1.3882
1.38952
1.39078
1.392
1.39316
1.39428
1.39535
1.39638
1.39755
1.39848
1.39938
1.40024
1.40107
1.40187
1.40266
1.40342
1.40416
1.4049
1.40562
1.40635
1.40718
1.40811
1.40915
1.41028
1.41151
1.41282
1.41422
1.4157
1.41726
1.4189
1.42061
1.42239
1.42423
1.42613
1.4281
1.43011
1.43218
1.43421
1.43627
1.4385
1.44076
1.44306
1.4454
1.44776
1.45016
1.45258
1.45503
1.45751
1.46
1.46109
1.4622
1.46334
1.4645
1.46567
1.46687
1.46809
1.46932
1.47058
1.47185
1.47314
1.47444
1.47576
1.4771
1.47845
1.47981
1.48119
1.48258
1.48399
1.4854
1.48683
1.4882
1.48952
1.49078
1.492
1.49316
1.49428
1.49535
1.49638
1.49755
1.49848
1.49938
1.50024
1.50107
1.50187
1.50266
1.50342
1.50416
1.5049
1.50562
1.50635
1.50718
1.50811
1.50915
1.51028
1.51151
1.51282
1.51422
1.5157
1.51726
1.5189
1.52061
1.52239
1.52423
1.52613
1.5281
1.53011
1.53218
1.53421
1.53627
1.5385
1.54076
1.54306
