0
2.27742
-0.119753
-1.23686
-0.101648
-0.386654
-0.390829
-0.362242
-0.187527
0.165943
-0.0025801
0.0806804
0.0661198
0.058482
0.0525044
0.0506566
0.0479441
0.0456815
0.0434568
0.0413013
0.0392408
0.0372847
0.0352163
0.033701
0.0310387
0.0307971
0.0307832
0.0273717
0.0260587
0.0248204
0.023653
0.0225117
0.0213872
0.020364
0.0196556
-0.089324
-0.0739712
-0.0752571
-0.0765051
-0.0775065
-0.0784738
-0.0794566
-0.0803791
-0.0812152
-0.0819683
-0.0826312
-0.0827249
-0.0837707
-0.0789646
-0.0877313
-0.0844773
-0.0849897
-0.0855613
-0.085498
-0.0857239
-0.0858011
-0.085781
-0.0856831
-0.0855217
-0.0852978
-0.0850138
-0.0846571
-0.0842879
-0.0838725
-0.0812713
-0.085358
-0.0822436
-0.0816269
-0.0806912
-0.0798508
-0.0792305
-0.0547944
0.126193
0.00428047
0.143412
-0.00311275
0.0144464
0.0274471
0.0354232
0.0401351
0.0429318
0.0446195
0.0458026
0.0465798
0.0261652
0.0144173
-0.00728709
-0.00675519
-0.00588072
-0.00500873
-0.00412311
-0.00321076
-0.00241639
-0.00162945
-0.00090463
-0.000236708
0.000380359
0.000950121
0.00147543
0.00195883
0.00249625
0.00299091
0.00332466
0.00363719
0.00392706
0.00419451
0.0044414
0.0046703
0.00488452
0.00508804
0.00528548
0.00548201
0.00574307
0.00613364
0.0066398
0.00725207
0.0079638
0.00876981
0.00966578
0.0106478
0.0117122
0.0128784
0.0142156
0.0153333
0.0863886
0.0605975
0.0646629
0.0674262
0.0694562
0.0710592
0.0724098
0.0736631
0.0322834
0.033697
0.0350133
0.0368231
0.0344246
-0.11954
-0.032282
-0.0097532
-0.0109201
0.304747
0.0457648
-0.0843667
-0.0811183
-0.0225793
-0.00242082
0.0408528
0.0448537
0.0430799
0.0906566
0.0670748
0.0565487
0.0508813
0.0241061
-0.0117955
0.0198523
0.0417782
0.0513637
0.0576009
0.0621031
0.0656089
0.0869004
0.0976188
0.0901026
0.0854903
0.0828472
0.0753869
0.0734061
0.0734918
0.0740951
0.0749032
0.0756805
0.0765052
0.0773437
0.0781783
0.0782113
0.0779525
0.0776727
0.0773965
0.0771133
0.076825
0.0765593
0.0763431
0.0761683
0.0760284
0.0759177
0.0758288
0.0757537
0.0756817
0.0755977
0.07473
0.0760759
0.0756179
0.0749485
0.0738051
0.211882
0.181644
0.17156
0.142428
0.113184
0.120457
0.129739
0.124224
0.126151
0.128056
0.131131
0.132373
0.134978
0.137544
0.140092
0.40129
0.233072
-0.0177857
0.00409943
0.116964
0.136799
0.142149
0.179335
0.164476
0.137758
0.105893
0.121952
0.13242
0.140574
0.147215
0.162575
0.194933
0.180695
0.173425
0.170083
0.168907
0.168887
0.16945
0.170309
0.17131
0.172366
0.173433
0.174486
0.175514
0.176614
0.177675
0.178562
0.179427
0.180269
0.181089
0.181886
0.182665
0.183428
0.184179
0.184923
0.185665
0.18647
0.187401
0.188445
0.189592
0.190835
0.192169
0.19359
0.195094
0.196676
0.198338
0.2
0.201868
0.203783
0.205722
0.218205
0.206925
0.210092
0.212431
0.215319
0.217816
0.220228
0.222578
0.225166
0.227976
0.227945
0.227173
0.226386
0.225532
0.224499
0.365205
0.212759
0.154949
0.19366
0.476181
0.114652
0.222099
0.27579
0.242678
0.246886
0.251574
0.253661
0.255396
0.256952
0.258418
0.259839
0.261241
0.26264
0.264042
0.26545
0.266868
0.268258
0.26958
0.270841
0.272047
0.273202
0.27431
0.275373
0.276393
0.277475
0.278513
0.279377
0.280218
0.281035
0.281828
0.282599
0.283351
0.284088
0.284813
0.285531
0.286249
0.28703
0.287941
0.288917
0.290062
0.291297
0.292628
0.294043
0.295538
0.297112
0.298747
0.425346
0.329999
0.293583
0.303048
0.348095
0.284178
0.28677
0.288033
0.289176
0.290311
0.291479
0.292662
0.29389
0.187743
0.2608
0.273661
0.367431
0.358133
0.354986
0.833762
0.722546
0.362965
0.365825
0.378274
0.380124
0.193208
0.203242
-0.0120412
0.137068
0.368277
0.353698
0.329564
0.341613
0.348206
0.352313
0.355029
0.358288
0.361503
0.362797
0.364063
0.365258
0.366435
0.367529
0.368576
0.369581
0.370548
0.37148
0.372378
0.373348
0.374282
0.375049
0.375801
0.376536
0.377253
0.377955
0.378643
0.37932
0.379984
0.380648
0.381317
0.382055
0.382926
0.383914
0.385011
0.386216
0.387506
0.388886
0.390352
0.391899
0.393515
0.395245
0.467377
0.393245
0.379413
0.402406
0.40908
0.412231
0.415108
0.417573
0.419874
0.422154
0.347963
0.392733
0.425746
0.426232
0.427447
0.42493
0.434064
0.433394
0.949623
0.500474
0.27999
0.303241
0.306883
0.360829
0.424195
0.431683
0.313463
0.448926
0.428829
0.421794
0.450598
0.438124
0.44689
0.45118
0.453817
0.4657
0.451677
0.439227
0.507431
0.436021
0.551383
0.443758
0.468824
0.468038
0.467996
0.468423
0.469091
0.469977
0.470905
0.471707
0.472512
0.473307
0.474088
0.474851
0.475599
0.476333
0.477056
0.477774
0.47849
0.479271
0.480181
0.481204
0.482333
0.483559
0.484878
0.486286
0.487777
0.489347
0.490984
0.492749
0.558538
0.493318
0.475222
0.476845
0.491508
0.501163
0.504306
0.507014
0.509552
0.512043
0.514466
0.516864
0.51926
0.521667
0.52409
0.526531
0.528992
0.531472
0.640003
0.496245
0.471734
0.537565
0.532207
0.550816
0.522887
0.542117
0.541637
0.541663
0.543552
0.546221
0.547376
0.548613
0.549906
0.551235
0.55259
0.553966
0.555358
0.556764
0.558184
0.559577
0.560903
0.56217
0.563393
0.564577
0.565725
0.566877
0.56803
0.58262
0.606168
0.520169
0.57015
0.549949
0.566047
0.618959
0.551951
0.579463
0.578466
0.578175
0.578341
0.578823
0.579571
0.580509
0.581593
0.582798
0.584107
0.58551
0.587
0.588572
0.768892
0.706116
0.556697
0.564594
0.570454
0.574424
0.577116
0.57907
0.580602
0.5819
0.583126
0.584347
0.585556
0.586773
0.588077
0.589278
0.600564
0.620876
0.623768
0.626584
0.755701
0.599167
0.587126
0.643145
0.647116
0.647194
0.656604
0.63187
0.598234
0.607221
0.661352
0.645955
0.677365
0.666213
0.659263
0.655736
0.654431
0.654355
0.654959
0.655941
0.657136
0.658414
0.659684
0.660925
0.662129
0.663201
0.713116
0.618368
0.664789
0.667475
0.66856
0.66945
0.670351
0.671487
0.712355
0.664694
0.691275
0.617364
0.648198
0.690603
0.684685
0.68166
0.680482
0.680363
0.881795
0.91033
0.659006
0.667479
0.671227
0.67379
0.64689
0.702288
0.642352
0.654361
0.662674
0.668211
0.671657
0.673861
0.676165
0.679913
0.682291
0.683502
0.684666
0.685817
0.686033
0.692028
0.712982
0.71688
0.719683
0.721716
0.838983
0.704841
0.697977
0.747386
0.733321
0.734864
0.707292
0.715119
0.723823
0.722464
0.721611
0.723446
0.728977
0.734024
0.737421
0.739908
0.7419
0.743626
0.745212
0.746724
0.748203
0.749629
0.750973
0.75225
0.753468
0.754633
0.755749
0.756819
0.757847
0.758936
0.759983
0.760855
0.761704
0.762529
0.763331
0.764113
0.764876
0.765623
0.76636
0.76709
0.767818
0.768601
0.769519
0.77055
0.771685
0.772917
0.77424
0.77565
0.77669
0.776602
0.775481
0.780926
0.779926
0.779249
0.778863
0.778698
0.778685
0.778778
0.778921
0.779085
0.77931
0.779589
0.779868
0.780132
0.780362
0.780522
0.780553
0.780334
0.779549
0.776842
1.33561
1.24509
1.2635
1.07636
1.14239
1.16111
1.16557
1.16322
0.937896
1.33221
1.33875
1.06362
0.0473365
0.654695
0.959787
0.872892
0.883523
0.882053
0.79232
0.907625
0.876865
0.610543
0.288126
0.33941
0.395701
0.445727
0.484863
0.508092
0.519313
0.527984
0.534395
0.539109
0.542653
0.558326
0.566305
0.568153
0.569104
0.569347
0.569013
0.568188
0.84806
0.945322
0.798423
1.10842
0.947974
0.931029
0.917397
0.902441
1.01582
0.965332
0.874722
0.858392
0.881442
0.894469
0.828893
0.845855
0.840343
0.835879
0.831657
0.828396
0.825983
0.824177
0.822774
0.821658
0.724629
0.666411
0.699165
0.724149
0.755797
0.724715
1.24354
1.14962
1.16627
0.799275
0.598126
0.61825
0.660445
0.722
0.726348
0.804839
0.788906
0.720085
0.653844
0.651653
0.651633
0.658449
0.666908
0.692139
0.836201
0.861651
0.864285
0.848556
0.844154
0.844806
0.843219
0.842216
0.841725
0.841612
0.83826
0.840714
0.841721
0.842631
0.84353
0.844434
0.845173
0.845116
0.844894
0.844653
0.844365
0.844073
0.843797
0.843562
0.843385
0.843261
0.843187
0.832342
0.98469
1.06057
1.05015
0.974857
0.893003
1.03569
0.976226
1.14508
0.905647
0.913051
0.894495
0.885191
0.882047
0.881648
0.882662
0.884377
0.886382
0.888495
0.890623
0.892895
0.894248
0.897013
0.898881
0.899473
1.01872
0.8911
0.899651
0.886665
0.880982
0.878738
0.87834
0.816496
0.784922
0.797019
0.819662
0.840313
0.854097
0.8659
0.87452
0.880889
0.885722
0.889517
0.892598
0.895172
0.89737
0.899265
0.900901
0.902321
0.903555
0.904627
0.905556
0.906355
0.90704
0.907624
0.908109
0.908503
0.908817
0.909049
0.909212
0.909316
0.90937
0.909384
0.909369
0.909333
0.909288
0.909265
0.909286
0.909348
0.909445
0.909579
0.90975
0.909959
0.9102
0.894129
0.879744
0.877988
0.870141
0.866032
0.863869
0.862647
0.861829
0.861148
0.860479
0.821264
0.729723
0.812649
0.849437
0.871116
0.882446
0.887653
0.889594
0.88995
0.889629
0.865679
1.1328
1.03321
0.92823
0.765687
0.739374
0.728187
0.724269
0.997556
0.866731
0.569865
0.723145
0.942002
1.02195
0.964163
0.921661
0.74417
0.60471
0.551477
0.454846
0.596265
0.760548
0.774117
0.772101
0.78205
0.791064
0.797475
0.801184
0.802668
0.802523
0.801356
0.799488
0.797097
0.794502
0.791832
0.789145
0.786467
0.783805
0.781095
0.778406
0.775737
0.773042
0.770317
0.767553
0.764744
0.761892
0.755411
0.809643
0.773383
0.762342
0.551484
0.184392
0.585168
0.575112
0.510638
0.503367
0.500308
0.495651
0.349954
0.610667
0.436666
0.529072
0.449766
0.49427
0.421749
0.506826
0.309032
0.577895
0.429097
0.415047
0.401586
1.15533
0.381669
0.601089
0.977746
0.375791
0.258917
0.137873
0.199044
0.223372
1.21486
0.552719
0.366488
2.25307
0.841213
0.891801
0.399813
0.177959
0.290127
0.434727
-0.171557
0.0780815
-0.0897455
-0.114342
0.257979
-0.00907782
0.0572883
-0.0232958
-0.139665
-9.0441
-0.114957
0.111361
0.0906114
0.320667
0.240852
0.29075
0.486055
0.252895
0.25811
0.302557
0.307235
0.03184
-0.739773
-0.817976
-0.0493117
0.176838
0.224026
0.216998
0.740134
0.963789
0.0637854
-0.0678863
0.410336
-0.0152001
0.34287
0.372506
0.409982
0.429391
0.452081
0.509496
0.173651
1.18667
1.10885
1.01856
-0.102791
0.0186832
0.257268
0.311954
0.281032
0.0385673
-0.0528046
-0.389586
0.165618
0.16921
0.381019
0.128031
0.151889
0.149174
0.476218
-0.712979
-0.046025
0.196894
-0.801108
-0.201575
-0.247172
-0.290302
-0.331222
-0.32001
-0.248906
-0.2965
-0.339254
-0.438265
-0.344907
0.0535799
-0.143267
-0.178085
-0.00712562
-0.501679
-0.207457
-0.197448
-0.128889
-0.16613
0.0829805
1.25482
-0.167651
-0.276062
-0.129686
-0.0559655
-0.0686351
-0.0997833
-0.10624
-1.11349
-1.03815
-0.998726
0.63641
0.94026
1.01611
0.361187
-0.244843
-0.324475
0.244606
0.194259
0.240281
0.574133
0.365558
-1.2342
0.18969
0.0425521
-0.875713
-0.978082
-0.374283
-0.510433
-0.79904
-0.442671
2.12122
1.3721
0.573423
0.209827
0.0354104
-0.600702
-0.524982
-0.250082
-2.11393
0.103527
-0.787533
-0.0290976
0.0669185
0.20207
-0.112587
1.0554
1.19492
1.03806
0.357666
-0.0539623
-0.163259
-1.2032
-0.514444
-0.388905
-0.122629
0.35306
-0.0799407
-0.264215
1.94245
0.64332
0.849542
0.342681
0.254041
-0.248543
0.543867
-0.733127
0.187301
0.416563
-0.743625
0.4575
0.132662
0.035333
-0.808479
0.203812
0.353721
0.169195
0.2407
-0.198355
-0.611322
-0.238402
0.244458
0.527875
0.152975
0.412114
0.434479
0.37454
0.303057
0.290602
0.231799
-0.362569
-0.04762
-0.00533193
0.134337
0.135403
0.177885
0.156446
0.229499
-0.0418798
0.670592
