0
0.00025383
0.000248281
0.000197396
0.000154917
-0.000196543
-0.000960532
-0.00149657
-0.00226399
-0.00258238
-0.0030386
-0.00330909
-0.00350997
-0.00368295
-0.00386014
-0.00403964
-0.00423684
-0.00445214
-0.00468534
-0.00493638
-0.00520526
-0.00549196
-0.00579643
-0.00611863
-0.00645828
-0.00681539
-0.0071876
-0.00757699
-0.00798351
-0.00840701
-0.00884723
-0.00930385
-0.00977658
-0.010265
-0.0107685
-0.0112945
-0.0118326
-0.0123529
-0.0128518
-0.0133346
-0.0138182
-0.014304
-0.0147921
-0.0152823
-0.0157738
-0.0162874
-0.0167872
-0.0173317
-0.0176784
-0.0181105
-0.0186019
-0.0191539
-0.019765
-0.0203279
-0.0208608
-0.0213705
-0.0218611
-0.0223348
-0.0227929
-0.023236
-0.0236645
-0.0240789
-0.0244791
-0.0248648
-0.0253509
-0.0257837
-0.0261671
-0.0265042
-0.026812
-0.0271011
-0.0273716
-0.0276065
-0.027838
-0.028029
-0.0281992
-0.028349
-0.0284788
-0.0285886
-0.0286785
-0.0287486
-0.028799
-0.0288296
-0.02884
-0.0288311
-0.028805
-0.0287613
-0.0287001
-0.0286211
-0.0285242
-0.0284093
-0.028276
-0.0281235
-0.0279505
-0.0277563
-0.027541
-0.0273041
-0.0270453
-0.0267645
-0.0264612
-0.0261352
-0.0257863
-0.0254142
-0.0250185
-0.0245989
-0.0241551
-0.023687
-0.0231944
-0.0226773
-0.0221353
-0.0215682
-0.0209754
-0.0203561
-0.0197095
-0.0190346
-0.0183304
-0.0175961
-0.0168306
-0.0160328
-0.0152016
-0.0143358
-0.0134344
-0.012499
-0.0115239
-0.010514
-0.00954121
-0.00859043
-0.00766531
-0.00676838
-0.00590151
-0.00506613
-0.00426344
-0.00349454
-0.00261523
-0.00163805
-0.000563873
0.000606507
0.00177216
0.0028794
0.00395224
0.00494512
0.00586063
0.00678723
0.00758353
0.00834187
0.00906585
0.00975489
0.01041
0.0110314
0.0116177
0.0121537
0.0125677
0.0129508
0.0133046
0.0136306
0.0139286
0.014191
0.0144178
0.0146097
0.014767
0.01489
0.0149789
0.0150337
0.015055
0.015043
0.0149977
0.0149191
0.0148071
0.0146615
0.0144822
0.0142687
0.014021
0.0137394
0.0134239
0.013074
0.0126899
0.0122714
0.0118183
0.0113306
0.0108082
0.0102508
0.00965829
0.0090304
0.00836675
0.0076669
0.00693026
0.00615616
0.00534382
0.00449235
0.0036008
0.00266808
0.00169305
0.000676155
-0.00039097
-0.00150287
-0.00265604
-0.00384811
-0.00491894
-0.00589532
-0.0067752
-0.00755604
-0.00823596
-0.00851491
-0.009226
-0.0100436
-0.0109667
-0.0119366
-0.0128885
-0.0138147
-0.0147123
-0.0155782
-0.0164097
-0.017268
-0.0180645
-0.0188305
-0.019572
-0.0202879
-0.0209783
-0.0216427
-0.0221519
-0.0226235
-0.0230657
-0.0234765
-0.0238559
-0.0242042
-0.024522
-0.0248097
-0.0250658
-0.0252865
-0.0254725
-0.0256239
-0.0257409
-0.0258237
-0.0258723
-0.0258869
-0.0258676
-0.0258144
-0.0257275
-0.025607
-0.0254528
-0.0252652
-0.0250443
-0.0247904
-0.0245035
-0.0241836
-0.023831
-0.023446
-0.0230291
-0.0225805
-0.0221007
-0.0215901
-0.0210491
-0.0204777
-0.0198761
-0.0192442
-0.0185815
-0.0178876
-0.0171618
-0.0164032
-0.0156106
-0.0147831
-0.0139193
-0.0130213
-0.0120834
-0.0111109
-0.0101067
-0.00907332
-0.00808255
-0.00712035
-0.00618853
-0.00524524
-0.00427548
-0.0032958
-0.00231695
-0.00134628
-0.000389368
0.000549648
0.001466
0.00235465
0.00321072
0.00402939
0.00480577
0.00553732
0.00621194
0.00683284
0.00738463
0.00793339
0.00845714
0.00889214
0.00929447
0.00966342
0.00999902
0.0102982
0.0105612
0.0107882
0.0109793
0.0111348
0.0112547
0.0113392
0.0113882
0.0114018
0.0113801
0.011323
0.0112305
0.0111026
0.0109391
0.0107401
0.0105053
0.0102347
0.00992797
0.009585
0.00920565
0.00878976
0.00833698
0.00784703
0.00731968
0.00675468
0.00615181
0.00551083
0.00483146
0.0041134
0.00335629
0.00255969
0.0017231
0.000848092
-5.78126e-05
-0.000994083
-0.00196167
-0.00296162
-0.00399507
-0.00506324
-0.00616735
-0.00730716
-0.00825953
-0.00915743
-0.00999052
-0.0107456
-0.0114178
-0.011997
-0.0124853
-0.0128801
-0.0131792
-0.0133806
-0.0134823
-0.0134822
-0.0133778
-0.013414
-0.0135589
-0.0138083
-0.0141696
-0.0146304
-0.0151896
-0.0158609
-0.0165494
-0.0172127
-0.017847
-0.0184549
-0.0190367
-0.0195466
-0.0199843
-0.0204182
-0.020879
-0.0212488
-0.02159
-0.021902
-0.0221849
-0.0224395
-0.0226662
-0.0228663
-0.0230382
-0.0231761
-0.0232797
-0.0233492
-0.0233844
-0.0233857
-0.0233531
-0.0232868
-0.0231868
-0.0230532
-0.022886
-0.0226854
-0.0224516
-0.0221849
-0.0218851
-0.0215524
-0.021187
-0.0207893
-0.0203595
-0.0198982
-0.0194056
-0.0188819
-0.018327
-0.0177412
-0.0171242
-0.0164761
-0.0157964
-0.0150848
-0.0143404
-0.0135625
-0.0127499
-0.0119018
-0.011017
-0.010096
-0.00913232
-0.00826591
-0.00745505
-0.00670771
-0.00602747
-0.00541847
-0.00488419
-0.00442744
-0.00405079
-0.0037569
-0.00354915
-0.00321574
-0.00278448
-0.00225771
-0.00163653
-0.000921966
-0.000213137
0.000653285
0.00148781
0.00232631
0.00311694
0.00386926
0.00458642
0.00526849
0.00591021
0.0065147
0.00708053
0.00760193
0.00802081
0.00840758
0.00876463
0.00908896
0.0093793
0.00963382
0.00985114
0.0100315
0.0101752
0.0102826
0.010354
0.0103889
0.0104167
0.0103799
0.0103066
0.0101972
0.0100516
0.00986973
0.00965148
0.00939671
0.00910538
0.00877738
0.00841246
0.00801039
0.00757101
0.00709415
0.00657965
0.00602735
0.00543704
0.00480849
0.0041414
0.00343543
0.00269011
0.00190487
0.00107904
0.000211814
-0.000697705
-0.00165052
-0.00264774
-0.00369055
-0.00478018
-0.00591633
-0.00709406
-0.0081178
-0.00910116
-0.01007
-0.0110204
-0.0119489
-0.0128527
-0.0137296
-0.0145775
-0.0153942
-0.0161777
-0.0169259
-0.0176368
-0.0183083
-0.0189385
-0.0195253
-0.0200667
-0.0205605
-0.0210048
-0.0214034
-0.0217515
-0.0220521
-0.0222954
-0.0224399
-0.022469
-0.0224733
-0.0224518
-0.0224051
-0.0223339
-0.0222369
-0.0221111
-0.0219566
-0.0217732
-0.0215606
-0.0213187
-0.0210473
-0.020746
-0.0204148
-0.0200532
-0.019661
-0.019238
-0.0187837
-0.0182979
-0.0177801
-0.01723
-0.0166473
-0.0160313
-0.0153817
-0.014698
-0.0139797
-0.0132269
-0.0124385
-0.0116143
-0.0107832
-0.00990894
-0.00900911
-0.00808334
-0.00713113
-0.00615192
-0.00514513
-0.00411005
-0.00304588
-0.00195172
-0.000826571
0.000330683
0.00152124
0.0027464
0.00400752
0.00530601
0.00633047
0.00730798
0.00824714
0.00914945
0.0100071
0.0108152
0.0115703
0.01227
0.0129121
0.013495
0.0140168
0.014476
0.0148707
0.0151993
0.01546
0.0156512
0.0157692
0.0158085
0.015767
0.0156426
0.0154483
0.0151755
0.0148271
0.0143957
0.0138799
0.0132769
0.0124574
0.0115484
0.0105507
0.00946144
0.00834046
0.00718501
0.00599808
0.00477296
0.0035076
0.00220094
0.000851897
-0.000540613
-0.00197771
-0.00346052
-0.00499023
-0.00656801
-0.0081951
-0.00987275
-0.0116023
-0.013385
-0.0152105
-0.0170917
-0.0190196
-0.0209945
-0.0230177
-0.025091
-0.0272158
-0.0293937
-0.0316255
-0.0338651
-0.0362097
-0.0386153
-0.0410832
-0.0436133
-0.0462076
-0.048868
-0.0515966
-0.0543954
-0.0570458
-0.059624
-0.0621466
-0.0646157
-0.0670335
-0.0694023
-0.0717237
-0.074009
-0.0762542
-0.0784541
-0.080606
-0.0827084
-0.0847608
-0.0867628
-0.0887139
-0.0906131
-0.0924601
-0.0942545
-0.0959962
-0.0976848
-0.0993207
-0.100903
-0.102432
-0.103907
-0.105327
-0.106692
-0.108009
-0.109274
-0.110492
-0.111668
-0.112713
-0.113692
-0.114626
-0.115515
-0.116361
-0.117164
-0.117927
-0.118648
-0.119326
-0.119961
-0.120554
-0.121106
-0.121616
-0.122085
-0.122513
-0.122901
-0.123249
-0.123557
-0.123825
-0.124054
-0.124244
-0.124395
-0.124508
-0.124581
-0.124616
-0.124612
-0.124571
-0.12449
-0.124372
-0.124214
-0.124019
-0.123785
-0.123514
-0.123204
-0.122855
-0.122468
-0.122043
-0.121579
-0.121076
-0.120534
-0.119951
-0.119327
-0.118662
-0.117954
-0.117202
-0.116406
-0.115566
-0.114667
-0.113717
-0.112721
-0.111683
-0.110605
-0.109488
-0.108333
-0.107142
-0.105915
-0.104654
-0.103357
-0.102028
-0.100665
-0.0992688
-0.0978407
-0.0963806
-0.0948889
-0.0933658
-0.0918118
-0.0902096
-0.0885952
-0.08687
-0.0850921
-0.0832669
-0.081395
-0.0794745
-0.0775032
-0.075547
-0.0734948
-0.0713766
-0.0691938
-0.0669673
-0.0648732
-0.0627339
-0.0605539
-0.0583293
-0.0560507
-0.0537811
-0.0515678
-0.0494088
-0.0473229
-0.0453344
-0.0434377
-0.04163
-0.0399097
-0.0382757
-0.0367194
-0.0352359
-0.0338377
-0.0325271
-0.0313053
-0.0301733
-0.0291325
-0.0281843
-0.0273305
-0.0265728
-0.025913
-0.0253533
-0.0248958
-0.024501
-0.0241609
-0.0238377
-0.0237165
-0.0236912
-0.0237379
-0.0238492
-0.0237225
-0.0234939
-0.023169
-0.0227703
-0.0223583
-0.0219033
-0.021387
-0.020976
-0.0205183
-0.0199971
-0.0194078
-0.0187469
-0.0180114
-0.0171985
-0.0163051
-0.0153283
-0.0142651
-0.013433
-0.0126398
-0.0119004
-0.0112175
-0.0106598
-0.0102129
-0.00978989
-0.00927219
-0.00855035
-0.00772989
-0.00681671
-0.00596383
-0.00521828
-0.0045104
-0.00379549
-0.0030337
-0.00223168
-0.0014288
-0.000629461
0.00017185
0.000965857
0.00174548
0.00250769
0.0032852
0.00411524
0.00496577
0.00581886
0.00669994
0.00761481
0.00856763
0.00955926
0.0105906
0.0116628
0.012777
0.0139518
0.0151701
0.0164333
0.017743
0.0191003
0.0205066
0.021963
0.0234704
0.0250296
0.0266416
0.0283075
0.0300285
0.0318058
0.0336407
0.0355347
0.0374894
0.0395065
0.0415129
0.0434936
0.0453575
0.0470558
0.0486804
0.0502471
0.0518298
0.0534421
0.055208
0.0570978
0.0589607
0.0607923
0.0625868
0.0643401
0.0660493
0.0677123
0.069328
0.0708957
0.0724151
0.0738864
0.0753095
0.0766824
0.078008
0.0792867
0.0805194
0.0815566
0.0825358
0.0834804
0.0843795
0.085224
0.0860059
0.0867175
0.0873274
0.0878559
0.0883154
0.0887097
0.089041
0.0893121
0.089526
0.0896856
0.0897932
0.0898511
0.0898611
0.0898246
0.089743
0.0896173
0.0894484
0.0892372
0.0889841
0.0886899
0.0883549
0.0879794
0.0875637
0.0871081
0.0866126
0.0860776
0.0855029
0.0848884
0.0842342
0.0835401
0.0828059
0.0820316
0.081217
0.0803617
0.0794655
0.0785279
0.0775484
0.0765264
0.0754613
0.0743523
0.0731987
0.0719994
0.0707537
0.0694606
0.0681073
0.0666903
0.0651905
0.0636152
0.0619683
0.0602515
0.0584657
0.0566111
0.054688
0.0526962
0.0506938
0.0484567
0.0461814
0.0438459
0.0414464
0.0389854
0.0364673
0.0338958
0.0312734
0.0286018
0.0258663
0.0234277
0.0212099
0.0191648
0.0171663
0.0151745
0.0131671
0.0111325
0.00953615
0.00841242
0.00746775
0.00636823
0.00499058
0.00332983
0.00152964
-0.000313165
-0.00230559
-0.00452531
-0.00693281
-0.00946374
-0.0118443
-0.0139486
-0.0158589
-0.0176604
-0.0193889
-0.0210641
-0.0226964
-0.0242916
-0.0258527
-0.027382
-0.0288812
-0.0303523
-0.0317971
-0.0332179
-0.0346171
-0.0359974
-0.0373615
-0.0387124
-0.040053
-0.0413865
-0.042716
-0.0440446
-0.0453755
-0.046712
-0.0480571
-0.0494141
-0.0507852
-0.0521885
-0.0535971
-0.05502
-0.056486
-0.0562003
-0.0558056
-0.0553204
-0.0549516
-0.0547077
-0.0545879
-0.0545938
-0.0548244
-0.0550072
-0.0552147
-0.0555981
-0.0560734
-0.0566962
-0.0574104
-0.0582883
-0.0591877
-0.0602099
-0.0613097
-0.0625027
-0.0636349
-0.065193
-0.0669785
-0.0685439
-0.0692359
-0.0697744
-0.0698497
-0.0697189
-0.069545
-0.0694014
-0.0687006
-0.0682093
-0.0678137
-0.0666804
-0.0644797
-0.0611121
-0.0567002
-0.0511214
-0.0448076
-0.0374384
-0.0293341
-0.0204546
-0.0111604
-0.000641798
0.0107647
0.0216337
0.0319845
0.041875
0.0514374
0.0530803
0.055051
0.0573402
0.0596966
0.0617179
0.0636678
0.0656186
0.0673853
0.0695022
0.0718154
0.0742859
0.0769662
0.0798978
0.0837114
0.0878699
0.0923331
0.0967842
0.100891
0.10468
0.106771
0.107956
0.108875
0.109607
0.108812
0.107839
0.106404
0.104377
0.101418
0.097769
0.093512
0.0883091
0.0820492
0.0754368
0.068631
0.0617393
0.0559739
0.0506372
0.0461936
0.0424537
0.0391881
0.0361461
0.0331898
0.0292614
0.0256401
0.0223222
0.0190209
0.0159175
0.0128948
0.00995771
0.00622055
0.00134284
-0.00321565
-0.00767589
-0.0110149
-0.0140766
-0.016891
-0.0194534
-0.0217533
-0.0237876
-0.025519
-0.026938
-0.0280328
-0.0288721
-0.0292519
-0.0302812
-0.0310905
-0.0319269
-0.0319898
-0.0318457
-0.031392
-0.0307793
-0.0301476
-0.0295625
-0.0292735
-0.0304834
-0.0321402
-0.034253
-0.0367818
-0.039715
-0.0429382
-0.0464032
-0.0498931
-0.0520038
-0.052344
-0.051486
-0.0508718
-0.0531669
-0.0566227
-0.0606657
-0.064949
-0.0694214
-0.0735479
-0.0780821
-0.0829371
-0.0879657
-0.0930697
-0.0966614
-0.100246
-0.10361
-0.107261
-0.109339
-0.110369
-0.10976
-0.107921
-0.10533
-0.104868
-0.105519
-0.106722
-0.108124
-0.109821
-0.111564
-0.113279
-0.113625
-0.113462
-0.112917
-0.109944
-0.10605
-0.101661
-0.0977828
-0.094654
-0.0939933
-0.094707
-0.0964594
-0.0985629
-0.100083
-0.101231
-0.100866
-0.0993992
-0.0967914
-0.0942624
-0.092101
-0.0896644
-0.0862999
-0.0851495
-0.0846285
-0.0850007
-0.085668
-0.0865614
-0.0871206
-0.0883197
-0.0875883
-0.0867138
-0.0864765
-0.0857298
-0.084833
-0.0838922
-0.082993
-0.0809319
-0.0789311
-0.0773531
-0.075858
-0.0745201
-0.0722072
-0.0694823
-0.0664621
-0.0639496
-0.0621915
-0.0601601
-0.0584214
-0.0569647
-0.0557331
-0.0546653
-0.0537543
-0.0529446
-0.0514755
-0.0497102
-0.0477402
-0.0457942
-0.0438767
-0.0420893
-0.0403712
-0.0388114
-0.0377579
-0.0361457
