-0.099997
-0.0951696
-0.0883823
-0.0836433
-0.0836059
-0.0835526
-0.083476
-0.0819385
-0.0818553
-0.0810971
-0.0810637
-0.0808362
-0.0808208
-0.0808018
-0.0807817
-0.0807616
-0.0807422
-0.0807238
-0.0807065
-0.0806903
-0.0806751
-0.0806609
-0.0806127
-0.0805912
-0.0804159
-0.080405
-0.0803951
-0.0803859
-0.0803774
-0.0803695
-0.0803622
-0.0803554
-0.0803491
-0.0803431
-0.0803376
-0.0803445
-0.080351
-0.0803569
-0.0803624
-0.0803675
-0.0803722
-0.0803766
-0.0803806
-0.0803844
-0.080388
-0.0803917
-0.080395
-0.0803982
-0.0801245
-0.0801273
-0.0801299
-0.0801322
-0.0801347
-0.0801368
-0.0801386
-0.0801402
-0.0801415
-0.0801427
-0.0801437
-0.0801446
-0.0801453
-0.080146
-0.0801466
-0.0801472
-0.0801483
-0.0801488
-0.080149
-0.0801491
-0.0801497
-0.0801504
0.0698466
0.0698395
0.0698015
0.0697655
0.0697214
0.0696801
0.069643
0.0696103
0.0695817
0.0695568
0.0695354
0.0695172
0.0695022
0.0694889
0.0694763
0.0694647
0.0694541
0.0694443
0.0694352
0.0694268
0.0694191
0.0694119
0.0694053
0.0693992
0.0693935
0.0693883
0.0693836
0.0693791
0.069375
0.0693712
0.0693677
0.0693644
0.0693614
0.0693586
0.0693559
0.0693534
0.0693511
0.0693489
0.0693468
0.0693449
0.069343
0.0693412
0.0693395
0.0693378
0.0693362
0.0693347
0.0693331
0.0693316
0.0693302
0.0693287
0.0693273
0.0693261
0.0693271
0.0693287
0.069328
0.0693276
0.0693273
0.069327
0.0693269
0.0693268
0.0693267
0.0693268
0.0693267
0.0693268
0.069327
0.0693275
0.0693416
0.0693476
0.0693449
0.0693433
-0.0802281
-0.0801933
-0.080132
-0.0800601
-0.0799851
-0.0799236
-0.0798859
-0.0798829
-0.0799256
-0.0800303
-0.0802539
-0.0804456
-0.0805966
-0.0807034
-0.0807707
-0.0808312
-0.0808888
-0.0809426
-0.0809923
-0.081038
-0.0810798
-0.0811179
-0.081153
-0.0811861
-0.0812169
-0.0812453
-0.0812716
-0.0812957
-0.0813178
-0.0813381
-0.0813568
-0.0813739
-0.0813895
-0.0814039
-0.0814171
-0.0814291
-0.0814402
-0.0814504
-0.0814596
-0.0814679
-0.0814752
-0.0814818
-0.0814875
-0.0814924
-0.0814966
-0.0815
-0.0815026
-0.0815044
-0.0815053
-0.0815053
-0.0815042
-0.0815004
-0.0814988
-0.081498
-0.0814974
-0.0814967
-0.0814981
-0.0814979
-0.0814977
-0.0814974
-0.081497
-0.0811038
-0.0811039
-0.081104
-0.081104
-0.0811041
-0.0811041
-0.0811041
-0.0811041
-0.0811042
0.0700126
0.0699757
0.0698524
0.0696979
0.0695047
0.0692827
0.0690417
0.0687906
0.0687237
0.0686876
0.0686689
0.0686573
0.0686481
0.0686381
0.0686241
0.0686039
0.0685798
0.0685577
0.0685373
0.0685185
0.0685011
0.0684851
0.0684704
0.0684568
0.0684442
0.0684326
0.0684218
0.0684119
0.0684027
0.0683942
0.0683862
0.0683789
0.0683721
0.0683657
0.0683598
0.0683542
0.068349
0.0683441
0.0683396
0.0683353
0.0683312
0.0683274
0.0683237
0.0683203
0.068317
0.0683138
0.0683108
0.0683079
0.068305
0.0683023
0.0682996
0.0682976
0.068298
0.068299
0.0683
0.0683008
0.0683006
0.0683004
0.0683003
0.0683008
0.0683008
0.0683007
0.0683007
0.0683007
0.0683006
0.0683011
0.0683013
0.0683015
0.0683015
0.0683015
-0.0812138
-0.0811991
-0.0812049
-0.081249
-0.0813273
-0.0814123
-0.0814373
-0.0815793
-0.0817039
-0.0818099
-0.0818963
-0.0819751
-0.0820473
-0.082114
-0.0821755
-0.0822326
-0.0822855
-0.0823347
-0.0823803
-0.0824228
-0.0824623
-0.082499
-0.0825331
-0.0825649
-0.0825944
-0.0826218
-0.0826473
-0.0826709
-0.0826927
-0.0827128
-0.0827314
-0.0827484
-0.0827639
-0.082778
-0.0827908
-0.0828021
-0.0828121
-0.0828208
-0.0828281
-0.0828341
-0.0828387
-0.0828419
-0.0828436
-0.0828437
-0.082842
-0.0828384
-0.0828328
-0.0828253
-0.0828159
-0.0828043
-0.0827907
-0.0827739
-0.0827723
-0.0827718
-0.0827708
-0.0827693
-0.0827694
-0.0827658
-0.0827615
-0.0827565
-0.0827509
-0.0827448
-0.0827382
-0.0827312
-0.0827239
-0.0827202
-0.0827153
-0.0827095
-0.0827081
-0.0827071
0.0681332
0.0680848
0.0679974
0.0678444
0.0676733
0.0674837
0.0672865
0.0671983
0.0672347
0.0672785
0.0671952
0.0672706
0.0673491
0.0674288
0.0675068
0.0675765
0.0676318
0.0676672
0.0676881
0.0677071
0.0677243
0.0677399
0.0677539
0.0677665
0.0677777
0.0677877
0.0677965
0.067804
0.0678105
0.067816
0.0678204
0.0678238
0.0678263
0.067828
0.0678287
0.0678287
0.0678278
0.0678261
0.0678237
0.0678205
0.0678167
0.0678121
0.0678069
0.0678011
0.0677945
0.0677873
0.0677795
0.067771
0.0677619
0.0677522
0.0677418
0.0677304
0.0677255
0.0677246
0.0677239
0.0677234
0.0677229
0.0677224
0.0677219
0.0677213
0.0677206
0.0677199
0.0677191
0.0677187
0.0677181
0.0677176
0.0677172
0.0677169
0.0677331
0.0677331
-0.0826144
-0.082583
-0.0825016
-0.0823961
-0.0822698
-0.0821344
-0.082014
-0.0819119
-0.0818398
-0.0818029
-0.0819308
-0.0820473
-0.0821393
-0.0822043
-0.082249
-0.0822828
-0.0823134
-0.0823413
-0.0823671
-0.0823898
-0.0824088
-0.0824292
-0.0824298
-0.0824472
-0.082463
-0.0824775
-0.0824909
-0.082503
-0.0825141
-0.0825242
-0.0825333
-0.0825415
-0.0825487
-0.0825551
-0.0825607
-0.0825654
-0.0825694
-0.0825726
-0.0825749
-0.0825765
-0.0825772
-0.0825771
-0.0825761
-0.0825741
-0.0825711
-0.082567
-0.0825617
-0.082555
-0.0825469
-0.0825373
-0.082526
-0.0825122
-0.0825056
-0.0825047
-0.0825042
-0.0825038
-0.0825036
-0.0825035
-0.0825034
-0.0825032
-0.0825031
-0.082503
-0.0825028
-0.0825027
-0.0825025
-0.0825023
-0.0825021
-0.0825018
-0.0825016
-0.0825013
0.0679953
0.0679158
0.0677778
0.0676042
0.0674158
0.0673316
0.0673589
0.0673942
0.0674342
0.0674722
0.0675007
0.0675214
0.0675429
0.0675652
0.0675879
0.0676111
0.0676346
0.0676582
0.0676817
0.0677051
0.0677281
0.0677508
0.0677728
0.0677941
0.0678146
0.0678341
0.0678525
0.0678697
0.0678856
0.0678996
0.067912
0.067923
0.0679322
0.0679394
0.067944
0.0679291
0.0679282
0.0679245
0.0679179
0.0679084
0.0678957
0.0678797
0.0678605
0.0678378
0.0678115
0.0677815
0.0677477
0.0677098
0.0676679
0.0676216
0.0675709
0.0675683
0.0675736
0.0675768
0.0675791
0.0675809
0.0675823
0.0675832
0.0675838
0.0675841
0.0675841
0.0675839
0.0675834
0.0675828
0.067582
0.0675808
0.0675796
0.0675782
0.0675768
0.0675754
-0.0824816
-0.0824039
-0.0822551
-0.0820719
-0.0818828
-0.0817069
-0.0815639
-0.0817387
-0.0819207
-0.0821079
-0.0822953
-0.0824538
-0.0825998
-0.0827186
-0.0828316
-0.0829426
-0.0830515
-0.0831583
-0.0832629
-0.0833652
-0.083465
-0.083562
-0.0836562
-0.0837472
-0.0838347
-0.0839186
-0.0839983
-0.0840733
-0.0841437
-0.0842086
-0.0842675
-0.0843201
-0.0843659
-0.0844044
-0.0844349
-0.0844573
-0.0844554
-0.0844575
-0.084449
-0.0844295
-0.0843986
-0.0843554
-0.0842991
-0.0842289
-0.0841438
-0.084152
-0.0841589
-0.0841661
-0.0841727
-0.0841787
-0.084184
-0.0841881
-0.0841962
-0.0842008
-0.0842045
-0.0842082
-0.0842117
-0.0842153
-0.0842196
-0.0842238
-0.0842277
-0.0842313
-0.0842346
-0.0842377
-0.0842405
-0.084246
-0.0842536
-0.0842609
-0.084268
-0.0842749
0.0656595
0.0654908
0.065116
0.0646371
0.0641131
0.0637921
0.06354
0.0633054
0.0630854
0.0628758
0.0626711
0.0624658
0.0622622
0.0620695
0.0618879
0.0617173
0.061558
0.0614099
0.0612731
0.0611477
0.0610336
0.060931
0.0608397
0.06076
0.0606917
0.060635
0.0605898
0.0605562
0.0605342
0.0605239
0.0605252
0.0605383
0.0605632
0.0605998
0.0606483
0.0607087
0.0607811
0.0608654
0.0609617
0.0610701
0.0611906
0.0613233
0.0614681
0.061625
0.0617941
0.0619752
0.0621685
0.0623738
0.0625911
0.0628201
0.0630606
0.0633126
0.0634546
0.0635354
0.0635826
0.0636117
0.0636315
0.0636469
0.0636608
0.0636748
0.0636897
0.0637063
0.063725
0.0637459
0.0637694
0.0637955
0.0638244
0.0638564
0.0638914
0.0639295
-0.0844789
-0.0845008
-0.0845748
-0.084573
-0.0844844
-0.0843439
-0.0841657
-0.0839575
-0.0837271
-0.0834081
-0.08314
-0.0829082
-0.0826522
-0.0823166
-0.0820294
-0.0816741
-0.0812942
-0.0808962
-0.0804818
-0.0802928
-0.0802289
-0.0803144
-0.0804709
-0.0805871
-0.0806726
-0.0807324
-0.0807693
-0.0807921
-0.0807948
-0.0807689
-0.0807456
-0.0807303
-0.0807242
-0.0807285
-0.0807429
-0.0807683
-0.080807
-0.0808611
-0.0809326
-0.0810237
-0.0811368
-0.081167
-0.081117
-0.0810171
-0.0810536
-0.0811217
-0.0811783
-0.0812267
-0.0811168
-0.0809974
-0.0808716
-0.0807404
-0.0806023
-0.0804593
-0.0803112
-0.080592
-0.080899
-0.0812102
-0.0815252
-0.0818435
-0.0821648
-0.0824888
-0.0828155
-0.0831446
-0.0834761
-0.0842026
-0.0848699
-0.0854985
-0.0861043
-0.0866822
0.0805693
0.0803551
0.0795323
0.0793677
0.0788169
0.077948
0.0764302
0.0741673
0.0712316
0.0676045
0.0632949
0.0583045
0.0537726
0.0498485
0.04661
0.0440864
0.0422944
0.0412553
0.0408805
0.040232
0.0393989
0.0384152
0.0373873
0.0363568
0.0353479
0.0343699
0.0334268
0.0325202
0.0316503
0.030854
0.0300889
0.0293522
0.0286408
0.0279519
0.0272822
0.0266289
0.0259884
0.0253576
0.0247345
0.0241171
0.0235037
0.0228922
0.0222811
0.0216685
0.0210526
0.0204318
0.0203601
0.0202933
0.0202283
0.0201498
0.0200822
0.0200229
0.0199806
0.0199477
0.0199271
0.019892
0.0198511
0.0198039
0.01975
0.0196898
0.0196234
0.0195513
0.0194737
0.019391
0.0193036
0.0192118
0.0191167
0.0190102
0.0189003
0.0187873
-0.0923739
-0.0929014
-0.0939638
-0.0956543
-0.0980729
-0.101273
-0.105283
-0.110116
-0.114348
-0.117975
-0.121145
-0.123968
-0.126523
-0.128862
-0.13102
-0.133021
-0.134883
-0.13662
-0.138242
-0.13976
-0.141182
-0.142517
-0.14377
-0.14495
-0.146061
-0.14711
-0.148102
-0.149041
-0.149933
-0.150782
-0.151591
-0.152364
-0.153105
-0.153816
-0.154502
-0.155163
-0.155804
-0.156426
-0.157032
-0.157623
-0.158201
-0.158768
-0.159326
-0.159876
-0.160419
-0.160957
-0.161491
-0.162021
-0.162549
-0.163076
-0.163635
-0.164172
-0.164494
-0.164715
-0.164892
-0.165053
-0.165211
-0.16537
-0.165534
-0.165702
-0.165845
-0.166371
-0.166713
-0.166962
-0.167166
-0.167349
-0.167521
-0.167685
-0.167844
-0.167998
0.00928366
0.00671232
0.00253638
-0.00281359
-0.00823942
-0.0135687
-0.0187105
-0.0236207
-0.0240075
-0.0243035
-0.0244169
-0.0251949
-0.0269659
-0.029792
-0.0338446
-0.0392025
-0.0450088
-0.0505472
-0.0559294
-0.0610997
-0.065478
-0.0688702
-0.0716024
-0.0739492
-0.0760353
-0.0779341
-0.07969
-0.0813311
-0.0828763
-0.0843389
-0.0857287
-0.0870536
-0.0883202
-0.0895341
-0.0907001
-0.0918227
-0.092906
-0.0939538
-0.0949695
-0.0959565
-0.0969178
-0.0978565
-0.0987752
-0.0996768
-0.100564
-0.101439
-0.105961
-0.110832
-0.115911
-0.121166
-0.126264
-0.128043
-0.128377
-0.128908
-0.129177
-0.129199
-0.128969
-0.128472
-0.127896
-0.126943
-0.124137
-0.122081
-0.119924
-0.117597
-0.115063
-0.112275
-0.109162
-0.10534
-0.101521
-0.0968473
-0.159309
-0.159019
-0.159041
-0.158878
-0.16635
-0.176076
-0.188061
-0.201637
-0.215623
-0.229546
-0.242891
-0.255483
-0.263262
-0.262272
-0.260579
-0.258865
-0.258928
-0.260717
-0.264776
-0.269176
-0.271884
-0.274284
-0.278675
-0.285677
-0.295024
-0.304439
-0.311967
-0.317632
-0.321365
-0.329512
-0.333488
-0.339447
-0.347134
-0.356532
-0.367598
-0.380726
-0.395022
-0.410324
-0.426581
-0.444402
-0.464797
-0.485191
-0.505008
-0.524041
-0.541745
-0.558898
-0.576364
-0.594178
-0.612622
-0.630841
-0.648731
-0.665352
-0.679594
-0.692508
-0.703956
-0.713916
-0.722176
-0.728768
-0.733845
-0.737922
-0.741303
-0.744925
-0.747162
-0.747794
-0.747522
-0.746619
-0.744875
-0.742484
-0.739585
-0.736567
-0.441505
-0.441387
-0.44325
-0.445215
-0.443019
-0.440133
-0.437169
-0.434141
-0.430837
-0.427472
-0.423865
-0.420085
-0.422651
-0.42803
-0.436227
-0.447194
-0.460807
-0.476541
-0.493574
-0.511883
-0.531377
-0.551677
-0.573295
-0.58951
-0.60459
-0.618096
-0.630663
-0.641884
-0.65238
-0.661672
-0.669444
-0.675597
-0.679839
-0.682983
-0.685053
-0.686293
-0.686519
-0.685246
-0.682504
-0.678273
-0.671648
-0.666424
-0.663847
-0.664163
-0.661987
-0.659334
-0.652523
-0.64355
-0.632547
-0.619356
-0.621941
-0.622935
-0.62304
-0.624954
-0.625256
-0.626127
-0.627529
-0.629971
-0.633598
-0.6387
-0.643822
-0.647706
-0.650487
-0.65185
-0.650482
-0.644324
-0.635956
-0.62693
-0.618769
-0.612491
-0.654245
-0.655682
-0.659946
-0.66462
-0.669397
-0.675697
-0.681641
-0.687976
-0.69554
-0.700244
-0.700707
-0.696632
-0.691704
-0.691455
-0.695878
-0.701636
-0.70893
-0.710699
-0.714138
-0.71824
-0.723536
-0.727995
-0.730338
-0.72952
-0.725399
-0.717487
-0.708225
-0.697674
-0.688073
-0.675768
-0.661632
-0.645888
-0.628745
-0.608862
-0.587298
-0.56386
-0.549467
-0.534133
-0.518515
-0.501306
-0.483365
-0.468475
-0.467411
-0.47358
-0.479827
-0.484126
-0.491968
-0.499505
-0.506714
-0.513716
-0.520796
-0.527949
-0.535232
-0.540781
-0.544789
-0.547915
-0.550828
-0.553521
-0.551655
-0.550119
-0.54916
-0.54978
-0.550167
