0.099997
0.0925053
0.0842512
0.0788132
0.0788465
0.0766504
0.0740604
0.0740791
0.0720413
0.0720362
0.0709892
0.0709658
0.0709546
0.0709466
0.0709407
0.0709361
0.0709323
0.070929
0.0709262
0.0709238
0.0709217
0.0709198
0.0709182
0.0709168
0.0709156
0.0709144
0.0709158
0.070917
0.0709182
0.0709193
0.0709202
0.0709211
0.0709219
0.0709227
0.0709233
0.0709219
0.0708739
0.0708727
0.0708716
0.0708705
0.0708695
0.0708685
0.0708676
0.0708667
0.0708658
0.0707444
0.0707434
0.0702269
0.0702183
0.0702174
0.0702167
0.0702159
0.0700558
0.069967
0.0699175
0.0698897
0.0698739
0.0698648
0.0698594
0.0698562
0.0698541
0.0698527
0.0698517
0.0698509
0.0698497
0.0698491
0.0698488
0.0698487
0.0698481
0.0698474
-0.0801511
-0.0801393
-0.0801505
-0.0801575
-0.0801725
-0.0801873
-0.0802007
-0.0802123
-0.0802221
-0.0802299
-0.0802356
-0.0802389
-0.0802389
-0.0802378
-0.0802378
-0.0802378
-0.0802378
-0.0802378
-0.0802378
-0.0802378
-0.0802378
-0.0802378
-0.0802378
-0.0802378
-0.0802378
-0.0802378
-0.0802378
-0.0802378
-0.0802378
-0.0802378
-0.0802377
-0.0802377
-0.0802377
-0.0802377
-0.0802377
-0.0802377
-0.0802377
-0.0802376
-0.0802376
-0.0802376
-0.0802376
-0.0802376
-0.0802375
-0.0802375
-0.0802375
-0.0802375
-0.0802374
-0.0802374
-0.0802374
-0.0802373
-0.0802373
-0.0802372
-0.0802372
-0.0802371
-0.0802392
-0.0802408
-0.080242
-0.0802427
-0.0802431
-0.0802431
-0.0802427
-0.0802419
-0.0802417
-0.0802417
-0.0802418
-0.0802421
-0.0802288
-0.0802229
-0.0802257
-0.0802272
0.0693424
0.069356
0.0693786
0.0694133
0.0694602
0.0695132
0.0695733
0.069642
0.069719
0.0697791
0.0697184
0.0696722
0.0696404
0.0696223
0.069619
0.069619
0.0696191
0.0696191
0.0696192
0.0696192
0.0696192
0.0696193
0.0696193
0.0696193
0.0696194
0.0696194
0.0696194
0.0696195
0.0696195
0.0696195
0.0696196
0.0696196
0.0696197
0.0696197
0.0696197
0.0696198
0.0696198
0.0696198
0.0696198
0.0696197
0.0696196
0.0696195
0.0696193
0.0696191
0.0696189
0.0696187
0.0696184
0.0696183
0.0696181
0.0696179
0.0696178
0.0696177
0.0696177
0.0696177
0.0696176
0.0696176
0.0696151
0.0696157
0.0696162
0.0696168
0.0696175
0.0700131
0.070013
0.0700129
0.0700128
0.0700128
0.0700128
0.0700127
0.0700127
0.0700126
-0.0811042
-0.0811073
-0.081141
-0.0811758
-0.0812224
-0.0812806
-0.081351
-0.081434
-0.0813783
-0.0813317
-0.0812958
-0.0812663
-0.081243
-0.0812258
-0.0812151
-0.0812111
-0.0812111
-0.0812112
-0.0812112
-0.0812112
-0.0812113
-0.0812113
-0.0812113
-0.0812113
-0.0812114
-0.0812114
-0.0812115
-0.0812115
-0.0812115
-0.0812115
-0.0812116
-0.0812116
-0.0812116
-0.0812117
-0.0812117
-0.0812117
-0.0812117
-0.0812118
-0.0812118
-0.0812118
-0.0812118
-0.0812118
-0.0812118
-0.0812119
-0.0812119
-0.0812119
-0.0812119
-0.0812119
-0.0812119
-0.0812118
-0.0812118
-0.0812118
-0.0812118
-0.0812118
-0.0812117
-0.0812117
-0.0812126
-0.0812132
-0.0812138
-0.0812141
-0.0812142
-0.0812142
-0.0812142
-0.0812142
-0.0812142
-0.0812141
-0.081214
-0.081214
-0.0812139
-0.0812139
0.0683014
0.0682931
0.0682716
0.068231
0.0681761
0.0681526
0.0682185
0.0681752
0.0681484
0.0681359
0.068136
0.068136
0.0681361
0.0681362
0.0681362
0.0681363
0.0681364
0.0681364
0.0681365
0.0681365
0.0681366
0.0681366
0.0681367
0.0681367
0.0681368
0.0681368
0.0681369
0.0681369
0.0681369
0.0681369
0.068137
0.068137
0.068137
0.068137
0.068137
0.068137
0.068137
0.0681369
0.0681369
0.0681368
0.0681368
0.0681367
0.0681366
0.0681365
0.0681364
0.0681363
0.0681362
0.0681361
0.0681359
0.0681358
0.0681356
0.0681354
0.068127
0.0681251
0.0681246
0.0681246
0.0681229
0.0681244
0.0681262
0.068128
0.0681298
0.0681314
0.0681328
0.0681338
0.0681345
0.0681363
0.0681383
0.0681407
0.0681381
0.0681356
-0.0827064
-0.0826951
-0.082684
-0.0827425
-0.0828064
-0.0828801
-0.0829643
-0.0829539
-0.0828481
-0.0827701
-0.082858
-0.0828044
-0.0827572
-0.0827146
-0.0826765
-0.0826463
-0.0826264
-0.0826188
-0.0826188
-0.0826188
-0.0826188
-0.0826189
-0.0826189
-0.0826189
-0.0826189
-0.082619
-0.082619
-0.082619
-0.0826191
-0.0826191
-0.0826191
-0.0826191
-0.0826191
-0.0826192
-0.0826192
-0.0826192
-0.0826192
-0.0826192
-0.0826192
-0.0826193
-0.0826193
-0.0826193
-0.0826193
-0.0826193
-0.0826193
-0.0826192
-0.0826192
-0.0826192
-0.0826192
-0.0826192
-0.0826191
-0.0826191
-0.0826191
-0.082618
-0.0826186
-0.0826197
-0.082621
-0.0826224
-0.0826238
-0.0826253
-0.0826266
-0.0826279
-0.0826291
-0.0826295
-0.08263
-0.0826303
-0.0826306
-0.0826308
-0.0826145
-0.0826144
0.0677332
0.0677342
0.0677622
0.0678014
0.0678531
0.0679142
0.0679723
0.0680369
0.0681077
0.068174
0.0680958
0.0680353
0.0679953
0.0679758
0.0679703
0.0679703
0.0679703
0.0679703
0.0679703
0.0679706
0.0679716
0.0679715
0.0679887
0.0679888
0.0679888
0.0679888
0.0679889
0.0679889
0.067989
0.067989
0.0679891
0.0679891
0.0679891
0.0679892
0.0679892
0.0679892
0.0679892
0.0679893
0.0679893
0.0679893
0.0679893
0.0679893
0.0679893
0.0679893
0.0679893
0.0679892
0.0679892
0.0679891
0.0679891
0.067989
0.0679889
0.0679888
0.0679887
0.0679861
0.0679857
0.0679859
0.0679864
0.0679869
0.0679875
0.0679881
0.0679887
0.0679894
0.06799
0.0679906
0.0679913
0.067992
0.0679927
0.0679933
0.067994
0.0679947
-0.082501
-0.0825251
-0.0825711
-0.0826377
-0.0827224
-0.0827297
-0.0826616
-0.0826119
-0.082574
-0.0825489
-0.082539
-0.0825385
-0.082538
-0.0825374
-0.0825369
-0.0825363
-0.0825357
-0.0825351
-0.0825345
-0.0825339
-0.0825333
-0.0825326
-0.0825319
-0.0825312
-0.0825305
-0.0825298
-0.0825291
-0.0825283
-0.0825276
-0.0825267
-0.0825254
-0.0825233
-0.0825225
-0.0825216
-0.0825207
-0.0825364
-0.0825361
-0.0825358
-0.0825354
-0.082535
-0.0825346
-0.0825341
-0.0825337
-0.0825332
-0.0825326
-0.0825321
-0.0825315
-0.0825308
-0.0825302
-0.0825295
-0.0825288
-0.0824779
-0.0824495
-0.0824362
-0.0824305
-0.0824288
-0.0824294
-0.0824314
-0.0824342
-0.0824375
-0.0824411
-0.082445
-0.082449
-0.0824531
-0.0824572
-0.0824613
-0.0824654
-0.0824695
-0.0824736
-0.0824776
0.0675739
0.0676049
0.0676655
0.067752
0.0678608
0.067992
0.0681413
0.0680168
0.0679125
0.0678235
0.0677484
0.0677067
0.0676788
0.0676738
0.067672
0.0676699
0.0676676
0.0676651
0.0676624
0.0676595
0.0676563
0.0676529
0.0676492
0.0676453
0.0676411
0.0676366
0.0676318
0.0676267
0.0676213
0.0676155
0.0676094
0.0676028
0.0675958
0.0675883
0.0675803
0.0675715
0.0675771
0.0675701
0.0675626
0.0675545
0.0675458
0.0675364
0.0675263
0.0675155
0.0675039
0.0673922
0.0672599
0.067112
0.0669497
0.0667732
0.0665828
0.0663765
0.0662418
0.0661531
0.0660897
0.0660414
0.066002
0.065968
0.0659373
0.0659087
0.0658816
0.0658558
0.0658309
0.0658069
0.0657835
0.0657613
0.0657401
0.0657192
0.0656988
0.0656789
-0.0842816
-0.0843261
-0.0844079
-0.0845212
-0.0846625
-0.084634
-0.0845727
-0.0845227
-0.0844824
-0.0844529
-0.0844355
-0.0844316
-0.084436
-0.0844404
-0.0844446
-0.0844488
-0.0844529
-0.084457
-0.0844609
-0.0844648
-0.0844686
-0.0844723
-0.084476
-0.0844796
-0.0844832
-0.0844866
-0.08449
-0.0844934
-0.0844967
-0.0844999
-0.0845031
-0.0845062
-0.0845092
-0.0845121
-0.084515
-0.0845178
-0.0845205
-0.0845232
-0.0845257
-0.0845281
-0.0845305
-0.0845327
-0.0845348
-0.0845368
-0.0845387
-0.0845404
-0.0845421
-0.0845436
-0.084545
-0.0845461
-0.084547
-0.0845475
-0.0845481
-0.0845487
-0.0845491
-0.0845492
-0.0845489
-0.0845481
-0.0845468
-0.084545
-0.0845426
-0.0845395
-0.0845359
-0.0845315
-0.0845264
-0.0845205
-0.0845139
-0.0845065
-0.0844982
-0.084489
0.063971
0.0640175
0.0641259
0.0643719
0.0647096
0.0650908
0.0655026
0.0659437
0.0664143
0.0668769
0.067433
0.0680136
0.0686406
0.0690217
0.0692918
0.0695781
0.0698752
0.0701858
0.0705104
0.0708372
0.0711698
0.0715077
0.0718447
0.0721749
0.0724997
0.07282
0.0731366
0.0734508
0.0737853
0.0741525
0.0745235
0.0748951
0.0752683
0.075644
0.0760227
0.0764048
0.0767908
0.0771808
0.0775752
0.077974
0.0783772
0.078778
0.0791749
0.0795748
0.0798045
0.0799734
0.0801445
0.0803176
0.0805947
0.0809277
0.0812892
0.0816344
0.0820209
0.0824294
0.0828511
0.0828316
0.0827827
0.0827322
0.0826793
0.0826233
0.0825638
0.0825008
0.0824346
0.0823653
0.0822935
0.0819851
0.0816745
0.0813622
0.0810484
0.0808091
-0.0872265
-0.0877261
-0.0880849
-0.0880881
-0.0881526
-0.0882317
-0.0883068
-0.0884757
-0.0886354
-0.0887857
-0.0889263
-0.0890567
-0.0891898
-0.0893274
-0.0894607
-0.0895941
-0.0897333
-0.0898777
-0.0899721
-0.0900643
-0.0901534
-0.0902916
-0.0904287
-0.0905641
-0.0906971
-0.0908276
-0.0909554
-0.0910802
-0.0912017
-0.0912803
-0.0913571
-0.0914322
-0.0915059
-0.0915784
-0.0916498
-0.0917203
-0.0917901
-0.0918594
-0.0919282
-0.0919963
-0.0920637
-0.0921304
-0.0921964
-0.0922615
-0.0923258
-0.0923892
-0.0924899
-0.0926086
-0.0933766
-0.0941645
-0.0949138
-0.095639
-0.0962248
-0.0966918
-0.0968057
-0.0966791
-0.0965344
-0.0963692
-0.0961837
-0.0959774
-0.0957499
-0.0955016
-0.0952326
-0.0949431
-0.0946334
-0.0943035
-0.0939535
-0.0935893
-0.0932047
-0.0927994
0.0186715
0.0185571
0.0184155
0.0182674
0.0181039
0.0179258
0.017734
0.0175292
0.0173182
0.0171146
0.0169182
0.0167283
0.0165441
0.0163649
0.0161903
0.0160199
0.0158534
0.0156905
0.015531
0.0153748
0.0152217
0.0150716
0.0149244
0.0147799
0.0146381
0.014499
0.0143623
0.0142281
0.0140963
0.0139668
0.0138396
0.0137146
0.0135917
0.0134709
0.0133522
0.0132355
0.0131208
0.013008
0.0128971
0.0127881
0.012681
0.0125756
0.012472
0.0123701
0.01227
0.0121716
0.0120748
0.0119797
0.0118862
0.0117943
0.0117019
0.0116087
0.0115123
0.011414
0.0113144
0.0112139
0.0111125
0.0110103
0.0109075
0.0108039
0.0107281
0.0105723
0.0104212
0.010274
0.0101295
0.0099869
0.00984565
0.00970529
0.00956545
0.0094259
-0.168195
-0.167782
-0.167017
-0.166074
-0.165285
-0.164619
-0.164049
-0.163557
-0.162048
-0.162248
-0.16248
-0.16266
-0.162797
-0.162917
-0.163016
-0.163095
-0.163155
-0.163175
-0.163198
-0.163234
-0.163298
-0.163369
-0.16344
-0.163507
-0.16357
-0.163625
-0.163674
-0.163715
-0.163749
-0.163774
-0.16379
-0.163798
-0.163796
-0.163785
-0.163764
-0.163733
-0.163691
-0.163637
-0.163572
-0.163495
-0.163405
-0.163302
-0.163184
-0.163052
-0.162905
-0.162742
-0.162536
-0.162303
-0.162044
-0.16176
-0.161438
-0.161328
-0.161177
-0.160959
-0.160756
-0.160574
-0.160399
-0.160232
-0.15898
-0.158847
-0.158808
-0.15874
-0.158699
-0.15864
-0.158613
-0.158548
-0.158586
-0.158509
-0.158572
-0.158554
-0.0917887
-0.0872168
-0.0826514
-0.0764209
-0.0681618
-0.0587364
-0.0488701
-0.0381619
-0.0269733
-0.0153777
-0.0149948
-0.0148532
-0.0147224
-0.0167241
-0.0182763
-0.0200858
-0.0236229
-0.0306246
-0.0388373
-0.0436833
-0.0515563
-0.0595864
-0.0666076
-0.0748885
-0.0863281
-0.0942002
-0.101108
-0.107182
-0.113146
-0.125913
-0.138963
-0.151059
-0.163671
-0.177222
-0.191788
-0.204688
-0.215582
-0.227694
-0.241152
-0.255953
-0.272019
-0.28976
-0.309222
-0.330288
-0.351063
-0.368844
-0.383684
-0.395668
-0.407395
-0.416905
-0.424415
-0.430068
-0.434946
-0.438914
-0.441498
-0.442798
-0.44311
-0.442193
-0.439874
-0.436163
-0.433216
-0.43353
-0.433773
-0.435319
-0.437059
-0.439859
-0.442703
-0.444045
-0.444054
-0.443116
-0.733649
-0.73223
-0.729524
-0.727003
-0.7257
-0.724402
-0.722605
-0.720296
-0.716372
-0.712951
-0.709546
-0.707156
-0.704168
-0.700948
-0.69753
-0.693954
-0.690265
-0.686468
-0.682457
-0.678295
-0.674118
-0.670168
-0.666385
-0.662527
-0.658315
-0.653912
-0.649541
-0.64732
-0.646454
-0.645014
-0.643769
-0.64373
-0.643493
-0.637697
-0.630871
-0.623442
-0.615437
-0.606894
-0.597754
-0.588059
-0.57939
-0.576368
-0.578163
-0.584799
-0.594674
-0.599598
-0.599607
-0.595219
-0.590559
-0.586847
-0.584252
-0.585102
-0.586208
-0.588022
-0.589241
-0.599111
-0.609436
-0.618905
-0.629668
-0.644315
-0.662827
-0.667042
-0.671907
-0.678847
-0.680519
-0.678737
-0.674841
-0.66935
-0.663033
-0.658016
-0.608463
-0.600461
-0.599874
-0.596601
-0.597612
-0.600454
-0.607313
-0.615223
-0.623505
-0.627319
-0.626885
-0.622041
-0.615856
-0.60669
-0.597791
-0.595987
-0.600329
-0.607819
-0.614362
-0.615501
-0.616291
-0.618786
-0.615304
-0.606879
-0.596056
-0.585987
-0.576128
-0.567627
-0.560902
-0.561883
-0.562801
-0.563691
-0.563396
-0.56297
-0.562472
-0.561827
-0.560406
-0.557888
-0.556694
-0.555758
-0.55499
-0.554071
-0.55315
-0.552042
-0.550776
-0.549421
-0.548822
-0.547705
-0.546112
-0.54427
-0.542298
-0.5402
-0.538113
-0.539363
-0.5395
-0.538777
-0.538053
-0.537324
-0.536621
-0.535376
-0.534622
-0.534043
-0.532162
