-8.47873e-05
-0.000332731
-0.000731314
-0.00126865
-0.00193344
-0.00271496
-0.00360302
-0.00458795
-0.00566057
-0.00681213
-0.00803437
-0.0093194
-0.0106598
-0.0120483
-0.0134784
-0.0149435
-0.0164376
-0.0179548
-0.0194898
-0.0210371
-0.0225919
-0.0241494
-0.025705
-0.0272544
-0.0287935
-0.0303182
-0.0318249
-0.0333099
-0.0347697
-0.0361973
-0.03759
-0.0389478
-0.0402626
-0.0415238
-0.0427211
-0.0438446
-0.044885
-0.045834
-0.0466842
-0.0474289
-0.0480615
-0.0485806
-0.048989
-0.0492897
-0.0494854
-0.0495786
-0.0495718
-0.0494672
-0.0492672
-0.0489739
-0.0485892
-0.0481154
-0.0475541
-0.0469074
-0.046177
-0.0453648
-0.0444723
-0.0435014
-0.0424574
-0.0413459
-0.0401636
-0.0389068
-0.0375771
-0.0361758
-0.0347039
-0.0331626
-0.0315527
-0.0298752
-0.0281306
-0.0263195
-0.0244723
-0.0226194
-0.0207606
-0.0188959
-0.0170251
-0.0151479
-0.013264
-0.0113729
-0.00947421
-0.00756728
-0.00565148
-0.0037261
-0.00179035
0.00015663
0.00211577
0.00408806
0.00607456
0.00807641
0.0100948
0.012131
0.0141863
0.0162622
0.01836
0.0204814
0.0226278
0.0248011
0.0270029
0.029235
0.0314994
0.0337822
0.0360885
0.0384363
0.0408182
0.0432246
0.0456482
0.0480856
0.0505381
0.0530128
0.0555216
0.0580803
0.0607079
0.0634181
0.0662159
0.0691053
0.0720901
0.0751745
0.0783628
0.0816595
0.0850689
0.0885959
0.0919535
0.0948591
0.0973265
0.0993687
0.100999
0.102229
0.103072
0.103539
0.103652
0.103431
0.102877
0.101987
0.10077
0.0992378
0.0973986
0.0952616
0.0928349
0.0901265
0.0871436
0.0838929
0.0804914
0.0770552
0.073589
0.0700971
0.0665835
0.0630518
0.0595054
0.0559474
0.0523808
0.0488081
0.0452317
0.0416538
0.0380763
0.034501
0.0309294
0.0273629
0.0238026
0.0202497
0.016705
0.0131691
0.00964278
0.00612633
0.00262012
-0.000875643
-0.00436089
-0.00783567
-0.0113001
-0.0147546
-0.0181994
-0.0216139
-0.0250027
-0.028389
-0.0317624
-0.0351095
-0.0384219
-0.0416937
-0.0449217
-0.0481048
-0.0512448
-0.054346
-0.0574157
-0.0604678
-0.06352
-0.0665904
-0.0696964
-0.0728553
-0.0760841
-0.0793994
-0.0828178
-0.0863502
-0.0897199
-0.092653
-0.0951608
-0.0972542
-0.098944
-0.10024
-0.101154
-0.101693
-0.10188
-0.101733
-0.101249
-0.100424
-0.0992659
-0.0977828
-0.0959825
-0.0938724
-0.0914593
-0.0887495
-0.0857489
-0.0824629
-0.0790249
-0.0755674
-0.072094
-0.0686079
-0.065112
-0.061609
-0.0581013
-0.0545913
-0.0510809
-0.0475719
-0.0440659
-0.0405643
-0.0370685
-0.0335793
-0.0300978
-0.0266247
-0.0231606
-0.0197059
-0.0162611
-0.0128261
-0.00940124
-0.00598633
-0.00258126
0.000814234
0.00420051
0.00757805
0.0109474
0.0143093
0.0176645
0.0209936
0.0243014
0.0276103
0.0309104
0.0341891
0.0374384
0.0406529
0.0438294
0.0469671
0.050068
0.0531369
0.0561821
0.0592179
0.0622627
0.0653345
0.0684514
0.0716307
0.0748898
0.0782457
0.0817093
0.0852858
0.0886976
0.0916707
0.0942162
0.0963455
0.0980692
0.0993979
0.100342
0.100911
0.101126
0.101006
0.100549
0.0997487
0.0986151
0.097156
0.0953793
0.0932923
0.0909022
0.0882152
0.0852374
0.0819742
0.0785582
0.0751213
0.0716672
0.068199
0.0647197
0.0612322
0.057739
0.0542424
0.0507444
0.0472469
0.0437515
0.0402598
0.036773
0.0332923
0.0298186
0.0263526
0.0228951
0.0194466
0.0160073
0.0125776
0.0091575
0.00574703
0.00234609
-0.00104556
-0.00442825
-0.00780241
-0.0111686
-0.0145275
-0.0178798
-0.021206
-0.024511
-0.0278173
-0.0311147
-0.0343907
-0.0376373
-0.040849
-0.0440226
-0.0471574
-0.0502552
-0.0533209
-0.0563626
-0.0593947
-0.0624355
-0.0655031
-0.0686154
-0.0717899
-0.0750438
-0.0783941
-0.0818521
-0.0854232
-0.0888299
-0.0917979
-0.0943387
-0.0964634
-0.0981828
-0.0995074
-0.100447
-0.101013
-0.101224
-0.1011
-0.10064
-0.0998364
-0.0986996
-0.0972374
-0.0954576
-0.0933678
-0.0909747
-0.088285
-0.0853044
-0.0820386
-0.07862
-0.0751807
-0.0717242
-0.0682538
-0.0647725
-0.061283
-0.0577879
-0.0542895
-0.0507898
-0.0472906
-0.0437938
-0.0403006
-0.0368124
-0.0333304
-0.0298554
-0.0263883
-0.0229297
-0.01948
-0.0160398
-0.0126091
-0.00918807
-0.00577673
-0.00237495
0.00101749
0.00440095
0.00777584
0.0111427
0.0145023
0.0178552
0.0211821
0.0244877
0.0277945
0.0310925
0.034369
0.0376162
0.0408284
0.0440026
0.0471379
0.0502362
0.0533024
0.0563446
0.0593772
0.0624185
0.0654866
0.0685994
0.0717744
0.0750289
0.0783797
0.0818382
0.0854099
0.088817
0.0917856
0.0943268
0.096452
0.0981718
0.0994967
0.100437
0.101003
0.101214
0.101091
0.100631
0.0998279
0.0986914
0.0972295
0.09545
0.0933604
0.0909677
0.0882782
0.0852979
0.0820323
0.078614
0.0751749
0.0717186
0.0682484
0.0647673
0.061278
0.0577831
0.0542848
0.0507853
0.0472863
0.0437896
0.0402966
0.0368086
0.0333267
0.0298518
0.0263848
0.0229263
0.0194768
0.0160366
0.012606
0.00918513
0.00577389
0.0023722
-0.00102016
-0.00440353
-0.00777835
-0.0111452
-0.0145046
-0.0178575
-0.0211843
-0.0244899
-0.0277966
-0.0310945
-0.034371
-0.0376181
-0.0408303
-0.0440043
-0.0471396
-0.0502379
-0.053304
-0.0563462
-0.0593787
-0.0624199
-0.065488
-0.0686008
-0.0717758
-0.0750302
-0.078381
-0.0818394
-0.085411
-0.0888181
-0.0917866
-0.0943279
-0.096453
-0.0981727
-0.0994976
-0.100438
-0.101004
-0.101215
-0.101092
-0.100632
-0.0998286
-0.0986921
-0.0972301
-0.0954507
-0.0933611
-0.0909683
-0.0882788
-0.0852985
-0.0820328
-0.0786145
-0.0751754
-0.0717191
-0.0682489
-0.0647677
-0.0612785
-0.0577835
-0.0542852
-0.0507857
-0.0472867
-0.04379
-0.0402969
-0.0368089
-0.033327
-0.0298521
-0.0263851
-0.0229266
-0.0194771
-0.0160369
-0.0126063
-0.00918539
-0.00577413
-0.00237243
0.00101993
0.00440331
0.00777813
0.011145
0.0145044
0.0178573
0.0211841
0.0244897
0.0277964
0.0310943
0.0343708
0.0376179
0.0408301
0.0440042
0.0471395
0.0502377
0.0533039
0.056346
0.0593786
0.0624198
0.0654879
0.0686007
0.0717757
0.0750301
0.0783809
0.0818393
0.0854109
0.088818
0.0917865
0.0943278
0.0964529
0.0981726
0.0994976
0.100438
0.101004
0.101215
0.101092
0.100631
0.0998286
0.098692
0.0972301
0.0954506
0.093361
0.0909682
0.0882787
0.0852984
0.0820328
0.0786145
0.0751754
0.0717191
0.0682488
0.0647677
0.0612784
0.0577835
0.0542852
0.0507857
0.0472867
0.0437899
0.0402969
0.0368089
0.033327
0.0298521
0.0263851
0.0229266
0.0194771
0.0160369
0.0126063
0.00918536
0.00577411
0.00237242
-0.00101995
-0.00440333
-0.00777815
-0.011145
-0.0145045
-0.0178573
-0.0211842
-0.0244897
-0.0277965
-0.0310944
-0.0343709
-0.0376179
-0.0408301
-0.0440042
-0.0471395
-0.0502377
-0.0533039
-0.056346
-0.0593786
-0.0624198
-0.0654879
-0.0686007
-0.0717757
-0.0750301
-0.0783809
-0.0818394
-0.0854109
-0.0888181
-0.0917865
-0.0943278
-0.0964529
-0.0981726
-0.0994976
-0.100438
-0.101004
-0.101215
-0.101092
-0.100631
-0.0998286
-0.098692
-0.0972301
-0.0954506
-0.093361
-0.0909682
-0.0882787
-0.0852984
-0.0820328
-0.0786145
-0.0751754
-0.0717191
-0.0682488
-0.0647677
-0.0612784
-0.0577835
-0.0542852
-0.0507857
-0.0472867
-0.0437899
-0.0402969
-0.0368089
-0.033327
-0.0298521
-0.0263851
-0.0229266
-0.0194771
-0.0160369
-0.0126063
-0.00918537
-0.00577411
-0.00237242
0.00101995
0.00440332
0.00777815
0.011145
0.0145045
0.0178573
0.0211842
0.0244897
0.0277965
0.0310944
0.0343709
0.0376179
0.0408301
0.0440042
0.0471395
0.0502377
0.0533039
0.056346
0.0593786
0.0624198
0.0654879
0.0686007
0.0717757
0.0750301
0.0783809
0.0818394
0.0854109
0.0888181
0.0917865
0.0943278
0.0964529
0.0981726
0.0994976
0.100438
0.101004
0.101215
0.101092
0.100631
0.0998286
0.098692
0.0972301
0.0954506
0.093361
0.0909682
0.0882787
0.0852984
0.0820328
0.0786145
0.0751754
0.0717191
0.0682488
0.0647677
0.0612784
0.0577835
0.0542852
0.0507857
0.0472867
0.0437899
0.0402969
0.0368089
0.033327
0.0298521
0.0263851
0.0229266
0.0194771
0.0160369
0.0126063
0.00918537
0.00577411
0.00237242
-0.00101995
-0.00440332
-0.00777815
-0.011145
-0.0145045
-0.0178573
-0.0211842
-0.0244897
-0.0277965
-0.0310944
-0.0343709
-0.0376179
-0.0408301
-0.0440042
-0.0471395
-0.0502377
-0.0533039
-0.056346
-0.0593786
-0.0624198
-0.0654879
-0.0686007
-0.0717757
-0.0750301
-0.0783809
-0.0818394
-0.0854109
-0.0888181
-0.0917865
-0.0943278
-0.0964529
-0.0981726
-0.0994976
-0.100438
-0.101004
-0.101215
-0.101092
-0.100631
-0.0998286
-0.098692
-0.0972301
-0.0954506
-0.093361
-0.0909682
-0.0882787
-0.0852984
-0.0820328
-0.0786145
-0.0751754
-0.0717191
-0.0682488
-0.0647677
-0.0612784
-0.0577835
-0.0542852
-0.0507857
-0.0472867
-0.0437899
-0.0402969
-0.0368089
-0.033327
-0.0298521
-0.0263851
-0.0229266
-0.0194771
-0.0160369
-0.0126063
-0.00918537
-0.00577411
-0.00237242
0.00101995
0.00440332
0.00777815
0.011145
0.0145045
0.0178573
0.0211842
0.0244897
0.0277965
0.0310944
0.0343709
0.0376179
0.0408301
0.0440042
0.0471395
0.0502377
0.0533039
0.056346
0.0593786
0.0624198
0.0654879
0.0686007
0.0717757
0.0750301
0.0783809
0.0818394
0.0854109
0.0888181
0.0917865
0.0943278
0.0964529
0.0981726
0.0994976
0.100438
0.101004
0.101215
0.101092
0.100631
0.0998286
0.098692
0.0972301
0.0954506
0.093361
0.0909682
0.0882787
0.0852984
0.0820328
0.0786145
0.0751754
0.0717191
0.0682488
0.0647677
0.0612784
0.0577835
0.0542852
0.0507857
0.0472867
0.0437899
0.0402969
0.0368089
0.033327
0.0298521
0.0263851
0.0229266
0.0194771
0.0160369
0.0126063
0.00918537
0.00577411
0.00237242
-0.00101995
-0.00440332
-0.00777815
-0.011145
-0.0145045
-0.0178573
-0.0211842
-0.0244897
-0.0277965
-0.0310944
-0.0343709
-0.0376179
-0.0408301
-0.0440042
-0.0471395
-0.0502377
-0.0533039
-0.056346
-0.0593786
-0.0624198
-0.0654879
-0.0686007
-0.0717757
-0.0750301
-0.0783809
-0.0818394
-0.0854109
-0.0888181
-0.0917865
-0.0943278
-0.0964529
-0.0981726
-0.0994976
-0.100438
-0.101004
-0.101215
-0.101092
-0.100631
-0.0998286
-0.098692
-0.0972301
-0.0954506
-0.093361
-0.0909682
-0.0882787
-0.0852984
-0.0820328
-0.0786145
-0.0751754
-0.0717191
-0.0682488
-0.0647677
-0.0612784
-0.0577835
-0.0542852
-0.0507857
-0.0472867
-0.0437899
-0.0402969
-0.0368089
-0.033327
-0.0298521
-0.0263851
-0.0229266
-0.0194771
-0.0160369
-0.0126063
-0.00918537
-0.00577411
-0.00237242
0.00101995
0.00440332
0.00777815
0.011145
0.0145045
0.0178573
0.0211842
0.0244897
0.0277965
0.0310944
0.0343709
0.0376179
0.0408301
0.0440042
0.0471395
0.0502377
0.0533039
0.056346
0.0593786
0.0624198
0.0654879
0.0686007
0.0717757
0.0750301
0.0783809
0.0818394
0.0854109
0.0888181
0.0917865
0.0943278
0.0964529
0.0981726
0.0994976
0.100438
0.101004
0.101215
0.101092
0.100631
0.0998286
0.098692
0.0972301
0.0954506
0.093361
0.0909682
0.0882787
0.0852984
0.0820328
0.0786145
0.0751754
0.0717191
0.0682488
0.0647677
0.0612784
0.0577835
0.0542852
0.0507857
0.0472867
0.0437899
0.0402969
0.0368089
0.033327
0.0298521
0.0263851
0.0229266
0.0194771
0.0160369
0.0126063
0.00918537
0.00577411
0.00237242
-0.00101995
-0.00440332
-0.00777815
-0.011145
-0.0145045
-0.0178573
-0.0211842
-0.0244897
-0.0277965
-0.0310944
-0.0343709
-0.0376179
-0.0408301
-0.0440042
-0.0471395
-0.0502377
-0.0533039
-0.056346
-0.0593786
-0.0624198
-0.0654879
-0.0686007
-0.0717757
-0.0750301
-0.0783809
-0.0818394
-0.0854109
-0.0888181
-0.0917865
-0.0943278
-0.0964529
-0.0981726
-0.0994976
-0.100438
-0.101004
-0.101215
-0.101092
-0.100631
-0.0998286
-0.098692
-0.0972301
-0.0954506
-0.093361
-0.0909682
-0.0882787
-0.0852984
-0.0820328
-0.0786145
-0.0751754
-0.0717191
-0.0682488
-0.0647677
-0.0612784
-0.0577835
-0.0542852
-0.0507857
-0.0472867
-0.0437899
-0.0402969
-0.0368089
-0.033327
-0.0298521
-0.0263851
-0.0229266
-0.0194771
-0.0160369
-0.0126063
-0.00918537
-0.00577411
-0.00237242
0.00101995
0.00440332
0.00777815
0.011145
0.0145045
0.0178573
0.0211842
0.0244897
0.0277965
0.0310944
0.0343709
0.0376179
0.0408301
0.0440042
0.0471395
0.0502377
0.0533039
0.056346
0.0593786
0.0624198
0.0654879
0.0686007
0.0717757
0.0750301
0.0783809
0.0818394
0.0854109
0.0888181
0.0917865
0.0943278
0.0964529
0.0981726
0.0994976
0.100438
0.101004
0.101215
0.101092
0.100631
0.0998286
0.098692
0.0972301
0.0954506
0.093361
0.0909682
0.0882787
0.0852984
0.0820328
0.0786145
0.0751754
0.0717191
0.0682488
0.0647677
0.0612784
0.0577835
0.0542852
0.0507857
0.0472867
0.0437899
0.0402969
0.0368089
0.033327
0.0298521
0.0263851
0.0229266
0.0194771
0.0160369
0.0126063
0.00918537
0.00577411
0.00237242
-0.00101995
-0.00440332
-0.00777815
-0.011145
-0.0145045
-0.0178573
-0.0211842
-0.0244897
-0.0277965
-0.0310944
-0.0343709
-0.0376179
-0.0408301
-0.0440042
-0.0471395
-0.0502377
-0.0533039
-0.056346
-0.0593786
-0.0624198
-0.0654879
-0.0686007
-0.0717757
-0.0750301
-0.0783809
-0.0818394
-0.0854109
-0.0888181
-0.0917865
-0.0943278
-0.0964529
-0.0981726
-0.0994976
-0.100438
-0.101004
-0.101215
-0.101092
-0.100631
-0.0998286
-0.098692
