0
-0.000306652
-0.000208
-0.000114091
-0.0023402
-0.0382324
-0.0644765
-0.0105283
-0.0590224
-0.00675485
-0.0346834
-0.0108512
-0.00677591
-0.00428199
-0.0045921
-0.00481563
-0.00651213
-0.00823283
-0.00992484
-0.0115979
-0.0132551
-0.0148965
-0.0163415
-0.0182045
-0.0190428
-0.0220361
-0.0234539
-0.0249766
-0.0264712
-0.0279287
-0.0293405
-0.0307044
-0.0320198
-0.0332763
-0.0344418
-0.0358108
-0.0365907
-0.0346421
-0.0323512
-0.0306373
-0.0306126
-0.0307604
-0.0309457
-0.0311187
-0.0312548
-0.0345043
-0.0331783
-0.0420577
-0.0248316
-0.0352959
-0.0408002
-0.0460637
-0.0527168
-0.0487675
-0.0462909
-0.0443321
-0.0426839
-0.0412225
-0.0398726
-0.0385904
-0.0373471
-0.0361639
-0.0349773
-0.0337878
-0.0440476
-0.0390103
-0.0343847
-0.0300826
-0.0274979
-0.0259821
-0.0244718
-0.0217969
-0.021776
-0.0182605
-0.016496
-0.0147879
-0.0130864
-0.0113985
-0.00973236
-0.00808809
-0.00644813
-0.00481811
-0.00316852
-0.00158795
-0.000191984
0.00122258
0.00263096
0.00404724
0.00547206
0.00690631
0.00836963
0.00991057
0.0115837
0.0132931
0.0150218
0.0167702
0.0185393
0.0203307
0.0221458
0.0239861
0.0258393
0.0277083
0.029612
0.031543
0.0334915
0.035451
0.0374186
0.0393962
0.0413907
0.0434128
0.0454765
0.0475985
0.04979
0.052054
0.0543923
0.0568075
0.0593026
0.0618807
0.0645454
0.0673002
0.0701489
0.072862
0.0762657
0.0792742
0.0752045
0.0727404
0.0699908
0.0670684
0.0640355
0.0609284
0.0577694
0.0545655
0.0657712
0.0757938
0.0857898
0.0957633
0.0957443
0.090592
0.087601
0.0802718
0.073255
0.0752053
0.0627203
0.0593429
0.0562908
0.0531237
0.0500073
0.0468764
0.0435673
0.0395238
0.028632
0.0268198
0.0251634
0.0236163
0.0219608
0.0191439
0.0163095
0.0135443
0.0108149
0.00810629
0.00540997
0.00272051
7.95655e-05
-0.00251623
-0.00511284
-0.00771676
-0.0103303
-0.012964
-0.0156103
-0.0183106
-0.0210119
-0.0236908
-0.0263873
-0.0291025
-0.0318345
-0.0345829
-0.0373496
-0.0401363
-0.042941
-0.0457697
-0.048626
-0.0515141
-0.0544398
-0.0574102
-0.060432
-0.0635116
-0.0666554
-0.0698697
-0.0731607
-0.0765346
-0.0799961
-0.0834333
-0.0879277
-0.0919349
-0.0956637
-0.0992307
-0.086937
-0.0773894
-0.0676841
-0.0577939
-0.0477887
-0.00787783
-0.0511689
-0.0620126
-0.072818
-0.0778466
-0.076488
-0.0744343
-0.0721376
-0.069608
-0.0668515
-0.0704082
-0.065492
-0.0630345
-0.061252
-0.0594126
-0.0575729
-0.0556655
-0.0409229
-0.0378222
-0.0355007
-0.0330594
-0.0306643
-0.0283391
-0.0260909
-0.0239244
-0.0215136
-0.0186471
-0.0158295
-0.0130312
-0.0102479
-0.00747743
-0.00471856
-0.00197049
0.000767416
0.00349571
0.00621496
0.00892572
0.0116287
0.0143245
0.0169955
0.0196446
0.0222965
0.0249401
0.0275629
0.0301577
0.0327204
0.0352489
0.0377441
0.0402077
0.0426445
0.0450621
0.0474735
0.0498952
0.0523428
0.0548309
0.0573738
0.0599854
0.0626792
0.0654634
0.0683403
0.0710662
0.0744536
0.0774223
0.0801605
0.0827606
0.078282
0.0752813
0.0721756
0.0733127
0.0759911
0.0770956
0.0772006
0.0766393
0.0755885
0.0741937
0.07238
0.0701259
0.0674458
0.0643438
0.0608132
0.0566815
0.0515031
0.0465956
0.0399792
0.0399621
0.0380086
0.0303618
0.0282115
0.0259481
0.0236603
0.0207893
0.0179287
0.0150782
0.0122364
0.00940197
0.00657309
0.00374804
0.000925084
-0.00189758
-0.0047218
-0.00754945
-0.0103825
-0.0132231
-0.0160732
-0.0189352
-0.0218111
-0.0247032
-0.0276139
-0.0305455
-0.0334947
-0.0364645
-0.039465
-0.0424949
-0.0455526
-0.0486384
-0.0517532
-0.0548988
-0.0580777
-0.0612928
-0.064548
-0.067848
-0.0711993
-0.074385
-0.0768129
-0.0791747
-0.0816152
-0.0841404
-0.0867562
-0.0894672
-0.0922761
-0.0950878
-0.0759734
-0.0701447
-0.0633011
-0.0552194
-0.0467323
-0.0373139
-0.0281753
-0.018853
-0.00938885
0.000204465
0.0099283
0.0197914
0.0298267
0.0154188
0.00417614
-0.00673195
-0.0184209
-0.0289549
-0.0394351
-0.0512526
-0.0536786
-0.0520742
-0.0496337
-0.047475
-0.0453372
-0.0384828
-0.0316412
-0.0317335
-0.03555
-0.0273401
-0.0252857
-0.0231418
-0.0210516
-0.0191455
-0.017374
-0.0157901
-0.0139144
-0.0111961
-0.00845465
-0.00572231
-0.00298368
-0.000269941
0.00243568
0.00513346
0.00782379
0.0105072
0.0131841
0.0158552
0.0185028
0.0211295
0.0237602
0.0263839
0.0289878
0.0315652
0.0341116
0.0366249
0.0391052
0.0415893
0.0440714
0.0465506
0.0490315
0.0515231
0.054036
0.0565815
0.0591879
0.0618622
0.0646106
0.0674377
0.0703466
0.0732485
0.0769861
0.0668457
0.0609373
0.0543143
0.047409
0.0401683
0.0326551
0.0249321
0.0170218
0.00891261
0.000538086
0.013272
0.0233276
0.0332163
0.0430532
0.0528454
0.0528719
0.0691265
0.0666288
0.0679058
0.0639408
0.0605566
0.0575106
0.0544396
0.0508041
0.0474447
0.0438949
0.0401369
0.0309385
0.0288041
0.026988
0.0248415
0.022475
0.019733
0.0167126
0.0137038
0.0107449
0.00784624
0.00498075
0.0019474
0.00195041
-0.00385099
-0.00680271
-0.00973128
-0.0126659
-0.0156093
-0.018564
-0.0215323
-0.0245111
-0.0275035
-0.0305193
-0.0335576
-0.0366166
-0.0396967
-0.0427988
-0.0459247
-0.0490769
-0.0522583
-0.0554729
-0.0587254
-0.0620222
-0.0653706
-0.068778
-0.0722512
-0.0757971
-0.0794226
-0.0831345
-0.0869382
-0.0908371
-0.0947406
-0.0983944
-0.082639
-0.0782446
-0.076497
-0.0744234
-0.0720921
-0.0695585
-0.0668625
-0.064022
-0.0610413
-0.0579203
-0.0546615
-0.0512657
-0.0477323
-0.0440602
-0.040247
-0.0362899
-0.0321849
-0.0279267
-0.0243208
-0.0199211
-0.0156672
-0.0103737
-0.00106568
0.0096392
0.0112618
0.0130105
0.014655
0.0161257
0.0178524
0.020047
0.0222548
0.0244778
0.0267178
0.0289769
0.0312565
0.0335587
0.0358849
0.0382372
0.0406171
0.0430267
0.0454678
0.0479423
0.0504522
0.0529995
0.0555864
0.058215
0.0608822
0.0635996
0.0663666
0.0691676
0.0720285
0.0749246
0.0748593
0.078575
0.0804647
0.0823951
0.0843802
0.0864233
0.0885285
0.0907015
0.092949
0.0952773
0.0976928
0.100202
0.10281
0.105524
0.108348
0.111285
0.0833194
0.0783573
0.0741488
0.0701316
0.0653949
0.0602377
0.0548154
0.049211
0.0434712
0.0376224
0.0316715
0.0256187
0.0194653
0.0132098
0.00684008
0.000370305
-0.00640447
-0.0136604
-0.0210662
-0.0286236
-0.0348008
-0.0420319
-0.0492545
-0.0574007
-0.065806
-0.0745591
-0.0953709
-0.103422
-0.111456
-0.119746
-0.12164
-0.124133
-0.126066
-0.129112
-0.132436
-0.135864
-0.139398
-0.143039
-0.146788
-0.150648
-0.15462
-0.158708
-0.162915
-0.167243
-0.171695
-0.176274
-0.179824
-0.184624
-0.188553
-0.192494
-0.196575
-0.200805
-0.205184
-0.209706
-0.21431
-0.214054
-0.224044
-0.229336
-0.234768
-0.240207
-0.245822
-0.251618
-0.257601
-0.263779
-0.248743
-0.24064
-0.234218
-0.227996
-0.221981
-0.216169
-0.210528
-0.207122
-0.203051
-0.198359
-0.193399
-0.18832
-0.183223
-0.178153
-0.17309
-0.167994
-0.162912
-0.157873
-0.152878
-0.147926
-0.143104
-0.138297
-0.133428
-0.128588
-0.123777
-0.118995
-0.116276
-0.113227
-0.110066
-0.106722
-0.0948827
-0.088857
-0.0848881
-0.081018
-0.0773176
-0.0738181
-0.0705042
-0.0670416
-0.0632196
-0.0594454
-0.0557184
-0.0520366
-0.0483974
-0.0447985
-0.0412373
-0.0377108
-0.0342165
-0.0307516
-0.0273133
-0.0238988
-0.0205054
-0.0171303
-0.0137707
-0.0104238
-0.00708686
-0.0037625
-0.000447224
0.00286891
0.00618516
0.00950032
0.0128149
0.0161303
0.0194485
0.022772
0.0261042
0.0294491
0.0328116
0.0361981
0.0396161
0.043073
0.0465757
0.0501312
0.0537464
0.0574281
0.0611771
0.0649993
0.0688084
0.0730231
0.0769866
0.080802
0.0845262
0.0881916
0.0918182
0.095419
0.099006
0.10259
0.106172
0.109754
0.113341
0.116937
0.120547
0.124174
0.127822
0.131493
0.135187
0.138895
0.143379
0.143203
0.154029
0.159551
0.164615
0.169566
0.174596
0.179708
0.179455
0.187757
0.193541
0.19968
0.203156
0.19107
0.195981
0.199677
0.203819
0.208534
0.204744
0.196929
0.189204
0.181653
0.174329
0.167151
0.160022
0.152901
0.145765
0.13953
0.133766
0.126758
0.119597
0.112446
0.105301
0.0981609
0.0909967
0.0837994
0.0765661
0.0692899
0.0619612
0.0545686
0.0509007
0.0476221
0.0474445
0.0299286
0.021773
0.0159482
0.010758
0.0366363
0.0480352
0.0587258
0.0675497
0.0689809
0.0737367
0.0805094
0.0707988
0.0760995
0.0828239
0.0898832
0.0971934
0.104718
0.11245
0.120393
0.12855
0.136926
0.114261
0.109619
0.104018
0.0982007
0.085864
0.0741338
0.0693047
0.0697316
0.0905326
0.0915772
0.0942273
0.0865641
0.07443
0.0672107
0.0621542
0.0592752
0.0560824
0.0603221
0.0654707
0.0718227
0.0778698
0.083662
0.0895689
0.0972443
0.0989168
0.0993141
0.0984048
0.10031
0.102981
0.106191
0.109572
0.113082
0.116712
0.120462
0.12601
0.129868
0.133821
0.137877
0.142032
0.146284
0.150628
0.155031
0.159503
0.164067
0.16873
0.173497
0.178375
0.183371
0.188495
0.193754
0.199159
0.200373
0.195591
0.17887
0.167289
0.161499
0.156157
0.15666
0.157512
0.168585
0.175454
0.171929
0.168167
0.16407
0.159809
0.15545
0.151046
0.146636
0.142252
0.137916
0.133642
0.129447
0.125044
0.120995
0.117027
0.113181
0.0875859
0.0775998
0.0677977
0.0561629
0.0434252
0.0298668
0.0156791
0.0156
0.0165034
0.0163784
0.0152656
0.013493
0.0113983
0.00912227
0.00675791
0.00435097
0.00192058
-0.000527566
-0.0029938
-0.00548046
-0.00799006
-0.010525
-0.0130878
-0.0156805
-0.018305
-0.0209631
-0.0236565
-0.0263866
-0.0291551
-0.0319573
-0.0347952
-0.0376784
-0.0406055
-0.0435746
-0.0465851
-0.0496377
-0.0527332
-0.0558733
-0.0590601
-0.0622965
-0.0655857
-0.068932
-0.0723393
-0.0758109
-0.0793495
-0.0829576
-0.0866375
-0.0903914
-0.0942197
-0.0991186
-0.103705
-0.109996
-0.116135
-0.122139
-0.128042
-0.133884
-0.139697
-0.145508
-0.151341
-0.151383
-0.172497
-0.174949
-0.179348
-0.184388
-0.18952
-0.194572
-0.199528
-0.204429
-0.209323
-0.215547
-0.215815
-0.215632
-0.21533
-0.215228
-0.21515
-0.215094
-0.215053
-0.147005
-0.135493
-0.116814
-0.124381
-0.143458
-0.160906
-0.171191
-0.176525
-0.179973
-0.180564
-0.183013
-0.1843
-0.166847
-0.14125
-0.122381
-0.110359
-0.101242
-0.0937744
-0.0872495
-0.081281
-0.0756666
-0.0703068
-0.0651588
-0.0602043
-0.055436
-0.0508575
-0.0464733
-0.0422867
-0.0382992
-0.0345116
-0.0309268
-0.0275422
-0.0243544
-0.0213615
-0.0185598
-0.0159441
-0.0135088
-0.0112483
-0.0414942
-0.042905
-0.0419603
-0.0413294
-0.0418016
0.0707403
0.103496
0.108324
0.10418
0.0998575
0.0959756
0.0921819
0.0918103
0.0908641
0.105692
0.0891521
0.0853658
0.0798125
0.0766254
0.0709652
0.0709762
0.0726262
0.0694841
0.0693321
0.0687796
0.0399379
0.0407265
0.0396642
0.0403243
0.0394221
0.0385874
0.0372353
0.0356013
0.0337293
-0.0547968
-0.0669076
-0.0370865
0.114802
0.200198
0.280111
0.307144
0.325239
0.343923
0.434145
0.473524
0.515869
0.530834
0.538564
0.5394
0.536457
0.528421
0.519855
0.515162
-0.180754
-0.124196
-0.123549
-0.13993
-0.201053
-0.235651
-0.244022
-0.234505
-0.224188
-0.220948
-0.231264
-0.256162
-0.231109
-0.153061
-0.127748
-0.114604
-0.0834658
-0.0595994
-0.0485664
-0.169745
-0.216596
-0.199008
-0.158833
-0.1898
-0.174601
-0.16813
-0.168784
-0.193043
-0.188949
-0.176645
-0.202522
-0.266852
-0.312758
-0.288193
-0.278826
-0.224512
-0.213294
-0.139691
-0.0792422
-0.0417852
-0.0300646
-0.031995
-0.17884
-0.149355
-0.125412
-0.0887227
-0.0721148
-0.0611396
-0.0509676
-0.0799134
-0.189647
-0.168979
-0.167226
-0.194839
-0.198031
-0.203733
-0.210187
-0.216116
-0.219257
-0.214007
-0.208334
-0.20196
-0.202315
-0.183013
-0.179989
-0.145686
-0.137388
-0.0648898
-0.0596428
-0.0446395
-0.022051
-0.0103393
-0.0135941
-0.00351265
0.00285269
-0.00512975
-0.0198112
-0.0307159
-0.0381981
-0.0384887
-0.0369303
-0.0281998
-0.0239465
-0.0130275
-0.037333
-0.05859
-0.157985
-0.112034
-0.0728579
-0.0742105
-0.0758909
-0.21053
-0.258603
-0.272714
-0.291194
-0.274509
-0.312363
-0.313181
-0.318209
-0.356146
-0.331147
-0.313654
-0.0497587
0.027797
0.0515035
0.0190288
0.0455627
0.0646453
0.0845524
0.0708708
0.0375658
0.00516344
0.0647258
-0.0377904
0.0204075
0.138125
0.148998
0.163652
0.109812
0.0284679
-0.0494019
-0.0342744
-0.000697229
-0.0015064
-0.00543889
-0.0409335
-0.0391072
-0.0502008
0.0609188
0.0391118
0.065228
0.0772447
0.121723
0.0526853
0.105141
0.125323
0.153362
0.167491
0.196165
0.142441
0.225541
0.26626
0.218083
0.283274
0.313846
0.348289
0.350452
0.339832
0.346718
0.330447
0.31746
0.332643
0.321313
0.198449
0.149819
0.112671
0.0674551
0.0462612
0.0350246
0.0240546
0.0110084
-0.0038364
-0.0186303
-0.0291927
-0.003211
0.0397362
0.0679695
0.0671959
0.066387
0.101756
0.111476
0.0987307
0.0485594
0.109299
