0
-0.18296
0.187906
0.0328512
-0.00599451
0.223104
0.298338
-0.166169
0.165452
-0.327617
0.0967208
-0.137753
-0.0538214
-0.0238564
-0.000803855
-0.0023776
0.00857612
0.00863087
0.00826097
0.00796777
0.00769128
0.00740102
0.0070542
0.00669993
0.00615466
0.005813
0.00371589
0.00484078
0.00440939
0.00387511
0.00324216
0.00256836
0.00187772
0.00109986
0.000119316
0.00484905
-0.00309246
-0.02523
-0.0284009
-0.0248908
-0.0132616
-0.0126852
-0.0130885
-0.0138449
-0.0147738
-0.000266969
-0.0267391
0.0149913
-0.160855
0.0437218
0.0243061
0.0247231
0.0229954
-0.0551779
-0.0426191
-0.0381075
-0.0357186
-0.0345522
-0.034102
-0.0340469
-0.0342313
-0.0342868
-0.0348107
-0.0353214
0.0473346
-0.0643625
-0.0619363
-0.0600382
-0.0479868
-0.040567
-0.040899
-0.0535074
-0.0307005
-0.0568734
-0.043151
-0.0431153
-0.0430088
-0.0430466
-0.0430409
-0.0430124
-0.0431225
-0.04314
-0.0434306
-0.0428342
-0.0412384
-0.0414901
-0.0414271
-0.0414543
-0.0414632
-0.0414581
-0.0415766
-0.0420282
-0.0428553
-0.0429682
-0.0429387
-0.042891
-0.0428328
-0.042765
-0.0426878
-0.0426016
-0.04238
-0.0421614
-0.0420924
-0.0419298
-0.0416538
-0.0412951
-0.0408852
-0.0404682
-0.040089
-0.0397841
-0.0395811
-0.0395027
-0.0395
-0.0394943
-0.0394774
-0.0394535
-0.0394254
-0.0393947
-0.039362
-0.039328
-0.0392926
-0.0370478
-0.0402565
-0.0357315
0.0174249
0.00727844
0.0108831
0.0136114
0.0158321
0.0177197
0.0193757
0.0209507
-0.0824799
-0.072474
-0.0707706
-0.0690112
0.00546696
0.0448364
0.0289062
0.0628229
0.0618545
-0.0012203
0.101938
0.0359807
0.0341479
0.0352366
0.0351636
0.0355362
0.0371488
0.0484549
0.100546
0.0352069
0.0343839
0.0335851
0.0340735
0.039929
0.0401694
0.0398971
0.0397851
0.0397296
0.0396964
0.0396669
0.0393616
0.0391091
0.0390753
0.0390439
0.0389924
0.0389809
0.0388738
0.0390314
0.0387385
0.0382502
0.0380654
0.0378345
0.0375307
0.0371779
0.0367973
0.0363901
0.0359732
0.0355263
0.0350792
0.0346413
0.0342341
0.0338725
0.0335516
0.0332678
0.0330186
0.0328017
0.032615
0.0324566
0.0323051
0.0309731
0.0359704
0.0309048
0.027218
0.0243063
-0.0926302
-0.0742573
-0.0766018
-0.0792308
-0.0812555
-0.298064
0.302855
0.0670709
0.0653924
0.0219336
-0.025944
-0.03237
-0.0354705
-0.0384573
-0.0413591
0.00213045
-0.0629421
-0.041034
-0.0375198
-0.0390204
-0.0395761
-0.0406519
-0.134192
-0.0497213
-0.0442323
-0.0461004
-0.0465434
-0.0466233
-0.046558
-0.0463947
-0.0479851
-0.0508292
-0.0506438
-0.0506366
-0.0506331
-0.0506166
-0.0505784
-0.0505139
-0.0504211
-0.0502993
-0.0501484
-0.0499688
-0.049761
-0.0495257
-0.0490965
-0.0486603
-0.0484147
-0.0480358
-0.0475084
-0.0468851
-0.0461913
-0.0454469
-0.0446774
-0.0438936
-0.0431224
-0.0423909
-0.0417464
-0.041222
-0.0408075
-0.040496
-0.0402819
-0.0401608
-0.0401287
-0.0401362
-0.0401294
-0.0377958
-0.0409079
-0.0362506
-0.0329361
-0.0302874
0.0227902
0.0135564
0.0158003
-0.0135608
-0.0234248
-0.0104746
-0.00172282
0.00458039
0.00957108
0.0134992
0.0178676
0.0224043
0.0267912
0.0311026
0.0354112
0.0382888
0.0475121
0.04583
0.0576195
0.00972117
0.0270122
0.0729042
0.0327203
0.0336563
0.0339902
0.0366654
0.0367526
0.036835
0.036906
0.036961
0.0370006
0.037022
0.0370244
0.0370076
0.0369715
0.0369161
0.036842
0.0367497
0.0366395
0.0365115
0.036366
0.0362033
0.0360236
0.0358272
0.0355381
0.0352417
0.0350275
0.0347478
0.0343966
0.0339974
0.033561
0.0330961
0.0326116
0.0321163
0.0316195
0.0311333
0.0306776
0.0286428
0.0223068
0.020983
0.0207036
0.0204607
0.0202526
0.020058
0.0198527
0.0185238
-0.143897
-0.0485966
-0.056864
-0.0671647
-0.0713621
-0.079233
-0.0782713
-0.080549
-0.0823848
-0.0840354
-0.0856064
-0.0871218
-0.0887583
0.0878234
0.0650767
0.061906
0.0666899
0.0574279
0.0561026
0.0651558
-0.00370687
-0.0355243
-0.0387953
-0.0375576
-0.0378545
-0.0720127
-0.0726017
-0.0239307
-0.00174669
-0.0868708
-0.0421277
-0.0430327
-0.043128
-0.0428492
-0.0426793
-0.0419519
-0.043264
-0.0478345
-0.0480859
-0.0480746
-0.0481432
-0.0479538
-0.0478535
-0.0477227
-0.0475625
-0.0473735
-0.0471565
-0.046912
-0.0464726
-0.0460264
-0.0457728
-0.045386
-0.0448513
-0.0442219
-0.0435204
-0.0427689
-0.0419874
-0.0414442
-0.040839
-0.0402093
-0.039606
-0.0390674
-0.0386021
-0.0382143
-0.038025
-0.0378782
-0.0377665
-0.0376685
-0.0375603
-0.0363164
-0.0400217
0.0622631
0.0327052
0.0391955
0.0424925
0.0460979
0.0491611
0.0516601
0.0538827
0.0561185
0.0587634
-0.0938348
-0.0736336
-0.071416
-0.0699903
-0.0685267
0.00355754
-0.113238
0.0245727
-0.000557321
0.0378289
0.0317874
0.0302688
0.0309601
0.0353607
0.0336101
0.0352103
0.0399926
0.081962
0.0314452
0.0300272
0.0325112
0.0338025
0.0354973
0.03677
0.0368222
0.0366314
0.0365906
0.0363851
0.0368044
0.0155233
0.0572731
0.0366298
0.0363577
0.0362505
0.0361245
0.0359818
0.0358226
0.0355713
0.0353128
0.0351358
0.0348934
0.0345795
0.0342176
0.0338186
0.0333913
0.0329444
0.0324868
0.0320285
0.0315809
0.0311646
0.0307937
0.0304632
0.03017
0.0299113
0.0296852
0.0294898
0.0293031
0.0291014
0.0277593
0.022993
-0.119493
-0.0383619
-0.0205627
-0.0244178
-0.0277634
-0.0306693
-0.0332312
-0.0356028
-0.0379253
-0.0402292
-0.0424658
-0.0446469
-0.0467803
-0.0488717
-0.0509259
-0.0529477
-0.0549428
-0.0569189
-0.054616
-0.0586502
-0.0566574
-0.0639512
-0.0940116
-0.105677
-0.0403942
-0.0408845
-0.0405345
-0.0398327
-0.0409087
-0.0428316
-0.0427834
-0.0427214
-0.0426428
-0.0425469
-0.0424332
-0.0423016
-0.0421521
-0.0419847
-0.0417997
-0.041597
-0.0413769
-0.0411394
-0.0408851
-0.0406138
-0.0403258
-0.0400212
-0.0397423
-0.039382
-0.0389817
-0.0382791
-0.0381221
-0.0375951
-0.0148302
-0.0420338
-0.0275421
-0.026859
-0.0262705
-0.0256841
-0.0251133
-0.024579
-0.024095
-0.0236562
-0.0232592
-0.0229012
-0.02258
-0.0222935
-0.0220202
-0.021736
0.204411
0.0413677
0.0360169
0.0358055
0.0423117
0.0466629
0.049861
0.05241
0.0545413
0.0563964
0.0581527
0.0598602
0.061481
0.0630327
0.0645699
0.0659735
0.0687571
0.0727356
0.0742114
0.0756126
0.0663869
0.072352
0.0697983
0.0747795
0.0750295
0.0765868
0.168714
0.0760501
0.0745205
0.0755283
0.0315388
0.032025
0.0284802
0.0323764
0.0326169
0.0320833
0.031513
0.0309104
0.0302783
0.0296179
0.0289299
0.0282149
0.0274731
0.0267044
0.0259084
0.0250846
0.0158757
0.0230466
0.0149106
0.0129755
0.0119862
0.0110653
0.010066
0.00899493
0.00732333
-0.0318502
0.0433208
0.00554942
0.00403046
0.00140583
0.000166192
-0.00109836
-0.00235681
-0.00360562
-0.15842
-0.110995
-0.102417
-0.103324
-0.104115
-0.104866
-0.105958
-0.102103
-0.1066
-0.111993
-0.115762
-0.118675
-0.121129
-0.123346
-0.125575
-0.128129
-0.130338
-0.132307
-0.134211
-0.136056
-0.137503
-0.139318
-0.141493
-0.143178
-0.144801
-0.146371
-0.14285
-0.147863
-0.143865
-0.143433
-0.206457
-0.161585
-0.147291
-0.147598
-0.147717
-0.147571
-0.147431
-0.148531
-0.150436
-0.150793
-0.151094
-0.151356
-0.151586
-0.151787
-0.151964
-0.152118
-0.152249
-0.152359
-0.152448
-0.152516
-0.152564
-0.152593
-0.152603
-0.152594
-0.152567
-0.15245
-0.152324
-0.152275
-0.152162
-0.151978
-0.151747
-0.151479
-0.151183
-0.150868
-0.150543
-0.150217
-0.149903
-0.14962
-0.149384
-0.14919
-0.149034
-0.148914
-0.148827
-0.148773
-0.148737
-0.148662
-0.147377
-0.157424
-0.150513
-0.145846
-0.142447
-0.139762
-0.137478
-0.135423
-0.133537
-0.131772
-0.130004
-0.128211
-0.126445
-0.124697
-0.122961
-0.121232
-0.119505
-0.117772
-0.116018
-0.114167
-0.125218
-0.0958067
-0.167918
-0.122961
-0.117697
-0.115613
-0.115162
-0.114844
-0.0631117
-0.145324
-0.121682
-0.117024
-0.0986377
0.031192
-0.0965065
-0.0907883
-0.091304
-0.0960004
-0.0473971
-0.0116236
-0.0108656
0.00620604
0.0275894
0.0253625
0.0249484
0.0253383
0.0258713
0.0210889
0.0189456
0.0293725
0.0324519
0.034411
0.0363748
0.0382972
0.0403537
0.0424318
0.0444884
0.046564
0.0486841
0.0508675
0.0202577
0.0141653
-0.00903937
0.11711
0.0445239
0.0273156
0.0220989
-0.200758
-0.0992921
-0.0942935
-0.0770175
-0.0291436
-0.0515961
-0.0652881
0.0546906
-0.0543912
-0.0659268
-0.068756
-0.0706247
-0.0720308
-0.0733015
-0.0745417
-0.0757263
-0.0768727
0.152985
0.0166692
0.0278993
0.030448
0.0802053
0.0707274
0.00534304
-0.0748705
-0.1545
-0.0831488
-0.0749418
0.0362459
0.0712374
0.0233272
-0.00843699
-0.0369285
-0.031262
-0.000680097
0.00348111
0.000160885
0.00772117
0.0136654
0.0166543
-0.00661141
-0.0350621
-0.0104598
0.00365842
-0.0136739
-0.0169498
-0.0190427
-0.0186572
-0.0182656
-0.017984
-0.0177966
-0.0298981
-0.0164783
-0.0161494
-0.0158679
-0.0154792
-0.0149889
-0.0143641
-0.0134088
-0.0124564
-0.0115687
-0.0106824
-0.00978646
-0.00888559
-0.00800326
-0.00715996
-0.00635288
-0.00557799
0.0438663
0.0606433
0.128329
0.166698
0.10185
0.0921057
0.041228
0.0325546
-0.0581312
-0.0326103
0.0784708
0.0833224
0.0894719
0.0941714
0.0979759
0.101046
0.103544
0.105576
0.107271
0.108723
0.109991
0.112992
0.112156
0.113088
0.113711
0.221677
0.124448
0.108415
0.117325
0.124641
0.131387
0.137439
0.161686
0.14764
0.138836
0.136376
0.134926
0.132963
0.130967
0.129052
0.127312
0.125782
0.124454
0.1233
0.122281
0.121364
0.120524
0.119747
0.11902
0.118332
0.117674
0.117041
0.116427
0.11583
0.115162
0.114511
0.113975
0.113405
0.11279
0.112151
0.111495
0.110829
0.110158
0.10949
0.108831
0.108187
0.107568
0.106971
0.106383
0.105801
0.105221
0.104639
0.104054
0.103446
0.111437
0.112523
0.125043
0.118005
0.113703
0.110707
0.108313
0.106186
0.104169
0.102237
0.0590742
0.218153
0.0740174
0.0871503
0.0875028
0.0830092
0.0773941
0.0721264
0.0676038
0.0637849
0.0717158
-0.193734
-0.141355
-0.108528
-0.018101
0.00900925
0.0232683
0.029916
-0.311116
-0.330485
-0.117483
0.121879
0.208096
0.208736
0.102089
0.0296735
0.104507
0.156626
0.127175
0.0808829
-0.119174
-0.212648
-0.155939
-0.0961938
-0.0723334
-0.0598987
-0.053969
-0.0515315
-0.0508107
-0.0508113
-0.0509814
-0.051119
-0.0511563
-0.0509861
-0.0506186
-0.0500973
-0.0494558
-0.0487206
-0.047886
-0.0470109
-0.0461046
-0.0451594
-0.044203
-0.0432593
-0.0423256
-0.0413939
-0.0389742
-0.0282698
-0.0491426
-0.0440702
-0.0157912
-1.3252
-0.135487
-0.119592
0.0296986
0.0361861
0.0359247
0.0370138
0.113941
-0.0978272
-0.0332816
0.0710032
0.0137057
0.0501157
0.0129268
0.0586716
-0.0329868
0.018701
0.00442407
-0.000354855
-0.0982028
0.24495
0.112158
-0.213771
-0.692222
-0.166421
-0.392082
-0.207054
-0.0878841
-0.0340596
-0.466255
0.0916194
-0.0058255
-0.643387
-0.839241
-0.906096
-0.792311
-0.880438
-0.582338
-0.812519
-0.578302
-0.60924
-0.337811
-0.89745
-0.625881
0.414519
0.428422
0.394643
0.281831
5.77914
-0.193019
-0.17728
0.00970562
0.30724
0.117381
0.071404
0.216515
-0.180186
-0.0667863
-0.0353322
-0.0703767
-0.104902
-0.574639
-0.183272
-0.134734
0.106455
0.354264
0.337259
1.3409
0.775815
0.300756
0.244599
1.21471
0.237579
0.43862
0.529141
0.769928
0.589273
0.522164
0.756912
0.827135
0.299836
0.16447
0.0826006
-0.729209
-0.248577
-0.605035
-0.471115
-0.305995
-0.120279
-0.0218489
0.753707
-0.198276
-0.198968
-0.0182607
-0.131403
-0.053926
-0.0605282
0.569347
0.846812
-0.237594
-0.102273
-0.741514
-0.204386
-0.187574
-0.193438
-0.203722
-0.20977
-0.241092
-0.249471
-0.259481
-0.211173
-0.361596
0.432704
-0.187252
-0.0094724
-0.593038
-0.180635
-0.25614
-0.146746
-0.0447029
0.00269012
0.185685
1.0479
0.291759
0.297589
0.264896
0.254483
0.16993
0.133397
-0.0335073
-1.03351
-1.33238
-0.931486
0.108985
2.04787
0.774799
0.35572
0.10229
0.0412173
-0.317012
0.210607
0.133907
0.0414701
-0.0414523
-1.17182
-0.0950445
-0.26965
0.143679
-1.22818
-0.86375
-1.3043
-1.00956
-0.665448
1.44881
0.697491
0.28711
0.0336121
0.101468
-0.0708335
-0.127325
-1.102
-0.533231
-0.394919
-1.89708
-0.765899
-0.45839
0.268003
0.431946
1.71148
0.917217
0.661018
0.165906
-0.525903
-0.364579
-1.21375
-0.90906
-0.935142
-0.0437971
0.18262
-0.292098
-0.771246
1.54881
0.377082
0.564591
0.127968
0.0771767
-0.326579
0.366589
-1.47615
-0.191856
0.368728
-0.462381
-0.189999
-0.117782
-0.0502359
-0.964315
-0.0252528
0.22484
-0.00414993
0.0394792
-0.757231
-0.379321
-0.283483
0.306752
0.486818
-0.263121
0.143332
0.125907
0.0971954
0.0627504
0.0589789
0.0229746
-0.518371
-0.260595
-0.19232
-0.0246796
-0.01966
0.053041
0.0234183
0.0836893
0.324935
-0.445404
