0
0.000251879
0.000247683
0.000201601
0.000170915
-0.000161551
-0.000884294
-0.0013522
-0.00208884
-0.00235738
-0.00270964
-0.00286597
-0.00293959
-0.00300375
-0.00305797
-0.0031078
-0.00316164
-0.00321877
-0.00327872
-0.00334122
-0.00340611
-0.00347327
-0.00354263
-0.00361407
-0.00368757
-0.00376287
-0.0038401
-0.00391728
-0.0039964
-0.00407759
-0.00416093
-0.00424646
-0.00433424
-0.00442428
-0.00451656
-0.00461099
-0.00470695
-0.00479011
-0.00485576
-0.00489499
-0.00491537
-0.00492676
-0.00493329
-0.00493663
-0.00493773
-0.00493717
-0.0049353
-0.00493232
-0.00492839
-0.00492362
-0.00491808
-0.00491185
-0.00490498
-0.00489751
-0.00488949
-0.00488095
-0.00487174
-0.00486172
-0.00485093
-0.00483946
-0.00482734
-0.0048146
-0.00480121
-0.00478721
-0.00477262
-0.00475748
-0.00474179
-0.00472556
-0.00470881
-0.00469154
-0.00467377
-0.00399606
-0.00349254
-0.0030798
-0.00271215
-0.0023711
-0.00207549
-0.00178482
-0.00149521
-0.00120452
-0.000911556
-0.000615647
-0.000316376
-1.34686e-05
0.000293283
0.00060406
0.000911223
0.00121906
0.00152774
0.00183807
0.00214955
0.00245962
0.00276702
0.00307197
0.0033747
0.00367564
0.00397472
0.00427193
0.00456734
0.00486123
0.00515384
0.00544556
0.00573671
0.00602755
0.00631839
0.0066096
0.00690161
0.00719491
0.00748999
0.00778733
0.00808737
0.00836718
0.00869483
0.00903768
0.00939317
0.00976128
0.0101421
0.0105358
0.0109426
0.0113627
0.0117962
0.0119247
0.0119661
0.011938
0.0118229
0.0116121
0.0113019
0.0108915
0.0103813
0.00977257
0.0090667
0.00826524
0.00736982
0.00638212
0.00530399
0.00413311
0.00287589
0.00153385
0.000109202
-0.0013973
-0.00298497
-0.00467413
-0.00647249
-0.00828216
-0.0101022
-0.0119326
-0.0137737
-0.0156216
-0.0174669
-0.0193183
-0.0211776
-0.0230461
-0.0249254
-0.0268167
-0.0287214
-0.0306411
-0.0325654
-0.0345105
-0.0364281
-0.0384005
-0.0403854
-0.0423849
-0.0444011
-0.0464359
-0.0484914
-0.0505697
-0.0526694
-0.0547914
-0.0569375
-0.0591094
-0.0613092
-0.0635387
-0.0658001
-0.0680952
-0.0704262
-0.0727951
-0.0752041
-0.0776557
-0.0801521
-0.0826957
-0.085289
-0.0877474
-0.090124
-0.0924291
-0.0946652
-0.0968345
-0.0989388
-0.10098
-0.10296
-0.104881
-0.106744
-0.108549
-0.110278
-0.111941
-0.113546
-0.1151
-0.116609
-0.118078
-0.119511
-0.120913
-0.122286
-0.123636
-0.124966
-0.126279
-0.12758
-0.128871
-0.130156
-0.131439
-0.132722
-0.134009
-0.135302
-0.13661
-0.137924
-0.139253
-0.140601
-0.141911
-0.143229
-0.144571
-0.145938
-0.147334
-0.148763
-0.150223
-0.151714
-0.153238
-0.154796
-0.156391
-0.158022
-0.159693
-0.161404
-0.163157
-0.164953
-0.166794
-0.168682
-0.170617
-0.172602
-0.174638
-0.176726
-0.178869
-0.181068
-0.183324
-0.185639
-0.188015
-0.190453
-0.192955
-0.195523
-0.198159
-0.200864
-0.20364
-0.20649
-0.209413
-0.212414
-0.215492
-0.218651
-0.221891
-0.225217
-0.228629
-0.23213
-0.235723
-0.239411
-0.243197
-0.247017
-0.251018
-0.255083
-0.259243
-0.263503
-0.267863
-0.272326
-0.276892
-0.281562
-0.286337
-0.291217
-0.296204
-0.3013
-0.306507
-0.311825
-0.317252
-0.322788
-0.328434
-0.334192
-0.340062
-0.346046
-0.352172
-0.358325
-0.364403
-0.370488
-0.376642
-0.382885
-0.389225
-0.39557
-0.402059
-0.408601
-0.415248
-0.422002
-0.429176
-0.437084
-0.445561
-0.454361
-0.463053
-0.471769
-0.480578
-0.489382
-0.498561
-0.5078
-0.517206
-0.526807
-0.536596
-0.546568
-0.556717
-0.567041
-0.577536
-0.588198
-0.598853
-0.610035
-0.621287
-0.632532
-0.643769
-0.654998
-0.666243
-0.677523
-0.688965
-0.700406
-0.712097
-0.723821
-0.735529
-0.747397
-0.759221
-0.770984
-0.782721
-0.794409
-0.805949
-0.817314
-0.828647
-0.839401
-0.849736
-0.863415
-0.87596
-0.887275
-0.897509
-0.906823
-0.91557
-0.923737
-0.922788
-0.921628
-0.920495
-0.919366
-0.918301
-0.917231
-0.916146
-0.915042
-0.913917
-0.912771
-0.911752
-0.91075
-0.909821
-0.908977
-0.908214
-0.907545
-0.906959
-0.90646
-0.906011
-0.905587
-0.905185
-0.904801
-0.904436
-0.904095
-0.903776
-0.903482
-0.903213
-0.902969
-0.902751
-0.90256
-0.902396
-0.902261
-0.90215
-0.901919
-0.901659
-0.901418
-0.901199
-0.901005
-0.900838
-0.900708
-0.900624
-0.900603
-0.900665
-0.900737
-0.900893
-0.901054
-0.901259
-0.901505
-0.901778
-0.902075
-0.902392
-0.902733
-0.903102
-0.9035
-0.90393
-0.904394
-0.904893
-0.90543
-0.906007
-0.906627
-0.907291
-0.907996
-0.908737
-0.909512
-0.910168
-0.910878
-0.911619
-0.912394
-0.913204
-0.914048
-0.914929
-0.915838
-0.916749
-0.91766
-0.918568
-0.919471
-0.920362
-0.921154
-0.921903
-0.92268
-0.923312
-0.923937
-0.924559
-0.925195
-0.925858
-0.926482
-0.927053
-0.927239
-0.92749
-0.927823
-0.928148
-0.928419
-0.928981
-0.929338
-0.929489
-0.929614
-0.929886
-0.93019
-0.930447
-0.930647
-0.930799
-0.930898
-0.930914
-0.931658
-0.931725
-0.931684
-0.931164
-0.930694
-0.9303
-0.92993
-0.929622
-0.929342
-0.929041
-0.928716
-0.928364
-0.927985
-0.927595
-0.927192
-0.926771
-0.92634
-0.925918
-0.925593
-0.925265
-0.925083
-0.924946
-0.925724
-0.926511
-0.927458
-0.928414
-0.930497
-0.932625
-0.934634
-0.936215
-0.937421
-0.938282
-0.939751
-0.941038
-0.942581
-0.944345
-0.946238
-0.948626
-0.95107
-0.953622
-0.956293
-0.959081
-0.961794
-0.964357
-0.966815
-0.969333
-0.971729
-0.974632
-0.977958
-0.981718
-0.98555
-0.988874
-0.992065
-0.995828
-0.999448
-1.00115
-1.00377
-1.0066
-1.00924
-1.01146
-1.01329
-1.01481
-1.01618
-1.01738
-1.01838
-1.01925
-1.02073
-1.02228
-1.02375
-1.02524
-1.02675
-1.02771
-1.02807
-1.02849
-1.02892
-1.03013
-1.03224
-1.03332
-1.03398
-1.03464
-1.0362
-1.03723
-1.03849
-1.03991
-1.04152
-1.0421
-1.04287
-1.04392
-1.04626
-1.04962
-1.05387
-1.05799
-1.06213
-1.0663
-1.0702
-1.07374
-1.07687
-1.08007
-1.08314
-1.08608
-1.08888
-1.0913
-1.0936
-1.09717
-1.1005
-1.10439
-1.10889
-1.11335
-1.1181
-1.12266
-1.1251
-1.12424
-1.12323
-1.12494
-1.12711
-1.12893
-1.13069
-1.13251
-1.13493
-1.13794
-1.14081
-1.14312
-1.14501
-1.14683
-1.14855
-1.14822
-1.1475
-1.14683
-1.14614
-1.14601
-1.14581
-1.14704
-1.14845
-1.14925
-1.14976
-1.14938
-1.14865
-1.14803
-1.14914
-1.15059
-1.15243
-1.1531
-1.15358
-1.15407
-1.15445
-1.15461
-1.15391
-1.15351
-1.15311
-1.15275
-1.1525
-1.15266
-1.15346
-1.15446
-1.15564
-1.15698
-1.15822
-1.15937
-1.15924
-1.15905
-1.1572
-1.15658
-1.15629
-1.15589
-1.15529
-1.15457
-1.15457
-1.15423
-1.15469
-1.15506
-1.1548
-1.15419
-1.15364
-1.15345
-1.15325
-1.15328
-1.15347
-1.15349
-1.15365
-1.15292
-1.15243
-1.15292
-1.15342
-1.1538
-1.15427
-1.15512
-1.15583
-1.15641
-1.15583
-1.15527
-1.15491
-1.15445
-1.15392
-1.15375
-1.15387
-1.15484
-1.15601
-1.15763
-1.15931
-1.16136
-1.16348
-1.16581
-1.16678
-1.16821
-1.17047
-1.17185
-1.17306
-1.17405
-1.17466
-1.17532
-1.17599
-1.17676
-1.17763
-1.17969
-1.18194
-1.18282
-1.18275
-1.18271
-1.18293
-1.18242
-1.18223
-1.18189
-1.18135
-1.18104
-1.18073
-1.18024
-1.18009
-1.18036
-1.18074
-1.18136
-1.18192
-1.18284
-1.1841
-1.18476
-1.18532
-1.18553
-1.18635
-1.18737
-1.18827
-1.19082
-1.19342
-1.19564
-1.19789
-1.19959
-1.20108
-1.20241
-1.20361
-1.20464
-1.20566
-1.20668
-1.2077
-1.20878
-1.21014
-1.21157
-1.21289
-1.21404
-1.21509
-1.21602
-1.21684
-1.21765
-1.2184
-1.21908
-1.21974
-1.22036
-1.22081
-1.2213
-1.22179
-1.22228
-1.22272
-1.22315
-1.22347
-1.22386
-1.22427
-1.22462
-1.22487
-1.22508
-1.22524
-1.22536
-1.22566
-1.22568
-1.22571
-1.22567
-1.22533
-1.22517
-1.22524
-1.22506
-1.22491
-1.22471
-1.22448
-1.22418
-1.22368
-1.22323
-1.22278
-1.22234
-1.22184
-1.22139
-1.22093
-1.2206
-1.22032
-1.22002
-1.21962
-1.21921
-1.21858
-1.21786
-1.21712
-1.21644
-1.21573
-1.21517
-1.21452
-1.214
-1.21333
-1.21275
-1.21187
-1.21098
-1.21005
-1.20915
-1.20821
-1.20747
-1.20638
-1.20538
-1.2044
-1.20383
-1.20312
-1.20248
-1.20184
-1.20118
-1.20046
-1.20008
-1.19996
-1.19986
-1.19975
-1.19986
-1.19902
-1.19878
-1.19852
-1.19831
-1.19803
-1.1979
-1.19764
-1.19743
-1.19717
-1.19721
-1.197
-1.19677
-1.19658
-1.19648
-1.19608
-1.19528
-1.19415
-1.19358
-1.19332
-1.19297
-1.19258
-1.19264
-1.19326
-1.19425
-1.19573
-1.19771
-1.19936
-1.20083
-1.2006
-1.20114
-1.20155
-1.2017
-1.20185
-1.20185
-1.20179
-1.2016
-1.20143
-1.20117
-1.20086
-1.20179
-1.20262
-1.20282
-1.20282
-1.20295
-1.20288
-1.20308
-1.20358
-1.20444
-1.20594
-1.20746
-1.20945
-1.2112
-1.21295
-1.21456
-1.21637
-1.21653
-1.21612
-1.21614
-1.21843
-1.22057
-1.22316
-1.22409
-1.22488
-1.22593
-1.22708
-1.22904
-1.23094
-1.23267
-1.23434
-1.23591
-1.23731
-1.23861
-1.2397
-1.24074
-1.2418
-1.24247
-1.24307
-1.24344
-1.2439
-1.24418
-1.24444
-1.24463
-1.24482
-1.24498
-1.24511
-1.24521
-1.24519
-1.24542
-1.24583
-1.24648
-1.24741
-1.24858
-1.24845
-1.24849
-1.24869
-1.24874
-1.24915
-1.24956
-1.25017
-1.25093
-1.25171
-1.25251
-1.25205
-1.25154
-1.25103
-1.25051
-1.24993
-1.24903
-1.2482
-1.24706
-1.24632
-1.24589
-1.24539
-1.24489
-1.24437
-1.24384
-1.24326
-1.24261
-1.24206
-1.24118
-1.2403
-1.23965
-1.23837
-1.23722
-1.23587
-1.23465
-1.2334
-1.23215
-1.23075
-1.22974
-1.22876
-1.22786
-1.22693
-1.22605
-1.2252
-1.22433
-1.22359
-1.22277
-1.22208
-1.22138
-1.22072
-1.22011
-1.21984
-1.21951
-1.2192
-1.21898
-1.21872
-1.21834
-1.21804
-1.21774
-1.21754
-1.21731
-1.21701
-1.217
-1.21711
-1.21745
-1.2178
-1.21833
-1.21895
-1.21958
-1.22018
-1.22153
-1.22304
-1.22481
-1.22667
-1.22873
-1.23076
-1.23254
-1.23335
-1.23462
-1.23562
-1.23645
-1.23744
-1.23796
-1.23858
-1.23931
-1.23966
-1.24013
-1.24057
-1.24135
-1.24192
-1.24274
-1.24344
-1.2444
-1.24514
-1.24617
-1.24693
-1.24799
-1.24894
-1.24992
-1.2509
-1.25193
-1.25294
-1.25397
-1.25497
-1.25598
-1.25699
-1.258
-1.25899
-1.25996
-1.26092
-1.26185
-1.26276
-1.26364
-1.26448
-1.26515
-1.26553
-1.26596
-1.26581
-1.26528
-1.26454
-1.26382
-1.26311
-1.26208
-1.26154
-1.26134
-1.26141
-1.26181
-1.26232
-1.26281
-1.26324
-1.26366
-1.26411
-1.26447
