0.087224
0.0825384
0.0765675
0.0710506
0.0665104
0.0617235
0.057287
0.0531526
0.0493349
0.0457787
0.0424876
0.0394284
0.0365903
0.0339566
0.0315126
0.0292445
0.0271396
0.0251862
0.0233734
0.0216911
0.0201298
0.0186809
0.0173362
0.0160882
0.01493
0.013855
0.0128574
0.0119308
0.0110709
0.0102729
0.00953224
0.00884484
0.00820688
0.00761477
0.00706523
0.00655517
0.00608176
0.00564278
0.00523549
0.00485766
0.00450712
0.00418184
0.00387996
0.0035998
0.00333978
0.00309847
0.0028745
0.00266664
0.00247373
0.0022947
0.00212855
0.00197436
0.00183127
0.0016985
0.0015753
0.00146099
0.00135493
0.00125654
0.00116526
0.0010806
0.00100207
0.000929258
0.000861743
0.000799155
0.000741146
0.000687362
0.000637544
0.000591413
0.000548713
0.000509205
0.000473174
0.000442696
0.00106159
0.00126712
0.00119656
0.0010877
0.00102775
0.000970678
0.00091654
0.000865288
0.000816838
0.000771078
0.00072789
0.000687151
0.000648738
0.000612531
0.000578389
0.000546216
0.000515907
0.000487226
0.000460261
0.000434882
0.000410983
0.000388479
0.000367271
0.000347217
0.000328331
0.000310556
0.000293826
0.000278079
0.000263258
0.000249308
0.000236178
0.000223819
0.000212186
0.000201236
0.00019093
0.000181228
0.000172096
0.0001635
0.000155408
0.000147753
-0.000215869
-0.000197465
-0.000180445
-0.000164707
-0.000150153
-0.000136695
-0.000124252
-0.00011275
-0.000102118
-9.76679e-05
-9.19689e-05
-8.72891e-05
-8.34657e-05
-8.03769e-05
-7.7929e-05
-7.60465e-05
-7.4667e-05
-7.37374e-05
-7.3212e-05
-7.30494e-05
-7.32122e-05
-7.36669e-05
-7.4385e-05
-7.53956e-05
-7.64318e-05
-7.75057e-05
-7.86915e-05
-7.99564e-05
-8.45803e-05
0.000215077
0.000447369
0.000481808
0.000424127
0.000368972
0.000317003
-0.000688869
-0.00223721
-0.00410668
-0.00617743
-0.00838347
-0.0106879
-0.0130705
-0.0155233
-0.0180538
-0.0194093
-0.0193365
-0.0179512
-0.0178759
-0.0176828
-0.017349
-0.0168568
-0.0161928
-0.015346
-0.0143076
-0.0132823
-0.012331
-0.0114482
-0.0106291
-0.00986899
-0.00916369
-0.00850924
-0.00790199
-0.00733852
-0.00681569
-0.00633057
-0.00588045
-0.00546281
-0.00507531
-0.00471578
-0.00438193
-0.00407138
-0.00378276
-0.00351446
-0.00326506
-0.00303321
-0.00281769
-0.00261733
-0.00243107
-0.00225789
-0.00209673
-0.00194708
-0.00180807
-0.00167891
-0.0015589
-0.00144739
-0.00134377
-0.00124748
-0.00115801
-0.00107488
-0.000997645
-0.000925903
-0.000859614
-0.000799089
-0.000742855
-0.000690593
-0.000642025
-0.000596894
-0.000554963
-0.00051601
-0.000181368
9.74434e-05
0.000107965
0.000111472
0.000112257
0.000111289
0.000109091
0.000105774
0.000101153
9.51787e-05
8.78891e-05
8.06736e-05
7.39425e-05
6.76603e-05
6.17934e-05
5.63104e-05
5.11824e-05
4.63826e-05
4.18863e-05
3.76704e-05
3.37138e-05
2.99965e-05
2.65005e-05
2.32086e-05
2.01052e-05
1.71754e-05
1.44059e-05
1.17845e-05
9.29962e-06
6.82108e-06
4.35119e-06
1.89125e-06
-5.57871e-07
-2.9957e-06
-5.42222e-06
-7.83785e-06
-1.02434e-05
-1.26401e-05
-1.50296e-05
-1.74138e-05
-1.97952e-05
-2.21763e-05
-2.45604e-05
-2.69508e-05
-2.93515e-05
-3.17667e-05
-3.42016e-05
-3.66625e-05
-3.91579e-05
-4.14287e-05
-2.83099e-06
-7.66253e-06
-1.20802e-05
-1.61486e-05
-1.99135e-05
-2.34096e-05
-2.66646e-05
-2.97014e-05
-3.25402e-05
-3.51989e-05
-3.75361e-05
-3.92509e-05
-4.0236e-05
-4.07475e-05
-4.12967e-05
-4.18835e-05
-4.2507e-05
-4.31664e-05
-4.38614e-05
-4.45487e-05
-4.45485e-05
-4.38978e-05
-4.21293e-05
-3.91896e-05
-3.51058e-05
-2.99645e-05
-2.38602e-05
-1.64417e-05
-8.81106e-06
-4.23081e-07
8.72527e-06
1.85825e-05
2.81911e-05
3.66325e-05
4.45103e-05
5.05864e-05
5.47824e-05
5.73714e-05
5.85568e-05
6.05162e-05
5.92939e-05
5.71244e-05
5.40127e-05
4.99936e-05
4.51156e-05
3.94135e-05
3.29089e-05
2.5611e-05
1.75168e-05
8.61187e-06
-1.74662e-06
-1.24244e-05
-2.30775e-05
-3.10735e-05
-3.65687e-05
-3.97095e-05
-4.14465e-05
-4.26464e-05
-4.34705e-05
-4.43211e-05
-4.49723e-05
-4.55971e-05
-4.63468e-05
-4.69414e-05
-4.75528e-05
-4.80735e-05
-4.87357e-05
-4.89814e-05
-4.91554e-05
-4.91389e-05
-4.93299e-05
-4.89105e-05
-4.81724e-05
-4.09779e-05
-3.2574e-05
-2.4259e-05
-1.6679e-05
-1.03599e-05
-5.45245e-06
-2.01987e-06
0.00302312
0.0044902
0.00454247
0.00456801
0.00457162
0.00456003
0.00453591
0.00450076
0.00445539
0.00398864
0.00458931
0.00517293
0.00572674
0.00623044
0.00665906
0.00698575
0.00715028
0.00720428
0.00725026
0.00729236
0.00733662
0.00738872
0.0074408
0.00748709
0.00752469
0.00755291
0.00757125
0.00757932
0.00757628
0.00756276
0.00753899
0.00750424
0.00745839
0.00740217
0.00733791
0.00727005
0.00720079
0.00713111
0.00706113
0.00698157
0.00687281
0.00673606
0.00657241
0.0063715
0.00614163
0.00587324
0.00557072
0.00524019
0.00490393
0.0045619
0.00421382
0.00385989
0.00350043
0.00313572
0.0027661
0.00239189
0.00201349
0.00163128
0.00124568
0.000857092
0.000465889
7.21303e-05
-0.000323671
-0.000721302
-0.00113501
-0.00144271
-0.00177043
-0.00212162
-0.00249701
-0.0028957
-0.00331497
-0.0037523
-0.00419274
-0.00463672
-0.00508467
-0.00553705
-0.00599539
-0.00648271
-0.0069582
-0.0203144
-0.0204808
-0.020539
-0.0205231
-0.0204399
-0.020296
-0.020098
-0.0198509
-0.0195607
-0.0192257
-0.0188491
-0.0184346
-0.0179851
-0.0175413
-0.0170994
-0.0166575
-0.0162103
-0.0157554
-0.0152828
-0.0147851
-0.0142559
-0.0137085
-0.0131523
-0.0125881
-0.0120253
-0.0114795
-0.0109205
-0.0103294
-0.00972492
-0.00910918
-0.00850121
-0.0079065
-0.00732455
-0.00675493
-0.0061961
-0.00564663
-0.00510573
-0.00458029
-0.00406631
-0.00356117
-0.00306394
-0.00257442
-0.0020941
-0.00162025
-0.00115087
-0.000694281
-0.000271705
0.000100468
0.000460257
0.000819756
0.00111921
0.00135002
0.00151159
0.00161683
0.00169361
0.00174949
0.0018206
0.00184308
0.00185322
0.00184523
0.00181495
0.00185351
0.00188861
0.00191421
0.00193315
0.00195272
0.00200871
0.00210139
0.00222666
0.00235377
-0.358677
-0.314379
-0.296644
-0.295685
-0.308975
-0.331609
-0.371364
-0.422535
-0.486682
-0.545672
-0.610232
-0.679143
-0.749574
-0.816104
-0.87555
-0.923891
-0.956071
-0.966605
-0.951346
-0.91872
-0.881953
-0.841973
-0.799231
-0.775263
-0.770322
-0.745563
-0.744607
-0.723328
-0.682064
-0.663658
-0.664838
-0.645468
-0.605985
-0.54793
-0.47607
-0.425212
-0.396295
-0.386145
-0.39349
-0.416579
-0.447766
-0.484614
-0.514235
-0.534336
-0.545148
-0.548581
-0.545991
-0.541709
-0.532209
-0.511817
-0.476589
-0.42961
-0.379668
-0.331729
-0.293503
-0.266084
-0.248749
-0.231056
-0.219676
-0.214905
-0.216177
-0.220351
-0.225707
-0.229431
-0.231294
-0.230728
-0.228842
-0.223666
-0.227919
-0.23988
-0.429831
-0.456757
-0.459444
-0.44863
-0.42969
-0.409818
-0.395833
-0.388946
-0.392428
-0.403895
-0.423135
-0.437864
-0.460014
-0.473033
-0.490617
-0.514428
-0.540604
-0.565785
-0.588554
-0.610481
-0.631762
-0.650357
-0.661166
-0.669142
-0.686567
-0.709454
-0.736747
-0.756217
-0.731134
-0.68215
-0.620685
-0.568715
-0.575948
-0.645955
-0.765497
-0.855142
-0.825849
-0.707944
-0.636535
-0.61971
-0.638244
-0.672995
-0.705352
-0.706213
-0.677678
-0.580879
-0.327643
0.0987
0.57858
0.946081
0.955084
0.913133
0.880278
0.855494
0.826593
0.797554
0.772598
0.753691
0.743738
0.724644
0.714626
0.693814
0.681258
0.654898
0.636338
0.601299
0.577569
0.536911
0.508503
0.46507
0.496143
0.446754
0.392996
0.334987
0.276198
0.210236
0.140796
0.0776573
0.00983827
-0.0184673
-0.0175368
-0.00290004
0.0157979
0.0336905
0.0493094
0.0683267
0.108868
0.156542
0.210534
0.241935
0.250259
0.233428
0.202202
0.146959
0.0476477
-0.0469778
-0.125163
-0.164995
-0.0786826
0.243961
0.162416
0.193459
0.211147
0.26018
0.271091
0.275697
0.254906
0.26613
0.279798
0.292317
0.303114
0.308522
0.318055
0.311782
0.308737
0.314706
0.326235
0.344252
0.35257
0.354644
0.368072
0.377198
0.381298
0.370357
0.352789
0.329296
0.298755
0.264879
0.230033
0.184545
0.151237
0.105795
0.0727177
0.0312588
0.00113882
-0.0402852
-0.0595383
-0.0928965
-0.109721
-0.143013
-0.766101
-0.767603
-0.766641
-0.761894
-0.762293
-0.762172
-0.766501
-0.771449
-0.780048
-0.7896
-0.789427
-0.789178
-0.788981
-0.790015
-0.790625
-0.791778
-0.79134
-0.789926
-0.78494
-0.777965
-0.766709
-0.75408
-0.738915
-0.712939
-0.671968
-0.634048
-0.572633
-0.513443
-0.452945
-0.377001
-0.294433
-0.212784
-0.137311
-0.0914398
-0.0678659
-0.0600829
-0.0629093
-0.0689033
-0.0771633
-0.0885094
-0.0940797
-0.0977182
-0.105562
-0.114335
-0.123615
-0.106383
-0.0878193
-0.073462
-0.0596483
-0.0440628
-0.0274374
-0.00982036
0.00798423
0.0262474
0.0455897
0.0636699
0.0832012
0.102133
0.121462
0.140536
0.159542
0.18024
0.195819
0.20493
0.21481
0.204624
0.189797
0.174557
0.158537
0.148054
-0.0302986
-0.0488383
-0.0592695
-0.0853374
-0.0994164
-0.116093
-0.113253
-0.106239
-0.0878125
-0.049467
-0.00645563
0.0436924
0.0778313
0.121109
0.147762
0.18029
0.212541
0.259715
0.314031
0.373076
0.428536
0.457477
0.465941
0.455391
0.432101
0.382852
0.333784
0.283553
0.257222
0.253763
0.273921
0.316704
0.376698
0.425693
0.467415
0.49281
0.516825
0.523728
0.514836
0.491784
0.456848
0.409214
0.367207
0.337865
0.327672
0.333058
0.343101
0.335138
0.31344
0.295751
0.284221
0.289012
0.302823
0.32751
0.335619
0.345557
0.350876
0.351877
0.344954
0.333694
0.312853
0.269204
0.221148
0.176774
0.122999
0.064414
0.0287334
0.000215885
-0.0193542
-0.0328992
-0.674518
-0.686587
-0.6982
-0.693989
-0.686804
-0.67537
-0.669775
-0.660913
-0.656929
-0.650691
-0.6493
-0.647815
-0.649373
-0.648967
-0.651214
-0.650286
-0.65152
-0.646562
-0.634025
-0.615278
-0.595543
-0.574868
-0.552505
-0.528935
-0.507351
-0.493147
-0.482913
-0.476834
-0.46412
-0.447242
-0.425685
-0.405556
-0.387988
-0.370755
-0.344572
-0.309991
-0.269627
-0.224615
-0.185345
-0.157588
-0.139365
-0.129879
-0.127687
-0.131333
-0.136654
-0.141311
-0.150819
-0.161045
-0.174905
-0.191468
-0.215175
-0.233041
-0.259103
-0.279665
-0.308182
-0.33264
-0.367281
-0.381561
-0.398495
-0.407548
-0.422506
-0.430057
-0.442311
-0.439743
-0.442254
-0.438552
-0.43867
-0.431424
-0.427839
-0.416488
0.575745
0.575858
0.56483
0.552055
0.533804
0.505952
0.489717
0.47773
0.471365
0.47553
0.486945
0.501859
0.524232
0.551801
0.577443
0.60443
0.629544
0.655764
0.679441
0.706561
0.701341
0.698469
0.694326
0.693516
0.689643
0.689259
0.685095
0.686265
0.683908
0.684929
0.682636
0.683343
0.681195
0.680705
0.679148
0.680481
0.685921
0.689239
0.689277
0.690059
0.687243
0.686788
0.684349
0.684501
0.680859
0.680388
0.67614
0.675474
0.671717
0.671134
0.666383
0.665778
0.660926
0.660326
0.655452
0.655335
0.651
0.650507
0.645006
0.644628
0.639764
0.639292
0.633586
0.633137
0.627235
0.626802
0.621403
0.620958
0.614867
0.61378
-0.641592
-0.64136
-0.638261
-0.629423
-0.62773
-0.622679
-0.615784
-0.604492
-0.58534
-0.562463
-0.528792
-0.491556
-0.448398
-0.403097
-0.34705
-0.292651
-0.227658
-0.166895
-0.104526
-0.0645453
