0
-0.0031293
-0.00609868
-0.00737433
-0.0085042
-0.00910765
-0.00915606
-0.00872988
-0.00807969
-0.00765768
-0.00725724
-0.00697091
-0.00677937
-0.00666826
-0.00663578
-0.00667928
-0.00679563
-0.00698219
-0.00723642
-0.00755593
-0.00793856
-0.00838234
-0.00888556
-0.00944607
-0.0100634
-0.0107342
-0.0114603
-0.0122423
-0.0130772
-0.0139645
-0.0149041
-0.0158958
-0.0169398
-0.0180363
-0.019186
-0.0203901
-0.021651
-0.0228181
-0.0239172
-0.024949
-0.0259139
-0.0268125
-0.0276453
-0.028413
-0.0291158
-0.0297543
-0.0303287
-0.0308393
-0.0312863
-0.0316697
-0.0319896
-0.032246
-0.0324387
-0.0325676
-0.0326324
-0.0326329
-0.0325748
-0.0324576
-0.0322809
-0.0320438
-0.0317459
-0.0313862
-0.030964
-0.0304783
-0.0299283
-0.029313
-0.0286312
-0.0278819
-0.0270638
-0.0261756
-0.025216
-0.0245625
-0.0237152
-0.0226678
-0.0214316
-0.0201099
-0.0188723
-0.01769
-0.0165577
-0.0154724
-0.0144319
-0.0134347
-0.0124792
-0.011564
-0.0106878
-0.00984931
-0.00907736
-0.00836863
-0.00772191
-0.0071354
-0.00660865
-0.00613871
-0.00572355
-0.0053622
-0.00505376
-0.00479736
-0.00459222
-0.00443738
-0.00433209
-0.00427592
-0.00426855
-0.00430962
-0.00439892
-0.00453633
-0.00472182
-0.00495545
-0.00523731
-0.00556759
-0.00594655
-0.00637449
-0.00685183
-0.00733462
-0.00774143
-0.00816971
-0.00860164
-0.00903211
-0.0094584
-0.00987916
-0.0102937
-0.0107019
-0.0111036
-0.0116336
-0.0123295
-0.0130079
-0.0136769
-0.0143419
-0.0150064
-0.0156727
-0.0163426
-0.0170173
-0.017698
-0.0183856
-0.0190811
-0.0197858
-0.0205032
-0.0211611
-0.0217821
-0.022363
-0.022894
-0.0233754
-0.0238066
-0.0244174
-0.0250296
-0.0254995
-0.0258625
-0.0261307
-0.0263101
-0.0263235
-0.026148
-0.0257988
-0.0252994
-0.0246706
-0.0239281
-0.0230822
-0.022138
-0.0210944
-0.020293
-0.0198645
-0.0195165
-0.0195097
-0.0194715
-0.0194119
-0.0193388
-0.019258
-0.0191742
-0.0190907
-0.0190762
-0.0191184
-0.0191878
-0.0192685
-0.0193518
-0.0194332
-0.0195104
-0.0195823
-0.0196483
-0.0197085
-0.0197629
-0.0198117
-0.0198555
-0.0198949
-0.0199299
-0.0203145
-0.0211117
-0.0218705
-0.0225724
-0.0232204
-0.0238241
-0.0243892
-0.0249193
-0.0254164
-0.0258818
-0.0262701
-0.0266286
-0.0269615
-0.0272703
-0.0275554
-0.0278163
-0.0280522
-0.0282621
-0.0284446
-0.0285986
-0.0287226
-0.028815
-0.0288735
-0.0288951
-0.0289101
-0.0289224
-0.0289336
-0.0289446
-0.0289559
-0.0289679
-0.0291539
-0.0293502
-0.0294441
-0.0295447
-0.0296674
-0.0297897
-0.0299026
-0.0300032
-0.0300902
-0.0301612
-0.0302138
-0.0302451
-0.0302617
-0.0302701
-0.0302741
-0.0302756
-0.0302758
-0.0302753
-0.0302745
-0.0302734
-0.0302723
-0.0302712
-0.03027
-0.0302686
-0.0302671
-0.0302653
-0.030262
-0.0302552
-0.0302429
-0.030223
-0.030193
-0.0301505
-0.0300936
-0.0300202
-0.0299283
-0.0298158
-0.0296807
-0.0295209
-0.0293344
-0.0291187
-0.0288717
-0.0285909
-0.0282735
-0.0279166
-0.0275167
-0.02707
-0.0265716
-0.0260152
-0.0253902
-0.024763
-0.0242346
-0.0237687
-0.0233544
-0.0229895
-0.0226715
-0.0223985
-0.0221685
-0.0219799
-0.021831
-0.0217201
-0.0216454
-0.0215964
-0.0215467
-0.0215082
-0.021493
-0.0214915
-0.0214984
-0.0215109
-0.0215273
-0.0215468
-0.0222849
-0.0237794
-0.025719
-0.0280655
-0.0308057
-0.0339419
-0.0374785
-0.0412382
-0.0456589
-0.0504938
-0.0557455
-0.0614149
-0.0671459
-0.0726175
-0.0780559
-0.0831922
-0.0880515
-0.0926315
-0.0969316
-0.100846
-0.104601
-0.108072
-0.111269
-0.114194
-0.116846
-0.119225
-0.121333
-0.123168
-0.12473
-0.126018
-0.126992
-0.127735
-0.128363
-0.129412
-0.130885
-0.132783
-0.134956
-0.137262
-0.139698
-0.142167
-0.144754
-0.147409
-0.150097
-0.152895
-0.155759
-0.158713
-0.161717
-0.164864
-0.1681
-0.171448
-0.174851
-0.178407
-0.182094
-0.184943
-0.188091
-0.191267
-0.194415
-0.197487
-0.200369
-0.203047
-0.206693
-0.210365
-0.21389
-0.216967
-0.219776
-0.222391
-0.224861
-0.227216
-0.229473
-0.231644
-0.233814
-0.236005
-0.238157
-0.240216
-0.242179
-0.244172
-0.246167
-0.248215
-0.250229
-0.252181
-0.254046
-0.25581
-0.257458
-0.258982
-0.260378
-0.261642
-0.262773
-0.263771
-0.264639
-0.26538
-0.265998
-0.266493
-0.266868
-0.267119
-0.267283
-0.267371
-0.267397
-0.267372
-0.267309
-0.267213
-0.267064
-0.266859
-0.266613
-0.266322
-0.26598
-0.265583
-0.265122
-0.264601
-0.264012
-0.263357
-0.262639
-0.261854
-0.260999
-0.260076
-0.259086
-0.258032
-0.256916
-0.255741
-0.254507
-0.253218
-0.251872
-0.250474
-0.249024
-0.24752
-0.246106
-0.244546
-0.242929
-0.241245
-0.239485
-0.237648
-0.235712
-0.233682
-0.231547
-0.229295
-0.226914
-0.224393
-0.221736
-0.219443
-0.216399
-0.21366
-0.210886
-0.208357
-0.206412
-0.204992
-0.204045
-0.20352
-0.203355
-0.20351
-0.203964
-0.20468
-0.205625
-0.206776
-0.208056
-0.209487
-0.211003
-0.212763
-0.214778
-0.216861
-0.219115
-0.221595
-0.223895
-0.225989
-0.227709
-0.229394
-0.230734
-0.232051
-0.233686
-0.23541
-0.237231
-0.238898
-0.240315
-0.241479
-0.242388
-0.243044
-0.243448
-0.243598
-0.243399
-0.242883
-0.242057
-0.240943
-0.239562
-0.237989
-0.236107
-0.234035
-0.231684
-0.228744
-0.225249
-0.22125
-0.217219
-0.213712
-0.21009
-0.206515
-0.203452
-0.200497
-0.197361
-0.194619
-0.190793
-0.186684
-0.182214
-0.177329
-0.17265
-0.168112
-0.163552
-0.158903
-0.154234
-0.149709
-0.145472
-0.141448
-0.137694
-0.13374
-0.128548
-0.122476
-0.115691
-0.108637
-0.103086
-0.0974621
-0.0917752
-0.0889213
-0.0896001
-0.0905909
-0.0916315
-0.0925931
-0.093452
-0.0941424
-0.0946689
-0.0950469
-0.095354
-0.0956191
-0.0964407
-0.0979805
-0.0997523
-0.101637
-0.103617
-0.105652
-0.107731
-0.111378
-0.115324
-0.119199
-0.121393
-0.123349
-0.124764
-0.125749
-0.126593
-0.127783
-0.128837
-0.129474
-0.130503
-0.131542
-0.132714
-0.133976
-0.135704
-0.135458
-0.133716
-0.13062
-0.127414
-0.124334
-0.122086
-0.120965
-0.120346
-0.120544
-0.120751
-0.121134
-0.12118
-0.121497
-0.121751
-0.122191
-0.124011
-0.125729
-0.128033
-0.130665
-0.13353
-0.136722
-0.141503
-0.145524
-0.149277
-0.15214
-0.153469
-0.154247
-0.154901
-0.154596
-0.153049
-0.148636
-0.141788
-0.135437
-0.129584
-0.12435
-0.120636
-0.117624
-0.116996
-0.116174
-0.115174
-0.113919
-0.11268
-0.111202
-0.11083
-0.109858
-0.108714
-0.107849
-0.109189
-0.110048
-0.109019
-0.106642
-0.104194
-0.0994984
-0.0991226
-0.0990612
-0.0991524
-0.0993463
-0.100887
-0.102442
-0.104253
-0.105776
-0.106929
-0.107864
-0.107917
-0.107868
-0.107659
-0.10736
-0.106449
-0.105307
-0.103991
-0.104478
-0.104726
-0.104862
-0.105836
-0.1065
-0.109528
-0.10976
-0.110171
-0.111579
-0.112931
-0.114566
-0.115314
-0.116872
-0.118166
-0.119349
-0.119187
-0.11897
-0.118614
-0.11805
-0.117338
-0.116783
-0.114207
-0.111672
-0.108776
-0.105314
-0.101218
-0.0998175
-0.099042
-0.0988044
-0.100063
-0.101522
-0.102868
-0.104377
-0.105685
-0.107154
-0.108191
-0.109038
-0.109001
-0.108664
-0.107983
-0.107336
-0.106505
-0.105846
-0.105195
-0.106237
-0.107044
-0.107297
-0.108438
-0.109986
-0.111873
-0.114396
-0.116413
-0.117976
-0.119519
-0.120817
-0.121096
-0.120685
-0.121736
-0.123215
-0.124765
-0.126108
-0.12832
-0.130089
-0.13193
-0.133939
-0.135741
-0.137537
-0.139465
-0.141066
-0.142377
-0.143601
-0.144415
-0.145337
-0.146013
-0.146633
-0.147791
-0.149232
-0.151194
-0.152773
-0.154286
-0.155332
-0.155105
-0.154832
-0.155063
-0.155304
-0.156181
-0.157287
-0.15852
-0.159864
-0.161343
-0.162833
-0.164303
-0.165739
-0.167013
-0.168109
-0.169181
-0.170341
-0.171551
-0.172765
-0.174019
-0.175381
-0.176737
-0.17811
-0.179732
-0.181234
-0.182723
-0.184343
-0.185891
-0.186799
-0.188148
-0.189282
-0.191089
-0.192514
-0.194047
-0.195147
-0.196146
-0.196751
-0.19817
-0.198981
-0.200459
-0.201783
-0.203351
-0.203996
-0.205436
-0.20833
-0.210924
-0.212336
-0.213829
-0.214218
-0.215442
-0.21636
-0.216918
-0.218435
-0.220708
-0.222672
-0.224954
-0.227038
-0.22921
-0.231339
-0.233741
-0.236106
-0.238463
-0.240872
-0.243115
-0.245238
-0.247125
-0.248934
-0.250856
-0.252249
-0.253549
-0.254801
-0.255775
-0.25664
-0.258109
-0.259663
-0.261203
-0.26284
-0.264447
-0.266098
-0.267786
-0.269486
-0.271003
-0.272526
-0.273582
-0.27461
-0.275609
-0.276637
-0.277805
-0.279163
-0.280338
-0.281351
-0.282342
-0.283252
-0.284125
-0.285429
-0.286422
-0.287409
-0.288414
-0.289444
-0.290492
-0.291585
-0.292736
-0.293938
-0.294792
-0.295961
-0.297177
-0.298256
-0.29931
-0.30082
-0.302938
-0.305548
-0.307262
-0.308831
-0.310665
-0.312795
-0.314634
-0.315869
-0.316624
-0.316913
-0.316726
-0.31648
-0.316637
-0.318716
-0.319776
-0.321069
-0.322642
-0.324347
-0.326298
-0.328462
-0.33083
-0.333232
-0.335796
-0.33849
-0.339509
-0.340675
-0.342534
-0.344646
-0.346731
-0.348354
-0.34982
-0.351107
-0.352152
-0.352756
-0.353174
-0.353293
-0.353691
-0.354131
-0.354808
-0.355257
-0.356723
-0.358802
-0.360784
-0.36072
-0.360915
-0.360702
-0.361408
-0.362381
-0.363283
-0.364171
-0.36452
-0.364614
-0.364792
-0.364959
-0.365249
-0.365665
-0.366176
-0.366772
-0.367445
-0.366339
-0.366562
-0.367304
-0.368674
-0.369992
-0.371433
-0.37282
-0.374294
-0.375634
-0.377555
-0.379218
-0.381542
-0.384021
-0.38644
-0.388533
-0.390183
-0.391693
-0.393203
-0.396213
-0.398721
-0.400517
-0.402209
-0.403284
-0.404385
-0.4054
-0.406367
-0.40729
-0.40834
-0.409694
-0.411082
-0.412348
-0.413457
-0.414648
-0.416765
-0.419643
-0.42176
-0.423083
-0.423725
-0.425269
-0.426739
-0.428118
-0.429424
-0.430816
-0.432393
-0.433743
-0.435671
-0.437294
-0.438742
-0.439833
-0.441389
-0.443055
-0.444681
-0.44636
-0.44803
-0.44985
-0.451406
-0.452857
-0.454322
-0.455829
-0.457337
-0.458841
-0.460355
-0.461794
-0.463366
-0.4648
-0.466249
-0.4677
-0.469136
-0.470314
-0.471514
-0.472713
-0.473939
-0.475189
-0.476587
-0.477913
-0.479296
-0.480596
-0.481966
-0.483416
-0.484687
-0.485846
-0.486865
-0.487842
-0.488758
-0.489564
-0.490417
-0.491303
-0.491509
-0.491553
-0.491505
-0.491365
-0.491194
-0.491013
-0.491117
-0.491951
-0.492527
-0.493306
-0.494162
-0.494931
-0.496242
-0.497522
-0.498777
-0.500334
-0.501835
-0.503395
-0.504707
-0.506226
-0.507575
-0.509047
-0.510361
-0.511881
-0.51322
-0.5148
-0.516173
-0.517639
-0.519097
-0.520579
-0.522039
-0.523523
-0.524999
-0.526502
-0.527998
-0.529496
-0.530989
-0.532487
-0.533984
-0.53548
-0.536968
-0.538447
-0.539922
-0.541394
-0.542932
-0.544708
-0.54639
-0.548329
-0.550512
-0.552803
-0.555019
-0.557304
-0.56206
-0.567361
-0.572557
-0.577717
-0.581962
-0.585357
-0.588091
-0.590515
-0.592352
-0.594093
-0.595605
