0.0171984
0.00598746
0.00383444
0.00384279
-0.000348019
-0.000511627
-0.000502079
-0.00290361
-0.00288455
-0.00430668
-0.00448869
-0.00543721
-0.00628703
-0.00712218
-0.00794162
-0.00874319
-0.00952848
-0.0102982
-0.0110526
-0.0117922
-0.0125176
-0.0132294
-0.0139286
-0.0145925
-0.0152539
-0.0158291
-0.0164212
-0.0170017
-0.0175718
-0.0181335
-0.0186886
-0.0192393
-0.0197872
-0.0203343
-0.0208825
-0.0214341
-0.0219945
-0.022617
-0.0232534
-0.0238889
-0.0245203
-0.0251476
-0.0257706
-0.0263892
-0.0270034
-0.0276131
-0.0282184
-0.028819
-0.0294151
-0.0300065
-0.0305933
-0.0311755
-0.0317529
-0.0323257
-0.0328937
-0.0334571
-0.0340157
-0.0345697
-0.035119
-0.0356636
-0.0362035
-0.0367387
-0.0372692
-0.037795
-0.0383161
-0.0388324
-0.0393441
-0.039851
-0.0403532
-0.0408507
-0.0365432
-0.0362077
-0.0358786
-0.0355503
-0.0352236
-0.0348995
-0.0345791
-0.0342619
-0.0339478
-0.033637
-0.0333292
-0.0330244
-0.0327227
-0.0324239
-0.032128
-0.031835
-0.0315451
-0.0312581
-0.030974
-0.0306928
-0.0304145
-0.030139
-0.0298663
-0.0295963
-0.029329
-0.0290644
-0.0288024
-0.0285431
-0.0282863
-0.0280321
-0.0277804
-0.0275312
-0.0272845
-0.0270402
-0.0267983
-0.0265587
-0.0263216
-0.0260867
-0.0258542
-0.025624
-0.0253959
-0.02517
-0.0249487
-0.0247265
-0.0245062
-0.0242877
-0.0240712
-0.0238565
-0.0236436
-0.0234326
-0.0232235
-0.0230177
-0.0228127
-0.0226097
-0.0224086
-0.0222094
-0.0220119
-0.0218162
-0.0216222
-0.0214299
-0.0212393
-0.0210504
-0.0208631
-0.0206776
-0.0204936
-0.0203112
-0.0201301
-0.0199505
-0.0197723
-0.0195956
-0.01942
-0.0192434
-0.0190693
-0.0188986
-0.0187299
-0.0185624
-0.0183961
-0.0182344
-0.0180739
-0.0179128
-0.0177506
-0.017587
-0.0174218
-0.0172551
-0.0170869
-0.0169172
-0.0167576
-0.0166041
-0.0164561
-0.0163076
-0.0161607
-0.0160155
-0.0158721
-0.0157303
-0.0155903
-0.0154521
-0.0153152
-0.0151794
-0.0150446
-0.0149109
-0.0147783
-0.0146468
-0.0145164
-0.014387
-0.0142588
-0.0141315
-0.0140054
-0.0138803
-0.0137563
-0.0136333
-0.0135113
-0.0133909
-0.0132711
-0.0131525
-0.013035
-0.0129186
-0.0128033
-0.0126889
-0.0125756
-0.0124633
-0.012352
-0.0122417
-0.0121325
-0.0120243
-0.011917
-0.0118106
-0.0117051
-0.0116004
-0.0114966
-0.0113937
-0.0112916
-0.0111903
-0.0110898
-0.0109902
-0.0108912
-0.0107932
-0.010696
-0.0105997
-0.0105043
-0.0104097
-0.010316
-0.010224
-0.0101324
-0.0100411
-0.00995051
-0.00986078
-0.00977188
-0.0096838
-0.00959653
-0.00951007
-0.0094244
-0.00933953
-0.00925542
-0.00917206
-0.00908946
-0.0090076
-0.00892647
-0.00884607
-0.00876639
-0.00868743
-0.00860918
-0.00853164
-0.00845479
-0.00837863
-0.00830315
-0.00822836
-0.00815424
-0.00808078
-0.00800798
-0.00793583
-0.00786431
-0.00779342
-0.00772316
-0.00765351
-0.00758446
-0.00751601
-0.00744816
-0.00738088
-0.00731418
-0.00724805
-0.00718248
-0.00711746
-0.00705299
-0.00698905
-0.00692565
-0.00686276
-0.00680038
-0.0067385
-0.0066771
-0.00661617
-0.00655581
-0.00659532
-0.00653539
-0.00647608
-0.00641738
-0.00635928
-0.00630176
-0.00624482
-0.00618845
-0.00613263
-0.00607737
-0.00602266
-0.00596848
-0.0059148
-0.0058616
-0.00580888
-0.00575664
-0.00570487
-0.00565356
-0.00560271
-0.00555004
-0.00549925
-0.00544807
-0.00539662
-0.00534492
-0.00529292
-0.00524059
-0.00518788
-0.00513487
-0.00508123
-0.00502707
-0.00497233
-0.00491694
-0.00486166
-0.00480727
-0.00475325
-0.00470048
-0.00464907
-0.0045991
-0.0045506
-0.00450316
-0.00445768
-0.00441384
-0.00437154
-0.00433076
-0.0042915
-0.00425373
-0.00421742
-0.00418251
-0.00414896
-0.0041167
-0.0040854
-0.00405533
-0.00402596
-0.00399617
-0.00396603
-0.00393565
-0.00390539
-0.00387553
-0.00384594
-0.00381661
-0.0037878
-0.00375948
-0.00373141
-0.00370386
-0.00367683
-0.00365028
-0.00362393
-0.00359802
-0.00357255
-0.00354748
-0.00352255
-0.003498
-0.00347377
-0.00344978
-0.00342629
-0.00340327
-0.00338029
-0.00335696
-0.00333353
-0.00330991
-0.0193611
-0.0264804
-0.026226
-0.0259776
-0.025734
-0.0254942
-0.0252578
-0.0250244
-0.0247941
-0.0242671
-0.0271595
-0.0299636
-0.0326228
-0.0350368
-0.0370721
-0.0385655
-0.0392111
-0.0393146
-0.0393883
-0.0394663
-0.0395886
-0.0397898
-0.0400388
-0.0403134
-0.040604
-0.0409105
-0.0412325
-0.0415699
-0.0419205
-0.0422872
-0.0426713
-0.0430682
-0.0434762
-0.0438949
-0.0443385
-0.0448239
-0.0453584
-0.0459441
-0.0465811
-0.047221
-0.0477537
-0.0481775
-0.0484994
-0.048662
-0.0487077
-0.0485812
-0.0483029
-0.0479004
-0.0475043
-0.0471146
-0.046731
-0.0463533
-0.045981
-0.0456138
-0.0452514
-0.0448932
-0.0445391
-0.0441886
-0.0438413
-0.0434969
-0.0431554
-0.0428158
-0.0424783
-0.0421428
-0.0418097
-0.0425114
-0.0431325
-0.0436131
-0.0439124
-0.0440064
-0.0438765
-0.0435138
-0.0431515
-0.0427893
-0.0424266
-0.0420627
-0.041697
-0.0413294
-0.0430077
-0.0397154
-0.038982
-0.0383563
-0.0377534
-0.0371717
-0.0366093
-0.0360639
-0.0355325
-0.0350154
-0.0345097
-0.0340125
-0.0335199
-0.0330285
-0.0325781
-0.0321633
-0.0317732
-0.031378
-0.0309714
-0.0305558
-0.0301272
-0.0296794
-0.0292073
-0.0287148
-0.0282016
-0.0276611
-0.0271154
-0.0265703
-0.026008
-0.0254483
-0.0248967
-0.02436
-0.0238416
-0.0233437
-0.0228684
-0.0224177
-0.021994
-0.0216
-0.0212363
-0.0209033
-0.0206026
-0.0203347
-0.0200991
-0.0198937
-0.0197207
-0.0195809
-0.019479
-0.019453
-0.0194809
-0.0195343
-0.0196003
-0.0197097
-0.0198741
-0.0200844
-0.0203137
-0.0205508
-0.0207872
-0.0209817
-0.0212286
-0.0214818
-0.0217502
-0.0220435
-0.0223877
-0.0227214
-0.0230767
-0.0234491
-0.0238077
-0.0241648
-0.0245129
-0.0248524
-0.0251984
0.521332
0.538783
0.547153
0.555673
0.566012
0.574945
0.582979
0.58946
0.58471
0.570198
0.545408
0.506227
0.448691
0.370452
0.267488
0.136259
-0.0237774
-0.206146
-0.396248
-0.527476
-0.604039
-0.662129
-0.710056
-0.717736
-0.695092
-0.704018
-0.672807
-0.671194
-0.693642
-0.685321
-0.654549
-0.646154
-0.657338
-0.680482
-0.704068
-0.705343
-0.692194
-0.669677
-0.639217
-0.598313
-0.550421
-0.499865
-0.450232
-0.404668
-0.366156
-0.331603
-0.289478
-0.226329
-0.151863
-0.0695668
0.0127318
0.0618899
0.0833565
0.0833891
0.0693112
0.0461336
0.0163592
-0.0116517
-0.0458027
-0.0882363
-0.134376
-0.176167
-0.213797
-0.246037
-0.271843
-0.306518
-0.337732
-0.362837
-0.382973
-0.397266
-0.20317
-0.118601
-0.0502764
-0.00393728
0.0482745
0.077979
0.0910325
0.0930672
0.0820181
0.0596166
0.022531
0.000814948
-0.0373708
-0.0359963
-0.047045
-0.0738787
-0.111953
-0.169233
-0.196839
-0.190399
-0.155901
-0.0965414
-0.014584
0.0197707
0.00913044
-0.0351372
-0.128388
-0.271031
-0.485315
-0.651759
-0.775554
-0.805482
-0.785549
-0.707257
-0.522645
-0.215279
0.255872
0.472738
0.509453
0.462049
0.373964
0.24839
0.0753739
-0.174167
-0.323461
-0.535982
-0.756006
-0.857431
-0.756012
-0.289076
0.479831
0.605824
0.689665
0.725765
0.739483
0.735764
0.73546
0.717895
0.702225
0.685774
0.668925
0.653503
0.637214
0.624833
0.612431
0.610523
0.602668
0.605316
0.601852
0.607304
-0.259653
-0.257111
-0.251523
-0.244296
-0.234514
-0.220102
-0.200555
-0.174547
-0.133974
-0.0902056
-0.0635519
-0.0556805
-0.0685075
-0.0870907
-0.109682
-0.129865
-0.157989
-0.170349
-0.17324
-0.167339
-0.166309
-0.171522
-0.185681
-0.207704
-0.227421
-0.225642
-0.203433
-0.196161
-0.260288
0.170903
0.269975
0.275203
0.277846
0.258117
0.263739
0.295857
0.338733
0.356842
0.383131
0.422567
0.470126
0.520004
0.57262
0.608356
0.644669
0.677155
0.714519
0.740642
0.767095
0.795652
0.776167
0.754054
0.73283
0.735653
0.73534
0.73504
0.733244
0.732292
0.731216
0.728251
0.725881
0.721842
0.716611
0.696788
0.677437
0.643041
0.603439
0.556497
0.510452
0.453995
0.338687
0.32086
0.28079
0.255329
0.219238
0.201239
0.170449
0.157691
0.130343
0.123705
0.0951396
0.0885663
0.0638755
0.0604308
0.0519905
0.0573773
0.083026
0.123089
0.182701
0.256601
0.339729
0.424428
0.510485
0.595295
0.675368
0.707838
0.739568
0.771668
0.803916
0.839418
0.871753
0.900498
0.927886
0.962701
0.98718
1.00669
1.01782
1.02251
1.01946
1.01629
1.0218
1.03983
1.05998
1.07948
1.09849
1.08325
1.06674
1.04978
1.03253
1.01531
0.997834
0.980062
0.961885
0.943236
0.924084
0.904384
0.884001
0.862922
0.841007
0.818258
0.794558
0.776351
0.760957
0.746536
0.729205
0.733491
0.7368
0.739858
0.742712
0.744374
0.048999
0.0483502
0.0358934
0.0218879
-0.00803021
-0.0517378
-0.072389
-0.110562
-0.143519
-0.193714
-0.228399
-0.255737
-0.272546
-0.285187
-0.296478
-0.299927
-0.295053
-0.283914
-0.260707
-0.222051
-0.167865
-0.128601
-0.10799
-0.09899
-0.10406
-0.124656
-0.154758
-0.194385
-0.218864
-0.23336
-0.242127
-0.242585
-0.220011
-0.190341
-0.153964
-0.116642
-0.0618363
-0.0244081
-0.00492561
-0.00241754
-0.0242302
-0.0687346
-0.0949582
-0.102994
-0.0893864
-0.0390402
0.049283
0.159668
0.263019
0.349604
0.418942
0.47747
0.531575
0.583251
0.613718
0.641692
0.660793
0.677389
0.688374
0.69983
0.710451
0.720867
0.722805
0.720098
0.741356
0.756405
0.749501
0.746837
0.740074
0.72857
0.500088
0.475344
0.427851
0.385114
0.32944
0.292088
0.253163
0.22919
0.202387
0.18671
0.16584
0.14643
0.12194
0.104074
0.0821467
0.0649542
0.0409448
0.0193637
-0.00291114
-0.0246345
-0.0335219
-0.0352621
-0.0263184
-0.0191393
-0.00424022
0.0134446
0.0388932
0.0663885
0.100445
0.134266
0.167587
0.205555
0.260529
0.333656
0.419848
0.511669
0.604044
0.69905
0.769383
0.827547
0.870077
0.902258
0.919263
0.914021
0.900675
0.8927
0.879353
0.866608
0.85495
0.843536
0.825888
0.821569
0.811472
0.813824
0.810959
0.817054
0.818072
0.787149
0.74972
0.720479
0.686755
0.660912
0.627163
0.613404
0.59246
0.576687
0.553315
0.534457
0.507924
0.486114
0.403263
0.340473
0.268692
0.189454
0.100535
0.042298
-0.0193852
-0.112327
-0.182067
-0.233972
-0.263319
-0.281041
-0.282292
-0.269949
-0.272659
-0.266167
-0.274819
-0.275795
-0.303163
-0.316053
-0.339859
-0.348621
-0.365429
-0.365351
-0.379874
-0.378348
-0.392718
-0.383985
-0.390359
-0.379531
-0.383827
-0.371871
-0.374326
-0.367592
-0.373412
-0.365863
-0.36068
-0.352055
-0.361395
-0.358228
-0.373393
-0.371976
-0.384717
-0.384046
-0.401287
-0.402129
-0.420406
-0.421359
-0.436609
-0.43722
-0.454796
-0.455473
-0.472733
-0.473494
-0.490188
-0.49033
-0.504595
-0.505741
-0.522849
-0.523821
-0.538634
-0.539855
-0.556426
-0.557501
-0.573749
-0.57474
-0.589113
-0.590133
-0.605866
-0.606747
-0.690082
-0.683321
-0.672628
-0.641664
-0.609007
-0.56392
-0.505392
-0.432068
-0.353408
-0.274316
-0.196277
-0.132549
-0.0773104
-0.0368184
-0.000403621
0.0247968
0.0442574
0.057448
0.0562746
0.0466546
