0
-0.0031293
-0.00609868
-0.00737433
-0.0085042
-0.00910765
-0.00915606
-0.00872988
-0.00807969
-0.00765768
-0.00725724
-0.00697091
-0.00677937
-0.00666826
-0.00663578
-0.00667928
-0.00679563
-0.00698219
-0.00723642
-0.00755593
-0.00793856
-0.00838234
-0.00888556
-0.00944607
-0.0100634
-0.0107342
-0.0114603
-0.0122423
-0.0130772
-0.0139645
-0.0149041
-0.0158958
-0.0169394
-0.018035
-0.0191826
-0.0203829
-0.0216378
-0.022796
-0.0238824
-0.0248969
-0.0258391
-0.0267087
-0.0275053
-0.0282286
-0.0288783
-0.0294539
-0.0299553
-0.0303819
-0.0307335
-0.0310098
-0.0312101
-0.0313343
-0.0313818
-0.0313522
-0.0312449
-0.0310595
-0.0308016
-0.0304705
-0.0300657
-0.0295863
-0.0290317
-0.0284012
-0.0276937
-0.0269087
-0.026045
-0.0251019
-0.0240783
-0.0229731
-0.0217854
-0.020514
-0.0191576
-0.0180939
-0.0168234
-0.0153398
-0.0136546
-0.0118714
-0.01016
-0.00849191
-0.00686205
-0.00526764
-0.00370684
-0.00217828
-0.000680777
0.000786758
0.00222537
0.00363605
0.00498963
0.00628911
0.00753537
0.00872988
0.00987274
0.0109666
0.012013
0.0130129
0.0139668
0.0148755
0.0157398
0.0165608
0.0173393
0.0180759
0.0187711
0.0194256
0.02004
0.0206147
0.0211505
0.0216478
0.0221072
0.0225291
0.0229141
0.0232627
0.0235751
0.0238962
0.0243083
0.0247145
0.0251333
0.0255704
0.0260287
0.0265099
0.0270148
0.0275437
0.0280966
0.0285385
0.0288318
0.0291595
0.0295131
0.0298867
0.0302765
0.0306794
0.0310931
0.0315157
0.0319454
0.0323804
0.0328189
0.0332587
0.0336954
0.0342002
0.0347493
0.035345
0.0359958
0.0367005
0.0374583
0.0380385
0.0386194
0.0393447
0.0401794
0.0411115
0.0421351
0.0433277
0.044712
0.0462729
0.047987
0.0498335
0.0517966
0.0538661
0.0560366
0.0583094
0.0603425
0.0620051
0.0635896
0.064835
0.0661137
0.0674156
0.0687325
0.0700584
0.0713886
0.0727198
0.0739832
0.0751915
0.0763741
0.0775474
0.0787201
0.0798971
0.081081
0.0822736
0.0834756
0.084688
0.0859111
0.0871455
0.0883912
0.0896485
0.0909179
0.0918464
0.0923716
0.0929453
0.0935864
0.0942923
0.0950537
0.0958651
0.0967229
0.0976249
0.0985699
0.0996029
0.100676
0.101786
0.102928
0.104104
0.105313
0.106554
0.107827
0.109135
0.110476
0.111851
0.113262
0.114708
0.116193
0.117684
0.119176
0.120667
0.122154
0.123636
0.12511
0.126402
0.127676
0.129046
0.130402
0.13173
0.133052
0.134378
0.135711
0.137053
0.138406
0.139773
0.141157
0.142551
0.143949
0.145348
0.146746
0.148141
0.149533
0.150921
0.152306
0.153687
0.155064
0.156438
0.157807
0.159173
0.160536
0.161897
0.163259
0.164624
0.165994
0.167372
0.168762
0.170166
0.171586
0.173026
0.174487
0.175974
0.177488
0.179033
0.180612
0.182228
0.183885
0.185585
0.187333
0.189132
0.190987
0.192902
0.194885
0.196946
0.199018
0.201
0.202928
0.204814
0.206657
0.208462
0.210228
0.211958
0.213651
0.21531
0.216935
0.218527
0.220096
0.221666
0.223226
0.224761
0.226281
0.227789
0.229286
0.230774
0.232252
0.233003
0.232989
0.232523
0.231643
0.230362
0.228679
0.22659
0.224273
0.221289
0.217886
0.214061
0.209814
0.205501
0.201442
0.197413
0.193682
0.190224
0.187041
0.184134
0.181609
0.179239
0.177149
0.175328
0.173777
0.172494
0.171479
0.170734
0.170258
0.170052
0.170117
0.170495
0.171103
0.171825
0.172125
0.172003
0.171457
0.170639
0.169689
0.168615
0.167511
0.166295
0.165018
0.163715
0.16231
0.160847
0.159303
0.157718
0.155999
0.1542
0.152298
0.15035
0.148258
0.146043
0.144675
0.143014
0.141333
0.139686
0.13812
0.136748
0.135586
0.133458
0.131306
0.129303
0.127747
0.126459
0.125363
0.124408
0.123565
0.122813
0.122139
0.121459
0.120749
0.120071
0.119478
0.118976
0.118437
0.11789
0.117284
0.116707
0.116188
0.11575
0.115409
0.115179
0.115068
0.115082
0.115224
0.115495
0.115894
0.116419
0.117067
0.117835
0.118721
0.119723
0.120845
0.122051
0.123328
0.124664
0.126048
0.127468
0.128918
0.130418
0.131974
0.133571
0.135211
0.136904
0.138654
0.140468
0.142347
0.144297
0.146318
0.148407
0.15057
0.15281
0.155126
0.157517
0.159981
0.162516
0.16512
0.16779
0.170526
0.173327
0.176189
0.179111
0.182096
0.184998
0.188052
0.19117
0.19436
0.197631
0.200983
0.204437
0.207988
0.211644
0.215418
0.21932
0.22336
0.227533
0.231337
0.235885
0.240123
0.244386
0.248396
0.251815
0.254702
0.257109
0.259088
0.260701
0.261988
0.262972
0.263688
0.264171
0.264442
0.26458
0.264563
0.264457
0.264103
0.263489
0.262803
0.261942
0.260852
0.259937
0.259225
0.258882
0.25857
0.258599
0.258648
0.258375
0.25801
0.257545
0.257232
0.257167
0.257354
0.257795
0.25849
0.259436
0.260638
0.262191
0.264065
0.266251
0.268731
0.271484
0.274435
0.277702
0.281167
0.284919
0.28927
0.294183
0.29961
0.305078
0.310032
0.315109
0.320148
0.324683
0.329118
0.333742
0.337979
0.343305
0.348921
0.354902
0.361302
0.367499
0.373558
0.379639
0.38581
0.392
0.398044
0.403796
0.409331
0.41459
0.420041
0.426723
0.434276
0.442535
0.451057
0.458068
0.465146
0.472281
0.476577
0.477336
0.477777
0.478164
0.478625
0.479184
0.479908
0.480791
0.481819
0.482913
0.484045
0.484617
0.484467
0.48408
0.483576
0.482974
0.482312
0.481602
0.479321
0.476737
0.474221
0.473383
0.472781
0.472719
0.473084
0.47359
0.47375
0.474047
0.474762
0.475087
0.475406
0.475594
0.475698
0.475341
0.476966
0.480092
0.484581
0.489189
0.493679
0.497346
0.499895
0.501952
0.5032
0.504448
0.505529
0.506955
0.508119
0.509352
0.510407
0.510088
0.509876
0.509082
0.507966
0.506619
0.504948
0.501688
0.499189
0.496957
0.495613
0.4958
0.496532
0.497383
0.499186
0.502222
0.508117
0.516439
0.524256
0.53157
0.538258
0.54342
0.547875
0.549939
0.552194
0.554621
0.557299
0.559956
0.562848
0.56463
0.567007
0.569553
0.571816
0.571869
0.572399
0.574814
0.578572
0.582397
0.588466
0.59021
0.591637
0.592908
0.594073
0.593889
0.593688
0.593229
0.593057
0.593254
0.59367
0.594967
0.596368
0.597931
0.599587
0.601859
0.604367
0.607054
0.607946
0.609083
0.61034
0.610767
0.611513
0.609904
0.6111
0.612127
0.612165
0.612268
0.612097
0.612821
0.612744
0.612937
0.613249
0.614912
0.616635
0.618502
0.620581
0.622811
0.624887
0.628984
0.633041
0.637458
0.642438
0.64805
0.650962
0.653242
0.654978
0.655209
0.655231
0.655358
0.655317
0.655469
0.655454
0.655865
0.656461
0.657934
0.659704
0.661812
0.663882
0.666131
0.668204
0.670265
0.670628
0.671223
0.672368
0.67262
0.672461
0.671959
0.670818
0.670178
0.669988
0.669814
0.669882
0.670965
0.672734
0.67304
0.672915
0.672718
0.672725
0.671863
0.671444
0.670954
0.670297
0.669849
0.66941
0.668843
0.668608
0.668669
0.668823
0.669394
0.669865
0.67059
0.67138
0.671641
0.671628
0.671103
0.670971
0.670913
0.671331
0.673031
0.674784
0.676041
0.677294
0.677918
0.678317
0.678596
0.678766
0.678806
0.678837
0.678889
0.678974
0.67922
0.679643
0.680088
0.680438
0.680733
0.681017
0.681253
0.681372
0.681489
0.681584
0.681422
0.681373
0.681333
0.681155
0.681044
0.681568
0.681647
0.681936
0.681547
0.681536
0.681413
0.681718
0.682121
0.682914
0.682888
0.683466
0.683374
0.683431
0.68324
0.683968
0.683897
0.682368
0.681137
0.681084
0.680947
0.681912
0.68204
0.682473
0.683265
0.683098
0.682176
0.681564
0.680637
0.67991
0.679099
0.678335
0.677305
0.676318
0.675345
0.67433
0.673488
0.672775
0.672307
0.671926
0.671441
0.671495
0.67165
0.671862
0.67236
0.672976
0.672994
0.672935
0.672896
0.672764
0.672669
0.672532
0.672363
0.672183
0.672188
0.672187
0.672652
0.673143
0.673659
0.674142
0.674479
0.674619
0.674933
0.675402
0.675885
0.676441
0.677029
0.677179
0.677634
0.678089
0.678522
0.678924
0.679303
0.679633
0.679901
0.680112
0.680668
0.680904
0.68109
0.681408
0.681747
0.681627
0.680894
0.679666
0.679329
0.679133
0.678668
0.677903
0.677426
0.677551
0.678152
0.679217
0.680757
0.682353
0.683546
0.682817
0.683108
0.683167
0.682949
0.6826
0.682011
0.681212
0.680216
0.679192
0.678013
0.676712
0.677094
0.677338
0.676898
0.676214
0.675566
0.67539
0.675379
0.675556
0.675983
0.676859
0.677929
0.679305
0.680407
0.681474
0.682308
0.683374
0.683426
0.682867
0.682407
0.683993
0.685319
0.687051
0.68786
0.688398
0.689001
0.689611
0.690751
0.692139
0.693435
0.694734
0.695905
0.696943
0.69788
0.698726
0.69949
0.702028
0.703233
0.703914
0.703962
0.704058
0.704026
0.704045
0.703973
0.70403
0.703503
0.703229
0.702291
0.701193
0.700151
0.699431
0.69915
0.699005
0.698858
0.697207
0.696055
0.695613
0.695273
0.695549
0.695798
0.696133
0.696517
0.696946
0.69725
0.697253
0.697226
0.697327
0.697589
0.697776
0.697044
0.695559
0.694843
0.694931
0.695707
0.695591
0.695559
0.695626
0.695775
0.695847
0.695743
0.695873
0.695432
0.695304
0.695356
0.695771
0.695727
0.695576
0.695468
0.695309
0.695161
0.694863
0.694828
0.694896
0.694946
0.694951
0.694947
0.694941
0.694916
0.694959
0.694861
0.694894
0.694905
0.694907
0.69492
0.695184
0.695421
0.695655
0.695856
0.696029
0.696049
0.696137
0.696164
0.69627
0.696301
0.696248
0.696371
0.696602
0.696968
0.697372
0.697833
0.6984
0.698916
0.699396
0.700552
0.701866
0.703271
0.704765
0.706288
0.70782
0.709067
0.709582
0.710357
0.71093
0.711428
0.712016
0.712066
0.712153
0.712269
0.71209
0.711974
0.711807
0.711896
0.711787
0.711857
0.711813
0.711936
0.711863
0.711979
0.711864
0.711963
0.711977
0.712006
0.712019
0.712059
0.712082
0.712117
0.712128
0.712151
0.712173
0.712202
0.712226
0.71225
0.712273
0.712301
0.712332
0.712362
0.712388
0.712339
0.712045
0.711837
0.711365
0.710642
0.709805
0.709037
0.708194
0.704876
0.701007
0.697239
0.6935
0.690675
0.688693
0.687368
0.68635
0.685915
0.685571
0.685452
