-0.0355023
-0.0302543
-0.0229348
-0.0194471
-0.0194618
-0.0194767
-0.0194938
-0.0202196
-0.0201769
-0.0203812
-0.0203574
-0.0203505
-0.0203404
-0.0203295
-0.0203183
-0.0203077
-0.0202982
-0.0202897
-0.0202824
-0.0202763
-0.0202712
-0.0202671
-0.0202639
-0.0202616
-0.02026
-0.0202589
-0.0202585
-0.0202667
-0.0202745
-0.0202818
-0.0202887
-0.0202952
-0.0203014
-0.0203071
-0.0203125
-0.0203175
-0.020322
-0.0203234
-0.020325
-0.0203267
-0.0203285
-0.0203304
-0.0203323
-0.0203342
-0.0203361
-0.0203379
-0.0203397
-0.0203414
-0.0203429
-0.0203443
-0.0203455
-0.0203466
-0.0203475
-0.0203481
-0.0203486
-0.0203489
-0.020349
-0.0203489
-0.0203486
-0.0203481
-0.0203474
-0.0203465
-0.0203455
-0.0203443
-0.020343
-0.0203417
-0.0203402
-0.0203386
-0.0203368
-0.020335
-0.019558
-0.0195333
-0.0167477
-0.011336
-0.00335631
0.00425488
0.0107879
0.0165575
0.0217346
0.026427
0.0307066
0.0346244
0.0382192
0.0415219
0.0445587
0.0473521
0.0499228
0.0522872
0.0544616
0.0564627
0.0583021
0.0599924
0.0615452
0.0629709
0.0642795
0.0654803
0.0665811
0.0675897
0.068513
0.0693576
0.0701294
0.0708341
0.0714769
0.0720624
0.0725952
0.0730793
0.0735187
0.0739168
0.074277
0.0746025
0.0748961
0.0751655
0.0755441
0.0757027
0.0758672
0.0760272
0.0761778
0.0763169
0.0764439
0.0765591
0.076663
0.0766612
0.0766633
0.0766645
0.076665
0.0766651
0.0766647
0.0766639
0.0766629
0.0766616
0.07666
0.0766582
0.0766561
0.0766538
0.0766513
0.0766487
0.0766464
0.0766442
0.0766422
0.0766401
-0.0205407
-0.0166103
-0.00986199
-0.000691368
0.0107114
0.0242633
0.0391138
0.0519893
0.0632927
0.07334
0.0823653
0.090539
0.0979864
0.104802
0.11106
0.116825
0.121699
0.125762
0.129811
0.133787
0.137404
0.140694
0.143684
0.146401
0.148866
0.1511
0.1532
0.155176
0.15702
0.158729
0.160309
0.161766
0.163109
0.164346
0.165484
0.166532
0.167495
0.168382
0.169198
0.169949
0.17064
0.170639
0.170637
0.170634
0.170628
0.170621
0.170611
0.170601
0.17059
0.170578
0.170565
0.170549
0.170534
0.17052
0.170505
0.170491
0.170477
0.170464
0.170451
0.170438
0.170425
0.170413
0.170402
0.170394
0.170394
0.170394
0.170394
0.170394
0.170394
0.170394
0.0722185
0.0769058
0.0849468
0.0958699
0.109423
0.123043
0.135256
0.146321
0.156414
0.165667
0.174179
0.182029
0.189252
0.195891
0.201996
0.207612
0.212777
0.217529
0.221901
0.225923
0.229623
0.233028
0.236161
0.239044
0.241696
0.244137
0.246383
0.24845
0.250353
0.252105
0.253722
0.255214
0.256593
0.257868
0.259048
0.260141
0.261154
0.262094
0.262969
0.263782
0.264541
0.26525
0.265913
0.266535
0.26712
0.267671
0.268191
0.268685
0.269155
0.269603
0.270024
0.270285
0.270469
0.270604
0.27071
0.2708
0.270879
0.270951
0.271018
0.271081
0.271141
0.271192
0.271224
0.271234
0.271229
0.271223
0.271216
0.27121
0.271204
0.271197
0.170702
0.170735
0.170841
0.17103
0.171292
0.171611
0.171976
0.172373
0.174592
0.175009
0.175439
0.175874
0.176304
0.176694
0.176999
0.177194
0.177311
0.177388
0.177431
0.177444
0.175358
0.175344
0.175304
0.175246
0.175177
0.1751
0.175018
0.174933
0.174847
0.174763
0.174684
0.172433
0.172406
0.172395
0.172408
0.172431
0.172451
0.172453
0.172429
0.172392
0.172427
0.17236
0.172272
0.172234
0.172122
0.171987
0.171832
0.171782
0.171612
0.171426
0.171227
0.171102
0.170891
0.170671
0.170748
0.171115
0.172331
0.174389
0.177135
0.180456
0.184312
0.185785
0.188801
0.190861
0.191526
0.191476
0.191043
0.190409
0.189686
0.188944
0.0591787
0.0632427
0.071112
0.0820727
0.0955356
0.11032
0.123294
0.134586
0.144507
0.153323
0.16127
0.168503
0.175129
0.181225
0.186845
0.192035
0.196834
0.201278
0.205403
0.209241
0.212819
0.216165
0.2193
0.222246
0.225019
0.227615
0.230057
0.232363
0.234546
0.236616
0.238586
0.240463
0.242246
0.243947
0.245573
0.247135
0.248643
0.250105
0.251518
0.252901
0.254269
0.255629
0.256983
0.258333
0.25968
0.261027
0.262373
0.26372
0.265069
0.266421
0.267777
0.269027
0.270331
0.271608
0.272846
0.273928
0.275112
0.276319
0.277531
0.278747
0.279976
0.281225
0.282503
0.283815
0.285171
0.286576
0.288032
0.289544
0.290831
0.292566
0.193973
0.194525
0.194955
0.195358
0.195833
0.196471
0.19734
0.199875
0.201252
0.202876
0.204714
0.206717
0.208834
0.211996
0.216358
0.221895
0.228234
0.235582
0.243967
0.252902
0.262206
0.271346
0.283907
0.294828
0.294263
0.291641
0.288672
0.286657
0.284936
0.283531
0.282286
0.281194
0.280292
0.279608
0.279164
0.278972
0.278982
0.279283
0.279873
0.280742
0.281882
0.28328
0.282716
0.284016
0.285481
0.284949
0.288561
0.291385
0.291633
0.293838
0.297022
0.30091
0.305738
0.311499
0.318427
0.326696
0.333566
0.341191
0.347225
0.351853
0.355505
0.36195
0.369445
0.376405
0.382631
0.388338
0.395293
0.404
0.41424
0.429264
0.401575
0.410783
0.419657
0.428509
0.436443
0.452474
0.470435
0.490329
0.505108
0.517447
0.527505
0.534624
0.542341
0.550759
0.559873
0.568933
0.576785
0.583729
0.589943
0.591965
0.593827
0.597671
0.603455
0.611024
0.617779
0.622519
0.640073
0.660424
0.679816
0.699664
0.719034
0.736999
0.751387
0.764716
0.776262
0.786263
0.791444
0.796355
0.801042
0.808912
0.811822
0.814241
0.811537
0.806573
0.799726
0.792697
0.783813
0.774089
0.763342
0.752191
0.741109
0.729598
0.718562
0.708248
0.698067
0.688169
0.678691
0.667724
0.660545
0.65309
0.648873
0.644156
0.644401
0.647262
0.656514
0.667599
0.682206
0.696114
0.711825
0.728994
0.527351
0.526224
0.518109
0.504143
0.49074
0.477157
0.464722
0.460457
0.459214
0.458529
0.457714
0.456709
0.456593
0.456819
0.458251
0.463591
0.467395
0.470121
0.470713
0.480078
0.489528
0.501391
0.515979
0.530358
0.540239
0.546348
0.550514
0.55441
0.556932
0.558164
0.558268
0.560259
0.562112
0.563823
0.564882
0.566834
0.569881
0.569579
0.565987
0.564906
0.564696
0.565201
0.573214
0.580202
0.590414
0.59283
0.597806
0.609194
0.625386
0.644185
0.65699
0.667558
0.670224
0.666349
0.657896
0.646209
0.634938
0.620751
0.611329
0.598894
0.584152
0.568476
0.551577
0.54284
0.532703
0.518803
0.504225
0.489097
0.482754
0.476835
1.21866
1.22894
1.23742
1.24242
1.24292
1.24071
1.23564
1.22834
1.21797
1.20585
1.19319
1.18093
1.16889
1.15673
1.14393
1.13069
1.1144
1.09724
1.08165
1.07422
1.0739
1.07576
1.08037
1.0872
1.09666
1.10524
1.11306
1.11284
1.10612
1.10344
1.10741
1.11143
1.11976
1.12674
1.13622
1.14413
1.15448
1.16306
1.17418
1.1827
1.18831
1.19206
1.19812
1.20486
1.2095
1.21108
1.21454
1.2151
1.21759
1.21817
1.22084
1.22189
1.22515
1.22597
1.22881
1.22949
1.23215
1.23265
1.2352
1.23543
1.23761
1.23767
1.2396
1.23965
1.23982
1.23752
1.23228
1.22336
1.21473
1.20414
1.16105
1.14658
1.1317
1.11871
1.10538
1.09267
1.08077
1.0708
1.06101
1.05194
1.04449
1.03582
1.02656
1.0151
1.00279
0.988613
0.972919
0.96202
0.956807
0.950402
0.943912
0.934845
0.92503
0.91314
0.90139
0.887311
0.872131
0.854288
0.835805
0.814752
0.793468
0.769243
0.744412
0.724427
0.717815
0.710086
0.702071
0.692643
0.683398
0.674491
0.668003
0.663805
0.660406
0.657279
0.654963
0.654552
0.655589
0.656735
0.657463
0.664318
0.664686
0.660634
0.654368
0.647765
0.639778
0.635897
0.634249
0.633794
0.635531
0.638603
0.643595
0.648735
0.654006
0.65768
0.660287
0.663072
0.665233
0.665475
0.664733
0.664102
1.39399
1.3916
1.38623
1.37881
1.36942
1.35704
1.3436
1.32849
1.31227
1.29502
1.2765
1.25635
1.23487
1.21166
1.18695
1.16172
1.13731
1.11493
1.09479
1.07655
1.05992
1.04632
1.03606
1.02952
1.02325
1.01667
1.01099
1.00232
0.990525
0.975535
0.958922
0.940762
0.919607
0.89611
0.885569
0.87396
0.863681
0.857501
0.853384
0.851237
0.850055
0.851736
0.854193
0.859523
0.867734
0.878973
0.893089
0.910812
0.932106
0.95559
0.980802
1.00725
1.03395
1.06131
1.08981
1.11658
1.1426
1.16654
1.18884
1.20919
1.22853
1.24504
1.25335
1.25768
1.26407
1.26993
1.27483
1.2785
1.28283
1.28573
1.28475
1.28524
1.28453
1.28328
1.28
1.27443
1.26595
1.25498
1.24352
1.23309
1.22538
1.2162
1.20514
1.19177
1.17685
1.16366
1.14883
1.13215
1.11497
1.09649
1.0779
1.06003
1.04402
1.02914
1.01565
1.00031
0.983188
0.964357
0.952079
0.938763
0.923207
0.905558
0.885516
0.86336
0.840046
0.814715
0.787513
0.767711
0.746079
0.72526
0.702026
0.67974
0.655198
0.646562
0.64142
0.638039
0.631791
0.624074
0.621548
0.618571
0.61504
0.610775
0.60582
0.599867
0.588903
0.582726
0.581457
0.580255
0.58068
0.581386
0.58293
0.58555
0.589429
0.594689
0.599518
0.605226
0.610795
0.61765
0.624083
0.632791
1.37931
1.37283
1.36352
1.35129
1.33731
1.32027
1.30269
1.28507
1.26691
1.24827
1.22853
1.20894
1.18992
1.17191
1.15473
1.13889
1.12367
1.10924
1.09482
1.08062
1.06448
1.04704
1.02731
1.00523
0.980993
0.961028
0.940418
0.930901
0.919836
0.905632
0.890703
0.87259
0.854055
0.836958
0.818848
0.797758
0.784799
0.772451
0.761233
0.749907
0.740023
0.728652
0.726844
0.726058
0.725721
0.727053
0.725693
0.72603
0.725959
0.727579
0.726501
0.726749
0.726632
0.72811
0.726845
0.726855
0.72677
0.728048
0.726872
0.726934
0.724507
0.7239
0.723857
0.725125
0.723991
0.72411
0.7218
0.72125
0.721218
0.722514
0.721875
0.727395
0.737613
0.751375
0.75996
0.762936
0.768074
0.772528
0.776195
0.787498
0.799955
0.8134
0.82481
0.837024
0.848894
0.861916
0.874725
0.889
0.90399
0.919366
