-0.0355023
-0.0286827
-0.0217084
-0.0183941
-0.0183911
-0.0193815
-0.020162
-0.0201682
-0.0197123
-0.0197085
-0.0195841
-0.0195604
-0.019545
-0.0195364
-0.0195304
-0.0195261
-0.019523
-0.0195207
-0.0195191
-0.0195181
-0.0195176
-0.0195174
-0.0195176
-0.0195181
-0.0195189
-0.01952
-0.0195212
-0.0195248
-0.0195284
-0.0195318
-0.0195351
-0.0195383
-0.0195413
-0.0195441
-0.0195468
-0.0195493
-0.0195515
-0.0195527
-0.0195539
-0.0195554
-0.0195569
-0.0195585
-0.0195602
-0.0195618
-0.0195635
-0.0195651
-0.0195666
-0.019568
-0.0195693
-0.0195705
-0.0195716
-0.0195725
-0.0195732
-0.0195737
-0.0195741
-0.0195742
-0.0195742
-0.019574
-0.0195736
-0.0195731
-0.0195723
-0.0195715
-0.0195704
-0.0195692
-0.0195679
-0.0195665
-0.0195649
-0.0195633
-0.0195616
-0.0195598
-0.0203331
-0.0210474
-0.0210349
-0.0210166
-0.0209931
-0.02097
-0.0209498
-0.0209305
-0.020912
-0.0208942
-0.0208768
-0.02086
-0.0208435
-0.0208275
-0.0208118
-0.0207965
-0.0207803
-0.0207644
-0.0207489
-0.0207324
-0.0207163
-0.0207006
-0.0206853
-0.0206704
-0.020656
-0.0206419
-0.0206282
-0.0206149
-0.020602
-0.0205895
-0.0205773
-0.0205655
-0.020554
-0.0205429
-0.0205321
-0.0205216
-0.0205114
-0.0205016
-0.020492
-0.0204827
-0.0204736
-0.0204608
-0.0204505
-0.0204441
-0.0204377
-0.0204313
-0.0204249
-0.0204185
-0.0204122
-0.0204058
-0.0203995
-0.0201344
-0.0203035
-0.0203962
-0.0204467
-0.020474
-0.0204886
-0.0204965
-0.0205009
-0.0205037
-0.020506
-0.0205082
-0.0205108
-0.020514
-0.0205179
-0.0204923
-0.020493
-0.0205118
-0.0205243
-0.0205334
0.0766382
0.0766178
0.0765806
0.0766107
0.0766456
0.076685
0.0767272
0.0767668
0.0768042
0.0768398
0.0768739
0.0769066
0.0769383
0.076969
0.0769989
0.0770283
0.0770386
0.0770437
0.077642
0.0776421
0.0776421
0.0776421
0.077642
0.0776419
0.0776417
0.0776415
0.0776412
0.0776411
0.0776409
0.0776407
0.0776405
0.0776404
0.0776403
0.0776401
0.07764
0.0776399
0.0776398
0.0776397
0.0776396
0.0776395
0.0776394
0.0775386
0.0768094
0.0761116
0.0755
0.0749709
0.0745009
0.0740758
0.0736867
0.0733277
0.0729949
0.0727915
0.0726614
0.0725732
0.0725089
0.0724584
0.072416
0.0723784
0.0723438
0.0723114
0.0722805
0.0722511
0.0722229
0.0722033
0.0722064
0.0722092
0.0722114
0.0722134
0.0722152
0.0722169
0.170394
0.170369
0.170321
0.170253
0.170166
0.170096
0.170037
0.169987
0.169946
0.169916
0.169899
0.169896
0.169896
0.169896
0.169897
0.169897
0.169897
0.169897
0.169898
0.169898
0.169898
0.169898
0.169899
0.169899
0.169899
0.1699
0.1699
0.1699
0.169901
0.169901
0.169903
0.169907
0.169912
0.169918
0.169925
0.169935
0.169946
0.169959
0.169973
0.16999
0.170009
0.17003
0.170054
0.17008
0.170108
0.17014
0.170175
0.170213
0.170255
0.170302
0.170353
0.170396
0.170436
0.170473
0.170507
0.17054
0.17057
0.170599
0.170626
0.170652
0.170675
0.170695
0.170708
0.170712
0.170711
0.170709
0.170708
0.170707
0.170705
0.170703
0.27119
0.269833
0.267068
0.263248
0.258425
0.252619
0.245837
0.238079
0.229573
0.219798
0.209031
0.19728
0.184552
0.171671
0.1594
0.147229
0.135885
0.125372
0.115673
0.106781
0.099061
0.091725
0.0852198
0.0795386
0.0746731
0.0706189
0.0673748
0.0649415
0.0633207
0.0625148
0.0625273
0.0634406
0.065034
0.0670323
0.0681376
0.0683959
0.0678379
0.0668603
0.0658119
0.064708
0.0636956
0.0626116
0.0615678
0.0606293
0.0596303
0.0586834
0.0577563
0.0569609
0.056023
0.0551215
0.0542244
0.0535174
0.0526208
0.0517032
0.050881
0.0502598
0.050398
0.0513999
0.0532043
0.0556255
0.0586375
0.0604111
0.0626051
0.0642293
0.0643928
0.0638482
0.0630068
0.0620411
0.0610485
0.0600838
0.188226
0.188077
0.187894
0.187678
0.187427
0.187144
0.186864
0.186605
0.186374
0.186164
0.185974
0.185806
0.185659
0.185532
0.185425
0.185337
0.185267
0.185216
0.185182
0.185167
0.185169
0.185187
0.185219
0.185266
0.185325
0.18539
0.185459
0.185531
0.185607
0.185686
0.185769
0.185856
0.185948
0.186047
0.186154
0.186269
0.186394
0.186529
0.186658
0.186797
0.186944
0.1871
0.187264
0.187435
0.187613
0.187798
0.187988
0.188184
0.188384
0.188589
0.188797
0.189011
0.189226
0.189444
0.189666
0.189783
0.189995
0.19021
0.19043
0.190655
0.190888
0.191129
0.191381
0.191643
0.191917
0.192204
0.192504
0.192819
0.192837
0.193372
0.294476
0.294187
0.292252
0.290179
0.28784
0.285194
0.282245
0.279059
0.275655
0.27202
0.268178
0.264139
0.259882
0.255264
0.25083
0.246876
0.243289
0.239778
0.236086
0.231889
0.22703
0.222412
0.218048
0.214297
0.21023
0.206508
0.20247
0.19731
0.191894
0.186296
0.181252
0.17694
0.173281
0.170229
0.167753
0.16584
0.164501
0.163968
0.164119
0.164896
0.166273
0.168227
0.170706
0.173775
0.177276
0.181328
0.186445
0.193021
0.200688
0.207993
0.213986
0.219849
0.225726
0.231622
0.237851
0.244816
0.252227
0.26138
0.27174
0.283105
0.29533
0.30684
0.317741
0.328829
0.340187
0.351658
0.36258
0.372825
0.3825
0.391757
0.443243
0.454979
0.46454
0.474144
0.483478
0.489861
0.489207
0.488463
0.491507
0.490733
0.489976
0.489511
0.488885
0.488487
0.488367
0.488514
0.488856
0.489375
0.490044
0.496324
0.507123
0.518337
0.529046
0.539381
0.550998
0.562739
0.57002
0.578217
0.5868
0.593711
0.599213
0.60759
0.617013
0.626216
0.635502
0.644661
0.650651
0.653075
0.65208
0.651014
0.651331
0.653182
0.650286
0.642227
0.629182
0.612138
0.593047
0.574037
0.556798
0.541546
0.52836
0.519076
0.510571
0.50306
0.497182
0.492682
0.489321
0.4874
0.485725
0.484228
0.483168
0.481863
0.48187
0.484732
0.491834
0.499009
0.505695
0.513083
0.517932
0.524063
0.745484
0.757705
0.763127
0.762816
0.760141
0.757404
0.754984
0.752367
0.749225
0.745542
0.741971
0.737112
0.733987
0.736259
0.738339
0.739133
0.740689
0.747729
0.760123
0.772776
0.785991
0.794474
0.794675
0.788366
0.77627
0.762689
0.749019
0.736306
0.730281
0.731518
0.739606
0.750289
0.763899
0.779973
0.7984
0.817793
0.830335
0.835156
0.83246
0.822558
0.809175
0.793845
0.778019
0.763377
0.748979
0.742309
0.742506
0.750279
0.764419
0.781859
0.801552
0.818225
0.835405
0.853879
0.872334
0.891151
0.909881
0.930641
0.952115
0.974161
0.996638
1.01915
1.04141
1.06567
1.08992
1.1142
1.13865
1.16336
1.18435
1.20265
0.468889
0.468219
0.474223
0.4843
0.497183
0.5138
0.532117
0.552449
0.574283
0.590721
0.600975
0.60509
0.603311
0.597649
0.589866
0.580365
0.581039
0.584102
0.59204
0.606059
0.626366
0.649962
0.672803
0.696531
0.721879
0.748137
0.774007
0.793468
0.80517
0.822461
0.8425
0.855871
0.863443
0.876021
0.892487
0.909632
0.927471
0.944093
0.961213
0.978971
0.998036
1.01908
1.04151
1.06545
1.09013
1.11532
1.13758
1.159
1.17981
1.19916
1.2134
1.22585
1.23709
1.24215
1.24646
1.24958
1.25203
1.25306
1.25326
1.25308
1.25167
1.24989
1.24534
1.23816
1.2283
1.21667
1.20917
1.20001
1.18882
1.17578
1.19369
1.18156
1.16778
1.15309
1.1372
1.12004
1.10177
1.0833
1.06349
1.04267
1.02154
1.00221
0.986511
0.974203
0.973824
0.973238
0.97396
0.971885
0.964672
0.952683
0.940265
0.928527
0.918021
0.907035
0.897375
0.891473
0.897695
0.903997
0.910113
0.922793
0.933213
0.940261
0.945362
0.94982
0.954959
0.967985
0.98751
1.01067
1.03615
1.0603
1.08372
1.1083
1.13412
1.1591
1.18326
1.19739
1.21069
1.22313
1.2354
1.24626
1.25781
1.26882
1.27956
1.29044
1.30106
1.3101
1.31835
1.32639
1.33382
1.34099
1.3477
1.35291
1.36059
1.36992
1.3808
1.38395
1.38654
1.38916
1.39166
1.39335
0.664566
0.664817
0.665027
0.664636
0.663182
0.66089
0.659791
0.658461
0.656427
0.651656
0.647172
0.642979
0.63676
0.63167
0.6269
0.624778
0.623076
0.620237
0.617055
0.61352
0.615568
0.623769
0.636207
0.651051
0.668859
0.68516
0.701675
0.717332
0.728012
0.732039
0.729908
0.721632
0.714149
0.710665
0.712582
0.719236
0.730973
0.747873
0.76739
0.78941
0.811614
0.832298
0.852611
0.872123
0.891142
0.912742
0.9362
0.958759
0.980337
1.00179
1.02331
1.045
1.067
1.08928
1.1132
1.13625
1.15629
1.17687
1.19838
1.21963
1.24052
1.25106
1.26186
1.27125
1.27641
1.27962
1.2799
1.28098
1.28195
1.2835
1.28974
1.28899
1.28594
1.28055
1.27446
1.26698
1.25945
1.2503
1.24085
1.22954
1.21889
1.20744
1.19746
1.18914
1.18436
1.18196
1.18347
1.18664
1.18426
1.18176
1.18078
1.18025
1.17785
1.17201
1.16213
1.15343
1.14513
1.13785
1.13082
1.12282
1.11305
1.10107
1.0876
1.07238
1.05536
1.03712
1.01702
1.00409
1.00174
1.00859
1.02182
1.03865
1.05912
1.08318
1.10942
1.13356
1.15886
1.18452
1.20742
1.22923
1.25112
1.27055
1.28973
1.30564
1.32156
1.33436
1.34668
1.35367
1.36163
1.36772
1.37414
1.37933
1.38448
1.38464
1.38568
1.385
1.38537
1.38402
1.38372
1.38188
0.643483
0.660542
0.684292
0.711882
0.742679
0.759277
0.776725
0.792009
0.801408
0.805414
0.80441
0.801819
0.797978
0.792445
0.78448
0.778379
0.769964
0.763484
0.761568
0.758921
0.755221
0.751052
0.74755
0.746291
0.742954
0.742037
0.738901
0.737989
0.734853
0.733898
0.730807
0.729937
0.726949
0.726783
0.724414
0.724412
0.722475
0.722642
0.720538
0.721113
0.721133
0.72192
0.721345
0.721355
0.720369
0.720438
0.719574
0.720435
0.720234
0.720306
0.71945
0.719538
0.718657
0.718739
0.718276
0.719359
0.719477
0.719512
0.719042
0.720123
0.720242
0.720273
0.719822
0.719916
0.71947
0.720564
0.720728
0.720786
0.720373
0.721539
0.722484
0.722666
0.722779
0.728827
0.728983
0.730149
0.732079
0.735519
0.742233
0.753004
0.768042
0.786452
0.808352
0.830706
0.853418
0.875978
0.898193
0.919223
0.938927
0.957137
