0
-0.00392747
-0.00258981
-0.000636082
-0.0732121
-0.0588351
-0.0286544
-0.00707753
0.0137405
-0.00729522
-0.0074014
-0.0156804
-0.022526
-0.0278176
-0.0330039
-0.0380491
-0.042928
-0.0476991
-0.0523688
-0.056948
-0.0614497
-0.0658872
-0.0702741
-0.074561
-0.0789
-0.0830094
-0.0873628
-0.0919083
-0.0962081
-0.100541
-0.104917
-0.109342
-0.113821
-0.118365
-0.122987
-0.127714
-0.132698
-0.122628
-0.115074
-0.107538
-0.100016
-0.0924965
-0.0849847
-0.0774813
-0.069984
-0.0624901
-0.0549969
-0.0475013
-0.04
-0.0324893
-0.0249656
-0.0174251
-0.00986357
-0.0022769
0.00533928
0.0129894
0.0200554
0.0271729
0.0343444
0.0415739
0.0488657
0.0562255
0.0636586
0.0711701
0.0787654
0.0864446
0.0942248
0.102106
0.110094
0.118195
0.126417
0.105489
0.157167
0.197815
0.236398
0.242257
0.225418
0.213853
0.204212
0.195782
0.188178
0.181184
0.174676
0.168576
0.162833
0.15741
0.149258
0.141574
0.134132
0.126979
0.119965
0.113328
0.106969
0.100777
0.0947427
0.0888626
0.083128
0.0775564
0.0721283
0.0668107
0.0615941
0.0564721
0.0514426
0.0464993
0.0416363
0.036848
0.0321289
0.0274735
0.0228762
0.0183314
0.0138318
0.0139073
0.0209379
0.0191639
0.0203965
0.0218092
0.0233184
0.0248733
0.026443
0.0280082
0.0295563
0.0155315
0.00557884
0.0103008
0.0134449
0.0156275
0.0172052
0.0183766
0.0192609
0.0199262
0.0204091
0.0207233
0.0208655
0.0208074
0.0203081
0.0267604
0.0311869
0.0358259
0.0411741
0.0464388
0.0516563
0.0888605
0.125729
0.16499
0.197981
0.228838
0.249672
0.237563
0.232074
0.229726
0.22895
0.229089
0.229897
0.231326
0.233447
0.236583
0.209599
0.176138
0.176163
0.145985
0.146019
0.145856
0.145558
0.145214
0.144881
0.144609
0.137167
0.130111
0.125434
0.122148
0.119683
0.117733
0.116139
0.114805
0.113674
0.112714
0.111904
0.111233
0.110642
0.110156
0.109785
0.0693593
0.0337138
0.0372155
0.0421706
0.0469609
0.0510413
0.0547036
0.0581144
0.0613701
0.0645275
0.0710445
0.0773776
0.082115
0.0859854
0.0894038
0.0926029
0.0957125
0.0988049
0.101922
0.10509
0.108319
0.111616
0.115059
0.118642
0.119064
0.119069
0.118853
0.118465
0.117934
0.11727
0.152369
0.186975
0.221174
0.243155
0.239834
0.225613
0.214419
0.205092
0.197091
0.190227
0.184333
0.179405
0.174554
0.169685
0.164975
0.160508
0.156314
0.152396
0.148743
0.145339
0.142165
0.139205
0.136447
0.133881
0.131497
0.129285
0.127355
0.125779
0.124549
0.123655
0.123112
0.122907
0.123029
0.12347
0.124226
0.125294
0.126673
0.128364
0.13037
0.132694
0.135344
0.138325
0.141649
0.145329
0.14939
0.153872
0.158842
0.164436
0.171062
0.170956
0.160008
0.157391
0.154289
0.150784
0.147111
0.143396
0.139704
0.136068
0.132505
0.129024
0.125689
0.123452
0.123958
0.123342
0.121368
0.120057
0.11907
0.118215
0.117381
0.116509
0.0656185
0.0141698
-0.0173554
-0.0477531
-0.0781337
-0.108851
-0.139925
-0.140441
-0.207337
-0.240021
-0.273
-0.306183
-0.316125
-0.305209
-0.30936
-0.290487
-0.268697
-0.248057
-0.228076
-0.228543
-0.190365
-0.170566
-0.151436
-0.132491
-0.113523
-0.0945158
-0.0754357
-0.0562361
-0.0368631
-0.0172592
-0.0172652
0.0218011
0.0304882
0.000195601
-0.029866
-0.0598218
-0.0785801
-0.0870621
-0.0951156
-0.0949938
-0.104141
-0.107699
-0.107568
-0.115225
-0.118156
-0.122436
-0.122257
-0.131721
-0.135265
-0.140105
-0.13988
-0.144618
-0.147732
-0.0428266
-0.0477198
-0.0294072
-0.00944488
0.00964546
0.0331389
0.0566983
-0.0519691
-0.0593603
-0.0843458
-0.085175
-0.0852932
-0.0813117
-0.0770173
-0.0726319
-0.068281
-0.0640375
-0.0198019
0.0161083
0.0466088
0.0727127
0.0877163
0.0708955
0.0598048
0.0438761
0.036176
0.0323764
0.0313874
0.0324614
0.0350989
0.0387762
0.0431748
0.0480617
0.0533625
0.0587431
0.0642494
0.0696243
0.0749077
0.0804052
0.0858267
0.0918692
0.0945271
0.0965103
0.0978045
0.0984967
0.0983234
0.097997
0.0998514
0.102362
0.103496
0.105056
0.107171
0.109815
0.113019
0.116143
0.119684
0.123366
0.126925
0.131011
0.135402
0.139788
0.144116
0.148335
0.152405
0.156294
0.159984
0.163474
0.166028
0.172595
0.177208
0.180976
0.169524
0.180968
0.184405
0.188218
0.19238
0.19645
0.202068
0.206934
0.212223
0.218329
0.225198
0.232797
0.239507
0.195706
0.25837
0.223169
0.232131
0.217342
0.191192
0.165632
0.141411
0.118991
0.113637
0.0789835
0.0607773
0.0438006
0.0279907
0.0128995
0.0138848
0.0165153
0.0235595
0.0122704
-0.00135396
0.000532214
-0.00697365
-0.0185468
-0.00243945
0.0442303
0.0607601
-0.0472851
-0.0343858
-0.0300162
-0.0408285
-0.039188
-0.0388502
-0.0230864
-0.00327063
0.0161475
0.0354456
0.0546753
0.0737594
0.0918788
0.107796
0.124569
0.142575
0.159959
0.176127
0.161794
0.198077
0.210205
0.202893
0.283985
0.302648
0.301903
0.317969
0.277583
0.294356
0.306004
0.280397
0.290806
0.324377
0.268617
0.35744
0.35613
0.358844
0.368553
0.38093
0.377539
0.36779
0.363649
0.359089
0.363777
0.363251
0.367714
0.394812
0.412684
0.416049
0.421734
0.469516
0.483976
0.52398
0.46351
0.478398
0.37305
0.111743
0.0651697
0.0437782
0.0664396
0.0955763
0.129851
0.154582
0.164003
0.168196
0.171251
0.159709
0.225849
0.238249
0.246573
0.252749
0.245387
0.181277
0.172609
0.168023
0.165613
0.283898
0.249567
0.337773
0.360911
0.357334
0.320358
0.339125
0.278446
0.210364
0.172859
0.222645
0.189495
0.151387
0.115742
0.109121
0.10299
0.0480756
-0.0158353
-0.0909405
-0.163723
-0.16072
-0.193181
-0.147063
-0.147498
-0.0923712
-0.0959735
-0.0634826
-0.0664427
-0.0860956
-0.0532243
-0.059884
-0.0930931
-0.100418
-0.101282
-0.0981126
0.066669
0.175926
0.206389
0.357383
0.393603
0.483897
0.48951
0.451946
0.440495
0.437557
0.41153
0.375696
0.3338
0.308166
0.261234
0.0807949
0.089629
0.11499
0.131171
0.201342
0.189579
0.138254
0.143326
0.212058
0.247901
0.306139
0.365319
0.460598
0.4294
0.358684
0.351309
0.00732712
-0.0328673
-0.0390065
0.0180528
0.0121738
0.0758748
0.107907
0.160604
0.212815
0.255351
0.33366
0.26975
0.151052
0.0277087
0.0418953
0.0410832
0.0409767
0.00338974
-0.00175337
0.0970538
0.0386174
0.159477
0.165296
0.489935
0.570592
0.449647
0.397376
0.277912
0.275294
0.154748
0.138635
0.15551
0.22276
0.291615
0.259604
0.24594
0.247806
0.218344
0.437964
0.435037
0.413534
0.448481
0.476964
0.439578
0.320911
0.251104
0.16122
0.215553
0.20315
0.192082
0.187033
0.175592
0.174138
0.153507
0.0972815
0.0430694
-0.0223838
-0.0854843
-0.130276
-0.157547
-0.183198
-0.141663
-0.122111
-0.0220307
0.119933
0.262316
0.30795
0.302237
0.35391
0.381991
0.395842
0.377519
0.261143
0.112493
0.186877
0.271732
0.200668
0.170977
0.19859
0.272471
0.275908
0.28317
0.27779
0.290358
0.28247
0.247823
0.283346
0.302551
0.352972
0.323426
0.324603
0.278947
0.231896
0.21581
0.178965
0.154238
0.142823
0.15939
0.125174
0.12321
0.0906785
0.0865885
0.0457519
0.0317486
0.0103553
0.00421117
-0.0151515
-0.039942
-0.0848483
-0.117929
-0.147074
-0.13579
-0.185849
-0.221575
-0.251548
-0.279391
-0.281528
-0.322961
-0.291573
-0.323381
-0.310755
-0.330128
-0.284249
-0.323842
-0.293777
-0.276047
-0.257656
-0.249648
-0.232884
-0.172562
-0.140513
-0.164211
-0.120995
-0.112164
-0.194405
-0.188748
-0.223494
-0.232936
-0.253098
-0.218008
-0.227761
-0.221198
-0.219489
-0.192331
-0.130421
-0.121714
-0.202766
-0.232965
-0.138316
-0.0363796
0.0113044
0.0718244
0.0886565
0.107277
0.104909
0.108571
0.133856
0.140468
0.139727
0.127456
0.0667341
0.0787504
0.0857932
0.0812477
0.151594
0.113866
0.0637643
0.0459378
0.0534233
0.0534124
0.0482967
0.0731519
0.077395
0.100182
0.107798
0.128721
0.0950401
0.118248
0.119393
0.119492
0.0663762
0.0599699
0.0363706
0.0244142
0.0142061
0.0152315
-0.01946
-0.0487752
-0.075619
-0.0997734
-0.139315
-0.144628
-0.151369
-0.163323
-0.209126
-0.212829
-0.231925
-0.258237
-0.272336
-0.275344
-0.228257
-0.232146
-0.232068
-0.216068
-0.201584
-0.136857
-0.0431964
0.0263917
0.126097
0.16934
0.125736
0.12583
0.0813052
0.00483521
-0.0912919
-0.162764
-0.232705
-0.243559
-0.227935
-0.0900353
-0.0144775
0.0596238
0.160269
0.205469
0.243918
0.244018
0.235433
0.239812
0.25284
0.270109
0.379393
0.418873
0.414434
0.42433
0.443833
0.468394
0.484369
0.49218
0.516161
0.551573
0.53192
0.479562
0.463541
0.442956
0.424845
0.402126
0.245972
0.143045
0.106002
0.119075
0.133515
0.0869428
0.0917561
0.059664
0.0687825
0.0566021
0.0204197
-0.0222315
-0.0289663
-0.0763635
-0.101078
-0.156448
-0.185353
-0.210109
-0.196935
-0.092397
-0.145023
-0.199324
-0.211327
-0.217727
-0.157125
-0.155442
-0.140344
-0.218704
-0.235688
-0.230267
-0.248464
-0.266921
-0.29323
-0.307433
-0.300307
-0.31116
-0.325754
-0.300017
-0.304421
-0.311467
-0.35282
-0.359479
-0.400483
-0.419736
-0.454498
-0.47977
-0.345822
-0.2537
-0.163247
-0.11077
-0.0772408
-0.0610583
0.0927673
0.105011
0.183875
0.196627
0.212847
0.203541
0.19066
0.176829
0.157282
0.127095
0.0821872
0.0129102
0.0378874
0.0920252
0.0597668
0.0849179
0.062752
0.0524966
0.0690358
0.062046
0.0501593
0.0524396
0.0505676
0.0704838
0.0619766
0.0703227
0.0728314
0.0880255
0.131818
0.162631
0.185022
0.194125
0.0307906
0.0282199
-0.00107105
-0.0784729
-0.140434
-0.215578
-0.233093
-0.249183
-0.260883
-0.262477
-0.244429
-0.245321
-0.230817
-0.155502
-0.164965
-0.17906
-0.198683
-0.202618
-0.201909
-0.23638
-0.165367
-0.192855
-0.0414352
-0.0739623
-0.0698425
-0.100084
-0.0964953
-0.129924
-0.0965685
-0.167822
-0.157768
-0.121825
-0.0860653
-0.103428
-0.086877
-0.0861263
-0.0823737
-0.0355738
-0.00328391
0.00589962
-0.006322
-0.00060872
-0.00747416
0.0209446
-0.00241902
0.003403
-0.0149881
0.0108142
-0.00416397
0.00873933
-0.00943863
0.0261072
-0.00945447
0.00933793
-0.00893667
0.00456986
-0.0277829
0.0193256
-0.0100217
0.00938896
-0.00954298
0.0058565
-0.0271576
0.0208591
0.00278222
0.0292724
0.0790977
0.129259
0.214693
0.0884858
0.00840751
0.0317278
0.0334101
0.0364599
0.0634649
0.0804666
0.114364
0.153086
0.202377
0.266987
0.297809
0.32413
0.347837
0.36396
0.349197
