0
2.27767
-0.118952
-1.23773
-0.118754
-0.389642
-0.411583
-0.352993
-0.170426
0.157046
0.00824929
0.0755381
0.0619194
0.0516269
0.0503511
0.0483801
0.0459846
0.0438857
0.0417808
0.0397333
0.0377738
0.0359134
0.0341535
0.0320431
0.0310735
0.027998
0.0285012
0.0283008
0.0252072
0.0240218
0.0228973
0.0217819
0.020654
0.019563
0.0185389
0.0176769
0.0178639
-0.0919065
-0.0757943
-0.076991
-0.0781325
-0.0792844
-0.080341
-0.0813041
-0.0821931
-0.0830098
-0.0837564
-0.0844351
-0.085048
-0.0855968
-0.0860833
-0.0865089
-0.0868747
-0.0871818
-0.0874314
-0.0876235
-0.0832505
-0.0834003
-0.0834827
-0.0835083
-0.0834775
-0.0834034
-0.083286
-0.0831177
-0.0828993
-0.0825914
-0.0823214
-0.0819562
-0.0815443
-0.0810879
-0.0805904
0.194043
-0.166675
-0.169585
-0.159386
-0.0828174
0.0410227
0.0228728
0.0208414
0.0204031
0.0206482
0.0211772
0.0218169
0.022494
0.0231788
0.0238602
0.0462808
0.0454632
0.0460778
0.0462044
0.0472636
0.0464776
0.0462937
0.0467788
0.0472151
0.04757
0.0478766
0.0479648
0.048101
0.048388
0.0486801
0.0489378
0.0491109
0.0492588
0.0493809
0.0494787
0.0495539
0.0496086
0.0496462
0.0496698
0.0496925
0.0166294
-0.0404406
0.0289733
0.0160191
0.0124042
0.0106405
0.00994822
0.00988082
0.0101842
0.0107147
0.111343
0.135568
0.00361388
0.0104649
0.0151187
0.0184614
0.0210739
0.0232148
0.0250761
0.0267868
0.0284802
0.0302537
0.0322563
0.0360174
-0.015084
0.00273337
0.0015821
-0.00386686
-0.00228246
-0.000948082
0.166746
0.0385121
-0.0649209
-0.0388399
-0.0292292
-0.0240022
-0.0790851
-0.0942973
-0.0817139
-0.0630333
-0.04601
-0.0326874
-0.0231365
-0.0171212
-0.0157345
0.233893
0.330233
0.12001
0.310139
0.0420256
0.0506267
0.0578164
0.063552
0.0682033
0.0719559
0.123025
0.115166
0.094935
0.0843097
0.0791339
0.0768678
0.0760422
0.0760747
0.0765606
0.077279
0.0781104
0.0789915
0.0802308
0.0812639
0.082166
0.338592
0.383853
0.0578002
0.0449209
0.0473465
0.0549197
0.059778
0.0631088
0.0655762
0.0675502
0.0359391
0.0713735
0.0757313
0.0784401
0.0802971
0.0817138
0.0829065
0.0839903
0.0850066
0.0859824
0.0869919
0.0880517
0.0885399
0.0888202
0.113042
0.1182
0.121777
0.124879
0.127728
0.130448
0.257466
0.140288
0.0597867
0.139718
0.152666
0.137306
0.131778
0.130783
0.130974
0.130509
0.130025
0.128934
0.134914
0.141
0.144979
0.147787
0.149956
0.151779
0.153417
0.154958
0.156436
0.157869
0.159217
0.160494
0.161711
0.162874
0.163152
0.162805
0.162441
0.162058
0.16134
0.160704
0.160142
0.159609
0.159082
0.158546
0.157993
0.157413
0.156801
0.156147
0.155442
0.154696
0.15391
0.153044
0.152033
0.150771
0.149053
0.146375
0.140799
0.191864
0.264912
0.241804
0.236155
0.236537
0.237072
0.237783
0.238631
0.239579
0.240576
0.241595
0.242295
0.236745
0.219956
0.230903
0.242292
0.237731
0.236267
0.236577
0.237872
0.239717
0.759189
0.786997
0.561628
0.53256
0.521004
0.52058
0.521849
0.397995
0.700198
0.523118
0.521742
0.518569
0.245964
0.00078096
0.167414
-0.0217504
0.00389237
-0.00583084
-0.0118592
-0.0859445
0.0615264
-0.0254124
-0.0200278
-0.0202378
-0.0221274
-0.0233716
-0.0243869
-0.025391
-0.026501
-0.0277618
-0.0565323
0.0039508
0.0867583
0.473982
0.475167
0.475445
0.365034
0.262508
0.25717
0.186967
0.245127
0.206289
0.181304
0.232272
0.199821
0.214535
0.185396
0.248357
0.208411
0.222456
0.180637
0.24876
0.230908
-0.515547
0.348815
0.150733
0.116889
0.0879046
-0.00642414
-0.0177891
1.0535
0.147452
0.0244494
-0.195497
-0.0671477
-0.0135061
0.0213952
0.0427285
0.0560877
0.0647984
0.12677
0.142004
0.0977941
0.0577533
0.0542868
0.146678
0.125005
0.159987
0.0960498
0.0740834
0.0573132
0.0445387
0.0350638
0.0287895
0.0248245
0.0228244
0.0217115
0.0233988
0.0247713
0.0282116
0.0315206
0.0326102
0.0360189
0.0337995
0.0608225
0.071679
0.0820001
0.0910839
0.101535
0.106962
0.0940659
0.0917895
0.104764
0.10276
0.0996848
0.0968677
0.093767
0.0953849
0.0929943
0.0952096
0.0985968
0.0967252
0.0971153
0.100073
0.103415
0.107104
0.111063
0.115184
0.119329
0.123343
0.12613
0.132441
0.135272
0.136982
0.244461
0.07789
0.145275
0.141691
0.139887
0.141771
0.131095
0.138216
0.134741
0.130906
0.12699
0.123276
0.131549
0.499059
-0.303206
0.466675
0.223563
0.432229
0.679759
0.640574
0.604727
0.569498
0.524821
0.497687
0.483106
0.457432
0.433841
0.417487
0.357414
0.376647
0.329864
0.442653
0.451545
0.314002
0.388731
0.426986
0.133645
0.1136
-0.00770093
0.233113
0.0134609
0.245445
0.492707
0.324471
0.329918
0.147303
0.0770408
0.0746833
0.074384
0.0749723
0.077543
0.0751644
0.00862183
0.0319312
0.0400791
0.0567123
0.0741698
0.132094
0.0501498
0.139533
0.0781457
-0.130065
-0.110659
-0.0671911
0.275524
0.707333
0.227015
0.346141
0.686382
0.397977
0.193095
0.62619
-0.444592
0.145386
0.0958561
0.0626785
0.519274
0.473609
0.36555
0.322749
0.379522
0.497325
0.607052
0.560583
0.614029
0.27559
-0.428143
-0.174904
-0.0530047
0.262329
1.50308
0.412267
0.447241
2.49612
2.99512
0.709348
0.5167
0.425258
0.407875
0.361707
0.366005
0.378008
0.434977
0.456958
0.884109
0.998597
0.653881
0.568876
0.553618
0.526902
0.521364
1.61869
0.698731
0.430004
-0.74962
0.304156
0.0824437
0.167755
0.378618
0.714872
0.3754
0.172746
0.758685
0.481177
0.571268
0.542565
0.799508
-0.961833
-0.597713
-0.488827
0.401063
0.580133
1.07982
1.29766
0.854057
1.08001
0.504657
0.63529
0.257668
0.710253
0.460606
0.650592
1.48758
0.421021
0.921805
0.742443
0.679622
0.737599
1.63324
-0.0440454
0.367035
-0.150404
-0.619966
0.0944352
0.415619
-0.198747
-0.383332
-1.55452
-1.22379
0.878161
0.894264
0.992671
1.63973
1.06954
2.27132
0.414167
0.43074
0.376867
0.576011
0.392219
1.37895
0.139682
0.441521
0.773227
2.17698
0.230278
-0.790244
-0.389477
0.539928
-0.98602
3.64539
0.81675
0.705283
0.668754
1.56195
0.603861
0.792287
0.384392
0.326084
0.435639
-0.0399193
0.528979
0.485883
0.535829
0.0966401
0.456933
0.495786
1.88656
0.456647
0.497737
1.22084
0.376493
2.31715
-1.41781
0.734743
1.33159
0.575856
0.815579
-0.0258671
1.16818
0.399962
0.500523
-0.346269
0.581488
0.500669
0.466849
0.498755
0.743387
-0.88665
0.656298
0.370466
0.249443
0.186766
2.64554
1.11228
1.08285
1.76724
0.811034
0.559988
0.788313
0.501163
0.778894
0.351741
0.555938
0.0315388
0.474162
0.412729
0.723496
0.525354
0.820306
0.666173
1.94048
0.486973
0.273552
1.27546
0.953237
0.911658
1.13865
0.309813
0.346904
0.661642
0.505613
-0.0236122
0.155087
1.71364
0.965657
0.726043
0.524877
1.30495
0.35827
0.720225
0.80911
0.504682
0.663883
0.763921
0.429746
0.448792
0.604646
0.37091
0.742274
0.486421
0.623541
1.07002
0.881833
1.03988
0.371393
0.616176
0.323499
-0.237286
0.635405
1.03351
0.678868
1.13367
0.839689
0.765291
0.756264
0.773622
0.684938
0.663623
0.655184
0.563551
0.5631
0.667681
0.743983
0.717741
0.688208
0.716648
0.762122
0.686026
0.695624
0.865155
0.60186
0.673222
0.783492
0.631307
0.222701
1.00488
0.529263
1.17176
0.40828
0.762596
0.370448
0.613931
0.398313
1.278
0.244242
1.16985
0.575699
0.862313
0.0183555
1.26309
1.73819
0.465251
-0.171585
0.741715
-0.116483
1.28906
0.46098
0.424834
1.38135
1.22544
0.460496
0.908484
0.542456
0.736762
0.642292
0.857684
0.64556
0.662316
0.707833
0.547984
0.578166
0.497853
0.60872
0.748465
0.280938
0.59919
0.630067
0.466534
0.586664
1.10498
0.72974
0.657689
0.740241
0.646246
0.702709
0.691087
0.686054
0.537665
0.677142
0.356426
0.647453
0.659535
0.694299
0.77869
0.812507
0.560911
0.572721
0.673875
0.623551
0.670828
0.93192
0.472747
0.666249
0.698891
0.688825
0.70027
0.708952
0.72576
0.719182
0.424803
0.912444
0.718956
0.585541
0.667514
1.01422
1.1242
1.03553
0.0449764
0.57135
0.869733
0.891033
0.474837
0.245273
0.334105
0.351879
0.34763
0.602634
0.984132
2.08282
-0.0690596
0.851644
0.884373
0.776153
0.856486
0.82683
0.822379
0.697345
0.790012
0.763578
-0.522516
0.776679
1.1763
0.853427
0.644498
0.360952
0.553065
0.534213
0.492552
0.348408
0.547609
0.462831
0.873405
0.712606
0.844383
0.523169
1.45057
1.16262
0.613328
-0.800935
0.822028
0.38522
1.3528
0.895549
0.663247
0.693513
0.351069
0.528346
0.745064
0.686559
0.786186
0.782037
0.765861
0.752017
0.760253
-0.588264
1.67763
1.07885
1.16134
0.666836
0.796183
0.667568
0.770747
0.609672
1.12778
0.519066
1.18424
0.816603
0.670451
0.466528
0.383093
0.59327
0.702757
1.79312
0.333005
0.185422
0.626126
0.249785
0.717291
0.633997
0.664136
0.664506
0.790671
0.906425
0.718874
0.606893
0.580375
0.756804
1.38849
1.2579
0.134603
0.102411
0.187126
1.32839
0.629407
0.619077
0.630523
0.748912
0.819824
0.521492
1.11534
0.471141
0.564178
0.428993
1.0301
0.773284
0.664849
0.732032
0.688168
0.803561
0.504269
0.619901
0.707987
0.728093
0.700639
0.696838
0.709593
0.645921
0.796268
0.600537
0.711069
0.70181
0.693755
0.510335
0.717217
0.693532
0.719555
0.715954
0.806246
0.649632
0.739085
0.642
0.74921
0.757123
0.569254
0.620412
0.59906
0.669414
0.658531
0.620601
0.736176
0.724704
0.216295
0.590352
0.636966
0.64184
0.685144
0.702111
0.920612
1.2259
0.525345
0.872554
0.756758
0.646053
1.10159
0.686034
0.691095
0.925503
0.666824
0.747906
0.527446
0.854486
0.582903
0.794259
0.591091
0.854097
0.574693
0.879848
0.556568
0.773262
0.70119
0.724087
0.69203
0.724671
0.703523
0.729024
0.704335
0.711802
0.707813
0.715827
0.712392
0.712809
0.70854
0.709819
0.7139
0.71443
0.767436
0.893669
0.648065
0.91112
0.899657
0.794629
0.65466
0.763283
2.5065
1.08228
0.61736
0.668158
0.0265065
0.0756015
0.212643
0.466305
0.263919
0.621009
0.52262
