-2.82611e-07
-2.23957e-06
-7.43933e-06
-1.73283e-05
-3.32371e-05
-5.63862e-05
-8.78914e-05
-0.00012877
-0.000179943
-0.000242244
-0.000316421
-0.000403141
-0.000502993
-0.000616496
-0.000744098
-0.000886181
-0.00104306
-0.00121501
-0.00140222
-0.00160485
-0.00182299
-0.00205669
-0.00230597
-0.00257077
-0.00285102
-0.0031466
-0.00345733
-0.00378302
-0.00412344
-0.00447831
-0.00484727
-0.00522999
-0.00562608
-0.00603506
-0.00645635
-0.00688924
-0.00733296
-0.00778664
-0.00824931
-0.00871997
-0.00919752
-0.00968082
-0.0101688
-0.0106602
-0.0111542
-0.0116496
-0.0121454
-0.0126407
-0.0131345
-0.0136258
-0.0141136
-0.0145972
-0.0150757
-0.015548
-0.0160135
-0.0164713
-0.0169206
-0.0173605
-0.0177903
-0.0182094
-0.018617
-0.0190124
-0.0193949
-0.0197637
-0.0201182
-0.0204576
-0.0207812
-0.0210884
-0.0213785
-0.0216508
-0.0219048
-0.0221402
-0.0223571
-0.0225554
-0.022735
-0.0228959
-0.023038
-0.0231612
-0.0232654
-0.0233506
-0.0234167
-0.0234636
-0.0234912
-0.0234994
-0.023488
-0.023457
-0.0234062
-0.0233355
-0.0232446
-0.0231335
-0.023002
-0.0228497
-0.0226766
-0.0224825
-0.0222669
-0.0220298
-0.0217708
-0.0214896
-0.021186
-0.0208596
-0.0205103
-0.0201377
-0.0197414
-0.0193212
-0.0188769
-0.0184082
-0.0179151
-0.0173974
-0.0168548
-0.0162868
-0.0156929
-0.0150724
-0.0144243
-0.0137477
-0.0130418
-0.0123056
-0.011538
-0.010738
-0.00990444
-0.00903622
-0.00813309
-0.00719866
-0.00623737
-0.00525354
-0.00425137
-0.0032349
-0.00220808
-0.00117472
-0.000138477
0.000897212
0.00192904
0.00295363
0.00396768
0.00496798
0.00595142
0.00691496
0.00785568
0.00877072
0.0096573
0.0105127
0.0113347
0.0121224
0.0128757
0.0135941
0.0142775
0.0149257
0.0155385
0.0161158
0.0166574
0.0171634
0.0176336
0.018068
0.0184667
0.0188295
0.0191567
0.0194482
0.019704
0.0199242
0.020109
0.0202584
0.0203724
0.0204512
0.020495
0.0205037
0.0204775
0.0204165
0.0203208
0.0201905
0.0200258
0.0198266
0.0195936
0.0193266
0.0190258
0.0186914
0.0183237
0.0179231
0.01749
0.0170248
0.0165281
0.0160001
0.0154413
0.0148518
0.0142319
0.0135814
0.0129
0.0121873
0.0114426
0.0106653
0.0098543
0.00900856
0.00812784
0.00721561
0.00627619
0.00531378
0.00433246
0.00333621
0.00232893
0.00131438
0.000296238
-0.000722098
-0.0017373
-0.00274595
-0.00374467
-0.00473018
-0.00569927
-0.0066488
-0.00757571
-0.008477
-0.00934973
-0.010191
-0.0109985
-0.0117715
-0.0125098
-0.0132133
-0.0138819
-0.0145155
-0.0151141
-0.0156775
-0.0162059
-0.0166991
-0.0171573
-0.0175805
-0.0179686
-0.0183219
-0.0186403
-0.0189239
-0.0191728
-0.0193871
-0.0195669
-0.0197124
-0.0198235
-0.0199004
-0.0199432
-0.0199521
-0.019927
-0.0198681
-0.0197755
-0.0196492
-0.0194893
-0.019296
-0.0190695
-0.0188099
-0.0185173
-0.0181918
-0.0178336
-0.0174431
-0.0170207
-0.0165667
-0.0160815
-0.0155654
-0.0150188
-0.0144418
-0.0138344
-0.0131965
-0.0125276
-0.0118272
-0.0110947
-0.0103291
-0.00952944
-0.00869456
-0.00782427
-0.00692207
-0.00599229
-0.00503913
-0.00406673
-0.00307907
-0.00208005
-0.00107348
-6.30095e-05
0.000947924
0.00195599
0.00295776
0.00394985
0.00492897
0.00589191
0.00683552
0.00775675
0.00865258
0.00952008
0.0103564
0.0111591
0.0119275
0.0126614
0.0133608
0.0140254
0.0146551
0.01525
0.0158099
0.0163348
0.0168248
0.0172798
0.0176998
0.018085
0.0184353
0.0187509
0.0190317
0.0192779
0.0194896
0.0196669
0.0198098
0.0199185
0.019993
0.0200335
0.02004
0.0200126
0.0199514
0.0198566
0.0197281
0.019566
0.0193706
0.019142
0.0188803
0.0185857
0.0182581
0.0178979
0.0175055
0.0170811
0.0166252
0.0161381
0.0156202
0.0150717
0.0144929
0.0138838
0.0132441
0.0125736
0.0118716
0.0111375
0.0103704
0.0095693
0.00873302
0.00786138
0.00695788
0.00602685
0.00507249
0.00409893
0.00311015
0.00211006
0.00110246
9.09896e-05
-0.000920905
-0.00192989
-0.00293256
-0.00392551
-0.00490546
-0.0058692
-0.00681358
-0.00773554
-0.00863209
-0.00950027
-0.0103372
-0.0111405
-0.0119096
-0.0126441
-0.013344
-0.0140091
-0.0146394
-0.0152348
-0.0157952
-0.0163206
-0.016811
-0.0172664
-0.0176868
-0.0180724
-0.0184231
-0.018739
-0.0190203
-0.0192668
-0.0194789
-0.0196565
-0.0197997
-0.0199087
-0.0199835
-0.0200242
-0.020031
-0.0200039
-0.019943
-0.0198484
-0.0197202
-0.0195584
-0.0193632
-0.0191348
-0.0188734
-0.018579
-0.0182517
-0.0178917
-0.0174994
-0.0170753
-0.0166195
-0.0161326
-0.0156149
-0.0150667
-0.014488
-0.0138791
-0.0132396
-0.0125692
-0.0118674
-0.0111334
-0.0103665
-0.0095655
-0.00872935
-0.00785785
-0.00695447
-0.00602356
-0.00506932
-0.00409587
-0.0031072
-0.00210722
-0.00109971
-8.83408e-05
0.000923461
0.00193236
0.00293493
0.00392781
0.00490768
0.00587134
0.00681564
0.00773753
0.00863401
0.00950213
0.010339
0.0111423
0.0119112
0.0126457
0.0133456
0.0140106
0.0146409
0.0152362
0.0157965
0.0163219
0.0168122
0.0172676
0.017688
0.0180736
0.0184242
0.0187401
0.0190213
0.0192678
0.0194798
0.0196574
0.0198006
0.0199096
0.0199843
0.0200251
0.0200318
0.0200047
0.0199438
0.0198492
0.0197209
0.0195591
0.0193638
0.0191355
0.018874
0.0185796
0.0182522
0.0178922
0.0175
0.0170758
0.01662
0.0161331
0.0156154
0.0150671
0.0144885
0.0138795
0.01324
0.0125696
0.0118678
0.0111338
0.0103668
0.00956582
0.00872967
0.00785815
0.00695477
0.00602384
0.0050696
0.00409613
0.00310746
0.00210746
0.00109995
8.85679e-05
-0.000923242
-0.00193215
-0.00293473
-0.00392761
-0.00490749
-0.00587115
-0.00681547
-0.00773736
-0.00863384
-0.00950197
-0.0103389
-0.0111421
-0.0119111
-0.0126456
-0.0133454
-0.0140105
-0.0146407
-0.0152361
-0.0157964
-0.0163218
-0.0168121
-0.0172675
-0.0176879
-0.0180735
-0.0184241
-0.01874
-0.0190212
-0.0192678
-0.0194798
-0.0196573
-0.0198005
-0.0199095
-0.0199843
-0.020025
-0.0200318
-0.0200046
-0.0199437
-0.0198491
-0.0197208
-0.019559
-0.0193638
-0.0191354
-0.018874
-0.0185795
-0.0182522
-0.0178922
-0.0174999
-0.0170757
-0.01662
-0.0161331
-0.0156153
-0.0150671
-0.0144884
-0.0138795
-0.0132399
-0.0125696
-0.0118677
-0.0111338
-0.0103668
-0.0095658
-0.00872964
-0.00785813
-0.00695474
-0.00602382
-0.00506957
-0.00409611
-0.00310744
-0.00210744
-0.00109993
-8.85494e-05
0.00092326
0.00193217
0.00293475
0.00392762
0.0049075
0.00587117
0.00681548
0.00773738
0.00863386
0.00950198
0.0103389
0.0111421
0.0119111
0.0126456
0.0133454
0.0140105
0.0146408
0.0152361
0.0157964
0.0163218
0.0168121
0.0172675
0.0176879
0.0180735
0.0184241
0.01874
0.0190212
0.0192678
0.0194798
0.0196573
0.0198005
0.0199095
0.0199843
0.020025
0.0200318
0.0200046
0.0199437
0.0198491
0.0197208
0.019559
0.0193638
0.0191354
0.018874
0.0185795
0.0182522
0.0178922
0.0174999
0.0170757
0.01662
0.0161331
0.0156153
0.0150671
0.0144884
0.0138795
0.01324
0.0125696
0.0118677
0.0111338
0.0103668
0.0095658
0.00872964
0.00785813
0.00695474
0.00602382
0.00506958
0.00409611
0.00310744
0.00210744
0.00109993
8.85509e-05
-0.000923258
-0.00193216
-0.00293475
-0.00392762
-0.0049075
-0.00587117
-0.00681548
-0.00773738
-0.00863386
-0.00950198
-0.0103389
-0.0111421
-0.0119111
-0.0126456
-0.0133454
-0.0140105
-0.0146408
-0.0152361
-0.0157964
-0.0163218
-0.0168121
-0.0172675
-0.0176879
-0.0180735
-0.0184241
-0.01874
-0.0190212
-0.0192678
-0.0194798
-0.0196573
-0.0198005
-0.0199095
-0.0199843
-0.020025
-0.0200318
-0.0200046
-0.0199437
-0.0198491
-0.0197208
-0.019559
-0.0193638
-0.0191354
-0.018874
-0.0185795
-0.0182522
-0.0178922
-0.0174999
-0.0170757
-0.01662
-0.0161331
-0.0156153
-0.0150671
-0.0144884
-0.0138795
-0.01324
-0.0125696
-0.0118677
-0.0111338
-0.0103668
-0.0095658
-0.00872964
-0.00785813
-0.00695474
-0.00602382
-0.00506957
-0.00409611
-0.00310744
-0.00210744
-0.00109993
-8.85508e-05
0.000923258
0.00193216
0.00293475
0.00392762
0.0049075
0.00587117
0.00681548
0.00773738
0.00863386
0.00950198
0.0103389
0.0111421
0.0119111
0.0126456
0.0133454
0.0140105
0.0146408
0.0152361
0.0157964
0.0163218
0.0168121
0.0172675
0.0176879
0.0180735
0.0184241
0.01874
0.0190212
0.0192678
0.0194798
0.0196573
0.0198005
0.0199095
0.0199843
0.020025
0.0200318
0.0200046
0.0199437
0.0198491
0.0197208
0.019559
0.0193638
0.0191354
0.018874
0.0185795
0.0182522
0.0178922
0.0174999
0.0170757
0.01662
0.0161331
0.0156153
0.0150671
0.0144884
0.0138795
0.01324
0.0125696
0.0118677
0.0111338
0.0103668
0.0095658
0.00872964
0.00785813
0.00695474
0.00602382
0.00506957
0.00409611
0.00310744
0.00210744
0.00109993
8.85508e-05
-0.000923258
-0.00193216
-0.00293475
-0.00392762
-0.0049075
-0.00587117
-0.00681548
-0.00773738
-0.00863386
-0.00950198
-0.0103389
-0.0111421
-0.0119111
-0.0126456
-0.0133454
-0.0140105
-0.0146408
-0.0152361
-0.0157964
-0.0163218
-0.0168121
-0.0172675
-0.0176879
-0.0180735
-0.0184241
-0.01874
-0.0190212
-0.0192678
-0.0194798
-0.0196573
-0.0198005
-0.0199095
-0.0199843
-0.020025
-0.0200318
-0.0200046
-0.0199437
-0.0198491
-0.0197208
-0.019559
-0.0193638
-0.0191354
-0.018874
-0.0185795
-0.0182522
-0.0178922
-0.0174999
-0.0170757
-0.01662
-0.0161331
-0.0156153
-0.0150671
-0.0144884
-0.0138795
-0.01324
-0.0125696
-0.0118677
-0.0111338
-0.0103668
-0.0095658
-0.00872964
-0.00785813
-0.00695474
-0.00602382
-0.00506957
-0.00409611
-0.00310744
-0.00210744
-0.00109993
-8.85508e-05
0.000923258
0.00193216
0.00293475
0.00392762
0.0049075
0.00587117
0.00681548
0.00773738
0.00863386
0.00950198
0.0103389
0.0111421
0.0119111
0.0126456
0.0133454
0.0140105
0.0146408
0.0152361
0.0157964
0.0163218
0.0168121
0.0172675
0.0176879
0.0180735
0.0184241
0.01874
0.0190212
0.0192678
0.0194798
0.0196573
0.0198005
0.0199095
0.0199843
0.020025
0.0200318
0.0200046
0.0199437
0.0198491
0.0197208
0.019559
0.0193638
0.0191354
0.018874
0.0185795
0.0182522
0.0178922
0.0174999
0.0170757
0.01662
0.0161331
0.0156153
0.0150671
0.0144884
0.0138795
0.01324
0.0125696
0.0118677
0.0111338
0.0103668
0.0095658
0.00872964
0.00785813
0.00695474
0.00602382
0.00506957
0.00409611
0.00310744
0.00210744
0.00109993
8.85508e-05
-0.000923258
-0.00193216
-0.00293475
-0.00392762
-0.0049075
-0.00587117
-0.00681548
-0.00773738
-0.00863386
-0.00950198
-0.0103389
-0.0111421
-0.0119111
-0.0126456
-0.0133454
-0.0140105
-0.0146408
-0.0152361
-0.0157964
-0.0163218
-0.0168121
-0.0172675
-0.0176879
-0.0180735
-0.0184241
-0.01874
-0.0190212
-0.0192678
-0.0194798
-0.0196573
-0.0198005
-0.0199095
-0.0199843
-0.020025
-0.0200318
-0.0200046
-0.0199437
-0.0198491
-0.0197208
-0.019559
-0.0193638
-0.0191354
-0.018874
-0.0185795
-0.0182522
-0.0178922
-0.0174999
-0.0170757
-0.01662
-0.0161331
-0.0156153
-0.0150671
-0.0144884
-0.0138795
-0.01324
-0.0125696
-0.0118677
-0.0111338
-0.0103668
-0.0095658
-0.00872964
-0.00785813
-0.00695474
-0.00602382
-0.00506957
-0.00409611
-0.00310744
-0.00210744
-0.00109993
-8.85508e-05
0.000923258
0.00193216
0.00293475
0.00392762
0.0049075
0.00587117
0.00681548
0.00773738
0.00863386
0.00950198
0.0103389
0.0111421
0.0119111
0.0126456
0.0133454
0.0140105
0.0146408
0.0152361
0.0157964
0.0163218
0.0168121
0.0172675
0.0176879
0.0180735
0.0184241
0.01874
0.0190212
0.0192678
0.0194798
0.0196573
0.0198005
