0
0.000251597
0.000245443
0.000194161
0.000153587
-0.000194788
-0.00094068
-0.00144009
-0.00221761
-0.00253732
-0.00295188
-0.00318239
-0.00334273
-0.00350674
-0.00367447
-0.00385189
-0.00404782
-0.00426184
-0.00449373
-0.00474344
-0.00501095
-0.00529626
-0.00559932
-0.00592004
-0.00625835
-0.00661389
-0.00698669
-0.00737461
-0.00777942
-0.00820104
-0.00863923
-0.00909373
-0.00956423
-0.0100504
-0.0105516
-0.0110673
-0.0115962
-0.0121231
-0.0126424
-0.0131443
-0.0136353
-0.0141243
-0.0146141
-0.0151054
-0.015598
-0.0160914
-0.0165849
-0.0170778
-0.0175691
-0.0180581
-0.0185438
-0.0190255
-0.0195022
-0.0199732
-0.0204375
-0.0208945
-0.021343
-0.0217823
-0.0222114
-0.0226298
-0.0230368
-0.0234316
-0.0238136
-0.0241821
-0.0245364
-0.0248757
-0.0251994
-0.0255068
-0.0257972
-0.02607
-0.0263246
-0.0259008
-0.0256328
-0.0254369
-0.0252676
-0.0251061
-0.0249714
-0.0248228
-0.0246564
-0.0244699
-0.0242622
-0.0240324
-0.02378
-0.0235047
-0.0232061
-0.022884
-0.0225458
-0.0221872
-0.0218077
-0.0214066
-0.020984
-0.0205423
-0.0200827
-0.0196047
-0.0191078
-0.0185913
-0.0180551
-0.0174989
-0.0169223
-0.0163248
-0.0157058
-0.0150647
-0.014401
-0.0137139
-0.0130029
-0.0122673
-0.0115066
-0.0107202
-0.0099074
-0.00906743
-0.00819943
-0.00732574
-0.00637753
-0.00538659
-0.00435457
-0.00328056
-0.00216349
-0.00100217
0.000204629
0.00145823
0.00275999
0.00379163
0.00476742
0.00570065
0.00656935
0.00736069
0.00806697
0.00868339
0.00920659
0.00963409
0.00996391
0.0101943
0.0103235
0.0103498
0.010272
0.0100845
0.00979085
0.00938953
0.00887992
0.00826
0.00752773
0.00666052
0.00564992
0.0045935
0.00349194
0.00234493
0.00115207
-8.3064e-05
-0.00135109
-0.00266086
-0.00401418
-0.00541255
-0.00685739
-0.00835003
-0.00989183
-0.0114844
-0.0131173
-0.0148066
-0.0165038
-0.0182915
-0.0201271
-0.0220125
-0.0239498
-0.0259409
-0.0279877
-0.0300922
-0.0322529
-0.0344706
-0.0367469
-0.0390837
-0.0414825
-0.0439452
-0.0464735
-0.0490694
-0.0517347
-0.0544713
-0.057281
-0.0601657
-0.0631272
-0.0661676
-0.069289
-0.0723062
-0.0752722
-0.0781972
-0.0810838
-0.0839345
-0.0867516
-0.0895375
-0.092295
-0.0950267
-0.0977351
-0.100421
-0.103062
-0.105664
-0.108232
-0.110768
-0.113273
-0.115749
-0.118197
-0.120616
-0.123008
-0.125373
-0.127712
-0.130023
-0.13231
-0.13457
-0.136805
-0.139014
-0.141199
-0.143358
-0.145493
-0.147609
-0.149695
-0.151762
-0.153814
-0.155793
-0.157745
-0.159685
-0.161616
-0.16354
-0.165463
-0.16738
-0.169294
-0.171206
-0.173118
-0.175031
-0.176946
-0.178866
-0.180791
-0.182724
-0.184666
-0.186618
-0.188582
-0.19056
-0.192554
-0.194565
-0.196595
-0.198645
-0.200717
-0.202813
-0.204935
-0.207085
-0.209263
-0.211473
-0.213715
-0.215993
-0.218307
-0.220661
-0.223056
-0.225495
-0.227979
-0.230511
-0.233092
-0.235726
-0.238413
-0.241156
-0.243957
-0.246818
-0.24974
-0.252726
-0.255711
-0.258842
-0.262005
-0.265235
-0.268542
-0.27193
-0.275405
-0.278972
-0.282636
-0.2864
-0.290269
-0.294248
-0.298342
-0.302558
-0.306896
-0.31136
-0.315952
-0.320677
-0.325539
-0.330542
-0.33569
-0.341012
-0.346398
-0.351742
-0.357127
-0.362616
-0.36823
-0.373975
-0.37976
-0.385724
-0.391776
-0.397968
-0.404302
-0.411091
-0.418649
-0.42681
-0.435329
-0.443775
-0.452279
-0.460911
-0.469572
-0.478642
-0.487807
-0.497172
-0.506767
-0.516584
-0.526616
-0.536861
-0.547313
-0.55797
-0.568827
-0.579711
-0.591155
-0.602701
-0.614274
-0.625871
-0.637493
-0.649162
-0.660898
-0.672827
-0.684786
-0.697025
-0.709328
-0.721645
-0.734153
-0.746648
-0.759112
-0.771583
-0.784039
-0.79638
-0.808581
-0.820786
-0.832443
-0.843709
-0.858343
-0.871861
-0.884165
-0.895398
-0.90572
-0.915479
-0.924658
-0.924718
-0.924561
-0.92442
-0.924272
-0.92417
-0.924045
-0.923882
-0.923674
-0.923417
-0.923108
-0.922893
-0.92266
-0.922465
-0.922321
-0.922223
-0.922184
-0.922194
-0.922255
-0.922331
-0.922398
-0.922452
-0.922487
-0.922509
-0.922518
-0.922515
-0.922503
-0.92248
-0.922448
-0.922408
-0.92236
-0.922305
-0.922245
-0.922174
-0.92195
-0.921663
-0.921361
-0.921048
-0.920726
-0.920396
-0.920071
-0.919759
-0.919476
-0.919244
-0.918988
-0.918785
-0.918554
-0.918334
-0.918124
-0.917911
-0.91769
-0.917458
-0.917221
-0.916981
-0.91674
-0.9165
-0.916261
-0.916026
-0.915796
-0.915572
-0.915356
-0.915149
-0.91495
-0.914761
-0.914581
-0.914264
-0.913986
-0.913726
-0.913493
-0.913292
-0.913124
-0.912996
-0.912903
-0.912821
-0.912752
-0.912696
-0.912655
-0.912624
-0.91252
-0.9124
-0.912341
-0.91217
-0.912026
-0.911913
-0.911849
-0.911847
-0.911842
-0.911817
-0.911443
-0.911168
-0.911011
-0.91088
-0.910731
-0.910907
-0.910914
-0.910749
-0.910593
-0.910618
-0.91071
-0.91079
-0.910847
-0.910889
-0.910914
-0.910889
-0.911626
-0.91172
-0.91174
-0.911315
-0.910973
-0.910741
-0.910566
-0.910487
-0.910468
-0.910462
-0.910463
-0.910471
-0.910485
-0.91052
-0.910572
-0.910638
-0.910725
-0.910851
-0.911104
-0.911386
-0.911843
-0.912377
-0.913857
-0.915377
-0.917091
-0.918849
-0.921767
-0.924767
-0.927679
-0.930191
-0.932352
-0.934186
-0.936644
-0.938931
-0.941481
-0.944257
-0.947161
-0.950559
-0.954005
-0.95755
-0.9612
-0.964953
-0.968609
-0.972095
-0.975449
-0.978835
-0.982068
-0.985774
-0.989869
-0.994364
-0.998895
-1.00288
-1.00671
-1.01106
-1.01524
-1.01747
-1.02059
-1.02387
-1.02693
-1.02953
-1.03171
-1.03355
-1.0352
-1.03664
-1.03786
-1.03891
-1.04053
-1.04219
-1.04373
-1.04526
-1.04679
-1.04771
-1.04802
-1.04834
-1.04864
-1.04969
-1.05161
-1.05246
-1.05285
-1.05322
-1.05445
-1.05512
-1.05599
-1.05699
-1.05814
-1.05823
-1.05849
-1.05899
-1.06075
-1.06349
-1.06711
-1.07056
-1.074
-1.07743
-1.08057
-1.08331
-1.0856
-1.08793
-1.0901
-1.09211
-1.09395
-1.0954
-1.09671
-1.09928
-1.1016
-1.10448
-1.10797
-1.11141
-1.11517
-1.11873
-1.12019
-1.11837
-1.11641
-1.11721
-1.11847
-1.11943
-1.12035
-1.12136
-1.12302
-1.12529
-1.12746
-1.12911
-1.13037
-1.1316
-1.13275
-1.1319
-1.13068
-1.12956
-1.12845
-1.12794
-1.12738
-1.1283
-1.12943
-1.12998
-1.13028
-1.12972
-1.12885
-1.12812
-1.12916
-1.13056
-1.13239
-1.13309
-1.13364
-1.13422
-1.13473
-1.13505
-1.13455
-1.13438
-1.13424
-1.13417
-1.13425
-1.13477
-1.13596
-1.13738
-1.13902
-1.14085
-1.1426
-1.1443
-1.14475
-1.14517
-1.14396
-1.14401
-1.14443
-1.14476
-1.14492
-1.14501
-1.14584
-1.14638
-1.14773
-1.14903
-1.14973
-1.15009
-1.15054
-1.15135
-1.15215
-1.15319
-1.15439
-1.15542
-1.15659
-1.15685
-1.15733
-1.15879
-1.16023
-1.16153
-1.1629
-1.16462
-1.16617
-1.16755
-1.16774
-1.16791
-1.16826
-1.16846
-1.16856
-1.16899
-1.16966
-1.17116
-1.17282
-1.17489
-1.177
-1.17943
-1.1819
-1.18455
-1.1858
-1.18748
-1.18995
-1.19151
-1.19286
-1.19396
-1.19464
-1.19534
-1.19602
-1.19677
-1.19758
-1.19954
-1.20166
-1.20238
-1.20211
-1.20185
-1.2018
-1.201
-1.20048
-1.19979
-1.19885
-1.19811
-1.19735
-1.19637
-1.1957
-1.19543
-1.19523
-1.19524
-1.19516
-1.19541
-1.19596
-1.19589
-1.19568
-1.19509
-1.19508
-1.19523
-1.19522
-1.19684
-1.19849
-1.19974
-1.20099
-1.2017
-1.20218
-1.2025
-1.20268
-1.20271
-1.20272
-1.20275
-1.2028
-1.20291
-1.20333
-1.20383
-1.20425
-1.20454
-1.20475
-1.20488
-1.20493
-1.20501
-1.20506
-1.20507
-1.2051
-1.20513
-1.20501
-1.20498
-1.20498
-1.20501
-1.20503
-1.20508
-1.20504
-1.20512
-1.20525
-1.20535
-1.20539
-1.20542
-1.20544
-1.20546
-1.20568
-1.20566
-1.20568
-1.20567
-1.20539
-1.20533
-1.20552
-1.2055
-1.20554
-1.20557
-1.20561
-1.2056
-1.20543
-1.20534
-1.20528
-1.20526
-1.20522
-1.20525
-1.20532
-1.20553
-1.20583
-1.20614
-1.20638
-1.20664
-1.20671
-1.20672
-1.20675
-1.20688
-1.207
-1.20731
-1.20756
-1.20797
-1.20826
-1.20865
-1.20877
-1.20887
-1.20895
-1.20906
-1.20913
-1.20941
-1.20931
-1.20931
-1.2093
-1.2097
-1.20994
-1.21021
-1.21047
-1.21069
-1.2108
-1.21122
-1.21187
-1.2125
-1.2131
-1.21387
-1.21366
-1.21402
-1.21431
-1.21463
-1.21484
-1.21517
-1.21533
-1.2155
-1.21559
-1.21595
-1.21603
-1.21603
-1.21606
-1.21614
-1.21588
-1.21519
-1.21414
-1.21361
-1.21335
-1.21298
-1.21252
-1.21249
-1.21298
-1.21381
-1.21509
-1.21684
-1.21823
-1.21941
-1.21885
-1.21903
-1.21905
-1.21877
-1.21847
-1.21798
-1.21741
-1.21666
-1.21592
-1.21505
-1.2141
-1.21436
-1.21449
-1.21395
-1.21318
-1.21252
-1.21161
-1.21094
-1.21054
-1.21047
-1.21101
-1.21156
-1.21256
-1.21331
-1.21405
-1.21464
-1.21544
-1.2146
-1.21318
-1.21221
-1.21352
-1.2147
-1.21634
-1.21635
-1.21624
-1.21643
-1.21674
-1.21789
-1.21903
-1.22002
-1.22099
-1.2219
-1.22267
-1.22337
-1.2239
-1.22441
-1.22499
-1.2252
-1.22538
-1.22537
-1.22548
-1.22544
-1.22542
-1.22536
-1.22534
-1.22532
-1.22531
-1.2253
-1.22521
-1.2254
-1.22579
-1.22647
-1.22746
-1.22873
-1.22873
-1.22893
-1.22932
-1.22961
-1.23027
-1.23098
-1.23192
-1.23303
-1.23421
-1.23543
-1.23543
-1.23541
-1.23541
-1.23545
-1.23544
-1.23515
-1.23496
-1.23449
-1.23445
-1.23476
-1.23503
-1.23533
-1.23564
-1.23598
-1.23631
-1.23658
-1.23699
-1.23708
-1.23719
-1.23755
-1.23727
-1.23713
-1.23679
-1.23658
-1.23633
-1.23608
-1.23565
-1.23561
-1.23558
-1.2356
-1.23557
-1.23555
-1.23554
-1.23547
-1.2355
-1.23542
-1.23542
-1.23539
-1.23536
-1.23535
-1.23563
-1.23583
-1.23601
-1.23625
-1.23641
-1.23641
-1.23647
-1.23648
-1.23656
-1.23658
-1.23649
-1.23665
-1.23691
-1.23736
-1.23778
-1.23836
-1.23898
-1.23959
-1.24013
-1.24138
-1.24276
-1.24437
-1.24604
-1.24787
-1.24964
-1.25111
-1.2516
-1.25251
-1.25312
-1.25352
-1.25406
-1.2541
-1.2542
-1.25438
-1.25415
-1.25401
-1.25381
-1.25392
-1.25379
-1.25388
-1.25381
-1.25396
-1.25387
-1.25402
-1.25388
-1.25401
-1.25401
-1.25402
-1.25401
-1.25404
-1.25404
-1.25406
-1.25404
-1.25405
-1.25405
-1.25407
-1.25408
-1.25409
-1.2541
-1.25412
-1.25413
-1.25414
-1.25415
-1.25401
-1.25362
-1.25332
-1.25246
-1.25127
-1.2499
-1.24858
-1.24732
-1.24576
-1.24473
-1.24407
-1.24372
-1.24373
-1.24389
-1.24407
-1.24422
-1.24439
-1.24463
-1.24481
