-0.099997
-0.0951698
-0.0883828
-0.0836461
-0.0836097
-0.0835583
-0.0834867
-0.0817753
-0.0816929
-0.0810549
-0.0810134
-0.0807936
-0.0807765
-0.0807571
-0.0807365
-0.0807161
-0.0806965
-0.0806778
-0.0806603
-0.0806439
-0.0806286
-0.0806143
-0.0806009
-0.0805326
-0.0805209
-0.0803338
-0.0803236
-0.0803143
-0.0803057
-0.0802977
-0.0802903
-0.0802834
-0.080277
-0.0802711
-0.0802655
-0.0802603
-0.0802553
-0.0802603
-0.0802649
-0.0802691
-0.0802731
-0.0802767
-0.0802801
-0.0802833
-0.0802862
-0.0802889
-0.0802915
-0.0802939
-0.0802961
-0.0802982
-0.0803001
-0.0803019
-0.0803036
-0.0803051
-0.0803065
-0.0803079
-0.0803091
-0.0803102
-0.0803113
-0.0803122
-0.0803131
-0.0803139
-0.0803146
-0.0803153
-0.0803159
-0.0803164
-0.0803169
-0.0803173
-0.0803176
-0.0803179
0.0710406
0.0710638
0.0704551
0.0701309
0.0699688
0.0699018
0.0698044
0.0697437
0.0697058
0.0696826
0.0696693
0.0696631
0.069662
0.069665
0.069671
0.0696795
0.0696792
0.0696806
0.0696834
0.0696885
0.0696943
0.0697004
0.0697068
0.069713
0.069719
0.0697249
0.0697303
0.0697348
0.0697385
0.0697411
0.0697425
0.0697427
0.0697416
0.0697389
0.0697347
0.0697289
0.0697213
0.0697118
0.0697004
0.069687
0.0696715
0.0696406
0.0696335
0.0696254
0.0696148
0.0696014
0.069585
0.0695652
0.069542
0.0695151
0.0694843
0.0694816
0.0694832
0.0694843
0.069485
0.0694852
0.069485
0.0694844
0.0694833
0.0694819
0.0694801
0.069478
0.0694756
0.0694729
0.0694701
0.0694655
0.0694611
0.0694569
0.0694523
0.0694476
-0.0813838
-0.0813425
-0.0812811
-0.0812057
-0.0811465
-0.0811129
-0.0811143
-0.0811693
-0.0812383
-0.0813303
-0.0814411
-0.0815671
-0.0817054
-0.0818539
-0.0820108
-0.0821757
-0.0822577
-0.0823516
-0.0824208
-0.082513
-0.0826029
-0.0826904
-0.0827753
-0.0828571
-0.0829355
-0.0830099
-0.0830794
-0.0831432
-0.0832007
-0.0832513
-0.0832945
-0.0833294
-0.0833555
-0.0833719
-0.0833778
-0.0833725
-0.083355
-0.0833245
-0.08328
-0.0832204
-0.0831448
-0.0831641
-0.0831817
-0.0831994
-0.0832151
-0.0832286
-0.0832404
-0.0832508
-0.0832601
-0.0832682
-0.0832753
-0.0832804
-0.0832881
-0.0832972
-0.0833072
-0.0833175
-0.083328
-0.0833387
-0.0833493
-0.0833601
-0.0833709
-0.0833819
-0.0833931
-0.0834071
-0.0834291
-0.0834512
-0.0834737
-0.0834963
-0.0835194
-0.0835428
0.064363
0.064188
0.0638016
0.0633227
0.06282
0.062453
0.0621201
0.0617897
0.0614612
0.0611308
0.0607867
0.0604381
0.0600903
0.0597463
0.0594066
0.0590718
0.0587425
0.0584189
0.0581017
0.0577911
0.0574875
0.0571913
0.0569028
0.0566226
0.0563508
0.056088
0.0558346
0.0555909
0.0553574
0.0551346
0.0549221
0.0547203
0.0545297
0.0543509
0.0541843
0.0540306
0.0538904
0.0537644
0.0536533
0.0535578
0.0534787
0.0534167
0.0533726
0.0533473
0.0533414
0.053356
0.0533916
0.0534489
0.0535282
0.0536285
0.0537426
0.0538978
0.0538656
0.0536564
0.0533386
0.0529507
0.0525142
0.0520407
0.0515366
0.051005
0.0504474
0.0498642
0.0492546
0.0486178
0.0479538
0.0472628
0.0465443
0.0457977
0.045022
0.0442163
-0.090161
-0.0907277
-0.0916744
-0.0926056
-0.0934619
-0.0942252
-0.094909
-0.0955332
-0.0958515
-0.096489
-0.0970928
-0.0976704
-0.0982305
-0.0986798
-0.0989337
-0.0990889
-0.0993005
-0.0997514
-0.100382
-0.101148
-0.101975
-0.102927
-0.103955
-0.105054
-0.106223
-0.107459
-0.108762
-0.11013
-0.111563
-0.11306
-0.114623
-0.116272
-0.117967
-0.119698
-0.121382
-0.12302
-0.124613
-0.126188
-0.127774
-0.1294
-0.13111
-0.132863
-0.134698
-0.136758
-0.138779
-0.140903
-0.143125
-0.145701
-0.148127
-0.150663
-0.153302
-0.156405
-0.159937
-0.163967
-0.172815
-0.181108
-0.188757
-0.195896
-0.202653
-0.209297
-0.215831
-0.216392
-0.215112
-0.214094
-0.213653
-0.213613
-0.213783
-0.214052
-0.21436
-0.214675
-0.207482
-0.205635
-0.204578
-0.204349
-0.204921
-0.206272
-0.208288
-0.210562
-0.212877
-0.215096
-0.217194
-0.219181
-0.221076
-0.222903
-0.224677
-0.226405
-0.228087
-0.229722
-0.231306
-0.232836
-0.234307
-0.235714
-0.237052
-0.238311
-0.23934
-0.240224
-0.241
-0.241666
-0.24222
-0.242662
-0.243002
-0.24325
-0.243409
-0.243497
-0.243441
-0.243313
-0.243036
-0.242648
-0.242146
-0.241514
-0.24076
-0.239887
-0.238903
-0.237812
-0.236616
-0.235315
-0.233908
-0.232396
-0.230777
-0.229051
-0.227218
-0.225289
-0.224154
-0.22345
-0.222966
-0.222388
-0.221892
-0.221473
-0.221085
-0.220701
-0.220299
-0.21987
-0.219402
-0.218855
-0.218238
-0.217553
-0.2168
-0.215971
-0.214959
-0.213808
-0.213384
-0.213785
-0.215497
-0.217896
-0.220668
-0.223605
-0.226485
-0.229066
-0.230994
-0.232857
-0.234617
-0.236158
-0.237423
-0.238692
-0.239448
-0.239725
-0.239834
-0.239726
-0.238666
-0.237106
-0.235254
-0.233142
-0.22536
-0.21931
-0.216551
-0.215116
-0.214825
-0.213719
-0.212591
-0.211161
-0.210192
-0.209595
-0.209335
-0.209401
-0.20983
-0.210669
-0.211834
-0.211452
-0.210188
-0.208425
-0.2064
-0.204273
-0.202153
-0.199917
-0.19851
-0.197243
-0.196874
-0.196467
-0.196478
-0.197231
-0.199317
-0.201609
-0.203968
-0.206363
-0.208413
-0.209824
-0.211032
-0.211829
-0.213481
-0.215965
-0.21921
-0.222062
-0.225052
-0.228347
-0.231909
-0.235578
-0.239413
-0.243274
-0.247156
-0.247221
-0.223097
-0.224153
-0.225025
-0.225691
-0.226892
-0.229264
-0.231884
-0.235616
-0.239443
-0.24293
-0.247617
-0.252648
-0.255979
-0.257339
-0.2569
-0.255419
-0.253904
-0.252446
-0.251209
-0.250003
-0.250658
-0.252896
-0.256838
-0.262619
-0.270191
-0.277739
-0.286532
-0.295474
-0.304632
-0.314615
-0.325632
-0.335804
-0.344429
-0.353212
-0.363063
-0.372684
-0.377228
-0.383026
-0.390033
-0.397709
-0.405372
-0.411817
-0.413958
-0.412696
-0.408635
-0.404465
-0.400213
-0.394364
-0.386975
-0.378317
-0.36943
-0.361386
-0.354341
-0.347931
-0.342308
-0.33703
-0.332765
-0.330979
-0.330636
-0.332178
-0.33579
-0.339691
-0.344492
-0.34866
-0.351074
-0.349993
-0.349892
-0.352515
-0.356272
-0.360679
-0.343363
-0.348537
-0.353215
-0.35762
-0.361049
-0.363888
-0.365755
-0.362589
-0.359531
-0.355332
-0.35216
-0.350051
-0.348738
-0.348759
-0.349347
-0.349796
-0.350765
-0.351677
-0.352753
-0.352465
-0.35209
-0.351891
-0.353134
-0.355342
-0.358667
-0.360726
-0.363162
-0.366104
-0.369501
-0.371357
-0.372084
-0.371839
-0.370982
-0.369548
-0.367709
-0.367125
-0.366541
-0.366255
-0.366496
-0.365274
-0.365129
-0.365723
-0.363688
-0.362216
-0.359629
-0.359837
-0.360172
-0.36063
-0.361381
-0.363352
-0.366344
-0.368979
-0.372281
-0.375025
-0.376969
-0.378162
-0.377426
-0.377284
-0.375913
-0.374444
-0.372972
-0.37128
-0.370146
-0.368716
-0.368135
-0.368931
-0.370091
-0.371522
-0.372772
-0.374911
-0.595493
-0.605322
-0.612517
-0.615728
-0.614093
-0.60966
-0.602963
-0.595035
-0.585347
-0.575391
-0.56568
-0.557219
-0.549623
-0.542805
-0.536415
-0.530504
-0.522859
-0.515694
-0.510484
-0.508001
-0.508635
-0.509755
-0.512005
-0.515752
-0.52075
-0.526007
-0.530924
-0.532611
-0.530772
-0.530259
-0.532269
-0.534803
-0.539966
-0.544444
-0.550573
-0.55614
-0.563186
-0.569997
-0.578748
-0.586177
-0.589492
-0.591868
-0.595811
-0.599992
-0.603055
-0.604066
-0.606816
-0.606971
-0.608663
-0.608753
-0.611104
-0.61223
-0.614699
-0.616268
-0.619532
-0.620835
-0.623792
-0.624696
-0.627241
-0.627668
-0.629698
-0.629759
-0.631479
-0.631526
-0.631939
-0.630089
-0.625539
-0.61724
-0.609318
-0.599905
-0.60983
-0.594565
-0.580029
-0.56828
-0.557166
-0.547405
-0.539159
-0.532931
-0.527456
-0.522384
-0.518595
-0.514198
-0.509976
-0.504912
-0.499575
-0.493356
-0.486698
-0.479813
-0.476633
-0.473368
-0.469993
-0.465664
-0.461632
-0.456332
-0.451094
-0.445309
-0.44025
-0.434408
-0.428799
-0.422251
-0.416066
-0.409964
-0.404681
-0.40019
-0.397309
-0.394488
-0.392019
-0.389766
-0.388113
-0.386647
-0.386102
-0.386378
-0.387263
-0.388129
-0.389595
-0.391081
-0.393129
-0.395048
-0.397424
-0.398024
-0.398411
-0.398525
-0.398601
-0.398605
-0.398611
-0.398877
-0.399178
-0.399337
-0.399844
-0.400031
-0.400555
-0.401063
-0.401592
-0.401846
-0.402226
-0.402797
-0.403273
-0.403498
-0.403818
-0.403776
-0.817682
-0.812329
-0.802256
-0.790384
-0.777181
-0.761551
-0.745621
-0.730124
-0.715179
-0.70022
-0.685703
-0.670987
-0.656345
-0.641432
-0.626551
-0.61302
-0.601541
-0.591811
-0.58415
-0.578306
-0.572684
-0.567795
-0.563616
-0.560972
-0.559219
-0.558244
-0.557943
-0.55704
-0.555792
-0.554314
-0.552975
-0.551802
-0.550789
-0.548881
-0.544666
-0.540258
-0.534977
-0.528962
-0.522938
-0.516793
-0.51138
-0.506865
-0.5031
-0.500218
-0.498324
-0.498503
-0.499813
-0.501397
-0.503886
-0.506942
-0.510938
-0.516962
-0.524634
-0.534396
-0.546568
-0.55897
-0.572774
-0.586543
-0.600765
-0.614905
-0.629802
-0.642496
-0.650227
-0.652588
-0.658052
-0.663317
-0.668567
-0.6715
-0.675337
-0.678148
-0.790554
-0.788101
-0.783287
-0.777898
-0.768829
-0.756466
-0.739968
-0.720975
-0.703042
-0.68744
-0.673308
-0.657757
-0.641804
-0.62529
-0.608958
-0.596038
-0.582821
-0.569356
-0.55669
-0.544881
-0.533591
-0.524456
-0.517006
-0.510664
-0.505533
-0.500018
-0.494309
-0.488732
-0.484063
-0.478823
-0.472523
-0.465324
-0.457831
-0.450138
-0.443146
-0.436385
-0.430328
-0.427568
-0.423948
-0.421003
-0.418423
-0.41652
-0.415233
-0.413703
-0.411758
-0.409515
-0.408326
-0.408144
-0.408481
-0.409481
-0.411137
-0.413511
-0.416646
-0.420599
-0.42564
-0.430363
-0.432854
-0.434911
-0.435675
-0.435968
-0.435355
-0.434231
-0.432539
-0.430559
-0.428492
-0.426792
-0.425266
-0.423788
-0.422446
-0.421289
-0.793287
-0.783622
-0.770983
-0.755598
-0.740138
-0.722405
-0.70624
-0.69067
-0.676627
-0.662426
-0.649165
-0.636159
-0.625007
-0.614236
-0.605334
-0.59686
-0.589913
-0.582896
-0.577065
-0.570985
-0.565326
-0.559102
-0.553428
-0.547226
-0.542048
-0.535513
-0.530515
-0.529966
-0.530007
-0.529442
-0.529759
-0.529694
-0.530719
-0.530696
-0.53178
-0.533347
-0.534031
-0.533744
-0.534527
-0.534258
-0.534896
-0.535253
-0.535997
-0.536098
-0.535908
-0.536495
-0.536347
-0.536871
-0.536841
-0.537509
-0.537426
-0.538055
-0.537974
-0.538671
-0.53871
-0.53926
-0.539296
-0.539877
-0.539894
-0.540437
-0.540409
-0.540884
-0.540907
-0.54147
-0.54147
-0.542002
-0.541981
-0.542458
-0.542487
-0.543053
-0.441898
-0.442155
-0.44313
-0.445032
-0.447122
-0.449284
-0.452639
-0.456725
-0.458176
-0.459312
-0.461514
-0.464535
-0.467598
-0.4709
-0.473731
-0.476489
-0.478983
-0.482205
-0.486139
-0.491276
