0.099997
0.0925054
0.0842507
0.0788104
0.0788426
0.0766455
0.0741404
0.0741532
0.0720526
0.0720472
0.0711164
0.0710938
0.0710788
0.0710712
0.0710656
0.0710612
0.0710576
0.0710546
0.0710519
0.0710497
0.0710476
0.0710459
0.0710443
0.071043
0.0710418
0.0710408
0.0710398
0.071041
0.0710422
0.0710432
0.0710442
0.0710451
0.0710459
0.0710466
0.0710473
0.0710479
0.0710485
0.0710482
0.0710479
0.0710477
0.0710475
0.0710473
0.0710471
0.0710469
0.0710467
0.0710465
0.0710463
0.0710461
0.0710459
0.0710456
0.0710454
0.0710452
0.0710449
0.0710447
0.0710445
0.0710442
0.071044
0.0710438
0.0710436
0.0710433
0.0710431
0.0710429
0.0710426
0.0710424
0.0710422
0.0710419
0.0710416
0.0710413
0.0710411
0.0710408
-0.0803181
-0.0803108
-0.0802884
-0.0802545
-0.0802097
-0.0801647
-0.0802073
-0.0802471
-0.0802844
-0.0803199
-0.0803537
-0.080386
-0.080417
-0.0804469
-0.0804756
-0.0805034
-0.0805412
-0.0805778
-0.0806135
-0.0806468
-0.0806794
-0.0807114
-0.0807427
-0.0807734
-0.0808035
-0.0808326
-0.0808611
-0.0808892
-0.0809169
-0.0809443
-0.0809715
-0.0809983
-0.0810249
-0.0810512
-0.0810774
-0.0811034
-0.0811292
-0.0811549
-0.0811804
-0.0812058
-0.0812312
-0.0812693
-0.0812807
-0.0812887
-0.0812965
-0.0813044
-0.0813123
-0.0813201
-0.081328
-0.0813358
-0.0813437
-0.0813
-0.0812852
-0.0812804
-0.0812811
-0.0812847
-0.0812902
-0.0812967
-0.081304
-0.0813117
-0.0813197
-0.0813277
-0.0813355
-0.081343
-0.0813499
-0.0813573
-0.0813642
-0.0813705
-0.081376
-0.0813805
0.0694428
0.069409
0.0693498
0.069296
0.0692322
0.0691591
0.0690797
0.0689909
0.068922
0.0688567
0.068794
0.0687335
0.0686747
0.0686169
0.0685596
0.0685007
0.0685138
0.0685142
0.0685413
0.0685377
0.0685336
0.0685291
0.0685242
0.0685188
0.0685129
0.0685066
0.0684997
0.0684922
0.068484
0.0684751
0.0684656
0.0684553
0.0684442
0.0684322
0.0684195
0.0684057
0.0683911
0.0683754
0.0683586
0.0683406
0.0683215
0.0682062
0.0680542
0.0678824
0.0676941
0.0674898
0.0672689
0.0670309
0.0667757
0.0665031
0.0662131
0.0659052
0.0657041
0.0655632
0.0654563
0.0653686
0.0652918
0.0652211
0.0651538
0.0650883
0.0650236
0.0649592
0.0648945
0.0648299
0.0647664
0.0647018
0.0646363
0.0645697
0.064502
0.0644332
-0.0835666
-0.0836159
-0.0836861
-0.0837737
-0.0838761
-0.0838631
-0.0838281
-0.0838032
-0.0837885
-0.0837864
-0.0838061
-0.0838345
-0.0838659
-0.0838984
-0.0839319
-0.0839665
-0.0840023
-0.0840394
-0.0840777
-0.0841174
-0.0841586
-0.0842012
-0.0842454
-0.0842913
-0.0843388
-0.0843882
-0.0844394
-0.0844926
-0.0845478
-0.0846052
-0.0846645
-0.0847259
-0.0847896
-0.0848557
-0.0849243
-0.0849957
-0.08507
-0.0851474
-0.0852282
-0.0853124
-0.0854003
-0.0854922
-0.0855883
-0.0856889
-0.0857944
-0.0859051
-0.0860217
-0.0861446
-0.0862751
-0.0864159
-0.086584
-0.0866738
-0.0867728
-0.0868792
-0.0869928
-0.0871137
-0.0872417
-0.0873771
-0.08752
-0.0876706
-0.0878289
-0.0879983
-0.0881848
-0.0883918
-0.0886162
-0.0888493
-0.0890917
-0.0893437
-0.0896056
-0.0898779
0.0433794
0.0424825
0.0416993
0.0411854
0.0408317
0.04055
0.0403023
0.0400693
0.0397846
0.039581
0.0394739
0.0393288
0.0391314
0.0384795
0.0369762
0.0347989
0.0322276
0.0297708
0.0272969
0.0247416
0.0220643
0.0191229
0.016307
0.0133835
0.0102996
0.00708378
0.00375511
0.000326622
-0.00319231
-0.00679497
-0.0104768
-0.014274
-0.0185404
-0.022778
-0.0269661
-0.0311246
-0.0352796
-0.0394693
-0.0437324
-0.0483947
-0.0533757
-0.0587234
-0.0642649
-0.0701436
-0.0763663
-0.082747
-0.089306
-0.096259
-0.103469
-0.110864
-0.118461
-0.126534
-0.134468
-0.142469
-0.154756
-0.16629
-0.176938
-0.186814
-0.196078
-0.205127
-0.213974
-0.212901
-0.211415
-0.210206
-0.209458
-0.209034
-0.208723
-0.20845
-0.208168
-0.20785
-0.214982
-0.215102
-0.215264
-0.215477
-0.215695
-0.215858
-0.215947
-0.215958
-0.21595
-0.215955
-0.215972
-0.216013
-0.216088
-0.216203
-0.216365
-0.216576
-0.216835
-0.217143
-0.217495
-0.217889
-0.218321
-0.218785
-0.219277
-0.219785
-0.22016
-0.220485
-0.220798
-0.221095
-0.22137
-0.22162
-0.221848
-0.222058
-0.222263
-0.222485
-0.22265
-0.22284
-0.222976
-0.2231
-0.223214
-0.223314
-0.223394
-0.223451
-0.223489
-0.22351
-0.223512
-0.223496
-0.223459
-0.223401
-0.22332
-0.223217
-0.223089
-0.222936
-0.222758
-0.222552
-0.222318
-0.221974
-0.221613
-0.221221
-0.220804
-0.220366
-0.219906
-0.219432
-0.218937
-0.218411
-0.217851
-0.217256
-0.216624
-0.215946
-0.215177
-0.214305
-0.212763
-0.21207
-0.211117
-0.210109
-0.20911
-0.208166
-0.20724
-0.206332
-0.205124
-0.204071
-0.203197
-0.202416
-0.201685
-0.201377
-0.201015
-0.200593
-0.200268
-0.200173
-0.200176
-0.200204
-0.200253
-0.200308
-0.200341
-0.200283
-0.200979
-0.200999
-0.200931
-0.200479
-0.200157
-0.199998
-0.199911
-0.199905
-0.199928
-0.199919
-0.199866
-0.199759
-0.19959
-0.199351
-0.199031
-0.198623
-0.198129
-0.197562
-0.197
-0.196338
-0.195721
-0.195047
-0.195157
-0.19512
-0.195082
-0.194983
-0.196061
-0.197321
-0.198683
-0.199865
-0.200907
-0.201798
-0.203383
-0.204697
-0.206142
-0.207594
-0.208909
-0.210437
-0.211959
-0.213505
-0.215098
-0.216768
-0.218276
-0.219594
-0.220785
-0.222031
-0.248416
-0.248715
-0.249247
-0.250064
-0.251396
-0.252827
-0.255578
-0.258814
-0.263432
-0.26403
-0.265468
-0.266927
-0.268359
-0.269421
-0.270144
-0.270617
-0.270992
-0.271256
-0.271397
-0.270611
-0.270047
-0.269837
-0.270087
-0.270867
-0.272293
-0.273929
-0.275065
-0.276791
-0.279095
-0.282912
-0.288005
-0.292436
-0.297128
-0.302442
-0.309181
-0.315728
-0.322869
-0.330437
-0.338558
-0.34592
-0.353733
-0.361492
-0.365605
-0.366285
-0.363761
-0.359211
-0.354212
-0.348428
-0.342628
-0.33674
-0.330913
-0.324808
-0.319645
-0.315335
-0.312127
-0.30966
-0.308014
-0.309724
-0.310994
-0.31285
-0.315585
-0.318149
-0.321046
-0.324196
-0.325916
-0.325094
-0.324655
-0.327292
-0.331593
-0.336662
-0.365224
-0.368769
-0.37033
-0.370578
-0.369336
-0.368592
-0.368449
-0.369328
-0.370634
-0.371093
-0.371837
-0.373058
-0.3754
-0.375743
-0.375828
-0.376779
-0.377433
-0.377282
-0.376786
-0.375956
-0.376001
-0.374895
-0.372865
-0.370966
-0.369251
-0.368367
-0.36778
-0.367313
-0.366835
-0.366481
-0.36565
-0.365682
-0.366745
-0.369064
-0.372824
-0.377177
-0.379574
-0.381065
-0.381547
-0.381593
-0.381242
-0.381022
-0.380587
-0.380806
-0.380195
-0.380529
-0.380849
-0.380608
-0.380198
-0.380325
-0.382749
-0.385455
-0.389735
-0.394655
-0.399528
-0.405006
-0.411471
-0.419353
-0.428243
-0.438423
-0.449529
-0.461398
-0.474019
-0.486662
-0.500038
-0.515202
-0.530912
-0.547484
-0.563805
-0.580064
-0.377525
-0.378122
-0.376176
-0.373998
-0.3724
-0.370703
-0.36969
-0.369924
-0.368439
-0.368031
-0.36791
-0.368001
-0.36812
-0.368576
-0.36937
-0.370717
-0.37195
-0.373555
-0.375974
-0.377988
-0.380302
-0.383441
-0.387413
-0.392645
-0.396819
-0.402174
-0.408249
-0.414233
-0.417262
-0.421774
-0.427472
-0.431736
-0.434237
-0.438445
-0.444863
-0.452275
-0.460702
-0.469452
-0.479298
-0.490692
-0.504337
-0.5206
-0.539467
-0.561854
-0.587144
-0.615739
-0.641964
-0.666755
-0.691905
-0.716553
-0.734743
-0.751119
-0.765182
-0.769561
-0.772111
-0.772475
-0.770997
-0.768007
-0.764428
-0.760624
-0.755194
-0.749655
-0.738912
-0.723164
-0.704464
-0.68458
-0.67189
-0.658098
-0.642887
-0.626723
-0.591398
-0.581731
-0.572009
-0.561943
-0.552248
-0.542102
-0.532544
-0.523122
-0.514217
-0.50534
-0.497485
-0.490465
-0.485079
-0.480644
-0.48068
-0.480263
-0.480605
-0.480385
-0.479153
-0.477602
-0.476691
-0.47687
-0.478429
-0.480676
-0.48413
-0.489937
-0.497175
-0.506168
-0.516585
-0.526518
-0.537791
-0.549494
-0.562565
-0.571114
-0.578914
-0.586214
-0.59312
-0.599334
-0.605446
-0.610969
-0.618056
-0.627248
-0.63783
-0.648039
-0.658463
-0.6645
-0.670271
-0.675464
-0.681182
-0.686371
-0.692735
-0.699149
-0.706087
-0.713713
-0.721922
-0.729594
-0.737475
-0.745696
-0.754282
-0.763178
-0.772471
-0.778289
-0.786386
-0.796391
-0.808949
-0.811107
-0.812916
-0.814635
-0.816585
-0.817607
-0.404181
-0.404788
-0.405796
-0.40654
-0.407261
-0.407857
-0.407744
-0.407306
-0.407075
-0.406057
-0.405602
-0.405223
-0.404879
-0.40448
-0.404425
-0.404346
-0.404021
-0.403581
-0.402986
-0.40242
-0.400968
-0.399111
-0.397564
-0.397493
-0.399238
-0.401203
-0.404675
-0.407579
-0.410586
-0.412615
-0.413577
-0.413585
-0.41058
-0.408554
-0.406713
-0.406185
-0.406517
-0.407929
-0.410771
-0.41513
-0.421255
-0.427197
-0.434043
-0.44154
-0.449826
-0.460108
-0.472108
-0.484537
-0.497589
-0.512041
-0.52773
-0.545539
-0.565477
-0.588055
-0.615172
-0.641651
-0.663264
-0.68586
-0.709905
-0.734659
-0.759747
-0.770016
-0.782196
-0.793326
-0.796443
-0.797335
-0.793158
-0.792448
-0.791469
-0.791262
-0.682377
-0.681497
-0.678078
-0.67238
-0.66719
-0.660803
-0.655419
-0.64853
-0.642452
-0.634828
-0.627891
-0.620395
-0.614884
-0.60923
-0.606146
-0.603178
-0.603242
-0.604053
-0.604004
-0.604191
-0.604653
-0.605061
-0.603523
-0.599787
-0.593447
-0.588345
-0.584465
-0.582445
-0.579848
-0.577753
-0.576168
-0.574978
-0.574843
-0.575767
-0.578014
-0.581794
-0.587057
-0.595739
-0.605713
-0.617409
-0.630151
-0.643078
-0.656041
-0.66894
-0.683649
-0.695245
-0.70648
-0.717858
-0.726968
-0.735067
-0.745185
-0.751625
-0.760123
-0.764756
-0.77176
-0.777062
-0.784121
-0.785373
-0.788401
-0.790352
-0.793948
-0.796674
-0.800808
-0.800385
-0.801613
-0.800716
-0.801274
-0.799512
-0.799354
-0.796769
-0.420552
-0.419375
-0.418454
-0.418838
-0.421147
-0.422874
-0.425647
-0.427294
-0.42872
-0.42927
-0.428875
-0.428822
-0.428865
-0.428986
-0.429068
-0.429597
-0.430167
-0.43115
-0.431266
-0.430921
-0.430742
-0.43012
-0.430067
-0.430238
-0.430373
-0.430589
-0.430735
-0.431276
-0.431875
-0.432673
-0.43353
-0.434541
-0.435524
-0.436414
-0.436557
-0.437058
-0.43729
-0.437363
-0.437635
-0.437622
-0.437988
-0.437995
-0.437987
-0.437822
-0.437898
-0.437949
-0.438112
-0.438093
-0.438287
-0.438367
-0.438583
-0.438664
-0.438842
-0.438908
-0.439251
-0.439167
-0.439453
-0.439438
-0.439819
-0.439756
-0.440075
-0.440046
-0.440449
-0.440431
-0.440846
-0.440775
-0.44114
-0.441119
-0.441557
-0.4415
-0.543079
-0.542315
-0.540548
-0.536907
-0.533572
-0.529145
-0.524225
-0.519106
-0.514023
-0.508419
-0.503919
-0.500933
-0.499444
-0.499793
-0.501124
-0.503818
-0.507286
-0.511678
-0.516634
-0.52208
