0
-0.000313629
-0.000212127
-0.000120392
-0.00216879
-0.0379964
-0.0634713
-0.00734191
-0.0592964
-0.00708705
-0.0283786
-0.00587864
-0.00204819
-0.00230538
-0.00259357
-0.00351821
-0.00530105
-0.00703029
-0.00872907
-0.0104106
-0.0120786
-0.0137328
-0.0153716
-0.0167173
-0.0188005
-0.0195351
-0.02262
-0.0240645
-0.0255871
-0.0270774
-0.0285249
-0.0299263
-0.0312819
-0.0325841
-0.0338209
-0.0349742
-0.0359377
-0.0347248
-0.0335647
-0.0316481
-0.0304637
-0.030188
-0.0302414
-0.0303769
-0.0305243
-0.0306459
-0.0307211
-0.0307391
-0.0306941
-0.0305837
-0.0304067
-0.0301631
-0.0298532
-0.0294778
-0.029037
-0.028533
-0.0279449
-0.0272799
-0.0265545
-0.0257733
-0.0249412
-0.0240542
-0.023108
-0.022104
-0.0210435
-0.0199324
-0.0187611
-0.0175352
-0.0162553
-0.0149217
-0.0135345
0.0238138
0.0111538
0.0109586
0.0120331
0.0130792
0.0112292
0.0129529
0.0147794
0.0166624
0.0185789
0.0205179
0.0224752
0.0244497
0.0264425
0.0284551
0.0297083
0.0313971
0.0331103
0.034902
0.0366683
0.0381869
0.0395901
0.0410278
0.0425034
0.0440307
0.0455758
0.0471381
0.0487299
0.05037
0.052056
0.0537903
0.0555799
0.0574237
0.0593204
0.0612697
0.0632724
0.0653309
0.0674493
0.069633
0.0718887
0.0718673
0.0787277
0.0823859
0.0858657
0.0894174
0.0930529
0.0967801
0.100605
0.104532
0.108567
0.0803472
0.0745454
0.069919
0.0631383
0.0551457
0.0464602
0.0373775
0.0280395
0.0185306
0.00889746
-0.000841537
-0.0106801
-0.0206123
-0.0306121
-0.0411061
-0.0511732
-0.0613181
-0.0714738
-0.0817765
-0.0922279
-0.10469
-0.118383
-0.122523
-0.126645
-0.130862
-0.135124
-0.138779
-0.141527
-0.145155
-0.148945
-0.152867
-0.15691
-0.16107
-0.165351
-0.169782
-0.172278
-0.177108
-0.176886
-0.185278
-0.189388
-0.193689
-0.198175
-0.202841
-0.207687
-0.212714
-0.217602
-0.222551
-0.227663
-0.232939
-0.238375
-0.243977
-0.249754
-0.255705
-0.26183
-0.268129
-0.274605
-0.28126
-0.288096
-0.295119
-0.302332
-0.291563
-0.28533
-0.280243
-0.275417
-0.270821
-0.266459
-0.262339
-0.258465
-0.254839
-0.251459
-0.248172
-0.244143
-0.240355
-0.236788
-0.233411
-0.230196
-0.227121
-0.224169
-0.221334
-0.218612
-0.215994
-0.213475
-0.211135
-0.209062
-0.206833
-0.204688
-0.202635
-0.200676
-0.198813
-0.197048
-0.196858
-0.196542
-0.196118
-0.195573
-0.18957
-0.187614
-0.187231
-0.187076
-0.187261
-0.188063
-0.188542
-0.188837
-0.189165
-0.18965
-0.190293
-0.191095
-0.192054
-0.193172
-0.194449
-0.195885
-0.19748
-0.199236
-0.201151
-0.203227
-0.205464
-0.207863
-0.210422
-0.213141
-0.21602
-0.219085
-0.22232
-0.225719
-0.229285
-0.233024
-0.236936
-0.241026
-0.245294
-0.249742
-0.254371
-0.259182
-0.264174
-0.269347
-0.274697
-0.280225
-0.285928
-0.291809
-0.297868
-0.304114
-0.310582
-0.309935
-0.32426
-0.330704
-0.339162
-0.347631
-0.35624
-0.365069
-0.374164
-0.383555
-0.393256
-0.403274
-0.413652
-0.424445
-0.435649
-0.447135
-0.458853
-0.470906
-0.483298
-0.496033
-0.509111
-0.522532
-0.542456
-0.554009
-0.551778
-0.5561
-0.565606
-0.576981
-0.589062
-0.588515
-0.61055
-0.619625
-0.632678
-0.645767
-0.684673
-0.749427
-0.800589
-0.831618
-0.827136
-0.833979
-0.846912
-0.845771
-0.888307
-0.899323
-0.918582
-0.940057
-0.960962
-0.981492
-1.00171
-1.02159
-1.04109
-1.0601
-1.05885
-1.11253
-1.12258
-1.12429
-1.12542
-1.12611
-1.12868
-1.13301
-1.14678
-1.14499
-1.16832
-1.17179
-1.16977
-1.18335
-1.17951
-1.1735
-1.17118
-1.16329
-1.14847
-1.13062
-1.12811
-1.07692
-1.03956
-1.33644
-1.23959
-1.13527
-1.04437
-0.967865
-0.923605
-0.878208
0.00572926
0.0401091
0.031234
0.0225466
0.0111314
0.00986048
0.0116593
0.0153098
0.0200422
0.0253774
0.0265986
0.0162651
0.00119485
-0.0140341
-0.0267402
-0.0344565
-0.0373448
-0.0404272
-0.0392408
-0.0363162
-0.0335653
-0.0310105
-0.0292455
-0.0280408
-0.027154
-0.0264092
-0.0257497
-0.0251414
-0.0245861
-0.0240025
-0.0233304
-0.0227224
-0.0214699
-0.00560272
0.00125308
0.00357007
0.00573968
0.00779316
0.00982049
0.0107809
0.0108864
0.00971996
0.0062383
0.0102444
0.00663395
0.0108816
0.0112162
0.0118185
0.013768
0.0158705
0.0183327
0.0202606
0.0218146
0.0232693
0.0246301
0.0258992
0.0270789
0.0281724
0.0291858
0.0301269
0.0310559
0.0227755
0.0182971
0.0160331
0.0309105
0.0270278
0.0255172
0.0237783
0.0219362
0.0201777
0.0179785
0.0163636
0.0173972
0.0183653
0.0193082
0.0202435
0.0216856
0.032203
0.0367471
0.0321394
0.0250854
0.0129328
0.00294231
-0.00586544
-0.0139426
-0.0140688
-0.0121276
0.0268653
0.0177212
0.00757517
0.00689613
0.0110088
-0.020733
-0.00300894
0.0153581
0.0150631
0.000699687
0.00518297
0.011892
0.017343
0.0223476
0.0766435
0.065281
-0.0304715
0.0114037
0.00288736
0.0468653
0.0361247
0.0265616
0.0164436
0.00510571
-0.00267237
-0.00586349
-0.00924219
-0.0129843
-0.015544
0.00284005
0.0133743
0.0195516
0.0222565
0.021535
0.0139015
0.0131883
-0.00951189
-0.0132016
-0.108328
-0.106682
-0.121493
-0.131461
-0.248774
-0.25902
-0.253581
-0.219525
-0.184922
-0.148576
-0.197282
-0.170919
-0.194797
-0.213849
-0.222883
-0.263323
-0.266661
-0.273187
-0.280406
-0.286824
-0.27602
-0.257849
-0.243779
-0.212878
-0.204356
-0.210145
-0.223104
-0.244309
-0.240059
-0.241553
-0.234036
-0.285475
-0.342148
-0.212291
-0.300836
-0.321524
-0.288927
-0.232441
-0.182025
-0.145925
-0.130978
-0.114612
-0.0983729
-0.0857622
-0.188055
-0.213975
-0.228401
-0.254605
-0.269182
-0.204273
-0.19298
-0.192608
-0.191703
-0.266129
-0.349409
-0.253887
-0.199591
-0.193016
-0.282588
-0.241521
-0.209173
-0.234221
-0.259405
-0.193732
-0.213871
-0.225483
-0.205031
-0.200958
-0.200527
-0.14694
-0.127387
-0.123093
-0.11242
-0.114305
-0.0837867
-0.0937469
-0.0920629
-0.0922757
-0.0897832
-0.0683548
-0.0667102
-0.257346
-0.256136
-0.336317
-0.396032
-0.391687
-0.413585
-0.416254
-0.218659
0.0883282
0.125299
-0.159676
-0.226965
-0.234596
-0.238748
-0.20586
-0.200968
-0.210738
-0.184333
-0.145432
-0.107881
-0.0806424
-0.069538
0.106261
0.130577
0.0972962
0.0918061
0.0392479
0.0575729
-0.0625034
-0.0731
-0.0127314
-0.0050173
0.0300983
0.0344535
0.0519182
-0.0586298
-0.091761
-0.102663
-0.0133926
-0.00309078
-0.00737441
-0.00855381
-0.00748539
0.0538611
0.0230431
0.00568148
-0.0169551
-0.0528134
-0.0953539
-0.117083
-0.112353
-0.110474
-0.113923
-0.116317
-0.117765
-0.00570543
-0.00392442
0.102828
-0.0298706
-0.0525528
-0.059157
-0.0460063
-0.0645704
-0.142755
-0.121724
-0.189418
-0.188162
-0.130531
-0.110756
-0.120073
-0.165845
-0.165357
-0.193978
-0.21349
-0.215506
-0.24487
-0.170006
-0.207583
-0.322166
-0.330601
-0.328192
-0.349693
-0.363079
-0.346001
-0.255962
-0.12041
-0.0672117
-0.0462254
0.00152921
0.017183
0.0144001
0.0469394
-0.00284641
-0.0166894
-0.0500005
-0.0589961
-0.0887614
-0.100966
-0.123865
-0.0143486
-0.0425793
-0.107285
-0.0863978
-0.117852
-0.135112
-0.129767
-0.15403
-0.139163
-0.153575
-0.157992
-0.17692
-0.123664
-0.0891217
-0.0800741
-0.0652627
-0.0827926
-0.0549171
-0.112203
-0.110479
-0.121653
-0.12883
-0.148056
-0.147195
-0.143327
-0.199478
-0.238867
-0.315059
-0.319785
-0.364624
-0.350348
-0.283282
-0.286623
-0.250622
-0.244445
-0.234203
-0.220252
-0.176634
-0.168141
-0.114474
-0.103663
-0.0439659
-0.0256163
0.0123353
0.0212734
0.0522227
0.0960852
0.167805
0.19784
0.227758
0.169317
0.20985
0.230731
0.254241
0.265549
0.258417
0.264716
0.224467
0.225778
0.202085
0.1906
0.151844
0.160038
0.13534
0.133121
0.1086
0.109887
0.0864468
0.0736793
0.0594959
0.0790617
0.0727009
0.0612419
0.0490544
0.0597917
0.0452152
0.0311801
0.0388299
0.0465854
0.00923803
-0.00346557
-0.0220912
-0.0292522
-0.0204017
-0.0223882
-0.0392362
-0.0535696
-0.00957071
-0.0354358
-0.0588516
-0.0680281
-0.0786665
-0.0842814
-0.0880261
-0.0947729
-0.129495
-0.151292
-0.144844
-0.146583
-0.102902
-0.0887721
-0.06796
-0.0755067
-0.0699074
-0.0742039
-0.0831745
-0.0838863
-0.0973897
-0.0955215
-0.106287
-0.0924318
-0.0952817
-0.101679
-0.102714
-0.109532
-0.0800531
-0.0786048
-0.0979477
-0.120662
-0.034252
-0.0236432
-0.0234821
-0.0235555
-0.0121514
-0.00445109
0.0358574
0.0728307
0.0933915
0.110967
0.125465
0.177141
0.142333
0.136457
0.14113
0.134999
0.127749
0.133367
0.133367
0.134529
0.0770646
0.0763712
0.072513
0.0606592
0.0421112
0.0779339
0.0929885
0.0969163
0.0277562
-0.0162859
-0.0122721
-0.0227295
-0.0291667
-0.048289
-0.050458
-0.0639166
-0.0806129
-0.043265
-0.0374536
0.0729228
0.0173351
0.0314356
0.0371732
0.0192939
0.00701691
-0.0072707
0.00370404
-0.00952221
-0.012492
-0.0204115
-0.127681
-0.147871
-0.121282
-0.125269
-0.152301
-0.165579
-0.214307
-0.26615
-0.343885
-0.45526
-0.452995
-0.43422
-0.435355
-0.450575
-0.453153
-0.466909
-0.220692
-0.158265
-0.138576
-0.171258
-0.160258
-0.101021
-0.0429401
-0.0166666
-0.0388157
-0.0327288
-0.0153903
0.0560644
0.0653112
0.120893
0.152931
0.212243
0.237751
0.241475
0.212394
0.226926
0.232943
0.237441
0.226035
0.214492
0.167174
0.158178
0.13803
0.160185
0.125442
0.126527
0.0945648
0.0992088
0.0979626
0.100722
0.0839829
0.0554459
0.0257589
0.0479059
0.0511786
0.0618996
0.0826659
0.0604405
0.05544
0.023569
0.000881842
-0.0233154
-0.0852524
-0.0335598
-0.0617363
-0.0853916
-0.0965495
-0.115484
-0.13051
-0.17494
-0.156219
-0.173806
-0.18359
-0.161775
-0.152533
-0.148457
-0.133078
-0.131153
-0.111811
-0.127906
-0.116178
-0.0942749
-0.0843072
-0.0180317
-0.0414181
-0.0170052
-0.0309465
-0.0173541
0.0120117
0.02777
0.00839308
0.0107773
0.0113624
0.0167324
0.0190997
0.0418104
0.0823359
0.114502
0.110811
0.102713
0.123456
0.112298
0.112003
0.108508
0.116407
0.132563
0.116774
0.110917
0.10737
0.094622
0.0827904
0.0714678
0.0646024
0.0630405
0.050063
0.0431416
0.0371702
0.0307127
0.020863
0.00908062
0.0129887
0.00591847
-0.0786494
-0.0916389
-0.100889
-0.113437
-0.119612
-0.127152
-0.0995821
-0.0464289
-0.0814804
-0.0493814
-0.034703
-0.0530532
0.000625969
-0.0125388
-0.00787805
0.00706184
0.0109812
0.0116416
-0.0103681
0.00738038
-0.00678223
0.00212099
-0.0131593
0.00411232
-0.0128209
0.00749412
-0.0120708
-0.00325472
-0.00270665
-0.00259905
-0.00450416
-0.00360722
-0.00322292
-0.0021058
-0.00261282
-0.00397386
-0.00401095
-0.00401335
-0.00272018
-0.00349191
-0.00341251
-0.00472789
-0.00332422
-0.00422977
0.00204987
0.00662704
0.00667899
0.0297813
0.0549176
0.0545502
0.0481635
0.074622
0.0490967
-0.000716884
-0.0349764
-0.0753752
-0.105429
-0.117207
-0.112953
-0.120452
-0.120477
-0.144312
-0.137523
