0
-0.18138
0.186741
0.0327036
-0.00765548
0.222265
0.287443
-0.179578
0.199276
-0.333905
0.065713
-0.136395
-0.0540731
-0.000837362
-0.000977288
0.00315789
0.00933695
0.0088192
0.0084369
0.00813943
0.00786167
0.00756996
0.00724904
0.00684145
0.00646766
0.00583944
0.00550314
0.0035273
0.00444224
0.00395868
0.00335314
0.00269423
0.00201798
0.00125972
0.000389913
-0.000607958
-0.00208313
-0.0137462
-0.0181076
-0.025748
-0.0214892
-0.0156373
-0.0139595
-0.0140515
-0.0146392
-0.0154925
-0.0164866
-0.0175526
-0.0186518
-0.0197626
-0.0208727
-0.0219749
-0.0230648
-0.0241397
-0.0252016
-0.0262383
-0.0274133
-0.0285228
-0.0294989
-0.0304213
-0.0312878
-0.032178
-0.033092
-0.0339789
-0.0348411
-0.035654
-0.0364962
-0.0372907
-0.038063
-0.038815
-0.0395467
-0.517096
0.0869241
0.0266017
-0.00637317
-0.0194223
-0.00553563
-0.0348
-0.0375005
-0.0389214
-0.0396379
-0.039967
-0.0400831
-0.0400814
-0.0400141
-0.0399091
-0.0341317
-0.0369705
-0.0368206
-0.0371155
-0.0364641
-0.0343057
-0.0330784
-0.0329071
-0.032754
-0.0327172
-0.0323247
-0.031952
-0.0316553
-0.0314766
-0.0312343
-0.0309932
-0.030818
-0.0305956
-0.0303204
-0.0300072
-0.0296702
-0.0293294
-0.0290054
-0.0287147
-0.0284737
-0.0112181
-0.0605789
-0.0363259
-0.034079
-0.0336763
-0.0333371
-0.0330246
-0.0327201
-0.0324141
-0.0321019
0.199694
0.0451358
0.0363183
0.0531422
0.0632323
0.0695457
0.0736434
0.0766141
0.0788457
0.0806016
0.0821266
0.0835079
0.084719
0.085611
0.0895203
0.0866692
0.0872669
0.0871863
0.0880357
0.0887677
0.104291
0.109447
0.0388858
0.0363435
0.0354213
0.0345116
0.0298936
0.0222026
0.027444
0.0274284
0.0271411
0.0267036
0.0261738
0.0255982
0.0251506
0.0165544
0.026584
-0.0146804
0.0512268
0.0145959
0.0141787
0.0136694
0.0130861
0.0124526
0.0117734
0.00845161
0.00667125
0.00563835
0.0045644
0.00337224
0.00215158
0.000995361
-0.000248885
-0.0015893
-0.00300326
-0.00447913
-0.00600962
-0.00759447
-0.00921492
-0.0108657
-0.140702
-0.110758
-0.107747
-0.108824
-0.109993
-0.111042
-0.111982
-0.112853
-0.113675
-0.114473
-0.116557
-0.138466
-0.135216
-0.134138
-0.134412
-0.135512
-0.137099
-0.138963
-0.140938
-0.142941
-0.145019
-0.147149
-0.149073
-0.150692
-0.153276
-0.155375
-0.157401
-0.159366
-0.161282
-0.163157
-0.162053
-0.171071
-0.165948
-0.165069
-0.208458
-0.177521
-0.167671
-0.168118
-0.168323
-0.16636
-0.170981
-0.171718
-0.172597
-0.173431
-0.174245
-0.175045
-0.175838
-0.176625
-0.17741
-0.178194
-0.178979
-0.179766
-0.180557
-0.181354
-0.182157
-0.182968
-0.183795
-0.184638
-0.185492
-0.186464
-0.187233
-0.188119
-0.188982
-0.189815
-0.190641
-0.191471
-0.192314
-0.193181
-0.194079
-0.19502
-0.196015
-0.197084
-0.198242
-0.199484
-0.200807
-0.202206
-0.203668
-0.205161
-0.206498
-0.264082
-0.145195
-0.238966
-0.216462
-0.214047
-0.212958
-0.212626
-0.212768
-0.213222
-0.213931
-0.214855
-0.215322
-0.215222
-0.215775
-0.21821
-0.221646
-0.223369
-0.225261
-0.227319
-0.229546
-0.231946
-0.213595
-0.303769
-0.387817
-0.330629
-0.289111
-0.279329
-0.280405
-0.363012
-0.248463
-0.329318
-0.297618
-0.303639
-0.0752525
0.151223
0.0175898
-0.179089
-0.513309
-0.422645
-0.377351
-0.467474
-0.176202
-0.425601
-0.357566
-0.346957
-0.362719
-0.376575
-0.38979
-0.403078
-0.416858
-0.431415
-0.581008
-0.18159
-0.537947
-0.609021
-0.622288
-0.634596
-0.630581
-0.628219
-0.55281
-0.691918
-0.506796
-0.683086
-0.741196
-0.613532
-0.778865
-0.805565
-0.800063
-0.820079
-0.908485
-0.940819
-0.853216
-1.26788
-1.16419
1.66679
-1.67888
-1.76643
-1.6733
-1.57257
-1.35113
-1.3715
-7.11767
-1.07932
-0.916638
-0.933611
-0.892445
-0.941738
-0.950891
-0.956155
-0.958895
-0.959958
-0.856171
-0.935735
-0.895457
-0.886162
-0.888987
-0.879531
-0.887441
-0.884512
-0.911733
-0.928943
-0.932476
-0.935217
-0.933114
-0.931448
-0.930499
-0.930071
-0.929489
-0.928877
-0.928119
-0.927459
-0.927189
-0.925538
-0.929025
-1.03281
-0.966829
-0.931701
-0.92888
-0.926602
-0.925436
-0.917166
-0.909556
-0.898518
-0.881801
-0.936214
-0.880564
-0.937936
-0.909353
-0.910699
-0.920296
-0.92197
-0.925036
-0.92098
-0.917842
-0.916661
-0.915445
-0.914185
-0.91289
-0.911582
-0.910294
-0.909058
-0.908322
-0.907726
-0.907167
-0.906947
-1.01486
-0.883799
-0.899467
-0.893254
-0.889402
-0.888055
-0.882904
-0.88631
-0.902943
-0.902243
-0.901295
-0.900141
-0.902919
-0.968246
-0.913023
-0.87051
-0.995668
-0.897702
-0.898435
-0.882851
-0.871897
-0.918279
-0.927438
-1.16629
-0.839572
-0.826803
-0.89187
-0.923818
-0.67528
-1.03337
-1.03442
-0.902943
-0.779419
-0.861533
-0.918587
-0.926069
-0.922503
-0.925
-0.948775
-0.359563
-1.37846
-0.965252
-1.23244
-0.850407
-0.830744
-0.869881
-0.842125
-0.866542
-0.902458
-0.90399
-0.905258
-0.905668
-0.892876
-0.895749
-0.897612
-0.892092
-0.879046
-0.815054
-0.886053
-0.780046
-0.851264
-0.217848
-0.871809
-0.763144
-0.885341
-0.095119
-0.86484
-0.993294
-1.22599
-1.18866
-1.16638
-0.490337
-1.04038
-0.740938
-0.767992
-0.838479
-0.598323
-0.922604
-0.883658
-0.880187
-0.889036
-1.04188
-1.10323
-1.07657
-0.962683
-1.08357
-0.575271
-0.651917
-0.658488
-0.937446
-1.4875
-1.12153
-0.617581
-1.24625
-2.48443
-0.374338
-0.906351
-1.18187
-1.3663
-1.33865
-1.27772
-1.17321
-1.18894
-1.20219
-1.15741
-0.619684
-1.01372
-1.12176
-1.05804
-1.05173
-1.4785
-1.47825
-1.03816
-1.06239
-0.523916
-0.426595
-1.82719
-1.38102
-1.07711
-0.423923
-1.46367
-0.91584
-0.955185
-0.952183
-1.82528
-0.932614
-0.881573
-0.152077
-0.333671
-0.423956
-1.18278
-1.07915
-1.08439
-1.29063
-1.37433
-1.40825
-1.06262
-1.22158
-1.20692
-1.23446
-1.37938
-1.20903
-0.180297
-1.25293
-0.693858
-0.678031
-1.16229
-0.915719
-1.2601
-2.63736
-3.49324
-1.22343
0.830019
-0.78153
-1.3509
-1.13535
-1.07627
-0.63456
-0.628521
-1.2292
-1.51339
-1.4145
-1.15999
-1.18535
-2.5851
-1.39381
-1.06112
-1.12068
-0.696676
-1.15334
-0.068322
-0.959094
-1.54528
-1.3199
-1.75008
-1.36286
-1.03863
0.171999
-0.853357
-0.748073
-2.04496
-1.2482
-1.11015
-1.18604
-1.29371
-1.72196
-0.902821
-1.1111
-1.07539
-1.034
-0.810456
-0.650471
-0.969014
-0.979784
-0.975931
-1.20057
-1.19276
-2.0589
-1.1699
-2.30922
-0.242257
-0.878753
-1.16771
-1.31129
-1.19835
-0.596029
-1.3619
-0.555324
-1.19255
-1.58049
-1.39226
-1.07796
-0.892534
-1.15501
-0.974507
-1.03632
-1.26826
-1.05744
-1.72577
-0.994119
-0.416245
-1.18861
-1.23848
-1.21703
-0.910621
-1.32814
-1.32578
-2.03269
-1.15625
-1.05461
-1.25286
-1.2501
-0.930566
-1.00226
-0.564411
-1.06098
-0.86328
-1.16244
-0.937435
-1.15618
-1.05575
-2.19015
-0.878185
-0.579556
-1.88233
-1.33564
-1.38465
-1.48969
-1.19116
-1.21584
-1.14275
-1.15869
-0.328057
-1.11398
-2.22302
-1.9177
-1.20148
-1.03571
-1.75296
-0.982821
-1.33554
-1.36698
-1.05132
-1.22517
-1.34511
-0.971843
-0.915666
-1.13436
-1.03961
-1.26185
-0.958321
-0.982264
-1.61486
-1.27804
-1.46691
-0.779786
-1.09459
-1.30478
-0.0392694
-1.17765
-1.49532
-1.19604
-1.60671
-1.36951
-1.3147
-1.29972
-1.31745
-1.2141
-1.19207
-1.18923
-1.15233
-0.97826
-1.14245
-1.26255
-1.30234
-1.26494
-1.25607
-1.266
-1.18043
-1.23065
-1.22172
-1.20212
-1.19709
-1.31298
-1.14991
-1.17449
-1.18164
-1.21562
-1.18391
-1.26598
-1.12583
-1.16075
-1.22588
-1.24445
-1.21808
-1.21289
-1.20827
-1.05195
-1.38363
-1.1778
-1.2248
-1.38903
-1.05446
-1.02034
-1.35809
-1.1601
-1.21912
-1.19665
-1.23564
-1.31061
-1.15688
-1.17838
-1.16863
-1.21876
-1.14895
-1.18829
-1.1051
-1.13932
-1.20458
-1.25116
-1.1967
-1.33965
-1.25185
-1.19608
-1.1375
-1.20597
-1.07204
-1.24794
-1.09358
-1.29295
-1.1368
-1.41081
-1.21637
-1.22468
-1.19234
-1.2315
-1.06062
-1.48031
-1.1394
-1.21572
-0.898613
-1.33097
-1.17682
-1.22672
-1.2408
-1.2873
-0.966076
-1.04624
-1.20447
-1.25081
-1.07648
-1.95294
-0.806979
-1.25456
-1.2046
-1.28003
-1.1427
-1.32451
-1.21595
-1.2704
-1.00993
-1.41745
-1.26911
-1.20204
-1.1709
-1.46939
-1.53233
-1.46118
-0.848124
-1.012
-1.29622
-1.26574
-0.904923
-0.83391
-0.973641
-0.881856
-0.871005
-1.45643
-1.38896
-2.49339
-0.672066
-1.33372
-1.43779
-1.23932
-1.34138
-1.27203
-1.33465
-1.20768
-1.30344
-1.26217
-0.380691
-1.30965
-1.69605
-1.37384
-1.13715
-1.39268
-1.04458
-1.01432
-0.968535
-0.765309
-1.20122
-0.877118
-1.39824
-1.2152
-1.32589
-1.05821
-2.32919
-1.55783
-0.887725
0.420558
-1.34384
-0.894034
-2.46908
-1.31829
-1.02048
-1.13472
-0.61266
-1.23209
-1.32518
-1.233
-1.26719
-1.31758
-1.27501
-1.34472
-1.23894
-1.15302
-1.50471
-1.24564
-1.37151
-1.13286
-1.33081
-1.21355
-1.25405
-1.20005
-1.21777
-1.22317
-1.222
-1.28058
-0.995411
-1.07652
-1.00649
-1.01724
-1.01363
-2.16599
-1.08018
-1.09991
-1.30265
-0.956283
-1.19131
-1.06833
-1.09971
-1.18926
-1.19256
-2.14405
-1.24095
-1.22185
-1.20938
-1.25551
-1.39444
-1.11436
-1.48013
-0.928228
-0.999742
-1.28212
-1.21448
-1.22868
-1.22206
-1.24731
-1.27267
-1.13223
-1.47477
-1.2205
-1.06076
-1.68412
-1.14172
-1.38074
-1.14244
-1.26777
-1.23884
-1.35879
-0.963423
-1.22207
-1.19806
-1.27697
-1.22441
-1.23214
-1.26673
-1.17326
-1.31743
-1.16682
-1.26608
-1.23085
-1.21359
-1.02658
-1.29938
-1.24647
-1.1967
-1.29091
-1.35049
-1.19241
-1.2719
-1.18129
-1.28723
-1.30758
-1.05772
-1.16899
-1.09522
-1.26023
-1.12285
-1.20458
-1.25313
-1.28771
-0.719946
-1.14978
-1.08009
-1.19942
-1.12779
-1.29448
-1.46206
-1.97129
-0.945081
-1.42516
-1.41766
-1.16273
-1.61909
-1.21354
-1.1946
-1.54619
-1.19688
-1.29381
-1.02657
-1.43394
-1.09068
-1.36913
-1.09131
-1.43003
-1.08165
-1.46684
-1.05593
-1.35015
-1.24244
-1.27052
-1.2258
-1.27198
-1.24471
-1.27683
-1.2395
-1.25667
-1.24189
-1.26105
-1.25168
-1.25635
-1.25014
-1.25862
-1.25022
-1.26036
-1.35386
-1.44275
-1.18419
-1.6374
-1.48482
-1.35561
-1.20806
-1.214
-1.44286
-0.869739
-0.987498
-1.01786
-0.997918
-1.1389
-1.24324
-1.25123
-1.23735
-1.18587
-1.2947
