0
0.000173415
0.000171379
0.000145503
0.000132151
-0.000417537
-0.00170574
-0.00284028
-0.00446806
-0.00545884
-0.0064669
-0.00728061
-0.00813511
-0.00898432
-0.00982232
-0.0106363
-0.0114265
-0.012194
-0.0129392
-0.0136628
-0.0143656
-0.0150483
-0.0157119
-0.0163572
-0.0169548
-0.0175467
-0.0180379
-0.0185426
-0.0189571
-0.0193804
-0.0197846
-0.0201725
-0.0205462
-0.020908
-0.0212602
-0.0216053
-0.0219485
-0.0223826
-0.022852
-0.0233433
-0.0238374
-0.0243333
-0.0248308
-0.0253297
-0.0258297
-0.0263306
-0.0268328
-0.0273366
-0.027842
-0.0283492
-0.0288614
-0.0293701
-0.0298723
-0.0303663
-0.0308511
-0.0313265
-0.0317922
-0.0322483
-0.0326949
-0.033132
-0.0335596
-0.033978
-0.0343871
-0.0347871
-0.0351783
-0.0355606
-0.0359343
-0.0362995
-0.0366564
-0.0370052
-0.0373461
-0.0367635
-0.0364184
-0.0362081
-0.0360709
-0.0360569
-0.0360678
-0.0360943
-0.0361311
-0.0361753
-0.0362254
-0.0362807
-0.0363408
-0.0364057
-0.0364753
-0.0365497
-0.0366293
-0.0367141
-0.0368092
-0.0369047
-0.0370003
-0.0370972
-0.0371896
-0.0372777
-0.0373619
-0.0374423
-0.0375193
-0.0375933
-0.0376649
-0.0377346
-0.0378032
-0.0378714
-0.0379399
-0.0380095
-0.0380823
-0.0381543
-0.038217
-0.0382997
-0.0383953
-0.0385031
-0.0386241
-0.0387585
-0.0389066
-0.0390686
-0.0392445
-0.0394346
-0.039639
-0.0398578
-0.0400912
-0.0403393
-0.0406022
-0.0404402
-0.0402123
-0.0399016
-0.0394778
-0.0389261
-0.03824
-0.0374172
-0.0364577
-0.0353625
-0.0341332
-0.0327718
-0.0312803
-0.0296494
-0.0278939
-0.0260161
-0.0240176
-0.0221403
-0.0203612
-0.0186795
-0.0171853
-0.0157606
-0.0143831
-0.0129839
-0.0115652
-0.0101282
-0.00868659
-0.0072528
-0.00582689
-0.00443496
-0.00309398
-0.00174783
-0.000387404
0.000969071
0.00232405
0.00367766
0.00503007
0.00638211
0.00773478
0.00908915
0.0104463
0.0118075
0.0131738
0.014545
0.0159213
0.0173037
0.0186934
0.0200917
0.0215
0.0229197
0.0243523
0.0257994
0.0272624
0.0287428
0.0302423
0.0317627
0.033306
0.0348741
0.036469
0.0380927
0.0397473
0.0414349
0.0431574
0.0449152
0.0467102
0.0485442
0.0504188
0.0518773
0.0531316
0.0542359
0.055187
0.0559786
0.0567695
0.0575047
0.0581562
0.0587105
0.0591618
0.0595089
0.0597525
0.0598947
0.0599379
0.0598849
0.0597386
0.0595026
0.0592716
0.0589203
0.0585078
0.058039
0.0575165
0.0569423
0.0563188
0.0555684
0.054775
0.0539389
0.0530572
0.0521312
0.051162
0.0501494
0.0490841
0.0479641
0.0467867
0.0455461
0.0442528
0.0429058
0.0415041
0.0400466
0.0385323
0.0369599
0.0353282
0.0336334
0.0318653
0.0300206
0.0280964
0.0260959
0.0240294
0.0218951
0.0196908
0.0174144
0.0150636
0.0127263
0.010296
0.00782744
0.00531761
0.00276322
0.000160763
-0.00249353
-0.00520372
-0.00797434
-0.0108114
-0.0136486
-0.0164839
-0.0193204
-0.0221609
-0.0250081
-0.0278424
-0.0306872
-0.0335326
-0.0363791
-0.0392285
-0.0420827
-0.0444464
-0.0465126
-0.0485339
-0.0504831
-0.0523254
-0.0541658
-0.0557795
-0.0572508
-0.0585842
-0.0597838
-0.0608534
-0.0617972
-0.0626191
-0.0633233
-0.0639199
-0.0644181
-0.064817
-0.0651173
-0.0653214
-0.0654319
-0.0654515
-0.0653282
-0.0650807
-0.0647282
-0.064279
-0.0637386
-0.0633273
-0.0628433
-0.0622871
-0.0616584
-0.0609554
-0.060176
-0.0593181
-0.0583843
-0.0573812
-0.0563085
-0.0551656
-0.0539518
-0.0526663
-0.0513083
-0.0498766
-0.04837
-0.046787
-0.0451264
-0.0433865
-0.0415659
-0.0396627
-0.0376752
-0.0356011
-0.0335411
-0.0313859
-0.0291846
-0.0269343
-0.0246321
-0.0222749
-0.0198595
-0.0173822
-0.0148393
-0.0122269
-0.00954028
-0.00677289
-0.00397449
-0.00116686
0.00165167
0.00448139
0.00729733
0.01014
0.0129907
0.0158525
0.018728
0.0216157
0.024013
0.0262852
0.0284692
0.0305508
0.032514
0.0343525
0.0360651
0.0376533
0.0391199
0.0404683
0.0417023
0.0428258
0.0438428
0.0447567
0.0455713
0.0462904
0.0469175
0.0474562
0.0479097
0.0482812
0.048508
0.0485833
0.048533
0.0484253
0.0484011
0.0483173
0.0481738
0.0479737
0.0477225
0.0474221
0.0470717
0.0466701
0.0462164
0.0457144
0.0451654
0.0445689
0.0439246
0.0432317
0.0424896
0.0416977
0.040855
0.0399609
0.0390143
0.0380142
0.0369596
0.0358494
0.0346823
0.0334571
0.0321724
0.0308267
0.0294183
0.0279458
0.0264074
0.0248012
0.0231252
0.0213773
0.019555
0.0176561
0.015678
0.0136181
0.0114739
0.00924271
0.00692194
0.00450896
0.00200107
-0.000604713
-0.00331105
-0.00611832
-0.00903011
-0.011949
-0.0148708
-0.0178143
-0.020387
-0.0228089
-0.0250837
-0.0272057
-0.0291744
-0.0309916
-0.0326601
-0.0341835
-0.035566
-0.0368116
-0.0379244
-0.0389083
-0.0397671
-0.0405044
-0.0411239
-0.0416289
-0.0420226
-0.0423082
-0.0424187
-0.0423746
-0.0421994
-0.0419089
-0.0415428
-0.041316
-0.0410045
-0.040608
-0.0401257
-0.039557
-0.0388997
-0.0381517
-0.0373206
-0.0364103
-0.0354202
-0.0343495
-0.0331975
-0.0319631
-0.0306455
-0.0292435
-0.0277558
-0.0261811
-0.024518
-0.0227649
-0.02092
-0.0189817
-0.0169479
-0.0148166
-0.0125854
-0.0102516
-0.00781189
-0.00538613
-0.00296593
-0.000561613
0.00183441
0.00422347
0.00660824
0.00899137
0.0113755
0.0137634
0.0161575
0.0185604
0.0209744
0.0234018
0.0258446
0.028305
0.0307849
0.0332861
0.0358105
0.0378597
0.039673
0.0414433
0.0431495
0.0447614
0.0462647
0.0476536
0.0489272
0.0500869
0.0511354
0.0520758
0.0529117
0.0536468
0.0542848
0.0548295
0.0552838
0.05565
0.0559294
0.0561263
0.056244
0.0562854
0.0562284
0.0560713
0.0558263
0.0555474
0.0553287
0.0550619
0.0547465
0.0543814
0.0539654
0.0534972
0.052982
0.0524198
0.0518101
0.0511527
0.0504468
0.049692
0.0488873
0.0480321
0.0471255
0.0461665
0.045154
0.0440871
0.0429646
0.0417851
0.0405475
0.0392504
0.0378923
0.0364719
0.0349879
0.0334386
0.0318227
0.0301384
0.0283842
0.0265582
0.0246583
0.0226824
0.0206282
0.0184935
0.0162757
0.0139726
0.0115818
0.00910163
0.00652661
0.00385859
0.00109466
-0.00176837
-0.00461741
-0.00744747
-0.0102585
-0.0130532
-0.0158357
-0.0182153
-0.0204894
-0.0226406
-0.0246575
-0.0265363
-0.0282773
-0.029883
-0.0313597
-0.0326969
-0.0339033
-0.0349836
-0.0359469
-0.0367966
-0.0375361
-0.0381689
-0.0386982
-0.0391273
-0.0394595
-0.0396977
-0.0398339
-0.0398592
-0.0397931
-0.0396411
-0.039406
-0.0391007
-0.0387275
-0.0382798
-0.0377543
-0.0371492
-0.0364641
-0.035784
-0.0349068
-0.0339945
-0.0330361
-0.0320305
-0.0309777
-0.0298781
-0.028731
-0.0275352
-0.0262897
-0.0249928
-0.023643
-0.0222388
-0.0207782
-0.0192595
-0.0176807
-0.0160398
-0.0143345
-0.0125623
-0.0107205
-0.00880621
-0.00681589
-0.00474142
-0.0026597
-0.000572428
0.00152278
0.00362831
0.0057466
0.00788002
0.0100309
0.0122016
0.0143943
0.0166109
0.0188534
0.0211238
0.0234237
0.0257549
0.028119
0.0305178
0.0324328
0.0342322
0.0359496
0.0375697
0.0390766
0.0404636
0.0417291
0.0428741
0.0439002
0.0448103
0.0456078
0.0462967
0.0468798
0.047361
0.0477433
0.0480301
0.0482248
0.0483303
0.04835
0.0483313
0.0482327
0.0480585
0.047815
0.0475088
0.0472915
0.0470325
0.0467176
0.0463671
0.0459813
0.04556
0.0451025
0.0446078
0.0440767
0.0435093
0.0429049
0.0422631
0.0415832
0.0408645
0.0401062
0.0393075
0.0384675
0.0375851
0.0366595
0.0356893
0.0346735
0.0336108
0.0324999
0.0313396
0.0301283
0.0288645
0.0275465
0.0261728
0.0247417
0.0232512
0.0216994
0.0200839
0.0184026
0.0166531
0.0148328
0.0129393
0.01097
0.0089223
0.00679365
0.0045815
0.00228321
-0.000103972
-0.00258305
-0.00515771
-0.00783401
-0.0105167
-0.0132017
-0.0159077
-0.0182503
-0.0204421
-0.0224852
-0.0243736
-0.0261065
-0.0276854
-0.0291125
-0.0303917
-0.0315267
-0.0325215
-0.0333799
-0.0341079
-0.0347126
-0.0352092
-0.0355855
-0.0358597
-0.0360343
-0.0361122
-0.0360438
-0.0358216
-0.0354678
-0.0349936
-0.0344035
-0.0339385
-0.0333802
-0.0327279
-0.0319805
-0.0311376
-0.0301966
-0.0291553
-0.0280209
-0.0267967
-0.0254819
-0.0240755
-0.0225763
-0.0209833
-0.019295
-0.0175098
-0.0156263
-0.0136424
-0.0115563
-0.0093653
-0.00707169
-0.00479237
-0.00252166
-0.000267349
0.00197796
0.00421369
0.00644213
0.0086653
0.0108854
0.0131046
0.0153254
0.0175502
0.0197816
0.0220219
0.0242738
0.0265398
0.0288224
0.0311239
0.0334468
0.035793
0.0381647
0.0405639
0.0429924
0.0454522
0.0474489
0.0492247
0.0508279
0.0524121
0.0539371
0.0553739
0.0567092
0.0579379
0.0590592
0.0600747
0.0609873
0.0618
0.0625163
0.0631401
0.0636751
0.0641248
0.0644926
0.0647812
0.064991
0.0651245
0.0651864
0.0651793
0.0650725
0.0648625
0.0645645
0.0641952
0.0639507
0.0636619
0.063328
0.0629481
0.0625209
0.0620452
0.0615217
0.0609555
0.0603462
0.0596932
0.0589961
0.0582544
0.0574673
0.0566341
0.0557541
0.0548268
0.0538515
0.0528274
0.0517539
0.0506299
0.0494544
0.0482264
0.0469448
0.0456082
0.0442155
0.0427652
0.0412556
0.0396855
0.0380533
0.0363571
0.0345952
0.0327655
0.0308657
0.0288931
0.0268541
0.0247401
0.0225486
0.020277
0.0179228
0.0154834
0.0129563
0.0103392
0.00762931
0.00493348
0.00219554
-0.000554125
-0.00332202
-0.00613453
-0.00901085
-0.0115718
-0.0139855
-0.0162537
-0.0183768
-0.0203574
-0.0221987
-0.0239048
-0.0254797
-0.0269279
-0.0282536
-0.0294614
-0.0305594
-0.0315413
-0.0324108
-0.0331716
-0.0338271
-0.0343813
-0.0348294
-0.0351621
-0.0353982
-0.0355421
-0.0355975
-0.0355852
-0.0354915
-0.0353189
-0.035064
-0.0347251
-0.0343014
-0.0337923
-0.0331971
-0.0325157
-0.031748
-0.0309789
-0.0300554
-0.0290846
-0.0280881
-0.0270634
-0.026008
-0.02492
-0.0237974
-0.0226355
-0.0214302
-0.0201816
-0.0188892
-0.0175517
-0.0161675
-0.0147345
-0.0132503
-0.0117126
-0.0101187
-0.00846527
-0.0067479
-0.00493612
-0.00311622
-0.0012915
0.000541446
0.002385
0.00424139
0.00611271
0.00800088
0.0099077
0.0118349
0.0137839
0.0157565
0.0177538
0.0197774
0.0218286
0.0233855
0.0248294
0.0261874
0.027439
0.028568
0.0295679
0.0304373
0.0311774
0.0317908
0.0322801
0.0326482
0.0328974
0.0330308
0.0330626
0.0330075
0.0328683
0.0326471
0.0323494
0.0319773
0.031533
0.0309673
0.030279
0.0294829
0.028591
0.0277672
0.0268699
0.0258978
0.0248492
0.0237224
0.0225153
0.021233
0.0198766
0.0184452
0.0169376
0.0153526
0.013689
0.0119453
0.0101199
0.00821139
0.00621782
0.00413731
0.00196787
-0.000292076
-0.00264404
-0.00508952
-0.00762568
-0.0101591
-0.0126853
-0.0152062
-0.017724
-0.0202408
-0.0227589
-0.0252804
-0.0278079
-0.0303439
-0.032891
-0.035452
-0.0380296
-0.0406266
-0.043231
-0.0458582
-0.0484977
-0.0511507
-0.0538196
-0.0565071
-0.0592155
-0.0619103
-0.0641529
-0.0659954
-0.0676515
-0.069137
-0.070565
-0.0719619
-0.0732847
-0.0745115
-0.0756322
-0.0766431
-0.0775439
-0.0783361
-0.0790222
-0.0796051
-0.0800881
-0.0804745
-0.0807677
-0.0809709
-0.0810873
-0.0811198
-0.0810748
-0.0809581
-0.0807722
-0.0804955
-0.0801259
-0.0796877
-0.0791878
-0.0786299
-0.0780615
-0.0774122
-0.0766924
-0.0758978
-0.0750344
-0.0741058
-0.0731119
-0.0720522
-0.0709259
-0.069732
-0.0684696
-0.0671374
-0.0657339
-0.0642578
