0
0.000206945
0.000293772
0.000372176
0.000440693
0.000282333
3.22404e-05
-4.96382e-05
-0.000268361
-0.000186736
-9.22957e-05
0.000273673
0.000564854
0.000803586
0.00100701
0.00119069
0.00136264
0.00152714
0.00168642
0.00184159
0.00199313
0.00214119
0.00228573
0.00242662
0.00256339
0.00269728
0.00282538
0.00295253
0.00307319
0.00316106
0.00324832
0.00333465
0.00341968
0.00350304
0.00358443
0.00366355
0.00374014
0.00382694
0.00390957
0.00398795
0.00406201
0.0041317
0.00419699
0.00425787
0.00431434
0.0043664
0.00441409
0.00445744
0.0044965
0.00453131
0.00456202
0.00458855
0.00461096
0.00462936
0.00464386
0.00465458
0.00466163
0.00466513
0.00466521
0.00466199
0.0046556
0.00464617
0.00463384
0.00461876
0.00460064
0.00458016
0.00455746
0.00453266
0.00450593
0.0044774
0.00444724
0.00454482
0.00481351
0.00520737
0.00569084
0.00613064
0.0065435
0.00693502
0.00730878
0.00766721
0.00801203
0.00834458
0.00866592
0.00897696
0.0092785
0.00957129
0.009856
0.0101332
0.010403
0.0106637
0.0109206
0.011174
0.0114231
0.0116683
0.0119098
0.012148
0.0123832
0.0126155
0.0128453
0.0130727
0.013298
0.0135214
0.0137429
0.013963
0.0141815
0.0143989
0.0146144
0.0147316
0.0148378
0.0149418
0.0150439
0.0151443
0.0152432
0.0153406
0.0154367
0.0155315
0.0156251
0.0157177
0.0158091
0.0158996
0.015989
0.0159621
0.0160139
0.0160442
0.0160604
0.0160662
0.0160636
0.0160534
0.0160359
0.0160106
0.0159773
0.0159355
0.0158843
0.0158017
0.0157167
0.0156299
0.0155417
0.0155397
0.0155452
0.0155587
0.0156001
0.0153698
0.0149898
0.014826
0.0147189
0.0144962
0.014148
0.0136693
0.0130552
0.0124336
0.0119225
0.0116137
0.0115236
0.0115098
0.0114968
0.0114837
0.0114705
0.0114572
0.0114439
0.0114308
0.011418
0.0114058
0.0113943
0.0113833
0.0113823
0.0113902
0.0114063
0.0114299
0.0114605
0.0114974
0.0115401
0.0115884
0.0116417
0.0116997
0.0117621
0.0118286
0.0118988
0.0119726
0.0120496
0.0121297
0.0122127
0.0122984
0.0123869
0.0124737
0.0125608
0.0126481
0.0127356
0.0127475
0.0126284
0.0125376
0.012465
0.0124585
0.0124805
0.0125207
0.0125732
0.0126351
0.0127047
0.0127813
0.0128644
0.0129541
0.0130504
0.0131535
0.0132636
0.0133759
0.0134884
0.0134072
0.0133404
0.0132892
0.0132489
0.0132164
0.0131894
0.0135086
0.0140745
0.0148361
0.0156077
0.0163559
0.0170655
0.0177301
0.0183076
0.0187668
0.0191026
0.0193938
0.0196473
0.0198654
0.0200508
0.0202056
0.0203321
0.0204321
0.0205073
0.0205579
0.0205924
0.0206257
0.020658
0.0206803
0.0206928
0.0206966
0.0206926
0.0206818
0.0206649
0.0206406
0.0206134
0.0205821
0.0205472
0.0205094
0.0204693
0.0204274
0.0203843
0.0203405
0.0202968
0.0202515
0.0202052
0.0201582
0.0201109
0.0200638
0.0200158
0.0200593
0.0201048
0.0201508
0.0201958
0.0202361
0.0202765
0.0203059
0.0203527
0.0203616
0.0203465
0.0203336
0.0203311
0.0203436
0.0203643
0.0203924
0.0204276
0.0204693
0.0205173
0.0205673
0.0206124
0.0206363
0.0206453
0.0206549
0.0206635
0.0206707
0.0206762
0.0202724
0.019505
0.0184367
0.0171012
0.0155062
0.0141741
0.0130527
0.0121148
0.0113463
0.0107543
0.0103655
0.0101994
0.0101849
0.0101707
0.0101553
0.0101388
0.0101214
0.0101028
0.0101094
0.010139
0.01019
0.0102608
0.0103498
0.0104559
0.0105779
0.0107147
0.0108657
0.0110302
0.0112021
0.0113754
0.0115524
0.0117325
0.0119148
0.0120986
0.0122834
0.0124684
0.012653
0.0128364
0.0130181
0.0131973
0.013378
0.0135611
0.0137457
0.0139306
0.0141166
0.0140797
0.0140414
0.0140036
0.0139687
0.0139341
0.0139032
0.0138088
0.0137105
0.0136399
0.0135881
0.0135502
0.0135231
0.013505
0.0134947
0.0134915
0.0134945
0.0134941
0.0134907
0.0134893
0.0134898
0.0134923
0.0134966
0.0135027
0.0135105
0.0135198
0.0139257
0.0146988
0.0157701
0.0170409
0.0181827
0.0192294
0.0201857
0.0210252
0.0217322
0.0222994
0.0227138
0.0229628
0.0230351
0.0230605
0.0230866
0.0231136
0.0231415
0.0231703
0.0231999
0.0232304
0.0232618
0.023294
0.0233272
0.0233612
0.0233962
0.0234321
0.0234689
0.0235067
0.0235454
0.023585
0.0236257
0.0236674
0.02371
0.0237537
0.0237985
0.0238443
0.0238912
0.0239393
0.0239885
0.0240389
0.0240905
0.0241434
0.0241975
0.0242529
0.0243096
0.0243676
0.0244272
0.0244862
0.0245485
0.0246098
0.0246708
0.024732
0.0247844
0.0248514
0.024901
0.0249375
0.0249634
0.0249806
0.0250057
0.0250422
0.025076
0.0251072
0.0251359
0.0251621
0.0251859
0.0252074
0.0252267
0.0252438
0.0252588
0.0252718
0.0248626
0.0240819
0.0229939
0.0216615
0.0200932
0.018793
0.0177034
0.0167974
0.0160621
0.0155197
0.0151955
0.0151088
0.0151023
0.0150945
0.0150852
0.0150745
0.0150624
0.0150488
0.0150337
0.0150172
0.0149992
0.0149797
0.0149587
0.0149362
0.0149122
0.0148866
0.0148595
0.0148308
0.0148004
0.0147685
0.0147349
0.014706
0.0146764
0.0146446
0.0146125
0.0145808
0.0145495
0.0145185
0.0144878
0.0144573
0.014427
0.0143968
0.0143667
0.0143366
0.0143065
0.0142764
0.0142462
0.0142158
0.0141853
0.0141525
0.0141339
0.0140942
0.0140936
0.0141177
0.0141587
0.014212
0.0142749
0.0143459
0.0144239
0.0145081
0.0145981
0.0146931
0.0147929
0.0148943
0.0149964
0.0150907
0.015104
0.0151177
0.0151335
0.0151512
0.0155133
0.0161628
0.0170465
0.0181272
0.019036
0.019796
0.0204045
0.0208391
0.0210836
0.0211259
0.0211565
0.0211882
0.021221
0.0212549
0.0212899
0.021326
0.0213632
0.0214015
0.0214409
0.0214814
0.021523
0.0215657
0.0216095
0.0216544
0.0217005
0.0217477
0.021796
0.0218454
0.021896
0.0219477
0.021993
0.0220327
0.022067
0.0220965
0.0221215
0.0221425
0.0221597
0.0221734
0.0221838
0.022191
0.0221949
0.0221951
0.0221972
0.0222005
0.0222054
0.0222121
0.0222152
0.0222758
0.0223348
0.0223927
0.0224481
0.0224942
0.0225512
0.0225914
0.0226194
0.022638
0.0226487
0.0226519
0.0226481
0.0226287
0.0226123
0.0225991
0.02258
0.0225558
0.0225276
0.0224961
0.0224619
0.0224255
0.0223875
0.0223484
0.0219821
0.0213272
0.0204164
0.0192776
0.0179196
0.0166542
0.015497
0.0144232
0.0134173
0.0124692
0.0115717
0.0107106
0.0103467
0.0103297
0.0103024
0.0102643
0.0102211
0.0101782
0.0101352
0.0100923
0.0100494
0.0100063
0.00996308
0.00991962
0.00987587
0.00983179
0.00978733
0.00974244
0.00969707
0.00965117
0.00960468
0.00955757
0.00950974
0.00946105
0.00941321
0.00936616
0.00931983
0.00927415
0.00922906
0.0091845
0.0091404
0.00909672
0.0090534
0.00901041
0.00896769
0.00892522
0.00888295
0.00884086
0.00879891
0.00875706
0.00871772
0.00861462
0.00851336
0.00844629
0.00840678
0.00838516
0.00837514
0.00837453
0.00838253
0.00839799
0.00842023
0.00844864
0.00845115
0.00845628
0.0084642
0.0084748
0.00848796
0.00850356
0.00852152
0.00854062
0.00882062
0.00935377
0.0100968
0.0110253
0.0117626
0.0123425
0.0127811
0.0131184
0.0133887
0.013606
0.013751
0.0138066
0.0138394
0.0138731
0.0139077
0.0139433
0.0139798
0.0140172
0.0140556
0.0140948
0.014135
0.0141761
0.0142181
0.0142611
0.0143049
0.0143497
0.0143954
0.0144421
0.0144898
0.0145384
0.014588
0.0146386
0.0146902
0.0147428
0.0147965
0.0148513
0.0149072
0.0149643
0.0150225
0.0150819
0.0151425
0.0152044
0.0152675
0.015332
0.0153978
0.015465
0.0155335
0.0156036
0.0156752
0.0157462
0.0158166
0.0158872
0.0159471
0.0160186
0.0160717
0.0161106
0.016138
0.0161563
0.0161974
0.0162354
0.0162654
0.0162882
0.0163162
0.016341
0.0163629
0.0163822
0.0163986
0.0164126
0.0164242
0.0164335
0.0160528
0.0153123
0.014278
0.0129867
0.0114501
0.0101732
0.0091049
0.00821633
0.00749254
0.00695243
0.00662564
0.00653051
0.0065131
0.00649385
0.00647263
0.00644945
0.0064243
0.00639716
0.00636808
0.00633701
0.00630395
0.0062689
0.00623192
0.00621012
0.00620124
0.00619944
0.00616341
0.00612525
0.00608592
0.00604718
0.00600899
0.00597129
0.00593402
0.00589713
0.00586056
0.00582425
0.00578814
0.00575217
0.00571628
0.00568042
0.00564452
0.00560854
0.00557241
0.0055361
0.00549957
0.00546276
0.00542563
0.00538817
0.0053447
0.0053239
0.00534058
0.00537186
0.00543382
0.00551599
0.00561241
0.0057196
0.00583551
0.00595883
0.00608869
0.00622445
0.00636556
0.00651151
0.0066618
0.00681595
0.00696816
0.00712515
0.00720282
0.00724132
0.00726042
0.00728154
0.00769142
0.00845108
0.00950117
0.0107459
0.0118071
0.0127194
0.0134784
0.0140623
0.0144551
0.0146434
0.014679
0.0147152
0.0147526
0.0147911
0.0148308
0.0148716
0.0149135
0.0149566
0.0150009
0.0150463
0.0150929
0.0151406
0.0151808
0.0152078
0.0152226
0.015226
0.0152189
0.0152019
0.0151757
0.015141
0.0150982
0.0150478
0.0149901
0.0149256
0.0148545
0.014777
0.0146931
0.0146023
0.0145128
0.0144234
0.0143344
0.0142461
0.0141589
0.014073
0.0139887
0.0139062
0.0138258
0.013742
0.0136588
0.0135749
0.0134827
0.0134078
0.0133464
0.0132797
0.0132265
0.0131613
0.0130863
0.013003
0.012912
0.0128135
0.0127076
0.0125944
0.0124737
0.0123453
0.0122016
0.01206
0.011921
0.0117845
0.0116508
0.0115186
0.0110578
0.0103075
0.00929531
0.00805302
0.00658794
0.00520787
0.00395086
0.00277625
0.00166791
0.000615652
-0.000387637
-0.00134731
-0.00226773
-0.00315265
-0.00400546
-0.00482762
-0.00511951
-0.0051464
-0.00518095
-0.00522401
-0.00527586
-0.00533645
-0.00540571
-0.00547959
-0.00555269
-0.00562508
-0.00569682
-0.005768
-0.0058387
-0.00590902
-0.00597904
-0.00604885
-0.00611853
-0.00618815
-0.00625785
-0.00632852
-0.00639762
-0.0064652
-0.00653148
-0.00659655
-0.00666049
-0.00672339
-0.00678532
-0.00684632
-0.00690646
-0.00696579
-0.00702433
-0.00708214
-0.00713924
-0.00719569
-0.00724007
-0.00735795
-0.00746132
-0.00753552
-0.00758893
-0.00762645
-0.00765099
-0.00766439
-0.00766787
-0.00766625
-0.00765495
-0.00765251
-0.00764684
-0.0076376
-0.0076253
-0.00761005
-0.00759196
-0.00757124
-0.00754799
-0.00752233
-0.00711169
-0.00635881
-0.00533213
-0.00411502
-0.00307795
-0.00219172
-0.00147072
-0.000939734
-0.000616708
-0.000516515
-0.000465237
-0.000411929
-0.000356507
-0.00029899
-0.000239394
-0.000177735
-0.000114028
-4.82879e-05
1.94726e-05
8.92406e-05
0.000161004
0.000234749
0.000310431
0.000374904
0.000428302
0.00047635
0.000556838
0.000636843
0.000716464
0.000795769
0.000874811
0.000953635
0.00103229
0.00111084
0.00118932
0.00126781
0.00134636
0.00142503
0.00150388
0.00158163
0.0016608
0.00173992
0.00181904
0.00189751
0.00197573
0.00205412
0.00213112
0.0022179
0.00230165
0.00247031
0.00261296
0.00283133
0.00298875
0.00310899
0.00320554
0.00328605
0.0033549
0.00341464
0.00346681
0.00351238
0.00355202
0.00358631
0.0036157
0.00364065
0.00366158
0.0036773
0.0036886
0.00369869
0.00370157
0.00370341
0.00333991
0.00265319
0.0016825
0.000451238
-0.00103216
-0.00236537
-0.00353611
-0.00459949
-0.00557261
-0.00647254
-0.00731053
-0.00809313
-0.00882519
-0.00951058
-0.0101525
-0.0107537
-0.0113097
-0.0118161
-0.012268
