0
0.661678
0.509768
0.138968
0.0570866
-0.0628957
-0.175428
-0.290437
-0.352025
-0.321182
-0.331571
-0.316069
-0.307161
-0.296028
-0.285445
-0.275631
-0.266726
-0.258731
-0.251621
-0.245362
-0.239913
-0.235234
-0.231286
-0.22803
-0.225322
-0.223406
-0.221717
-0.221063
-0.220516
-0.22055
-0.221325
-0.222589
-0.224346
-0.226594
-0.229338
-0.232599
-0.236544
-0.219972
-0.206949
-0.194284
-0.181954
-0.169945
-0.158233
-0.146789
-0.135587
-0.124603
-0.113815
-0.103201
-0.0927409
-0.0824151
-0.0721982
-0.0620834
-0.0520535
-0.0420898
-0.0321747
-0.0223802
-0.0133282
-0.00426828
0.00481285
0.0139302
0.0230986
0.032329
0.0416324
0.0510216
0.0605139
0.0701108
0.0798308
0.0896864
0.0996902
0.109855
0.120197
0.175799
0.166043
0.156071
0.159247
0.145783
0.137032
0.129508
0.12266
0.116229
0.110092
0.104191
0.0984959
0.0929927
0.0876718
0.0825269
0.077554
0.0727492
0.0637593
0.0553339
0.0469314
0.0388121
0.0312269
0.0237614
0.0164028
0.009138
0.00195427
-0.00516892
-0.0122517
-0.0193084
-0.0263415
-0.033365
-0.0404079
-0.0474902
-0.0546653
-0.0617207
-0.0630519
-0.0724332
-0.0620718
-0.0576616
-0.0548019
-0.0528178
-0.0513391
-0.0501556
-0.049149
-0.0482508
-0.0474194
-0.0466285
-0.04586
-0.0451005
-0.0443395
-0.100917
-0.0662695
-0.0798088
-0.0909172
-0.100723
-0.109834
-0.118577
-0.127133
-0.135607
-0.144064
-0.152541
-0.161095
-0.165461
-0.156726
-0.147842
-0.138884
-0.124253
-0.113471
-0.0983315
-0.0862692
0.0050922
0.0856706
0.0817535
0.0660727
0.0510988
0.0410067
0.0303798
0.0196148
-0.0428202
-0.0764892
-0.109775
-0.136846
-0.133763
-0.120453
-0.103474
-0.0863186
-0.0692057
-0.0519851
-0.0345562
-0.0168521
0.00117264
0.0195451
0.0319352
0.0390688
0.0440776
0.0480678
0.0516353
0.055101
0.0586378
0.0623504
0.0662887
0.070465
0.0748972
0.0795978
0.0845776
0.089848
0.0954238
0.101326
0.107587
0.114263
0.121482
0.129807
0.118055
0.108409
0.0990072
0.0898679
0.0469905
0.0760347
0.0453662
0.0190461
-0.00550094
-0.018085
-0.0279104
-0.0362123
-0.0436701
-0.0506618
-0.0573991
-0.0640034
-0.0705543
-0.0771128
-0.0837314
-0.0905371
-0.0854121
-0.0855216
-0.130677
-0.121372
-0.111575
-0.10133
-0.0908303
-0.0801701
-0.0807004
-0.0652292
-0.037686
-0.0205144
-0.00818969
0.000269999
0.0065864
0.0132882
0.0225841
0.0312723
0.0361302
0.0403368
0.0444
0.0485452
0.0528992
0.0575366
0.0625068
0.0678492
0.0729931
0.0763548
0.0798454
0.0839469
0.0751605
0.0675605
0.0601624
0.0529547
0.0459251
0.0390611
0.0363916
0.0254106
0.0190005
0.0127109
0.00652831
0.000441428
-0.00555987
-0.0114843
-0.0173383
-0.0231182
-0.0285823
-0.0336173
-0.0387764
-0.0440795
-0.0495439
-0.0510705
-0.0689227
-0.0588755
-0.0428759
-0.0235747
-0.000897232
-0.0532237
-0.0418565
-0.0270309
-0.0392803
-0.0460924
-0.0463824
-0.0817232
-0.0691443
-0.0578452
-0.0470464
-0.0365549
-0.0262478
-0.0160396
-0.00590266
-0.00180002
-0.0028722
-0.000957303
0.00252558
0.000849672
-6.81795e-05
-0.000492502
0.00573561
0.00378129
0.00271072
0.00286595
0.00584498
-0.000612452
-0.00371793
-0.00208996
0.00286497
0.00350233
0.00407384
0.00465785
0.00524036
0.0058249
0.00688901
0.00833673
0.0101216
0.0122225
0.0144626
0.0169961
0.0198477
0.0230361
0.0265782
0.0304981
0.0348343
0.0396542
0.0450977
0.0516012
0.0484399
0.0371214
0.0302633
0.0235066
0.0168426
0.0102643
0.00376514
-0.00266143
-0.00902133
-0.0153199
-0.0215611
-0.0277446
-0.0226072
-0.020497
-0.0197921
-0.021579
-0.0232523
-0.038159
-0.0277867
-0.0122968
0.0069171
0.0075786
-0.0545153
-0.0193619
-0.0091344
-0.0172189
-0.0203604
-0.0206997
-0.0193998
-0.0170957
-0.0141388
-0.0107236
-0.00694327
-0.00291925
0.00139995
0.00219617
0.00196797
0.00173
0.00150283
0.00128616
0.00107914
0.0008813
0.00615708
0.00373362
0.00274719
0.00280777
0.000264599
0.00249145
0.00287583
0.00269904
0.00232895
0.00237676
0.0024338
0.00249459
0.00256244
0.00262784
0.00268358
0.00273029
0.00276946
0.00280152
0.00282705
0.00284629
0.00285955
0.00286703
0.00286896
0.00286535
0.00285652
0.00284252
0.00282324
0.00279909
0.00277001
0.0027363
0.00269798
0.00265468
0.00260605
0.00255254
0.00249434
0.00243128
0.00236311
0.00228962
0.00221059
0.00212498
0.00203215
0.0019312
0.00182137
0.00170062
0.00156687
0.00107789
0.00182208
0.0105466
0.00514476
-0.0012139
-0.00588742
-0.00795171
-0.0336951
-0.0205416
-0.0210054
-0.0194487
-0.0166924
-0.0131864
-0.00935332
-0.00593811
-0.00513748
-0.00493024
-0.00470674
-0.00447386
-0.00423688
-0.00399829
-0.00375946
-0.00352118
-0.00328591
-0.00305186
0.00473152
0.00371465
0.00471716
0.00657155
0.00678511
-0.00479142
-0.00825866
-0.0067044
-0.00273074
-0.00230352
-0.00191474
-0.00154023
-0.00118651
-0.00085249
-0.000531195
-0.000219639
8.29996e-05
0.000377556
0.000664719
0.000945174
0.00121946
0.00148818
0.00175175
0.00201075
0.00226536
0.00251616
0.00276343
0.00300718
0.0032472
0.00348265
0.00373585
0.0011006
-0.0159447
-0.00301367
0.00227265
0.00226824
0.00224534
0.002225
0.00220694
0.00219106
0.00217735
0.00216578
0.00215646
0.0021493
0.00214435
0.00214158
0.00214098
0.00214253
0.0021462
-0.0606599
-0.0439714
-0.0233019
-0.0393009
-0.0465053
-0.0488142
-0.0483536
-0.0462848
-0.0432423
-0.0395769
-0.0354827
-0.0310518
-0.0263269
-0.0213341
-0.0161018
-0.0106738
-0.00565748
-0.00098265
-7.52622e-06
-5.47374e-05
0.000230759
0.00498823
0.002008
0.00107371
0.000445524
-0.000178304
0.000237609
0.000651857
0.00107594
0.0015134
0.0019716
0.00240409
0.0028293
0.00325249
0.00367534
0.00409902
0.00452461
0.00495313
0.0053854
0.00582228
0.00626462
0.00671316
0.00716852
0.0076322
0.00810479
0.00858614
0.00907701
0.00957787
0.0102181
0.0111453
0.0123719
0.013853
0.0156189
0.0176824
0.0200568
0.0227584
0.025809
0.0292391
0.0330945
0.0374475
0.0424298
0.0483486
0.056749
0.0505072
0.0448596
0.0393422
0.0339624
0.0324987
0.0238226
0.0203312
0.00958841
0.000970267
-0.0324348
-0.030058
-0.0413113
-0.0512361
-0.0605664
-0.0697621
-0.0792563
-0.0919324
-0.0909487
-0.0812412
-0.0715234
-0.0665785
-0.0611527
-0.0551978
-0.0488716
-0.0422565
-0.035394
-0.0283038
-0.0209937
-0.0132364
-0.0138774
-0.0140671
-0.00208569
0.0112977
0.000471254
-0.0177383
-0.0315221
-0.0401896
-0.0445068
-0.0455317
-0.0374814
-0.028284
0.00432781
0.0247932
0.0445976
0.0520184
0.0490235
0.0462302
0.0434767
0.0407886
0.0383053
0.0360122
0.0338956
0.0319426
0.030141
0.02848
0.0269497
0.0255397
0.0242411
0.0230444
0.0219364
0.0208946
0.0197534
0.0124593
0.0115771
0.0107829
0.0100449
0.00935901
0.0087217
0.00812956
0.00757955
0.0070688
0.00659466
0.00615457
0.00574622
0.00536744
0.00503714
0.00471191
0.0044104
-0.0586843
-0.0218363
-0.0147241
-0.02261
-0.0251864
-0.0248104
-0.0227267
-0.0197897
-0.0165823
-0.0130197
-0.00910258
-0.00486912
-0.00060297
0.00153427
0.00139175
0.0012334
0.00108052
0.000932579
0.000797069
0.000750993
0.00613532
0.00336595
0.00160537
0.000286843
-0.000212409
0.00010084
0.000490937
0.000770664
0.0010516
0.00133307
0.00161733
0.00190811
0.0022014
0.00249202
0.00277996
0.00306561
0.00334909
0.00363024
0.00390894
0.00418488
0.00445768
0.00472688
0.00499171
0.0050976
0.00511249
0.00512565
0.00513784
0.00514915
0.00515974
0.00517043
0.00518116
0.00519068
0.00519971
0.00520887
0.00521836
0.00522815
0.00523835
0.00524883
0.00525937
0.00526933
0.00527852
0.00528608
0.00529077
0.00529152
0.00528666
0.00527335
0.00524416
0.00518009
0.00842945
0.00204467
-0.00267558
-0.00459935
-0.0290804
-0.0171875
-0.0178767
-0.0166148
-0.0141893
-0.011042
-0.00777759
-0.0043789
-0.00364069
-0.00185887
0.000805912
0.00212464
0.000870286
-0.00333805
-0.000945797
-0.00312929
-0.00301466
-0.00288822
0.00462358
0.00369745
0.0036916
0.00518092
0.00660569
-0.00468984
-0.00878067
-0.00778023
-0.00309764
-0.00244728
-0.00214976
-0.00186261
-0.0015786
-0.00130686
-0.0010486
-0.000800363
-0.000561767
-0.000332116
-0.000327777
-4.90853e-05
0.00023173
0.000517786
0.00172311
0.00766649
-7.06683e-05
-0.00384283
-0.021676
-0.01013
0.000137288
0.000158317
0.000138254
0.000117965
9.71418e-05
7.54698e-05
5.28687e-05
2.93636e-05
5.02274e-06
-2.0054e-05
-4.5758e-05
-7.19564e-05
-9.84802e-05
-0.000125184
-0.000151832
-0.000178278
-0.000204425
-0.000230179
-0.000255438
-0.000280172
-0.063323
-0.0271299
-0.0322283
-0.0342833
-0.0466066
-0.0517439
-0.0528544
-0.0516691
-0.0491369
-0.0457774
-0.0418791
-0.0376019
-0.0330194
-0.028164
-0.0230563
-0.0177042
-0.0121405
-0.00642154
-0.00157975
-8.14698e-05
-3.88155e-05
0.000292992
0.00401443
-0.000128893
0.00127398
0.00188681
0.000464856
0.00086918
0.00121626
0.0015746
0.00194754
0.00234335
0.00274794
0.00312463
0.00349833
0.00387199
0.00424849
0.00462827
0.00501161
0.00539938
0.00593454
0.00675273
0.00785469
0.00923791
0.0108558
0.0127031
0.0148079
0.0171778
0.0198173
0.0227306
0.0259223
0.0294103
0.0332033
0.0373001
0.0417227
0.0465042
0.0516994
0.0574126
0.0639152
0.0736231
0.0670448
0.0612464
0.0555495
0.0499563
0.0444758
0.039115
0.0338801
0.0287767
0.0238098
0.0223833
0.0141279
0.00945386
0.00513756
-0.000370484
-0.00523712
-0.0249724
-0.0237577
-0.0339058
-0.0432984
-0.0523084
-0.0611484
-0.0699467
-0.0787783
-0.0877122
-0.09688
-0.106996
-0.107241
-0.0980541
-0.088757
-0.0794113
-0.0700409
-0.0613296
-0.0533692
-0.0540242
-0.0597987
-0.0476332
-0.0335506
-0.0426476
-0.0614543
-0.0760788
-0.0857875
-0.0910551
-0.0928676
-0.0921113
-0.0894777
-0.0854867
-0.0805487
-0.059026
-0.0377566
0.00367365
0.0179441
0.0335562
0.0502479
0.0677805
0.0860284
0.094577
0.0891301
0.0835553
0.0783709
0.0735711
0.0691289
0.0650195
0.061218
0.0576985
0.0544372
0.051406
0.0485432
0.0439754
0.0341463
0.0264506
0.0243123
0.0223429
0.0205085
0.0187994
0.0172068
0.0157227
0.0143392
0.0130492
0.0118462
0.0107239
0.00967653
0.00869849
-0.054696
-0.0122614
-0.0114497
-0.0186112
-0.0208432
-0.0202639
-0.0180352
-0.0147949
-0.010897
-0.00657426
-0.00212055
0.00214079
0.00449315
0.00434153
0.00533622
0.00647143
0.00761859
0.00798599
0.00817913
0.00835476
0.0134069
0.0116176
0.0125305
0.0064934
0.00558527
0.00593102
0.00628948
0.00667345
0.00709043
0.00755
0.00800949
0.00846575
0.00892783
0.00939812
0.00987732
0.0103662
0.0108656
0.0113757
0.0118975
0.0124315
0.0129799
0.0136322
0.0152833
0.0182171
0.0240768
0.016938
0.00850435
0.00164532
-0.000341284
-0.000471943
-0.000583021
-0.000684481
-0.000776682
-0.000860025
-0.000935001
-0.00100212
-0.00106188
-0.00111476
-0.00116133
-0.00877729
-0.00134485
-0.00137893
-0.00146383
-0.00259786
-0.00613907
-0.0126091
-0.0140588
-0.0693554
-0.119015
-0.08624
-0.085338
-0.0389502
-0.069106
-0.0838379
-0.0901436
-0.0918002
-0.0908537
-0.0884155
-0.0850946
-0.0812258
-0.0769783
-0.0724373
-0.0676531
-0.0626511
-0.0574428
-0.0520212
-0.0463978
-0.0403141
-0.0337556
-0.0270026
-0.0219459
-0.024796
-0.0234014
-0.0116781
0.00189008
-0.0064775
-0.0174699
-0.0230524
-0.0227105
-0.0188678
-0.0131059
-0.00589662
0.00251732
0.0119557
0.0222798
0.0333815
0.0451804
0.0575939
0.0705556
