0.0698132
0.0764299
0.0815276
0.0829173
0.0834882
0.0828594
0.0811053
0.0782009
0.0746804
0.0714684
0.0681525
0.0649919
0.0619207
0.058961
0.0561073
0.0533518
0.0506856
0.0480994
0.0455844
0.043132
0.0407342
0.0383833
0.0360719
0.0337931
0.0315414
0.0293089
0.0270931
0.0248839
0.02268
0.0204758
0.0182638
0.0160392
0.013797
0.0115323
0.00924011
0.00691536
0.00455117
0.00235308
0.000285388
-0.00165553
-0.0034731
-0.00517053
-0.0067508
-0.00821659
-0.00957033
-0.0108142
-0.0119501
-0.0129799
-0.0139051
-0.014727
-0.0154466
-0.0160651
-0.0165834
-0.017002
-0.0173215
-0.0175431
-0.0176742
-0.0177148
-0.0176645
-0.0175232
-0.0172902
-0.016965
-0.0165468
-0.0160347
-0.0154277
-0.0147249
-0.0139248
-0.0130263
-0.0120278
-0.0109276
-0.00972415
-0.00796876
-0.00630992
-0.00475025
-0.0031585
-0.00170072
-0.00033031
0.000964981
0.00219187
0.00335452
0.00445587
0.00549826
0.00648377
0.0074143
0.00829169
0.0091177
0.00989405
0.0106224
0.011261
0.0118154
0.0122858
0.012675
0.0129883
0.013227
0.013392
0.0134844
0.0135048
0.0134541
0.0133325
0.0131403
0.0128777
0.012545
0.0121418
0.0116678
0.0111221
0.0105059
0.0098762
0.009153
0.00853363
0.00795856
0.00741229
0.00688608
0.00637488
0.00587574
0.0053869
0.00490728
0.00443621
0.0039733
0.00351832
0.00307119
0.00263193
0.00162004
0.000953619
0.000150446
-0.000765647
-0.00178187
-0.00289138
-0.00409052
-0.00537741
-0.00675121
-0.00821169
-0.00975903
-0.0113939
-0.0130746
-0.0146697
-0.0161777
-0.0175979
-0.0188697
-0.0200322
-0.0210418
-0.0219279
-0.021899
-0.0210631
-0.0202663
-0.0196265
-0.0191364
-0.018747
-0.0184631
-0.018286
-0.0187319
-0.0195132
-0.0206269
-0.0220112
-0.0233645
-0.0245847
-0.025635
-0.0265138
-0.0272214
-0.0277568
-0.0281178
-0.0283019
-0.0283057
-0.0281258
-0.027822
-0.027447
-0.0270219
-0.026557
-0.0260566
-0.0255217
-0.0249515
-0.0243445
-0.0236983
-0.0230106
-0.0222788
-0.0215004
-0.0206725
-0.0197922
-0.0188567
-0.0178625
-0.0168062
-0.0156836
-0.0144894
-0.0132125
-0.0120537
-0.010992
-0.0100249
-0.00914996
-0.0086986
-0.00795411
-0.00751431
-0.00733572
-0.0074006
-0.00759133
-0.00787964
-0.00824997
-0.00869369
-0.00920607
-0.00978453
-0.0104277
-0.0111352
-0.0119069
-0.0127436
-0.0136471
-0.0144982
-0.0153504
-0.0166526
-0.0178609
-0.0189705
-0.0199769
-0.0208777
-0.0216712
-0.0224683
-0.0231097
-0.0234745
-0.0236663
-0.0237334
-0.0237145
-0.023631
-0.0234789
-0.0232323
-0.0228972
-0.022512
-0.0220833
-0.0216126
-0.0210991
-0.0205406
-0.0199345
-0.0192772
-0.0185652
-0.0178003
-0.0170002
-0.0161636
-0.0152842
-0.0144911
-0.0137726
-0.0131267
-0.0125514
-0.0120449
-0.0116056
-0.0111934
-0.0108891
-0.0106482
-0.0104694
-0.0103517
-0.0102939
-0.0102953
-0.0103548
-0.0104718
-0.0106454
-0.0108738
-0.0111526
-0.0114832
-0.0118669
-0.0123053
-0.0127593
-0.0133916
-0.0139234
-0.0142949
-0.0144732
-0.0144245
-0.014909
-0.0152857
-0.015515
-0.0158682
-0.0162917
-0.0167182
-0.0175028
-0.0181644
-0.0187159
-0.019162
-0.0195058
-0.019749
-0.0198926
-0.0199372
-0.0199429
-0.0199613
-0.0199627
-0.0199312
-0.0199185
-0.0199169
-0.0199214
-0.0198666
-0.0198337
-0.0198133
-0.0197926
-0.0197429
-0.0197552
-0.0197989
-0.0198268
-0.0198055
-0.0197783
-0.0197458
-0.019708
-0.0196651
-0.0196171
-0.0195591
-0.0194873
-0.0193984
-0.0192891
-0.0191582
-0.0190028
-0.0188196
-0.0186054
-0.0183567
-0.0180698
-0.0177406
-0.0173643
-0.0169347
-0.0164414
-0.0159799
-0.0156329
-0.0153555
-0.0151466
-0.0150054
-0.0149311
-0.0149229
-0.0149801
-0.0151023
-0.0152888
-0.0155392
-0.0158529
-0.0161162
-0.016359
-0.0165954
-0.0168504
-0.0171224
-0.0175441
-0.0178621
-0.0180252
-0.0179962
-0.0179607
-0.0185393
-0.0187644
-0.0188858
-0.0190865
-0.0193168
-0.0195488
-0.019766
-0.0199584
-0.0201196
-0.020245
-0.0203311
-0.0203755
-0.0203752
-0.0203655
-0.0203569
-0.0203493
-0.0203427
-0.0203371
-0.0203324
-0.0203286
-0.0202702
-0.0202339
-0.0202057
-0.0201758
-0.0201727
-0.0201463
-0.0201147
-0.0200835
-0.0200549
-0.0200245
-0.0199923
-0.0199581
-0.0199221
-0.0198842
-0.0198447
-0.0198036
-0.019761
-0.0197169
-0.0196715
-0.0196246
-0.0195764
-0.0195269
-0.0194762
-0.0194242
-0.0193709
-0.0193165
-0.0192609
-0.0192041
-0.0191462
-0.0190871
-0.0190269
-0.0189655
-0.018903
-0.0188393
-0.0187745
-0.0187086
-0.0186414
-0.0185731
-0.0185036
-0.0184329
-0.018361
-0.0182878
-0.0182135
-0.018138
-0.0180615
-0.0179873
-0.017903
-0.0177289
-0.017606
-0.0175464
-0.0175333
-0.0175401
-0.0178135
-0.0179588
-0.0181124
-0.018254
-0.0183719
-0.0184584
-0.0185103
-0.0185316
-0.0185483
-0.0185664
-0.0185855
-0.0186055
-0.0186263
-0.0186477
-0.0186697
-0.0186921
-0.0187151
-0.0187384
-0.0186883
-0.0186522
-0.0186091
-0.0185499
-0.0184897
-0.018542
-0.0186303
-0.0187042
-0.0187394
-0.0187714
-0.0188007
-0.0188274
-0.0188518
-0.0188741
-0.0188944
-0.0189127
-0.0189292
-0.018944
-0.0189572
-0.0189688
-0.0189789
-0.0189877
-0.018995
-0.0190011
-0.019006
-0.0190097
-0.0190123
-0.0190139
-0.0190145
-0.0190141
-0.0190127
-0.0190374
-0.0192325
-0.0192978
-0.0193102
-0.0193223
-0.0193346
-0.019347
-0.0193595
-0.0193721
-0.0193849
-0.0193979
-0.0194111
-0.0194244
-0.0194379
-0.0194517
-0.0194656
-0.0194798
-0.0194942
-0.0201299
-0.0205953
-0.0208533
-0.0212704
-0.0217582
-0.0222676
-0.0227709
-0.023252
-0.023701
-0.0241119
-0.0244804
-0.0248031
-0.0250771
-0.0252999
-0.025469
-0.0255826
-0.0256447
-0.0256587
-0.0256618
-0.0256641
-0.0256624
-0.0256116
-0.0255891
-0.0255743
-0.0255649
-0.0255626
-0.0255551
-0.0255422
-0.0255239
-0.0255001
-0.0254705
-0.0254355
-0.0253953
-0.0253499
-0.0252991
-0.0252431
-0.0251818
-0.0251151
-0.0250429
-0.0249653
-0.024882
-0.0247931
-0.0246984
-0.0245979
-0.0244913
-0.0243786
-0.0242596
-0.0241343
-0.0240011
-0.0238571
-0.0236994
-0.0235254
-0.0233321
-0.0231165
-0.0228756
-0.0226059
-0.0223041
-0.0219661
-0.0215878
-0.021164
-0.0206885
-0.0201518
-0.0195292
-0.0189668
-0.0184589
-0.018004
-0.0176007
-0.0172124
-0.0169111
-0.016645
-0.0164866
-0.0164145
-0.0166855
-0.0169349
-0.0172996
-0.0177665
-0.0183298
-0.0189882
-0.0197446
-0.0206307
-0.0215101
-0.0222955
-0.0229865
-0.0236307
-0.0242232
-0.0247586
-0.0252332
-0.025644
-0.0259884
-0.0262641
-0.0264687
-0.0265981
-0.0267364
-0.0268784
-0.0269023
-0.0267937
-0.0267943
-0.0269777
-0.0272996
-0.0277089
-0.0281618
-0.0286254
-0.0290078
-0.0292999
-0.029266
-0.029028
-0.0285923
-0.0280829
-0.0276038
-0.0271531
-0.0267304
-0.0263351
-0.025965
-0.0256183
-0.0252933
-0.0249883
-0.0247019
-0.0244325
-0.024179
-0.0239402
-0.0237149
-0.0235022
-0.0233012
-0.0231112
-0.0229333
-0.0228284
-0.0227322
-0.0226439
-0.022563
-0.022489
-0.0224214
-0.0223598
-0.0223038
-0.022253
-0.0222071
-0.0221657
-0.0221286
-0.0220953
-0.0220656
-0.0220394
-0.0220163
-0.0226199
-0.0228539
-0.0230158
-0.0232557
-0.0235202
-0.02378
-0.0240179
-0.0242253
-0.0243998
-0.0245376
-0.0246353
-0.0246898
-0.0247008
-0.0246895
-0.0246788
-0.0246689
-0.0246598
-0.0246513
-0.0246435
-0.0246359
-0.0245737
-0.0245384
-0.02452
-0.0245139
-0.0245135
-0.0245094
-0.0245005
-0.0244883
-0.0244727
-0.0244537
-0.0244312
-0.0244053
-0.024376
-0.0243432
-0.024307
-0.0242674
-0.0242244
-0.024178
-0.0241283
-0.0240752
-0.0240188
-0.023959
-0.023896
-0.0238312
-0.0237655
-0.0236991
-0.0236317
-0.0235635
-0.0234944
-0.0234243
-0.0233533
-0.0232813
-0.0232083
-0.0231343
-0.0230592
-0.022983
-0.0229056
-0.022827
-0.0227471
-0.0226659
-0.0225833
-0.0224994
-0.0224141
-0.0223273
-0.0222391
-0.0221495
-0.0220587
-0.0219668
-0.0218406
-0.021778
-0.0217624
-0.0217656
-0.0220191
-0.022156
-0.022302
-0.0224378
-0.0225518
-0.0226367
-0.0226914
-0.0227145
-0.0227324
-0.0227348
-0.0227128
-0.0226796
-0.0226611
-0.0226863
-0.0226896
-0.0227164
-0.0227437
-0.0227713
-0.0227262
-0.0226927
-0.022661
-0.0226156
-0.0225568
-0.0226087
-0.0227019
-0.0227853
-0.0228222
-0.0228528
-0.0228806
-0.0229061
-0.0229293
-0.0229503
-0.0229693
-0.0229864
-0.0230017
-0.0230152
-0.0230293
-0.0230411
-0.0230507
-0.023058
-0.0230538
-0.0229907
-0.0230057
-0.0230582
-0.023289
-0.0234042
-0.0234165
-0.0234285
-0.0234405
-0.0234527
-0.0234649
-0.0234773
-0.0234898
-0.0235025
-0.0235154
-0.0235285
-0.0235419
-0.0235555
-0.0235694
-0.0235836
-0.0235981
-0.0236129
-0.0236281
-0.0236435
-0.0236593
-0.0236754
-0.0243193
-0.0246001
-0.0249309
-0.0252823
-0.0257566
-0.0262819
-0.0268179
-0.0273415
-0.0278394
-0.0283031
-0.0287274
-0.0291085
-0.0294432
-0.0297288
-0.0299629
-0.030143
-0.0302669
-0.0303332
-0.0303505
-0.0303523
-0.0303531
-0.0303501
-0.0303092
-0.0303088
-0.0302934
-0.0302708
-0.0302634
-0.0302511
-0.0302346
-0.0302136
-0.030188
-0.0301577
-0.0301225
-0.030083
-0.030039
-0.0299906
-0.0299378
-0.0298805
-0.0298187
-0.0297522
-0.0296797
-0.0295983
-0.029505
-0.0293971
-0.0292723
-0.0291282
-0.0289622
-0.0287717
-0.028554
-0.0283064
-0.028026
-0.0277099
-0.027355
-0.0269583
-0.0265165
-0.026026
-0.0254827
-0.0248815
-0.0242142
-0.023449
-0.0227489
-0.0221057
-0.0215187
-0.0209866
-0.0205084
-0.0200828
-0.0197085
-0.0193842
-0.0191085
-0.0188475
-0.0186687
-0.0185367
-0.0184479
-0.0184138
-0.0184277
-0.0186433
-0.0188489
-0.0191581
-0.0195633
-0.0200606
-0.0206482
-0.0213258
-0.0220936
-0.0229525
-0.0239047
-0.0249598
-0.0260188
-0.0269875
-0.0278647
-0.0286499
-0.0293427
-0.0299496
-0.0304782
-0.031015
-0.0316107
-0.0320858
-0.0324209
-0.0328474
-0.0334624
-0.0342238
-0.0350822
-0.0359932
-0.0369219
-0.0378426
-0.0387363
-0.0395893
-0.040392
-0.0409789
-0.0413519
-0.0413102
-0.0411256
-0.0407847
-0.0402767
-0.0395931
-0.0387268
-0.0377747
-0.0368767
-0.0360342
-0.0352431
-0.0344997
-0.0338004
-0.0331418
-0.0325208
-0.0319346
-0.0313805
-0.0308562
-0.0303601
-0.029909
-0.0295559
-0.0292797
-0.0290246
-0.0287891
-0.0285717
-0.0283712
-0.0281864
-0.0280162
-0.0278595
-0.0277155
-0.0275832
-0.0274619
-0.0273508
-0.0272491
-0.0277848
-0.0278969
-0.0280014
-0.0281781
-0.028378
-0.028573
-0.0287468
-0.028889
-0.0289933
-0.0290553
-0.0290737
-0.0290504
-0.0290044
-0.0289608
-0.0289078
-0.0288442
-0.0287697
-0.0286921
-0.0286131
-0.0285329
-0.0284029
-0.0282914
-0.0281707
-0.02811
-0.0280571
-0.0280002
-0.0279391
-0.0278736
-0.0278036
-0.0277287
-0.0276493
-0.0275652
-0.0274765
-0.027383
-0.0272846
-0.0271813
-0.0270729
-0.0269593
-0.0268404
-0.026716
-0.0265859
-0.0264491
-0.0262957
-0.0261127
-0.025871
-0.0257004
-0.0256141
-0.0255961
-0.0255978
-0.0256007
-0.0256044
-0.0256089
-0.0256142
-0.0256201
-0.0256265
-0.0256334
-0.0256407
-0.0256483
-0.0256561
-0.0257398
-0.025749
-0.0257583
-0.0257682
-0.0257893
-0.0258454
-0.0259661
-0.026101
-0.0267897
-0.0279757
-0.0288342
-0.0296838
-0.0300694
-0.0307564
-0.0315907
-0.0324883
-0.0334027
-0.0343079
-0.035189
-0.0360372
-0.0368471
-0.0376148
-0.0383375
-0.0390126
-0.0396381
-0.0402117
-0.0407315
-0.0411954
-0.0415987
-0.0419367
-0.0422074
-0.0424278
-0.0426769
-0.0429119
-0.0430292
-0.0430101
-0.0430739
-0.0432467
-0.0434743
-0.0436974
-0.0438809
-0.0440056
-0.0440569
-0.0440227
-0.0438929
-0.0436583
-0.0433113
-0.0428448
-0.0422526
-0.0415292
