0
0.0172267
-0.000330581
-0.00262514
-0.00135378
-0.054756
-0.12836
-0.113096
-0.162359
-0.098887
-0.100607
-0.0811624
-0.0851493
-0.0845634
-0.0834026
-0.080972
-0.0785791
-0.0762767
-0.0740332
-0.0718571
-0.0697558
-0.0677351
-0.0657999
-0.0639545
-0.0591659
-0.0585771
-0.0484825
-0.0498219
-0.0407729
-0.041627
-0.0397126
-0.0380425
-0.0366085
-0.0353979
-0.0344071
-0.0336608
-0.0334498
-0.0425744
-0.0461442
-0.0483616
-0.0486729
-0.0488938
-0.0490923
-0.0492706
-0.0494156
-0.0495499
-0.04972
-0.0499155
-0.050121
-0.0503431
-0.0508833
-0.0505836
-0.0499744
-0.0491971
-0.0483272
-0.0474268
-0.0465007
-0.0455868
-0.0446737
-0.043766
-0.0428666
-0.0419777
-0.0411008
-0.0402369
-0.0393863
-0.0385506
-0.0377306
-0.0369271
-0.0361408
-0.0353719
-0.0346216
0.057469
0.0337352
0.0202432
0.0128491
0.000546756
-0.00196698
-0.00352264
-0.00455091
-0.00529084
-0.00587595
-0.00638109
-0.00684874
-0.00730329
-0.0077591
-0.00822501
-0.00870647
-0.00920712
-0.0101662
-0.0101349
-0.0100692
-0.0101205
-0.0095906
-0.0090859
-0.0086062
-0.00815139
-0.0077213
-0.00733652
-0.00700443
-0.00672459
-0.0065132
-0.00637245
-0.00629251
-0.00630383
-0.00651455
-0.00631211
-0.00536383
-0.00720829
-0.00863353
-0.00992762
-0.0112739
-0.0126467
-0.0140328
-0.0154308
-0.016841
-0.0182643
-0.019701
-0.0211519
-0.0226172
-0.0240975
-0.025593
0.0178213
0.0238432
0.0323626
0.0438446
0.0567876
0.0703825
0.0841975
0.0980062
0.111702
0.125242
0.13859
0.151725
0.16572
0.178019
0.190102
0.202007
0.189655
0.17966
0.169687
0.150751
0.142376
0.136427
0.138692
0.140874
0.142947
0.143561
0.142945
0.142318
0.139727
0.135014
0.135889
0.137605
0.137162
0.136854
0.136516
0.136194
0.135958
0.13582
0.135788
0.135866
0.136056
0.13636
0.13672
0.137136
0.137692
0.138382
0.139206
0.140164
0.141258
0.142507
0.143912
0.14545
0.147138
0.148992
0.151023
0.15324
0.155649
0.158255
0.161059
0.164062
0.167262
0.17065
0.174307
0.178147
0.182155
0.186322
0.145262
0.124469
0.109866
0.0948706
0.0792391
0.0793136
0.0738761
0.0656094
0.0559783
0.0457782
0.035438
0.0251857
0.0151305
0.00532057
-0.00420573
-0.0134251
-0.0224637
-0.0219519
-0.033375
-0.0396264
-0.0453821
-0.0509084
-0.0562064
-0.06128
-0.0739574
-0.0784226
-0.0830505
-0.0878435
-0.0924572
-0.0969159
-0.101359
-0.106754
-0.112406
-0.118319
-0.124747
-0.130114
-0.135574
-0.141136
-0.146809
-0.1526
-0.158516
-0.164566
-0.170985
-0.178394
-0.186121
-0.194177
-0.201621
-0.208069
-0.214708
-0.221554
-0.228621
-0.235919
-0.234517
-0.243594
-0.247284
-0.251283
-0.255612
-0.260296
-0.265357
-0.270826
-0.276752
-0.283277
-0.283184
-0.282895
-0.282903
-0.283197
-0.283761
-0.282441
-0.283135
-0.283384
-0.283823
-0.284486
-0.285435
-0.235311
-0.20579
-0.201599
-0.194143
-0.1833
-0.183111
-0.159714
-0.145733
-0.132172
-0.119001
-0.106221
-0.09384
-0.0818636
-0.070301
-0.0596197
-0.049767
-0.0398711
-0.0300784
-0.0204294
-0.0110495
-0.00194556
0.0122136
0.0246701
0.0352016
0.0448654
0.0539414
0.0411333
0.0484444
0.0556421
0.0628305
0.0702501
0.0778863
0.0857251
0.0933225
0.100234
0.107183
0.114187
0.121259
0.128409
0.135636
0.142979
0.150445
0.15804
0.165772
0.173649
0.18168
0.189874
0.198247
0.206832
0.205449
0.21508
0.219778
0.224746
0.230007
0.235583
0.241493
0.247755
0.25439
0.26143
0.268928
0.277093
0.28013
0.281027
0.282111
0.283258
0.281907
0.284791
0.285447
0.286333
0.287432
0.28865
0.240467
0.227476
0.218502
0.208384
0.196579
0.184111
0.171504
0.159033
0.146835
0.13497
0.123482
0.112375
0.101666
0.0913518
0.0814255
0.0718751
0.0626852
0.0538415
0.0453302
0.0371388
0.0225896
0.00748014
-0.00507843
-0.0108107
-0.00242212
-0.00843233
-0.0144057
-0.0200592
-0.0251719
-0.0300945
-0.0351024
-0.0402116
-0.0454342
-0.0502649
-0.0549672
-0.0597121
-0.0645071
-0.0693597
-0.0742771
-0.0792665
-0.084335
-0.0894895
-0.0947365
-0.100083
-0.105535
-0.1111
-0.116785
-0.122596
-0.128542
-0.134647
-0.140916
-0.147334
-0.153919
-0.160694
-0.167674
-0.174872
-0.182301
-0.18997
-0.197888
-0.206062
-0.214497
-0.223193
-0.23215
-0.24137
-0.25086
-0.26064
-0.270716
-0.281024
-0.291347
-0.291902
-0.292076
-0.294202
-0.256478
-0.241714
-0.226983
-0.211748
-0.19648
-0.181424
-0.166636
-0.152215
-0.13814
-0.124458
-0.111177
-0.0982889
-0.0857827
-0.0736445
-0.0618602
-0.0504153
-0.0392955
-0.0284868
-0.0111695
0.00431968
0.0174127
0.0288976
0.0364724
0.0227778
0.0312932
0.0397726
0.048269
0.056903
0.0657565
0.0748202
0.0831216
0.0910371
0.0990146
0.107064
0.115194
0.123417
0.131742
0.14018
0.148741
0.157436
0.166276
0.175272
0.184436
0.193782
0.203322
0.213074
0.223056
0.233314
0.243895
0.242542
0.242236
0.240458
0.23955
0.238854
0.238425
0.238262
0.238366
0.238734
0.23936
0.240236
0.241348
0.242685
0.244235
0.245989
0.247937
0.25007
0.252385
0.205757
0.181932
0.177339
0.171158
0.161824
0.150993
0.139558
0.127999
0.116572
0.105398
0.0945341
0.0840205
0.0738805
0.0641109
0.0546951
0.0455744
0.0366986
0.0279459
0.0196924
0.0117635
0.00413852
-0.00577116
-0.0157403
-0.0245137
-0.0278952
-0.0218642
-0.0266791
-0.031546
-0.0365311
-0.0416278
-0.0468528
-0.0515706
-0.0562783
-0.0610241
-0.0658169
-0.0706657
-0.0755785
-0.0805635
-0.0856284
-0.0907807
-0.0960281
-0.101378
-0.106837
-0.112413
-0.118111
-0.123938
-0.129902
-0.13601
-0.142257
-0.148641
-0.155187
-0.161896
-0.168763
-0.175804
-0.183042
-0.19049
-0.198161
-0.206065
-0.214212
-0.222608
-0.231258
-0.24016
-0.249294
-0.258639
-0.267817
-0.277288
-0.287083
-0.285652
-0.283566
-0.281586
-0.279721
-0.278295
-0.237262
-0.226759
-0.214211
-0.200554
-0.186529
-0.172533
-0.158782
-0.145595
-0.131666
-0.118805
-0.10641
-0.0948224
-0.0835906
-0.0727055
-0.0621697
-0.0519772
-0.0421181
-0.0325803
-0.0233516
-0.01332
-0.00222783
0.0069026
0.0152414
0.0232933
0.030511
0.0375988
0.0452286
0.0530991
0.0610658
0.0690335
0.068405
0.0879812
0.0911583
0.0955461
0.100065
0.104707
0.109426
0.114207
0.119094
0.12411
0.129267
0.134577
0.140052
0.1457
0.151533
0.157559
0.163791
0.170241
0.176943
0.183917
0.191171
0.198788
0.207214
0.208009
0.208573
0.209375
0.210416
0.211697
0.213217
0.214973
0.216956
0.219154
0.221556
0.224153
0.226936
0.229897
0.233027
0.236324
0.239791
0.191974
0.180087
0.171824
0.162171
0.150867
0.13887
0.126713
0.114633
0.102719
0.0910921
0.0798139
0.0689097
0.0583018
0.0480904
0.0382085
0.0286657
0.0194489
0.010545
0.00196261
-0.00187842
-0.00990949
-0.0174524
-0.024359
-0.0306088
-0.0217296
-0.0258944
-0.0314898
-0.0350469
-0.038588
-0.0421391
-0.0457644
-0.049482
-0.0531268
-0.0567693
-0.0604619
-0.0642113
-0.0680246
-0.0719084
-0.0758695
-0.0799146
-0.0840502
-0.0882827
-0.0926182
-0.0970684
-0.101637
-0.106326
-0.111142
-0.116091
-0.121179
-0.126431
-0.131852
-0.137425
-0.143167
-0.1491
-0.155238
-0.161595
-0.168181
-0.175007
-0.182078
-0.189403
-0.196984
-0.204822
-0.212916
-0.221267
-0.22988
-0.238769
-0.247959
-0.257515
-0.26773
-0.268272
-0.268428
-0.270491
-0.233773
-0.218884
-0.203994
-0.188553
-0.173038
-0.157692
-0.142569
-0.127831
-0.11343
-0.0994387
-0.0858367
-0.0728308
-0.0604733
-0.0495954
-0.0376096
-0.0273683
-0.0174072
-0.00774158
0.00676607
0.0221536
0.0353211
0.0473414
0.05892
0.0465435
0.0558993
0.0652831
0.0747465
0.0842941
0.0940904
0.104111
0.113427
0.122398
0.131456
0.140613
0.149879
0.159268
0.168796
0.178469
0.188309
0.19833
0.208551
0.218999
0.229306
0.2279
0.227148
0.225436
0.224472
0.223515
0.222786
0.22226
0.221949
0.221867
0.222023
0.222424
0.223074
0.223976
0.225133
0.226541
0.228199
0.230096
0.23222
0.234562
0.237111
0.239857
0.242792
0.245909
0.199961
0.177668
0.160453
0.158552
0.1527
0.143921
0.133779
0.123115
0.112374
0.101789
0.0914706
0.0814669
0.0718149
0.0625351
0.0536237
0.0450724
0.0368518
0.0288903
0.020986
0.0133375
0.00618748
-0.000703401
-0.0107099
-0.0209936
-0.0297946
-0.0369373
-0.02444
-0.0288866
-0.0333861
-0.0380038
-0.0427316
-0.0475907
-0.0523643
-0.0566476
-0.0609671
-0.0653306
-0.0697454
-0.074219
-0.0787589
-0.0833723
-0.0880544
-0.0928009
-0.0976188
-0.102515
-0.107489
-0.112557
-0.117734
-0.123023
-0.128431
-0.133963
-0.139625
-0.145441
-0.151417
-0.157534
-0.163811
-0.170269
-0.176923
-0.183787
-0.190879
-0.198304
-0.204851
-0.212253
-0.219918
-0.227845
-0.236028
-0.244466
-0.253154
-0.262095
-0.27129
-0.269869
-0.273966
-0.275073
-0.276837
-0.281224
-0.287539
-0.255745
-0.241025
-0.226354
-0.211726
-0.197349
-0.183321
-0.169681
-0.156463
-0.143682
-0.131334
-0.119425
-0.108451
-0.0969739
-0.0858653
-0.0751125
-0.0647031
-0.0546931
-0.0441827
-0.0326791
-0.0230175
-0.0139693
-0.00529758
0.00148746
0.00964021
0.0175069
0.02567
0.0339697
0.0423519
0.0508
0.0593077
0.0678627
0.0764171
0.0765852
0.0920851
0.0970208
0.0996542
0.102567
0.105718
0.109075
0.112638
0.116613
0.120943
0.125247
0.129607
0.134091
0.138742
0.143607
0.148707
0.154039
0.159644
0.165578
0.171963
0.181376
0.182131
0.182567
0.183378
0.184429
0.185703
0.187186
0.188862
0.190718
0.192744
0.194928
0.197263
0.19974
0.202355
0.205111
0.155244
0.144243
0.135674
0.124974
0.112696
0.0997962
0.0867704
0.0738742
0.0612258
0.0488626
0.0367786
0.0249262
0.0133734
0.00320569
-0.00546062
-0.0138685
-0.0220506
-0.0297027
-0.0371354
-0.0443451
-0.0564518
-0.0687228
-0.0795057
-0.0891281
-0.082326
-0.0896863
-0.0971574
-0.104806
-0.112634
-0.120663
-0.128172
-0.135581
-0.143087
-0.150702
-0.158436
-0.1663
-0.174305
-0.182463
-0.190786
-0.199287
-0.207978
-0.216871
-0.22592
-0.235122
-0.244475
-0.25354
-0.253263
-0.252538
-0.252009
-0.251694
-0.251603
-0.251723
-0.25207
-0.252663
-0.253513
-0.254628
-0.256014
-0.257676
-0.259615
-0.260338
-0.262628
-0.263864
-0.265207
-0.266802
-0.268645
-0.270727
-0.269359
-0.224031
-0.183907
-0.165344
-0.14827
-0.142625
-0.139429
-0.131958
-0.122332
-0.111712
-0.100729
-0.0897282
-0.0788831
-0.0682793
-0.0579756
-0.0480053
-0.0383717
-0.0290707
-0.0200942
-0.0114362
-0.00308172
0.00465044
0.0117875
0.0186732
0.0277236
0.0369926
0.043836
0.0499545
0.0557379
0.0567761
0.0648187
0.0718252
0.0792648
0.0861409
0.0926858
0.0992536
0.105895
0.112636
0.119493
0.126478
0.133607
0.140891
0.14834
