0
0.0194275
0.00869877
0.00805287
0.00696267
-0.0112694
-0.01446
0.000839502
-0.00944153
0.0153961
0.0164757
0.0420099
0.0345368
0.0290028
0.0251606
0.0228209
0.0213044
0.020239
0.0194175
0.0187256
0.0181
0.0175057
0.0169236
0.0163432
0.0156291
0.0151891
0.0141957
0.014026
0.0130518
0.00970055
0.00950915
0.00929797
0.00905977
0.00879496
0.00850477
0.00819089
0.00785564
0.00882991
0.00832441
0.00780406
0.00727963
0.0067548
0.00623256
0.00571449
0.00520188
0.0046958
0.0041973
0.00370719
0.00322629
0.00275552
0.00229777
0.00185137
0.00142182
0.00101037
0.00061821
0.000242837
-0.000115011
-0.000456544
-0.000781872
-0.00109088
-0.00138342
-0.00165933
-0.00191843
-0.00216055
-0.00242637
-0.00262436
-0.00280608
-0.00297149
-0.00312046
-0.00325285
-0.00336854
0.0102731
0.0271159
0.0395019
0.0484016
0.0439828
0.0412852
0.0391524
0.037382
0.0358554
0.0345022
0.033282
0.0321697
0.0311492
0.030209
0.0293439
0.0285463
0.0278096
0.0270828
0.0261743
0.0258076
0.0254632
0.025031
0.0246327
0.0242658
0.0239283
0.0236184
0.0233337
0.0230732
0.0228355
0.0226184
0.0224207
0.0222431
0.0220839
0.0219414
0.0218181
0.0216106
0.0117966
0.0107041
0.0104911
0.0103044
0.0101363
0.00998256
0.00984008
0.00970681
0.00958103
0.00946124
0.00934603
0.00923403
0.00912388
0.00901421
-0.00271861
0.00514954
0.00301386
0.00162641
0.000652871
-9.66026e-05
-0.000729212
-0.00130526
-0.00185856
-0.00240811
-0.00296464
-0.00353463
-0.00626834
-0.00606692
-0.00578158
-0.00545006
0.00322768
0.00400648
0.00480731
0.00735199
-0.0199066
-0.0350444
-0.013492
-0.00787911
-0.0194853
-0.0320882
-0.0452051
-0.058788
-0.0595883
-0.0485428
-0.0281746
-0.00610804
0.00169251
0.00195283
0.00208617
0.00219955
0.0023019
0.00239207
0.00247332
0.00254976
0.00262622
0.00270813
0.00273667
0.00369894
0.00455816
0.00533428
0.00603995
0.00668377
0.00727207
0.00780958
0.00830026
0.00874769
0.0091542
0.00952157
0.00985143
0.0101453
0.0104045
0.0106304
0.0108243
0.0109877
0.0111225
0.0112331
0.0108951
0.0107806
0.0106638
0.0105437
0.00249281
-0.0108721
-0.00821715
-0.00655656
-6.70594e-05
0.00279479
0.00458079
0.0057786
0.00665759
0.00736631
0.00798668
0.00856401
0.00912346
0.00967942
0.0102409
0.0108163
0.0109014
0.0109018
-0.00868484
-0.00739153
-0.00598234
-0.00504227
-0.0044246
-0.00403145
0.0302669
0.0547837
0.0742076
0.0750856
0.0726241
0.0686654
0.0640612
0.0552438
0.0432993
0.0308671
0.0263068
0.0224594
0.0188732
0.0155418
0.0124505
0.00958146
0.00691631
0.00443677
0.00197654
0.000377712
0.000265344
0.000203747
-0.00074854
-0.00166695
-0.00248997
-0.00322628
-0.0038831
-0.0044666
-0.00509303
-0.0054062
-0.00579478
-0.00613786
-0.00643835
-0.00669898
-0.00692177
-0.00710822
-0.00725908
-0.00737302
-0.00757693
-0.00775497
-0.00790994
-0.00804224
-0.00815235
-0.00835757
0.000633167
0.000661945
0.000590905
0.000400127
-9.63195e-05
0.000574437
-0.000174904
0.00155942
-0.00216806
-0.00446562
-0.0043352
-0.00300599
-0.00137382
-0.000392952
0.000545055
0.00144581
0.00231833
0.00317227
0.00360261
0.00331745
0.00139179
0.000111286
0.000354848
0.000459605
0.000496874
0.000505911
-0.0401303
-0.0762479
-0.106131
-0.132667
-0.158431
-0.132398
-0.111182
-0.0926822
-0.0756053
-0.0578151
-0.0373404
-0.0149152
0.000394566
0.000541283
0.00056454
0.000587189
0.000610273
0.000633864
0.00326604
0.00569783
0.00794882
0.0100359
0.0119738
0.0137761
0.015456
0.0170265
0.0185029
0.0199095
0.0205356
0.0207351
0.0211142
0.0214342
0.0216996
0.0219143
0.0220815
0.0222035
0.0222821
0.0223182
0.0223116
0.0222545
0.0225464
0.0228674
0.0231049
0.023223
0.0233804
0.00124045
0.00121201
0.00135909
0.00168685
0.00173681
0.00128041
-0.00520194
-0.00571686
-0.00311016
-0.00140595
-0.000222192
0.000655067
0.00134429
0.00191183
0.00239471
0.00281075
0.00224557
0.00173064
0.00171798
0.00171419
0.00171158
0.00170788
0.00170312
0.0016974
0.00169083
0.041049
0.0774667
0.107029
0.126863
0.114122
0.1045
0.0953427
0.0835488
0.070201
0.056117
0.0407355
0.0241041
0.00632321
0.00153843
0.00152332
0.00151835
0.00151293
0.00150703
0.00150063
0.00149371
0.00148626
0.0014783
0.0014698
0.00146076
0.00145119
0.00144107
0.0014304
0.00141917
0.00140736
0.00139495
0.00138194
0.00136834
0.00135413
0.00133929
0.0013238
0.00130767
0.00129087
0.00127338
0.0012552
0.00123629
0.00121665
0.00119625
0.00117504
0.001153
0.00113014
0.00110343
0.00110446
0.000898667
0.00108596
0.00100388
0.000976234
0.000953438
0.000695489
0.00236879
0.000855264
-0.000211582
-0.0010082
-0.00163331
-0.000569148
0.000827885
0.000820947
0.000810057
0.000799499
0.000790852
0.000783395
0.000777032
0.000771784
0.000766411
0.000762619
0.000759986
-0.0411211
-0.0779904
-0.108469
-0.132705
-0.156148
-0.129602
-0.10838
-0.0898609
-0.0726237
-0.0531805
-0.0311809
-0.00726255
0.000911822
0.000936577
0.000944485
0.000953139
0.000963877
0.000976546
0.000990516
0.00100582
0.00102249
0.00104057
0.00106007
0.00108104
0.00110353
0.00112756
0.00115319
0.00118045
0.0012094
0.00124011
0.00128478
0.00171866
0.00167139
0.0014522
0.0014117
0.00144573
0.00147913
0.00151202
0.00154452
0.00157674
0.00160877
0.00164069
0.0016726
0.0017046
0.00173674
0.0017691
0.00180176
0.00183477
0.00186818
0.000778679
0.00183182
-0.000295573
0.00352535
0.00588209
0.00740831
0.00845714
0.00922478
0.00981978
0.010303
0.0107084
0.0110521
0.0113417
0.011582
0.0115215
0.0113692
0.0103682
0.00205097
0.00187607
0.00187602
0.00187537
0.0360664
0.0645501
0.0877417
0.107362
0.0903121
0.0753186
0.0600529
0.0425248
0.0233849
0.00303542
0.00175183
0.00174196
0.00173432
0.0017259
0.00171667
0.00170665
0.00169585
0.00168427
0.00167191
0.00165879
0.0016449
0.00163026
0.00161487
0.00159875
0.00158189
0.0015643
0.00154598
0.00152616
0.00150459
0.00148439
0.000722783
1.62486e-05
-0.00063968
-0.00124872
-0.00181422
-0.00233927
-0.00282688
-0.00328022
-0.00370309
-0.00410094
-0.00448451
-0.00490085
-0.004751
-0.00466021
-0.00455028
-0.00442326
-0.00465048
0.00122898
0.00118527
0.00116507
0.000961649
0.000668667
0.00188184
0.000329897
-0.000730205
-0.0015269
-0.00218796
-0.00278604
-0.00336376
-0.00475347
-0.00428187
-0.00376908
-0.00415403
-0.004447
-0.00463139
-0.00473395
-0.0047696
-0.00474649
-0.00466882
-0.00453857
-0.036993
-0.0655504
-0.0909082
-0.113468
-0.135166
-0.125729
-0.11471
-0.106164
-0.0991456
-0.093124
-0.0878059
-0.0841504
-0.0338313
0.000969276
6.58557e-05
-0.000917064
-0.0013291
-0.00123704
-0.0011511
-0.00106928
-0.000990939
-0.000915625
-0.000842808
-0.000772036
-0.000702887
-0.000634948
-0.000567838
-0.000501185
-0.00043465
-0.000367845
-0.000300533
-0.000232409
-0.000164079
-9.37351e-05
-2.16415e-05
4.92623e-05
0.000120284
0.000191203
0.000262307
0.000333842
0.000406015
0.000478981
0.000552842
0.000627668
0.000703495
0.000780334
0.000858166
0.000938153
0.00101794
0.00109857
0.000339453
-0.00621882
-0.00618752
-0.00295902
-0.000426747
0.00111719
0.00202246
0.00270092
0.00329429
0.00377274
0.00418436
0.00454001
0.00169077
0.0017009
0.00173569
0.00176803
0.00179547
0.00182058
0.00184447
0.00186368
0.0277573
0.0528875
0.0737097
0.0920948
0.0731952
0.0573629
0.0430833
0.0328671
0.0260918
0.0206953
0.013382
0.00435103
0.0019856
0.00198743
0.00199404
0.00199898
0.00200223
0.00200379
0.00200368
0.0020019
0.00199846
0.0019934
0.00198674
0.00197844
0.0019686
0.00195723
0.00194433
0.0019299
0.00191396
0.00189648
0.00187751
0.00185707
0.00183515
0.00181175
0.00178689
0.00176057
0.00173279
0.00170356
0.00167289
0.00164079
0.00160727
0.00157235
0.00153606
0.00149844
0.00145953
0.00141938
0.00137802
0.0013355
0.00129845
0.00124827
0.00120312
0.00116266
0.000866834
0.00230434
0.00077103
-0.000327492
-0.0011634
-0.00173462
0.000871767
0.000896691
0.000426533
1.80785e-05
0.00084387
0.00082963
0.000818532
0.000804752
0.000788582
0.00077701
0.000764491
0.000752487
-0.0379114
-0.0735513
-0.102626
-0.128058
-0.152322
-0.126641
-0.105567
-0.0873738
-0.0706752
-0.0520863
-0.0305275
-0.00712856
0.000858264
0.000882964
0.00089698
0.00091305
0.000931246
0.000951615
0.000978308
0.00100462
0.00103442
0.0010689
0.00111112
0.00286395
0.00438585
0.0050693
0.00165867
0.00144624
0.00132273
0.00136296
0.00140267
0.00144189
0.00148073
0.00151929
0.00155766
0.0015959
0.0016341
0.00167234
0.00171069
0.00174923
0.00178805
0.00182723
0.00186685
0.00190701
0.00194776
0.00198916
0.00203128
0.00207416
0.000444183
0.00226373
0.00563797
0.00710442
0.0100873
0.0119556
0.0131863
0.0140463
0.0146842
0.0151825
0.0155876
0.0159254
0.0162079
0.0164403
0.0166259
0.0167663
0.0163319
0.0165731
0.00840383
0.00425415
0.00209862
0.00209012
0.040664
0.0753299
0.104106
0.123358
0.105372
0.0903576
0.0748912
0.057242
0.0379936
0.0173936
0.00198525
0.00191787
0.00190489
0.00189139
0.00187713
0.0018621
0.00184629
0.00182969
0.00181241
0.00179445
0.00177575
0.00175088
0.000874431
-0.000580938
-0.00193711
-0.00320313
-0.00438699
-0.00549589
-0.00653636
-0.00751465
-0.00843622
-0.00930596
-0.0101284
-0.010908
-0.0116497
-0.0123598
-0.0130502
-0.0137831
-0.0136584
-0.0136805
-0.0136778
-0.0136523
-0.0136064
-0.0135419
-0.0134609
-0.0133651
-0.0132563
-0.0134922
-0.0134529
-0.0135077
-0.014335
-0.0126767
-0.0114399
-0.0114151
-0.009846
-0.0108322
-0.0116008
-0.0122555
-0.0128545
-0.0134307
-0.0140026
-0.0145816
-0.0151758
-0.0157945
-0.0171698
-0.0167582
-0.0162892
-0.0157901
-0.0152729
-0.0148697
-0.0474292
-0.0760506
-0.101959
-0.124688
-0.146686
-0.137967
-0.12539
-0.116877
-0.10995
-0.104022
-0.0987845
-0.0940646
-0.0897635
-0.0858238
-0.0822121
-0.0790875
-0.0253885
0.0013218
0.000651477
-0.000110341
-0.000908544
-0.00171484
-0.00253117
-0.0029451
-0.0028125
-0.00268778
-0.00256886
-0.00245463
-0.00234413
-0.0022363
-0.00213057
-0.00202616
-0.00192236
-0.00181849
-0.00171386
-0.00160856
-0.00149928
-0.00139142
-0.00128504
-0.00117826
-0.00107104
-0.000962939
-0.000853637
-0.000742913
-0.000630625
-0.000516722
-0.000401199
-0.00028411
-0.000165552
-4.56503e-05
-0.000154575
-0.00776822
-0.00654247
-0.00390413
-0.00214904
-0.000904843
3.68829e-05
0.000792291
0.00142697
0.00158228
0.00219922
0.000969046
0.000953685
0.00101565
0.00107125
0.00112333
0.00117189
0.00121658
0.00125838
0.00129695
0.0394539
0.0733377
0.10042
0.119201
0.101394
0.0861085
0.0693808
0.0501731
0.0291661
0.00666805
0.00157776
0.00158679
0.0016032
0.0016169
0.0016278
0.00163586
0.00164106
0.00164334
0.00164268
0.00163902
0.00163224
0.0016223
0.00160891
0.00028492
-0.00101578
-0.00173415
0.0015494
0.00153286
0.00150998
0.00148599
0.00146103
0.0014352
0.00140839
0.00138053
0.00135154
0.00132138
0.00128997
0.00125729
0.00122329
0.00108342
0.00115421
0.00111541
0.00107776
0.000966897
0.000885309
0.000822436
0.000685565
0.00274849
0.00332998
0.0121623
0.00991976
0.0175712
0.0114937
0.00790163
0.00572533
0.00435947
0.00346303
0.00284463
0.0023962
0.00205682
0.00179506
0.00159459
0.00144538
0.00134211
0.00128207
0.00110109
0.000996752
0.00119472
0.00077537
0.000966264
-0.0351791
-0.0671006
-0.0951939
-0.120979
-0.145941
-0.130875
-0.114273
-0.103217
-0.09385
-0.0862134
-0.0797204
-0.0738845
-0.0685403
-0.0635895
-0.0589677
-0.0546293
-0.0498662
-0.0446663
-0.0390159
