-5.71716e-06
-2.49922e-05
-6.04359e-05
-0.00011236
-0.00018018
-0.000262957
-0.000359593
-0.00046896
-0.00058994
-0.000721446
-0.000862426
-0.00101187
-0.00116881
-0.00133232
-0.00150151
-0.00167552
-0.00185356
-0.00203485
-0.00221865
-0.00240427
-0.00259104
-0.00277835
-0.0029656
-0.00315223
-0.00333773
-0.00352159
-0.00370336
-0.00388261
-0.00405895
-0.00423199
-0.00440141
-0.00456689
-0.00472813
-0.00488489
-0.00503693
-0.00518402
-0.005326
-0.00546268
-0.00559394
-0.00571964
-0.00583968
-0.00595397
-0.00606246
-0.00616509
-0.00626183
-0.00635266
-0.0064376
-0.00651664
-0.00658982
-0.00665718
-0.00671877
-0.00677467
-0.00682495
-0.00686969
-0.00690899
-0.00694297
-0.00697172
-0.00699539
-0.00701409
-0.00702797
-0.00703716
-0.00704181
-0.00704209
-0.00703813
-0.00703011
-0.00701819
-0.00700254
-0.00698332
-0.00696071
-0.00693489
-0.00690601
-0.00687424
-0.0068398
-0.00680291
-0.00676377
-0.00672256
-0.00667946
-0.00663463
-0.00658822
-0.0065404
-0.00649131
-0.00644112
-0.00638997
-0.00633801
-0.00628538
-0.00623223
-0.00617869
-0.0061249
-0.00607097
-0.00601705
-0.00596325
-0.00590968
-0.00585646
-0.00580369
-0.00575148
-0.00569992
-0.0056491
-0.00559912
-0.00555006
-0.00550199
-0.00545498
-0.00540912
-0.00536445
-0.00532103
-0.00527893
-0.00523819
-0.00519885
-0.00516093
-0.00512443
-0.00508936
-0.00505575
-0.00502363
-0.00499301
-0.00496392
-0.00493636
-0.00491034
-0.00488588
-0.00486296
-0.00484159
-0.00482177
-0.00480349
-0.00478674
-0.00477153
-0.00475784
-0.00474567
-0.00473499
-0.00472579
-0.00471805
-0.00471174
-0.00470683
-0.00470331
-0.00470112
-0.00470024
-0.00470064
-0.00470227
-0.0047051
-0.00470908
-0.00471415
-0.00472019
-0.00472708
-0.00473474
-0.00474314
-0.00475225
-0.00476207
-0.00477279
-0.00478473
-0.00479824
-0.00481359
-0.00483098
-0.00485043
-0.00487183
-0.00489489
-0.00491923
-0.00494442
-0.00497007
-0.00499581
-0.00502136
-0.00504646
-0.00507089
-0.00509448
-0.0051171
-0.00513867
-0.00515915
-0.00517852
-0.00519681
-0.00521404
-0.00523025
-0.00524547
-0.00525973
-0.00527306
-0.0052855
-0.00529706
-0.00530779
-0.0053177
-0.00532683
-0.0053352
-0.00534285
-0.00534979
-0.00535606
-0.00536168
-0.00536667
-0.00537106
-0.00537487
-0.00537814
-0.00538088
-0.00538312
-0.00538489
-0.0053862
-0.00538708
-0.00538756
-0.00538766
-0.00538741
-0.00538683
-0.00538594
-0.00538478
-0.00538335
-0.0053817
-0.00537984
-0.00537779
-0.00537557
-0.00537322
-0.00537074
-0.00536817
-0.00536551
-0.00536279
-0.00536003
-0.00535724
-0.00535445
-0.00535167
-0.00534891
-0.00534582
-0.00534195
-0.00533718
-0.00533152
-0.00532501
-0.00531773
-0.00530975
-0.00530114
-0.00529192
-0.00528217
-0.00527192
-0.00526125
-0.00525022
-0.0052389
-0.00522736
-0.00521565
-0.00520383
-0.00519196
-0.0051801
-0.00516827
-0.00515655
-0.00514496
-0.00513355
-0.00512235
-0.00511141
-0.00510075
-0.00509041
-0.00508042
-0.00507079
-0.00506156
-0.00505275
-0.00504437
-0.00503645
-0.005029
-0.00502203
-0.00501556
-0.0050096
-0.00500415
-0.00499922
-0.00499482
-0.00499096
-0.00498762
-0.00498482
-0.00498255
-0.00498082
-0.00497957
-0.00497871
-0.00497816
-0.00497784
-0.00497769
-0.00497772
-0.00497793
-0.00497832
-0.0049789
-0.00497969
-0.00498069
-0.00498192
-0.00498337
-0.00498506
-0.00498699
-0.00498915
-0.00499155
-0.00499419
-0.00499706
-0.00500017
-0.00500351
-0.00500707
-0.00501086
-0.00501486
-0.00501907
-0.00502348
-0.00502809
-0.00503293
-0.00503799
-0.00504327
-0.00504877
-0.00505445
-0.00506032
-0.00506634
-0.0050725
-0.00507877
-0.00508516
-0.00509164
-0.0050982
-0.00510484
-0.00511154
-0.00511829
-0.00512508
-0.00513191
-0.00513876
-0.00514562
-0.00515248
-0.00515934
-0.00516618
-0.00517301
-0.0051798
-0.00518655
-0.00519325
-0.0051999
-0.00520649
-0.00521301
-0.00521946
-0.00522583
-0.0052321
-0.00523829
-0.00524438
-0.00525037
-0.00525626
-0.00526203
-0.00526769
-0.00527323
-0.00527865
-0.00528394
-0.00528911
-0.00529415
-0.00529906
-0.00530382
-0.00530836
-0.00531263
-0.00531661
-0.00532029
-0.00532368
-0.00532678
-0.00532962
-0.0053322
-0.00533453
-0.00533664
-0.00533854
-0.00534023
-0.00534173
-0.00534307
-0.00534424
-0.00534526
-0.00534616
-0.00534693
-0.00534759
-0.00534815
-0.00534863
-0.00534904
-0.00534938
-0.00534967
-0.00534994
-0.0053502
-0.00535048
-0.0053508
-0.00535117
-0.00535159
-0.00535207
-0.00535261
-0.00535324
-0.00535394
-0.00535472
-0.00535559
-0.00535655
-0.0053576
-0.00535876
-0.00536001
-0.00536136
-0.00536282
-0.00536438
-0.00536605
-0.00536782
-0.00536971
-0.0053717
-0.00537381
-0.00537603
-0.00537836
-0.00538081
-0.00538337
-0.00538604
-0.00538883
-0.00539172
-0.00539473
-0.00539786
-0.00540109
-0.00540444
-0.00540789
-0.00541146
-0.00541513
-0.00541891
-0.00542279
-0.00542678
-0.00543088
-0.00543508
-0.00543937
-0.00544377
-0.00544827
-0.00545286
-0.00545755
-0.00546234
-0.00546722
-0.00547219
-0.00547725
-0.00548239
-0.00548763
-0.00549295
-0.00549834
-0.00550382
-0.00550936
-0.00551498
-0.00552065
-0.00552639
-0.00553217
-0.00553801
-0.00554389
-0.0055498
-0.00555574
-0.00556171
-0.0055677
-0.0055737
-0.00557971
-0.00558574
-0.0055918
-0.0055979
-0.00560406
-0.00561028
-0.00561657
-0.00562291
-0.0056293
-0.00563571
-0.00564213
-0.00564856
-0.00565497
-0.00566136
-0.00566773
-0.00567406
-0.00568034
-0.00568658
-0.00569275
-0.00569886
-0.0057049
-0.00571087
-0.00571675
-0.00572254
-0.00572824
-0.00573384
-0.00573935
-0.00574474
-0.00575003
-0.00575521
-0.00576026
-0.00576521
-0.00577003
-0.00577471
-0.00577925
-0.00578362
-0.00578782
-0.00579186
-0.00579574
-0.00579946
-0.00580302
-0.00580643
-0.00580969
-0.0058128
-0.00581577
-0.00581861
-0.00582131
-0.00582389
-0.00582634
-0.00582867
-0.00583089
-0.00583301
-0.00583502
-0.00583694
-0.00583876
-0.00584051
-0.00584218
-0.00584378
-0.00584532
-0.0058468
-0.00584824
-0.00584963
-0.00585099
-0.00585233
-0.00585364
-0.00585494
-0.00585624
-0.00585753
-0.00585883
-0.00586014
-0.00586147
-0.00586284
-0.00586426
-0.00586575
-0.00586733
-0.005869
-0.00587076
-0.00587261
-0.00587456
-0.00587661
-0.00587875
-0.00588099
-0.00588334
-0.00588578
-0.00588833
-0.00589097
-0.00589372
-0.00589657
-0.00589951
-0.00590256
-0.00590571
-0.00590896
-0.0059123
-0.00591575
-0.00591929
-0.00592293
-0.00592667
-0.00593051
-0.00593444
-0.00593846
-0.00594258
-0.00594679
-0.00595109
-0.00595548
-0.00595997
-0.00596454
-0.0059692
-0.00597395
-0.00597878
-0.0059837
-0.0059887
-0.00599379
-0.00599895
-0.0060042
-0.00600953
-0.00601494
-0.00602043
-0.006026
-0.00603166
-0.00603745
-0.00604336
-0.0060494
-0.00605557
-0.00606186
-0.00606826
-0.00607476
-0.00608137
-0.00608806
-0.00609484
-0.00610169
-0.0061086
-0.00611558
-0.0061226
-0.00612967
-0.00613677
-0.0061439
-0.00615105
-0.0061582
-0.00616536
-0.00617251
-0.00617965
-0.00618679
-0.00619394
-0.00620111
-0.00620832
-0.00621553
-0.00622273
-0.00622979
-0.00623653
-0.00624268
-0.00624796
-0.00625201
-0.00625461
-0.00625566
-0.00625505
-0.00625277
-0.00624884
-0.00624337
-0.00623645
-0.00622819
-0.00621872
-0.00620813
-0.00619654
-0.00618405
-0.00617076
-0.00615676
-0.00614213
-0.00612698
-0.00611137
-0.00609538
-0.0060791
-0.00606258
-0.00604591
-0.00602913
-0.00601231
-0.00599551
-0.00597879
-0.00596218
-0.00594574
-0.00592952
-0.00591356
-0.0058979
-0.00588257
-0.00586761
-0.00585305
-0.00583892
-0.00582524
-0.00581205
-0.00579936
-0.00578719
-0.00577556
-0.00576448
-0.00575396
-0.00574403
-0.00573468
-0.00572593
-0.00571778
-0.00571024
-0.00570331
-0.00569699
-0.00569129
-0.0056862
-0.00568172
-0.00567785
-0.00567459
-0.00567193
-0.00566986
-0.00566838
-0.00566747
-0.00566714
-0.00566736
-0.00566815
-0.0056695
-0.00567143
-0.00567392
-0.00567696
-0.00568055
-0.00568465
-0.00568925
-0.00569434
-0.00569989
-0.00570589
-0.00571232
-0.00571915
-0.00572637
-0.00573395
-0.00574188
-0.00575014
-0.00575871
-0.00576757
-0.00577669
-0.00578607
-0.00579568
-0.0058055
-0.00581551
-0.0058257
-0.00583605
-0.00584654
-0.00585715
-0.00586788
-0.0058787
-0.00588959
-0.00590055
-0.00591156
-0.0059226
-0.00593367
-0.00594475
-0.00595582
-0.00596688
-0.00597791
-0.00598891
-0.00599987
-0.00601077
-0.00602161
-0.00603238
-0.00604307
-0.00605367
-0.00606419
-0.00607461
-0.00608493
-0.00609515
-0.00610526
-0.00611526
-0.00612515
-0.00613492
-0.00614456
-0.00615409
-0.00616348
-0.00617274
-0.00618187
-0.00619086
-0.0061997
-0.0062084
-0.00621695
-0.00622535
-0.00623359
-0.00624167
-0.00624958
-0.00625733
-0.00626492
-0.00627234
-0.00627959
-0.00628671
-0.00629372
-0.00630061
-0.00630742
-0.00631413
-0.00632076
-0.00632728
-0.00633368
-0.00633996
-0.0063461
-0.00635211
-0.00635797
-0.00636369
-0.00636926
-0.00637469
-0.00637996
-0.00638507
-0.00639003
-0.00639483
-0.00639948
-0.00640397
-0.00640829
-0.00641246
-0.00641647
-0.00642033
-0.00642401
-0.0064275
-0.00643079
-0.00643387
-0.00643676
-0.00643945
-0.00644195
-0.00644427
-0.00644642
-0.0064484
-0.00645022
-0.00645189
-0.00645342
-0.00645481
-0.00645608
-0.00645722
-0.00645825
-0.00645918
-0.00646
-0.00646074
-0.00646139
-0.00646197
-0.00646248
-0.00646292
-0.00646331
-0.00646366
-0.00646397
-0.00646425
-0.00646451
-0.00646476
-0.006465
-0.00646525
-0.00646552
-0.0064658
-0.00646611
-0.00646646
-0.00646686
-0.0064673
-0.0064678
-0.00646837
-0.006469
-0.00646972
-0.00647052
-0.00647141
-0.0064724
-0.00647351
-0.00647475
-0.00647614
-0.00647767
-0.00647934
-0.00648116
-0.00648314
-0.00648526
-0.00648754
-0.00648996
-0.00649254
-0.00649528
-0.00649816
-0.00650119
-0.00650437
-0.0065077
-0.00651117
-0.00651479
-0.00651855
-0.00652245
-0.00652649
-0.00653067
-0.00653498
-0.00653943
-0.006544
-0.00654871
-0.00655354
-0.0065585
-0.00656358
-0.00656877
-0.00657409
-0.00657952
-0.00658506
-0.00659071
-0.00659647
-0.00660233
-0.00660829
-0.00661436
-0.00662052
-0.00662678
-0.00663313
-0.00663957
-0.0066461
-0.00665272
-0.00665942
-0.0066662
-0.00667307
-0.00668002
-0.00668704
-0.00669414
-0.00670132
-0.00670856
-0.00671588
-0.00672326
-0.00673071
-0.00673821
-0.00674578
-0.00675339
-0.00676105
-0.00676874
-0.00677648
-0.00678423
-0.00679202
-0.00679981
-0.00680762
-0.00681542
-0.00682323
-0.00683102
-0.00683879
-0.00684653
-0.00685429
-0.00686208
-0.00686991
-0.00687776
-0.0068856
-0.00689333
-0.00690076
-0.00690765
-0.00691369
-0.00691856
-0.00692188
-0.00692327
-0.00692235
-0.00691869
-0.00691207
-0.00690243
-0.00688976
-0.00687404
-0.00685535
-0.00683375
-0.00680939
-0.00678243
-0.00675307
-0.00672155
-0.00668808
-0.00665288
-0.00661618
-0.00657816
-0.00653903
-0.00649897
-0.00645815
-0.00641676
-0.00637494
-0.00633284
-0.00629062
-0.0062484
-0.00620633
-0.0061645
-0.00612305
-0.00608208
-0.00604169
-0.00600198
-0.00596302
-0.00592491
-0.00588772
-0.00585151
-0.00581635
-0.00578229
-0.0057494
-0.0057177
-0.00568725
-0.00565808
-0.00563023
-0.0056037
-0.00557855
-0.00555477
-0.00553238
-0.0055114
-0.00549184
-0.00547369
-0.00545696
-0.00544165
-0.00542775
-0.00541524
-0.00540413
-0.00539439
-0.005386
-0.00537896
-0.00537323
-0.00536881
-0.00536568
-0.00536384
-0.00536327
-0.00536394
-0.00536581
-0.00536886
-0.00537305
-0.00537834
-0.0053847
-0.00539207
-0.00540044
-0.00540974
-0.00541995
-0.00543102
-0.00544291
-0.00545558
-0.00546899
-0.00548309
-0.00549785
-0.00551322
-0.00552916
-0.00554564
-0.00556262
-0.00558004
-0.00559789
-0.00561612
-0.00563469
-0.00565357
-0.00567272
-0.00569211
-0.0057117
-0.00573145
-0.00575135
-0.00577134
-0.00579141
-0.00581152
-0.00583164
-0.00585174
-0.00587181
-0.0058918
-0.0059117
-0.00593148
-0.00595112
-0.00597059
-0.00598988
-0.00600897
-0.00602784
-0.00604647
-0.00606485
-0.00608294
-0.00610075
-0.00611825
-0.00613542
-0.00615227
-0.00616876
-0.00618489
-0.00620065
-0.00621603
-0.00623103
-0.00624562
-0.00625981
-0.00627359
-0.00628695
-0.00629989
-0.0063124
-0.00632449
-0.00633615
-0.00634737
-0.00635817
-0.00636854
-0.00637852
-0.00638811
-0.00639733
-0.00640617
-0.00641462
-0.00642263
-0.00643011
-0.00643698
-0.00644312
-0.00644844
-0.00645283
-0.00645622
-0.00645853
-0.00645969
-0.00645965
-0.00645837
-0.00645585
-0.00645208
