-0.00114343
-0.00271158
-0.00437716
-0.00600766
-0.00755637
-0.00899892
-0.0103284
-0.0115449
-0.0126511
-0.0136501
-0.0145461
-0.0153431
-0.0160452
-0.0166564
-0.0171808
-0.0176224
-0.0179849
-0.0182722
-0.018488
-0.0186359
-0.0187195
-0.0187423
-0.0187077
-0.0186191
-0.0184797
-0.0182928
-0.0180615
-0.0177888
-0.0174778
-0.0171314
-0.0167522
-0.0163431
-0.0159065
-0.0154452
-0.0149616
-0.014458
-0.0139369
-0.0134003
-0.0128504
-0.0122892
-0.0117187
-0.0111406
-0.0105568
-0.00996906
-0.00937899
-0.00878816
-0.00819809
-0.0076102
-0.00702585
-0.00644633
-0.00587284
-0.00530654
-0.00474849
-0.00419972
-0.00366114
-0.00313364
-0.00261804
-0.00211507
-0.00162543
-0.00114974
-0.000688595
-0.000242501
0.000188077
0.000602729
0.0010011
0.00138287
0.00174779
0.00209563
0.00242623
0.00273947
0.00303645
0.0033165
0.00357228
0.00380613
0.00402135
0.00421935
0.00440082
0.00456612
0.00471553
0.00484928
0.00496762
0.0050708
0.00515911
0.00523285
0.00529235
0.00533797
0.00537008
0.00538907
0.00539535
0.00538935
0.0053715
0.00534228
0.00530213
0.00525153
0.00519096
0.00512089
0.00504182
0.00495423
0.00485862
0.00475544
0.00464523
0.00452846
0.0044056
0.00427711
0.00414346
0.0040051
0.0038625
0.00372142
0.00357898
0.00343421
0.00328698
0.00313748
0.00298606
0.00283311
0.00267902
0.00252421
0.00236907
0.00221399
0.00205932
0.00190542
0.00175141
0.00159771
0.00144471
0.00129276
0.00114219
0.000993326
0.000846472
0.000701922
0.000559976
0.000420892
0.000284891
0.000152202
2.30381e-05
-0.000102428
-0.000224029
-0.000341619
-0.000455064
-0.000558475
-0.000649639
-0.000728122
-0.000803669
-0.000876073
-0.000945156
-0.00102079
-0.00112307
-0.0012639
-0.00143752
-0.00163397
-0.00184315
-0.00204794
-0.00223139
-0.00238073
-0.00248713
-0.00255116
-0.00257756
-0.00257166
-0.00253807
-0.00248105
-0.00240479
-0.00231349
-0.00221138
-0.00210277
-0.00199203
-0.00188248
-0.00177547
-0.00167151
-0.00157074
-0.00147317
-0.00137875
-0.00128743
-0.00119912
-0.00111373
-0.00103122
-0.000951511
-0.000874563
-0.000800327
-0.000728761
-0.000659827
-0.00059349
-0.000529717
-0.000468479
-0.000409753
-0.000353519
-0.000299759
-0.000248457
-0.00019959
-0.000153138
-0.000109119
-6.75472e-05
-2.84196e-05
8.20235e-06
4.23232e-05
7.39676e-05
0.000103166
0.000129949
0.000154354
0.000176418
0.000196181
0.000213693
0.000229002
0.000242154
0.000253205
0.000262214
0.000269242
0.000274364
0.000277681
0.00027927
0.000279204
0.00027755
0.000274376
0.000342877
0.000431316
0.000522817
0.00061033
0.000691059
0.000764384
0.000831072
0.000892576
0.000949772
0.00100192
0.00104766
0.00108664
0.00111888
0.00114461
0.00116409
0.00117764
0.00118556
0.00118814
0.0011857
0.00117851
0.00116685
0.00115099
0.00113119
0.0011077
0.00108076
0.00105062
0.00101752
0.000981672
0.000943312
0.000902658
0.000859924
0.000815314
0.000769026
0.000721254
0.000672182
0.000621991
0.000570855
0.000518941
0.00046641
0.000413422
0.000360138
0.000306719
0.000253322
0.000200096
0.00014718
0.000102706
6.81372e-05
4.22981e-05
2.27877e-05
5.67465e-06
-1.14383e-05
-2.93722e-05
-4.83749e-05
-6.8447e-05
-8.94853e-05
-0.00011136
-0.000133924
-0.000157024
-0.000180512
-0.000204249
-0.000228106
-0.000251963
-0.000275707
-0.000299236
-0.000322456
-0.000345279
-0.000367628
-0.00038943
-0.000410622
-0.000431144
-0.000450913
-0.000472322
-0.000494877
-0.000517411
-0.0005391
-0.000559456
-0.000578221
-0.000594848
-0.000609267
-0.000622026
-0.000633387
-0.000643494
-0.000652439
-0.000660285
-0.000667064
-0.0006728
-0.00067751
-0.000681212
-0.000683924
-0.00068567
-0.000686473
-0.00068636
-0.000685356
-0.000683489
-0.000680785
-0.000677271
-0.000672975
-0.000667924
-0.000662145
-0.000655672
-0.000648542
-0.000640786
-0.000632437
-0.000623526
-0.000614086
-0.00060415
-0.000593748
-0.000582912
-0.000571673
-0.00056006
-0.000548101
-0.000535833
-0.000523295
-0.000510526
-0.000497567
-0.000484459
-0.000466127
-0.000441739
-0.00041294
-0.000382919
-0.000353143
-0.000324296
-0.000296666
-0.00027037
-0.000245448
-0.000221916
-0.000199772
-0.000179011
-0.000159622
-0.000141591
-0.000124904
-0.000109546
-9.54931e-05
-8.27243e-05
-7.12148e-05
-6.09392e-05
-5.18701e-05
-4.39787e-05
-3.72349e-05
-3.16071e-05
-2.7058e-05
-2.56818e-05
-2.69013e-05
-2.98423e-05
-3.3969e-05
-3.90031e-05
-4.47972e-05
-5.12614e-05
-5.83282e-05
-6.59386e-05
-7.40376e-05
-8.25717e-05
-9.14883e-05
-0.000100735
-0.000110274
-0.000120075
-0.000130112
-0.000140364
-0.000150809
-0.000161424
-0.000172191
-0.000183088
-0.000194098
-0.000205203
-0.000216384
-0.000227625
-0.00023891
-0.000250221
-0.000261545
-0.000272864
-0.000284167
-0.000295442
-0.000306675
-0.000317856
-0.000328973
-0.000340018
-0.000350981
-0.000361854
-0.000372629
-0.0003833
-0.000393861
-0.000404304
-0.000414625
-0.000424818
-0.000434878
-0.000444804
-0.000454593
-0.000464244
-0.000473757
-0.000483132
-0.000492384
-0.000501495
-0.000510455
-0.000519198
-0.000527676
-0.000535843
-0.000543655
-0.000551076
-0.000558069
-0.000564606
-0.00057066
-0.00057621
-0.000581235
-0.000585721
-0.000589653
-0.000593023
-0.000595822
-0.000598049
-0.0005997
-0.000600777
-0.000601274
-0.000603733
-0.000607741
-0.00061278
-0.000618778
-0.000625682
-0.00063212
-0.000637051
-0.00064021
-0.000641966
-0.000642523
-0.000642012
-0.000640533
-0.000638158
-0.000634942
-0.000630929
-0.00062616
-0.000620676
-0.000614513
-0.00060771
-0.000600301
-0.000592321
-0.000583805
-0.000574785
-0.000565292
-0.000555359
-0.000545014
-0.000534286
-0.000523205
-0.000511798
-0.000500091
-0.000488108
-0.000475889
-0.000461387
-0.000445371
-0.000428852
-0.000412278
-0.000395858
-0.000379695
-0.000363845
-0.000348341
-0.000333213
-0.000318482
-0.000304164
-0.000290276
-0.000276831
-0.000263838
-0.000251307
-0.000239244
-0.000227655
-0.000216594
-0.000206125
-0.000196275
-0.000187061
-0.000178495
-0.000170591
-0.000163362
-0.000156817
-0.000150965
-0.00014581
-0.000141356
-0.000137603
-0.000134548
-0.000132187
-0.000130512
-0.000129512
-0.000129176
-0.000129485
-0.00013042
-0.000131965
-0.000134102
-0.000138892
-0.000145668
-0.000153585
-0.000162167
-0.000171173
-0.000180477
-0.000190003
-0.000199699
-0.00020952
-0.000219426
-0.000229391
-0.000239401
-0.000249442
-0.000259505
-0.000269579
-0.000279654
-0.000289722
-0.000299772
-0.000309796
-0.000319786
-0.000329735
-0.000339635
-0.000349481
-0.000359266
-0.000368986
-0.000378634
-0.000388207
-0.0003977
-0.000407106
-0.000416426
-0.000425658
-0.000434796
-0.00044384
-0.000452787
-0.000461637
-0.000470388
-0.000479042
-0.000487598
-0.00049606
-0.000504428
-0.000512704
-0.00052089
-0.000528988
-0.000537002
-0.000544935
-0.000552792
-0.00056056
-0.000572109
-0.000584925
-0.000597941
-0.000610697
-0.000622933
-0.000634534
-0.000645438
-0.000655611
-0.000665026
-0.000673665
-0.000681515
-0.000688565
-0.000694806
-0.000700234
-0.000704848
-0.000708648
-0.00071164
-0.000713832
-0.000715234
-0.000715859
-0.000715721
-0.000714837
-0.00071322
-0.000713664
-0.000716306
-0.000719112
-0.000721222
-0.000722281
-0.000716582
-0.00069556
-0.000651809
-0.00057972
-0.000475177
-0.000335094
-0.000186128
-2.31555e-05
0.000145052
0.000312011
0.00047231
0.000622577
0.000761651
0.000889318
0.00100576
0.00111134
0.00120647
0.00129159
0.00136711
0.00143347
0.00149107
0.00154031
0.00158158
0.00161525
0.00164169
0.00166126
0.00167431
0.00168118
0.0016822
0.00167767
0.00166791
0.00165321
0.00163384
0.0016101
0.00158225
0.00155057
0.00151532
0.00147678
0.00143521
0.00139085
0.00134397
0.0012948
0.00124359
0.00119056
0.00113596
0.00107994
0.00102268
0.000964355
0.000905136
0.000845181
0.000784645
0.000723677
0.000662413
0.000600989
0.000539548
0.000478218
0.00041712
0.000356375
0.000296096
0.000236393
0.00017737
0.000119126
6.17552e-05
5.34429e-06
-5.01221e-05
-0.000106761
-0.00016415
-0.000221184
-0.000277147
-0.000331672
-0.000384566
-0.000435715
-0.000485047
-0.000532511
-0.000578068
-0.000621687
-0.000663345
-0.000703026
-0.000740722
-0.000776434
-0.000810164
-0.000841921
-0.000871719
-0.000899573
-0.000925505
-0.000949539
-0.000971706
-0.000992037
-0.00101057
-0.00102733
-0.00104237
-0.00105572
-0.00106743
-0.00107754
-0.0010861
-0.00109316
-0.00109878
-0.00110299
-0.00110586
-0.00110743
-0.00110777
-0.00110694
-0.00110498
-0.00110196
-0.00109794
-0.00109299
-0.00108715
-0.0010805
-0.0010731
-0.00106502
-0.00105631
-0.00104704
-0.00103728
-0.00102709
-0.00101651
-0.00100559
-0.000994353
-0.00098279
-0.000970881
-0.000958615
-0.000945985
-0.000932986
-0.000919611
-0.000905864
-0.000891749
-0.000877275
-0.000862448
-0.00084728
-0.000831786
-0.000815982
-0.00079989
-0.000783531
-0.000766928
-0.000750107
-0.000733062
-0.000718367
-0.000705814
-0.000694664
-0.000684726
-0.000676049
-0.000667342
-0.000657538
-0.000646306
-0.000634082
-0.00062114
-0.000607637
-0.000593686
-0.000579361
-0.000564718
-0.000549802
-0.000534653
-0.000519307
-0.000503799
-0.000488159
-0.000472419
-0.000456606
-0.000440744
-0.000424857
-0.000408968
-0.000393101
-0.000377295
-0.000359157
-0.000339111
-0.000318631
-0.000298358
-0.000278577
-0.000259423
-0.00024096
-0.00022322
-0.000206222
-0.000189979
-0.000174497
-0.000159779
-0.000145826
-0.000132636
-0.000120209
-0.00010854
-9.76218e-05
-8.74462e-05
-7.80023e-05
-6.92773e-05
-6.12568e-05
-5.39249e-05
-4.7337e-05
-4.15569e-05
-3.66226e-05
-3.2537e-05
-2.92933e-05
-2.68847e-05
-2.53062e-05
-2.45528e-05
-2.46187e-05
-2.54956e-05
-2.71736e-05
-2.96411e-05
-3.2883e-05
-3.68824e-05
-4.16195e-05
-4.70731e-05
-5.32195e-05
-6.00339e-05
-6.74846e-05
-7.55395e-05
-8.41661e-05
-9.33402e-05
-0.00010488
-0.000117738
-0.00013136
-0.000145506
-0.000160013
-0.000174781
-0.000189741
-0.000204833
-0.000220007
-0.000235213
-0.000250407
-0.000265562
-0.000280653
-0.000295664
-0.000310576
-0.000325373
-0.000340041
-0.000354565
-0.000368932
-0.00038313
-0.000397149
-0.00041098
-0.000424613
-0.00043804
-0.000451252
-0.000464243
-0.000477006
-0.000489535
-0.000501822
-0.000513869
-0.000525673
-0.000537232
-0.000548546
-0.000559614
-0.000570438
-0.000581021
-0.000591366
-0.000601476
-0.000611356
-0.000621008
-0.000630437
-0.000639647
-0.000648646
-0.00065744
-0.000666039
-0.00067445
-0.000682685
-0.000690736
-0.000698594
-0.000706271
-0.000713757
-0.000721053
-0.000728165
-0.000735025
-0.000741575
-0.000747759
-0.000753528
-0.000758834
-0.000763637
-0.000767902
-0.000771597
-0.000774696
-0.000777178
-0.000779027
-0.00078023
-0.000780778
-0.000780667
-0.000779895
-0.000778463
-0.000775061
-0.000774396
-0.000777309
-0.000780928
-0.000784028
-0.000786099
-0.000782118
-0.000763609
-0.000723012
-0.000654573
-0.000554101
-0.000418545
-0.000245642
-3.36529e-05
0.00021882
0.000512995
0.000811234
0.00111525
0.00142028
0.00172231
0.00201741
0.00230163
0.00257096
0.00282127
0.0030496
0.00325529
0.00343863
0.00360032
0.00374121
0.00386216
0.00396412
0.00404797
0.00411459
0.0041648
0.00419944
0.00421931
0.0042252
0.00421785
0.00419801
0.00416637
0.00412364
0.0040705
0.00400761
0.00393565
0.00385527
0.00376709
0.00367174
0.00356984
0.00346197
0.00334871
0.00323061
0.00310817
0.00298187
0.0028522
0.00271959
0.00258449
0.00244732
0.00230847
0.00216832
0.00202724
0.00188561
0.00174376
0.00160203
0.00146073
0.00132017
0.00118063
0.00104241
0.000905756
0.000770926
0.000638155
0.000507417
0.00037709
0.000247831
0.00011997
-5.47329e-06
-0.000127949
-0.00024714
-0.000362839
-0.00047489
-0.000583167
-0.000687564
-0.000787997
-0.000884405
-0.000976739
-0.00106497
-0.00114906
-0.00122901
-0.00130481
-0.00137647
-0.00144401
-0.00150745
-0.00156683
-0.0016222
-0.00167361
-0.00172112
-0.0017648
-0.00180472
-0.00184091
-0.00187345
-0.00190237
-0.00192774
-0.00194964
-0.00196812
-0.00198327
-0.00199517
-0.0020039
-0.00200955
-0.00201223
-0.00201202
-0.00200903
-0.00200338
-0.00199516
-0.00198449
-0.00197148
-0.00195624
-0.00193891
-0.00191959
-0.00189841
-0.0018754
-0.00185056
-0.00182393
-0.00179558
-0.0017656
-0.00173411
-0.0017012
-0.00166698
-0.00163155
-0.001595
-0.00155741
-0.00151887
-0.00147948
-0.00143933
-0.0013985
-0.00135708
-0.00131516
-0.00127283
-0.00123016
-0.00118725
-0.00114417
-0.001101
-0.00105777
-0.00101695
-0.000978406
-0.000940591
-0.000902882
-0.000865045
-0.000824605
-0.000777224
-0.0007202
-0.000652861
-0.000575316
-0.000487941
-0.000391388
-0.000286575
-0.000174649
-5.69606e-05
6.49735e-05
0.000189489
0.000314799
0.000439018
