9.95723e-07
3.72667e-06
7.69755e-06
1.25673e-05
1.79328e-05
2.33546e-05
2.86348e-05
3.35406e-05
3.7825e-05
4.12958e-05
4.37874e-05
4.51829e-05
4.53389e-05
4.41122e-05
4.13652e-05
3.69676e-05
3.07963e-05
2.2736e-05
1.26788e-05
5.24378e-07
-1.38205e-05
-3.04418e-05
-4.94186e-05
-7.08236e-05
-9.47209e-05
-0.000121167
-0.000150207
-0.000181874
-0.000216192
-0.000253173
-0.000292825
-0.000335148
-0.000380139
-0.00042779
-0.00047809
-0.000531025
-0.000586577
-0.000644734
-0.000705484
-0.00076882
-0.00083473
-0.000903205
-0.000974235
-0.00104781
-0.00112391
-0.00120254
-0.00128369
-0.00136733
-0.00145348
-0.0015421
-0.00163321
-0.00172678
-0.00182281
-0.00192129
-0.00202219
-0.0021255
-0.00223121
-0.0023393
-0.00244973
-0.0025625
-0.00267757
-0.00279492
-0.00291452
-0.00303635
-0.00316038
-0.00328657
-0.00341489
-0.00354532
-0.00367782
-0.00381235
-0.00394867
-0.00408639
-0.00422526
-0.00436507
-0.00450566
-0.00464684
-0.00478848
-0.00493042
-0.0050725
-0.0052146
-0.00535657
-0.00549827
-0.00563959
-0.00578039
-0.00592055
-0.00605996
-0.00619851
-0.0063361
-0.00647261
-0.00660797
-0.00674206
-0.00687482
-0.00700615
-0.00713598
-0.00726425
-0.00739088
-0.00751581
-0.00763898
-0.00776035
-0.00787987
-0.00799749
-0.00811318
-0.0082269
-0.00833863
-0.00844833
-0.008556
-0.00866161
-0.00876514
-0.0088666
-0.00896598
-0.00906327
-0.00915848
-0.00925161
-0.00934267
-0.00943167
-0.00951862
-0.00960354
-0.00968645
-0.00976737
-0.00984633
-0.00992335
-0.00999847
-0.0100717
-0.0101431
-0.0102127
-0.0102805
-0.0103466
-0.010411
-0.0104737
-0.0105348
-0.0105944
-0.0106525
-0.010709
-0.0107642
-0.010818
-0.0108704
-0.0109215
-0.0109715
-0.0110202
-0.0110678
-0.0111142
-0.0111597
-0.0112041
-0.0112475
-0.0112901
-0.0113317
-0.0113726
-0.0114126
-0.0114519
-0.0114904
-0.0115283
-0.0115656
-0.0116022
-0.0116383
-0.0116739
-0.0117091
-0.0117437
-0.011778
-0.0118119
-0.0118455
-0.0118787
-0.0119117
-0.0119444
-0.0119769
-0.0120091
-0.0120413
-0.0120732
-0.0121051
-0.0121368
-0.0121685
-0.0122001
-0.0122316
-0.0122631
-0.0122946
-0.0123261
-0.0123577
-0.0123892
-0.0124208
-0.0124524
-0.0124841
-0.0125159
-0.0125477
-0.0125797
-0.0126117
-0.0126438
-0.012676
-0.0127083
-0.0127407
-0.0127732
-0.0128057
-0.0128384
-0.0128713
-0.0129042
-0.0129372
-0.0129703
-0.0130035
-0.0130368
-0.0130703
-0.0131038
-0.0131374
-0.0131711
-0.0132049
-0.0132388
-0.0132728
-0.0133068
-0.0133409
-0.0133751
-0.0134094
-0.0134437
-0.0134781
-0.0135125
-0.0135469
-0.0135814
-0.0136159
-0.0136505
-0.013685
-0.0137196
-0.0137542
-0.0137887
-0.0138233
-0.0138579
-0.0138924
-0.0139269
-0.0139614
-0.0139958
-0.0140301
-0.0140644
-0.0140986
-0.0141328
-0.0141668
-0.0142008
-0.0142346
-0.0142684
-0.014302
-0.0143354
-0.0143688
-0.014402
-0.014435
-0.0144679
-0.0145006
-0.0145331
-0.0145655
-0.0145976
-0.0146296
-0.0146614
-0.014693
-0.0147243
-0.0147555
-0.0147865
-0.0148173
-0.0148478
-0.0148781
-0.0149083
-0.0149382
-0.0149678
-0.0149973
-0.0150266
-0.0150556
-0.0150844
-0.015113
-0.0151414
-0.0151695
-0.0151975
-0.0152252
-0.0152527
-0.0152801
-0.0153072
-0.0153341
-0.0153608
-0.0153873
-0.0154136
-0.0154397
-0.0154656
-0.0154913
-0.0155168
-0.0155422
-0.0155674
-0.0155924
-0.0156172
-0.0156418
-0.0156663
-0.0156906
-0.0157147
-0.0157387
-0.0157625
-0.0157861
-0.0158096
-0.0158329
-0.015856
-0.0158789
-0.0159017
-0.0159243
-0.0159467
-0.015969
-0.0159911
-0.016013
-0.0160348
-0.0160564
-0.0160779
-0.0160992
-0.0161204
-0.0161415
-0.0161624
-0.0161832
-0.0162039
-0.0162245
-0.0162449
-0.0162652
-0.0162854
-0.0163055
-0.0163255
-0.0163454
-0.0163652
-0.0163849
-0.0164045
-0.016424
-0.0164434
-0.0164628
-0.0164821
-0.0165013
-0.0165205
-0.0165395
-0.0165586
-0.0165775
-0.0165965
-0.0166153
-0.0166342
-0.016653
-0.0166717
-0.0166904
-0.0167091
-0.0167278
-0.0167464
-0.016765
-0.0167835
-0.016802
-0.0168205
-0.016839
-0.0168575
-0.0168759
-0.0168943
-0.0169127
-0.0169311
-0.0169495
-0.0169678
-0.0169862
-0.0170045
-0.0170228
-0.017041
-0.0170593
-0.0170776
-0.0170958
-0.017114
-0.0171322
-0.0171504
-0.0171686
-0.0171869
-0.0172051
-0.0172233
-0.0172415
-0.0172597
-0.017278
-0.0172962
-0.0173145
-0.0173328
-0.017351
-0.0173693
-0.0173877
-0.017406
-0.0174243
-0.0174426
-0.0174609
-0.0174793
-0.0174976
-0.0175159
-0.0175342
-0.0175526
-0.0175709
-0.0175892
-0.0176075
-0.0176257
-0.017644
-0.0176623
-0.0176805
-0.0176987
-0.0177169
-0.0177351
-0.0177532
-0.0177714
-0.0177895
-0.0178076
-0.0178256
-0.0178437
-0.0178617
-0.0178796
-0.0178976
-0.0179155
-0.0179333
-0.0179512
-0.017969
-0.0179867
-0.0180044
-0.0180221
-0.0180398
-0.0180574
-0.0180749
-0.0180925
-0.0181099
-0.0181274
-0.0181448
-0.0181622
-0.0181795
-0.0181968
-0.018214
-0.0182312
-0.0182484
-0.0182655
-0.0182826
-0.0182996
-0.0183166
-0.0183336
-0.0183505
-0.0183674
-0.0183842
-0.018401
-0.0184177
-0.0184344
-0.018451
-0.0184676
-0.018484
-0.0185004
-0.0185168
-0.018533
-0.0185492
-0.0185653
-0.0185814
-0.0185974
-0.0186133
-0.0186291
-0.0186449
-0.0186606
-0.0186763
-0.0186919
-0.0187074
-0.0187229
-0.0187383
-0.0187537
-0.0187691
-0.0187843
-0.0187996
-0.0188148
-0.0188299
-0.018845
-0.0188601
-0.0188751
-0.0188901
-0.018905
-0.0189199
-0.0189348
-0.0189497
-0.0189645
-0.0189793
-0.018994
-0.0190087
-0.0190235
-0.0190381
-0.0190528
-0.0190675
-0.0190821
-0.0190967
-0.0191113
-0.0191259
-0.0191405
-0.0191551
-0.0191696
-0.0191842
-0.0191988
-0.0192133
-0.0192279
-0.0192425
-0.019257
-0.0192716
-0.0192862
-0.0193009
-0.0193155
-0.0193301
-0.0193448
-0.0193595
-0.0193742
-0.0193889
-0.0194037
-0.0194184
-0.0194332
-0.019448
-0.0194629
-0.0194777
-0.0194926
-0.0195076
-0.0195226
-0.0195376
-0.0195526
-0.0195678
-0.0195829
-0.0195981
-0.0196133
-0.0196286
-0.0196439
-0.0196592
-0.0196746
-0.01969
-0.0197054
-0.0197209
-0.0197363
-0.0197519
-0.0197674
-0.019783
-0.0197986
-0.0198142
-0.0198299
-0.0198455
-0.0198612
-0.0198769
-0.0198926
-0.0199083
-0.0199241
-0.0199398
-0.0199556
-0.0199713
-0.0199871
-0.0200029
-0.0200186
-0.0200344
-0.0200501
-0.0200659
-0.0200816
-0.0200974
-0.0201131
-0.0201288
-0.0201445
-0.0201601
-0.0201758
-0.0201914
-0.020207
-0.0202226
-0.0202382
-0.0202537
-0.0202692
-0.0202847
-0.0203002
-0.0203157
-0.0203312
-0.0203466
-0.0203621
-0.0203775
-0.0203929
-0.0204084
-0.0204238
-0.0204392
-0.0204546
-0.0204701
-0.0204855
-0.0205009
-0.0205163
-0.0205318
-0.0205472
-0.0205626
-0.020578
-0.0205934
-0.0206087
-0.020624
-0.0206393
-0.0206545
-0.0206697
-0.0206848
-0.0206999
-0.0207149
-0.0207299
-0.0207448
-0.0207596
-0.0207744
-0.0207891
-0.0208038
-0.0208184
-0.020833
-0.0208475
-0.020862
-0.0208765
-0.0208909
-0.0209052
-0.0209195
-0.0209338
-0.020948
-0.0209622
-0.0209764
-0.0209905
-0.0210046
-0.0210187
-0.0210328
-0.0210468
-0.0210608
-0.0210748
-0.0210888
-0.0211027
-0.0211167
-0.0211306
-0.0211445
-0.0211585
-0.0211724
-0.0211863
-0.0212002
-0.0212141
-0.021228
-0.021242
-0.0212559
-0.0212698
-0.0212838
-0.0212977
-0.0213117
-0.0213257
-0.0213397
-0.0213538
-0.0213678
-0.0213819
-0.021396
-0.0214101
-0.0214242
-0.0214384
-0.0214526
-0.0214669
-0.0214811
-0.0214954
-0.0215097
-0.0215241
-0.0215384
-0.0215529
-0.0215673
-0.0215818
-0.0215964
-0.021611
-0.0216256
-0.0216403
-0.0216551
-0.0216699
-0.0216847
-0.0216996
-0.0217146
-0.0217295
-0.0217446
-0.0217597
-0.0217748
-0.02179
-0.0218052
-0.0218205
-0.0218358
-0.0218511
-0.0218665
-0.0218819
-0.0218974
-0.0219129
-0.0219284
-0.021944
-0.0219596
-0.0219752
-0.0219908
-0.0220065
-0.0220222
-0.0220379
-0.0220536
-0.0220694
-0.0220852
-0.022101
-0.0221168
-0.0221326
-0.0221484
-0.0221643
-0.0221802
-0.022196
-0.0222119
-0.0222278
-0.0222437
-0.0222597
-0.0222756
-0.0222915
-0.0223074
-0.0223234
-0.0223393
-0.0223552
-0.0223712
-0.0223871
-0.0224031
-0.0224191
-0.022435
-0.022451
-0.022467
-0.0224829
-0.0224989
-0.0225149
-0.0225308
-0.0225468
-0.0225628
-0.0225788
-0.0225947
-0.0226107
-0.0226267
-0.0226426
-0.0226586
-0.0226745
-0.0226904
-0.0227062
-0.0227221
-0.0227378
-0.0227536
-0.0227693
-0.0227849
-0.0228005
-0.0228161
-0.0228316
-0.0228471
-0.0228625
-0.0228779
-0.0228933
-0.0229087
-0.022924
-0.0229392
-0.0229545
-0.0229697
-0.0229848
-0.023
-0.0230151
-0.0230302
-0.0230453
-0.0230603
-0.0230754
-0.0230904
-0.0231054
-0.0231203
-0.0231353
-0.0231503
-0.0231652
-0.0231801
-0.023195
-0.02321
-0.0232249
-0.0232398
-0.0232547
-0.0232696
-0.0232845
-0.0232994
-0.0233143
-0.0233293
-0.0233442
-0.0233591
-0.0233741
-0.023389
-0.023404
-0.023419
-0.0234341
-0.0234491
-0.0234642
-0.0234793
-0.0234945
-0.0235097
-0.0235249
-0.0235402
-0.0235555
-0.0235709
-0.0235863
-0.0236017
-0.0236173
-0.0236328
-0.0236484
-0.0236641
-0.0236798
-0.0236955
-0.0237113
-0.0237272
-0.0237431
-0.0237592
-0.0237752
-0.0237914
-0.0238077
-0.023824
-0.0238404
-0.0238568
-0.0238734
-0.02389
-0.0239066
-0.0239234
-0.0239402
-0.0239571
-0.023974
-0.023991
-0.0240081
-0.0240252
-0.0240423
-0.0240595
-0.0240768
-0.0240941
-0.0241114
-0.0241288
-0.0241462
-0.0241637
-0.0241812
-0.0241987
-0.0242162
-0.0242337
-0.0242513
-0.0242689
-0.0242864
-0.024304
-0.0243216
-0.0243392
-0.0243567
-0.0243743
-0.0243918
-0.0244093
-0.0244268
-0.0244443
-0.0244617
-0.0244791
-0.0244965
-0.0245138
-0.0245312
-0.0245484
-0.0245657
-0.0245829
-0.0246001
-0.0246172
-0.0246343
-0.0246514
-0.0246685
-0.0246855
-0.0247025
-0.0247195
-0.0247364
-0.0247534
-0.0247703
-0.0247873
-0.0248042
-0.0248211
-0.0248381
-0.024855
-0.0248719
-0.0248889
-0.0249058
-0.0249228
-0.0249397
-0.0249566
-0.0249735
-0.0249904
-0.0250072
-0.0250239
-0.0250407
-0.0250573
-0.0250738
-0.0250903
-0.0251066
-0.0251229
-0.025139
-0.025155
-0.0251709
-0.0251867
-0.0252024
-0.025218
-0.0252335
-0.0252489
-0.0252642
-0.0252794
-0.0252946
-0.0253097
-0.0253248
-0.0253398
-0.0253547
-0.0253696
-0.0253845
-0.0253993
-0.025414
-0.0254288
-0.0254435
-0.0254583
-0.025473
-0.0254877
-0.0255023
-0.025517
-0.0255317
-0.0255464
-0.0255612
-0.0255759
-0.0255907
-0.0256055
-0.0256203
-0.0256351
-0.02565
-0.0256649
-0.0256799
-0.0256949
-0.02571
-0.0257251
-0.0257402
-0.0257555
-0.0257707
-0.0257861
-0.0258015
-0.0258169
-0.0258325
-0.0258481
-0.0258637
-0.0258795
-0.0258952
-0.0259111
-0.025927
-0.025943
-0.0259591
-0.0259753
-0.0259915
-0.0260078
-0.0260242
-0.0260407
-0.0260573
-0.026074
-0.0260908
-0.0261077
-0.0261246
-0.0261417
-0.0261589
-0.0261761
-0.0261935
-0.0262109
-0.0262285
-0.0262461
-0.0262638
-0.0262815
-0.0262993
-0.0263173
-0.0263352
-0.0263533
-0.0263714
-0.0263895
-0.0264078
-0.026426
-0.0264443
-0.0264627
-0.0264811
-0.0264996
-0.0265181
-0.0265367
-0.0265553
-0.0265739
-0.0265925
-0.0266112
-0.02663
-0.0266487
-0.0266675
-0.0266863
-0.0267051
-0.0267239
-0.0267428
-0.0267617
-0.0267806
-0.0267995
-0.0268184
-0.0268374
-0.0268564
-0.0268754
-0.0268944
-0.0269135
-0.0269326
-0.0269517
-0.0269709
-0.0269901
-0.0270093
-0.0270286
-0.0270479
-0.0270673
-0.0270867
-0.0271062
-0.0271257
-0.0271453
-0.0271649
-0.0271845
-0.0272042
-0.0272239
-0.0272437
-0.0272635
-0.0272833
-0.0273032
-0.0273231
-0.0273429
-0.0273628
-0.0273826
-0.0274025
-0.0274222
-0.0274419
-0.0274616
-0.0274812
-0.0275007
-0.0275202
-0.0275395
-0.0275588
-0.0275779
