0.001059
0.00247591
0.00394038
0.00535689
0.00668827
0.00792098
0.00905642
0.010099
0.0110525
0.0119156
0.0126914
0.0133816
0.0139887
0.0145155
0.014965
0.0153403
0.0156447
0.0158816
0.0160544
0.0161666
0.0162218
0.0162235
0.0161753
0.0160807
0.0159433
0.0157665
0.0155539
0.0153088
0.0150346
0.0147346
0.0144112
0.014067
0.0137045
0.0133265
0.0129352
0.0125332
0.0121225
0.0117047
0.0112811
0.0108531
0.0104217
0.00998833
0.00955417
0.00912039
0.00868807
0.0082582
0.0078317
0.00740944
0.00699218
0.00658067
0.00617559
0.00577755
0.00538709
0.00500469
0.00463079
0.00426577
0.00391002
0.00356387
0.00322756
0.00290137
0.00258558
0.00228041
0.00198605
0.00170265
0.00143038
0.00116937
0.000919742
0.000681615
0.000455098
0.000240296
2.86222e-05
-0.000175028
-0.00036418
-0.000540477
-0.000706387
-0.00086251
-0.00100896
-0.00114569
-0.00127256
-0.00138948
-0.00149638
-0.00159323
-0.00168005
-0.00175689
-0.00182387
-0.00188113
-0.00192886
-0.00196728
-0.00199664
-0.00201723
-0.00202937
-0.00203341
-0.00202969
-0.00201854
-0.00200032
-0.0019754
-0.00194412
-0.00190685
-0.00186398
-0.00181556
-0.00176236
-0.00170467
-0.00164267
-0.00157656
-0.0015066
-0.00143312
-0.00135641
-0.00128189
-0.00120697
-0.0011309
-0.00105374
-0.000975829
-0.000897551
-0.000819357
-0.000741705
-0.000665044
-0.000589806
-0.000516399
-0.00044521
-0.000376597
-0.000301678
-0.000220889
-0.00013514
-4.50091e-05
4.89379e-05
0.000146146
0.000246074
0.000348191
0.000451825
0.000556495
0.000661922
0.000767652
0.000873255
0.000978548
0.00108326
0.00118713
0.00128992
0.00138719
0.0014773
0.0015599
0.00164062
0.00171874
0.00179378
0.00187227
0.00196738
0.00208659
0.00222578
0.00237844
0.00253817
0.0026944
0.00283632
0.00295571
0.0030467
0.00310941
0.00314668
0.00316183
0.00315778
0.00313727
0.00310303
0.0030578
0.00300438
0.00294554
0.00288411
0.00282224
0.00276079
0.00270003
0.00264004
0.00258079
0.00252221
0.00246441
0.00240716
0.00235041
0.00229413
0.00223831
0.00218295
0.00212807
0.00207368
0.00201981
0.00196651
0.00191382
0.00186179
0.00181053
0.00176013
0.00171074
0.0016625
0.00161551
0.00156986
0.00152579
0.00148361
0.0014434
0.0014057
0.00137051
0.0013378
0.00130755
0.00127975
0.00125436
0.00123135
0.00121069
0.00119228
0.00117605
0.00116199
0.00114999
0.00113997
0.00113183
0.00112545
0.00112068
0.00111743
0.00111559
0.00111506
0.00111574
0.00107242
0.00101686
0.000959506
0.000904762
0.00085437
0.000808695
0.000767228
0.000729033
0.00069354
0.000661206
0.000632884
0.00060882
0.000588997
0.00057329
0.000561531
0.000553538
0.000549124
0.000548107
0.000550309
0.000555556
0.00056368
0.000574524
0.000587946
0.000603788
0.000621895
0.000642109
0.000664273
0.00068823
0.000713823
0.000740914
0.000769329
0.000798926
0.000829583
0.000861167
0.000893546
0.000926587
0.000960154
0.000994109
0.00102831
0.00106262
0.00109688
0.0011309
0.00116445
0.00119733
0.00122937
0.0012544
0.0012713
0.00128096
0.00128519
0.00128696
0.00128903
0.00129198
0.00129595
0.00130094
0.00130685
0.00131355
0.001321
0.00132906
0.00133762
0.00134657
0.0013558
0.00136523
0.00137477
0.00138436
0.00139392
0.00140343
0.00141282
0.00142209
0.00143117
0.00144005
0.00144863
0.00145828
0.00146872
0.00147921
0.00148925
0.00149852
0.00150689
0.00151403
0.00151992
0.00152491
0.00152916
0.00153278
0.00153584
0.00153838
0.00154043
0.001542
0.00154311
0.00154377
0.00154398
0.00154377
0.00154314
0.00154212
0.00154071
0.00153892
0.00153676
0.00153424
0.00153137
0.00152814
0.00152456
0.0015206
0.00151632
0.00151171
0.00150677
0.0015015
0.0014959
0.00148998
0.00148376
0.00147723
0.00147042
0.00146333
0.00145599
0.00144841
0.00144063
0.00143269
0.00142462
0.00141644
0.00140444
0.00138801
0.00136835
0.00134782
0.0013274
0.00130763
0.00128881
0.00127103
0.00125431
0.00123865
0.00122404
0.00121046
0.00119789
0.0011863
0.00117569
0.00116603
0.0011573
0.00114946
0.00114249
0.00113636
0.00113103
0.00112647
0.00112264
0.00111951
0.001117
0.00111635
0.00111724
0.00111912
0.00112168
0.00112474
0.00112823
0.00113209
0.0011363
0.00114082
0.00114564
0.00115072
0.00115604
0.00116158
0.00116733
0.00117325
0.00117934
0.00118559
0.00119197
0.00119847
0.00120508
0.00121178
0.00121857
0.00122545
0.0012324
0.00123942
0.0012465
0.00125363
0.0012608
0.00126799
0.00127521
0.00128245
0.0012897
0.00129696
0.00130421
0.00131145
0.00131868
0.00132588
0.00133305
0.00134016
0.00134723
0.0013542
0.00136107
0.00136781
0.0013744
0.00138081
0.00138703
0.00139303
0.00139881
0.00140434
0.00140979
0.00141513
0.00142036
0.00142542
0.0014303
0.00143495
0.00143935
0.00144348
0.00144733
0.00145087
0.00145411
0.00145702
0.00145961
0.00146188
0.00146383
0.00146545
0.00146676
0.00146777
0.00146848
0.00146892
0.00146901
0.00147026
0.00147243
0.00147521
0.00147855
0.00148242
0.00148601
0.0014887
0.00149034
0.00149114
0.00149125
0.00149075
0.00148969
0.00148813
0.00148611
0.00148364
0.00148076
0.0014775
0.00147387
0.00146991
0.00146563
0.00146106
0.00145621
0.00145109
0.00144572
0.00144012
0.00143429
0.00142824
0.00142198
0.00141553
0.00140889
0.00140206
0.00139506
0.00138657
0.00137705
0.00136713
0.00135707
0.00134703
0.00133706
0.00132719
0.00131746
0.0013079
0.00129854
0.00128941
0.00128052
0.00127191
0.00126359
0.00125556
0.00124784
0.00124043
0.00123331
0.00122655
0.0012202
0.00121425
0.00120871
0.00120358
0.00119886
0.00119455
0.00119066
0.00118718
0.00118414
0.00118151
0.00117932
0.00117753
0.00117616
0.00117519
0.00117461
0.0011744
0.00117457
0.00117508
0.00117591
0.00117815
0.00118145
0.00118534
0.00118956
0.00119397
0.00119853
0.0012032
0.00120797
0.00121282
0.00121774
0.00122274
0.0012278
0.00123291
0.00123807
0.00124328
0.00124853
0.00125381
0.00125911
0.00126444
0.00126978
0.00127514
0.00128051
0.00128591
0.00129132
0.00129674
0.00130219
0.00130765
0.00131313
0.00131861
0.0013241
0.00132961
0.00133513
0.00134066
0.0013462
0.00135174
0.00135729
0.00136284
0.00136838
0.00137392
0.00137945
0.00138495
0.00139042
0.00139581
0.00140113
0.00140635
0.00141146
0.00141643
0.00142397
0.00143229
0.00144074
0.00144898
0.00145683
0.0014642
0.00147106
0.00147739
0.00148318
0.00148844
0.00149316
0.00149734
0.001501
0.00150415
0.00150678
0.00150892
0.00151058
0.00151178
0.00151253
0.00151287
0.00151279
0.00151234
0.00151151
0.00151175
0.00151311
0.00151455
0.00151562
0.00151612
0.00151304
0.00150178
0.00147818
0.00143887
0.0013811
0.00130248
0.00121759
0.00112386
0.00102668
0.000929865
0.000836624
0.000749064
0.000667998
0.000593624
0.00052587
0.000464478
0.000409164
0.000359647
0.000315661
0.000276957
0.000243303
0.000214483
0.000190295
0.000170603
0.000155161
0.000143804
0.000136371
0.000132711
0.000132676
0.000136127
0.000142927
0.000152946
0.000166053
0.000182121
0.00020102
0.000222586
0.000246641
0.000272999
0.000301468
0.000331849
0.00036394
0.000397538
0.00043244
0.000468444
0.00050534
0.000542827
0.00058068
0.00061875
0.000656919
0.000695073
0.0007331
0.000770899
0.000808429
0.000845616
0.000882302
0.000918415
0.000953893
0.00098868
0.00102271
0.00105593
0.00108826
0.00111966
0.00115007
0.00117945
0.00120855
0.00123841
0.0012688
0.00129913
0.00132897
0.00135812
0.00138648
0.00141397
0.00144055
0.00146619
0.00149086
0.00151453
0.00153719
0.00155882
0.00157941
0.00159894
0.00161743
0.00163486
0.00165123
0.00166656
0.00168084
0.00169411
0.0017064
0.00171771
0.00172809
0.00173754
0.00174609
0.00175376
0.00176056
0.00176648
0.00177158
0.00177586
0.00177934
0.00178204
0.00178396
0.00178513
0.00178555
0.00178526
0.00178427
0.00178259
0.00178027
0.00177732
0.00177378
0.00176969
0.00176509
0.00176003
0.00175454
0.00174868
0.00174248
0.00173599
0.00172922
0.00172221
0.00171501
0.00170764
0.00170009
0.00169238
0.00168451
0.00167646
0.00166825
0.00165986
0.00165134
0.00164268
0.00163391
0.00162504
0.00161609
0.00160708
0.00159805
0.001589
0.00157997
0.00157099
0.00156182
0.00155388
0.00154706
0.00154098
0.00153554
0.00153078
0.00152601
0.00152064
0.00151451
0.00150784
0.00150079
0.00149346
0.0014859
0.00147815
0.00147024
0.00146221
0.00145408
0.00144586
0.00143758
0.00142927
0.00142093
0.00141257
0.0014042
0.00139582
0.00138743
0.00137904
0.00137065
0.00136093
0.00135007
0.00133891
0.00132778
0.00131684
0.00130615
0.00129575
0.00128566
0.00127588
0.00126642
0.00125729
0.0012485
0.00124005
0.00123194
0.00122419
0.00121681
0.00120982
0.00120321
0.00119699
0.00119115
0.00118568
0.00118058
0.00117583
0.00117154
0.00116772
0.00116437
0.00116146
0.00115896
0.00115688
0.00115519
0.00115389
0.00115299
0.00115246
0.00115232
0.00115255
0.00115315
0.0011541
0.00115541
0.00115705
0.00115901
0.00116129
0.00116387
0.00116673
0.00116988
0.00117415
0.00117902
0.00118421
0.00118956
0.00119503
0.00120057
0.00120617
0.00121182
0.00121754
0.0012233
0.00122913
0.00123501
0.00124093
0.0012469
0.00125289
0.0012589
0.00126493
0.00127096
0.00127699
0.00128301
0.00128903
0.00129505
0.00130106
0.00130709
0.00131312
0.00131916
0.00132522
0.00133129
0.00133733
0.0013434
0.00134948
0.00135557
0.00136167
0.00136777
0.00137386
0.00137995
0.00138602
0.00139207
0.0013981
0.00140407
0.00140996
0.00141574
0.0014214
0.0014269
0.00143223
0.00143736
0.00144229
0.00144699
0.00145143
0.00145576
0.00145995
0.00146402
0.00146796
0.00147174
0.00147531
0.00147866
0.00148175
0.00148456
0.00148707
0.00148927
0.00149115
0.0014927
0.00149392
0.00149481
0.00149537
0.00149562
0.00149555
0.00149518
0.00149451
0.00149294
0.00149263
0.00149396
0.00149561
0.00149702
0.00149796
0.00149617
0.00148778
0.00146928
0.00143784
0.00139122
0.00132758
0.0012453
0.00114292
0.00101899
0.000872056
0.000720642
0.000565007
0.000408629
0.00025353
0.000101728
-4.48938e-05
-0.000184361
-0.000314582
-0.000433939
-0.000541919
-0.000638579
-0.000724215
-0.000799201
-0.000863719
-0.000918424
-0.000963674
-0.000999812
-0.00102716
-0.00104602
-0.00105669
-0.00105944
-0.00105457
-0.00104235
-0.00102308
-0.00099704
-0.000964573
-0.000926054
-0.000881886
-0.000832488
-0.0007783
-0.000719767
-0.000657344
-0.000591485
-0.000522643
-0.000451166
-0.000377725
-0.000302908
-0.000227075
-0.000150523
-7.35457e-05
3.58101e-06
8.05988e-05
0.000157388
0.000233762
0.000309346
0.00038396
0.00045744
0.000529615
0.000600299
0.000669334
0.000736577
0.0008019
0.000865184
0.000926322
0.000987104
0.00104809
0.00110897
0.0011695
0.00122916
0.00128767
0.00134489
0.0014007
0.00145502
0.00150779
0.00155894
0.00160841
0.00165614
0.00170209
0.00174621
0.00178847
0.00182884
0.0018673
0.00190385
0.00193846
0.00197115
0.00200195
0.0020309
0.00205806
0.00208345
0.00210712
0.00212905
0.00214926
0.00216771
0.00218437
0.00219931
0.00221255
0.00222409
0.00223392
0.00224205
0.00224849
0.00225325
0.00225634
0.00225779
0.0022576
0.00225582
0.00225247
0.00224761
0.00224128
0.00223356
0.00222453
0.00221428
0.00220292
0.00219061
0.00217757
0.00216389
0.00214962
0.00213487
0.00211973
0.00210429
0.00208863
0.00207284
0.00205697
0.00204106
0.00202515
0.00200935
0.00199368
0.0019782
0.00196295
0.00194795
0.00193324
0.00191886
0.00190481
0.00189114
0.00187784
0.00186437
0.00185163
0.00183952
0.00182745
0.00181515
0.00180247
0.00178852
0.00177176
0.00175119
0.00172653
0.00169775
0.00166493
0.00162825
0.00158797
0.00154446
0.00149817
0.00144965
0.00139949
0.00134838
0.00129706
