5.29498e-06
2.29695e-05
5.5051e-05
0.000101537
0.000161763
0.000234809
0.000319696
0.000415474
0.000521231
0.000636072
0.000759107
0.000889472
0.00102632
0.00116885
0.00131625
0.00146778
0.0016227
0.00178033
0.00194001
0.00210112
0.00226306
0.00242529
0.00258728
0.00274856
0.00290868
0.00306723
0.00322383
0.00337814
0.00352986
0.00367871
0.00382444
0.00396683
0.00410568
0.00424084
0.00437215
0.00449949
0.00462277
0.0047419
0.00485683
0.0049675
0.00507388
0.00517593
0.00527364
0.00536701
0.00545606
0.00554079
0.00562124
0.00569744
0.00576945
0.00583731
0.0059011
0.00596086
0.00601668
0.00606864
0.00611682
0.0061613
0.00620218
0.00623955
0.00627351
0.00630415
0.00633159
0.00635592
0.00637725
0.00639569
0.00641136
0.00642436
0.0064348
0.00644281
0.00644849
0.00645197
0.00645332
0.00645258
0.00644989
0.00644536
0.00643913
0.00643129
0.00642193
0.00641116
0.00639906
0.00638575
0.00637132
0.00635588
0.00633951
0.00632233
0.00630442
0.0062859
0.00626685
0.00624737
0.00622755
0.00620748
0.00618724
0.00616693
0.00614661
0.00612637
0.00610628
0.0060864
0.0060668
0.00604755
0.00602869
0.0060103
0.00599241
0.00597507
0.00595833
0.00594224
0.00592682
0.00591212
0.00589818
0.00588499
0.00587254
0.00586085
0.00584993
0.00583978
0.00583041
0.00582183
0.00581402
0.00580699
0.00580072
0.00579518
0.00579038
0.00578627
0.00578288
0.00578026
0.00577848
0.00577758
0.0057776
0.00577858
0.00578054
0.00578351
0.00578751
0.00579255
0.00579864
0.00580579
0.005814
0.00582326
0.00583356
0.00584492
0.0058573
0.00587069
0.00588501
0.0059002
0.0059162
0.005933
0.00595056
0.00596889
0.00598809
0.00600836
0.00602992
0.00605294
0.00607752
0.00610368
0.00613134
0.0061603
0.00619031
0.00622109
0.00625237
0.00628391
0.00631551
0.00634699
0.00637819
0.00640899
0.0064393
0.00646905
0.0064982
0.00652673
0.00655465
0.00658195
0.00660865
0.00663476
0.00666027
0.00668521
0.00670956
0.00673335
0.00675657
0.00677924
0.00680134
0.0068229
0.00684391
0.00686437
0.00688431
0.00690371
0.00692258
0.00694095
0.0069588
0.00697615
0.00699302
0.00700941
0.00702534
0.00704082
0.00705586
0.0070705
0.00708474
0.00709862
0.00711217
0.00712539
0.00713833
0.007151
0.00716343
0.00717564
0.00718765
0.00719949
0.00721118
0.00722274
0.00723419
0.00724555
0.00725684
0.00726807
0.00727926
0.00729043
0.00730158
0.00731273
0.00732367
0.00733412
0.007344
0.00735332
0.00736212
0.00737043
0.00737831
0.0073858
0.00739291
0.00739968
0.00740615
0.00741236
0.00741835
0.00742416
0.00742984
0.00743541
0.00744092
0.00744641
0.0074519
0.00745743
0.00746303
0.00746872
0.00747453
0.00748049
0.00748662
0.00749294
0.00749947
0.00750623
0.00751324
0.00752052
0.00752807
0.00753591
0.00754405
0.00755251
0.00756128
0.00757038
0.00757981
0.00758959
0.0075997
0.00761015
0.00762095
0.00763209
0.00764357
0.00765537
0.00766751
0.00767993
0.00769255
0.00770532
0.00771815
0.00773101
0.00774389
0.00775679
0.00776973
0.00778272
0.00779576
0.00780886
0.00782203
0.00783528
0.00784861
0.00786204
0.00787555
0.00788915
0.00790285
0.00791665
0.00793054
0.00794453
0.00795861
0.00797278
0.00798705
0.0080014
0.00801585
0.00803038
0.00804502
0.00805976
0.0080746
0.00808954
0.00810456
0.00811967
0.00813484
0.00815006
0.00816533
0.00818064
0.00819599
0.00821136
0.00822675
0.00824216
0.00825759
0.00827302
0.00828846
0.0083039
0.00831934
0.00833476
0.00835018
0.00836557
0.00838095
0.00839631
0.00841164
0.00842693
0.0084422
0.00845742
0.00847261
0.00848775
0.00850284
0.00851788
0.00853287
0.0085478
0.00856267
0.00857747
0.00859221
0.00860688
0.00862147
0.008636
0.00865044
0.00866481
0.0086791
0.0086933
0.0087074
0.00872137
0.00873515
0.00874873
0.00876211
0.00877528
0.00878826
0.00880106
0.00881369
0.00882615
0.00883847
0.00885064
0.00886268
0.0088746
0.00888641
0.00889812
0.00890974
0.00892127
0.00893273
0.00894413
0.00895546
0.00896675
0.008978
0.00898921
0.00900039
0.00901156
0.00902272
0.00903391
0.00904511
0.00905634
0.00906761
0.00907891
0.00909025
0.00910164
0.00911307
0.00912455
0.00913608
0.00914767
0.00915932
0.00917102
0.00918278
0.00919461
0.00920649
0.00921845
0.00923046
0.00924255
0.0092547
0.00926692
0.00927921
0.00929157
0.009304
0.0093165
0.00932907
0.00934172
0.00935443
0.00936722
0.00938008
0.00939301
0.00940602
0.0094191
0.00943225
0.00944547
0.00945877
0.00947213
0.00948557
0.00949908
0.00951265
0.0095263
0.00954001
0.00955378
0.00956762
0.00958152
0.00959548
0.0096095
0.00962357
0.00963769
0.00965187
0.0096661
0.00968038
0.0096947
0.00970908
0.00972349
0.00973794
0.00975244
0.00976696
0.00978152
0.0097961
0.00981071
0.00982534
0.00983998
0.00985464
0.00986932
0.009884
0.00989868
0.00991337
0.00992807
0.00994278
0.00995752
0.00997229
0.0099871
0.0100019
0.0100168
0.0100317
0.0100466
0.0100615
0.0100764
0.0100913
0.0101062
0.0101211
0.0101359
0.0101508
0.0101656
0.0101803
0.010195
0.0102097
0.0102243
0.0102389
0.0102535
0.010268
0.0102824
0.0102968
0.0103111
0.0103253
0.0103395
0.0103536
0.0103677
0.0103817
0.0103956
0.0104094
0.0104231
0.0104367
0.0104503
0.0104637
0.010477
0.0104902
0.0105033
0.0105164
0.0105293
0.0105422
0.0105549
0.0105676
0.0105802
0.0105927
0.0106052
0.0106175
0.0106298
0.0106421
0.0106542
0.0106664
0.0106784
0.0106904
0.0107024
0.0107143
0.0107262
0.0107381
0.0107499
0.0107617
0.0107735
0.0107853
0.010797
0.0108088
0.0108205
0.0108322
0.010844
0.0108557
0.0108675
0.0108793
0.0108912
0.010903
0.0109149
0.0109269
0.0109389
0.010951
0.0109631
0.0109752
0.0109874
0.0109997
0.011012
0.0110243
0.0110367
0.0110492
0.0110617
0.0110743
0.0110869
0.0110996
0.0111123
0.0111251
0.0111379
0.0111508
0.0111637
0.0111767
0.0111898
0.0112029
0.011216
0.0112293
0.0112425
0.0112558
0.0112692
0.0112827
0.0112961
0.0113097
0.0113233
0.011337
0.0113507
0.0113644
0.0113783
0.0113921
0.0114061
0.01142
0.0114341
0.0114482
0.0114623
0.0114765
0.0114908
0.0115052
0.0115196
0.0115341
0.0115487
0.0115634
0.0115782
0.011593
0.0116078
0.0116227
0.0116377
0.0116527
0.0116677
0.0116828
0.0116978
0.0117129
0.011728
0.0117432
0.0117583
0.0117734
0.0117885
0.0118037
0.0118188
0.0118339
0.011849
0.0118642
0.0118794
0.0118945
0.0119096
0.0119245
0.0119391
0.0119532
0.0119666
0.0119792
0.0119909
0.0120016
0.0120114
0.0120202
0.0120282
0.0120353
0.0120416
0.0120472
0.0120521
0.0120565
0.0120603
0.0120637
0.0120667
0.0120693
0.0120716
0.0120736
0.0120754
0.012077
0.0120785
0.0120799
0.0120813
0.0120826
0.0120839
0.0120853
0.0120868
0.0120884
0.0120901
0.0120921
0.0120942
0.0120965
0.0120991
0.012102
0.0121052
0.0121086
0.0121124
0.0121166
0.0121211
0.012126
0.0121312
0.0121368
0.0121428
0.0121492
0.012156
0.0121631
0.0121706
0.0121785
0.0121868
0.0121954
0.0122044
0.0122138
0.0122235
0.0122336
0.012244
0.0122547
0.0122657
0.0122771
0.0122887
0.0123007
0.0123129
0.0123254
0.0123383
0.0123514
0.0123648
0.0123786
0.0123926
0.0124068
0.0124214
0.0124362
0.0124512
0.0124664
0.0124819
0.0124976
0.0125135
0.0125296
0.0125459
0.0125623
0.0125789
0.0125956
0.0126125
0.0126295
0.0126466
0.0126638
0.0126812
0.0126986
0.0127161
0.0127337
0.0127513
0.012769
0.0127867
0.0128045
0.0128223
0.0128401
0.012858
0.0128758
0.0128937
0.0129115
0.0129294
0.0129472
0.012965
0.0129827
0.0130004
0.0130181
0.0130357
0.0130533
0.0130708
0.0130883
0.0131057
0.013123
0.0131403
0.0131574
0.0131746
0.0131916
0.0132086
0.0132254
0.0132422
0.013259
0.0132756
0.0132922
0.0133086
0.013325
0.0133413
0.0133575
0.0133736
0.0133897
0.0134056
0.0134214
0.0134372
0.0134529
0.0134684
0.0134839
0.0134994
0.0135148
0.0135301
0.0135454
0.0135606
0.0135758
0.0135909
0.0136059
0.0136209
0.0136358
0.0136506
0.0136654
0.01368
0.0136946
0.0137091
0.0137235
0.0137379
0.0137521
0.0137663
0.0137804
0.0137944
0.0138083
0.0138221
0.0138359
0.0138495
0.0138631
0.0138765
0.0138899
0.0139031
0.0139162
0.0139292
0.0139421
0.0139549
0.0139676
0.0139803
0.0139928
0.0140052
0.0140176
0.0140299
0.0140421
0.0140542
0.0140663
0.0140783
0.0140902
0.0141021
0.0141139
0.0141257
0.0141374
0.0141491
0.0141608
0.0141724
0.014184
0.0141956
0.0142072
0.0142187
0.0142303
0.0142418
0.0142533
0.0142648
0.0142764
0.0142879
0.0142994
0.014311
0.0143226
0.0143342
0.0143458
0.0143575
0.0143691
0.0143809
0.0143926
0.0144044
0.0144163
0.0144282
0.0144402
0.0144523
0.0144643
0.0144765
0.0144887
0.014501
0.0145133
0.0145257
0.0145381
0.0145506
0.0145632
0.0145758
0.0145885
0.0146012
0.014614
0.0146269
0.0146398
0.0146528
0.0146658
0.0146789
0.0146921
0.0147053
0.0147186
0.0147319
0.0147453
0.0147588
0.0147723
0.0147859
0.0147995
0.0148132
0.014827
0.0148408
0.0148547
0.0148687
0.0148827
0.0148968
0.0149109
0.0149251
0.0149393
0.0149536
0.014968
0.0149824
0.0149968
0.0150113
0.0150258
0.0150404
0.015055
0.0150697
0.0150844
0.0150991
0.0151139
0.0151287
0.0151435
0.0151584
0.0151733
0.0151882
0.0152031
0.015218
0.015233
0.0152479
0.0152629
0.0152778
0.0152928
0.0153077
0.0153227
0.0153376
0.0153525
0.0153675
0.0153824
0.0153974
0.0154124
0.0154273
0.0154421
0.0154566
0.0154708
0.0154844
0.0154972
0.0155092
0.01552
0.0155294
0.0155374
0.0155438
0.0155487
0.015552
0.0155538
0.0155541
0.0155529
0.0155504
0.0155467
0.0155418
0.0155359
0.0155291
0.0155215
0.0155132
0.0155042
0.0154948
0.015485
0.0154749
0.0154645
0.015454
0.0154434
0.0154328
0.0154224
0.015412
0.0154019
0.0153921
0.0153827
0.0153736
0.0153651
0.015357
0.0153495
0.0153426
0.0153364
0.0153308
0.015326
0.0153218
0.0153184
0.0153158
0.0153139
0.0153127
0.0153124
0.0153128
0.015314
0.015316
0.0153187
0.0153221
0.0153264
0.0153313
0.0153369
0.0153433
0.0153503
0.015358
0.0153663
0.0153753
0.0153849
0.015395
0.0154058
0.0154172
0.0154292
0.0154418
0.015455
0.0154687
0.015483
0.0154978
0.0155131
0.0155289
0.0155453
0.0155621
0.0155793
0.015597
0.0156151
0.0156335
0.0156524
0.0156716
0.0156912
0.015711
0.0157312
0.0157516
0.0157723
0.0157933
0.0158145
0.0158359
0.0158575
0.0158792
0.0159011
0.0159232
0.0159454
0.0159677
0.01599
0.0160125
0.016035
0.0160576
0.0160801
0.0161027
0.0161253
0.0161478
0.0161703
0.0161928
0.0162151
0.0162374
0.0162596
0.0162817
0.0163037
0.0163255
0.0163472
0.0163688
0.0163902
0.0164115
0.0164326
0.0164536
0.0164744
0.016495
0.0165155
0.0165358
0.016556
0.016576
0.0165959
0.0166156
0.0166351
0.0166546
0.0166738
0.0166929
0.0167119
0.0167308
0.0167495
0.016768
0.0167865
0.0168048
0.0168231
0.0168411
0.0168591
0.0168769
0.0168945
0.0169119
0.016929
0.0169458
0.0169623
0.0169784
0.016994
0.0170093
0.017024
0.0170382
0.017052
0.0170652
