0.000199145
0.000347044
0.000447132
0.000526818
0.000546288
0.000538059
0.000517998
0.000463164
0.0003937
0.000300459
0.00019787
8.12226e-05
-5.00122e-05
-0.000195334
-0.000354062
-0.000525466
-0.000708788
-0.000903271
-0.00110816
-0.00132273
-0.00154624
-0.00177801
-0.00201736
-0.00226363
-0.00251584
-0.00277336
-0.00303458
-0.00329886
-0.00356471
-0.00383155
-0.00409877
-0.00436586
-0.00463236
-0.00489789
-0.00516212
-0.00542479
-0.00568574
-0.00594559
-0.00620455
-0.00646254
-0.00671953
-0.00697549
-0.0072304
-0.00748426
-0.00773709
-0.0079889
-0.00823974
-0.00848966
-0.0087387
-0.00898692
-0.00923423
-0.0094805
-0.00972554
-0.00996919
-0.0102113
-0.0104516
-0.0106901
-0.0109264
-0.0111606
-0.0113924
-0.0116217
-0.0118484
-0.0120724
-0.0122935
-0.0125116
-0.0127266
-0.0129385
-0.0131471
-0.0133524
-0.0135542
-0.0137093
-0.0138349
-0.0139387
-0.014024
-0.0140925
-0.0141451
-0.0141823
-0.0142047
-0.0142126
-0.0142066
-0.014187
-0.0141542
-0.0141088
-0.0140511
-0.0139817
-0.0139009
-0.0138094
-0.0137075
-0.0135957
-0.0134746
-0.0133447
-0.0132064
-0.0130602
-0.0129066
-0.0127462
-0.0125794
-0.0124067
-0.0122285
-0.0120455
-0.0118579
-0.0116664
-0.0114713
-0.011273
-0.0110721
-0.010869
-0.010664
-0.0104576
-0.0102501
-0.0100419
-0.00983342
-0.00962489
-0.00941669
-0.00920912
-0.0090025
-0.00879712
-0.00859326
-0.00839119
-0.00819117
-0.00799344
-0.00779824
-0.00760586
-0.00741657
-0.00723055
-0.00704797
-0.00686902
-0.00669386
-0.00652266
-0.00635554
-0.00619263
-0.00603405
-0.00587991
-0.00573028
-0.00558525
-0.00544488
-0.00530921
-0.00517825
-0.00505203
-0.00493053
-0.00481376
-0.00470169
-0.00459428
-0.00449139
-0.00439283
-0.00429856
-0.00420856
-0.00412282
-0.00404129
-0.00396394
-0.00389071
-0.00382157
-0.00375645
-0.00369528
-0.00363801
-0.00358458
-0.0035349
-0.00348887
-0.00344638
-0.00340731
-0.00337156
-0.00333899
-0.00330949
-0.00328293
-0.00325919
-0.00323815
-0.00321969
-0.00320369
-0.00319003
-0.00317859
-0.00316927
-0.00316193
-0.00315648
-0.00315278
-0.00315073
-0.00315022
-0.00315113
-0.00315334
-0.00315676
-0.00316126
-0.00316675
-0.00317311
-0.00318024
-0.00318805
-0.00319642
-0.00320528
-0.00321456
-0.00322419
-0.0032341
-0.00324426
-0.00325454
-0.00326491
-0.00327532
-0.00328577
-0.00329622
-0.00330664
-0.00331699
-0.00332724
-0.00333733
-0.00334724
-0.00335693
-0.00336636
-0.0033755
-0.00338432
-0.00339279
-0.00340087
-0.00340854
-0.00341575
-0.0034225
-0.00342872
-0.0034344
-0.00343949
-0.00344375
-0.00344733
-0.00345034
-0.00345284
-0.00345483
-0.00345628
-0.00345717
-0.00345746
-0.00345711
-0.00345607
-0.00345427
-0.00345167
-0.00344826
-0.00344401
-0.00343891
-0.00343295
-0.00342613
-0.00341844
-0.00340987
-0.00340044
-0.00339013
-0.00337897
-0.00336697
-0.00335414
-0.00334053
-0.00332616
-0.00331106
-0.00329527
-0.00327883
-0.00326177
-0.00324413
-0.00322594
-0.00320725
-0.0031881
-0.00316851
-0.00314854
-0.00312821
-0.00310757
-0.00308665
-0.00306549
-0.00304413
-0.0030226
-0.00300094
-0.00297919
-0.00295736
-0.00293555
-0.00291378
-0.00289205
-0.00287036
-0.00284868
-0.00282707
-0.00280558
-0.00278419
-0.00276295
-0.00274186
-0.00272095
-0.00270028
-0.00267987
-0.00265974
-0.00263989
-0.0026203
-0.00260098
-0.00258193
-0.00256312
-0.00254456
-0.00252626
-0.00250821
-0.00249041
-0.00247287
-0.0024556
-0.00243857
-0.00242171
-0.00240493
-0.00238815
-0.00237129
-0.00235425
-0.00233707
-0.00231979
-0.0023025
-0.00228524
-0.00226808
-0.00225109
-0.00223435
-0.00221793
-0.00220185
-0.00218614
-0.00217078
-0.00215579
-0.00214116
-0.0021269
-0.002113
-0.00209948
-0.00208632
-0.00207353
-0.00206112
-0.00204906
-0.00203736
-0.00202601
-0.002015
-0.00200433
-0.00199401
-0.00198405
-0.00197446
-0.00196524
-0.0019564
-0.00194795
-0.0019399
-0.00193225
-0.001925
-0.00191815
-0.00191172
-0.00190567
-0.00190001
-0.00189473
-0.0018898
-0.00188523
-0.00188095
-0.00187693
-0.00187314
-0.00186954
-0.00186611
-0.0018629
-0.00185987
-0.001857
-0.00185427
-0.00185169
-0.00184925
-0.00184696
-0.00184478
-0.00184273
-0.00184079
-0.00183893
-0.00183716
-0.00183545
-0.00183379
-0.00183217
-0.00183058
-0.00182902
-0.00182749
-0.00182596
-0.00182445
-0.00182301
-0.00182177
-0.00182083
-0.00182026
-0.00182007
-0.00182023
-0.00182071
-0.00182147
-0.00182244
-0.00182357
-0.0018248
-0.00182605
-0.00182727
-0.00182839
-0.00182941
-0.0018303
-0.00183106
-0.00183169
-0.00183217
-0.00183251
-0.0018327
-0.00183274
-0.00183262
-0.00183235
-0.00183192
-0.00183133
-0.00183059
-0.00182969
-0.00182863
-0.00182741
-0.00182604
-0.00182452
-0.00182284
-0.00182101
-0.00181904
-0.00181692
-0.00181466
-0.00181226
-0.00180972
-0.00180706
-0.00180426
-0.00180135
-0.00179831
-0.00179516
-0.00179189
-0.00178852
-0.00178505
-0.00178147
-0.00177778
-0.00177401
-0.00177016
-0.00176625
-0.00176232
-0.00175838
-0.00175443
-0.00175046
-0.00174649
-0.0017425
-0.00173849
-0.00173447
-0.00173043
-0.00172638
-0.00172233
-0.00171827
-0.00171421
-0.00171015
-0.0017061
-0.00170206
-0.00169804
-0.00169404
-0.00168993
-0.00168561
-0.00168097
-0.0016759
-0.00167032
-0.00166428
-0.00165784
-0.00165109
-0.00164409
-0.00163693
-0.00162968
-0.00162246
-0.00161531
-0.00160827
-0.00160136
-0.00159459
-0.00158796
-0.00158149
-0.00157516
-0.001569
-0.00156299
-0.00155715
-0.00155148
-0.00154598
-0.00154065
-0.00153549
-0.0015305
-0.00152569
-0.00152105
-0.00151659
-0.0015123
-0.00150818
-0.00150412
-0.00150017
-0.00149639
-0.00149277
-0.00148932
-0.00148604
-0.00148293
-0.00148
-0.00147723
-0.00147464
-0.0014722
-0.00146993
-0.00146782
-0.00146586
-0.00146406
-0.0014624
-0.00146089
-0.0014596
-0.00145853
-0.00145766
-0.001457
-0.00145656
-0.00145635
-0.00145638
-0.00145665
-0.00145714
-0.00145784
-0.00145875
-0.00145985
-0.00146113
-0.00146256
-0.00146414
-0.00146584
-0.00146765
-0.00146953
-0.00147146
-0.00147341
-0.0014754
-0.00147748
-0.00147975
-0.0014823
-0.00148523
-0.00148852
-0.00149212
-0.00149597
-0.0015
-0.00150412
-0.00150825
-0.00151233
-0.00151634
-0.00152027
-0.00152411
-0.00152786
-0.00153149
-0.00153502
-0.00153843
-0.00154171
-0.00154487
-0.0015479
-0.0015508
-0.00155356
-0.00155618
-0.00155866
-0.00156099
-0.00156318
-0.00156522
-0.00156711
-0.00156885
-0.00157043
-0.00157185
-0.0015731
-0.00157418
-0.00157508
-0.00157579
-0.00157631
-0.00157662
-0.00157673
-0.00157661
-0.00157627
-0.00157567
-0.00157483
-0.00157376
-0.00157247
-0.00157099
-0.00156932
-0.0015675
-0.00156555
-0.0015635
-0.00156138
-0.00155926
-0.00155717
-0.00155514
-0.0015532
-0.00155137
-0.00154968
-0.00154816
-0.00154683
-0.00154572
-0.0015448
-0.00154407
-0.0015435
-0.00154309
-0.00154281
-0.00154266
-0.0015426
-0.00154262
-0.0015427
-0.00154283
-0.00154289
-0.00154277
-0.00154237
-0.00154157
-0.00154025
-0.00153838
-0.00153596
-0.00153298
-0.00152944
-0.00152529
-0.00152048
-0.00151524
-0.00150967
-0.001504
-0.00149831
-0.00149267
-0.00148707
-0.00148155
-0.00147612
-0.0014708
-0.00146558
-0.00146049
-0.00145554
-0.00145073
-0.00144607
-0.00144156
-0.00143723
-0.00143307
-0.00142908
-0.00142528
-0.00142167
-0.00141824
-0.001415
-0.00141197
-0.00140913
-0.00140651
-0.0014041
-0.00140191
-0.00139993
-0.00139816
-0.0013966
-0.00139525
-0.00139411
-0.00139317
-0.00139242
-0.00139187
-0.0013915
-0.00139132
-0.00139131
-0.00139148
-0.00139189
-0.00139251
-0.00139332
-0.0013943
-0.00139547
-0.00139684
-0.00139839
-0.00140012
-0.00140203
-0.00140409
-0.00140629
-0.00140862
-0.00141105
-0.00141358
-0.00141618
-0.00141884
-0.00142157
-0.00142436
-0.00142719
-0.00143008
-0.00143308
-0.0014363
-0.00143981
-0.0014437
-0.00144793
-0.00145245
-0.0014572
-0.00146211
-0.00146713
-0.00147221
-0.00147732
-0.00148241
-0.00148745
-0.00149241
-0.0014973
-0.00150209
-0.00150679
-0.00151139
-0.00151588
-0.00152025
-0.00152451
-0.00152865
-0.00153266
-0.00153654
-0.0015403
-0.00154392
-0.0015474
-0.00155076
-0.00155397
-0.00155705
-0.00156
-0.00156281
-0.00156548
-0.00156801
-0.00157042
-0.00157268
-0.00157482
-0.00157683
-0.00157871
-0.00158046
-0.00158209
-0.00158359
-0.00158498
-0.00158626
-0.00158742
-0.00158847
-0.00158941
-0.00159026
-0.001591
-0.00159165
-0.00159222
-0.00159272
-0.00159321
-0.00159369
-0.00159415
-0.00159461
-0.00159504
-0.00159544
-0.00159582
-0.00159616
-0.00159646
-0.00159673
-0.00159695
-0.00159713
-0.00159726
-0.00159737
-0.00159744
-0.00159749
-0.00159752
-0.00159753
-0.00159742
-0.00159704
-0.00159627
-0.00159496
-0.00159301
-0.00159045
-0.00158735
-0.00158382
-0.00157992
-0.00157577
-0.00157145
-0.00156709
-0.00156277
-0.00155851
-0.00155434
-0.00155027
-0.00154631
-0.00154247
-0.00153874
-0.00153514
-0.00153167
-0.00152833
-0.00152513
-0.00152205
-0.00151913
-0.00151637
-0.00151364
-0.00151102
-0.00150853
-0.0015062
-0.00150403
-0.00150202
-0.00150018
-0.0014985
-0.00149698
-0.00149563
-0.00149445
-0.00149343
-0.00149257
-0.00149187
-0.00149133
-0.00149094
-0.00149071
-0.00149063
-0.0014907
-0.00149091
-0.00149127
-0.00149176
-0.00149249
-0.00149343
-0.0014946
-0.00149601
-0.00149768
-0.00149964
-0.00150189
-0.00150444
-0.00150728
-0.0015104
-0.00151378
-0.00151742
-0.00152128
-0.00152536
-0.00152962
-0.00153406
-0.00153864
-0.00154335
-0.00154813
-0.00155295
-0.00155778
-0.00156261
-0.00156755
-0.00157273
-0.00157829
-0.00158433
-0.00159084
-0.00159777
-0.00160502
-0.00161252
-0.00162016
-0.00162782
-0.00163541
-0.00164288
-0.0016502
-0.00165737
-0.00166436
-0.00167117
-0.00167779
-0.00168423
-0.00169046
-0.00169648
-0.0017023
-0.00170789
-0.00171326
-0.0017184
-0.00172328
-0.0017279
-0.00173224
-0.0017363
-0.00174005
-0.00174348
-0.00174659
-0.00174935
-0.00175176
-0.00175381
-0.00175546
-0.00175673
-0.00175757
-0.00175798
-0.00175797
-0.00175754
-0.00175672
-0.00175554
-0.00175402
-0.00175219
-0.00175008
-0.00174771
-0.00174511
-0.00174231
-0.00173933
-0.00173619
-0.00173293
-0.00172958
-0.00172616
-0.00172274
-0.00171935
-0.00171602
-0.00171279
-0.0017097
-0.00170678
-0.00170406
-0.00170159
-0.00169939
-0.00169749
-0.00169593
-0.00169472
-0.00169385
-0.00169329
-0.00169302
-0.001693
-0.0016932
-0.00169355
-0.0016939
-0.0016941
-0.00169399
-0.0016934
-0.00169223
-0.00169037
-0.00168772
-0.00168419
-0.0016797
-0.00167417
-0.0016675
-0.00165961
-0.0016504
-0.00163978
-0.00162877
-0.00161752
-0.0016063
-0.00159524
-0.00158445
-0.001574
-0.00156394
-0.00155435
-0.00154526
-0.00153669
-0.00152865
-0.00152115
-0.00151418
-0.00150773
-0.0015018
-0.00149639
-0.00149148
-0.00148708
-0.00148316
-0.00147973
-0.00147678
-0.00147431
-0.00147234
-0.00147085
-0.00146984
-0.0014693
-0.00146922
-0.00146958
-0.00147036
-0.00147155
-0.00147314
-0.0014751
-0.00147742
-0.00148008
-0.00148306
-0.00148647
-0.00149023
-0.0014943
-0.00149867
-0.00150335
-0.00150832
-0.00151357
-0.00151908
-0.00152483
-0.00153078
-0.00153693
-0.00154322
-0.00154963
-0.00155615
-0.00156276
-0.00156943
-0.00157616
-0.00158292
-0.00158969
-0.0015965
-0.00160348
-0.00161076
-0.00161849
-0.00162675
-0.00163553
-0.00164474
-0.0016543
-0.00166409
-0.00167398
-0.00168384
-0.00169359
-0.00170318
-0.00171259
-0.00172181
-0.00173081
-0.00173959
-0.00174813
-0.00175644
-0.0017645
-0.0017723
-0.00177983
-0.0017871
-0.0017941
-0.0018008
-0.0018072
-0.00181329
-0.00181909
-0.00182464
-0.00182994
-0.00183502
-0.00183986
-0.00184447
-0.00184885
-0.00185302
-0.00185696
-0.00186068
-0.00186419
-0.00186749
-0.00187058
-0.00187349
-0.0018762
-0.00187873
-0.00188107
-0.00188323
-0.00188523
-0.0018871
-0.00188884
-0.00189059
-0.00189253
-0.00189468
-0.00189705
-0.00189957
-0.00190224
-0.0019051
-0.00190816
-0.00191145
-0.00191494
-0.00191863
-0.00192251
-0.00192656
-0.00193075
-0.00193506
-0.00193947
-0.00194396
-0.0019485
-0.00195307
-0.00195763
-0.00196216
-0.00196663
-0.00197103
-0.00197525
-0.00197913
-0.00198245
-0.00198503
-0.00198667
-0.0019873
-0.00198687
-0.00198537
-0.00198285
-0.00197935
-0.0019749
-0.00196953
-0.00196329
-0.00195621
-0.00194834
-0.00193974
-0.00193046
-0.00192056
-0.00191013
