0.087224
0.082537
0.0765673
0.0710513
0.0665252
0.0617375
0.0573003
0.053164
0.0493456
0.0457879
0.0424973
0.0394373
0.0365986
0.0339644
0.0315197
0.0292509
0.0271453
0.0251911
0.0233775
0.0216942
0.020132
0.018682
0.0173362
0.0160871
0.0149276
0.0138513
0.012852
0.0119246
0.0110633
0.0102633
0.00952069
0.00883128
0.00819125
0.00759708
0.00704544
0.0065333
0.00605781
0.00561723
0.00520857
0.00482945
0.0044775
0.00415075
0.00384739
0.00356574
0.00330422
0.00306139
0.00283591
0.00262652
0.00243207
0.0022515
0.0020839
0.00192827
0.0017837
0.00164939
0.0015246
0.00140863
0.00130086
0.00120069
0.00110758
0.00102103
0.00094057
0.000865767
0.00079622
0.000731557
0.000671419
0.000615503
0.000563513
0.000515173
0.000470228
0.00042844
0.000389175
0.000351859
0.000878959
0.000984685
0.000921036
0.000861388
0.00080511
0.00075208
0.000702156
0.000655188
0.000611026
0.000569522
0.000530533
0.000493922
0.00045956
0.000427323
0.000397096
0.000368768
0.000342242
0.000317269
0.000293901
0.000272052
0.000251552
0.000232326
0.000214307
0.000197427
0.000181625
0.000166842
0.000153026
0.000140125
0.000128092
0.000116883
0.000106455
9.677e-05
8.78004e-05
7.94725e-05
7.16709e-05
-0.000338936
-0.000318825
-0.000299996
-0.000282348
-0.000265792
-0.000250245
-0.000235629
-0.000221876
-0.000208921
-0.000196704
-0.00018517
-0.000174269
-0.000163956
-0.000154185
-0.000151032
-0.000146714
-0.000143723
-0.000142024
-0.000141548
-0.000142207
-0.000143912
-0.000146575
-0.000150116
-0.000154463
-0.000159544
-0.0001653
-0.000172183
-0.000179386
-0.000186856
-0.000194553
-0.00065533
-0.00108854
-0.0014796
-0.00107404
-0.00101541
-0.000963231
-0.000124454
0.00196971
0.00432851
0.0058315
0.00674815
0.00721088
0.00666702
0.00537327
0.00365472
0.00167656
5.06565e-05
-0.0012215
-0.00223801
-0.00308278
-0.00375676
-0.00425887
-0.00458706
-0.00473855
-0.00471015
-0.00449837
-0.00418834
-0.00390049
-0.00363326
-0.00338519
-0.00315493
-0.0029412
-0.00274285
-0.00255879
-0.002388
-0.00222956
-0.00208258
-0.00194626
-0.00181986
-0.00170268
-0.00159408
-0.00149344
-0.00140024
-0.00131393
-0.00123405
-0.00116014
-0.00109188
-0.00102882
-0.000970607
-0.000916902
-0.000865187
-0.000817582
-0.000771899
-0.000728124
-0.000685387
-0.000645305
-0.00060744
-0.00057151
-0.000537319
-0.000504725
-0.000473612
-0.000443884
-0.000415458
-0.000388254
-0.000362203
-0.000337239
-0.000313362
-0.000291227
-0.000272395
-0.000254225
-0.000236691
-0.00021983
-0.000203654
-0.00602119
-0.00519974
-0.00481726
-0.00445932
-0.00412655
-0.00384517
-0.00365035
-0.00354814
-0.00346857
-0.00330219
-0.0030556
-0.00282673
-0.00261429
-0.00241706
-0.0022339
-0.00206377
-0.0019057
-0.00175877
-0.00162215
-0.00149507
-0.00137665
-0.00126607
-0.00116273
-0.00106623
-0.000976169
-0.000892033
-0.000813365
-0.000739738
-0.000670753
-0.000606801
-0.000546599
-0.000490329
-0.000437674
-0.000388334
-0.000342028
-0.000298496
-0.000257491
-0.00021878
-0.00018213
-0.000147969
-0.000116129
-8.64156e-05
-5.86435e-05
-3.26457e-05
-8.47597e-06
-0.000611494
-0.0010527
-0.00135065
-0.00149975
-0.00142213
-0.00130037
-0.00119009
-0.00108792
-0.000994052
-0.000908084
-0.00082823
-0.000756049
-0.000690185
-0.000630216
-0.000575695
-0.000526208
-0.000481362
-0.000440791
-0.000404196
-0.000371261
-0.000341791
-0.000315483
-0.000291962
-0.00027102
-0.000252452
-0.000238126
-2.92286e-05
5.77644e-05
6.86161e-05
5.43315e-05
2.94335e-05
4.5076e-07
-6.3533e-05
-0.000114914
-0.000120707
-0.000125166
-0.000128193
-0.000129763
-0.000130586
-0.000131965
-0.00013387
-0.000136267
-0.000139127
-0.000142418
-0.000145895
-0.000149572
-0.000153461
-0.000157569
-0.000161903
-0.000166468
-0.000171272
-0.000176316
-0.000181606
-0.00018714
-0.000192052
-0.000197422
-0.000202753
-0.000208076
-0.00021342
-0.000218816
-0.000224294
-0.00022988
-0.0002356
-0.000241481
-0.000247553
-0.00025386
-0.000259917
-0.000265542
-0.000270797
-0.000275716
-0.000280114
-0.000685366
-0.000986071
-0.001132
-0.00108596
-0.00103412
-0.000981895
-0.000932872
-0.000886668
-0.000842724
-0.000800822
-0.00076081
-0.00072257
-0.000686005
-0.000651028
-0.000617562
-0.000585539
-0.000554962
-0.000525752
-0.000497805
-0.000471057
-0.000445453
-0.000420941
-0.000397464
-0.000374977
-0.00035342
-0.000162775
-8.96789e-05
-6.55111e-05
-5.28712e-05
-4.28148e-05
-3.37157e-05
-2.54661e-05
-1.82241e-05
-1.20737e-05
-7.00168e-06
-3.0119e-06
-9.87202e-08
1.74716e-06
3.54461e-06
5.64568e-06
8.03545e-06
1.07009e-05
1.36327e-05
1.68234e-05
2.026e-05
2.39424e-05
2.78596e-05
3.20133e-05
3.63961e-05
4.1008e-05
4.58471e-05
5.09154e-05
5.62128e-05
6.17392e-05
6.75023e-05
7.35056e-05
7.97529e-05
8.62498e-05
9.30037e-05
0.00010002
0.000107314
0.000114892
0.000122771
0.000130957
0.000139464
0.000148308
0.000157498
0.000167051
0.000176976
0.000187287
0.000198001
0.000209128
0.000220643
0.0002326
0.000243988
0.000254802
0.000265278
0.000271395
0.000275789
0.000278383
0.000279257
0.000278521
0.000276305
0.000272835
0.000268247
0.000262555
0.000255868
0.000248289
0.000239912
0.000230826
0.000221115
0.00021085
0.000200104
0.000188943
0.000177443
0.000368917
0.000439314
0.000482187
0.000537338
0.000590613
0.000535991
0.00044548
0.00036937
0.000331782
0.000297265
0.000265736
0.000237079
0.000210129
0.00018427
0.000159413
0.000135485
0.000112411
9.01222e-05
6.85528e-05
4.76446e-05
2.7338e-05
7.5791e-06
-1.16788e-05
-3.04896e-05
-4.88944e-05
-6.6936e-05
-8.46591e-05
-0.000102099
-0.000119295
-0.000136286
-0.000153113
-0.000168504
-0.000349129
-0.000399051
-0.000396319
-0.000393668
-0.000391128
-0.000388715
-0.000386452
-0.000384359
-0.000382449
-0.000380738
-0.000379236
-0.000377949
-0.000376891
-0.000376061
-0.000375465
-0.000375103
-0.000374978
-0.000370238
-0.000363445
-0.000356868
-0.000349907
-0.000342391
-0.00033427
-0.000325568
-0.000316337
-0.000306634
-0.000296531
-0.000286093
-0.000275375
-0.000264442
-0.000253342
-0.00024214
-0.000230877
-0.00021963
-0.000208884
-0.000198111
-0.00018733
-0.000176519
2.13645e-06
5.61774e-05
6.64983e-05
6.91358e-05
6.98864e-05
7.01062e-05
6.98157e-05
6.89216e-05
6.737e-05
6.51516e-05
6.35162e-05
6.25085e-05
6.20894e-05
6.22291e-05
6.28959e-05
6.40638e-05
6.57104e-05
6.78152e-05
7.03558e-05
7.33212e-05
7.66944e-05
8.04644e-05
8.462e-05
8.91536e-05
9.4058e-05
9.93293e-05
0.000104962
0.000110956
0.0001173
0.000124
0.000131005
0.000138322
0.000145961
0.000153927
0.000162236
0.000170901
0.000179932
0.00018934
0.000199143
0.00020935
0.000219971
0.000231009
0.000242552
0.000254553
0.000267029
0.000280006
0.000292094
0.000609547
0.000598283
0.000587851
0.000578219
0.00056457
0.000550849
0.000536658
0.000521898
0.000506561
0.000490678
0.000474306
0.000457542
0.00044021
0.000422562
0.000404665
0.000386586
0.000368377
0.000350086
0.000331759
0.00031344
0.00029517
0.000276981
0.000258783
0.000465192
0.000585053
0.000535212
0.000486385
0.000438612
-5.82561e-05
-0.00104846
-0.00233908
-0.00382588
-0.00545227
-0.00718924
-0.00668718
-0.00753937
-0.00752659
-0.00731029
-0.00689812
-0.00641634
-0.00596979
-0.00555595
-0.00517246
-0.00481717
-0.00448804
-0.00418321
-0.00390095
-0.00363966
-0.00339784
-0.0031741
-0.00296718
-0.00277587
-0.00259908
-0.00243581
-0.00228508
-0.00214606
-0.00201798
-0.00189911
-0.00178878
-0.00168639
-0.00159141
-0.00150334
-0.00142171
-0.00134609
-0.00127608
-0.00121129
-0.00115139
-0.00109604
-0.00104494
-0.000997813
-0.00095439
-0.000914423
-0.000877686
-0.000838097
-0.000800364
-0.0007644
-0.000729745
-0.000696164
-0.000663565
-0.000631906
-0.000601139
-0.000571232
-0.000542162
-0.000513915
-0.000486474
-0.000459997
-0.000434298
-0.000409354
-0.000385141
-0.000361642
-0.000338838
-0.000316707
-0.000295714
-9.68799e-05
-3.49991e-06
1.82092e-05
2.3596e-05
2.64812e-05
2.87332e-05
3.06554e-05
3.22647e-05
3.37884e-05
3.53139e-05
3.67407e-05
3.79942e-05
3.94657e-05
4.12874e-05
4.34406e-05
4.59142e-05
4.87026e-05
5.1789e-05
5.51697e-05
5.8841e-05
6.27935e-05
6.70273e-05
7.15423e-05
7.63331e-05
8.1405e-05
8.67601e-05
9.23946e-05
9.83123e-05
0.00010452
0.000111027
0.000117835
0.000124948
0.00013238
0.000140134
0.000148226
0.000156665
0.000165468
0.000174649
0.000184225
0.000194205
0.00020461
0.000215452
0.000226749
0.000238512
0.000250759
0.000263503
0.000276769
0.00029058
0.000305001
0.000318691
0.000331646
0.000344176
0.000350926
0.000355354
0.000357423
0.000357231
0.000354912
0.000350635
0.000344753
0.000337252
0.000328254
0.000317911
0.000306442
0.000293948
0.000280593
0.000266649
0.000251979
0.000236893
0.000221454
0.00020574
0.000395106
0.000477124
0.000505654
0.000543799
0.000591766
0.000533499
0.000433778
0.000343574
0.000299657
0.000261657
0.000226326
0.000193564
0.00016233
0.000132076
0.000102717
7.41873e-05
4.64153e-05
1.93324e-05
-7.12276e-06
-3.30079e-05
-5.8379e-05
-8.32919e-05
-0.000107797
-0.000131829
-0.000155428
-0.000177026
-0.000393163
-0.000492664
-0.000489565
-0.000486495
-0.000483494
-0.000480585
-0.000477795
-0.000475148
-0.000472669
-0.000470383
-0.000468312
-0.000466477
-0.000464892
-0.000463583
-0.000462556
-0.000461828
-0.000461409
-0.000461305
-0.000461521
-0.000462061
-0.000462929
-0.000464121
-0.000459371
-0.000451881
-0.000442486
-0.000433449
-0.000424149
-0.000414284
-0.000403756
-0.000392564
-0.00038076
-0.000368414
-0.000355609
-0.000342418
-0.000328915
-0.000315173
-0.000301257
-0.000287224
-0.000273161
-0.000259057
-0.000245465
-0.000232117
-0.000218932
-0.000205711
-4.16804e-05
-2.5304e-05
-1.54953e-05
-4.13321e-06
3.60981e-06
1.04327e-05
1.63782e-05
2.13701e-05
2.5386e-05
2.8424e-05
3.08882e-05
3.37847e-05
3.70909e-05
4.07938e-05
4.4873e-05
4.93135e-05
5.4108e-05
5.92452e-05
6.4712e-05
7.0503e-05
7.66069e-05
8.302e-05
8.96789e-05
9.65483e-05
0.000103636
0.000110961
0.000118533
0.000126362
0.000134461
0.000142844
0.000151528
0.000160519
0.000169832
0.000179481
0.000189481
0.000199854
0.000210615
0.000221787
0.000233298
0.000245249
0.000257663
0.000270562
0.000283964
0.000297885
0.000312347
0.000327364
0.000342952
0.00035743
0.000371749
0.000385448
0.000398627
0.000411898
0.000425544
0.000433415
0.000438685
0.000441339
0.000441564
0.000439551
0.000435496
0.000429586
0.000422001
0.000412911
0.000402477
0.000390846
0.000378193
0.000364624
0.000350254
0.000335192
0.000319544
0.000196474
0.000502137
0.000710644
0.000655048
0.000600385
0.000546727
0.000100739
-0.00086122
-0.00214339
-0.00363154
-0.00526334
-0.00700256
-0.00882748
-0.0107251
-0.0126888
-0.0147182
-0.0136787
-0.0141314
-0.0141702
-0.0140667
-0.0138092
-0.0133881
-0.0127975
-0.0120303
-0.0111843
-0.0103998
-0.00967227
-0.00899774
-0.00837238
-0.00779267
-0.00725535
-0.00675742
-0.00629605
-0.00586867
-0.00547288
-0.00510647
-0.00476782
-0.00445356
-0.0041619
-0.00389123
-0.00364009
-0.00340712
-0.00319105
-0.00299069
-0.00280495
-0.0026328
-0.0024733
-0.00232556
-0.00218876
-0.00206215
-0.00194501
-0.00182912
-0.00172008
-0.00161755
-0.00152072
-0.00142899
-0.00134191
-0.00125914
-0.00118042
-0.00110549
-0.00103416
-0.000966163
-0.000901416
-0.000839662
-0.000780905
-0.000725139
-0.000672184
-0.000621863
-0.000574065
-0.000528639
-0.000485422
-0.000293098
-0.000205172
-0.000113947
-8.78051e-05
-6.54738e-05
-4.4398e-05
-2.45441e-05
-5.9288e-06
1.1472e-05
2.77087e-05
4.37107e-05
5.97686e-05
7.59028e-05
9.21413e-05
0.00010851
0.000125036
0.000141744
0.000158664
0.000175824
0.000193249
0.000210974
0.000229027
0.000247432
0.000266144
0.000285201
0.000304528
0.000322796
0.00033984
0.000355791
0.000370771
0.000384886
0.000398232
0.0004109
0.000422981
0.000434561
0.000445722
0.000456542
0.00046709
0.000477444
0.000487359
0.000497224
0.000506818
0.000516178
0.000525361
0.00053441
0.000543371
0.000551643
0.000551172
0.000543382
0.000533542
0.000521239
0.000509517
0.000497621
0.000484977
0.000471352
0.000456683
0.000441009
0.000424409
0.000406981
0.000388829
0.000370065
0.000350786
0.000331098
0.000311093
0.000290854
0.00027045
0.000249954
0.000229515
0.000209199
0.000189787
0.000369931
0.000445304
0.000397222
0.000349822
0.000303216
5.74831e-05
-0.000461347
-0.00105193
-0.00160526
-0.00213002
-0.00263277
-0.00310062
-0.00352254
-0.00388932
-0.00419327
-0.00442783
-0.00458726
-0.00466685
-0.00466269
