0
0.000252397
0.000250123
0.000202922
0.000171654
-0.000161322
-0.000890334
-0.00136904
-0.00212099
-0.00240484
-0.00277674
-0.00291194
-0.00296255
-0.00299271
-0.00302146
-0.00305692
-0.00309756
-0.00314246
-0.0031911
-0.00324315
-0.0032984
-0.00335669
-0.0034179
-0.00348192
-0.00354857
-0.00361783
-0.00368932
-0.00376322
-0.00383908
-0.00391558
-0.00399417
-0.00407508
-0.00415836
-0.00424399
-0.00433189
-0.00442193
-0.00451347
-0.00458399
-0.00462846
-0.00465077
-0.00467176
-0.00469206
-0.00471161
-0.00473036
-0.00474903
-0.00476794
-0.00478688
-0.00480565
-0.00482414
-0.00484203
-0.00484857
-0.00484969
-0.00484758
-0.00484347
-0.00483805
-0.00483157
-0.00482429
-0.00481622
-0.00480745
-0.00479808
-0.00478818
-0.00477774
-0.00476679
-0.00475533
-0.0047434
-0.004731
-0.00471815
-0.00470485
-0.00469113
-0.00467698
-0.00466242
-0.00416023
-0.00378047
-0.00346356
-0.00317778
-0.00294294
-0.00271612
-0.00249226
-0.0022686
-0.00204361
-0.0018165
-0.00158682
-0.00135431
-0.00111882
-0.000880241
-0.000638494
-0.000393493
-0.00014515
9.84798e-05
0.000342061
0.000585924
0.000829727
0.00106939
0.00130504
0.00153683
0.00176489
0.00198938
0.00221055
0.00242875
0.00264434
0.00285765
0.00306923
0.00327957
0.00348924
0.00369945
0.00390806
0.0040974
0.00432816
0.00456957
0.00481956
0.0050782
0.00534562
0.00562194
0.00590726
0.0062017
0.00650539
0.00681846
0.00714107
0.00747335
0.00781547
0.00816757
0.00824314
0.0082447
0.00817451
0.00801463
0.00775622
0.00739543
0.00693121
0.00636394
0.00569478
0.00492519
0.00405673
0.00309111
0.00201766
0.00085247
-0.000403236
-0.00174829
-0.003004
-0.00419309
-0.00531537
-0.00630551
-0.00731136
-0.00833087
-0.00926304
-0.010207
-0.0111524
-0.0120872
-0.0130153
-0.0139378
-0.0148642
-0.0157998
-0.0167355
-0.0176687
-0.0185997
-0.0195288
-0.0204565
-0.0213831
-0.0223094
-0.023236
-0.0241637
-0.0250933
-0.0260256
-0.0269614
-0.0279009
-0.028844
-0.0297914
-0.0307436
-0.0317016
-0.0326662
-0.0336381
-0.0346185
-0.0356082
-0.0366085
-0.0376202
-0.0386445
-0.0396824
-0.0407352
-0.0418042
-0.0428907
-0.0439961
-0.0451217
-0.0462687
-0.047438
-0.0486486
-0.049886
-0.0511513
-0.0524457
-0.0535379
-0.0544879
-0.0553451
-0.0561058
-0.0567712
-0.0573771
-0.0579088
-0.0583598
-0.058728
-0.0590136
-0.0592181
-0.0593436
-0.0593923
-0.0593668
-0.0592694
-0.0591025
-0.0588568
-0.0586209
-0.0582731
-0.0578788
-0.057442
-0.0569648
-0.0564492
-0.0558968
-0.0552775
-0.0545995
-0.0538739
-0.0531101
-0.0523113
-0.0514793
-0.050615
-0.0497206
-0.0487931
-0.0478311
-0.046837
-0.0458047
-0.0447335
-0.0436231
-0.0424728
-0.041282
-0.04005
-0.0387762
-0.037458
-0.0360884
-0.0346648
-0.0331847
-0.0316518
-0.0300724
-0.0284453
-0.026769
-0.025042
-0.0232629
-0.0215104
-0.0196797
-0.0178228
-0.0159376
-0.014022
-0.0120736
-0.0100899
-0.00806831
-0.00600567
-0.00389788
-0.00179266
0.000309869
0.00241183
0.00451532
0.0066224
0.00870623
0.0108015
0.0128965
0.0149934
0.0170941
0.0192007
0.0210054
0.0226117
0.0241628
0.025644
0.0270372
0.028414
0.0296233
0.0307269
0.0317295
0.0326341
0.0334436
0.0341612
0.0347896
0.0353321
0.0357936
0.0361787
0.0364881
0.0367236
0.0368864
0.0369785
0.0370021
0.0369703
0.0368878
0.0367574
0.0365797
0.0363557
0.035979
0.0355573
0.0350918
0.034583
0.0340298
0.0334333
0.0327943
0.0321107
0.031378
0.0305958
0.0297636
0.0288808
0.0279468
0.0269611
0.0259228
0.0248315
0.0236864
0.0224867
0.0212315
0.0199201
0.0185515
0.0171248
0.0156395
0.0141811
0.0126159
0.0110177
0.0093845
0.00771441
0.00600544
0.00425541
0.00246201
0.000622755
-0.00126506
-0.00320455
-0.00520033
-0.00719814
-0.00920337
-0.0112184
-0.013246
-0.0152502
-0.0172777
-0.0193101
-0.0213497
-0.0233987
-0.0254575
-0.0272213
-0.0288782
-0.0304593
-0.0319568
-0.0333619
-0.0346718
-0.0358864
-0.0370074
-0.0380373
-0.0389789
-0.0398349
-0.0406085
-0.0413025
-0.0419198
-0.0424632
-0.0429353
-0.0433388
-0.0436762
-0.0439499
-0.0441623
-0.0443306
-0.0444468
-0.044524
-0.0445461
-0.044433
-0.0442749
-0.0440752
-0.0438368
-0.0435649
-0.0432616
-0.0429272
-0.0425622
-0.0421667
-0.041739
-0.0412783
-0.0407841
-0.0402561
-0.0396938
-0.0390968
-0.0384646
-0.0377965
-0.037092
-0.0363505
-0.0355712
-0.0347533
-0.033896
-0.0329986
-0.0320601
-0.0310794
-0.0300557
-0.0289878
-0.0278744
-0.0267144
-0.0255066
-0.0242495
-0.0229417
-0.0215817
-0.0201677
-0.0186979
-0.0171706
-0.0155839
-0.0139359
-0.0122245
-0.0104479
-0.00860394
-0.00669059
-0.00470564
-0.00264753
-0.000516437
0.00161869
0.00375392
0.0059012
0.00778198
0.00955417
0.0112187
0.0127714
0.0142118
0.0155412
0.0167619
0.0178764
0.0188869
0.0197962
0.0206073
0.021323
0.0219461
0.0224793
0.022925
0.0232859
0.0235642
0.0237622
0.0238966
0.0239772
0.0240077
0.0239886
0.0239033
0.0236453
0.0233349
0.0229722
0.0225572
0.0220907
0.0215737
0.021007
0.0203865
0.0197095
0.0189758
0.0181847
0.0173358
0.0164283
0.0154618
0.0144353
0.013348
0.012199
0.0109873
0.00971192
0.00837159
0.00696513
0.00549119
0.00394833
0.002335
0.000649457
-0.00111053
-0.00284441
-0.00458044
-0.00631154
-0.0080359
-0.00975508
-0.0114708
-0.0131849
-0.0148993
-0.0166157
-0.0183361
-0.0200623
-0.0217961
-0.0235393
-0.0252935
-0.0270602
-0.0288411
-0.0306375
-0.0324508
-0.0339992
-0.0353961
-0.0367305
-0.0379957
-0.0391778
-0.0402712
-0.0412747
-0.042189
-0.0430164
-0.0437592
-0.0444203
-0.0450024
-0.0455082
-0.0459406
-0.0463024
-0.0465963
-0.0468239
-0.0469886
-0.0470917
-0.0471356
-0.0471223
-0.0470895
-0.0470275
-0.046935
-0.0467888
-0.0465532
-0.0462848
-0.0459845
-0.0456532
-0.0452917
-0.0449006
-0.0444772
-0.0440208
-0.043531
-0.0430074
-0.0424494
-0.0418567
-0.0412287
-0.0405649
-0.0398645
-0.039127
-0.0383515
-0.0375374
-0.0366838
-0.0357898
-0.0348545
-0.0338769
-0.032856
-0.0317909
-0.0306804
-0.0295237
-0.0283195
-0.0270666
-0.0257639
-0.0244102
-0.0230042
-0.0215445
-0.0200295
-0.0184576
-0.0168274
-0.015137
-0.0133849
-0.0115707
-0.00968317
-0.00773105
-0.00571196
-0.00362346
-0.00155917
0.000497807
0.00254211
0.00457441
0.00659587
0.00833148
0.00998798
0.011554
0.0130208
0.0143852
0.0156472
0.0168087
0.0178749
0.0188311
0.0196925
0.0204621
0.021145
0.0217438
0.0222611
0.0226995
0.0230616
0.0233497
0.0235661
0.0237133
0.0237743
0.023743
0.0236333
0.0234496
0.0231935
0.02288
0.0225114
0.0220854
0.0216008
0.0210573
0.0204544
0.019882
0.0192477
0.018561
0.0178455
0.0171003
0.0163234
0.0155136
0.0146704
0.0137932
0.0128812
0.0119333
0.0109484
0.00992525
0.00886261
0.00775912
0.00661336
0.00542382
0.00418892
0.00290701
0.00157607
0.000193982
-0.00124178
-0.00273687
-0.00423702
-0.00574093
-0.00725025
-0.00876666
-0.0102919
-0.0118277
-0.0133757
-0.0149378
-0.0165156
-0.0181108
-0.0197248
-0.0213592
-0.0230153
-0.0246946
-0.0263983
-0.0281277
-0.0295767
-0.0309226
-0.0321931
-0.0333819
-0.034481
-0.0354882
-0.0364035
-0.0372282
-0.0379642
-0.0386137
-0.0391795
-0.0396641
-0.0400708
-0.0404017
-0.0406592
-0.0408459
-0.0409641
-0.041016
-0.0410042
-0.0409625
-0.0409022
-0.0408121
-0.0406983
-0.0405608
-0.0403319
-0.0400804
-0.0398141
-0.0395232
-0.0392076
-0.0388673
-0.0385026
-0.0381135
-0.0376993
-0.0372597
-0.0367942
-0.0363023
-0.0357837
-0.0352377
-0.0346639
-0.0340616
-0.0334301
-0.0327688
-0.0320769
-0.0313535
-0.0305979
-0.0298091
-0.0289861
-0.0281282
-0.0272342
-0.0263031
-0.0253337
-0.0243247
-0.0232751
-0.0221835
-0.0210485
-0.0198687
-0.0186424
-0.0173681
-0.0160439
-0.014668
-0.0132387
-0.0117539
-0.0102118
-0.00861045
-0.00694781
-0.00522185
-0.00343034
-0.00157061
0.000362029
0.00229876
0.00423534
0.00618335
0.00787084
0.00944914
0.0109181
0.0122735
0.0135148
0.0146432
0.0156609
0.0165703
0.0173739
0.0180744
0.0186746
0.019179
0.019592
0.0199243
0.0201682
0.020336
0.0204299
0.0204521
0.0204176
0.0203177
0.0201583
0.0199417
0.0196687
0.0192191
0.0187108
0.0181435
0.017517
0.0168322
0.01609
0.015291
0.014431
0.0135074
0.0125196
0.0114669
0.0103487
0.00916412
0.00791218
0.00659192
0.00520221
0.00374183
0.00220942
0.000603943
-0.00107701
-0.0027312
-0.00438451
-0.00603189
-0.00767164
-0.00930424
-0.0109314
-0.0125545
-0.0141752
-0.0157949
-0.0174153
-0.0190379
-0.0206646
-0.0222971
-0.0239373
-0.0255868
-0.0272475
-0.0289213
-0.0306098
-0.0323147
-0.0340378
-0.0357804
-0.0375441
-0.0393303
-0.0408707
-0.0422703
-0.0435592
-0.0447905
-0.0459511
-0.0470311
-0.0480266
-0.0489373
-0.0497643
-0.0505099
-0.0511767
-0.0517674
-0.0522847
-0.0527314
-0.0531103
-0.0534239
-0.0536752
-0.0538666
-0.0540003
-0.0540786
-0.0541026
-0.0540744
-0.0540295
-0.0539602
-0.053864
-0.0537375
-0.0534907
-0.0532141
-0.0529087
-0.0525754
-0.0522152
-0.0518288
-0.0514156
-0.0509726
-0.0504994
-0.0499954
-0.0494602
-0.0488933
-0.0482942
-0.0476625
-0.0469975
-0.0462988
-0.0455659
-0.0447983
-0.0439953
-0.0431561
-0.0422802
-0.0413668
-0.0404151
-0.0394245
-0.038394
-0.0373228
-0.0362097
-0.0350537
-0.0338539
-0.0326091
-0.0313181
-0.0299797
-0.0285928
-0.027159
-0.0256573
-0.0241038
-0.0224966
-0.0208337
-0.0191134
-0.0173338
-0.015493
-0.0135891
-0.0116204
-0.00967685
-0.00769249
-0.00570002
-0.00369665
-0.0016671
0.000401991
0.00224548
0.00398035
0.00560866
0.00712998
0.0085457
0.0098582
0.0110702
0.0121847
0.0132048
0.0141338
0.0149759
0.0157096
0.0163581
0.0169246
0.0174118
0.0178225
0.0181594
0.0184114
0.0185671
0.0186379
0.0186302
0.018546
0.0183949
0.0181903
0.017925
0.0175978
0.0172083
0.0167563
0.0162419
0.015665
0.0150256
0.0143235
0.0136524
0.0129344
0.0121808
0.0114136
0.0106311
0.00983198
0.00901481
0.00817819
0.00731761
0.00642806
0.00550925
0.00456043
0.0035805
0.00256811
0.00152177
0.000439667
-0.000680065
-0.00183938
-0.00304062
-0.00428696
-0.00559988
-0.00691805
-0.00824001
-0.0095686
-0.0109053
-0.0122516
-0.0136092
-0.0149794
-0.0163638
-0.0177638
-0.0191807
-0.0206157
-0.02207
-0.0235447
-0.0250409
-0.0262367
-0.0273313
-0.0283515
-0.0292877
-0.0301312
-0.0308787
-0.0315298
-0.0320854
-0.0325476
-0.0329186
-0.0332003
-0.0333946
-0.0335036
-0.0335371
-0.0335063
-0.033413
-0.0332589
-0.033048
-0.0327817
-0.0324618
-0.0321
-0.0316885
-0.0312265
-0.0307125
-0.0300753
-0.0293895
-0.0286559
-0.0278752
-0.027048
-0.0261746
-0.0252512
-0.0242759
-0.023248
-0.0221667
-0.0210311
-0.0198403
-0.0185933
-0.017289
-0.0159264
-0.014504
-0.0130207
-0.011475
-0.00986575
-0.00819191
-0.00645306
-0.00464681
-0.00284674
-0.00105275
0.00073643
0.00252235
0.00430687
0.0060917
0.00787845
0.00966883
0.0114646
0.0132675
0.0150796
0.0169026
0.0187385
0.0205789
0.0224344
0.0242981
0.0261709
0.0280549
0.0299517
0.0318631
0.0337502
0.0353765
0.0367663
0.0380429
0.0392071
0.0403031
0.0413334
0.0422832
0.0431465
0.0439222
0.044611
0.0452152
0.0457373
0.04618
0.0465458
0.0468375
0.0470578
0.0472093
0.0472944
0.0473156
0.0472752
0.0471779
0.0470279
0.0468272
0.0465681
0.046242
0.0458631
0.0454364
0.0449632
0.044409
0.0438135
0.0431666
0.0424683
0.0417222
0.0409307
0.0400945
0.0392139
0.0382887
0.0373188
0.0363037
0.0352434
0.0341374
0.0329855
