0.0171984
0.00599274
0.00384225
0.00384005
-0.000359539
-0.000516519
-0.000518413
-0.00294743
-0.00293805
-0.00439073
-0.00435476
-0.00521875
-0.00597088
-0.00667496
-0.0073533
-0.00800835
-0.0086407
-0.00925151
-0.00984178
-0.0104126
-0.0109653
-0.011501
-0.0120212
-0.0125271
-0.0129897
-0.0134517
-0.0138179
-0.0142039
-0.0145053
-0.0148226
-0.0151275
-0.0154231
-0.015712
-0.0159968
-0.0162799
-0.0165641
-0.016854
-0.0172104
-0.0175708
-0.0179277
-0.018292
-0.0186638
-0.0190431
-0.0194297
-0.0198243
-0.0202274
-0.0206389
-0.0210589
-0.0214872
-0.0219236
-0.022356
-0.0227844
-0.0232089
-0.0236293
-0.0240456
-0.0244579
-0.0248661
-0.0252704
-0.0256706
-0.0260667
-0.0264588
-0.0268469
-0.027231
-0.027611
-0.027987
-0.028359
-0.0287269
-0.0290908
-0.0294507
-0.0298066
-0.026639
-0.02638
-0.0261277
-0.025877
-0.025628
-0.0253827
-0.0251407
-0.0249018
-0.024666
-0.0244331
-0.0242032
-0.0239761
-0.0237519
-0.0235304
-0.0233116
-0.0230955
-0.022882
-0.0226711
-0.0224631
-0.0222579
-0.0220556
-0.021856
-0.0216591
-0.0214648
-0.021273
-0.0210838
-0.020897
-0.0207127
-0.0205307
-0.0203511
-0.0201739
-0.0199989
-0.0198261
-0.0196556
-0.0194873
-0.0193211
-0.0191565
-0.018996
-0.0188332
-0.0186714
-0.0185107
-0.0183513
-0.0181932
-0.0180363
-0.0178807
-0.0177265
-0.0175735
-0.0174217
-0.0172713
-0.0171221
-0.0169741
-0.0168311
-0.0166873
-0.0165456
-0.0164059
-0.0162681
-0.0161322
-0.015998
-0.0158656
-0.0157348
-0.0156057
-0.0154782
-0.0153523
-0.0152274
-0.0151027
-0.0149783
-0.0148543
-0.0147346
-0.014615
-0.0144949
-0.0143691
-0.014237
-0.0140985
-0.0139583
-0.0138122
-0.0136665
-0.0135291
-0.013398
-0.0132719
-0.013157
-0.0130488
-0.0129459
-0.0128478
-0.0127493
-0.012649
-0.012547
-0.0124439
-0.0123395
-0.0122341
-0.0121274
-0.0120197
-0.0119108
-0.0118009
-0.0116906
-0.0115811
-0.0114724
-0.0113646
-0.0112578
-0.0111518
-0.0110467
-0.0109424
-0.0108388
-0.0107361
-0.010634
-0.0105326
-0.0104319
-0.0103317
-0.0102322
-0.0101332
-0.0100347
-0.00993664
-0.00983903
-0.00974176
-0.00964624
-0.00955234
-0.00946002
-0.00936925
-0.00928137
-0.00919034
-0.00910277
-0.00901816
-0.00893702
-0.00885796
-0.0087806
-0.00870473
-0.00863023
-0.00855702
-0.00848506
-0.00841434
-0.00834483
-0.00827653
-0.00820944
-0.00814356
-0.00807795
-0.00801297
-0.00794929
-0.00788572
-0.00782222
-0.00775872
-0.00769515
-0.00765831
-0.00759463
-0.00753807
-0.0074835
-0.00742819
-0.00737222
-0.00731607
-0.00726004
-0.00720271
-0.00714205
-0.00707808
-0.00701367
-0.006949
-0.00688415
-0.00681916
-0.00675403
-0.0066888
-0.00662344
-0.00655797
-0.00649238
-0.00642693
-0.00636183
-0.00629702
-0.00623336
-0.00617077
-0.00610923
-0.00604873
-0.00598926
-0.00593082
-0.00587306
-0.00581669
-0.00576133
-0.00570697
-0.0056536
-0.00560121
-0.0055498
-0.00549936
-0.00544989
-0.00540138
-0.00535381
-0.00530714
-0.00526138
-0.00521654
-0.00517265
-0.00512933
-0.0050963
-0.00506088
-0.00502274
-0.00498154
-0.00493612
-0.00489555
-0.00485439
-0.00481265
-0.00477193
-0.00473196
-0.00469251
-0.00465703
-0.00462108
-0.00458467
-0.00454781
-0.00451051
-0.00447278
-0.00443461
-0.00439594
-0.00435721
-0.00431865
-0.00428007
-0.00424157
-0.0042036
-0.00416607
-0.00412587
-0.00408004
-0.00403046
-0.00397747
-0.00392091
-0.00386047
-0.00380518
-0.00375399
-0.00370582
-0.00366015
-0.00361762
-0.00357864
-0.00354352
-0.00351109
-0.0034789
-0.00344689
-0.00341502
-0.00338326
-0.00335158
-0.00332039
-0.00328963
-0.00325925
-0.00322918
-0.00319938
-0.00316979
-0.00314036
-0.00311102
-0.00308173
-0.00305238
-0.00302372
-0.0029964
-0.00297004
-0.00294459
-0.00292004
-0.00289634
-0.00287348
-0.00285141
-0.0028301
-0.00280955
-0.0027897
-0.00277054
-0.00275113
-0.00273173
-0.00271248
-0.00269354
-0.00267492
-0.00265627
-0.00263625
-0.00261418
-0.00258957
-0.00256508
-0.00254591
-0.00252284
-0.00249906
-0.00247664
-0.00245499
-0.00243379
-0.00241285
-0.00239205
-0.00237133
-0.00235063
-0.0023299
-0.00230897
-0.00228782
-0.00226682
-0.00224606
-0.00222553
-0.00220523
-0.00218517
-0.00216532
-0.00214557
-0.00213148
-0.00212472
-0.00212356
-0.00212594
-0.00212636
-0.00212498
-0.00212204
-0.00211715
-0.00211006
-0.00210063
-0.00208864
-0.0020739
-0.00205622
-0.00203786
-0.00201966
-0.00200163
-0.00198375
-0.00196602
-0.00194845
-0.00193104
-0.00191378
-0.00189667
-0.00187971
-0.0018629
-0.00184624
-0.00182972
-0.00181335
-0.00179713
-0.00178105
-0.0017651
-0.0017493
-0.00173364
-0.00171811
-0.00170272
-0.00168746
-0.00167234
-0.00165735
-0.00164248
-0.00162775
-0.00161314
-0.00159865
-0.00158429
-0.00157005
-0.00155593
-0.00154194
-0.00152809
-0.00151428
-0.00149967
-0.00148573
-0.00147253
-0.00145992
-0.00144763
-0.00143812
-0.00142772
-0.00141725
-0.00140658
-0.00139561
-0.00138431
-0.00137293
-0.00136157
-0.00135024
-0.00133901
-0.00132788
-0.00131683
-0.00130587
-0.00129498
-0.00128419
-0.00127347
-0.00126282
-0.00125222
-0.00123056
-0.00120429
-0.0011731
-0.00113759
-0.00109832
-0.00106629
-0.00103877
-0.00101437
-0.00099254
-0.000974299
-0.000960117
-0.000950343
-0.000942091
-0.000933863
-0.000925659
-0.000917479
-0.000909325
-0.000901198
-0.000893098
-0.000885028
-0.000876987
-0.000868976
-0.000860997
-0.000853049
-0.000845132
-0.000837249
-0.000829398
-0.000821581
-0.000813797
-0.000806047
-0.000798332
-0.000791027
-0.000774206
-0.00076759
-0.000760247
-0.000752965
-0.00074575
-0.000738602
-0.000731518
-0.000724498
-0.000717544
-0.000710651
-0.000703822
-0.000697054
-0.000690346
-0.000683699
-0.00067711
-0.000670579
-0.000664106
-0.000663626
-0.000661699
-0.00065734
-0.000655308
-0.000654443
-0.000654099
-0.000653918
-0.000653695
-0.00065331
-0.000652687
-0.000651779
-0.000650546
-0.000648956
-0.000646979
-0.000644537
-0.000641597
-0.000638037
-0.000632463
-0.000626842
-0.000621306
-0.00061558
-0.000615313
-0.000621676
-0.000632912
-0.000648021
-0.000659773
-0.000668508
-0.000674192
-0.000676404
-0.000674848
-0.000669313
-0.000663539
-0.000657777
-0.000652028
-0.000646291
-0.000640566
-0.000634851
-0.000629147
-0.00062345
-0.000617762
-0.00061208
-0.000606402
-0.000600727
-0.000595054
-0.000589378
-0.0005837
-0.000578017
-0.000572327
-0.000566611
-0.00056084
-0.000554977
-0.000548848
-0.00054243
-0.0005357
-0.00052863
-0.00052119
-0.000513345
-0.000505055
-0.000496273
-0.000486943
-0.00047699
-0.0004663
-0.000454571
-0.000443586
-0.00043327
-0.000423615
-0.000414613
-0.00040576
-0.00039591
-0.000390007
-0.000385397
-0.000381799
-0.000382317
-0.000382836
-0.000384478
-0.000387185
-0.000390937
-0.000395741
-0.000401643
-0.000409033
-0.000416039
-0.000421933
-0.000426709
-0.00043078
-0.000434096
-0.00043661
-0.000438288
-0.000439105
-0.000439042
-0.000438082
-0.000436031
-0.000424619
-0.000408539
-0.000388937
-0.00036332
-0.000331697
-0.000304925
-0.000282638
-0.000261911
-0.000240934
-0.000218573
-0.000194092
-0.000174276
-0.000162429
-0.000159208
-0.000153868
-0.000146516
-0.00013848
-0.000130866
-0.000123656
-0.000116845
-0.000110425
-0.000104368
-9.86489e-05
-9.32426e-05
-8.81278e-05
-8.32826e-05
-7.86879e-05
-7.43251e-05
-7.01784e-05
-6.62315e-05
-6.24703e-05
-5.88819e-05
-5.5457e-05
-5.22034e-05
-4.98821e-05
-4.77019e-05
-4.56497e-05
-4.37167e-05
-4.18937e-05
-4.01731e-05
-3.85474e-05
-3.70094e-05
-3.55523e-05
-3.41712e-05
-3.28585e-05
-3.16096e-05
-3.04189e-05
-2.92799e-05
-2.81902e-05
-2.71448e-05
-3.32338e-05
-3.35961e-05
-3.315e-05
-3.4316e-05
-3.63272e-05
-3.86271e-05
-4.0886e-05
-4.29628e-05
-4.48148e-05
-4.63813e-05
-4.7612e-05
-4.84632e-05
-4.82341e-05
-4.77987e-05
-4.74192e-05
-4.70961e-05
-4.68255e-05
-4.66043e-05
-4.64306e-05
-4.61745e-05
-5.13187e-05
-6.19539e-05
-7.70912e-05
-9.62173e-05
-0.000111149
-0.000122522
-0.000130692
-0.000136564
-0.000140897
-0.000143998
-0.000145462
-0.000144929
-0.000143854
-0.000142753
-0.000141628
-0.000140478
-0.000139304
-0.000138106
-0.000136882
-0.000135634
-0.000134361
-0.000133064
-0.000131743
-0.000130415
-0.000129093
-0.000127778
-0.000126467
-0.000125161
-0.00012386
-0.000122564
-0.000121274
-0.000119986
-0.000118705
-0.000117427
-0.000116153
-0.000114883
-0.000113617
-0.000112354
-0.000111094
-0.000109837
-0.000108582
-0.00010733
-0.00010608
-0.000104833
-0.000103589
-0.000102349
-0.000101113
-9.98867e-05
-9.82215e-05
-9.74135e-05
-9.72454e-05
-9.73414e-05
-0.000100735
-0.000102799
-0.000104617
-0.000106011
-0.000106873
-0.000107158
-0.000107549
-0.000107451
-0.000107131
-0.000106455
-0.000105572
-0.000104489
-0.000103575
-0.000103252
-0.000102572
-0.000102195
-0.000101788
-0.000101376
-9.10056e-05
-7.31568e-05
-4.90993e-05
-1.94637e-05
1.5378e-05
4.30471e-05
6.56769e-05
8.44006e-05
9.97516e-05
0.000110966
0.00011735
0.000118499
0.000117904
0.000117371
0.000116901
0.000116493
0.000116146
0.000115857
0.000115594
0.000115398
0.000115267
0.000115203
0.000115331
0.000115912
0.000115089
0.000113582
0.000122189
0.000121264
0.000120995
0.000120732
0.00012047
0.000120208
0.000119944
0.00011968
0.000119415
0.000119152
0.00011889
0.00011863
0.000118372
0.00011812
0.000117871
0.000117627
0.000117389
0.000117157
0.000116933
0.000116716
0.000116508
0.000116309
0.000108154
0.000104296
9.89633e-05
9.30834e-05
8.49585e-05
7.57906e-05
6.62492e-05
5.67124e-05
4.73987e-05
3.8438e-05
2.99136e-05
2.18819e-05
1.43885e-05
7.47433e-06
1.17673e-06
-4.46662e-06
-9.29646e-06
-1.34571e-05
-1.50623e-05
-1.5521e-05
-1.55033e-05
-1.53468e-05
-2.47033e-05
-4.21512e-05
-6.61169e-05
-9.44096e-05
-0.00011832
-0.000138449
-0.000154725
-0.000166658
-0.000173898
-0.000176159
-0.000174707
-0.000173223
-0.000171719
-0.000170195
-0.000168649
-0.000167083
-0.000165492
-0.000163878
-0.000162219
-0.000160477
-0.000158609
-0.000156579
-0.000154146
-0.000151142
-0.000147556
-0.000143375
-0.00013858
-0.000133151
-0.000127064
-0.000120291
-0.000112801
-0.00010456
-9.55286e-05
-8.56617e-05
-7.49021e-05
-6.31763e-05
-5.03659e-05
-3.59812e-05
-2.26065e-05
-1.00941e-05
1.56136e-06
1.23666e-05
2.23313e-05
3.14638e-05
3.97749e-05
4.72767e-05
5.39818e-05
6.05076e-05
6.57337e-05
7.02245e-05
7.42148e-05
7.69128e-05
7.85161e-05
7.69505e-05
7.51582e-05
7.19554e-05
6.74073e-05
6.15469e-05
5.4393e-05
4.59529e-05
3.62298e-05
2.52193e-05
1.29011e-05
-8.58679e-07
-1.4253e-05
-2.6165e-05
-3.65833e-05
-4.55016e-05
-5.29187e-05
-5.92242e-05
-5.77164e-05
-4.90444e-05
-3.3421e-05
-1.02664e-05
2.05394e-05
5.23794e-05
8.59168e-05
0.00012184
0.000160547
0.000202487
0.000248032
0.000297467
0.000351019
0.00040889
0.000471324
0.000467379
0.00048075
0.000480981
0.000480529
0.000479349
0.000477373
0.000474572
0.000470859
0.000466725
0.000462919
0.000459323
0.000455917
0.000452688
0.000449629
0.00044673
0.000443983
0.000441381
0.000438915
0.000436578
0.000434356
0.00043197
0.000428475
0.000424196
0.000419996
0.000415874
0.000411829
0.000407857
0.000403959
0.000400131
0.000396371
0.000392679
0.000389052
0.000385489
0.00038199
0.000378554
0.000365461
0.000361009
0.000356472
0.00035026
0.000343342
0.000336267
0.000329349
0.000322777
0.00031667
0.00031121
0.000306282
0.000302344
0.000298779
0.000295206
0.000291808
0.000288603
0.000285593
0.000282666
0.000279794
0.000276839
0.000261586
0.000239586
0.000210872
0.00017793
0.000149929
0.000126217
0.000107127
9.3264e-05
8.50498e-05
8.28225e-05
8.19969e-05
8.12323e-05
8.05277e-05
7.98861e-05
7.93082e-05
7.87983e-05
7.83582e-05
7.79894e-05
7.76961e-05
7.74805e-05
7.73459e-05
7.731e-05
7.75354e-05
7.85724e-05
8.08919e-05
8.22297e-05
8.1385e-05
7.94725e-05
7.72881e-05
7.51335e-05
7.30101e-05
7.0916e-05
6.88494e-05
6.68089e-05
6.47935e-05
6.28e-05
6.08284e-05
5.88764e-05
5.6942e-05
5.37401e-05
5.18281e-05
4.99389e-05
4.80609e-05
4.60246e-05
4.33875e-05
3.9611e-05
3.56343e-05
2.14889e-05
-1.47102e-06
-2.06199e-05
-3.88157e-05
-5.04763e-05
-6.59688e-05
-8.30865e-05
-0.000100634
-0.000117955
-0.00013468
-0.0001506
-0.000165594
-0.000179584
-0.000192522
-0.00020437
-0.000215101
-0.000224691
-0.000233119
-0.000240323
-0.000246292
-0.000251041
-0.00025433
-0.000258118
-0.000252481
-0.000237166
-0.00021205
-0.000177887
-0.000134601
-9.27402e-05
-5.06705e-05
-9.92417e-06
2.84016e-05
6.54301e-05
0.000101837
0.000137575
0.000172524
0.000206549
0.0002395
0.000271228
0.000301371
0.000329584
0.000355544
