0
-0.00312929
-0.00609862
-0.00737442
-0.00850423
-0.00910863
-0.00916204
-0.0087442
-0.00808964
-0.00767315
-0.0072649
-0.00698186
-0.00679137
-0.00668278
-0.00665245
-0.00669762
-0.00681571
-0.00700404
-0.00726002
-0.00758123
-0.00796545
-0.00841069
-0.00891519
-0.00947739
-0.0100952
-0.0107684
-0.0114938
-0.0122732
-0.0131037
-0.0139888
-0.0149257
-0.0159142
-0.0169544
-0.0180467
-0.0191917
-0.0203904
-0.0216452
-0.0228057
-0.0238975
-0.0249211
-0.0258772
-0.0267663
-0.027589
-0.0283457
-0.0290369
-0.029663
-0.0302244
-0.0307212
-0.0311536
-0.0315218
-0.0318257
-0.0320653
-0.0322406
-0.0323513
-0.0323973
-0.0323788
-0.0323007
-0.0321625
-0.0319636
-0.0317033
-0.031381
-0.0309959
-0.0305472
-0.030034
-0.0294553
-0.0288102
-0.0280976
-0.0273164
-0.0264652
-0.0255429
-0.0245481
-0.0238281
-0.0229053
-0.0217769
-0.0204977
-0.0193061
-0.0181731
-0.0170928
-0.0160619
-0.0150783
-0.0141404
-0.0132467
-0.0123959
-0.0115867
-0.0108179
-0.0100882
-0.00939642
-0.0087414
-0.0081515
-0.00762414
-0.00715759
-0.00675155
-0.00640218
-0.00610857
-0.00586991
-0.00568547
-0.00555462
-0.00547689
-0.00545197
-0.0054796
-0.00555964
-0.00569195
-0.00587655
-0.0061137
-0.00640418
-0.00674581
-0.0070888
-0.00735285
-0.00764313
-0.00793936
-0.00823573
-0.00852924
-0.00881851
-0.00910297
-0.00938254
-0.00965728
-0.00992738
-0.010193
-0.0104544
-0.0107115
-0.0109646
-0.0113726
-0.0119841
-0.0126036
-0.0132546
-0.0139503
-0.0146985
-0.0155037
-0.0163683
-0.0172939
-0.0182817
-0.0193324
-0.0204471
-0.0214626
-0.0224439
-0.0233918
-0.024306
-0.0249995
-0.0255476
-0.0259657
-0.0262296
-0.0271765
-0.0286149
-0.0299728
-0.0310433
-0.0318427
-0.032462
-0.0328927
-0.0331329
-0.0330966
-0.0329572
-0.0327318
-0.0324375
-0.0321338
-0.0318674
-0.0316373
-0.0314276
-0.0312343
-0.0310546
-0.0308868
-0.0307298
-0.0305828
-0.0304455
-0.0303274
-0.0302036
-0.0300618
-0.0298946
-0.0296974
-0.0294671
-0.0292014
-0.0288988
-0.0285575
-0.0281761
-0.0277531
-0.0272872
-0.0267769
-0.0262206
-0.0256165
-0.024963
-0.0242578
-0.0234984
-0.0226813
-0.0217992
-0.0209944
-0.0202528
-0.0195733
-0.0189544
-0.0186418
-0.0188631
-0.0191478
-0.0195201
-0.019838
-0.0201253
-0.0204155
-0.0207272
-0.0210707
-0.0214519
-0.0218741
-0.0223392
-0.0228486
-0.0234031
-0.0240039
-0.0246528
-0.025264
-0.0258756
-0.0262581
-0.026603
-0.0269101
-0.0271798
-0.0274112
-0.0276024
-0.0278089
-0.0280761
-0.0283831
-0.0286858
-0.0289441
-0.0291314
-0.0292324
-0.0292539
-0.0292208
-0.0291528
-0.0290535
-0.0289176
-0.0287419
-0.0285239
-0.0282616
-0.0279532
-0.0275969
-0.0271906
-0.0267365
-0.0262485
-0.0257277
-0.0251704
-0.0246686
-0.0242139
-0.0238052
-0.0234416
-0.0231222
-0.0228461
-0.0225507
-0.0223645
-0.0222195
-0.022115
-0.0220506
-0.0220257
-0.0220399
-0.0220927
-0.0221838
-0.0223127
-0.0224825
-0.0226854
-0.0229228
-0.0231957
-0.0235056
-0.0238135
-0.0240186
-0.0241055
-0.0241023
-0.024027
-0.0239081
-0.024035
-0.0245367
-0.0250959
-0.0255945
-0.0260586
-0.0265312
-0.0268245
-0.0271261
-0.027424
-0.0277145
-0.0279945
-0.0282613
-0.0285122
-0.0287446
-0.0289327
-0.0290538
-0.0291206
-0.0291396
-0.0291583
-0.029177
-0.0291956
-0.0293466
-0.0294805
-0.0296089
-0.0297523
-0.0298996
-0.0300405
-0.0301703
-0.0302677
-0.0303268
-0.0303682
-0.0303874
-0.0303805
-0.0303515
-0.0303122
-0.030262
-0.0301997
-0.0301238
-0.0300325
-0.029923
-0.0297931
-0.0296407
-0.0294634
-0.029259
-0.0290247
-0.0287577
-0.0284547
-0.0281114
-0.0277201
-0.027307
-0.0270264
-0.0267942
-0.0266095
-0.0264717
-0.0263801
-0.0263342
-0.0263334
-0.0263772
-0.0264652
-0.0265968
-0.0267712
-0.0269239
-0.0270612
-0.0271932
-0.0273376
-0.0274799
-0.0275951
-0.027607
-0.0275483
-0.0274428
-0.0273767
-0.0275433
-0.0278575
-0.0281953
-0.02848
-0.0287252
-0.0289381
-0.0291221
-0.0292783
-0.0294067
-0.0295066
-0.0295769
-0.0296159
-0.0296218
-0.0296209
-0.0296208
-0.0296216
-0.0296236
-0.0296268
-0.0296313
-0.0296372
-0.0297614
-0.0298651
-0.0299675
-0.0300678
-0.0301737
-0.0302572
-0.0303294
-0.0303913
-0.0304425
-0.0304785
-0.0304981
-0.0305001
-0.0304831
-0.0304557
-0.0304233
-0.030388
-0.0303509
-0.0303127
-0.0302738
-0.0302344
-0.0301947
-0.0301547
-0.0301144
-0.0300738
-0.030033
-0.0299917
-0.02995
-0.0299079
-0.0298653
-0.0298222
-0.0297786
-0.0297344
-0.0296895
-0.0296438
-0.0295974
-0.0295502
-0.0295021
-0.0294531
-0.0294032
-0.0293523
-0.0293005
-0.0292478
-0.0291944
-0.0291403
-0.0290858
-0.0290335
-0.0289747
-0.0288525
-0.0287679
-0.0287274
-0.0287195
-0.0287261
-0.0288872
-0.0290749
-0.0292289
-0.0293525
-0.0294471
-0.0295128
-0.0295482
-0.0295575
-0.0295622
-0.0295672
-0.0295728
-0.0295791
-0.0295861
-0.029594
-0.0296027
-0.0296122
-0.0296227
-0.029634
-0.0297854
-0.0299178
-0.0300662
-0.0302438
-0.0304236
-0.0305804
-0.030723
-0.0308319
-0.0309062
-0.0309623
-0.030996
-0.0310043
-0.0310001
-0.0309918
-0.0309809
-0.0309683
-0.0309544
-0.0309395
-0.0309238
-0.0309073
-0.0308902
-0.0308725
-0.030854
-0.0308348
-0.0308149
-0.0307941
-0.0307724
-0.0307497
-0.0307261
-0.0307015
-0.0306758
-0.0306326
-0.0306822
-0.0306624
-0.0306317
-0.0306129
-0.0306003
-0.0305907
-0.0305822
-0.0305738
-0.0305651
-0.0305558
-0.0305457
-0.030535
-0.0305237
-0.0305118
-0.0304995
-0.0304869
-0.030474
-0.0306883
-0.0312312
-0.0318479
-0.0323806
-0.0328556
-0.0332873
-0.0336828
-0.0340455
-0.0343769
-0.0346769
-0.034945
-0.0351802
-0.0353811
-0.0355464
-0.0356743
-0.0357635
-0.0358161
-0.0358274
-0.0358305
-0.0358336
-0.0358348
-0.0359507
-0.0360378
-0.0361268
-0.0362216
-0.0363014
-0.0363684
-0.0364192
-0.0364514
-0.0364617
-0.0364483
-0.0364229
-0.0363898
-0.036351
-0.0363077
-0.0362606
-0.03621
-0.0361561
-0.0360988
-0.0360383
-0.0359745
-0.0359073
-0.0358368
-0.0357628
-0.035685
-0.0356035
-0.0355179
-0.0354282
-0.0353333
-0.035231
-0.0351192
-0.0349954
-0.0348572
-0.0347026
-0.0345292
-0.0343345
-0.0341162
-0.0338715
-0.0335974
-0.0332902
-0.0329454
-0.0325565
-0.0321056
-0.0316982
-0.0313295
-0.0309988
-0.0307052
-0.0304107
-0.0302227
-0.0301156
-0.0300393
-0.0299998
-0.0302197
-0.0305088
-0.0308221
-0.0311764
-0.031582
-0.0320461
-0.0325753
-0.0331948
-0.0337502
-0.034283
-0.034792
-0.035257
-0.0356776
-0.0360538
-0.0363851
-0.0366705
-0.0369088
-0.0370987
-0.0372386
-0.0375182
-0.0377859
-0.0379673
-0.0380846
-0.0381299
-0.0380655
-0.0378476
-0.0374747
-0.0369589
-0.0363132
-0.0355475
-0.0347478
-0.0342875
-0.0340672
-0.0338727
-0.0336996
-0.0335809
-0.033525
-0.0335006
-0.0334921
-0.0334911
-0.0334926
-0.0334938
-0.0334934
-0.0334905
-0.0334848
-0.0334762
-0.0334646
-0.0334501
-0.0334327
-0.0334126
-0.0333898
-0.0333645
-0.033338
-0.0333547
-0.0333696
-0.0333826
-0.0333939
-0.0334035
-0.0334114
-0.0334177
-0.0334226
-0.0334261
-0.0334285
-0.0334298
-0.0334303
-0.03343
-0.0334291
-0.0334278
-0.0334261
-0.0336465
-0.0340197
-0.0344023
-0.0347256
-0.0350042
-0.035245
-0.0354516
-0.0356264
-0.0357724
-0.0358896
-0.0359771
-0.0360335
-0.0360555
-0.0360615
-0.036068
-0.0360755
-0.0360839
-0.0360934
-0.036104
-0.0361151
-0.0362372
-0.036325
-0.0363923
-0.0364707
-0.0365357
-0.0365874
-0.0366251
-0.0366499
-0.036664
-0.0366691
-0.0366647
-0.0366498
-0.0366283
-0.0366023
-0.036573
-0.0365408
-0.0365061
-0.0364691
-0.0364298
-0.0363883
-0.0363448
-0.0362991
-0.0362514
-0.0362026
-0.0361533
-0.0361034
-0.036053
-0.0360019
-0.03595
-0.0358974
-0.0358441
-0.0357897
-0.0357344
-0.035678
-0.0356205
-0.0355617
-0.0355017
-0.0354404
-0.0353777
-0.0353136
-0.0352481
-0.0351811
-0.0351129
-0.0350435
-0.034973
-0.0349017
-0.0348296
-0.0347571
-0.0346609
-0.0346093
-0.0345907
-0.0345852
-0.0347322
-0.0349032
-0.0350418
-0.0351514
-0.0352333
-0.0352876
-0.0353123
-0.0353115
-0.0353062
-0.0352894
-0.0352538
-0.0352102
-0.0351772
-0.035176
-0.0351597
-0.0351609
-0.0351634
-0.0351671
-0.0353055
-0.0354269
-0.0355468
-0.0356922
-0.0358633
-0.036011
-0.0361458
-0.0362476
-0.0363112
-0.0363567
-0.0363805
-0.036379
-0.0363662
-0.0363505
-0.0363331
-0.0363146
-0.0362954
-0.0362755
-0.0362568
-0.0362372
-0.0362167
-0.0361953
-0.0361664
-0.0360942
-0.0360762
-0.0360314
-0.0360947
-0.0360891
-0.0360526
-0.0360342
-0.0360259
-0.0360229
-0.0360226
-0.0360237
-0.0360253
-0.0360269
-0.0360283
-0.0360292
-0.0360297
-0.0360296
-0.0360289
-0.0360276
-0.0360258
-0.0360237
-0.0360213
-0.0360187
-0.0360161
-0.0360136
-0.0362323
-0.0369461
-0.0375764
-0.0381908
-0.0387352
-0.0392298
-0.0396851
-0.0401064
-0.040496
-0.0408546
-0.0411819
-0.0414771
-0.0417391
-0.0419666
-0.042158
-0.0423117
-0.0424258
-0.0424999
-0.0425325
-0.0425495
-0.0425633
-0.0425739
-0.0426962
-0.0427861
-0.0428926
-0.0430207
-0.0431243
-0.0432158
-0.0432914
-0.0433485
-0.0433835
-0.0433944
-0.0433834
-0.0433609
-0.0433306
-0.0432948
-0.0432546
-0.0432106
-0.0431632
-0.0431125
-0.0430576
-0.0429966
-0.0429273
-0.0428479
-0.0427559
-0.0426491
-0.0425254
-0.0423829
-0.0422195
-0.0420333
-0.0418223
-0.0415845
-0.0413177
-0.0410197
-0.0406881
-0.0403204
-0.0399135
-0.0394639
-0.0389659
-0.0383964
-0.0378731
-0.0373896
-0.0369454
-0.0365396
-0.0361716
-0.0358407
-0.0355459
-0.0352866
-0.0350619
-0.0348366
-0.034691
-0.0345777
-0.0344936
-0.0344484
-0.0344358
-0.0345501
-0.0347564
-0.0350086
-0.0353135
-0.035675
-0.0360957
-0.0365776
-0.037122
-0.0377306
-0.0384057
-0.0391541
-0.0398234
-0.0404583
-0.0410583
-0.041622
-0.0421477
-0.042631
-0.0432597
-0.0438793
-0.0443908
-0.0448348
-0.0452008
-0.0454634
-0.0455747
-0.0455322
-0.0453472
-0.0450341
-0.0446053
-0.0440697
-0.0434335
-0.0427
-0.0418694
-0.0410551
-0.040622
-0.0405243
-0.0403954
-0.0402488
-0.0400926
-0.0399311
-0.0397675
-0.0396361
-0.0395664
-0.0395293
-0.0395072
-0.0394902
-0.0394732
-0.0394536
-0.0394298
-0.0394012
-0.0393676
-0.039329
-0.039286
-0.039252
-0.0392659
-0.0393144
-0.0393597
-0.039402
-0.0394417
-0.039479
-0.0395142
-0.0395475
-0.0395792
-0.0396096
-0.039639
-0.0396675
-0.0396955
-0.0397231
-0.0399602
-0.0403708
-0.040764
-0.0410991
-0.0413889
-0.0416404
-0.0418565
-0.0420383
-0.0421858
-0.042298
-0.0423761
-0.0424202
-0.0424458
-0.0424712
-0.0424884
-0.0424965
-0.0424953
-0.0424906
-0.0424836
-0.0424745
-0.0425714
-0.04265
-0.0427538
-0.0428765
-0.0429741
-0.0430519
-0.0431077
-0.0431394
-0.0431439
-0.0431195
-0.0430816
-0.0430364
-0.0429854
-0.0429293
-0.0428686
-0.0428034
-0.042734
-0.0426602
-0.0425821
-0.0424997
-0.0424129
-0.0423209
-0.0422167
-0.0420896
-0.0419188
-0.0417975
-0.0417389
-0.0417277
-0.041729
-0.0417295
-0.041729
-0.0417274
-0.0417245
-0.0417203
-0.0417147
-0.0417077
-0.0416993
-0.0416895
-0.0416782
-0.0417192
-0.0417057
-0.0416909
-0.041675
-0.0416656
-0.04168
-0.0417391
-0.0417975
-0.042127
-0.0427117
-0.0435929
-0.0444207
-0.0454318
-0.0463049
-0.0470894
-0.0478123
-0.0484886
-0.0491261
-0.049729
-0.0502989
-0.0508364
-0.0513416
-0.0518137
-0.052252
-0.0526554
-0.0530228
-0.053353
-0.0536448
-0.0538948
-0.0541001
-0.0542592
-0.0545579
-0.0548505
-0.0550827
-0.055261
-0.0553737
-0.0554396
-0.0554358
-0.0553686
-0.0552559
-0.0550969
-0.0548901
-0.0546374
-0.0543413
-0.0540036
-0.053626
-0.0532096
-0.0527548
-0.0522614
-0.0517289
