0
-0.00312929
-0.00609862
-0.00737442
-0.00850423
-0.00910863
-0.00916204
-0.0087442
-0.00808964
-0.00767315
-0.0072649
-0.00698186
-0.00679137
-0.00668278
-0.00665245
-0.00669762
-0.00681571
-0.00700404
-0.00726002
-0.00758123
-0.00796545
-0.00841069
-0.00891519
-0.00947739
-0.0100952
-0.0107684
-0.0114938
-0.0122732
-0.0131037
-0.0139888
-0.0149257
-0.0159142
-0.0169541
-0.0180454
-0.0191883
-0.0203833
-0.0216321
-0.0227836
-0.0238626
-0.024869
-0.0258024
-0.0266625
-0.0274489
-0.0281613
-0.0287993
-0.0293626
-0.0298509
-0.0302638
-0.0306009
-0.0308619
-0.0310462
-0.0311537
-0.0311837
-0.0311359
-0.0310098
-0.0308054
-0.0305275
-0.0301754
-0.0297484
-0.0292458
-0.0286668
-0.0280108
-0.0272769
-0.0264643
-0.025572
-0.0245991
-0.0235447
-0.0224076
-0.0211869
-0.0198813
-0.0184897
-0.0173596
-0.0160135
-0.0144489
-0.0127207
-0.0110676
-0.00946081
-0.0078947
-0.00636624
-0.00487356
-0.00341529
-0.00199029
-0.000597508
0.000764035
0.00209529
0.00339717
0.00467057
0.00591634
0.00710578
0.00824114
0.0093238
0.0103537
0.0113344
0.0122665
0.0131506
0.0139874
0.0147775
0.0155213
0.0162194
0.0168722
0.01748
0.0180433
0.0185623
0.0190373
0.0194681
0.0198574
0.0202557
0.0207439
0.0212176
0.0216978
0.0221912
0.0227016
0.0232312
0.0237812
0.0243524
0.0249452
0.0255597
0.026196
0.0268542
0.0275341
0.0282356
0.0287996
0.0291772
0.0295638
0.0299354
0.0302784
0.0305844
0.0308485
0.0310675
0.0312392
0.0313617
0.0314335
0.0314528
0.0315819
0.0317547
0.0319694
0.0322254
0.0327084
0.0333423
0.0341102
0.0350353
0.0352794
0.0350341
0.0348714
0.0349986
0.0353995
0.0359832
0.0367584
0.037727
0.0389751
0.0403292
0.0417723
0.0432873
0.0448145
0.0463073
0.0477664
0.0492078
0.0506353
0.0520515
0.0534579
0.0548554
0.0562446
0.0576257
0.058989
0.0603592
0.0617487
0.0631648
0.0646125
0.0660949
0.0676144
0.0691731
0.0707728
0.0724154
0.0741027
0.0758368
0.0776196
0.0794535
0.0813407
0.0832838
0.0852856
0.0873495
0.0894796
0.0916842
0.0938214
0.095906
0.0979394
0.0999234
0.101612
0.102779
0.103893
0.104932
0.106035
0.10718
0.108332
0.109472
0.110589
0.111677
0.112732
0.11375
0.114731
0.115671
0.11657
0.117424
0.118318
0.119212
0.120336
0.121496
0.122691
0.123919
0.125181
0.126475
0.127747
0.12895
0.130107
0.131261
0.132453
0.13371
0.135048
0.13646
0.137922
0.139414
0.140933
0.142484
0.144071
0.145696
0.147361
0.149068
0.15082
0.152618
0.154459
0.156331
0.158232
0.160165
0.162039
0.163862
0.165635
0.16736
0.169037
0.170668
0.172316
0.173852
0.175346
0.176798
0.178209
0.179581
0.180914
0.18221
0.183471
0.184696
0.185885
0.187045
0.188177
0.18928
0.190353
0.191436
0.19263
0.193951
0.195372
0.196873
0.198428
0.199746
0.200698
0.201601
0.202574
0.203588
0.204602
0.205802
0.207
0.208207
0.209427
0.210661
0.211911
0.21318
0.214468
0.215801
0.2172
0.218652
0.220147
0.221639
0.223124
0.224603
0.225941
0.227288
0.228633
0.229956
0.231268
0.232581
0.233899
0.235243
0.236621
0.238011
0.239419
0.240848
0.242295
0.243748
0.245207
0.246675
0.248152
0.24964
0.251143
0.252662
0.254199
0.255758
0.257339
0.258946
0.260582
0.26225
0.263955
0.265705
0.267474
0.269109
0.270693
0.272228
0.273716
0.275158
0.276554
0.277907
0.279217
0.280486
0.281715
0.282907
0.284125
0.285366
0.286619
0.287867
0.289126
0.290421
0.291828
0.293314
0.294857
0.296369
0.297658
0.298808
0.299942
0.301138
0.30238
0.303662
0.304978
0.306328
0.307711
0.309126
0.310574
0.312055
0.313571
0.315094
0.316615
0.318132
0.319646
0.321154
0.322654
0.324146
0.325511
0.326889
0.32826
0.329627
0.330981
0.332352
0.333728
0.335108
0.336494
0.33789
0.339298
0.340719
0.342154
0.343595
0.345037
0.346478
0.347917
0.349352
0.350785
0.352213
0.353638
0.35506
0.356477
0.35789
0.3593
0.360707
0.362111
0.363512
0.364911
0.366308
0.367704
0.369099
0.370494
0.37189
0.373287
0.374686
0.376088
0.377495
0.378906
0.380322
0.381746
0.383176
0.384615
0.386062
0.387517
0.38898
0.390458
0.392008
0.39353
0.395017
0.39648
0.397937
0.399248
0.400541
0.401875
0.403245
0.404652
0.406092
0.407568
0.409073
0.410587
0.412102
0.413618
0.415134
0.416648
0.418159
0.419666
0.421167
0.422662
0.424148
0.425486
0.426835
0.428161
0.42945
0.43073
0.432028
0.433333
0.434667
0.43603
0.437406
0.438799
0.440214
0.441636
0.443058
0.444479
0.445897
0.447313
0.448725
0.450134
0.45154
0.452942
0.454341
0.455737
0.457129
0.458518
0.459904
0.461288
0.46267
0.46405
0.465429
0.466807
0.468201
0.469501
0.470871
0.472252
0.473623
0.47499
0.476357
0.477726
0.479101
0.480481
0.481868
0.483263
0.484667
0.486079
0.487501
0.488933
0.490373
0.491823
0.493056
0.493968
0.494815
0.495755
0.49676
0.497816
0.498915
0.500053
0.501228
0.502439
0.503686
0.504969
0.506288
0.507645
0.509039
0.51047
0.511937
0.513441
0.514949
0.516451
0.517947
0.519321
0.520715
0.5221
0.523472
0.524853
0.52624
0.527637
0.529047
0.530474
0.53192
0.533372
0.534828
0.536285
0.537742
0.539199
0.540655
0.542111
0.543566
0.54502
0.546473
0.547925
0.549377
0.550828
0.552279
0.55373
0.555181
0.556632
0.558086
0.559545
0.561011
0.562487
0.563976
0.565481
0.567004
0.568549
0.57012
0.571719
0.57335
0.575018
0.576729
0.578489
0.580318
0.582111
0.583872
0.585604
0.587308
0.589021
0.590637
0.592182
0.593705
0.595199
0.596443
0.597627
0.598794
0.599927
0.601016
0.602053
0.60303
0.603921
0.604881
0.605866
0.606877
0.607934
0.609035
0.61018
0.611368
0.612598
0.61387
0.615185
0.616543
0.617753
0.618967
0.62026
0.621609
0.623024
0.624542
0.626208
0.628024
0.629977
0.632055
0.634248
0.63647
0.638349
0.639983
0.641587
0.643166
0.644686
0.64614
0.647557
0.648955
0.650341
0.651721
0.653097
0.65447
0.655843
0.657214
0.658584
0.659955
0.661326
0.662697
0.66407
0.665443
0.666819
0.668195
0.669529
0.670866
0.672208
0.673554
0.674905
0.676263
0.677628
0.679001
0.680383
0.681773
0.683173
0.684583
0.686002
0.687431
0.68887
0.690318
0.691553
0.692643
0.693733
0.69489
0.696099
0.697353
0.698647
0.699978
0.701343
0.702741
0.704172
0.705636
0.707136
0.708652
0.710166
0.711677
0.713184
0.714686
0.71618
0.717667
0.719034
0.720428
0.721835
0.723223
0.724618
0.726021
0.727431
0.728849
0.730272
0.731699
0.733131
0.734568
0.736008
0.737448
0.738887
0.740325
0.741761
0.743195
0.744628
0.746059
0.747488
0.748915
0.750339
0.751761
0.75318
0.754595
0.756008
0.757418
0.758826
0.760233
0.761638
0.763043
0.764449
0.765855
0.767263
0.768674
0.770089
0.771507
0.772931
0.774361
0.775798
0.777243
0.778696
0.780158
0.78163
0.783111
0.784603
0.786103
0.787637
0.789135
0.790608
0.792078
0.793403
0.794712
0.796062
0.797446
0.798865
0.800317
0.801804
0.803319
0.804843
0.80638
0.807937
0.809503
0.811057
0.812577
0.814109
0.815618
0.817121
0.818615
0.819966
0.821326
0.82268
0.824001
0.825291
0.826597
0.82791
0.829251
0.830624
0.832011
0.833415
0.834839
0.83627
0.8377
0.839127
0.840551
0.841972
0.843389
0.844801
0.84621
0.847616
0.849018
0.850424
0.85187
0.853257
0.854667
0.855966
0.85733
0.858723
0.860096
0.861456
0.86281
0.864161
0.86551
0.866859
0.868209
0.869562
0.870918
0.872279
0.873645
0.875017
0.876396
0.877783
0.879178
0.880582
0.881994
0.883416
0.884847
0.886065
0.886798
0.887623
0.888472
0.8894
0.890386
0.891418
0.892491
0.893603
0.89475
0.895934
0.897154
0.89841
0.899703
0.901033
0.902401
0.903808
0.905253
0.906736
0.90823
0.909721
0.911208
0.912575
0.913967
0.915334
0.916673
0.91803
0.919392
0.920765
0.92215
0.923552
0.924974
0.926412
0.927857
0.929306
0.930755
0.932205
0.933655
0.935104
0.936552
0.938
0.939451
0.940905
0.942366
0.943835
0.945315
0.946808
0.948316
0.949841
0.951386
0.952954
0.954546
0.956165
0.957813
0.959495
0.961213
0.96297
0.964772
0.966624
0.968551
0.970436
0.972285
0.9741
0.975884
0.977637
0.979361
0.981057
0.982726
0.98437
0.986024
0.987606
0.989166
0.990706
0.992215
0.9937
0.995066
0.996347
0.997589
0.998785
0.99993
1.00102
1.00205
1.00303
1.00394
1.00479
1.00556
1.00641
1.00729
1.00821
1.00916
1.01014
1.01115
1.01201
1.01287
1.01384
1.01486
1.01595
1.01714
1.01848
1.01997
1.02159
1.02333
1.02519
1.02715
1.0292
1.03135
1.03359
1.03581
1.03765
1.03914
1.04066
1.0422
1.04374
1.04528
1.04682
1.04833
1.04977
1.05117
1.05255
1.05393
1.0553
1.05668
1.05805
1.05943
1.06082
1.0622
1.0636
1.06498
1.06632
1.06763
1.06895
1.07027
1.0716
1.07294
1.07429
1.07565
1.07702
1.0784
1.07979
1.08119
1.0826
1.08402
1.08524
1.08629
1.08737
1.08852
1.08971
1.09096
1.09224
1.09357
1.09493
1.09633
1.09777
1.09925
1.10075
1.10224
1.10375
1.10526
1.10677
1.10829
1.1098
1.11131
1.1127
1.1141
1.11547
1.11682
1.11818
1.11956
1.12095
1.12236
1.12379
1.12525
1.12671
1.12818
1.12965
1.13112
1.13259
1.13406
1.13553
1.137
1.13848
1.13995
1.14142
1.14289
1.14437
1.14587
1.14741
1.1489
1.15032
1.15169
1.15305
1.1544
1.15575
1.15711
1.15846
1.15981
1.16117
1.16253
1.16389
1.16526
1.16663
1.16796
1.16934
1.17073
1.17213
1.17354
1.17492
1.17627
1.17763
1.17873
1.17959
1.18015
1.18078
1.18123
1.18183
1.18253
1.18329
1.18411
1.18497
1.18588
1.18682
1.18779
1.18881
1.18986
1.19094
1.19206
1.19321
1.1944
1.19562
1.19688
1.19818
1.19952
1.20071
1.2019
1.20314
1.20443
1.20578
1.20717
1.20862
1.21013
1.21168
1.21327
1.21491
1.21658
1.21829
1.22005
1.22183
1.22366
1.22551
1.2274
1.22933
