-0.0355023
-0.0302543
-0.022935
-0.0194476
-0.0194659
-0.0194847
-0.0195056
-0.0202541
-0.020204
-0.0204183
-0.0203873
-0.0203873
-0.020376
-0.0203638
-0.0203514
-0.0203396
-0.0203289
-0.0203193
-0.020311
-0.0203038
-0.0202979
-0.020293
-0.0202892
-0.0202863
-0.0202841
-0.0202828
-0.0202819
-0.0202816
-0.0202817
-0.0202889
-0.0202956
-0.0203018
-0.0203076
-0.0203131
-0.0203181
-0.0203226
-0.0203268
-0.0203277
-0.0203288
-0.0203301
-0.0203315
-0.020333
-0.0203346
-0.0203362
-0.0203378
-0.0203393
-0.0203407
-0.0203421
-0.0203433
-0.0203444
-0.0203454
-0.0203462
-0.0203468
-0.0203472
-0.0203474
-0.0203475
-0.0203474
-0.0203471
-0.0203466
-0.0203459
-0.0203451
-0.020344
-0.0203429
-0.0203416
-0.0203402
-0.0203386
-0.020337
-0.0203352
-0.0203334
-0.0203314
-0.0194988
-0.0194746
-0.0167271
-0.0113552
-0.00409509
0.00224174
0.00790883
0.0130565
0.0177776
0.022133
0.0261651
0.0299057
0.0333798
0.0366088
0.0396108
0.0424024
0.0449983
0.0474122
0.0496571
0.0517435
0.0536831
0.0554842
0.0571564
0.0587082
0.0601478
0.0614825
0.0627195
0.0638653
0.0649258
0.0659069
0.0668139
0.0676518
0.0684253
0.0691387
0.069796
0.0704023
0.0709716
0.0716513
0.0720708
0.0724835
0.0728784
0.0732506
0.0735982
0.073921
0.07422
0.0744961
0.0747508
0.0749855
0.0752015
0.0754003
0.075583
0.0755809
0.0755824
0.0755832
0.0755831
0.0755825
0.0755812
0.0755794
0.0755772
0.0755745
0.0755714
0.0755679
0.075564
0.0755592
0.0755545
0.0755498
0.0755453
0.0758843
0.0760707
0.0761666
-0.0202565
-0.020222
-0.0187235
-0.0145387
-0.00812606
0.000478674
0.0112679
0.0242293
0.0393489
0.054215
0.0667511
0.0768415
0.084656
0.0915102
0.0976364
0.103219
0.108368
0.113128
0.11753
0.121602
0.125367
0.128848
0.132062
0.135062
0.1379
0.140567
0.143064
0.145397
0.147575
0.149605
0.151499
0.153264
0.15491
0.156444
0.157874
0.159208
0.160452
0.161613
0.162694
0.163703
0.164644
0.16552
0.166337
0.167095
0.167799
0.168452
0.169056
0.169052
0.16906
0.169065
0.169068
0.169064
0.169059
0.169054
0.169048
0.169041
0.169033
0.169024
0.169015
0.169005
0.168994
0.168982
0.168969
0.168957
0.168944
0.168945
0.168945
0.168946
0.168946
0.168946
0.0734385
0.0781911
0.0862126
0.0968177
0.107711
0.118422
0.128722
0.138494
0.147674
0.156233
0.164212
0.171673
0.178635
0.185126
0.191174
0.196809
0.202057
0.206946
0.2115
0.215744
0.219696
0.223376
0.226801
0.229987
0.232952
0.23571
0.238277
0.240665
0.242887
0.244988
0.246908
0.248693
0.250354
0.251898
0.253333
0.254668
0.255909
0.257063
0.258135
0.259128
0.26005
0.260907
0.261704
0.262446
0.263147
0.26402
0.264699
0.265256
0.265724
0.266095
0.266092
0.266087
0.266086
0.266082
0.266077
0.266016
0.266012
0.266011
0.26601
0.26601
0.266011
0.266012
0.266014
0.266017
0.266019
0.26602
0.266019
0.266019
0.266019
0.266019
0.167771
0.171539
0.178078
0.187019
0.198197
0.211539
0.223624
0.234394
0.244142
0.253058
0.261294
0.268943
0.276072
0.282717
0.288891
0.294628
0.299962
0.304923
0.309536
0.313832
0.317834
0.321562
0.325036
0.328273
0.331291
0.334106
0.33673
0.339179
0.341464
0.343637
0.345609
0.347444
0.349153
0.350744
0.352224
0.353602
0.354885
0.35608
0.357192
0.358227
0.359193
0.360079
0.360906
0.361677
0.362395
0.363079
0.363833
0.364449
0.364951
0.365357
0.365761
0.365758
0.365761
0.365766
0.365769
0.36577
0.365771
0.365772
0.365772
0.365771
0.36577
0.365769
0.365769
0.365769
0.365769
0.365769
0.365769
0.365769
0.365769
0.365769
0.265058
0.269516
0.277249
0.287828
0.300359
0.312008
0.322836
0.332905
0.342277
0.351005
0.35914
0.366728
0.373811
0.380431
0.386596
0.392329
0.397661
0.40262
0.407231
0.41152
0.415509
0.419219
0.422669
0.425878
0.428863
0.431639
0.43422
0.436621
0.438854
0.440931
0.442863
0.44466
0.446331
0.447885
0.449331
0.450676
0.451926
0.453089
0.454171
0.455177
0.456113
0.456983
0.457793
0.458545
0.459245
0.459896
0.460501
0.461064
0.461588
0.462074
0.462526
0.462774
0.462913
0.462912
0.462912
0.462912
0.462911
0.462909
0.462907
0.462906
0.462906
0.462906
0.462906
0.462906
0.462906
0.462906
0.462906
0.462906
0.462907
0.462907
0.365086
0.36886
0.375412
0.384365
0.395554
0.408912
0.421016
0.431805
0.44157
0.450505
0.458761
0.466432
0.473585
0.480238
0.486419
0.492162
0.497501
0.502465
0.507081
0.511374
0.515365
0.519078
0.52253
0.52574
0.528726
0.531503
0.534086
0.536487
0.538721
0.540798
0.54273
0.544527
0.546234
0.547849
0.549284
0.550604
0.55184
0.552995
0.554071
0.555073
0.556006
0.556874
0.557682
0.558432
0.559131
0.55978
0.560384
0.560946
0.561468
0.561953
0.56195
0.561946
0.561946
0.561943
0.561939
0.561933
0.561927
0.56192
0.561912
0.561905
0.561897
0.561889
0.561881
0.561873
0.561865
0.561857
0.561851
0.561851
0.561851
0.561851
0.461066
0.465522
0.473249
0.483818
0.496424
0.508144
0.519041
0.529186
0.53864
0.547462
0.555702
0.563367
0.570494
0.577122
0.583286
0.589019
0.59435
0.599309
0.60392
0.608209
0.612198
0.615909
0.61936
0.62257
0.625556
0.628333
0.630916
0.63332
0.635556
0.637636
0.639571
0.641373
0.643052
0.644616
0.646072
0.64743
0.648695
0.649875
0.650974
0.652
0.652955
0.653847
0.654679
0.655451
0.656167
0.656833
0.65745
0.658035
0.658527
0.659023
0.659478
0.659725
0.659723
0.659722
0.65972
0.659718
0.659716
0.659713
0.659709
0.659705
0.6597
0.659695
0.659691
0.659686
0.659682
0.659677
0.659673
0.659668
0.659664
0.65966
0.561096
0.564856
0.571383
0.580324
0.591512
0.604877
0.617252
0.628359
0.638418
0.647598
0.656032
0.663817
0.6709
0.677759
0.68364
0.689141
0.694266
0.699074
0.703604
0.707848
0.711813
0.71551
0.718954
0.72216
0.725142
0.727917
0.730498
0.732899
0.735132
0.737209
0.73914
0.740937
0.742607
0.744161
0.745606
0.746948
0.748197
0.749358
0.750437
0.751441
0.752375
0.753243
0.754051
0.754801
0.7555
0.756149
0.756753
0.757314
0.757836
0.758322
0.758773
0.75877
0.758774
0.758778
0.758781
0.758782
0.758781
0.75878
0.758779
0.758777
0.758775
0.758773
0.758771
0.758771
0.758771
0.758771
0.758771
0.758771
0.758771
0.758771
0.65921
0.66367
0.671406
0.681992
0.694692
0.706483
0.717441
0.727637
0.737124
0.745951
0.754165
0.761813
0.768941
0.775573
0.781741
0.787477
0.792811
0.797772
0.802386
0.806677
0.810668
0.81438
0.817832
0.821042
0.824029
0.826806
0.829389
0.831792
0.834026
0.836104
0.838038
0.839835
0.841508
0.843063
0.84451
0.845855
0.847107
0.848271
0.849354
0.85036
0.851297
0.852168
0.852978
0.853731
0.854431
0.855083
0.855688
0.856251
0.856775
0.857261
0.857713
0.857961
0.8581
0.858099
0.858099
0.858098
0.858097
0.858095
0.858093
0.858093
0.858093
0.858093
0.858093
0.858093
0.858093
0.858093
0.858093
0.858093
0.858093
0.858094
0.75839
0.762168
0.768724
0.777684
0.788881
0.802242
0.814386
0.8252
0.834982
0.843924
0.852182
0.859854
0.867008
0.873662
0.879842
0.885586
0.890925
0.895889
0.900505
0.904798
0.908789
0.912502
0.915954
0.919165
0.922157
0.92494
0.927583
0.930057
0.932293
0.934336
0.936248
0.938034
0.939698
0.941248
0.942691
0.944033
0.945282
0.946443
0.947523
0.948528
0.949462
0.95033
0.951138
0.951889
0.952588
0.953238
0.953842
0.954403
0.954926
0.954923
0.954919
0.954913
0.954907
0.954898
0.954889
0.954878
0.954868
0.954856
0.954845
0.954833
0.954821
0.954809
0.954797
0.954785
0.954774
0.954763
0.954752
0.954747
0.954745
0.954745
0.855627
0.860081
0.867806
0.87837
0.890892
0.902561
0.913418
0.923526
0.932948
0.941738
0.949949
0.957613
0.96474
0.971368
0.977532
0.983264
0.988595
0.993554
0.998165
1.00245
1.00644
1.01015
1.01361
1.01682
1.01981
1.0226
1.02519
1.02761
1.02987
1.03197
1.03393
1.03576
1.03746
1.03905
1.04054
1.04192
1.04322
1.04443
1.04556
1.04661
1.04758
1.04849
1.04934
1.05012
1.05085
1.05153
1.05217
1.05276
1.05331
1.05381
1.05427
1.05453
1.05469
1.05478
1.05478
1.05477
1.05476
1.05475
1.05474
1.05473
1.05473
1.05472
1.0547
1.05469
1.05468
1.05467
1.05466
1.05464
1.05463
1.05462
0.953916
0.957601
0.964052
0.97292
0.984034
0.997324
1.00973
1.02085
1.0309
1.04007
1.04848
1.05624
1.06341
1.07006
1.07624
1.08199
1.08712
1.09233
1.09665
1.10072
1.10453
1.10807
1.11136
1.11439
1.11723
1.11993
1.12246
1.12484
1.12706
1.12913
1.13106
1.13285
1.13452
1.13607
1.13752
1.13886
1.14011
1.14127
1.14235
1.14335
1.14428
1.14515
1.14595
1.1467
1.1474
1.14805
1.14865
1.14921
1.14974
1.15022
1.15067
1.15067
1.15067
1.15067
1.15068
1.15068
1.15068
1.15068
1.15068
1.15068
1.15068
1.15067
1.15067
1.15067
1.15067
1.15067
1.15067
1.15067
1.15067
1.15067
1.05408
1.05854
1.06627
1.07684
1.0894
1.10108
1.11196
1.12208
1.13152
1.14034
1.14857
1.15624
1.16338
1.17001
1.17618
1.18192
1.18725
1.19222
1.19683
1.20113
1.20512
1.20883
1.21229
1.2155
1.21849
1.22128
1.22387
1.22627
1.22851
1.23058
1.23251
1.23431
1.23598
1.23753
1.23898
1.24032
1.24157
1.24273
1.24381
1.24481
1.24575
1.24661
1.24742
1.24817
1.24887
1.24952
1.25012
1.25069
1.25069
1.25069
1.25069
1.2507
1.25071
1.25071
1.25071
1.25071
1.25071
1.25071
1.2507
1.2507
1.2507
1.25069
1.25069
1.25069
1.25068
1.25068
1.25068
1.25068
1.25068
1.25067
1.14843
1.1522
1.15871
1.16763
1.17878
1.19209
1.20432
1.21525
1.2251
1.23405
1.24227
1.24984
1.25686
1.26335
1.26938
1.27497
1.28016
1.28497
1.28945
1.29361
