-0.0355023
-0.0286828
-0.0217092
-0.0183946
-0.0183884
-0.0193683
-0.0201508
-0.0201645
-0.0196875
-0.0196879
-0.019545
-0.0195244
-0.0195093
-0.0195009
-0.0194951
-0.0194909
-0.0194879
-0.0194857
-0.0194841
-0.019483
-0.0194824
-0.0194821
-0.0194822
-0.0194826
-0.0194832
-0.019484
-0.0194852
-0.0194862
-0.0194876
-0.0194907
-0.0194937
-0.0194965
-0.0194991
-0.0195016
-0.0195038
-0.0195059
-0.0195077
-0.0195083
-0.0195091
-0.01951
-0.0195111
-0.0195122
-0.0195133
-0.0195144
-0.0195155
-0.0195166
-0.0195175
-0.0195184
-0.0195192
-0.0195198
-0.0195203
-0.0195206
-0.0195208
-0.0195209
-0.0195207
-0.0195204
-0.0195199
-0.0195193
-0.0195184
-0.0195175
-0.0195163
-0.0195151
-0.0195136
-0.0195121
-0.0195104
-0.0195087
-0.0195068
-0.0195049
-0.0195029
-0.0195009
-0.0203295
-0.0209959
-0.0209826
-0.0209637
-0.0209409
-0.0209207
-0.0209012
-0.0208823
-0.020864
-0.020846
-0.0208285
-0.0208114
-0.0207946
-0.0207782
-0.020762
-0.0207462
-0.0207307
-0.0207155
-0.0206993
-0.0206835
-0.0206664
-0.0206496
-0.0206332
-0.0206172
-0.0206016
-0.0205864
-0.0205716
-0.0205572
-0.0205432
-0.0205297
-0.0205166
-0.020504
-0.0204918
-0.0204801
-0.020469
-0.0204573
-0.0204359
-0.0204276
-0.0204228
-0.020418
-0.0204133
-0.0204086
-0.020404
-0.0203995
-0.0203951
-0.0203907
-0.0203864
-0.0203822
-0.020378
-0.0203739
-0.0203699
-0.0201281
-0.0203254
-0.020434
-0.020494
-0.0205275
-0.0205467
-0.0205584
-0.0205664
-0.0205729
-0.020579
-0.0205855
-0.0205926
-0.0204689
-0.0203698
-0.0202972
-0.0202516
-0.0202522
-0.0202525
-0.0202527
0.0762814
0.0753082
0.0732972
0.0733022
0.0733063
0.073316
0.073328
0.0733453
0.0733684
0.0734013
0.0734293
0.0734465
0.0734519
0.0734526
0.073453
0.0734532
0.0734533
0.0734533
0.0734534
0.0734533
0.0734533
0.0734531
0.0734529
0.0734528
0.0734522
0.0734513
0.0734501
0.0734486
0.0734469
0.0734449
0.0734428
0.0734405
0.0734381
0.0734357
0.0734332
0.0734307
0.0734282
0.0734258
0.0734236
0.0734214
0.0734194
0.0734177
0.0734162
0.0734147
0.0734133
0.0734118
0.0734102
0.0734094
0.0726811
0.0720948
0.0715999
0.0713219
0.0711592
0.0710603
0.0709964
0.0709517
0.0709169
0.0708872
0.0708596
0.0708326
0.0708051
0.0707768
0.0707472
0.0707193
0.0706914
0.0712353
0.0717468
0.0722241
0.0726649
0.0730694
0.168946
0.168926
0.168893
0.168851
0.168809
0.168769
0.168732
0.168697
0.168667
0.168643
0.168628
0.168613
0.168601
0.168592
0.168585
0.168579
0.168576
0.168574
0.168573
0.168575
0.168577
0.168579
0.168582
0.168585
0.168587
0.168591
0.168594
0.168597
0.168601
0.168638
0.168639
0.16864
0.168642
0.168643
0.168644
0.168646
0.168647
0.168649
0.16865
0.168647
0.168643
0.168639
0.168635
0.168631
0.168638
0.168638
0.168638
0.168638
0.168638
0.168638
0.168837
0.168619
0.168261
0.168054
0.167931
0.167803
0.168104
0.168309
0.168437
0.168496
0.16849
0.168425
0.168303
0.168127
0.167965
0.167875
0.167824
0.167797
0.167782
0.167775
0.266019
0.265989
0.265931
0.26585
0.265749
0.265629
0.265559
0.2655
0.265451
0.265411
0.26538
0.26536
0.265352
0.265352
0.265352
0.265353
0.265353
0.265354
0.265354
0.265356
0.26536
0.265365
0.265371
0.265379
0.265387
0.265397
0.265408
0.265419
0.265432
0.265488
0.265492
0.265497
0.265501
0.265505
0.26551
0.265515
0.265519
0.265524
0.265529
0.265535
0.265541
0.265532
0.265523
0.265514
0.265505
0.265509
0.265509
0.265509
0.265509
0.265509
0.265509
0.265739
0.26559
0.265349
0.265217
0.265145
0.265105
0.265084
0.265071
0.265064
0.265059
0.265056
0.265054
0.265055
0.265056
0.265056
0.265057
0.265057
0.265058
0.265058
0.365769
0.36574
0.365685
0.365615
0.365547
0.365494
0.365445
0.3654
0.365361
0.365328
0.365302
0.365283
0.365272
0.36527
0.36527
0.36527
0.36527
0.365271
0.365271
0.365271
0.365271
0.365271
0.365271
0.365272
0.365272
0.365272
0.365272
0.365272
0.365272
0.365273
0.365273
0.365273
0.365273
0.365273
0.365273
0.365274
0.365274
0.365274
0.365274
0.365274
0.365274
0.365274
0.365274
0.365275
0.365275
0.365275
0.365275
0.365275
0.365275
0.365275
0.365275
0.365275
0.365275
0.365303
0.365214
0.365162
0.365131
0.365111
0.365097
0.365089
0.365087
0.365086
0.365085
0.365085
0.365085
0.365085
0.365085
0.365085
0.365085
0.365085
0.462907
0.462876
0.462817
0.462736
0.462636
0.462547
0.462479
0.462421
0.462374
0.462335
0.462306
0.462289
0.462285
0.462285
0.462285
0.462285
0.462285
0.462285
0.462286
0.462286
0.462286
0.462286
0.462286
0.462286
0.462286
0.462286
0.462286
0.462286
0.462286
0.462286
0.462286
0.462286
0.462323
0.462323
0.462323
0.462323
0.462323
0.462323
0.462323
0.462323
0.462323
0.462323
0.462323
0.462323
0.462323
0.462323
0.462323
0.462323
0.462323
0.462323
0.462541
0.462311
0.461863
0.461607
0.461458
0.461367
0.461309
0.461268
0.461237
0.461211
0.461187
0.461165
0.461143
0.461122
0.461101
0.46108
0.461063
0.461064
0.461065
0.461066
0.561851
0.561826
0.561779
0.561716
0.561652
0.561611
0.561577
0.56155
0.56153
0.561519
0.561519
0.561519
0.561519
0.56152
0.56152
0.56152
0.56152
0.561521
0.561521
0.561521
0.561522
0.561522
0.561522
0.561523
0.561523
0.561523
0.561524
0.561524
0.561525
0.561525
0.561526
0.561527
0.561528
0.56153
0.561532
0.561535
0.561537
0.561541
0.561544
0.561548
0.561552
0.561556
0.561561
0.561565
0.561569
0.561573
0.561577
0.56159
0.56159
0.56159
0.561591
0.561591
0.561555
0.561429
0.561356
0.561311
0.561282
0.561261
0.561244
0.561228
0.56127
0.56127
0.561229
0.561198
0.561176
0.561158
0.561143
0.56113
0.561118
0.561106
0.659657
0.659633
0.659593
0.659538
0.65947
0.659389
0.659313
0.659244
0.65918
0.659119
0.659062
0.659008
0.659758
0.659753
0.659753
0.659753
0.659753
0.659753
0.659753
0.659753
0.659753
0.659753
0.659753
0.659753
0.659753
0.659753
0.659753
0.659753
0.659753
0.659753
0.659753
0.659753
0.659753
0.659753
0.659753
0.659753
0.659753
0.659753
0.659753
0.659753
0.659753
0.659753
0.659753
0.659753
0.659753
0.659753
0.659752
0.659752
0.659752
0.659752
0.659752
0.659975
0.65979
0.659543
0.659406
0.659329
0.659285
0.659259
0.659242
0.659231
0.659223
0.659215
0.659208
0.659208
0.659209
0.659209
0.65921
0.65921
0.65921
0.65921
0.758771
0.758753
0.758732
0.758701
0.758663
0.75864
0.758621
0.758607
0.758596
0.758587
0.758581
0.758577
0.758576
0.758576
0.758576
0.758576
0.758576
0.758577
0.758577
0.758577
0.758577
0.758577
0.758577
0.758578
0.758578
0.758578
0.758578
0.758578
0.758579
0.758579
0.758579
0.758579
0.758579
0.758579
0.75858
0.75858
0.75858
0.75858
0.75858
0.75858
0.758581
0.758581
0.758581
0.758581
0.758581
0.758581
0.758581
0.758582
0.758582
0.758582
0.758582
0.758582
0.758582
0.758602
0.758516
0.758466
0.758435
0.758415
0.758401
0.758396
0.758394
0.758392
0.758389
0.758389
0.758389
0.75839
0.758389
0.75839
0.758389
0.758389
0.858094
0.858071
0.858028
0.857966
0.85789
0.8578
0.857729
0.857669
0.857619
0.857578
0.857548
0.857531
0.857526
0.857526
0.857526
0.857526
0.857526
0.857526
0.857526
0.857526
0.857527
0.857527
0.857527
0.857527
0.857528
0.85753
0.857585
0.857586
0.857586
0.857586
0.857586
0.857586
0.857586
0.857586
0.857586
0.857586
0.857586
0.857586
0.857586
0.857586
0.857586
0.857586
0.857586
0.857586
0.857585
0.857585
0.857585
0.857585
0.857585
0.857811
0.857286
0.856878
0.856502
0.85628
0.856144
0.856055
0.855993
0.855944
0.855904
0.855867
0.855833
0.8558
0.855768
0.855735
0.855703
0.855673
0.855642
0.855629
0.855625
0.855626
0.954745
0.954716
0.954661
0.954583
0.954492
0.954441
0.954398
0.954362
0.954334
0.954315
0.954308
0.954308
0.954308
0.954309
0.954309
0.954309
0.954309
0.95431
0.95431
0.954311
0.954311
0.954311
0.954312
0.954313
0.954315
0.954318
0.954322
0.954326
0.954331
0.954337
0.954344
0.954351
0.954359
0.954367
0.954376
0.954386
0.954396
0.954406
0.954418
0.954428
0.954438
0.954448
0.954458
0.954468
0.954477
0.954487
0.954496
0.954505
0.954523
0.95452
0.954517
0.954514
0.954512
0.954513
0.954526
0.95444
0.954378
0.954331
0.95429
0.954252
0.954216
0.95418
0.954144
0.954107
0.954068
0.954112
0.954126
0.954112
0.95407
0.954001
1.05461
1.05458
1.05453
1.05447
1.05439
1.0543
1.05422
1.05414
1.05407
1.054
1.05393
1.05387
1.05381
1.05375
1.05369
1.05364
1.0546
1.0546
1.0546
1.0546
1.0546
1.0546
1.0546
1.0546
1.0546
1.0546
1.0546
1.0546
1.0546
1.0546
1.0546
1.0546
1.0546
1.0546
1.0546
1.0546
1.0546
1.0546
1.0546
1.0546
1.0546
1.0546
1.0546
1.0546
1.0546
1.0546
1.0546
1.0546
1.0546
1.0546
1.0546
1.05483
1.0546
1.05437
1.05424
1.05417
1.05413
1.05411
1.0541
1.05409
1.05408
1.05408
1.05408
1.05408
1.05408
1.05408
1.05408
1.05408
1.05408
1.05408
1.15067
1.15065
1.15061
1.15055
1.15047
1.15042
1.15038
1.15035
1.15033
1.15031
1.15031
1.15031
1.15031
1.15031
1.15031
1.15031
1.15031
1.15031
1.15031
1.15031
1.15031
1.15031
1.15031
1.15031
1.15031
1.15032
1.15032
1.15032
1.15032
1.15032
1.15032
1.15032
1.15032
1.15032
1.15032
1.15032
1.15032
1.15032
1.15032
1.15032
1.15032
1.15032
1.15032
1.15032
1.15032
1.15032
1.15032
1.15033
1.15046
1.15068
1.15038
1.15013
1.14936
1.14894
1.14871
1.14858
1.14851
1.14847
1.14845
1.14844
1.14843
1.14843
1.14843
1.14842
1.14843
1.14843
1.14843
1.14843
1.14843
1.14843
1.25067
1.25064
1.25059
1.25052
1.25043
1.25032
1.25024
1.25017
1.2501
1.25005
1.24999
1.24994
1.2499
1.24985
1.24982
1.24978
1.24975
1.24972
1.24969
1.24967
