0
0
0
0
0
0
0
0
0
0
0
0
0
0
0
0
0
0
0
0
0
0
0
0
0
0
0
0
0
0
0
0
0
0
0
0
0
0
0
0
0
0
0
0
0
0
0
0
0
0
0
0
0
0
0
0
0
0
0
0
0
0
0
0
0
0
0
0
0
0
0.007
0.01351
0.0195643
0.0251948
0.0304312
0.035301
0.0398299
0.0440418
0.0479589
0.0516018
0.0549896
0.0581404
0.0610705
0.0637956
0.0663299
0.0686868
0.0708787
0.0729172
0.074813
0.0765761
0.0782158
0.0797407
0.0811588
0.0824777
0.0837043
0.084845
0.0859058
0.0868924
0.0878099
0.0886633
0.0894568
0.0901948
0.0908812
0.0915195
0.0921132
0.0926652
0.0931787
0.0936562
0.0941002
0.0945132
0.0948973
0.0952545
0.0955867
0.0958956
0.0961829
0.0964501
0.0966986
0.0969297
0.0971446
0.0973445
0.0973445
0.0973445
0.0973445
0.0973445
0.0973445
0.0973445
0.0973445
0.0973445
0.0973445
0.0973445
0.0973445
0.0973445
0.0973445
0.0973445
0.0973445
0.0973445
0.0973445
0.0973445
0.0973445
0
0.014
0.02702
0.0391286
0.0503896
0.0608623
0.070602
0.0796598
0.0880836
0.0959178
0.103204
0.109979
0.116281
0.122141
0.127591
0.13266
0.137374
0.141757
0.145834
0.149626
0.153152
0.156432
0.159481
0.162318
0.164955
0.167409
0.16969
0.171812
0.173785
0.17562
0.177327
0.178914
0.18039
0.181762
0.183039
0.184226
0.18533
0.186357
0.187312
0.1882
0.189026
0.189795
0.190509
0.191173
0.191791
0.192366
0.1929
0.193397
0.193859
0.194289
0.194689
0.194689
0.194689
0.194689
0.194689
0.194689
0.194689
0.194689
0.194689
0.194689
0.194689
0.194689
0.194689
0.194689
0.194689
0.194689
0.194689
0.194689
0.194689
0.194689
0.0973445
0.11153
0.124723
0.136993
0.148403
0.159015
0.168884
0.178062
0.186598
0.194536
0.201918
0.208784
0.215169
0.221107
0.22663
0.231766
0.236542
0.240984
0.245115
0.248957
0.25253
0.255853
0.258943
0.261817
0.26449
0.266976
0.269288
0.271437
0.273437
0.275296
0.277025
0.278634
0.280129
0.28152
0.282814
0.284017
0.285136
0.286176
0.287144
0.288044
0.288881
0.289659
0.290383
0.291056
0.291682
0.292264
0.292806
0.29331
0.293778
0.294213
0.294618
0.294618
0.294618
0.294618
0.294618
0.294618
0.294618
0.294618
0.294618
0.294618
0.294618
0.294618
0.294618
0.294618
0.294618
0.294618
0.294618
0.294618
0.294618
0.294618
0.194689
0.209061
0.222427
0.234857
0.246417
0.257168
0.267166
0.276464
0.285112
0.293154
0.300633
0.307589
0.314058
0.320074
0.325668
0.330872
0.335711
0.340211
0.344396
0.348288
0.351908
0.355275
0.358405
0.361317
0.364025
0.366543
0.368885
0.371063
0.373089
0.374972
0.376724
0.378354
0.379869
0.381278
0.382589
0.383807
0.384941
0.385995
0.386975
0.387887
0.388735
0.389524
0.390257
0.390939
0.391573
0.392163
0.392712
0.393222
0.393696
0.394138
0.394548
0.394548
0.394548
0.394548
0.394548
0.394548
0.394548
0.394548
0.394548
0.394548
0.394548
0.394548
0.394548
0.394548
0.394548
0.394548
0.394548
0.394548
0.394548
0.394548
0.294618
0.308995
0.322366
0.3348
0.346364
0.357118
0.36712
0.376422
0.385072
0.393117
0.400599
0.407557
0.414028
0.420046
0.425643
0.430848
0.435689
0.44019
0.444377
0.448271
0.451892
0.455259
0.458391
0.461304
0.464012
0.466532
0.468874
0.471053
0.473079
0.474964
0.476716
0.478346
0.479862
0.481272
0.482583
0.483802
0.484936
0.48599
0.486971
0.487883
0.488731
0.48952
0.490254
0.490936
0.49157
0.49216
0.492709
0.49322
0.493694
0.494136
0.494546
0.494546
0.494546
0.494546
0.494546
0.494546
0.494546
0.494546
0.494546
0.494546
0.494546
0.494546
0.494546
0.494546
0.494546
0.494546
0.494546
0.494546
0.494546
0.494546
0.394548
0.40893
0.422305
0.434743
0.446311
0.457069
0.467075
0.476379
0.485033
0.49308
0.500565
0.507525
0.513999
0.520019
0.525617
0.530824
0.535666
0.54017
0.544358
0.548253
0.551875
0.555244
0.558377
0.56129
0.564
0.56652
0.568864
0.571043
0.57307
0.574955
0.576708
0.578339
0.579855
0.581265
0.582577
0.583796
0.584931
0.585985
0.586966
0.587879
0.588727
0.589516
0.59025
0.590933
0.591567
0.592158
0.592707
0.593217
0.593692
0.594134
0.594544
0.594544
0.594544
0.594544
0.594544
0.594544
0.594544
0.594544
0.594544
0.594544
0.594544
0.594544
0.594544
0.594544
0.594544
0.594544
0.594544
0.594544
0.594544
0.594544
0.494546
0.508928
0.522303
0.534742
0.54631
0.557068
0.567073
0.576378
0.585032
0.59308
0.600564
0.607524
0.613998
0.620018
0.625617
0.630823
0.635666
0.640169
0.644357
0.648252
0.651875
0.655243
0.658376
0.66129
0.664
0.66652
0.668863
0.671043
0.67307
0.674955
0.676708
0.678339
0.679855
0.681265
0.682577
0.683796
0.68493
0.685985
0.686966
0.687879
0.688727
0.689516
0.69025
0.690933
0.691567
0.692158
0.692707
0.693217
0.693692
0.694134
0.694544
0.694544
0.694544
0.694544
0.694544
0.694544
0.694544
0.694544
0.694544
0.694544
0.694544
0.694544
0.694544
0.694544
0.694544
0.694544
0.694544
0.694544
0.694544
0.694544
0.594544
0.608926
0.622301
0.63474
0.646308
0.657067
0.667072
0.676377
0.685031
0.693079
0.700563
0.707524
0.713997
0.720017
0.725616
0.730823
0.735665
0.740169
0.744357
0.748252
0.751874
0.755243
0.758376
0.76129
0.763999
0.766519
0.768863
0.771043
0.77307
0.774955
0.776708
0.778338
0.779855
0.781265
0.782576
0.783796
0.78493
0.785985
0.786966
0.787879
0.788727
0.789516
0.79025
0.790933
0.791567
0.792158
0.792707
0.793217
0.793692
0.794133
0.794544
0.794544
0.794544
0.794544
0.794544
0.794544
0.794544
0.794544
0.794544
0.794544
0.794544
0.794544
0.794544
0.794544
0.794544
0.794544
0.794544
0.794544
0.794544
0.794544
0.694544
0.708926
0.722301
0.73474
0.746308
0.757067
0.767072
0.776377
0.785031
0.793079
0.800563
0.807524
0.813997
0.820017
0.825616
0.830823
0.835665
0.840169
0.844357
0.848252
0.851874
0.855243
0.858376
0.86129
0.863999
0.866519
0.868863
0.871043
0.87307
0.874955
0.876708
0.878338
0.879855
0.881265
0.882576
0.883796
0.88493
0.885985
0.886966
0.887879
0.888727
0.889516
0.89025
0.890933
0.891567
0.892158
0.892707
0.893217
0.893692
0.894133
0.894544
0.894544
0.894544
0.894544
0.894544
0.894544
0.894544
0.894544
0.894544
0.894544
0.894544
0.894544
0.894544
0.894544
0.894544
0.894544
0.894544
0.894544
0.894544
0.894544
0.794544
0.808926
0.822301
0.83474
0.846308
0.857067
0.867072
0.876377
0.885031
0.893078
0.900563
0.907524
0.913997
0.920017
0.925616
0.930823
0.935665
0.940169
0.944357
0.948252
0.951874
0.955243
0.958376
0.96129
0.963999
0.966519
0.968863
0.971043
0.97307
0.974955
0.976708
0.978338
0.979855
0.981265
0.982576
0.983796
0.98493
0.985985
0.986966
0.987879
0.988727
0.989516
0.99025
0.990933
0.991567
0.992158
0.992707
0.993217
0.993692
0.994133
0.994544
0.994544
0.994544
0.994544
0.994544
0.994544
0.994544
0.994544
0.994544
0.994544
0.994544
0.994544
0.994544
0.994544
0.994544
0.994544
0.994544
0.994544
0.994544
0.994544
0.894544
0.908926
0.922301
0.93474
0.946308
0.957067
0.967072
0.976377
0.985031
0.993078
1.00056
1.00752
1.014
1.02002
1.02562
1.03082
1.03567
1.04017
1.04436
1.04825
1.05187
1.05524
1.05838
1.06129
1.064
1.06652
1.06886
1.07104
1.07307
1.07495
1.07671
1.07834
1.07985
1.08126
1.08258
1.0838
1.08493
1.08599
1.08697
1.08788
1.08873
1.08952
1.09025
1.09093
1.09157
1.09216
1.09271
1.09322
1.09369
1.09413
1.09454
1.09454
1.09454
1.09454
1.09454
1.09454
1.09454
1.09454
1.09454
1.09454
1.09454
1.09454
1.09454
1.09454
1.09454
1.09454
1.09454
1.09454
1.09454
1.09454
0.994544
1.00893
1.0223
1.03474
1.04631
1.05707
1.06707
1.07638
1.08503
1.09308
1.10056
1.10752
1.114
1.12002
1.12562
1.13082
1.13567
1.14017
1.14436
1.14825
1.15187
1.15524
1.15838
1.16129
1.164
1.16652
1.16886
1.17104
1.17307
1.17495
1.17671
1.17834
1.17985
1.18126
1.18258
1.1838
1.18493
1.18599
1.18697
1.18788
1.18873
1.18952
1.19025
1.19093
1.19157
1.19216
1.19271
1.19322
1.19369
1.19413
1.19454
1.19454
1.19454
1.19454
1.19454
1.19454
1.19454
1.19454
1.19454
1.19454
1.19454
1.19454
1.19454
1.19454
1.19454
1.19454
1.19454
1.19454
1.19454
1.19454
1.09454
1.10893
1.1223
1.13474
1.14631
1.15707
1.16707
1.17638
1.18503
1.19308
1.20056
1.20752
1.214
1.22002
1.22562
1.23082
1.23567
1.24017
1.24436
1.24825
1.25187
1.25524
1.25838
1.26129
1.264
1.26652
1.26886
1.27104
1.27307
1.27495
1.27671
1.27834
1.27985
1.28126
1.28258
1.2838
1.28493
1.28599
1.28697
1.28788
1.28873
1.28952
1.29025
1.29093
1.29157
1.29216
1.29271
1.29322
1.29369
1.29413
1.29454
1.29454
1.29454
1.29454
1.29454
1.29454
1.29454
1.29454
1.29454
1.29454
1.29454
1.29454
1.29454
1.29454
1.29454
1.29454
1.29454
1.29454
1.29454
1.29454
1.19454
1.20893
1.2223
1.23474
1.24631
1.25707
1.26707
1.27638
1.28503
1.29308
1.30056
1.30752
1.314
1.32002
1.32562
1.33082
1.33567
1.34017
1.34436
1.34825
1.35187
