0.000172078
6.00669e-05
3.85175e-05
3.84655e-05
-3.56746e-06
-5.17075e-06
-5.20261e-06
-2.95092e-05
-2.94288e-05
-4.39649e-05
-4.361e-05
-5.2251e-05
-5.97749e-05
-6.68177e-05
-7.36024e-05
-8.01536e-05
-8.64774e-05
-9.25857e-05
-9.84886e-05
-0.000104198
-0.000109725
-0.000115085
-0.00012029
-0.000125354
-0.000129987
-0.000134616
-0.000138287
-0.000142161
-0.000145189
-0.00014838
-0.000151451
-0.000154431
-0.00015735
-0.000160231
-0.0001631
-0.000165984
-0.000168931
-0.000172548
-0.000176211
-0.000179844
-0.000183556
-0.00018735
-0.000191225
-0.000195179
-0.000199219
-0.00020335
-0.000207572
-0.000211884
-0.000216287
-0.000220777
-0.000225235
-0.000229659
-0.00023405
-0.000238408
-0.000242732
-0.000247022
-0.000251278
-0.000255502
-0.000259693
-0.00026385
-0.000267974
-0.000272066
-0.000276124
-0.00028015
-0.000284143
-0.000288102
-0.000292029
-0.000295923
-0.000299785
-0.000303614
-0.000272196
-0.000269866
-0.000267622
-0.000265405
-0.000263215
-0.000261071
-0.000258967
-0.000256903
-0.000254876
-0.000252886
-0.000250932
-0.000249013
-0.000247128
-0.000245277
-0.000243459
-0.000241673
-0.000239918
-0.000238194
-0.000236503
-0.000234845
-0.00023322
-0.000231625
-0.000230061
-0.000228525
-0.000227018
-0.000225538
-0.000224086
-0.000222659
-0.000221258
-0.000219882
-0.00021853
-0.000217201
-0.000215895
-0.000214612
-0.00021335
-0.000212109
-0.000210884
-0.000209698
-0.000208488
-0.000207287
-0.000206095
-0.000204914
-0.000203744
-0.000202584
-0.000201434
-0.000200295
-0.000199166
-0.000198046
-0.000196936
-0.000195834
-0.000194742
-0.000193696
-0.000192637
-0.000191596
-0.000190571
-0.000189561
-0.000188566
-0.000187583
-0.000186614
-0.000185657
-0.000184712
-0.000183778
-0.000182855
-0.000181938
-0.000181019
-0.000180098
-0.000179175
-0.000178291
-0.000177403
-0.000176507
-0.000175548
-0.000174521
-0.000173424
-0.000172307
-0.000171127
-0.000169944
-0.000168841
-0.000167796
-0.000166797
-0.000165906
-0.000165078
-0.000164298
-0.000163563
-0.000162818
-0.000162052
-0.000161266
-0.000160464
-0.000159646
-0.000158812
-0.000157964
-0.000157101
-0.000156223
-0.00015533
-0.000154431
-0.000153537
-0.000152648
-0.000151764
-0.000150887
-0.000150016
-0.000149151
-0.000148291
-0.000147436
-0.000146587
-0.000145742
-0.000144901
-0.000144065
-0.000143233
-0.000142404
-0.000141579
-0.000140757
-0.000139938
-0.000139121
-0.000138306
-0.000137507
-0.000136722
-0.000135952
-0.000135196
-0.000134468
-0.000133707
-0.000132979
-0.00013228
-0.000131614
-0.000130968
-0.000130338
-0.000129722
-0.000129119
-0.000128528
-0.000127949
-0.000127381
-0.000126825
-0.00012628
-0.000125747
-0.000125225
-0.000124705
-0.000124192
-0.00012369
-0.000123189
-0.000122689
-0.000122188
-0.000121686
-0.000121451
-0.000120947
-0.000120515
-0.000120101
-0.00011968
-0.000119252
-0.000118823
-0.000118394
-0.000117951
-0.000117476
-0.000116966
-0.000116452
-0.000115936
-0.000115417
-0.000114897
-0.000114375
-0.000113852
-0.000113328
-0.000112802
-0.000112275
-0.000111749
-0.000111226
-0.000110706
-0.000110197
-0.000109699
-0.000109211
-0.000108733
-0.000108266
-0.000107808
-0.000107357
-0.00010692
-0.000106492
-0.000106074
-0.000105666
-0.000105267
-0.000104878
-0.000104498
-0.000104127
-0.000103766
-0.000103414
-0.00010307
-0.000102735
-0.000102409
-0.000102091
-0.000101779
-0.00010157
-0.000101336
-0.000101074
-0.000100782
-0.000100446
-0.000100159
-9.98646e-05
-9.95643e-05
-9.92736e-05
-9.89898e-05
-9.87107e-05
-9.84707e-05
-9.82255e-05
-9.7975e-05
-9.77194e-05
-9.74588e-05
-9.71933e-05
-9.69228e-05
-9.66466e-05
-9.63692e-05
-9.60928e-05
-9.58157e-05
-9.55387e-05
-9.52663e-05
-9.49978e-05
-9.47019e-05
-9.4349e-05
-9.39579e-05
-9.3532e-05
-9.30698e-05
-9.25681e-05
-9.21172e-05
-9.17067e-05
-9.1326e-05
-9.09696e-05
-9.0644e-05
-9.03534e-05
-9.01008e-05
-8.98746e-05
-8.96501e-05
-8.94269e-05
-8.92044e-05
-8.89823e-05
-8.87605e-05
-8.85429e-05
-8.8329e-05
-8.81183e-05
-8.79101e-05
-8.77039e-05
-8.74993e-05
-8.72956e-05
-8.70924e-05
-8.68889e-05
-8.66843e-05
-8.6486e-05
-8.63006e-05
-8.61242e-05
-8.59564e-05
-8.5797e-05
-8.56456e-05
-8.5502e-05
-8.53658e-05
-8.52368e-05
-8.51148e-05
-8.49993e-05
-8.48902e-05
-8.47781e-05
-8.46657e-05
-8.45542e-05
-8.44454e-05
-8.43394e-05
-8.42326e-05
-8.41117e-05
-8.39697e-05
-8.3802e-05
-8.36351e-05
-8.35209e-05
-8.33674e-05
-8.32064e-05
-8.30586e-05
-8.29182e-05
-8.2782e-05
-8.2648e-05
-8.25151e-05
-8.23827e-05
-8.22501e-05
-8.2117e-05
-8.19816e-05
-8.18437e-05
-8.1707e-05
-8.15724e-05
-8.144e-05
-8.13096e-05
-8.11812e-05
-8.10548e-05
-8.09292e-05
-8.08599e-05
-8.08638e-05
-8.09236e-05
-8.10187e-05
-8.1094e-05
-8.1151e-05
-8.11923e-05
-8.12138e-05
-8.12131e-05
-8.11888e-05
-8.11387e-05
-8.10609e-05
-8.09535e-05
-8.08392e-05
-8.07263e-05
-8.06149e-05
-8.05049e-05
-8.03964e-05
-8.02894e-05
-8.01837e-05
-8.00796e-05
-7.99768e-05
-7.98755e-05
-7.97756e-05
-7.96771e-05
-7.958e-05
-7.94843e-05
-7.939e-05
-7.9297e-05
-7.92053e-05
-7.9115e-05
-7.9026e-05
-7.89384e-05
-7.8852e-05
-7.87668e-05
-7.8683e-05
-7.86004e-05
-7.8519e-05
-7.84389e-05
-7.83599e-05
-7.82821e-05
-7.82055e-05
-7.81301e-05
-7.80558e-05
-7.79826e-05
-7.79109e-05
-7.78394e-05
-7.77599e-05
-7.7687e-05
-7.76215e-05
-7.75617e-05
-7.75051e-05
-7.74762e-05
-7.74384e-05
-7.73997e-05
-7.73589e-05
-7.73151e-05
-7.72678e-05
-7.72197e-05
-7.71716e-05
-7.71238e-05
-7.70768e-05
-7.70307e-05
-7.69853e-05
-7.69407e-05
-7.68968e-05
-7.68537e-05
-7.68111e-05
-7.67693e-05
-7.67277e-05
-7.65754e-05
-7.63768e-05
-7.61288e-05
-7.58374e-05
-7.55082e-05
-7.52512e-05
-7.50394e-05
-7.48586e-05
-7.47036e-05
-7.45844e-05
-7.45056e-05
-7.44709e-05
-7.44513e-05
-7.44318e-05
-7.44124e-05
-7.43931e-05
-7.43738e-05
-7.43547e-05
-7.43357e-05
-7.43168e-05
-7.42979e-05
-7.42793e-05
-7.42607e-05
-7.42423e-05
-7.4224e-05
-7.42058e-05
-7.41878e-05
-7.417e-05
-7.41523e-05
-7.41347e-05
-7.41173e-05
-7.41038e-05
-7.39949e-05
-7.39879e-05
-7.39735e-05
-7.39595e-05
-7.3946e-05
-7.3933e-05
-7.39205e-05
-7.39084e-05
-7.38968e-05
-7.38857e-05
-7.3875e-05
-7.38648e-05
-7.3855e-05
-7.38457e-05
-7.38367e-05
-7.38283e-05
-7.38202e-05
-7.3872e-05
-7.39091e-05
-7.39218e-05
-7.39577e-05
-7.4005e-05
-7.40575e-05
-7.41115e-05
-7.41649e-05
-7.42166e-05
-7.42658e-05
-7.4312e-05
-7.43549e-05
-7.43941e-05
-7.44293e-05
-7.44597e-05
-7.44851e-05
-7.45042e-05
-7.45031e-05
-7.45014e-05
-7.45005e-05
-7.44976e-05
-7.45493e-05
-7.46673e-05
-7.48341e-05
-7.50396e-05
-7.52116e-05
-7.53533e-05
-7.54644e-05
-7.55408e-05
-7.55793e-05
-7.5578e-05
-7.55743e-05
-7.55707e-05
-7.55672e-05
-7.55639e-05
-7.55607e-05
-7.55576e-05
-7.55546e-05
-7.55518e-05
-7.55491e-05
-7.55465e-05
-7.5544e-05
-7.55415e-05
-7.55392e-05
-7.55368e-05
-7.55345e-05
-7.55322e-05
-7.55299e-05
-7.55274e-05
-7.55244e-05
-7.55205e-05
-7.5514e-05
-7.55047e-05
-7.54924e-05
-7.54767e-05
-7.54573e-05
-7.5434e-05
-7.54063e-05
-7.53737e-05
-7.53356e-05
-7.52914e-05
-7.52399e-05
-7.5178e-05
-7.51236e-05
-7.5076e-05
-7.5035e-05
-7.50006e-05
-7.49678e-05
-7.4925e-05
-7.49217e-05
-7.49315e-05
-7.49514e-05
-7.50125e-05
-7.50737e-05
-7.51461e-05
-7.52292e-05
-7.53228e-05
-7.54269e-05
-7.5542e-05
-7.5672e-05
-7.57982e-05
-7.59132e-05
-7.6017e-05
-7.61138e-05
-7.62029e-05
-7.6284e-05
-7.63568e-05
-7.64208e-05
-7.64761e-05
-7.65223e-05
-7.65577e-05
-7.64993e-05
-7.63941e-05
-7.62537e-05
-7.6053e-05
-7.57922e-05
-7.55799e-05
-7.54124e-05
-7.52606e-05
-7.51064e-05
-7.49382e-05
-7.47489e-05
-7.46062e-05
-7.45433e-05
-7.45667e-05
-7.4569e-05
-7.45511e-05
-7.45263e-05
-7.45056e-05
-7.4489e-05
-7.44762e-05
-7.44673e-05
-7.4462e-05
-7.446e-05
-7.4461e-05
-7.44648e-05
-7.44713e-05
-7.44802e-05
-7.44912e-05
-7.45044e-05
-7.45194e-05
-7.45362e-05
-7.45546e-05
-7.45746e-05
-7.45961e-05
-7.46268e-05
-7.46589e-05
-7.46921e-05
-7.47265e-05
-7.47618e-05
-7.4798e-05
-7.4835e-05
-7.48729e-05
-7.49114e-05
-7.49506e-05
-7.49903e-05
-7.50306e-05
-7.50714e-05
-7.51126e-05
-7.51542e-05
-7.51962e-05
-7.53095e-05
-7.53654e-05
-7.54131e-05
-7.54769e-05
-7.5549e-05
-7.5624e-05
-7.56985e-05
-7.57711e-05
-7.58414e-05
-7.59088e-05
-7.59728e-05
-7.60329e-05
-7.60822e-05
-7.61293e-05
-7.6177e-05
-7.62252e-05
-7.6274e-05
-7.63232e-05
-7.63728e-05
-7.64217e-05
-7.65245e-05
-7.66824e-05
-7.68853e-05
-7.71282e-05
-7.73291e-05
-7.74945e-05
-7.76278e-05
-7.77381e-05
-7.78329e-05
-7.79155e-05
-7.79817e-05
-7.8028e-05
-7.80688e-05
-7.81094e-05
-7.81499e-05
-7.81902e-05
-7.82303e-05
-7.82702e-05
-7.831e-05
-7.83496e-05
-7.83891e-05
-7.84284e-05
-7.84675e-05
-7.85067e-05
-7.8546e-05
-7.85855e-05
-7.86252e-05
-7.8665e-05
-7.87049e-05
-7.8745e-05
-7.87853e-05
-7.88257e-05
-7.88663e-05
-7.8907e-05
-7.89478e-05
-7.89888e-05
-7.903e-05
-7.90712e-05
-7.91127e-05
-7.91542e-05
-7.91959e-05
-7.92377e-05
-7.92796e-05
-7.93216e-05
-7.93638e-05
-7.94061e-05
-7.94485e-05
-7.94912e-05
-7.95295e-05
-7.95764e-05
-7.96299e-05
-7.96861e-05
-7.97754e-05
-7.98515e-05
-7.99251e-05
-7.99947e-05
-8.00589e-05
-8.01175e-05
-8.01771e-05
-8.02319e-05
-8.02846e-05
-8.03338e-05
-8.03809e-05
-8.04261e-05
-8.04731e-05
-8.0526e-05
-8.05754e-05
-8.06279e-05
-8.06801e-05
-8.07323e-05
-8.0685e-05
-8.05627e-05
-8.03784e-05
-8.01382e-05
-7.98459e-05
-7.96254e-05
-7.94554e-05
-7.93245e-05
-7.92275e-05
-7.91719e-05
-7.91648e-05
-7.921e-05
-7.92728e-05
-7.9335e-05
-7.93966e-05
-7.94575e-05
-7.95178e-05
-7.95775e-05
-7.96369e-05
-7.96955e-05
-7.97535e-05
-7.98108e-05
-7.98661e-05
-7.99168e-05
-7.99815e-05
-8.00529e-05
-8.00232e-05
-8.00887e-05
-8.01475e-05
-8.02063e-05
-8.0265e-05
-8.03237e-05
-8.03823e-05
-8.04408e-05
-8.04993e-05
-8.05577e-05
-8.0616e-05
-8.06742e-05
-8.07323e-05
-8.07903e-05
-8.08482e-05
-8.0906e-05
-8.09637e-05
-8.10213e-05
-8.10787e-05
-8.1136e-05
-8.11931e-05
-8.12501e-05
-8.13866e-05
-8.14802e-05
-8.15885e-05
-8.17021e-05
-8.18383e-05
-8.19848e-05
-8.2135e-05
-8.22852e-05
-8.24331e-05
-8.25774e-05
-8.27174e-05
-8.28524e-05
-8.29819e-05
-8.31057e-05
-8.32233e-05
-8.33344e-05
-8.34373e-05
-8.35335e-05
-8.36042e-05
-8.36634e-05
-8.37178e-05
-8.37709e-05
-8.39192e-05
-8.41486e-05
-8.44433e-05
-8.47815e-05
-8.50759e-05
-8.53325e-05
-8.55506e-05
-8.57252e-05
-8.5853e-05
-8.59309e-05
-8.59718e-05
-8.60124e-05
-8.60529e-05
-8.60933e-05
-8.61336e-05
-8.61739e-05
-8.6214e-05
-8.62541e-05
-8.62939e-05
-8.6333e-05
-8.63709e-05
-8.64075e-05
-8.64401e-05
-8.64672e-05
-8.64886e-05
-8.65043e-05
-8.65139e-05
-8.65174e-05
-8.65144e-05
-8.65048e-05
-8.64881e-05
-8.64641e-05
-8.64324e-05
-8.63924e-05
-8.63437e-05
-8.62854e-05
-8.62165e-05
-8.61319e-05
-8.60576e-05
-8.59921e-05
-8.59353e-05
-8.58871e-05
-8.58475e-05
-8.58164e-05
-8.57936e-05
-8.5779e-05
-8.57725e-05
-8.57679e-05
-8.57764e-05
-8.57924e-05
-8.58134e-05
-8.58475e-05
-8.58925e-05
-8.59694e-05
-8.60486e-05
-8.61419e-05
-8.62488e-05
-8.63688e-05
-8.65018e-05
-8.66476e-05
-8.68064e-05
-8.6978e-05
-8.71627e-05
-8.73618e-05
-8.75573e-05
-8.77379e-05
-8.79036e-05
-8.80542e-05
-8.81898e-05
-8.83142e-05
-8.83604e-05
-8.83348e-05
-8.82396e-05
-8.8069e-05
-8.78218e-05
-8.75641e-05
-8.72895e-05
-8.69909e-05
-8.66645e-05
-8.63057e-05
-8.59109e-05
-8.5477e-05
-8.5002e-05
-8.44837e-05
-8.39198e-05
-8.40199e-05
-8.39471e-05
-8.40059e-05
-8.40714e-05
-8.41443e-05
-8.4225e-05
-8.43138e-05
-8.44116e-05
-8.45135e-05
-8.4612e-05
-8.47082e-05
-8.48023e-05
-8.48945e-05
-8.49848e-05
-8.50733e-05
-8.516e-05
-8.52452e-05
-8.53288e-05
-8.54109e-05
-8.54916e-05
-8.55738e-05
-8.5667e-05
-8.57677e-05
-8.58676e-05
-8.59664e-05
-8.60643e-05
-8.61613e-05
-8.62574e-05
-8.63527e-05
-8.64471e-05
-8.65406e-05
-8.66334e-05
-8.67254e-05
-8.68166e-05
-8.69071e-05
-8.70941e-05
-8.71946e-05
-8.72958e-05
-8.74136e-05
-8.75385e-05
-8.76648e-05
-8.77896e-05
-8.79107e-05
-8.80272e-05
-8.81372e-05
-8.82418e-05
-8.83365e-05
-8.84275e-05
-8.85185e-05
-8.86077e-05
-8.86951e-05
-8.87805e-05
-8.88651e-05
-8.89492e-05
-8.90342e-05
-8.92423e-05
-8.9518e-05
-8.98611e-05
-9.02466e-05
-9.05828e-05
-9.08761e-05
-9.11232e-05
-9.13181e-05
-9.14565e-05
-9.15351e-05
-9.15997e-05
-9.16638e-05
-9.17275e-05
-9.17906e-05
-9.18534e-05
-9.19156e-05
-9.19772e-05
-9.20384e-05
-9.2099e-05
-9.2159e-05
-9.22184e-05
-9.22771e-05
-9.23333e-05
-9.23816e-05
-9.24173e-05
-9.2463e-05
-9.25308e-05
-9.26095e-05
-9.26911e-05
-9.27727e-05
-9.28541e-05
-9.29355e-05
-9.30168e-05
-9.30981e-05
-9.31794e-05
-9.32606e-05
-9.33418e-05
-9.3423e-05
-9.35042e-05
-9.35984e-05
-9.36798e-05
-9.37612e-05
-9.38426e-05
-9.39258e-05
-9.40152e-05
-9.41162e-05
-9.42194e-05
-9.44245e-05
-9.4718e-05
-9.49736e-05
-9.52199e-05
-9.54009e-05
-9.56203e-05
-9.58562e-05
-9.60965e-05
-9.63346e-05
-9.6567e-05
-9.67914e-05
-9.70067e-05
-9.7212e-05
-9.7407e-05
-9.75912e-05
-9.77643e-05
-9.79261e-05
-9.80764e-05
-9.82146e-05
-9.83406e-05
-9.84545e-05
-9.85539e-05
-9.86585e-05
-9.86689e-05
-9.85825e-05
-9.83982e-05
-9.81234e-05
-9.77574e-05
-9.74057e-05
-9.70521e-05
-9.67119e-05
-9.63961e-05
-9.60934e-05
-9.57972e-05
-9.55078e-05
-9.52264e-05
-9.49544e-05
-9.46933e-05
-9.44446e-05
-9.42118e-05
-9.39984e-05
-9.38076e-05
