0
-0.00392797
-0.00258989
-0.000635812
-0.0732359
-0.0588627
-0.028987
-0.00788736
0.0141914
-0.00780103
-0.00662992
-0.0159042
-0.0225269
-0.0279819
-0.0331382
-0.0381477
-0.0430501
-0.0478438
-0.0525343
-0.0571325
-0.0616511
-0.0661036
-0.0705033
-0.0748632
-0.0791176
-0.0834526
-0.0875481
-0.0919127
-0.0960565
-0.100647
-0.105007
-0.109417
-0.113881
-0.11841
-0.123017
-0.127727
-0.13267
-0.122582
-0.114994
-0.107423
-0.099864
-0.0923164
-0.0847776
-0.0772462
-0.0697201
-0.0621974
-0.0546751
-0.0471501
-0.0396191
-0.0320784
-0.0245165
-0.0169386
-0.00934037
-0.00171703
0.00593596
0.0135599
0.0207048
0.0278998
0.0351486
0.0424554
0.0498247
0.0572619
0.0647725
0.0723618
0.0800325
0.0877959
0.0956546
0.103615
0.111683
0.119865
0.128171
0.109662
0.160964
0.201916
0.232385
0.216752
0.205785
0.196552
0.188389
0.180946
0.174032
0.167537
0.161395
0.155565
0.150015
0.144724
0.139672
0.134843
0.127259
0.120011
0.113005
0.106094
0.0996237
0.0932982
0.0871098
0.0810507
0.0751136
0.0692809
0.0635426
0.0578926
0.0523207
0.0468193
0.0413826
0.0359949
0.0306032
0.0255102
0.0255712
0.0323444
0.0296768
0.0304013
0.0313613
0.0324656
0.0336582
0.0349035
0.0361796
0.0374724
0.0387727
0.0400737
0.0413702
0.0426577
0.0439322
0.0265556
0.0133332
0.0153295
0.0143223
0.0115955
0.00787478
0.0035661
-0.00110605
-0.00601848
-0.0111063
-0.0163441
-0.0217478
-0.0117862
-0.007442
-0.00322184
0.000933238
0.023533
0.0360745
0.0482384
0.0628717
0.0175116
0.00223901
0.0609217
0.105253
0.145995
0.180727
0.215777
0.250735
0.260793
0.239882
0.21661
0.194619
0.184987
0.175338
0.16828
0.163823
0.160177
0.157144
0.154593
0.152438
0.150614
0.149078
0.146578
0.146051
0.146186
0.146816
0.147844
0.149213
0.150889
0.152849
0.155083
0.157589
0.160366
0.163413
0.166734
0.170333
0.174219
0.178405
0.182913
0.187781
0.193096
0.199251
0.191195
0.184632
0.17825
0.172059
0.136231
0.0901992
0.0826357
0.0732163
0.0765563
0.0826513
0.084409
0.0837054
0.0816007
0.0786846
0.0752812
0.0715655
0.0676296
0.0635144
0.0592164
0.0546563
0.0585478
0.0586403
0.0771563
0.0808761
0.0845995
0.0882294
0.0918718
0.0955796
0.139136
0.169614
0.193711
0.198313
0.200633
0.202345
0.203989
0.204589
0.203286
0.200772
0.198197
0.196295
0.194976
0.194199
0.193936
0.194164
0.194867
0.19604
0.197257
0.19729
0.197433
0.198127
0.189755
0.182372
0.175249
0.168374
0.161735
0.155321
0.155293
0.142572
0.136755
0.131125
0.125674
0.120397
0.115287
0.110338
0.10555
0.100931
0.0960983
0.0921672
0.0882345
0.0842829
0.0802876
0.0803418
0.0884152
0.097985
0.106686
0.114614
0.12051
0.0946603
0.0590818
0.0587335
0.066517
0.0711487
0.0712132
0.0876204
0.0880232
0.0893699
0.0909324
0.0926875
0.0946139
0.0966925
0.0989291
0.103224
0.109329
0.11427
0.118599
0.118153
0.117603
0.116996
0.153989
0.19066
0.218253
0.24028
0.261634
0.246541
0.231358
0.221697
0.215026
0.207912
0.202267
0.197761
0.193427
0.188324
0.183791
0.179813
0.176368
0.173435
0.171117
0.169278
0.167901
0.166977
0.166505
0.166491
0.166953
0.167933
0.169523
0.172032
0.171993
0.156714
0.149961
0.143429
0.137106
0.130985
0.125056
0.119313
0.113749
0.108362
0.103149
0.0981509
0.099765
0.100843
0.101008
0.0994704
0.0994901
0.100826
0.109426
0.116244
0.121743
0.118852
0.0916178
0.0825391
0.0836952
0.0898725
0.0944898
0.0982748
0.101634
0.104794
0.107884
0.110977
0.114111
0.117349
0.120659
0.121287
0.121071
0.120738
0.120303
0.119766
0.119123
0.118372
0.154727
0.190517
0.216956
0.233672
0.223979
0.217263
0.209876
0.202915
0.196565
0.191161
0.186391
0.182204
0.178556
0.174464
0.170229
0.166146
0.162261
0.158588
0.155125
0.151864
0.14879
0.145894
0.143169
0.140609
0.138208
0.13596
0.133859
0.131901
0.130081
0.128383
0.126806
0.12536
0.124042
0.122848
0.121776
0.120824
0.119988
0.119266
0.118656
0.118154
0.117757
0.117453
0.117226
0.11706
0.116938
0.116603
0.117176
0.123485
0.119667
0.115203
0.110399
0.1121
0.0979647
0.0976831
0.101954
0.105701
0.109186
0.112556
0.115989
0.118924
0.119639
0.119788
0.119832
0.119778
0.119627
0.119379
0.119033
0.118587
0.118037
0.117382
0.153883
0.190801
0.216851
0.237907
0.259255
0.244667
0.229734
0.220178
0.213154
0.206111
0.200518
0.196022
0.19072
0.18506
0.179737
0.17475
0.170087
0.165727
0.161649
0.15783
0.154249
0.150891
0.147744
0.144799
0.142047
0.139478
0.137086
0.134863
0.132802
0.130885
0.129125
0.129125
0.117744
0.122859
0.122935
0.120868
0.119346
0.118187
0.117282
0.116569
0.116011
0.115581
0.115252
0.115002
0.114815
0.114677
0.114572
0.11449
0.114417
0.0861603
0.0564424
0.0548237
0.0640861
0.0705882
0.0755747
0.0797468
0.0834978
0.0870476
0.0905204
0.093987
0.0974843
0.101032
0.104644
0.108337
0.11207
0.115492
0.11927
0.119649
0.119121
0.11869
0.155271
0.191602
0.217648
0.234356
0.226551
0.218773
0.211786
0.205592
0.20029
0.195699
0.190458
0.185327
0.180453
0.175874
0.171599
0.16762
0.163921
0.160484
0.157289
0.154317
0.151549
0.148973
0.14658
0.144365
0.142321
0.14044
0.138718
0.137243
0.136117
0.135333
0.13492
0.134852
0.135128
0.135753
0.136734
0.138083
0.139818
0.141969
0.144586
0.147758
0.151704
0.157525
0.152833
0.148675
0.144668
0.140805
0.140759
0.130215
0.123745
0.119653
0.113917
0.0901336
0.0861248
0.084907
0.081724
0.0773239
0.0720837
0.066084
0.0574903
0.0638849
0.0666994
0.0695481
0.0740009
0.0784073
0.0827419
0.0870525
0.0913674
0.0957034
0.100071
0.104477
0.140999
0.177328
0.211652
0.24172
0.270695
0.266336
0.261736
0.260108
0.260024
0.260878
0.262489
0.262569
0.227403
0.20026
0.195555
0.191311
0.183553
0.174287
0.167572
0.162245
0.157746
0.153855
0.15039
0.147247
0.144363
0.141701
0.139238
0.136957
0.134848
0.132889
0.131074
0.129408
0.127875
0.126354
0.120521
0.119351
0.118327
0.117428
0.116653
0.115997
0.115458
0.115026
0.114684
0.114415
0.114206
0.114043
0.113913
0.113819
0.113721
0.113621
0.0864728
0.0770447
0.0792269
0.0859216
0.0910505
0.0953677
0.0992742
0.102846
0.106055
0.109192
0.112363
0.115595
0.119046
0.120603
0.120414
0.120105
0.119693
0.119178
0.118563
0.117902
0.154882
0.191859
0.219716
0.236449
0.22827
0.2204
0.21314
0.206371
0.199978
0.193999
0.188583
0.183728
0.178946
0.174335
0.17
0.165943
0.162155
0.158618
0.155314
0.152225
0.149332
0.146621
0.144084
0.141602
0.139217
0.136987
0.134907
0.132972
0.131177
0.129507
0.12796
0.126547
0.125263
0.124106
0.123074
0.122163
0.121371
0.120696
0.120134
0.119683
0.119339
0.119092
0.118925
0.118821
0.118767
0.118746
0.118743
0.118731
0.121087
0.116573
0.111739
0.113559
0.0996713
0.0995674
0.103669
0.10725
0.11057
0.113782
0.117121
0.11996
0.120655
0.121952
0.123917
0.124704
0.123552
0.120196
0.121434
0.119309
0.118713
0.118015
0.154958
0.191751
0.219125
0.24043
0.259747
0.245646
0.230401
0.220662
0.213922
0.206882
0.20125
0.196764
0.19137
0.185594
0.18019
0.175143
0.17043
0.166026
0.161752
0.157941
0.154375
0.151041
0.148581
0.149928
0.141658
0.141668
0.127762
0.131795
0.133057
0.129704
0.127078
0.124941
0.123137
0.121576
0.120209
0.119007
0.117954
0.117037
0.116249
0.115585
0.115039
0.1146
0.11425
0.113973
0.113755
0.113582
0.113442
0.113322
0.0849307
0.042125
0.0491947
0.0544554
0.0626236
0.0685384
0.0732212
0.0772479
0.0809415
0.0844826
0.0879738
0.0914735
0.095012
0.0986053
0.102265
0.105997
0.109828
0.113609
0.117404
0.118498
0.118282
0.117957
0.154698
0.191219
0.21641
0.231181
0.224489
0.216704
0.209712
0.203511
0.198209
0.193631
0.189325
0.184501
0.179788
0.175291
0.171056
0.167092
0.163395
0.159952
0.156849
0.154165
0.151884
0.149989
0.148503
0.147407
0.14667
0.146282
0.146235
0.146526
0.147152
0.148109
0.149401
0.15104
0.153036
0.155409
0.158197
0.16147
0.165421
0.171792
0.166427
0.161789
0.157333
0.15305
0.148931
0.144966
0.141145
0.137463
0.133909
0.133875
0.125872
0.122608
0.118133
0.117429
0.116224
0.104376
0.0969045
0.0929549
0.0882243
0.0830048
0.0774564
0.0716619
0.0656509
0.0594139
0.0528834
0.0455651
0.0528825
0.0562986
0.0596977
0.0631269
0.0666087
0.0703694
0.106559
0.142623
0.177975
0.208297
0.237804
0.234248
0.22922
0.227216
0.226844
0.227337
0.22841
0.229964
0.231986
0.234512
0.237643
0.237695
0.202784
0.170442
0.171207
0.170953
0.170218
0.169358
0.168484
0.164167
0.156268
0.150596
0.146434
0.143186
0.140514
0.13822
0.136199
0.134403
0.132794
0.131345
0.130011
0.127455
0.121168
0.116366
0.115519
0.114798
0.114188
0.113681
0.113264
0.112919
0.112635
0.112396
0.112191
0.112006
0.11183
0.111652
0.0852987
0.074717
0.0789059
0.0854973
0.0906474
0.0950279
0.0990167
0.102826
0.106576
0.110355
0.113953
0.117452
0.119332
0.1193
0.119982
0.120667
0.121259
0.121193
0.120897
0.12048
0.157778
0.193401
0.217736
0.232039
0.225206
0.218087
0.211674
0.206048
0.201283
0.197242
0.192207
0.187049
0.182202
0.177681
0.173482
0.169589
0.165983
0.162642
0.159545
0.156674
0.154009
0.151601
0.150084
0.1498
0.151773
0.144505
0.136034
0.129233
0.126085
0.1244
0.122851
0.121441
0.120163
0.119013
0.117987
0.117082
0.116294
0.115621
0.115061
0.109194
0.114186
0.113944
0.113744
0.112863
0.110314
0.105712
0.105722
0.0783345
0.045972
0.0211977
0.0263085
0.0154627
0.0295231
0.0388392
0.045484
0.0506375
0.0549668
0.0588473
0.0624912
0.0660184
0.0694934
0.0729511
0.0764131
0.0798919
0.0833952
0.08692
0.0904787
0.0942762
0.0982498
0.102282
0.138372
0.173844
0.206188
0.235349
0.263774
0.253595
0.242481
0.233915
0.226585
0.22157
0.218183
0.215618
0.213671
0.212235
0.211251
0.210683
0.210563
0.210881
0.211629
