1.65183e-05
1.1931e-05
7.61191e-06
5.62755e-06
6.57876e-07
-1.44077e-06
-2.10918e-06
-4.45919e-06
-5.0285e-06
-6.21557e-06
-6.14601e-06
-6.39873e-06
-6.64109e-06
-6.80792e-06
-6.90644e-06
-6.9554e-06
-6.97706e-06
-6.99626e-06
-7.03905e-06
-7.13243e-06
-7.30411e-06
-7.58225e-06
-7.99535e-06
-8.57204e-06
-9.31167e-06
-1.02716e-05
-1.13991e-05
-1.28017e-05
-1.44378e-05
-1.64039e-05
-1.87261e-05
-2.14316e-05
-2.45469e-05
-2.80979e-05
-3.21088e-05
-3.66031e-05
-4.16056e-05
-4.71939e-05
-5.33467e-05
-6.00563e-05
-6.73378e-05
-7.52055e-05
-8.36725e-05
-9.27509e-05
-0.000102453
-0.00011279
-0.000123773
-0.000135413
-0.000147717
-0.000160695
-0.000174343
-0.000188666
-0.000203668
-0.000219358
-0.000235742
-0.000252828
-0.000270622
-0.000289131
-0.00030836
-0.000328315
-0.000349
-0.000370421
-0.00039258
-0.000415481
-0.000439127
-0.00046352
-0.000488663
-0.000514556
-0.0005412
-0.000568597
-0.000593365
-0.000620419
-0.000648916
-0.000678483
-0.000708948
-0.000740229
-0.000772281
-0.00080507
-0.000838569
-0.000872755
-0.000907603
-0.000943086
-0.000979179
-0.00101586
-0.00105309
-0.00109085
-0.00112911
-0.00116784
-0.00120701
-0.00124659
-0.00128655
-0.00132686
-0.00136749
-0.00140841
-0.00144959
-0.00149099
-0.0015326
-0.00157437
-0.00161628
-0.0016583
-0.0017004
-0.00174255
-0.00178472
-0.00182689
-0.00186903
-0.00191111
-0.00195311
-0.001995
-0.00203675
-0.00207835
-0.00211976
-0.00216098
-0.00220197
-0.00224272
-0.00228321
-0.00232341
-0.00236332
-0.00240292
-0.00244218
-0.00248109
-0.00251965
-0.00255784
-0.00259563
-0.00263303
-0.00267003
-0.0027066
-0.00274275
-0.00277846
-0.00281373
-0.00284855
-0.00288292
-0.00291683
-0.00295027
-0.00298324
-0.00301574
-0.00304777
-0.00307932
-0.0031104
-0.00314101
-0.00317114
-0.0032008
-0.00322997
-0.00325867
-0.00328689
-0.00331465
-0.00334195
-0.00336881
-0.00339522
-0.00342121
-0.00344678
-0.00347192
-0.00349666
-0.00352098
-0.0035449
-0.00356841
-0.00359152
-0.00361424
-0.00363658
-0.00365855
-0.00368015
-0.00370139
-0.00372229
-0.00374285
-0.00376308
-0.00378299
-0.00380259
-0.00382189
-0.0038409
-0.00385963
-0.00387809
-0.00389628
-0.00391422
-0.00393192
-0.00394937
-0.0039666
-0.0039836
-0.0040004
-0.00401699
-0.00403338
-0.00404959
-0.00406561
-0.00408147
-0.00409716
-0.00411269
-0.00412807
-0.00414331
-0.00415841
-0.00417339
-0.00418824
-0.00420297
-0.00421759
-0.00423212
-0.00424654
-0.00426087
-0.0042751
-0.00428926
-0.00430333
-0.00431732
-0.00433125
-0.0043451
-0.00435889
-0.00437262
-0.0043863
-0.00439992
-0.00441348
-0.004427
-0.00444048
-0.00445391
-0.0044673
-0.00448065
-0.00449399
-0.00450728
-0.00452054
-0.00453377
-0.00454697
-0.00456014
-0.00457329
-0.00458641
-0.0045995
-0.00461257
-0.00462561
-0.00463863
-0.00465163
-0.0046646
-0.00467756
-0.0046905
-0.00470342
-0.00471632
-0.0047292
-0.00474206
-0.0047549
-0.00476772
-0.00478053
-0.00479331
-0.00480607
-0.00481881
-0.00483153
-0.00484423
-0.0048569
-0.00486954
-0.00488216
-0.00489475
-0.00490731
-0.00491984
-0.00493234
-0.0049448
-0.00495723
-0.00496962
-0.00498198
-0.00499429
-0.00500657
-0.0050188
-0.00503099
-0.00504314
-0.00505523
-0.00506729
-0.0050793
-0.00509126
-0.00510316
-0.00511501
-0.0051268
-0.00513853
-0.00515021
-0.00516183
-0.0051734
-0.00518491
-0.00519636
-0.00520776
-0.0052191
-0.00523037
-0.00524158
-0.00525273
-0.00526381
-0.00527484
-0.0052858
-0.00529669
-0.00530753
-0.00531829
-0.005329
-0.00533965
-0.00535022
-0.00536073
-0.00537117
-0.00538154
-0.00539184
-0.00540208
-0.00541225
-0.00542237
-0.00543243
-0.00544244
-0.00545238
-0.00546227
-0.00547211
-0.00548188
-0.0054916
-0.00550125
-0.00551084
-0.00552037
-0.00552983
-0.00553923
-0.00554858
-0.00555786
-0.00556707
-0.00557623
-0.00558533
-0.00559437
-0.00560335
-0.00561227
-0.00562113
-0.00562993
-0.00563868
-0.00564738
-0.00565602
-0.0056646
-0.00567313
-0.00568161
-0.00569004
-0.00569842
-0.00570675
-0.00571502
-0.00572325
-0.00573143
-0.00573956
-0.00574764
-0.00575568
-0.00576368
-0.00577163
-0.00577953
-0.00578739
-0.0057952
-0.00580298
-0.00581072
-0.00581842
-0.00582608
-0.00583371
-0.0058413
-0.00584886
-0.00585639
-0.00586388
-0.00587134
-0.00587878
-0.00588618
-0.00589356
-0.0059009
-0.00590822
-0.00591552
-0.00592278
-0.00593003
-0.00593725
-0.00594445
-0.00595162
-0.00595878
-0.00596592
-0.00597306
-0.00598017
-0.00598727
-0.00599435
-0.00600141
-0.00600844
-0.00601545
-0.00602244
-0.00602941
-0.00603636
-0.0060433
-0.00605021
-0.00605711
-0.00606401
-0.00607089
-0.00607775
-0.00608461
-0.00609146
-0.0060983
-0.00610514
-0.00611196
-0.00611878
-0.00612559
-0.00613239
-0.00613918
-0.00614597
-0.00615275
-0.00615953
-0.0061663
-0.00617306
-0.00617981
-0.00618656
-0.00619331
-0.00620004
-0.00620677
-0.0062135
-0.00622022
-0.00622693
-0.00623363
-0.00624033
-0.00624702
-0.00625371
-0.00626038
-0.00626705
-0.00627372
-0.00628037
-0.00628702
-0.00629366
-0.00630029
-0.00630692
-0.00631353
-0.00632014
-0.00632675
-0.00633334
-0.00633992
-0.00634649
-0.00635305
-0.0063596
-0.00636614
-0.00637267
-0.00637919
-0.00638569
-0.00639219
-0.00639868
-0.00640515
-0.00641162
-0.00641807
-0.00642451
-0.00643093
-0.00643733
-0.00644371
-0.00645007
-0.00645641
-0.00646275
-0.00646908
-0.00647541
-0.00648173
-0.00648804
-0.00649434
-0.00650064
-0.00650693
-0.0065132
-0.00651946
-0.0065257
-0.00653192
-0.00653813
-0.00654431
-0.00655049
-0.00655664
-0.00656277
-0.00656889
-0.00657498
-0.00658106
-0.00658712
-0.00659316
-0.00659919
-0.00660519
-0.00661117
-0.00661714
-0.00662309
-0.00662901
-0.00663492
-0.00664081
-0.00664669
-0.00665254
-0.00665838
-0.00666421
-0.00667001
-0.0066758
-0.00668157
-0.00668732
-0.00669306
-0.00669878
-0.00670449
-0.00671018
-0.00671586
-0.00672152
-0.00672717
-0.00673281
-0.00673843
-0.00674404
-0.00674963
-0.00675522
-0.00676079
-0.00676635
-0.0067719
-0.00677744
-0.00678296
-0.00678848
-0.00679398
-0.00679948
-0.00680496
-0.00681043
-0.0068159
-0.00682136
-0.00682681
-0.00683225
-0.00683768
-0.00684312
-0.00684856
-0.006854
-0.00685945
-0.00686489
-0.00687033
-0.00687575
-0.00688117
-0.00688658
-0.00689199
-0.00689739
-0.00690279
-0.00690819
-0.00691359
-0.006919
-0.00692441
-0.00692982
-0.00693524
-0.00694066
-0.00694608
-0.00695151
-0.00695694
-0.00696238
-0.00696783
-0.00697328
-0.00697874
-0.0069842
-0.00698967
-0.00699514
-0.00700062
-0.00700611
-0.0070116
-0.00701709
-0.0070226
-0.00702811
-0.00703362
-0.00703914
-0.00704467
-0.0070502
-0.00705573
-0.00706127
-0.00706682
-0.00707237
-0.00707792
-0.00708348
-0.00708905
-0.00709462
-0.00710019
-0.00710577
-0.00711136
-0.00711695
-0.00712255
-0.00712815
-0.00713376
-0.00713936
-0.00714497
-0.00715058
-0.00715619
-0.0071618
-0.00716741
-0.00717302
-0.00717862
-0.00718422
-0.00718982
-0.00719542
-0.00720101
-0.0072066
-0.00721219
-0.00721777
-0.00722336
-0.00722893
-0.00723449
-0.00724004
-0.00724559
-0.00725113
-0.00725667
-0.00726222
-0.00726777
-0.00727332
-0.00727887
-0.00728441
-0.00728996
-0.00729552
-0.00730109
-0.00730665
-0.00731221
-0.00731777
-0.00732331
-0.00732886
-0.00733439
-0.00733992
-0.00734544
-0.00735095
-0.00735646
-0.00736195
-0.00736744
-0.00737291
-0.00737838
-0.00738384
-0.00738928
-0.00739472
-0.00740014
-0.00740556
-0.00741096
-0.00741635
-0.00742173
-0.0074271
-0.00743246
-0.00743781
-0.00744315
-0.00744848
-0.00745379
-0.0074591
-0.00746439
-0.00746968
-0.00747495
-0.00748022
-0.00748547
-0.00749072
-0.00749596
-0.00750119
-0.00750642
-0.00751163
-0.00751684
-0.00752204
-0.00752723
-0.00753242
-0.0075376
-0.00754278
-0.00754795
-0.00755312
-0.00755828
-0.00756343
-0.00756858
-0.00757373
-0.00757887
-0.00758402
-0.00758916
-0.0075943
-0.00759944
-0.00760458
-0.00760973
-0.00761489
-0.00762006
-0.00762522
-0.00763039
-0.00763554
-0.0076407
-0.00764585
-0.00765101
-0.00765617
-0.00766133
-0.00766649
-0.00767166
-0.00767683
-0.00768202
-0.00768721
-0.0076924
-0.00769761
-0.00770282
-0.00770804
-0.00771328
-0.00771852
-0.00772377
-0.00772903
-0.0077343
-0.00773958
-0.00774487
-0.00775018
-0.00775549
-0.00776081
-0.00776614
-0.00777149
-0.00777684
-0.00778221
-0.00778758
-0.00779297
-0.00779837
-0.00780377
-0.00780919
-0.00781462
-0.00782006
-0.0078255
-0.00783096
-0.00783643
-0.0078419
-0.00784739
-0.00785288
-0.00785838
-0.00786389
-0.00786941
-0.00787494
-0.00788048
-0.00788603
-0.00789158
-0.00789714
-0.00790271
-0.00790828
-0.00791386
-0.00791945
-0.00792504
-0.00793063
-0.00793624
-0.00794184
-0.00794745
-0.00795307
-0.00795869
-0.00796432
-0.00796996
-0.00797559
-0.00798123
-0.00798685
-0.00799247
-0.00799809
-0.0080037
-0.00800932
-0.00801495
-0.0080206
-0.00802625
-0.00803192
-0.00803759
-0.00804327
-0.00804895
-0.00805464
-0.00806033
-0.00806601
-0.00807169
-0.00807737
-0.00808305
-0.00808872
-0.00809438
-0.00810004
-0.0081057
-0.00811134
-0.00811699
-0.00812263
-0.00812825
-0.00813388
-0.00813949
-0.00814511
-0.00815071
-0.00815631
-0.00816191
-0.00816749
-0.00817307
-0.00817865
-0.00818421
-0.00818977
-0.00819532
-0.00820087
-0.00820641
-0.00821194
-0.00821747
-0.00822299
-0.0082285
-0.00823401
-0.00823952
-0.00824502
-0.00825052
-0.00825601
-0.0082615
-0.00826699
-0.00827248
-0.00827796
-0.00828344
-0.00828892
-0.0082944
-0.00829987
-0.00830534
-0.00831081
-0.00831627
-0.00832173
-0.0083272
-0.00833266
-0.00833812
-0.00834358
-0.00834904
-0.00835451
-0.00835997
-0.00836544
-0.00837092
-0.00837642
-0.00838194
-0.00838746
-0.008393
-0.00839853
-0.00840406
-0.0084096
-0.00841514
-0.00842067
-0.00842621
-0.00843176
-0.00843732
-0.0084429
-0.00844848
-0.00845408
-0.00845969
-0.00846532
-0.00847097
-0.00847662
-0.0084823
-0.00848799
-0.0084937
-0.00849942
-0.00850516
-0.00851091
-0.00851668
-0.00852246
-0.00852826
-0.00853408
-0.00853991
-0.00854576
-0.00855163
-0.00855751
-0.0085634
-0.00856931
-0.00857523
-0.00858117
-0.00858712
-0.00859309
-0.00859907
-0.00860507
-0.00861108
-0.00861711
-0.00862314
-0.0086292
-0.00863526
-0.00864133
-0.00864741
-0.0086535
-0.0086596
-0.00866571
-0.00867183
-0.00867795
-0.00868408
-0.00869021
-0.00869635
-0.0087025
-0.00870864
-0.00871479
-0.00872094
-0.0087271
-0.00873325
-0.0087394
-0.00874556
-0.00875171
-0.00875786
-0.008764
-0.00877014
-0.00877627
-0.00878239
-0.00878851
-0.00879461
-0.0088007
-0.00880677
-0.00881285
-0.00881892
-0.00882498
-0.00883105
-0.00883711
-0.00884317
-0.00884922
-0.00885527
-0.00886131
-0.00886735
-0.00887344
-0.00887954
-0.00888564
-0.00889175
-0.00889785
-0.00890394
-0.00891001
-0.00891608
-0.00892213
-0.00892816
-0.00893418
-0.00894017
-0.00894615
-0.00895211
-0.00895806
-0.00896398
-0.00896988
-0.00897577
-0.00898163
-0.00898747
-0.0089933
-0.00899911
-0.0090049
-0.00901067
-0.00901643
-0.00902217
-0.00902789
-0.00903359
-0.00903928
-0.00904495
-0.00905061
-0.00905626
-0.00906189
-0.00906751
-0.00907311
-0.00907872
-0.00908431
-0.00908988
-0.00909545
-0.00910102
-0.00910658
-0.00911213
-0.00911767
-0.00912321
-0.00912875
-0.00913428
-0.00913981
-0.00914534
-0.00915087
-0.0091564
-0.00916193
-0.00916746
-0.009173
-0.00917854
-0.00918409
-0.00918965
-0.00919524
-0.00920084
-0.00920645
-0.00921207
-0.0092177
-0.00922332
-0.00922895
-0.00923458
-0.00924021
-0.00924585
-0.00925151
-0.00925718
-0.00926286
-0.00926856
-0.00927428
-0.00928002
-0.00928578
-0.00929156
-0.00929735
-0.00930317
-0.00930901
-0.00931487
-0.00932075
-0.00932664
-0.00933257
-0.00933851
-0.00934448
-0.00935047
-0.00935648
-0.00936252
-0.00936857
-0.00937465
-0.00938075
-0.00938687
-0.00939301
-0.00939917
-0.00940535
-0.00941155
-0.00941777
-0.00942401
-0.00943027
-0.00943655
-0.00944284
-0.00944916
-0.00945549
-0.00946184
-0.00946822
-0.00947462
-0.00948105
-0.00948748
-0.00949393
-0.00950039
-0.00950686
-0.00951335
-0.00951986
-0.00952637
-0.0095329
-0.00953944
-0.00954599
-0.00955256
-0.00955913
-0.00956572
-0.00957232
-0.00957893
-0.00958555
-0.00959219
-0.00959884
-0.0096055
-0.00961217
-0.00961885
-0.00962554
-0.00963222
-0.00963891
-0.00964559
-0.0096523
-0.00965901
-0.00966575
-0.0096725
-0.00967928
-0.00968607
-0.00969288
-0.0096997
-0.00970653
-0.00971338
-0.00972024
-0.0097271
-0.00973398
-0.00974087
