0
2.27766
-0.118982
-1.23758
-0.118916
-0.388903
-0.408645
-0.350554
-0.179666
0.164215
-0.00137172
0.0835266
0.06029
0.052667
0.0500608
0.0480097
0.0460047
0.0438778
0.0417402
0.0396615
0.0376712
0.0357807
0.0339919
0.0323018
0.0301441
0.0293774
0.02622
0.0268915
0.0237851
0.0256456
0.022513
0.0213931
0.0202666
0.019177
0.018152
0.0172797
0.0172914
-0.0922757
-0.0763017
-0.0774775
-0.0786109
-0.0797369
-0.08079
-0.0817522
-0.0826332
-0.0834374
-0.0841699
-0.0848329
-0.0854292
-0.0859614
-0.0864909
-0.0868595
-0.0871872
-0.0874671
-0.0876938
-0.0874069
-0.0837741
-0.0838896
-0.0839484
-0.0839493
-0.0838928
-0.0837924
-0.0836478
-0.0834518
-0.083186
-0.0829132
-0.0825672
-0.0821734
-0.0817339
-0.0812516
-0.0807315
0.17214
-0.172421
-0.172621
-0.131008
0.042561
0.0241044
0.0215651
0.0209044
0.0210439
0.0215118
0.0221058
0.0227428
0.0233894
0.0240334
0.024669
0.0252999
0.0259244
0.0478549
0.047403
0.0474829
0.0485317
0.0469764
0.0474501
0.0478731
0.0482539
0.0485946
0.0489726
0.0493373
0.0496635
0.0500026
0.0503199
0.0505792
0.0508824
0.0514982
0.0498687
0.0128847
-0.043449
0.031768
0.0169596
0.0126718
0.0104143
0.0093408
0.00897816
0.00903552
0.00934841
0.00982385
0.0104095
0.0110757
0.0118055
0.0125892
0.130596
0.163193
0.0225461
0.0403686
0.0508363
0.0571203
0.061037
0.0636193
0.0654391
0.0668307
0.0680542
0.0693835
-0.0475789
0.000207979
0.0015638
0.00245092
-0.130998
-0.0758251
-0.0630206
-0.0786662
0.528186
0.391132
-0.0263818
-0.175385
-0.16301
-0.0962567
-0.101806
-0.102109
-0.163313
-0.0365274
-0.022824
-0.00895522
0.0360279
0.0713302
0.072169
0.062085
0.0607148
0.0603034
0.0605479
0.0612523
0.0622746
0.0634868
0.0718408
0.0553865
0.0477928
0.0438057
0.0418314
0.0409694
0.0407134
0.0408251
0.0410987
0.0413868
0.041704
0.0420184
0.0423087
0.0425574
0.042744
0.0428392
0.0427886
0.0424745
0.0415508
0.037862
0.14225
0.133998
0.134955
0.135776
0.314155
0.48022
0.141964
0.160613
0.0589517
0.0773168
0.102952
0.117927
0.126983
0.132776
0.136778
0.139809
0.142313
0.144572
0.146891
0.149793
0.0895213
0.117474
-0.044321
0.0953421
0.0972776
0.0997917
0.101301
0.102335
0.144748
0.178522
0.16402
0.133155
0.104941
0.0866086
0.076724
0.0827825
0.101924
0.117644
0.121575
0.119146
0.118255
0.118046
0.118196
0.118518
0.118898
0.11925
0.122566
0.134611
0.137268
0.136672
0.204845
0.200736
0.201644
0.202507
0.203323
0.204093
0.160664
0.253904
0.206409
0.207027
0.207602
0.208132
0.208622
0.209071
0.209464
0.209708
0.212722
0.207557
0.208879
0.210274
0.211818
0.183535
0.113062
0.102103
0.123583
0.13804
0.16021
0.372242
0.465812
0.236287
0.152341
0.172692
0.20466
0.0715942
0.208495
0.20149
0.200626
0.200137
0.199962
0.200048
0.200114
0.183613
0.169296
0.180884
0.187924
0.22471
0.227428
0.229688
0.327521
0.220623
0.230088
0.245909
0.239
0.232875
0.230331
0.215903
0.212859
0.2289
0.226777
0.225396
0.229466
0.23938
0.240353
0.240913
0.241248
0.241448
0.240844
0.240827
0.240812
0.240746
0.240574
0.240254
0.239713
0.238804
0.237158
0.233252
0.25421
0.36592
0.307045
0.307599
0.308136
0.308634
0.309094
0.309515
0.309896
0.310228
0.310481
0.310388
0.264405
0.26955
0.277515
0.291175
0.281177
0.265327
0.21066
0.23557
0.254325
0.318381
0.460887
0.398993
0.310906
0.256764
0.268419
0.275277
0.279482
0.28222
0.284134
0.285588
0.286843
0.287686
0.288813
0.309996
0.317849
0.320417
0.322878
0.325351
0.32784
0.330347
0.416898
0.317757
0.332641
0.333302
0.340168
0.320798
0.32997
0.331884
0.332557
0.330714
0.330949
0.331302
0.331744
0.339154
0.344457
0.347352
0.349594
0.351487
0.353191
0.354798
0.356355
0.35785
0.359259
0.360598
0.361874
0.363096
0.36427
0.365394
0.366476
0.367615
0.36871
0.369634
0.370536
0.371409
0.372256
0.37308
0.373886
0.374676
0.375455
0.376232
0.377011
0.377858
0.378839
0.379945
0.381166
0.384243
0.37927
0.339551
0.414103
0.420349
0.413652
0.402091
0.505434
0.41404
0.371978
0.376237
0.379101
0.381179
0.38221
0.387325
0.404933
0.41068
0.413111
0.415501
0.417888
0.420282
0.422689
0.425114
0.427566
0.430025
0.532532
0.418839
0.445098
0.455696
0.437253
0.420426
0.427485
0.414526
0.414898
0.427951
0.426135
0.425163
0.435798
0.443221
0.445667
0.447631
0.449347
0.450933
0.452452
0.453941
0.455417
0.456854
0.458217
0.459515
0.460759
0.46195
0.463093
0.464194
0.465255
0.466387
0.467351
0.456548
0.537396
0.420613
0.463919
0.481224
0.477887
0.476317
0.475779
0.475807
0.476149
0.476728
0.47753
0.478498
0.479598
0.480811
0.482125
0.48353
0.485022
0.652384
0.7254
0.541465
0.428662
0.449147
0.460864
0.467705
0.471843
0.474492
0.476307
0.47766
0.478815
0.479894
0.480926
0.481866
0.483167
0.487041
0.48598
0.512324
0.520747
0.52183
0.608112
0.505608
0.528851
0.532848
0.519082
0.52154
0.520326
0.519726
0.518473
0.518421
0.52819
0.532576
0.535445
0.537639
0.539468
0.541102
0.542635
0.544118
0.545577
0.54703
0.548483
0.549904
0.551251
0.552536
0.553771
0.554953
0.556089
0.556515
0.556143
0.55578
0.55514
0.554616
0.554059
0.553447
0.552759
0.551963
0.551019
0.549853
0.548333
0.546164
0.542448
0.530865
0.608208
0.606282
0.607047
0.60783
0.582348
0.660773
0.643999
0.609487
0.615346
0.778511
0.641417
0.610492
0.624106
0.633112
0.639812
0.64613
0.665772
0.555651
0.587199
0.588022
0.575112
0.576791
0.578759
0.580364
0.581777
0.583098
0.584384
0.585666
0.724605
0.61614
0.563312
0.580352
0.575829
0.549894
0.51953
0.519989
0.530398
0.541829
0.550982
0.614699
0.887778
0.816791
0.663355
0.661631
0.686971
0.694504
0.673362
0.663323
0.658765
0.656507
0.655897
0.656166
0.656895
0.657855
0.658917
0.660015
0.661115
0.662301
0.663459
0.664476
0.66555
0.667416
0.700228
0.668576
0.669291
0.670106
0.670892
0.671661
0.672423
0.673243
0.674187
0.675243
0.676401
0.677654
0.678999
0.680321
0.681939
0.683531
0.847196
0.796565
0.694351
0.646111
0.658197
0.665088
0.669257
0.673011
0.677045
0.679027
0.680311
0.681469
0.681435
0.69687
0.711276
0.713867
0.716325
0.718788
0.72122
0.723265
0.805162
0.701401
0.71245
0.736318
0.719929
0.721058
0.72162
0.723574
0.726428
0.728806
0.729777
0.730405
0.734341
0.737425
0.739492
0.741264
0.742883
0.744425
0.745932
0.747427
0.748922
0.750386
0.751784
0.753919
0.755647
0.756861
0.758025
0.759143
0.760217
0.76135
0.76244
0.763362
0.764257
0.765125
0.765969
0.766792
0.767595
0.768383
0.769161
0.769936
0.77071
0.771552
0.772529
0.773625
0.774834
0.776154
0.777605
0.77924
0.763777
0.814864
0.807985
0.795356
0.898052
0.806201
0.767204
0.771444
0.774299
0.776345
0.776986
0.782011
0.799147
0.796456
0.793392
0.803617
0.819426
0.837152
0.805524
0.831669
0.822282
0.824735
0.923179
0.814812
0.827083
0.847598
0.848813
0.814608
0.823018
0.809535
0.806986
0.82255
0.821183
0.819862
0.831248
0.838804
0.840938
0.842733
0.84436
0.845899
0.848508
0.848533
0.849956
0.851328
0.84793
0.823478
0.895217
0.837879
0.936956
0.809637
0.838264
0.874871
0.87011
0.867667
0.866689
0.866506
0.86675
0.867219
0.867806
0.868452
0.869128
0.86982
0.870523
0.871297
0.872203
0.873225
0.874354
0.875582
0.876902
0.878311
1.04102
1.23833
0.820814
0.870196
0.832532
0.848348
0.857456
0.862833
0.866142
0.868313
0.869848
0.871029
0.872071
0.873073
0.874045
0.875017
0.875846
0.877811
0.879208
0.900346
0.911592
0.914186
0.999184
0.896263
0.932673
0.937457
0.905482
0.915229
0.913669
0.91287
0.91144
0.911196
0.914118
0.922814
0.926973
0.929868
0.932076
0.933918
0.935568
0.937114
0.937874
0.937915
0.937955
0.937979
0.937737
0.937486
0.937391
0.937303
0.937204
0.937081
0.936924
0.936766
0.936547
0.936188
0.935724
0.935097
0.9342
0.932781
0.929985
0.91474
1.0009
0.997754
0.99839
0.999042
0.999738
1.00047
1.00124
1.00204
1.00286
0.979386
1.0383
1.00587
1.00543
1.0141
1.01124
1.08144
1.05759
1.02584
1.03236
1.03694
1.04044
1.04333
1.04601
1.04873
1.0519
1.05857
0.949892
0.98408
0.98533
0.986207
0.986932
0.985717
1.12297
1.01203
0.941106
0.971118
0.964476
0.94696
0.913352
0.912783
0.922353
0.934393
0.944972
0.953359
0.959653
0.964086
0.966575
1.04981
1.31723
1.28479
1.02109
1.03225
1.03969
1.04446
1.04825
1.0745
1.09724
1.07752
1.0658
1.05989
1.05721
1.05638
1.05648
1.05697
1.05773
1.05867
1.05988
1.07065
1.09923
1.0905
1.06389
1.06473
1.06561
1.06652
1.06753
1.06864
1.06985
1.07115
1.07253
1.074
1.07555
1.07717
1.23179
1.20506
1.0687
1.04054
1.05158
1.05812
1.06215
1.06478
1.06662
1.06788
1.07074
1.07302
1.08645
1.102
1.09849
1.10015
1.10253
1.10903
1.11242
1.11502
1.19534
1.10656
1.13932
1.13566
1.10509
1.10985
1.1094
1.10893
1.10801
1.10793
1.12037
1.12627
1.12867
1.1306
1.13229
1.13385
1.13535
1.13682
1.13828
1.13974
1.1412
1.14218
1.13849
1.13223
1.11858
1.1873
1.19821
1.18821
1.164
1.15548
1.15641
1.15725
1.15809
1.15891
1.15972
1.16051
1.16128
1.16205
1.1628
1.20235
1.12594
1.16499
1.16618
1.17258
1.18607
1.2023
1.17047
1.36948
1.36051
1.38794
1.13566
1.30666
1.0755
1.11219
1.13313
1.14521
1.15234
1.1567
1.15951
1.16146
1.16298
1.16431
1.16552
1.16668
1.16783
1.16903
1.1702
1.16994
1.17012
1.17129
1.30764
1.20326
1.16495
1.17058
1.16329
1.17801
1.16253
1.16843
1.18264
1.1836
1.18378
1.18687
1.19011
1.1932
1.19605
1.19865
1.20067
1.20242
1.20395
