0.000104932
8.14706e-05
5.79961e-05
4.75968e-05
1.71847e-05
2.86083e-06
-3.57129e-06
-2.13918e-05
-2.91758e-05
-4.15116e-05
-4.66531e-05
-5.41269e-05
-6.18482e-05
-6.93041e-05
-7.6405e-05
-8.31234e-05
-8.94473e-05
-9.53756e-05
-0.000100911
-0.000106061
-0.000110832
-0.000115236
-0.000119285
-0.000122992
-0.000126185
-0.000129052
-0.000131092
-0.000132802
-0.000133755
-0.000134389
-0.000134719
-0.000134776
-0.000134592
-0.000134201
-0.000133634
-0.000132927
-0.000132126
-0.000131627
-0.000131219
-0.000130771
-0.000130293
-0.000129796
-0.000129286
-0.000128765
-0.000128244
-0.00012773
-0.000127229
-0.000126747
-0.000126286
-0.000125848
-0.000125363
-0.000124801
-0.000124152
-0.000123413
-0.000122585
-0.000121669
-0.00012067
-0.00011959
-0.000118434
-0.000117203
-0.000115903
-0.000114537
-0.000113108
-0.00011162
-0.000110076
-0.000108481
-0.000106837
-0.000105148
-0.000103417
-0.000101649
-7.83736e-05
-6.36482e-05
-5.26995e-05
-4.34501e-05
-3.50145e-05
-2.70306e-05
-1.93458e-05
-1.18991e-05
-4.66856e-06
2.35089e-06
9.15768e-06
1.57477e-05
2.21159e-05
2.82577e-05
3.41686e-05
3.98447e-05
4.52827e-05
5.04799e-05
5.54317e-05
6.01358e-05
6.45908e-05
6.87961e-05
7.27521e-05
7.64595e-05
7.99196e-05
8.31339e-05
8.61044e-05
8.88337e-05
9.13246e-05
9.35803e-05
9.56044e-05
9.74008e-05
9.89736e-05
0.000100328
0.000101467
0.000102398
0.000103127
0.000103648
0.000103998
0.000104178
0.000104188
0.000104033
0.000103719
0.000103249
0.000102631
0.00010187
0.000100973
9.99458e-05
9.8795e-05
9.7527e-05
9.61484e-05
9.4643e-05
9.30426e-05
9.13465e-05
8.95588e-05
8.76856e-05
8.57334e-05
8.37088e-05
8.16184e-05
7.94687e-05
7.72659e-05
7.50164e-05
7.27262e-05
7.04045e-05
6.80628e-05
6.57087e-05
6.33483e-05
6.09619e-05
5.85702e-05
5.61872e-05
5.38544e-05
5.1595e-05
4.94219e-05
4.73132e-05
4.52869e-05
4.33152e-05
4.13381e-05
3.93442e-05
3.73384e-05
3.52859e-05
3.32008e-05
3.10997e-05
2.89934e-05
2.69198e-05
2.49044e-05
2.29581e-05
2.10841e-05
1.92839e-05
1.75589e-05
1.59099e-05
1.43377e-05
1.2843e-05
1.14263e-05
1.00829e-05
8.8048e-06
7.58768e-06
6.4295e-06
5.32926e-06
4.28654e-06
3.30111e-06
2.37282e-06
1.50152e-06
6.86982e-07
-7.11258e-08
-7.73191e-07
-1.4197e-06
-2.01124e-06
-2.54847e-06
-3.0321e-06
-3.46293e-06
-3.84178e-06
-4.1695e-06
-4.44668e-06
-4.68305e-06
-4.88275e-06
-5.04825e-06
-5.18124e-06
-5.29139e-06
-5.34691e-06
-5.37534e-06
-5.38639e-06
-5.38808e-06
-5.37626e-06
-5.34761e-06
-5.30022e-06
-5.23332e-06
-5.14693e-06
-5.0416e-06
-4.91819e-06
-4.77775e-06
-4.62145e-06
-4.45052e-06
-4.26629e-06
-4.06426e-06
-3.84548e-06
-3.61516e-06
-3.36895e-06
-3.10558e-06
-2.82463e-06
-2.52621e-06
-2.37459e-06
-2.11414e-06
-1.84289e-06
-1.57238e-06
-1.29152e-06
-9.96419e-07
-6.89014e-07
-3.72378e-07
-3.97068e-08
3.23742e-07
7.23735e-07
1.14459e-06
1.57787e-06
2.01903e-06
2.46532e-06
2.91493e-06
3.3665e-06
3.81897e-06
4.27145e-06
4.72309e-06
5.17149e-06
5.61395e-06
6.04932e-06
6.47141e-06
6.87781e-06
7.26724e-06
7.63893e-06
7.99235e-06
8.32714e-06
8.64498e-06
8.9422e-06
9.21938e-06
9.47672e-06
9.7143e-06
9.93211e-06
1.01302e-05
1.03085e-05
1.04673e-05
1.06064e-05
1.07262e-05
1.08271e-05
1.09093e-05
1.0973e-05
1.10181e-05
1.1047e-05
1.10018e-05
1.0935e-05
1.08716e-05
1.08244e-05
1.08062e-05
1.07673e-05
1.07197e-05
1.06686e-05
1.06069e-05
1.05332e-05
1.04485e-05
1.03325e-05
1.02038e-05
1.00705e-05
9.93639e-06
9.80313e-06
9.67167e-06
9.54263e-06
9.41687e-06
9.29221e-06
9.16654e-06
9.04022e-06
8.91303e-06
8.78222e-06
8.6473e-06
8.52726e-06
8.44841e-06
8.41066e-06
8.41184e-06
8.45199e-06
8.53295e-06
8.60024e-06
8.63677e-06
8.64174e-06
8.61805e-06
8.56312e-06
8.47331e-06
8.34539e-06
8.18521e-06
8.01044e-06
7.82926e-06
7.64561e-06
7.46153e-06
7.27825e-06
7.09394e-06
6.90834e-06
6.72184e-06
6.53509e-06
6.34885e-06
6.1639e-06
5.98102e-06
5.80103e-06
5.62476e-06
5.45329e-06
5.28255e-06
5.10694e-06
4.92652e-06
4.74164e-06
4.55271e-06
4.36023e-06
4.16468e-06
3.96655e-06
3.76634e-06
3.56452e-06
3.36156e-06
3.15796e-06
2.95971e-06
2.7678e-06
2.58205e-06
2.40126e-06
2.22502e-06
2.05532e-06
1.90118e-06
1.77068e-06
1.67013e-06
1.58594e-06
1.48058e-06
1.39405e-06
1.32409e-06
1.25702e-06
1.19043e-06
1.12523e-06
1.06292e-06
1.00478e-06
9.51734e-07
9.04412e-07
8.63269e-07
8.29564e-07
8.03841e-07
7.83933e-07
7.68319e-07
7.5626e-07
7.47366e-07
7.41398e-07
7.38185e-07
7.3834e-07
7.08116e-07
6.2269e-07
4.82111e-07
2.98992e-07
1.12553e-07
-6.12308e-08
-2.16894e-07
-3.4961e-07
-4.5583e-07
-5.3313e-07
-5.79233e-07
-5.92023e-07
-5.69587e-07
-5.25093e-07
-4.69444e-07
-4.075e-07
-3.41506e-07
-2.72584e-07
-2.01365e-07
-1.28263e-07
-5.36058e-08
2.23338e-08
9.92992e-08
1.77048e-07
2.55359e-07
3.34008e-07
4.12785e-07
4.91484e-07
5.69917e-07
6.47892e-07
7.2523e-07
8.01769e-07
8.77339e-07
9.51791e-07
1.02498e-06
1.09677e-06
1.16703e-06
1.23565e-06
1.30251e-06
1.36751e-06
1.43056e-06
1.49156e-06
1.55043e-06
1.60711e-06
1.66151e-06
1.71338e-06
1.76329e-06
1.81652e-06
1.86638e-06
1.90952e-06
1.9454e-06
1.9754e-06
1.98511e-06
1.99078e-06
1.99445e-06
1.99781e-06
2.0021e-06
2.00821e-06
2.01492e-06
2.02116e-06
2.02634e-06
2.02989e-06
2.03159e-06
2.03139e-06
2.02932e-06
2.02543e-06
2.01975e-06
2.01236e-06
2.00332e-06
1.99291e-06
2.04901e-06
2.16129e-06
2.32712e-06
2.54148e-06
2.79857e-06
3.02846e-06
3.21756e-06
3.3684e-06
3.48527e-06
3.56385e-06
3.59938e-06
3.58775e-06
3.54492e-06
3.48702e-06
3.42112e-06
3.35039e-06
3.27631e-06
3.19964e-06
3.12082e-06
3.04017e-06
2.95793e-06
2.87432e-06
2.78954e-06
2.7038e-06
2.61728e-06
2.53017e-06
2.44264e-06
2.35487e-06
2.26704e-06
2.1793e-06
2.0918e-06
2.00241e-06
1.97086e-06
1.90246e-06
1.82329e-06
1.73982e-06
1.65487e-06
1.56974e-06
1.48506e-06
1.40116e-06
1.31826e-06
1.23651e-06
1.15603e-06
1.07694e-06
9.99349e-07
9.23335e-07
8.48992e-07
7.76405e-07
7.0564e-07
6.00546e-07
4.9107e-07
3.96183e-07
2.95039e-07
1.85826e-07
7.17667e-08
-4.34898e-08
-1.57053e-07
-2.66886e-07
-3.71605e-07
-4.70274e-07
-5.62217e-07
-6.46929e-07
-7.23981e-07
-7.92716e-07
-8.5265e-07
-9.02851e-07
-9.34434e-07
-9.55641e-07
-9.70877e-07
-9.80418e-07
-1.0189e-06
-1.10837e-06
-1.24749e-06
-1.42945e-06
-1.60703e-06
-1.76191e-06
-1.8859e-06
-1.97291e-06
-2.01853e-06
-2.01966e-06
-1.9979e-06
-1.9642e-06
-1.92341e-06
-1.87774e-06
-1.82824e-06
-1.7755e-06
-1.71989e-06
-1.66168e-06
-1.60111e-06
-1.53837e-06
-1.47367e-06
-1.40721e-06
-1.33915e-06
-1.26967e-06
-1.19895e-06
-1.12716e-06
-1.05444e-06
-9.80867e-07
-9.06369e-07
-8.30794e-07
-7.5311e-07
-6.72819e-07
-5.89661e-07
-5.03443e-07
-4.13995e-07
-3.21119e-07
-2.24585e-07
-1.24103e-07
-1.92996e-08
9.0345e-08
2.05647e-07
3.28703e-07
4.49416e-07
5.63809e-07
6.70141e-07
7.67649e-07
8.59018e-07
9.52356e-07
1.02093e-06
1.06945e-06
1.10167e-06
1.10032e-06
1.08313e-06
1.05099e-06
1.00472e-06
9.44886e-07
8.71819e-07
7.85511e-07
6.83709e-07
5.77021e-07
4.74599e-07
3.80529e-07
2.94164e-07
2.15618e-07
1.4532e-07
8.37263e-08
3.12403e-08
-1.17999e-08
-4.51149e-08
-6.7377e-08
-2.75547e-08
6.75493e-08
2.0787e-07
4.04094e-07
6.60495e-07
9.1234e-07
1.13375e-06
1.33124e-06
1.5184e-06
1.70776e-06
1.90892e-06
2.08432e-06
2.19744e-06
2.22858e-06
2.23488e-06
2.24038e-06
2.2474e-06
2.25028e-06
2.24686e-06
2.23634e-06
2.21858e-06
2.19381e-06
2.16244e-06
2.12493e-06
2.08174e-06
2.03336e-06
1.98024e-06
1.92282e-06
1.86154e-06
1.79679e-06
1.72898e-06
1.65847e-06
1.58562e-06
1.51063e-06
1.42908e-06
1.344e-06
1.25692e-06
1.16864e-06
1.07969e-06
9.90425e-07
9.01167e-07
8.12183e-07
7.23723e-07
6.36007e-07
5.49256e-07
4.63669e-07
3.79432e-07
2.96729e-07
2.15711e-07
1.36524e-07
1.60205e-08
-8.57543e-08
-1.72944e-07
-2.62065e-07
-3.55494e-07
-4.50807e-07
-5.44901e-07
-6.35539e-07
-7.21465e-07
-8.01743e-07
-8.75647e-07
-9.42591e-07
-9.98049e-07
-1.04543e-06
-1.08782e-06
-1.12657e-06
-1.16229e-06
-1.19524e-06
-1.22556e-06
-1.25254e-06
-1.30939e-06
-1.41089e-06
-1.55727e-06
-1.74535e-06
-1.92366e-06
-2.07383e-06
-2.19008e-06
-2.27543e-06
-2.33582e-06
-2.37574e-06
-2.39469e-06
-2.39035e-06
-2.37071e-06
-2.34247e-06
-2.30864e-06
-2.27062e-06
-2.22914e-06
-2.18462e-06
-2.13734e-06
-2.08755e-06
-2.03546e-06
-1.98127e-06
-1.92518e-06
-1.86749e-06
-1.8085e-06
-1.74843e-06
-1.68749e-06
-1.62584e-06
-1.56366e-06
-1.50111e-06
-1.43833e-06
-1.37547e-06
-1.31268e-06
-1.25009e-06
-1.18782e-06
-1.12602e-06
-1.06478e-06
-1.00422e-06
-9.44457e-07
-8.85578e-07
-8.27679e-07
-7.70852e-07
-7.15184e-07
-6.6075e-07
-6.07627e-07
-5.55888e-07
-5.05607e-07
-4.56866e-07
-4.06999e-07
-3.62793e-07
-3.25855e-07
-2.94588e-07
-2.86815e-07
-2.81921e-07
-2.77622e-07
-2.71831e-07
-2.62971e-07
-2.5008e-07
-2.36888e-07
-2.21365e-07
-2.0426e-07
-1.85079e-07
-1.64503e-07
-1.42873e-07
-1.22586e-07
-1.07244e-07
-9.25936e-08
-8.08287e-08
-7.08438e-08
-6.22957e-08
5.70588e-09
1.44105e-07
3.49677e-07
6.16938e-07
9.40947e-07
1.24369e-06
1.5044e-06
1.72086e-06
1.89525e-06
2.02376e-06
2.10053e-06
2.12058e-06
2.10322e-06
2.0679e-06
2.02311e-06
1.97266e-06
1.91829e-06
1.86087e-06
1.80073e-06
1.73835e-06
1.67409e-06
1.6082e-06
1.54172e-06
1.47676e-06
1.40304e-06
1.32064e-06
1.29561e-06
1.23647e-06
1.16616e-06
1.09071e-06
1.01275e-06
9.3352e-07
8.53649e-07
7.73514e-07
6.93367e-07
6.13416e-07
5.33844e-07
4.54812e-07
3.76472e-07
2.9898e-07
2.22469e-07
1.47072e-07
7.29172e-08
1.20135e-10
-7.12018e-08
-1.40951e-07
-2.09019e-07
-2.75327e-07
-3.88384e-07
-4.94161e-07
-6.04562e-07
-7.18957e-07
-8.47345e-07
-9.86583e-07
-1.13112e-06
-1.27614e-06
-1.41814e-06
-1.55473e-06
-1.68429e-06
-1.8057e-06
-1.91816e-06
-2.02101e-06
-2.11373e-06
-2.19584e-06
-2.26614e-06
-2.32504e-06
-2.3612e-06
-2.37842e-06
-2.38247e-06
-2.37801e-06
-2.42598e-06
-2.5439e-06
-2.72956e-06
-2.96844e-06
-3.20092e-06
-3.40489e-06
-3.57026e-06
-3.68967e-06
-3.75784e-06
-3.7708e-06
-3.73472e-06
-3.6749e-06
-3.60246e-06
-3.52236e-06
-3.43691e-06
-3.34726e-06
-3.25408e-06
-3.15782e-06
-3.05871e-06
-2.95677e-06
-2.85192e-06
-2.74406e-06
-2.63183e-06
-2.51378e-06
-2.38937e-06
-2.25846e-06
-2.12103e-06
-1.97711e-06
-1.82674e-06
-1.66993e-06
-1.50666e-06
-1.33688e-06
-1.16051e-06
-9.77409e-07
-7.87331e-07
-5.89906e-07
-3.84429e-07
-1.67787e-07
4.53991e-08
2.49577e-07
4.42249e-07
6.22257e-07
7.89059e-07
9.42387e-07
1.08212e-06
1.20825e-06
1.32079e-06
1.42353e-06
1.51123e-06
1.58511e-06
1.64716e-06
1.69343e-06
1.72352e-06
1.72464e-06
1.7094e-06
1.67609e-06
1.62454e-06
1.55501e-06
1.46792e-06
1.36366e-06
1.24262e-06
1.10515e-06
9.51492e-07
7.81169e-07
6.05236e-07
4.35488e-07
2.77272e-07
1.33099e-07
4.2096e-09
-1.11112e-07
-1.72606e-07
-1.66911e-07
-8.96493e-08
6.4446e-08
2.98124e-07
5.71858e-07
8.72356e-07
1.19773e-06
1.54919e-06
1.92954e-06
2.34176e-06
2.78836e-06
3.27123e-06
3.79184e-06
4.35168e-06
4.51789e-06
4.6153e-06
4.59782e-06
4.52198e-06
4.41209e-06
4.27854e-06
4.12598e-06
3.95626e-06
3.77355e-06
3.58463e-06
3.39209e-06
3.19731e-06
3.00119e-06
2.8044e-06
2.60755e-06
2.41115e-06
2.2157e-06
2.02165e-06
1.82944e-06
1.63943e-06
1.45033e-06
1.25605e-06
1.0562e-06
8.56101e-07
6.58268e-07
4.63974e-07
2.73938e-07
8.86369e-08
-9.15796e-08
-2.66428e-07
-4.35661e-07
-5.99069e-07
-7.56472e-07
-9.07702e-07
-1.05262e-06
-1.25041e-06
-1.41471e-06
-1.56157e-06
-1.70757e-06
-1.85388e-06
-1.99762e-06
-2.13559e-06
-2.26525e-06
-2.38476e-06
-2.49225e-06
-2.58764e-06
-2.66812e-06
-2.73632e-06
-2.79578e-06
-2.84695e-06
-2.89002e-06
-2.92514e-06
-2.95317e-06
-2.97474e-06
-2.99107e-06
-3.07732e-06
-3.23188e-06
-3.45373e-06
-3.72706e-06
-3.9889e-06
-4.21599e-06
-4.39623e-06
-4.52069e-06
-4.58303e-06
-4.57857e-06
-4.53351e-06
-4.46749e-06
-4.3892e-06
-4.30257e-06
-4.20951e-06
-4.11103e-06
-4.00776e-06
-3.90019e-06
-3.7887e-06
-3.67366e-06
-3.55539e-06
-3.43413e-06
-3.30918e-06
-3.17709e-06
-3.03367e-06
-2.89115e-06
-2.76231e-06
-2.64598e-06
-2.53694e-06
-2.43123e-06
-2.32726e-06
-2.22446e-06
-2.12272e-06
-2.02209e-06
-1.92271e-06
-1.82474e-06
-1.72835e-06
-1.6337e-06
-1.54095e-06
-1.45809e-06
-1.37298e-06
-1.28823e-06
-1.20505e-06
-1.12507e-06
-1.05172e-06
-9.89813e-07
-9.35678e-07
-9.48573e-07
-1.04559e-06
-1.1568e-06
-1.26942e-06
-1.3437e-06
-1.42575e-06
-1.5218e-06
-1.62707e-06
-1.73538e-06
-1.84167e-06
-1.94236e-06
-2.03505e-06
-2.11816e-06
-2.19061e-06
-2.25165e-06
-2.30073e-06
-2.33744e-06
-2.36145e-06
-2.37224e-06
-2.36953e-06
-2.35331e-06
-2.32215e-06
-2.28746e-06
-2.19363e-06
-2.01537e-06
-1.74134e-06
-1.37164e-06
-9.06338e-07
-4.10388e-07
9.77068e-08
6.00121e-07
1.082e-06
1.54338e-06
1.98798e-06
2.41673e-06
2.82898e-06
3.22331e-06
3.59791e-06
3.95087e-06
4.27896e-06
4.57854e-06
4.84596e-06
