0
0.000252115
0.000247883
0.000195483
0.000154325
-0.000194559
-0.00094672
-0.00145693
-0.00224976
-0.00258479
-0.00301898
-0.00322836
-0.00336569
-0.0034957
-0.00363795
-0.00380102
-0.00398374
-0.00418553
-0.00440611
-0.00464537
-0.00490325
-0.00517968
-0.00547459
-0.00578789
-0.00611935
-0.00646886
-0.00683592
-0.00722055
-0.0076221
-0.00803902
-0.00847248
-0.00892235
-0.00938835
-0.00987007
-0.010367
-0.0108783
-0.0114027
-0.011917
-0.0124151
-0.0129001
-0.0133917
-0.0138896
-0.0143924
-0.0148991
-0.0154093
-0.0159221
-0.0164365
-0.0169511
-0.0174649
-0.0179765
-0.0184743
-0.0189633
-0.0194448
-0.0199191
-0.0203861
-0.0208451
-0.0212956
-0.0217368
-0.0221679
-0.0225884
-0.0229976
-0.0233948
-0.0237792
-0.0241502
-0.0245071
-0.0248492
-0.0251757
-0.0254861
-0.0257795
-0.0260555
-0.0263132
-0.026065
-0.0259207
-0.0258207
-0.0257332
-0.025678
-0.025612
-0.0255302
-0.0254298
-0.025309
-0.0251671
-0.0250035
-0.0248179
-0.02461
-0.0243796
-0.0241265
-0.0238505
-0.0235514
-0.023237
-0.0229026
-0.0225476
-0.0221722
-0.0217803
-0.0213716
-0.0209456
-0.020502
-0.0200404
-0.0195603
-0.0190609
-0.0185417
-0.0180019
-0.0174411
-0.0168581
-0.0162522
-0.0156218
-0.0149688
-0.0143108
-0.013587
-0.0128278
-0.0120352
-0.0112086
-0.0103473
-0.00945043
-0.00851701
-0.00754605
-0.00653646
-0.00548714
-0.00439694
-0.00326464
-0.00208898
-0.000868653
0.000110046
0.00104605
0.00193714
0.00276109
0.00350485
0.00416053
0.00472313
0.00518922
0.0055563
0.00582241
0.00598577
0.00604474
0.00598535
0.00582045
0.00554818
0.00516668
0.00485168
0.00457763
0.00434193
0.00420719
0.00402329
0.00379155
0.00361262
0.00338715
0.00312511
0.00283848
0.00252324
0.00217794
0.00179327
0.00136355
0.00089807
0.000399325
-0.000133087
-0.000699295
-0.00129981
-0.00193496
-0.00260541
-0.00331178
-0.00405473
-0.00483495
-0.00565316
-0.00651011
-0.00740592
-0.00834035
-0.00931388
-0.0103271
-0.0113808
-0.0124756
-0.0136124
-0.0147918
-0.0160147
-0.0172819
-0.0185944
-0.019953
-0.0213587
-0.0228121
-0.0243142
-0.0258659
-0.027468
-0.0291216
-0.0308274
-0.0325862
-0.0344167
-0.0363046
-0.0382513
-0.0402584
-0.0420953
-0.0438226
-0.0454908
-0.0470973
-0.0486434
-0.0501615
-0.0516326
-0.053046
-0.0543955
-0.0556774
-0.0568892
-0.0580292
-0.0590961
-0.0600889
-0.0610067
-0.0618485
-0.0626014
-0.0633511
-0.0639724
-0.0645276
-0.0650177
-0.0654418
-0.0657989
-0.0660879
-0.066276
-0.066371
-0.0663837
-0.0663234
-0.0661932
-0.0659948
-0.065729
-0.0653981
-0.064999
-0.0645302
-0.0639944
-0.0633851
-0.0627022
-0.061945
-0.061113
-0.0602059
-0.0592228
-0.0581633
-0.0570249
-0.0558008
-0.0544883
-0.0530852
-0.051595
-0.0500245
-0.0483723
-0.0466371
-0.0448175
-0.0429121
-0.0409997
-0.0389757
-0.0368923
-0.0347475
-0.0325393
-0.0302654
-0.0279235
-0.0255115
-0.0230264
-0.0204646
-0.0178741
-0.0152556
-0.012607
-0.0099265
-0.00721204
-0.00449024
-0.00172609
0.00106926
0.00389868
0.00676496
0.00967127
0.0123108
0.0147874
0.0172408
0.0196517
0.0219981
0.0243473
0.0265443
0.0286468
0.030656
0.0325711
0.0343916
0.0361171
0.0377474
0.0392819
0.0407226
0.0420706
0.0433237
0.0444804
0.0455389
0.0464985
0.0473584
0.0481293
0.0488153
0.0494188
0.0499404
0.0503811
0.0506342
0.0508073
0.0509017
0.0509178
0.0508546
0.0507131
0.0504941
0.0501957
0.0498134
0.0493467
0.0487953
0.0481587
0.0474365
0.046628
0.0457327
0.04475
0.0436794
0.0425201
0.0412715
0.0399327
0.0385029
0.0369813
0.0353676
0.0337471
0.0319865
0.0301597
0.0282648
0.0263001
0.0242636
0.0221534
0.0199675
0.0177039
0.0153601
0.0129335
0.0104198
0.0078736
0.00528958
0.00266541
-1.8638e-06
-0.00267658
-0.00540606
-0.00817253
-0.0109792
-0.0138294
-0.0167245
-0.0193599
-0.0219203
-0.0244324
-0.0268843
-0.029263
-0.0315616
-0.0337763
-0.0359049
-0.0379463
-0.0398998
-0.0417648
-0.043541
-0.045228
-0.0468253
-0.0483324
-0.0497489
-0.0510743
-0.0523083
-0.0534502
-0.0544995
-0.0554712
-0.0563563
-0.0571681
-0.0578901
-0.0584421
-0.0589143
-0.05931
-0.059632
-0.0598854
-0.0600725
-0.0601936
-0.060249
-0.0602391
-0.0601621
-0.0600173
-0.0598043
-0.0595229
-0.0591727
-0.0587533
-0.0582643
-0.0577052
-0.0570755
-0.0563747
-0.0556022
-0.0547572
-0.0538391
-0.052847
-0.0517803
-0.0506378
-0.0494189
-0.0481226
-0.0467478
-0.0452934
-0.0437582
-0.0421412
-0.0404412
-0.0386569
-0.0367872
-0.0348305
-0.0327855
-0.0306506
-0.0284239
-0.0261036
-0.0236875
-0.0211731
-0.018558
-0.0158391
-0.013014
-0.0100819
-0.00711066
-0.00410393
-0.00105328
0.00175842
0.00448485
0.00712282
0.00966422
0.0121046
0.0144415
0.0166736
0.0187999
0.0208193
0.0227312
0.0245351
0.0262307
0.0278175
0.0292949
0.0306626
0.0319199
0.0330663
0.0341012
0.0350389
0.0358884
0.0366534
0.0373341
0.0379139
0.0382862
0.0385711
0.0387687
0.038879
0.0389029
0.0388413
0.0386951
0.0384601
0.0381338
0.0377159
0.037206
0.0366036
0.0359082
0.0351192
0.0342359
0.0332575
0.0321833
0.0310124
0.0297437
0.0283763
0.0269089
0.0253403
0.0236692
0.0218941
0.0200133
0.0180249
0.0160296
0.0139991
0.0119407
0.00985634
0.00774489
0.00560494
0.00343507
0.00123381
-0.00100035
-0.00326901
-0.00557384
-0.00791665
-0.0102993
-0.0127239
-0.0151925
-0.0177073
-0.0202706
-0.0228849
-0.0252695
-0.0275379
-0.0297758
-0.0319718
-0.0341082
-0.0361751
-0.0381672
-0.0400816
-0.0419164
-0.0436707
-0.0453436
-0.0469345
-0.0484429
-0.0498682
-0.0512098
-0.0524674
-0.0536394
-0.0547259
-0.0557255
-0.0566375
-0.0574612
-0.0582316
-0.0589386
-0.0595805
-0.0601343
-0.0605637
-0.0609256
-0.0612206
-0.0614496
-0.0616134
-0.0617127
-0.0617447
-0.0617087
-0.0616045
-0.0614315
-0.0611895
-0.0608779
-0.0604965
-0.0600446
-0.0595218
-0.0589275
-0.058261
-0.0575217
-0.0567088
-0.0558216
-0.0548591
-0.0538206
-0.0527051
-0.0515117
-0.0502394
-0.0488875
-0.0474549
-0.0459406
-0.0443434
-0.0426624
-0.0408964
-0.0390444
-0.0371052
-0.0350776
-0.0329604
-0.0307523
-0.028452
-0.0260591
-0.0235626
-0.020971
-0.0182815
-0.0154912
-0.0126929
-0.009869
-0.00702369
-0.00415523
-0.00126225
0.00137674
0.00396416
0.00648446
0.00892469
0.0112778
0.0135398
0.0157087
0.0177863
0.0197544
0.0216247
0.0233968
0.0250726
0.0266513
0.0281323
0.029515
0.030799
0.0319835
0.0330681
0.0340521
0.0349164
0.0356541
0.0362789
0.036795
0.037204
0.0375208
0.0377475
0.0378818
0.0379226
0.0378694
0.0377219
0.03757
0.0373212
0.0369852
0.0365855
0.0361215
0.0355912
0.0349933
0.0343277
0.0335938
0.0327907
0.0319176
0.0309734
0.029957
0.0288672
0.0277028
0.0264625
0.0251447
0.023748
0.0222708
0.0207115
0.019068
0.0173377
0.0155153
0.0136552
0.011759
0.00982547
0.00785331
0.00584118
0.00378767
0.00169134
-0.000449378
-0.00263617
-0.00487082
-0.00715524
-0.00949144
-0.0118816
-0.0143278
-0.0168325
-0.019398
-0.0217186
-0.0239679
-0.0261693
-0.0283123
-0.0303849
-0.0323807
-0.034296
-0.0361283
-0.0378756
-0.039537
-0.0411116
-0.0425989
-0.0439984
-0.0453092
-0.0465304
-0.0476614
-0.0487014
-0.0496499
-0.0505062
-0.0513014
-0.0520443
-0.0527232
-0.0533438
-0.0539062
-0.0543425
-0.0547211
-0.0550502
-0.0553196
-0.0555293
-0.0556795
-0.0557701
-0.0558014
-0.0557728
-0.0556838
-0.0555342
-0.0553235
-0.0550514
-0.0547175
-0.0543212
-0.0538621
-0.0533396
-0.0527531
-0.0521019
-0.0513853
-0.0506025
-0.0497528
-0.0488352
-0.047849
-0.0467932
-0.0456669
-0.0444691
-0.0431987
-0.0418546
-0.0404356
-0.0389407
-0.0373686
-0.0357181
-0.033988
-0.0321769
-0.0302834
-0.0283057
-0.0262424
-0.0240913
-0.0218504
-0.0195174
-0.0170896
-0.0145641
-0.0119374
-0.00920377
-0.00643089
-0.00362279
-0.000771391
0.00184702
0.00437956
0.00682199
0.0091661
0.0114074
0.0135432
0.0155723
0.0174936
0.0193061
0.0210091
0.0226023
0.0240865
0.0254631
0.0267398
0.0279056
0.0289699
0.0299319
0.030791
0.0315597
0.0322288
0.0328039
0.0332871
0.0336793
0.0338598
0.0339469
0.0339399
0.0338388
0.0336443
0.0333575
0.032979
0.0325045
0.0319315
0.0312596
0.0304881
0.0296165
0.0286439
0.0275695
0.0263925
0.0251117
0.0237261
0.0222344
0.0206357
0.0189276
0.0172125
0.0154646
0.013689
0.0118874
0.0100595
0.00820406
0.00631947
0.00440433
0.00245727
0.000476947
-0.001538
-0.00358891
-0.00567718
-0.0078042
-0.00997144
-0.0121804
-0.0144328
-0.0167303
-0.0190748
-0.0214682
-0.0239127
-0.0264103
-0.0289635
-0.0313049
-0.0335407
-0.0357011
-0.0378357
-0.0399273
-0.0419615
-0.0439305
-0.0458298
-0.0476569
-0.04941
-0.0510881
-0.0526907
-0.0542169
-0.0556662
-0.0570379
-0.0583314
-0.0595463
-0.060682
-0.0617377
-0.0627125
-0.0636045
-0.0644133
-0.0651716
-0.0658713
-0.0665096
-0.0670829
-0.0675012
-0.0678549
-0.0681447
-0.0683718
-0.068537
-0.0686409
-0.0686831
-0.0686606
-0.0685729
-0.0684195
-0.0682002
-0.0679145
-0.067562
-0.0671422
-0.0666548
-0.0660993
-0.0654754
-0.0647826
-0.0640203
-0.0631879
-0.0622848
-0.0613105
-0.0602642
-0.0591453
-0.057953
-0.0566866
-0.0553451
-0.0539277
-0.0524334
-0.0508612
-0.0492103
-0.0474796
-0.0456686
-0.043779
-0.0417904
-0.0397191
-0.0375636
-0.0353222
-0.0329929
-0.0305737
-0.0280625
-0.0254569
-0.0227542
-0.0200437
-0.0172583
-0.0144297
-0.0115548
-0.00862185
-0.00562183
-0.00282409
-0.000115767
0.00250123
0.00502254
0.00744577
0.00976965
0.0119935
0.0141169
0.0161396
0.0180614
0.0198834
0.0215808
0.0231736
0.024662
0.0260457
0.0273244
0.0284982
0.0295535
0.0304781
0.0312835
0.0319756
0.0325565
0.0330357
0.0334264
0.0337214
0.0339195
0.0340204
0.0340238
0.0339298
0.0337385
0.0334497
0.0330635
0.0326736
0.0322021
0.0316606
0.0310709
0.0304317
0.0297415
0.0289991
0.0282032
0.0273494
0.0264327
0.025453
0.0244095
0.0233013
0.0221271
0.0208856
0.0195751
0.0181939
0.0167401
0.0152116
0.0136052
0.0119001
0.0101577
0.00837996
0.00656446
0.00471002
0.00281542
0.000879265
-0.00109996
-0.00312389
-0.00519426
-0.00731294
-0.00948189
-0.0117032
-0.0139789
-0.0163113
-0.0183785
-0.0203766
-0.0223276
-0.0242181
-0.0260351
-0.0277713
-0.0294223
-0.0309855
-0.0324591
-0.0338419
-0.0351324
-0.0363294
-0.0374312
-0.0384446
-0.0393774
-0.0402285
-0.0409963
-0.0416818
-0.0422837
-0.0428006
-0.0432421
-0.0435996
-0.0438721
-0.0440579
-0.0440858
-0.0440302
-0.0438919
-0.0436716
-0.0433697
-0.0429868
-0.0425187
-0.0419638
-0.0413215
-0.0405908
-0.0397711
-0.0388615
-0.037861
-0.0367688
-0.0355837
-0.0343046
-0.0329302
-0.0314592
-0.0298908
-0.0282237
-0.0264577
-0.0245905
-0.0226958
-0.0207736
-0.0188226
-0.0168414
-0.0148285
-0.0127823
-0.0107011
-0.00858334
-0.00642762
-0.00423239
-0.00199617
0.000282597
0.00260546
0.00496356
0.00736729
0.00980962
0.0122915
0.0148149
0.0173821
0.0199954
0.0226165
0.0250097
0.0272005
0.0293133
0.031349
0.0333484
0.0353096
0.0372136
0.0390504
0.0408147
0.0425036
0.0441153
0.0456488
0.0471032
0.048478
0.0497723
0.0509854
0.0521168
0.0531656
0.0541311
0.0550126
0.0558118
0.0565299
0.0571661
0.0577103
0.0581531
0.0585086
0.0587818
0.0589738
0.0590497
0.0590495
0.0589631
0.0587901
0.0585343
0.0581982
0.0577825
0.0572874
0.0567129
0.0560588
0.0553249
0.0545111
0.0536172
0.0526428
