0.099997
0.0925052
0.0842446
0.0788073
0.0788496
0.0766628
0.0741692
0.0741957
0.0720829
0.0720831
0.0709953
0.0709755
0.0709607
0.0709534
0.070948
0.0709438
0.0709404
0.0709375
0.070935
0.0709328
0.0709309
0.0709292
0.0709276
0.0709263
0.0709251
0.070924
0.0709231
0.0709222
0.0709215
0.0709224
0.0709232
0.070924
0.0709246
0.0709251
0.0709255
0.0709258
0.070926
0.0709266
0.0709272
0.0709278
0.0709284
0.070929
0.0709295
0.0709301
0.0709306
0.0709312
0.0709317
0.0709322
0.0709327
0.0709331
0.0709336
0.0709341
0.0709345
0.0709349
0.0709353
0.0709356
0.0709359
0.0709363
0.0709365
0.0709368
0.0709371
0.0709373
0.0709376
0.0709378
0.070938
0.0709381
0.0709383
0.0709385
0.0709386
0.0709388
-0.0800569
-0.0800462
-0.0800218
-0.0799859
-0.0799415
-0.0799848
-0.0800256
-0.0800645
-0.0801018
-0.0801377
-0.0801725
-0.0802061
-0.0802387
-0.0802704
-0.0803012
-0.0803312
-0.0803605
-0.0803891
-0.0804282
-0.0804662
-0.0805025
-0.0805384
-0.0805737
-0.0806084
-0.0806427
-0.0806764
-0.0807098
-0.0807428
-0.0807754
-0.0808077
-0.0808397
-0.0808714
-0.0809029
-0.0809342
-0.0809655
-0.0809959
-0.0810377
-0.0810473
-0.0810531
-0.0810589
-0.0810645
-0.0810701
-0.0810756
-0.0810811
-0.0810864
-0.0810917
-0.081097
-0.0811021
-0.0811072
-0.0811122
-0.0811171
-0.0810823
-0.0810798
-0.0810822
-0.0810869
-0.0810928
-0.0810994
-0.0811061
-0.0811127
-0.0811189
-0.0811246
-0.0811293
-0.0811328
-0.0811385
-0.0811436
-0.081148
-0.0811517
-0.0811515
-0.0811506
-0.081149
0.0696125
0.0695372
0.0694061
0.0694119
0.0694147
0.0694187
0.0694322
0.0694457
0.0694595
0.0694534
0.0694136
0.0693894
0.0693871
0.0693855
0.0693838
0.0693821
0.0693803
0.0693785
0.0693765
0.0693745
0.0693723
0.0693701
0.0693678
0.0693655
0.0693632
0.069361
0.0693589
0.0693569
0.069355
0.0693531
0.0693513
0.0693495
0.0693478
0.0693461
0.0693445
0.0693428
0.0693412
0.0693397
0.0693381
0.0693366
0.0693352
0.069334
0.0693335
0.0693169
0.0692998
0.0692823
0.0692644
0.0691616
0.0690585
0.0689454
0.0688233
0.0686829
0.0685982
0.068545
0.0685098
0.0684855
0.068468
0.0684548
0.0684447
0.0684369
0.068431
0.0684264
0.068423
0.0684317
0.068431
0.0684687
0.0685058
0.068542
0.0685771
0.0686109
-0.0805807
-0.0805593
-0.0805101
-0.0804432
-0.0803749
-0.0803082
-0.0802442
-0.0801834
-0.080135
-0.0800963
-0.0800677
-0.0800542
-0.0800416
-0.0800298
-0.0800188
-0.0800087
-0.0799994
-0.0799909
-0.0799832
-0.0799765
-0.0799703
-0.0799642
-0.079958
-0.0799511
-0.0799432
-0.0799346
-0.0799253
-0.0799153
-0.0799049
-0.0799108
-0.0799023
-0.0798934
-0.0798841
-0.0798746
-0.0798648
-0.0798548
-0.0798448
-0.0798347
-0.0798246
-0.0798151
-0.0798051
-0.0797946
-0.0797834
-0.0797717
-0.0797731
-0.0797707
-0.0797678
-0.0797645
-0.0797607
-0.0797565
-0.0796994
-0.0796316
-0.0795867
-0.0795531
-0.0795259
-0.0795095
-0.0794916
-0.0794786
-0.0794673
-0.0794571
-0.0794477
-0.0794389
-0.0794303
-0.0794218
-0.0794141
-0.0794083
-0.0794037
-0.0794004
-0.0793981
-0.0793968
0.0714871
0.0715208
0.07158
0.0716585
0.0717536
0.0718635
0.071744
0.071643
0.0715582
0.0714887
0.0714346
0.0713985
0.071382
0.0713787
0.0713753
0.0713718
0.071368
0.071364
0.0713599
0.0713558
0.0713518
0.071348
0.0713444
0.0713412
0.0713384
0.0713363
0.0713349
0.0713346
0.0713364
0.0713548
0.0713343
0.0713133
0.0712921
0.0712706
0.0712489
0.0712271
0.0712052
0.0711833
0.0711616
0.0711399
0.0711185
0.0711151
0.0711093
0.0711002
0.0710857
0.0710841
0.0710828
0.071081
0.0710788
0.0710762
0.0710731
0.0710224
0.0709844
0.070955
0.0709327
0.0709144
0.0708986
0.0708843
0.0708712
0.0708589
0.0708473
0.0708364
0.0708262
0.0708169
0.0708082
0.0708001
0.0707929
0.0707865
0.0707809
0.0707762
-0.078488
-0.0785343
-0.0786244
-0.078757
-0.0788718
-0.0788001
-0.0787328
-0.0786721
-0.0786189
-0.0785745
-0.0785392
-0.0785135
-0.0784983
-0.0784939
-0.0784922
-0.0784905
-0.0784886
-0.0784865
-0.0784843
-0.078482
-0.0784796
-0.078477
-0.0784743
-0.0784714
-0.0784685
-0.0784654
-0.0784622
-0.0784589
-0.0784556
-0.0784521
-0.0784485
-0.0784449
-0.0784412
-0.0784374
-0.0784336
-0.0784298
-0.0784259
-0.078422
-0.0784182
-0.0784143
-0.0784105
-0.0784067
-0.0784031
-0.0783995
-0.0783961
-0.0783928
-0.0783898
-0.078387
-0.0783845
-0.0783824
-0.0783806
-0.0783784
-0.0783758
-0.078368
-0.0783619
-0.0783542
-0.0783456
-0.0783366
-0.0783274
-0.0783182
-0.0783096
-0.0783013
-0.0782934
-0.0782859
-0.0782791
-0.0782729
-0.0782675
-0.0782627
-0.0782588
-0.0782557
0.073081
0.0731305
0.0732235
0.0733522
0.0735088
0.0736501
0.0735334
0.0734353
0.0733535
0.0732871
0.0732377
0.0732077
0.0731988
0.0731969
0.0731949
0.0731928
0.0731905
0.0731881
0.0731855
0.0731829
0.0731802
0.0731775
0.0731747
0.0731719
0.073169
0.0731662
0.0731635
0.0731608
0.0731581
0.0731557
0.0731533
0.0731512
0.0731652
0.073166
0.0731665
0.0731666
0.0731665
0.0731659
0.073165
0.0731638
0.0731622
0.0731603
0.073158
0.0731553
0.0731522
0.0731488
0.0731449
0.0731407
0.073136
0.0731308
0.0730618
0.0729734
0.072912
0.0728711
0.0728421
0.0728203
0.072803
0.0727886
0.0727762
0.0727653
0.0727556
0.0727469
0.0727391
0.0727321
0.0727259
0.0727199
0.0727148
0.0727123
0.0727105
0.0727095
-0.0765074
-0.0765457
-0.0766166
-0.0767133
-0.0767764
-0.0767173
-0.0766677
-0.0766278
-0.0765993
-0.0765833
-0.0765807
-0.0765788
-0.0765768
-0.0765745
-0.0765721
-0.0765695
-0.0765667
-0.0765638
-0.0765608
-0.0765575
-0.0765542
-0.0765506
-0.076547
-0.0765431
-0.0765392
-0.0765351
-0.0765309
-0.0765266
-0.0765222
-0.0765177
-0.0765132
-0.0765084
-0.0765035
-0.0764985
-0.0764934
-0.0764884
-0.0764834
-0.0764785
-0.0764738
-0.0764694
-0.0764653
-0.0764619
-0.0764601
-0.0764506
-0.0764413
-0.0764322
-0.0764235
-0.076429
-0.0764287
-0.0764281
-0.076427
-0.0764252
-0.0764149
-0.0764071
-0.0763966
-0.0763848
-0.0763721
-0.0763591
-0.0763457
-0.0763309
-0.076324
-0.076318
-0.0763127
-0.0763079
-0.0763038
-0.0763002
-0.0762972
-0.0762947
-0.0762927
-0.0762912
0.0745949
0.074567
0.074516
0.0744437
0.0743529
0.0742443
0.0741411
0.0740444
0.0739527
0.073865
0.0737804
0.0736977
0.0736252
0.0736601
0.0736591
0.0736582
0.0736572
0.0736562
0.0736552
0.0736541
0.0736529
0.0736518
0.0736505
0.0736493
0.073648
0.0736467
0.0736454
0.073644
0.0736427
0.0736413
0.0736399
0.0736386
0.0736372
0.0736359
0.0736346
0.0736334
0.073632
0.0736304
0.0736287
0.0736267
0.0736245
0.073622
0.0736193
0.0736164
0.0736132
0.0736098
0.073606
0.073602
0.0735977
0.073593
0.073588
0.0735243
0.0734798
0.073449
0.0734269
0.0734101
0.0733965
0.073385
0.0733749
0.073366
0.073358
0.0733508
0.0733444
0.0733393
0.073335
0.0733314
0.0733286
0.0733268
0.0733257
0.0733255
-0.0767616
-0.0767921
-0.0768379
-0.0769029
-0.0769847
-0.0769211
-0.0768715
-0.0768527
-0.0768383
-0.0768266
-0.0768172
-0.076811
-0.0768088
-0.0768076
-0.0768062
-0.0768048
-0.0768033
-0.0768017
-0.0768
-0.0767983
-0.0767964
-0.0767945
-0.0767925
-0.0767904
-0.0767882
-0.0767859
-0.0767836
-0.0767812
-0.0767787
-0.0767761
-0.0767735
-0.0767708
-0.0767681
-0.0767653
-0.0767625
-0.0767596
-0.0767567
-0.0767538
-0.0767508
-0.0767479
-0.0767449
-0.076742
-0.0767391
-0.0767363
-0.0767336
-0.0767309
-0.0767284
-0.076726
-0.0767238
-0.0767218
-0.0767202
-0.0767182
-0.0767159
-0.0767095
-0.0767034
-0.0766964
-0.076689
-0.0766813
-0.0766737
-0.0766668
-0.0766603
-0.0766539
-0.0766478
-0.0766427
-0.0766382
-0.0766343
-0.076631
-0.0766285
-0.0766266
-0.0766253
0.0735069
0.0735414
0.0736084
0.0737019
0.0738184
0.0739568
0.0738431
0.0737478
0.0736684
0.0736038
0.0735554
0.0735259
0.0735169
0.0735148
0.0735125
0.0735102
0.0735078
0.0735053
0.0735029
0.0735004
0.073498
0.0734956
0.0734933
0.0734911
0.0734896
0.0734852
0.0734971
0.0734979
0.0734984
0.0734987
0.0734987
0.0734984
0.0734978
0.0734969
0.0734956
0.0734941
0.0734922
0.0734901
0.0734876
0.0734848
0.0734816
0.0734781
0.0734742
0.07347
0.0734654
0.0734604
0.0734549
0.073449
0.0734427
0.0733586
0.0732602
0.0731483
0.0730768
0.0730296
0.0729967
0.0729723
0.0729532
0.0729375
0.0729242
0.0729126
0.0729025
0.0728935
0.0728855
0.0728785
0.0728723
0.0728669
0.0728613
0.072858
0.0728552
0.0728547
-0.0773863
-0.0774275
-0.0775048
-0.0776103
-0.0777334
-0.0776584
-0.0775938
-0.0775399
-0.0774984
-0.0774706
-0.0774573
-0.0774551
-0.0774526
-0.07745
-0.0774472
-0.0774442
-0.0774411
-0.0774377
-0.0774342
-0.0774306
-0.0774267
-0.0774227
-0.0774186
-0.0774142
-0.0774097
-0.0774049
-0.0774001
-0.0773952
-0.0773903
-0.0773854
-0.0773805
-0.0773758
-0.0773712
-0.0773668
-0.0773628
-0.0773591
-0.0773561
-0.0773541
-0.077357
-0.0773378
-0.0773184
-0.077299
-0.0772796
-0.0772602
-0.0772409
-0.0772217
-0.0772027
-0.0771839
-0.07718
-0.0771644
-0.0771484
-0.0771314
-0.0771157
-0.0771009
-0.0770812
-0.0770612
-0.0770384
-0.0770138
-0.0769878
-0.076961
-0.0769335
-0.0769054
-0.0768767
-0.0768475
-0.0768165
-0.0768117
-0.0768073
-0.076803
-0.0767989
-0.0767947
0.0726598
0.0726261
0.0725689
0.0724895
0.0723908
0.0722736
0.0721504
0.0720461
0.0719472
0.0718526
0.0717615
0.0716735
0.071588
0.0715047
0.0714229
0.0713417
0.0712455
0.0712712
0.0712706
0.0712701
0.0712695
0.071269
0.0712684
0.0712679
0.0712674
0.0712668
0.0712662
0.0712655
0.0712648
0.0712641
0.0712633
0.0712625
0.0712617
0.0712608
0.0712599
0.071259
0.071258
0.0712572
0.0712562
0.071255
0.0712537
0.0712522
0.0712505
0.0712487
0.0712467
0.0712445
0.071242
0.0712394
0.0712366
0.0712335
0.0712301
0.0711745
0.0711471
0.0711302
0.0711176
0.0711079
0.0711001
0.0710937
0.0710885
0.0710843
0.071081
0.0710784
0.0710769
0.0710761
0.0710761
0.0710767
0.0710778
0.0710796
0.0710819
0.0710848
-0.0810279
-0.08106
-0.0811165
-0.0811922
-0.0812798
-0.0812048
-0.0811407
-0.0810886
-0.0810503
-0.0810274
-0.0810209
-0.0810182
-0.0810153
-0.0810125
-0.0810095
-0.0810066
-0.0810036
-0.0810007
-0.0809977
-0.0809948
-0.080992
-0.0809893
-0.0809867
-0.0809843
-0.080982
-0.0809807
-0.0809759
-0.0809744
-0.0809727
-0.0809706
-0.0809683
-0.0809657
-0.0809628
-0.0809596
-0.0809561
-0.0809524
-0.0809483
-0.0809439
-0.0809392
-0.0809342
-0.0809287
-0.0809229
-0.0809168
-0.0809102
-0.0809032
-0.0808955
-0.0808874
-0.0808931
-0.0808403
-0.0807393
-0.0806204
-0.0804915
-0.0803905
-0.0803292
-0.080291
-0.0802664
-0.0802501
-0.0802389
-0.0802313
-0.0802262
-0.0802229
-0.0802212
-0.0802208
-0.0802215
-0.0802233
-0.0802261
-0.0802296
-0.080234
-0.080239
-0.0802446
0.0679351
0.0679221
0.0678959
0.0678573
0.0678071
0.0677455
0.0676261
0.0675389
0.0674582
0.0673836
0.0673139
0.0672485
0.0671869
0.0671289
0.0670744
0.0670231
0.066975
0.0669305
0.0668898
0.0668535
