-0.099997
-0.095172
-0.0883895
-0.0836496
-0.0836031
-0.0835404
-0.0834558
-0.0817435
-0.0816466
-0.0810277
-0.0809735
-0.0807582
-0.0807402
-0.0807199
-0.0806987
-0.0806777
-0.0806576
-0.0806385
-0.0806207
-0.0806041
-0.0805887
-0.0805743
-0.0805609
-0.0805485
-0.0804644
-0.0804537
-0.0802469
-0.0802376
-0.080065
-0.0800571
-0.0800499
-0.0800432
-0.080037
-0.0800313
-0.0800261
-0.0800213
-0.0800167
-0.0800208
-0.0800245
-0.0800279
-0.0800309
-0.0800337
-0.0800362
-0.0800385
-0.0800406
-0.0800425
-0.0800442
-0.0800457
-0.0800471
-0.0800484
-0.0800495
-0.0800505
-0.0800514
-0.0800522
-0.080053
-0.0800536
-0.0800542
-0.0800547
-0.0800552
-0.0800556
-0.0800559
-0.0800562
-0.0800564
-0.0800566
-0.0800568
-0.0800569
-0.080057
-0.080057
-0.080057
-0.080057
0.0709389
0.0709635
0.0705194
0.0702845
0.0701698
0.0700407
0.0699568
0.0699006
0.069862
0.0698352
0.0698168
0.0698045
0.0697971
0.0697934
0.0697929
0.0697949
0.0697991
0.0698052
0.0698015
0.0697993
0.0697992
0.0697998
0.0698008
0.0698021
0.0698034
0.0698046
0.0698056
0.0698061
0.0698061
0.0698054
0.0698039
0.0698016
0.0697983
0.0697939
0.0697882
0.069782
0.0697626
0.0697666
0.0697698
0.0697717
0.0697719
0.0697703
0.0697666
0.0697608
0.0697527
0.0697421
0.0697291
0.0697133
0.0696947
0.0696731
0.0696484
0.0696456
0.0696407
0.0696374
0.069635
0.0696329
0.069631
0.0696292
0.0696275
0.0696259
0.0696244
0.0696231
0.0696222
0.069615
0.0696079
0.0696007
0.0695935
0.0695974
0.0696012
0.0696054
-0.0811459
-0.0811819
-0.0812414
-0.0811935
-0.0811415
-0.0810722
-0.0809845
-0.0808939
-0.0808074
-0.0807615
-0.0807774
-0.0807989
-0.080811
-0.0808268
-0.0808464
-0.080869
-0.080894
-0.0809209
-0.0809494
-0.080979
-0.0810095
-0.0810403
-0.0810713
-0.0811018
-0.0811304
-0.0811566
-0.0811803
-0.081201
-0.0812185
-0.0812323
-0.0812421
-0.0812476
-0.0812484
-0.0812442
-0.0812345
-0.081219
-0.0811973
-0.081169
-0.0811335
-0.0810906
-0.0810395
-0.0809797
-0.08091
-0.0808472
-0.0807752
-0.0806936
-0.080602
-0.080605
-0.0805951
-0.0805862
-0.0805787
-0.0805787
-0.0805804
-0.080583
-0.0805859
-0.0805888
-0.0805915
-0.0805939
-0.080596
-0.0805979
-0.0805994
-0.0806007
-0.080602
-0.0805925
-0.0805925
-0.0805909
-0.0805896
-0.0805879
-0.0805858
-0.0805834
0.0686434
0.0686136
0.0685799
0.0685703
0.0685756
0.0685978
0.0686362
0.0686887
0.0687441
0.0688012
0.0688575
0.0689071
0.0689628
0.0690235
0.0690887
0.0691576
0.06923
0.0693054
0.0693835
0.069464
0.0695473
0.0696347
0.0697261
0.0698212
0.0699194
0.0700201
0.0701229
0.0702272
0.0703326
0.0704193
0.0705206
0.0706205
0.0707183
0.0708136
0.070906
0.0709948
0.0710794
0.0711592
0.0712336
0.0712997
0.0713583
0.0714089
0.071451
0.0714841
0.0714936
0.0715061
0.0715058
0.0714928
0.071467
0.0714276
0.071428
0.0714258
0.0714296
0.071432
0.0714342
0.0714301
0.0714326
0.0714353
0.0714394
0.0714446
0.0714506
0.0714572
0.0714645
0.071472
0.0714785
0.0714821
0.0714838
0.0714851
0.0714861
0.0714868
-0.0793966
-0.0792661
-0.0789973
-0.0786575
-0.0782884
-0.0779164
-0.0778298
-0.0777702
-0.0777288
-0.0776991
-0.0776756
-0.0776507
-0.0776174
-0.0775783
-0.0775473
-0.0775244
-0.0775096
-0.0775029
-0.077504
-0.0775114
-0.0775246
-0.0775431
-0.0775666
-0.0775945
-0.0776265
-0.0776619
-0.0777003
-0.0777407
-0.0777818
-0.0778063
-0.0778724
-0.0779395
-0.078007
-0.0780743
-0.0781409
-0.0782062
-0.0782696
-0.0783305
-0.0783881
-0.0784417
-0.0784906
-0.0785148
-0.0785338
-0.0785477
-0.0785582
-0.078546
-0.0785437
-0.0785315
-0.0785088
-0.0784748
-0.078428
-0.0784245
-0.0784288
-0.0784362
-0.0784421
-0.0784472
-0.0784519
-0.078456
-0.0784597
-0.078463
-0.0784658
-0.0784682
-0.0784709
-0.0784739
-0.0784766
-0.0784791
-0.0784814
-0.0784834
-0.0784852
-0.0784867
0.0707723
0.070697
0.0705192
0.0702939
0.0701108
0.0701371
0.0701805
0.0702365
0.0703019
0.0703723
0.0704436
0.0705116
0.0705723
0.0706218
0.0706678
0.0707142
0.0707615
0.07081
0.0708601
0.0709121
0.0709663
0.0710229
0.071082
0.0711438
0.0712083
0.0712756
0.0713457
0.0714184
0.0714938
0.0715718
0.071652
0.0717343
0.0718185
0.0719043
0.0719913
0.072079
0.0721672
0.0722553
0.0723427
0.0724288
0.0725131
0.0725948
0.0726731
0.0727471
0.072816
0.0728788
0.0729344
0.0729816
0.073019
0.0730457
0.0730597
0.0730588
0.0730554
0.0730541
0.0730555
0.0730567
0.0730576
0.0730584
0.0730588
0.0730604
0.073063
0.0730656
0.073068
0.0730704
0.0730725
0.0730745
0.0730763
0.0730778
0.0730791
0.0730802
-0.0782533
-0.0780939
-0.0777884
-0.0773952
-0.0769574
-0.0765403
-0.0764413
-0.0763725
-0.0763238
-0.0762877
-0.0762565
-0.076222
-0.0761767
-0.0761319
-0.0760952
-0.0760663
-0.0760452
-0.0760317
-0.0760256
-0.0760267
-0.0760347
-0.0760492
-0.0760701
-0.0760969
-0.0761291
-0.0761664
-0.0762083
-0.0762541
-0.0763033
-0.0763554
-0.0764095
-0.076465
-0.076502
-0.0765415
-0.0765902
-0.0766339
-0.0766727
-0.0767066
-0.0767353
-0.0767582
-0.0767751
-0.0767852
-0.0767881
-0.0767832
-0.0767698
-0.0767474
-0.0767152
-0.0766727
-0.076619
-0.0765536
-0.076552
-0.0765491
-0.0765531
-0.0765544
-0.0765542
-0.076553
-0.076551
-0.0765484
-0.0765452
-0.0765414
-0.0765371
-0.0765323
-0.076527
-0.0765212
-0.0765152
-0.0765096
-0.0765045
-0.0765056
-0.0765065
-0.0765071
0.0727092
0.0726483
0.0724953
0.072311
0.0721797
0.072191
0.072212
0.0722394
0.0722686
0.0722944
0.0723115
0.0723287
0.0723472
0.0723678
0.0723907
0.0724164
0.0724452
0.0724774
0.0725132
0.0725529
0.0725965
0.0726442
0.0726959
0.0727518
0.0728118
0.0728759
0.0729439
0.0730157
0.0730911
0.0731699
0.0732518
0.073336
0.0734222
0.0735099
0.0735986
0.0736879
0.0737772
0.0738658
0.0739531
0.0740383
0.0741205
0.0741987
0.0742709
0.074346
0.074415
0.0744766
0.0745298
0.074558
0.0745863
0.0746037
0.0746098
0.0746022
0.074601
0.0746015
0.0746036
0.0746067
0.0746104
0.0746145
0.0746191
0.0746254
0.074623
0.0746211
0.0746197
0.0746178
0.0746154
0.0746126
0.0746095
0.0746062
0.0746026
0.0745988
-0.0762901
-0.0762324
-0.0761173
-0.0759838
-0.0758587
-0.075761
-0.0757044
-0.0756825
-0.0756878
-0.0757163
-0.0757654
-0.0758334
-0.0758889
-0.0758672
-0.0758683
-0.0758748
-0.0758859
-0.075902
-0.0759232
-0.0759487
-0.0759781
-0.0760111
-0.0760473
-0.0760867
-0.0761289
-0.0761737
-0.0762208
-0.07627
-0.0763209
-0.0763732
-0.0764264
-0.0764803
-0.0765342
-0.0765877
-0.0766404
-0.0766898
-0.0767358
-0.0767778
-0.0768155
-0.0768483
-0.0768758
-0.0768976
-0.0769129
-0.0769213
-0.0769223
-0.0769151
-0.0768993
-0.076874
-0.0768386
-0.0767924
-0.0767347
-0.0767312
-0.0767359
-0.0767431
-0.076748
-0.0767512
-0.0767533
-0.0767549
-0.076756
-0.0767566
-0.0767568
-0.0767565
-0.0767559
-0.0767573
-0.0767585
-0.0767596
-0.0767604
-0.076761
-0.0767614
-0.0767615
0.0733257
0.073245
0.0730724
0.0728538
0.0726202
0.0725585
0.0725058
0.0724411
0.0723858
0.0723383
0.0722972
0.0722603
0.072225
0.0721936
0.0721673
0.0721461
0.0721303
0.0721197
0.0721145
0.0721145
0.0721198
0.0721303
0.0721459
0.0721665
0.072192
0.0722222
0.0722571
0.0722963
0.0723396
0.0723869
0.0724379
0.0724922
0.0725495
0.0726095
0.0726718
0.0727359
0.0728014
0.0728678
0.0729345
0.073001
0.0730666
0.0731307
0.0731925
0.0732512
0.0733059
0.0733557
0.0733997
0.0734368
0.0734658
0.0734856
0.0734943
0.0734918
0.0734881
0.0734873
0.0734888
0.07349
0.0734908
0.0734912
0.0734913
0.0734935
0.0734957
0.0734975
0.073499
0.0735008
0.0735023
0.0735036
0.0735047
0.0735056
0.0735063
0.0735067
-0.0766248
-0.0765332
-0.0763479
-0.0761169
-0.075873
-0.0756379
-0.0756997
-0.0757756
-0.0758592
-0.0759457
-0.0760294
-0.076103
-0.0761601
-0.0762118
-0.0762658
-0.0763223
-0.0763814
-0.0764434
-0.0765081
-0.0765757
-0.076646
-0.0767189
-0.0767942
-0.0768716
-0.0769491
-0.0770299
-0.0770919
-0.0771591
-0.0772333
-0.0773029
-0.0773688
-0.0774308
-0.0774886
-0.077542
-0.0775906
-0.0776339
-0.0776716
-0.0777032
-0.0777282
-0.0777462
-0.0777567
-0.0777592
-0.0777531
-0.0777379
-0.0777129
-0.0776775
-0.0776311
-0.0775731
-0.0775026
-0.0775027
-0.0775013
-0.0774985
-0.0774974
-0.0774943
-0.0774899
-0.0774845
-0.0774785
-0.0774718
-0.0774645
-0.0774566
-0.0774482
-0.0774393
-0.0774298
-0.0774199
-0.0774095
-0.0773993
-0.0773893
-0.0773855
-0.0773857
-0.0773862
0.072855
0.0727362
0.0724724
0.0721386
0.0717883
0.0716686
0.0715695
0.0714873
0.0714163
0.0713505
0.0712837
0.0712149
0.0711535
0.0710995
0.0710531
0.0710143
0.0709833
0.0709599
0.0709442
0.0709361
0.0709355
0.0709423
0.0709564
0.0709772
0.071004
0.0710365
0.0710744
0.0711175
0.0711654
0.0712178
0.0712743
0.0713345
0.0713981
0.0714645
0.0715332
0.0716036
0.071675
0.0717464
0.0718133
0.0719025
0.0719912
0.0720785
0.0721635
0.0722454
0.0723232
0.072396
0.0724627
0.0725223
0.0725576
0.0725955
0.0726234
0.0726409
0.0726487
0.072651
0.0726553
0.0726601
0.072666
0.0726726
0.07268
0.0726878
0.0726962
0.072705
0.0727144
0.0727245
0.0727364
0.0727226
0.0727091
0.0726962
0.0726837
0.0726716
-0.0767905
-0.0767848
-0.0767689
-0.0767735
-0.0768224
-0.0769335
-0.0770844
-0.0772404
-0.0774082
-0.0775859
-0.0777726
-0.0779675
-0.0781699
-0.0783792
-0.078595
-0.0788174
-0.0790102
-0.07912
-0.0792176
-0.0793153
-0.0794116
-0.0795057
-0.0795973
-0.0796864
-0.0797744
-0.0798627
-0.0799503
-0.0800368
-0.0801218
-0.0802051
-0.0802866
-0.0803661
-0.0804434
-0.0805184
-0.0805907
-0.0806602
-0.080727
-0.0807888
-0.0808454
-0.0808967
-0.0809423
-0.0809819
-0.0810152
-0.0810418
-0.0810612
-0.0810731
-0.081077
-0.0810723
-0.0810587
-0.0810354
-0.0810021
-0.0809998
-0.0810063
-0.0810132
-0.0810185
-0.0810226
-0.0810256
-0.0810279
-0.0810294
-0.0810302
-0.0810308
-0.0810306
-0.0810312
-0.0810316
-0.0810317
-0.0810316
-0.0810312
-0.0810307
-0.0810299
-0.081029
0.0710881
0.0709108
0.0705787
0.0701528
0.0696883
0.0694398
0.0692275
0.0690442
0.0688818
0.0687322
0.0685876
0.0684555
0.0683386
0.0682362
0.0681476
0.0680722
0.0680093
0.0679583
0.0679184
0.067889
0.0678695
0.067859
0.0678569
0.0678624
0.0678738
0.0678895
0.0679132
0.067938
0.0679644
0.0679914
0.0680186
0.0680451
0.0680703
0.0680935
0.068114
0.0681312
0.0681443
0.0681527
0.0681556
0.0681524
0.0681422
0.0681246
0.0680984
0.068063
0.0680178
0.067962
0.0678949
0.0678014
0.0678073
0.0678074
0.0678161
0.0678262
0.0678517
0.0678684
0.0678806
0.0678901
0.067898
0.0679047
0.0679106
0.0679158
0.0679203
0.0679242
0.0679275
0.0679302
0.0679324
0.0679342
0.0679353
0.0679359
0.0679362
0.0679358
-0.0802506
-0.0802708
-0.0802502
-0.0802449
-0.0802919
-0.0804143
-0.0806152
-0.0807964
-0.0809777
-0.0811591
-0.0813428
-0.0815296
-0.081719
-0.0819102
-0.0821027
-0.0822957
-0.0824887
-0.0826804
-0.0828696
-0.0830548
