0.000872725
0.000826399
0.000766868
0.000711712
0.000666396
0.000618447
0.000574002
0.000532578
0.000494347
0.000458741
0.000425826
0.000395236
0.000366881
0.000340591
0.000316218
0.000293624
0.000272684
0.000253279
0.000235299
0.000218644
0.000203218
0.000188935
0.000175711
0.000163472
0.000152146
0.00014167
0.000131978
0.000123019
0.000114736
0.000107079
0.000100008
9.34791e-05
8.74548e-05
8.18981e-05
7.67752e-05
7.20545e-05
6.77068e-05
6.37136e-05
6.00441e-05
5.66737e-05
5.35777e-05
5.07356e-05
4.81285e-05
4.57385e-05
4.35493e-05
4.15456e-05
3.9713e-05
3.80386e-05
3.65099e-05
3.51156e-05
3.38462e-05
3.26908e-05
3.16399e-05
3.06848e-05
2.98176e-05
2.9031e-05
2.8318e-05
2.76725e-05
2.70885e-05
2.65607e-05
2.6084e-05
2.56538e-05
2.52659e-05
2.49162e-05
2.4601e-05
2.4317e-05
2.40612e-05
2.38306e-05
2.36226e-05
2.34347e-05
2.32606e-05
2.30945e-05
2.85642e-05
2.98099e-05
2.93483e-05
2.89136e-05
2.85007e-05
2.81089e-05
2.77371e-05
2.73841e-05
2.70485e-05
2.6729e-05
2.64246e-05
2.6134e-05
2.58561e-05
2.559e-05
2.53348e-05
2.50896e-05
2.48537e-05
2.46249e-05
2.44041e-05
2.41907e-05
2.39832e-05
2.37813e-05
2.35845e-05
2.33925e-05
2.32051e-05
2.30218e-05
2.28426e-05
2.26672e-05
2.24956e-05
2.23274e-05
2.21627e-05
2.20014e-05
2.18435e-05
2.16886e-05
2.15359e-05
1.735e-05
1.74685e-05
1.75736e-05
1.76657e-05
1.77455e-05
1.78139e-05
1.78718e-05
1.79201e-05
1.79597e-05
1.79915e-05
1.80161e-05
1.80345e-05
1.80471e-05
1.80546e-05
1.79965e-05
1.79508e-05
1.78928e-05
1.78229e-05
1.77421e-05
1.76514e-05
1.75518e-05
1.74444e-05
1.733e-05
1.72096e-05
1.70839e-05
1.69537e-05
1.68146e-05
1.66747e-05
1.65346e-05
1.63948e-05
1.17244e-05
7.32956e-06
3.35815e-06
7.3602e-06
7.89897e-06
8.37595e-06
1.6726e-05
3.76449e-05
6.12245e-05
7.62499e-05
8.54081e-05
9.00217e-05
8.45615e-05
7.15923e-05
5.43675e-05
3.45424e-05
1.82413e-05
5.4843e-06
-4.70814e-06
-1.31755e-05
-1.99276e-05
-2.49545e-05
-2.82356e-05
-2.97435e-05
-2.94466e-05
-2.73101e-05
-2.41861e-05
-2.12805e-05
-1.85789e-05
-1.60673e-05
-1.37326e-05
-1.15623e-05
-9.54509e-06
-7.67013e-06
-5.92754e-06
-4.30804e-06
-2.80306e-06
-1.40466e-06
-1.05432e-07
1.10146e-06
2.22236e-06
3.26317e-06
4.22938e-06
5.12608e-06
5.958e-06
6.72953e-06
7.44404e-06
8.10576e-06
8.71826e-06
9.28489e-06
9.8308e-06
1.03348e-05
1.08186e-05
1.12825e-05
1.17351e-05
1.21603e-05
1.25623e-05
1.2944e-05
1.33073e-05
1.36537e-05
1.39844e-05
1.43002e-05
1.4602e-05
1.48907e-05
1.51669e-05
1.54314e-05
1.56841e-05
1.59184e-05
1.61189e-05
1.63119e-05
1.64977e-05
1.66759e-05
1.68466e-05
-4.1353e-05
-3.31645e-05
-2.9341e-05
-2.57547e-05
-2.24174e-05
-1.95938e-05
-1.76372e-05
-1.66088e-05
-1.5809e-05
-1.41423e-05
-1.16739e-05
-9.38333e-06
-7.25842e-06
-5.28706e-06
-3.45804e-06
-1.76083e-06
-1.85678e-07
1.2765e-06
2.63409e-06
3.89494e-06
5.06778e-06
6.16096e-06
7.18048e-06
8.13038e-06
9.01495e-06
9.8392e-06
1.06078e-05
1.13252e-05
1.19954e-05
1.26145e-05
1.31955e-05
1.37366e-05
1.42412e-05
1.47122e-05
1.51525e-05
1.55648e-05
1.59518e-05
1.63157e-05
1.6659e-05
1.69775e-05
1.72729e-05
1.75472e-05
1.78024e-05
1.80401e-05
1.826e-05
1.2205e-05
7.76535e-06
4.75913e-06
3.2436e-06
3.99855e-06
5.19785e-06
6.28407e-06
7.29031e-06
8.2142e-06
9.05968e-06
9.84458e-06
1.05533e-05
1.11993e-05
1.1787e-05
1.23207e-05
1.28046e-05
1.32428e-05
1.36388e-05
1.39956e-05
1.43165e-05
1.46033e-05
1.48592e-05
1.50879e-05
1.52914e-05
1.54719e-05
1.56107e-05
1.76969e-05
1.85654e-05
1.86725e-05
1.85282e-05
1.8278e-05
1.79874e-05
1.73473e-05
1.68337e-05
1.67769e-05
1.67345e-05
1.67073e-05
1.66955e-05
1.66919e-05
1.66835e-05
1.66704e-05
1.66532e-05
1.66319e-05
1.66069e-05
1.65807e-05
1.65531e-05
1.6524e-05
1.64932e-05
1.64607e-05
1.64264e-05
1.63902e-05
1.63521e-05
1.63119e-05
1.62698e-05
1.62343e-05
1.61946e-05
1.61557e-05
1.61171e-05
1.60787e-05
1.60401e-05
1.60009e-05
1.59609e-05
1.59198e-05
1.58773e-05
1.58331e-05
1.57867e-05
1.57429e-05
1.57035e-05
1.5668e-05
1.56359e-05
1.56092e-05
1.15716e-05
8.57757e-06
7.13172e-06
7.60762e-06
8.14306e-06
8.68304e-06
9.19115e-06
9.67101e-06
1.01281e-05
1.05644e-05
1.09816e-05
1.13808e-05
1.17628e-05
1.21286e-05
1.2479e-05
1.28145e-05
1.31351e-05
1.34417e-05
1.37352e-05
1.40163e-05
1.42856e-05
1.45436e-05
1.47907e-05
1.50276e-05
1.52548e-05
1.71734e-05
1.79165e-05
1.81695e-05
1.83062e-05
1.84165e-05
1.85168e-05
1.86082e-05
1.86891e-05
1.87589e-05
1.88177e-05
1.88653e-05
1.8902e-05
1.89278e-05
1.89529e-05
1.89809e-05
1.90117e-05
1.90451e-05
1.9081e-05
1.91195e-05
1.91604e-05
1.92037e-05
1.92493e-05
1.92973e-05
1.93476e-05
1.94002e-05
1.94551e-05
1.95123e-05
1.95719e-05
1.96338e-05
1.96983e-05
1.97652e-05
1.98346e-05
1.99067e-05
1.99815e-05
2.0059e-05
2.01395e-05
2.0223e-05
2.03096e-05
2.03995e-05
2.04929e-05
2.05897e-05
2.06903e-05
2.07947e-05
2.0903e-05
2.10154e-05
2.11321e-05
2.12531e-05
2.13783e-05
2.15081e-05
2.16325e-05
2.17513e-05
2.18671e-05
2.19394e-05
2.19948e-05
2.20324e-05
2.2053e-05
2.20577e-05
2.20479e-05
2.20257e-05
2.19927e-05
2.19488e-05
2.18953e-05
2.18331e-05
2.17631e-05
2.16863e-05
2.16035e-05
2.15154e-05
2.14227e-05
2.13261e-05
2.12263e-05
2.31577e-05
2.38791e-05
2.43251e-05
2.48939e-05
2.5444e-05
2.49148e-05
2.40259e-05
2.32807e-05
2.29211e-05
2.25927e-05
2.22944e-05
2.20252e-05
2.17733e-05
2.15325e-05
2.1302e-05
2.10809e-05
2.08686e-05
2.06643e-05
2.04673e-05
2.0277e-05
2.0093e-05
1.99145e-05
1.97411e-05
1.95722e-05
1.94075e-05
1.92464e-05
1.90886e-05
1.89336e-05
1.87811e-05
1.86306e-05
1.84817e-05
1.83472e-05
1.65593e-05
1.60781e-05
1.6124e-05
1.61695e-05
1.6214e-05
1.62572e-05
1.62988e-05
1.63385e-05
1.63762e-05
1.64117e-05
1.64449e-05
1.64757e-05
1.65039e-05
1.65296e-05
1.65527e-05
1.65732e-05
1.65911e-05
1.66548e-05
1.67388e-05
1.68204e-05
1.69055e-05
1.69959e-05
1.7092e-05
1.71936e-05
1.73003e-05
1.74113e-05
1.7526e-05
1.76438e-05
1.77641e-05
1.78863e-05
1.80099e-05
1.81341e-05
1.82588e-05
1.83829e-05
1.85018e-05
1.86208e-05
1.87395e-05
1.88583e-05
2.06563e-05
2.12083e-05
2.13222e-05
2.13587e-05
2.13759e-05
2.13874e-05
2.13937e-05
2.13938e-05
2.13872e-05
2.13738e-05
2.13662e-05
2.13648e-05
2.13693e-05
2.13793e-05
2.13946e-05
2.1415e-05
2.14401e-05
2.14699e-05
2.15041e-05
2.15426e-05
2.15852e-05
2.1632e-05
2.16826e-05
2.17372e-05
2.17955e-05
2.18577e-05
2.19236e-05
2.19932e-05
2.20666e-05
2.21436e-05
2.22238e-05
2.23074e-05
2.23943e-05
2.24847e-05
2.25787e-05
2.26764e-05
2.2778e-05
2.28836e-05
2.29933e-05
2.31073e-05
2.32257e-05
2.33484e-05
2.34764e-05
2.36092e-05
2.3747e-05
2.38901e-05
2.40245e-05
2.72144e-05
2.71176e-05
2.7028e-05
2.6946e-05
2.68239e-05
2.67012e-05
2.6574e-05
2.64414e-05
2.63033e-05
2.61599e-05
2.6012e-05
2.58604e-05
2.57035e-05
2.55436e-05
2.53816e-05
2.5218e-05
2.50535e-05
2.48883e-05
2.47231e-05
2.45583e-05
2.43942e-05
2.42311e-05
2.40683e-05
2.61529e-05
2.73734e-05
2.68961e-05
2.6428e-05
2.59702e-05
2.1019e-05
1.11289e-05
-1.77135e-06
-1.6638e-05
-3.29038e-05
-5.02777e-05
-4.52501e-05
-5.37585e-05
-5.36153e-05
-5.14318e-05
-4.7286e-05
-4.24419e-05
-3.79501e-05
-3.37864e-05
-2.99281e-05
-2.63538e-05
-2.30435e-05
-1.99785e-05
-1.71417e-05
-1.45169e-05
-1.20893e-05
-9.84496e-06
-7.77117e-06
-5.85597e-06
-4.08833e-06
-2.45807e-06
-9.55643e-07
4.2761e-07
1.69926e-06
2.87669e-06
3.96684e-06
4.97561e-06
5.90852e-06
6.77059e-06
7.56664e-06
8.30104e-06
8.97795e-06
9.60121e-06
1.01744e-05
1.07009e-05
1.11838e-05
1.16261e-05
1.20305e-05
1.23996e-05
1.27357e-05
1.30998e-05
1.34449e-05
1.3772e-05
1.40857e-05
1.43885e-05
1.46814e-05
1.4965e-05
1.52396e-05
1.55059e-05
1.5764e-05
1.60142e-05
1.62568e-05
1.64901e-05
1.67162e-05
1.69353e-05
1.71478e-05
1.73538e-05
1.75537e-05
1.77476e-05
1.7931e-05
1.98947e-05
2.08054e-05
2.09997e-05
2.10312e-05
2.10384e-05
2.10402e-05
2.10398e-05
2.10374e-05
2.10354e-05
2.10346e-05
2.1034e-05
2.1033e-05
2.10355e-05
2.10427e-05
2.10546e-05
2.10711e-05
2.10919e-05
2.11171e-05
2.11466e-05
2.11802e-05
2.1218e-05
2.12598e-05
2.13058e-05
2.13558e-05
2.14098e-05
2.14679e-05
2.153e-05
2.1596e-05
2.16662e-05
2.17405e-05
2.18189e-05
2.19014e-05
2.19881e-05
2.20791e-05
2.21745e-05
2.22743e-05
2.23787e-05
2.24877e-05
2.26015e-05
2.27202e-05
2.2844e-05
2.29729e-05
2.3107e-05
2.32466e-05
2.33916e-05
2.35422e-05
2.36986e-05
2.3861e-05
2.40301e-05
2.41923e-05
2.43477e-05
2.44992e-05
2.45932e-05
2.46644e-05
2.47122e-05
2.47377e-05
2.47422e-05
2.47273e-05
2.46965e-05
2.46498e-05
2.45882e-05
2.45132e-05
2.44272e-05
2.43309e-05
2.42262e-05
2.41155e-05
2.39977e-05
2.38756e-05
2.375e-05
2.36217e-05
2.55452e-05
2.63959e-05
2.67112e-05
2.71221e-05
2.7631e-05
2.70769e-05
2.61072e-05
2.52319e-05
2.48195e-05
2.44664e-05
2.41399e-05
2.38391e-05
2.35534e-05
2.32773e-05
2.301e-05
2.27508e-05
2.2499e-05
2.22538e-05
2.20147e-05
2.1781e-05
2.15522e-05
2.13276e-05
2.11069e-05
2.08906e-05
2.06783e-05
2.04857e-05
1.83463e-05
1.73723e-05
1.74248e-05
1.74774e-05
1.75293e-05
1.758e-05
1.76291e-05
1.76765e-05
1.77217e-05
1.77645e-05
1.78048e-05
1.78422e-05
1.78766e-05
1.79079e-05
1.79358e-05
1.79603e-05
1.79812e-05
1.79984e-05
1.8012e-05
1.80219e-05
1.80281e-05
1.80305e-05
1.8092e-05
1.81804e-05
1.82875e-05
1.83906e-05
1.84959e-05
1.86065e-05
1.87233e-05
1.88464e-05
1.89752e-05
1.9109e-05
1.92472e-05
1.93888e-05
1.95332e-05
1.96797e-05
1.98276e-05
1.99765e-05
2.01253e-05
2.02743e-05
2.0418e-05
2.0559e-05
2.06981e-05
2.08375e-05
2.24856e-05
2.26571e-05
2.27623e-05
2.28826e-05
2.29665e-05
2.3041e-05
2.31067e-05
2.31628e-05
2.32091e-05
2.32456e-05
2.32764e-05
2.33116e-05
2.3351e-05
2.33945e-05
2.34418e-05
2.34929e-05
2.35476e-05
2.3606e-05
2.36678e-05
2.37331e-05
2.38016e-05
2.38735e-05
2.39481e-05
2.40251e-05
2.41044e-05
2.41864e-05
2.42711e-05
2.43587e-05
2.44492e-05
2.45429e-05
2.46399e-05
2.47402e-05
2.48441e-05
2.49517e-05
2.5063e-05
2.51784e-05
2.52981e-05
2.54221e-05
2.55499e-05
2.56824e-05
2.58198e-05
2.59625e-05
2.61105e-05
2.6264e-05
2.64233e-05
2.65884e-05
2.67596e-05
2.69201e-05
2.70792e-05
2.72325e-05
2.73809e-05
2.75305e-05
2.76842e-05
2.77804e-05
2.78509e-05
2.78955e-05
2.7916e-05
2.79145e-05
2.78928e-05
2.78528e-05
2.77963e-05
2.7725e-05
2.76406e-05
2.75445e-05
2.74384e-05
2.73234e-05
2.72006e-05
2.70712e-05
2.69361e-05
2.57265e-05
2.88061e-05
3.09163e-05
3.03846e-05
2.98609e-05
2.93467e-05
2.4907e-05
1.53022e-05
2.48926e-06
-1.23883e-05
-2.87057e-05
-4.60998e-05
-6.43527e-05
-8.33342e-05
-0.000102977
-0.000123278
-0.000112875
-0.000117383
-0.000117752
-0.000116697
-0.000114102
-0.000109869
-0.000103943
-9.62509e-05
-8.77715e-05
-7.99099e-05
-7.26231e-05
-6.58707e-05
-5.96151e-05
-5.38213e-05
-4.84566e-05
-4.3491e-05
-3.88963e-05
-3.46466e-05
-3.07177e-05
-2.70875e-05
-2.37396e-05
-2.06403e-05
-1.77713e-05
-1.51165e-05
-1.2661e-05
-1.0391e-05
-8.29363e-06
-6.35682e-06
-4.56936e-06
-2.92087e-06
-1.40161e-06
-2.5359e-09
1.28478e-06
2.4682e-06
3.55502e-06
4.62775e-06
5.63056e-06
6.56713e-06
7.44573e-06
8.27266e-06
9.05253e-06
9.78885e-06
1.04847e-05
1.11426e-05
1.17649e-05
1.23542e-05
1.29116e-05
1.34399e-05
1.39392e-05
1.44096e-05
1.48532e-05
1.52719e-05
1.56669e-05
1.60399e-05
1.63925e-05
1.8239e-05
1.9044e-05
1.98838e-05
2.00746e-05
2.02291e-05
2.03732e-05
2.05076e-05
2.06321e-05
2.0747e-05
2.08531e-05
2.09595e-05
2.10692e-05
2.11826e-05
2.12999e-05
2.14214e-05
2.15474e-05
2.16781e-05
2.18139e-05
2.1955e-05
2.21017e-05
2.22543e-05
2.24131e-05
2.25782e-05
2.27493e-05
2.29267e-05
2.31095e-05
2.32845e-05
2.34499e-05
2.3607e-05
2.3757e-05
2.39008e-05
2.40394e-05
2.41737e-05
2.43044e-05
2.44324e-05
2.45585e-05
2.46833e-05
2.48074e-05
2.49317e-05
2.50535e-05
2.51767e-05
2.52989e-05
2.54206e-05
2.55421e-05
2.56639e-05
2.57863e-05
2.59032e-05
2.59339e-05
2.58927e-05
2.58321e-05
2.57478e-05
2.56705e-05
2.55923e-05
2.55075e-05
2.54137e-05
2.53103e-05
2.51974e-05
2.50758e-05
2.49465e-05
2.48104e-05
2.46686e-05
2.45219e-05
2.43714e-05
2.42179e-05
2.40622e-05
2.39049e-05
2.37467e-05
2.3589e-05
2.34325e-05
2.32849e-05
2.51337e-05
2.59353e-05
2.55011e-05
2.50726e-05
2.46512e-05
2.22369e-05
1.70883e-05
1.12189e-05
5.72028e-06
5.06808e-07
-4.48698e-06
-9.13204e-06
-1.33178e-05
-1.69522e-05
-1.99582e-05
-2.22703e-05
-2.3831e-05
-2.45933e-05
-2.45182e-05
