0
-0.000319128
-0.00022384
-0.000132126
-0.0020905
-0.0379021
-0.0635118
-0.00756478
-0.0595926
-0.0072768
-0.0302637
-0.00346313
0.000716916
0.0012468
9.20142e-05
-0.00191291
-0.00381192
-0.00564642
-0.00744908
-0.00923162
-0.0109981
-0.0127487
-0.0144819
-0.0161954
-0.0175306
-0.0198232
-0.0205296
-0.0238492
-0.0247051
-0.027593
-0.0291589
-0.0306845
-0.032158
-0.0335705
-0.0349107
-0.0361609
-0.0372317
-0.0351937
-0.0333773
-0.0319888
-0.0324708
-0.0329328
-0.0333031
-0.0335858
-0.0338441
-0.034048
-0.0341477
-0.0341482
-0.03406
-0.0338683
-0.0326886
-0.0320305
-0.0315203
-0.0310609
-0.0306019
-0.0300999
-0.0295557
-0.0289454
-0.0282787
-0.0275575
-0.0267852
-0.0259568
-0.0250678
-0.0241192
-0.023115
-0.0220497
-0.0209273
-0.0197483
-0.0185132
-0.0172223
-0.0158754
0.0123349
0.00385752
0.0044461
0.00576762
0.00371459
0.00530747
0.00702892
0.00881826
0.0106441
0.0124905
0.0143504
0.0162212
0.0181026
0.0199957
0.0219021
0.0238238
0.025763
0.0269066
0.0285186
0.0301868
0.0318339
0.0330813
0.0343571
0.0356628
0.0370001
0.0383706
0.0397879
0.0412608
0.0427924
0.0443818
0.0460339
0.0477612
0.0495756
0.0515341
0.0532921
0.053284
0.0591544
0.0621698
0.0650015
0.067874
0.070805
0.0738053
0.0768807
0.0800355
0.0832736
0.0865988
0.0900149
0.0935256
0.0971348
0.100847
0.0756387
0.0711583
0.0662802
0.0592345
0.0509597
0.0419781
0.0325778
0.0229166
0.013083
0.00312546
-0.00693573
-0.0170885
-0.0286268
-0.0387427
-0.0489723
-0.0593211
-0.0520422
-0.0473229
-0.042812
-0.031995
-0.0360741
-0.039833
-0.0332968
-0.0373193
-0.0406107
-0.0425746
-0.0449136
-0.0474055
-0.0507482
-0.0544269
-0.0570018
-0.0593096
-0.0619177
-0.0646786
-0.0674654
-0.07027
-0.0731301
-0.0760484
-0.0790278
-0.0820716
-0.0851829
-0.088365
-0.0915553
-0.0946954
-0.0978883
-0.101143
-0.104464
-0.107858
-0.111327
-0.114869
-0.118487
-0.122192
-0.125983
-0.129857
-0.133816
-0.137859
-0.141989
-0.146206
-0.150514
-0.154913
-0.1594
-0.163936
-0.170393
-0.175361
-0.18046
-0.185699
-0.168265
-0.156578
-0.149722
-0.142639
-0.135648
-0.132807
-0.127917
-0.121908
-0.115288
-0.108336
-0.101201
-0.0939605
-0.0866601
-0.0793246
-0.0719622
-0.0645824
-0.0559834
-0.0560052
-0.0440456
-0.0378994
-0.0318859
-0.0258442
-0.0197598
-0.0136227
-0.00406499
0.00430388
0.0119277
0.0185228
0.0248417
0.0310102
0.0371093
0.0428926
0.0489267
0.0550636
0.0611198
0.0678134
0.0745504
0.0813374
0.0881803
0.0950842
0.102054
0.109094
0.116365
0.124361
0.132656
0.141172
0.149329
0.156775
0.164347
0.172048
0.17988
0.187851
0.187653
0.198475
0.203759
0.209243
0.214932
0.22083
0.226949
0.233303
0.239925
0.246915
0.249105
0.251185
0.253442
0.255882
0.258512
0.258176
0.262082
0.264385
0.266942
0.26974
0.272821
0.245524
0.228259
0.225443
0.22061
0.213651
0.213427
0.198056
0.188434
0.178995
0.169563
0.160161
0.150796
0.141468
0.132171
0.123113
0.114225
0.105185
0.0960942
0.0868851
0.0776548
0.068405
0.0608988
0.0538677
0.046528
0.0389019
0.0311423
0.0131154
0.00584009
-0.00129823
-0.0083482
-0.0154477
-0.0223542
-0.0291094
-0.0361835
-0.0440374
-0.0519308
-0.0598637
-0.0678401
-0.0758647
-0.0838972
-0.0919821
-0.100126
-0.108334
-0.116611
-0.124963
-0.133391
-0.141898
-0.150479
-0.159097
-0.158921
-0.172586
-0.178588
-0.184762
-0.191115
-0.197648
-0.204368
-0.211284
-0.218406
-0.225755
-0.233371
-0.241403
-0.244005
-0.247041
-0.250298
-0.253831
-0.253497
-0.258847
-0.261685
-0.264803
-0.268198
-0.271699
-0.245315
-0.237381
-0.232026
-0.225496
-0.217792
-0.209484
-0.200884
-0.192157
-0.183389
-0.174627
-0.165889
-0.157203
-0.148548
-0.139907
-0.13129
-0.122696
-0.114121
-0.105562
-0.0970142
-0.0884726
-0.081185
-0.0732332
-0.0662723
-0.0575747
-0.0414278
-0.034222
-0.027346
-0.0208201
-0.0148711
-0.00916858
-0.00355642
0.00197387
0.00743217
0.0133797
0.0195372
0.0257299
0.0319593
0.0382281
0.0445397
0.0508978
0.0573064
0.0637696
0.0702916
0.0768766
0.083529
0.0902533
0.0970541
0.103936
0.110904
0.117958
0.125102
0.13235
0.139703
0.147163
0.154732
0.162414
0.170216
0.178142
0.1862
0.194397
0.202744
0.211251
0.219932
0.228803
0.237881
0.247192
0.256752
0.266506
0.27633
0.279364
0.281951
0.285695
0.261441
0.252394
0.243066
0.233045
0.222684
0.21217
0.201649
0.191111
0.180516
0.169938
0.159392
0.148875
0.138386
0.127919
0.11747
0.107032
0.0966007
0.0861685
0.0778881
0.0703489
0.0627533
0.0549223
0.0452136
0.0251422
0.0171123
0.00912431
0.00118303
-0.00658018
-0.0141489
-0.0215637
-0.0297125
-0.0382795
-0.0468838
-0.0555311
-0.0642272
-0.0729785
-0.0817911
-0.0906714
-0.099626
-0.108661
-0.117784
-0.127002
-0.136321
-0.14575
-0.155298
-0.164974
-0.174792
-0.184763
-0.194919
-0.194695
-0.197903
-0.199983
-0.201854
-0.203844
-0.205975
-0.208248
-0.210666
-0.21323
-0.215946
-0.218819
-0.221856
-0.225065
-0.228451
-0.232023
-0.235786
-0.239748
-0.243914
-0.220451
-0.207883
-0.204472
-0.199827
-0.193453
-0.186181
-0.178453
-0.170503
-0.162453
-0.154367
-0.146282
-0.138207
-0.130145
-0.122098
-0.114073
-0.106077
-0.0980027
-0.0901198
-0.0820209
-0.0739092
-0.0657813
-0.0610707
-0.0556335
-0.0496956
-0.0412362
-0.0297717
-0.0239237
-0.0181616
-0.0125512
-0.00707754
-0.00171424
0.0043657
0.0105432
0.016765
0.0230291
0.0293364
0.0356895
0.0420917
0.0485469
0.0550593
0.0616331
0.0682728
0.0749826
0.0817667
0.0886293
0.0955748
0.102608
0.109732
0.116946
0.124246
0.13163
0.139092
0.146655
0.154319
0.162086
0.169957
0.177937
0.186028
0.194234
0.202559
0.211004
0.219562
0.228142
0.237842
0.246639
0.255671
0.264963
0.264609
0.266774
0.267983
0.26933
0.27083
0.245044
0.239238
0.231938
0.22347
0.2144
0.20504
0.195566
0.186343
0.17539
0.165717
0.156086
0.146697
0.137318
0.127947
0.118591
0.109247
0.0999138
0.0905863
0.0812596
0.0705775
0.059144
0.048634
0.0383516
0.0280374
0.0193902
0.010989
0.00233771
-0.00641859
-0.0152191
-0.0240459
-0.0239797
-0.0320172
-0.0395506
-0.0453725
-0.051267
-0.0573294
-0.0635015
-0.0696932
-0.0759436
-0.0822739
-0.0886957
-0.0952185
-0.10185
-0.108597
-0.115466
-0.122464
-0.129598
-0.136877
-0.144306
-0.151901
-0.15969
-0.167719
-0.17629
-0.179398
-0.182303
-0.185334
-0.18849
-0.191777
-0.195198
-0.198757
-0.20246
-0.206316
-0.210332
-0.214514
-0.218871
-0.223409
-0.228135
-0.233056
-0.238175
-0.213188
-0.205683
-0.200453
-0.194154
-0.186742
-0.178773
-0.170525
-0.162111
-0.153581
-0.145021
-0.136462
-0.127909
-0.119449
-0.110905
-0.10235
-0.0937945
-0.0852347
-0.0766664
-0.0681003
-0.0626847
-0.0585314
-0.0532773
-0.0482089
-0.0429216
-0.0312262
-0.0263447
-0.0222486
-0.017064
-0.0118228
-0.00655894
-0.0013601
0.00377681
0.00912467
0.0145756
0.0200619
0.0255859
0.031151
0.0367608
0.0424192
0.0481303
0.0538982
0.059727
0.0656208
0.0715876
0.0776296
0.0837486
0.0899487
0.0962342
0.102609
0.109073
0.115632
0.122295
0.129066
0.135945
0.142934
0.150038
0.157262
0.16461
0.172089
0.179707
0.187474
0.1954
0.203499
0.211787
0.220279
0.228998
0.237974
0.247263
0.257076
0.260136
0.262749
0.26641
0.242717
0.233616
0.224131
0.213944
0.203406
0.192708
0.182015
0.171248
0.160458
0.149684
0.138954
0.128384
0.118029
0.108489
0.0979264
0.0883769
0.0788015
0.0692162
0.0609887
0.0518118
0.0428892
0.0339635
0.0249509
0.00465042
-0.00381785
-0.0123345
-0.0208684
-0.0292474
-0.0374446
-0.0455206
-0.0543229
-0.0635478
-0.0728313
-0.0821799
-0.0916003
-0.1011
-0.110688
-0.120369
-0.130153
-0.140052
-0.150076
-0.160155
-0.170472
-0.170287
-0.173311
-0.175391
-0.177299
-0.179235
-0.181302
-0.183508
-0.185848
-0.188321
-0.190924
-0.193659
-0.196527
-0.199528
-0.202667
-0.205947
-0.209373
-0.21295
-0.216686
-0.220588
-0.224663
-0.228918
-0.23336
-0.237997
-0.216267
-0.20468
-0.196158
-0.193334
-0.188668
-0.182584
-0.175759
-0.168555
-0.161164
-0.153687
-0.14618
-0.138672
-0.131173
-0.123683
-0.116204
-0.108735
-0.101291
-0.0938464
-0.0865092
-0.0790835
-0.0714937
-0.0638752
-0.0599986
-0.0554356
-0.0501375
-0.0442263
-0.0295567
-0.0238751
-0.018299
-0.0128903
-0.0076343
-0.00250897
0.00277168
0.00869312
0.0146648
0.0206777
0.0267298
0.032822
0.0389569
0.0451378
0.0513601
0.0576195
0.0639204
0.0702668
0.0766506
0.0830765
0.0895584
0.0961014
0.10271
0.10939
0.116145
0.122974
0.129882
0.13688
0.14397
0.151149
0.158419
0.165774
0.173199
0.180425
0.189737
0.197383
0.205177
0.213127
0.221247
0.229547
0.23804
0.246739
0.255657
0.255319
0.262258
0.265665
0.269396
0.274481
0.280582
0.260051
0.250697
0.241203
0.231381
0.221418
0.211413
0.201423
0.191472
0.18157
0.171735
0.16208
0.150015
0.140048
0.130138
0.120273
0.110445
0.100669
0.0893391
0.07692
0.0653619
0.0542248
0.0431535
0.0337482
0.0257941
0.0170366
0.0081298
-0.000839464
-0.00983548
-0.0188445
-0.0278638
-0.0368974
-0.0459576
-0.0458886
-0.0520306
-0.0581228
-0.0623753
-0.0667719
-0.0713014
-0.0759575
-0.0807451
-0.0859587
-0.0916292
-0.0973043
-0.103034
-0.10886
-0.114807
-0.120888
-0.127118
-0.133519
-0.140107
-0.146908
-0.153998
-0.163207
-0.166231
-0.169026
-0.172065
-0.175219
-0.178495
-0.181902
-0.185448
-0.18914
-0.192985
-0.19699
-0.201161
-0.205507
-0.210031
-0.214738
-0.187494
-0.180238
-0.175088
-0.168571
-0.160845
-0.152469
-0.14375
-0.134848
-0.125854
-0.116828
-0.107719
-0.0985795
-0.0893422
-0.0808442
-0.0731829
-0.0654662
-0.0576731
-0.0500237
-0.0423044
-0.0345205
-0.0287095
-0.0217574
-0.0143005
-0.00631015
0.0088633
0.0165869
0.0241786
0.0316016
0.0388841
0.0460523
0.0539846
0.0622012
0.0704851
0.0788401
0.0872714
0.0957852
0.104388
0.113087
0.12189
0.130804
0.139838
0.148998
0.158251
0.167567
0.176901
0.186481
0.188788
0.190945
0.193213
0.195611
0.198151
0.200839
0.203674
0.206652
0.209773
0.213037
0.216448
0.220005
0.223714
0.226525
0.230372
0.2335
0.236694
0.240075
0.243653
0.24743
0.247097
0.224165
0.202834
0.19427
0.185625
0.181715
0.17739
0.171251
0.164194
0.15668
0.148945
0.141109
0.133234
0.125352
0.11747
0.109591
0.101713
0.0938363
0.0859573
0.078068
0.0701692
0.0625071
0.0550163
0.0475196
0.0385862
0.0293441
0.0210119
0.0128534
0.00463416
-0.00601344
-0.0126129
-0.0203967
-0.0282683
-0.0358116
-0.0431379
-0.0504176
-0.0576884
-0.0649722
-0.0722846
-0.0796378
-0.0870004
-0.0943776
-0.101775
