8.53892e-05
0.000115984
0.000121947
0.000118111
0.000111501
0.000104007
9.7148e-05
9.16091e-05
8.77713e-05
8.57999e-05
8.58203e-05
8.78878e-05
9.20459e-05
9.83167e-05
0.000106707
0.000117212
0.000129815
0.000144489
0.000161198
0.000179899
0.000200539
0.000223062
0.000247402
0.000273489
0.000301249
0.000330604
0.00036147
0.000393763
0.000427393
0.000462271
0.000498305
0.000535402
0.000573468
0.00061241
0.000652132
0.000692541
0.000733543
0.000775047
0.00081696
0.000859193
0.000901657
0.000944265
0.000986932
0.00102958
0.00107212
0.00111448
0.00115658
0.00119835
0.00123973
0.00128064
0.00132103
0.00136083
0.00139998
0.00143843
0.00147613
0.00151303
0.00154909
0.00158426
0.00161851
0.0016518
0.00168409
0.00171537
0.0017456
0.00177476
0.00180284
0.0018298
0.00185565
0.00188037
0.00190395
0.00192638
0.00194766
0.00196779
0.00198732
0.00200552
0.00202233
0.0020379
0.00205232
0.00206561
0.00207781
0.00208894
0.00209902
0.00210807
0.00211611
0.00212317
0.00212927
0.00213443
0.00213868
0.00214205
0.00214456
0.00214625
0.00214714
0.00214727
0.00214665
0.00214533
0.00214334
0.0021407
0.00213745
0.00213363
0.00212925
0.00212436
0.00211898
0.00211315
0.00210691
0.00210027
0.00209327
0.00208594
0.00207832
0.00207003
0.00206177
0.0020534
0.00204489
0.00203624
0.00202747
0.00201859
0.00200963
0.00200061
0.00199155
0.00198248
0.00197341
0.00196437
0.00195538
0.00194645
0.00193761
0.00192886
0.00192024
0.00191175
0.00190341
0.00189524
0.00188725
0.00187945
0.00187186
0.00186448
0.00185734
0.00185042
0.00184376
0.00183735
0.0018312
0.00182487
0.00181867
0.00181272
0.00180784
0.00180322
0.00179888
0.00179558
0.0017941
0.00179379
0.00179326
0.00179221
0.00179065
0.00178806
0.0017845
0.00178033
0.00177589
0.00177192
0.00176874
0.00176639
0.00176478
0.00176386
0.0017636
0.00176397
0.00176495
0.00176651
0.00176863
0.00177121
0.00177405
0.00177707
0.00178023
0.00178349
0.00178683
0.00179024
0.00179369
0.00179718
0.0018007
0.00180423
0.00180775
0.00181127
0.00181477
0.00181824
0.00182167
0.00182506
0.0018284
0.00183168
0.0018349
0.00183805
0.00184113
0.00184413
0.00184705
0.00184988
0.00185263
0.00185529
0.00185786
0.00186034
0.00186273
0.00186501
0.00186721
0.0018693
0.0018713
0.0018732
0.00187501
0.00187672
0.00187834
0.00187987
0.0018813
0.00188265
0.0018839
0.00188507
0.00188616
0.00188717
0.0018881
0.00188895
0.00188403
0.00188318
0.0018836
0.00188449
0.00188549
0.00188643
0.00188719
0.00188771
0.00188803
0.00188829
0.00188851
0.00188864
0.00188862
0.00188845
0.00188812
0.00188764
0.001887
0.00188621
0.00188529
0.00188422
0.00188302
0.00188169
0.00188025
0.00187869
0.00187703
0.00187527
0.00187342
0.00187149
0.00186949
0.00186742
0.00186529
0.00186311
0.00186088
0.00185863
0.00185634
0.00185404
0.00185172
0.0018494
0.00184708
0.00184477
0.00184248
0.00184021
0.00183797
0.00183577
0.00183361
0.00183088
0.00182812
0.00182552
0.00182318
0.00182122
0.0018195
0.00181791
0.0018164
0.00181495
0.00181356
0.00181222
0.00181094
0.00180971
0.00180853
0.00180741
0.00180635
0.00180535
0.0018044
0.00180352
0.00180271
0.00180196
0.00180127
0.00180065
0.0018001
0.00179961
0.0017992
0.00179904
0.00179891
0.00179877
0.00179863
0.00179853
0.00179848
0.00179847
0.00179853
0.0017987
0.00179897
0.00179931
0.00179974
0.00180024
0.00180081
0.00180145
0.00180215
0.00180291
0.00180374
0.00180463
0.00180557
0.00180657
0.00180763
0.00180874
0.0018099
0.00181111
0.00181236
0.00181366
0.001815
0.00181638
0.0018178
0.00181926
0.00182075
0.00182226
0.00182381
0.00182539
0.00182698
0.00182861
0.00183024
0.0018319
0.00183357
0.00183526
0.00183696
0.00183867
0.00184038
0.0018421
0.00184344
0.00184471
0.00184611
0.00184776
0.00184951
0.0018513
0.00185309
0.00185486
0.00185661
0.00185833
0.00186003
0.00186168
0.00186331
0.00186489
0.00186644
0.00186795
0.00186942
0.00187084
0.00187223
0.00187357
0.00187488
0.00187614
0.00187736
0.00187854
0.00187968
0.00188094
0.00188213
0.0018832
0.0018842
0.00188515
0.00188606
0.00188693
0.00188777
0.00188859
0.00188938
0.00189014
0.00189088
0.00189161
0.00189231
0.00189301
0.00189369
0.00189436
0.00189502
0.00189567
0.00189632
0.00189697
0.00189762
0.00189826
0.00189891
0.00189955
0.00190021
0.00190086
0.00190153
0.0019022
0.00190288
0.00190358
0.00190428
0.001905
0.00190573
0.00190647
0.00190724
0.00190801
0.00190881
0.00190963
0.00191046
0.00191131
0.00191219
0.00191309
0.001914
0.00191495
0.00191591
0.0019169
0.00191791
0.00191895
0.00192001
0.00192109
0.0019222
0.00192334
0.00192449
0.00192566
0.00192686
0.00192808
0.00192933
0.0019306
0.00193189
0.00193321
0.00193456
0.00193593
0.00193732
0.00193874
0.00194018
0.00194165
0.00194314
0.00194465
0.00194619
0.00194794
0.00194968
0.0019514
0.00195314
0.00195488
0.00195654
0.00195814
0.00195974
0.00196139
0.00196308
0.0019648
0.00196654
0.00196832
0.00197011
0.00197192
0.00197375
0.0019756
0.00197747
0.00197935
0.00198124
0.00198314
0.00198506
0.00198698
0.00198891
0.00199084
0.00199278
0.00199472
0.00199667
0.00199861
0.00200055
0.00200249
0.00200442
0.00200619
0.00200801
0.00200989
0.0020118
0.00201371
0.00201562
0.0020175
0.00201937
0.00202122
0.00202305
0.00202486
0.00202664
0.00202839
0.00203012
0.00203182
0.00203349
0.00203514
0.00203676
0.00203835
0.00203992
0.00204146
0.00204296
0.00204444
0.00204589
0.0020473
0.00204869
0.00205005
0.00205137
0.00205267
0.00205394
0.00205518
0.00205639
0.00205758
0.00205874
0.00205987
0.00206097
0.00206205
0.00206311
0.00206431
0.00206544
0.00206648
0.00206746
0.00206841
0.00206934
0.00207025
0.00207114
0.00207203
0.00207291
0.00207378
0.00207465
0.00207551
0.00207637
0.00207724
0.00207811
0.00207898
0.00207985
0.00208073
0.00208162
0.00208252
0.00208342
0.00208434
0.00208527
0.0020862
0.00208716
0.00208812
0.0020891
0.00209009
0.00209111
0.00209213
0.00209318
0.00209424
0.00209532
0.00209642
0.00209754
0.00209868
0.00209984
0.00210102
0.00210223
0.00210345
0.0021047
0.00210597
0.00210726
0.00210858
0.00210991
0.00211128
0.00211296
0.00211446
0.00211591
0.00211735
0.00211879
0.00212025
0.00212173
0.00212324
0.00212478
0.00212635
0.00212794
0.00212956
0.00213121
0.00213289
0.0021346
0.00213634
0.0021381
0.00213989
0.00214171
0.00214356
0.00214543
0.00214733
0.00214926
0.00215142
0.00215362
0.00215567
0.00215767
0.00215966
0.00216122
0.00216214
0.0021625
0.00216247
0.00216216
0.00216165
0.00216327
0.00216444
0.00216624
0.00216847
0.00217101
0.00217367
0.00217627
0.00217872
0.00218096
0.00218299
0.00218478
0.00218633
0.00218764
0.0021887
0.00218952
0.0021901
0.00219044
0.00219053
0.0021904
0.00219003
0.00218944
0.00218863
0.00218761
0.00218639
0.00218498
0.00218338
0.0021816
0.00217966
0.00217755
0.0021753
0.00217291
0.00217038
0.00216774
0.00216499
0.00216213
0.00215919
0.00215617
0.00215307
0.00214991
0.00214671
0.00214347
0.0021402
0.00213691
0.0021336
0.0021303
0.00212699
0.0021237
0.00212043
0.00211719
0.00211398
0.00211081
0.00210769
0.00210463
0.00210163
0.0020987
0.00209584
0.00209306
0.00209036
0.00208775
0.00208541
0.00208313
0.00208088
0.00207867
0.00207655
0.00207453
0.00207262
0.00207083
0.00206916
0.00206762
0.0020662
0.00206491
0.00206375
0.00206272
0.00206182
0.00206106
0.00206042
0.00205992
0.00205955
0.00205931
0.0020592
0.00205921
0.00205936
0.00205962
0.00206002
0.00206053
0.00206116
0.00206191
0.00206278
0.00206375
0.00206484
0.00206603
0.00206733
0.00206872
0.00207022
0.0020718
0.00207348
0.00207525
0.0020771
0.00207903
0.00208104
0.00208312
0.00208528
0.0020875
0.00208979
0.00209213
0.00209454
0.002097
0.00209951
0.00210206
0.00210466
0.0021073
0.00210998
0.00211268
0.00211541
0.00211816
0.00212094
0.00212374
0.00212655
0.00212939
0.00213223
0.00213509
0.00213796
0.00214083
0.00214371
0.00214659
0.00214948
0.00215236
0.00215524
0.00215811
0.00216118
0.00216422
0.00216719
0.00217012
0.00217304
0.00217584
0.00217855
0.00218121
0.00218389
0.00218658
0.00218926
0.00219193
0.00219459
0.00219723
0.00219985
0.00220245
0.00220503
0.00220758
0.00221011
0.00221261
0.00221509
0.00221753
0.00221995
0.00222234
0.00222469
0.00222701
0.00222911
0.00223121
0.0022334
0.00223559
0.00223777
0.00223991
0.00224202
0.00224408
0.0022461
0.00224808
0.00225001
0.00225189
0.00225373
0.00225552
0.00225726
0.00225896
0.00226061
0.00226221
0.00226376
0.00226526
0.00226672
0.00226814
0.00226951
0.00227085
0.00227214
0.00227339
0.00227461
0.00227578
0.00227691
0.00227801
0.00227907
0.00228009
0.00228108
0.00228203
0.00228296
0.00228385
0.00228471
0.00228555
0.00228636
0.00228714
0.00228791
0.00228865
0.00228937
0.00229007
0.0022909
0.00229164
0.00229232
0.00229298
0.00229362
0.00229424
0.00229486
0.00229548
0.00229609
0.00229671
0.00229733
0.00229796
0.00229859
0.00229924
0.0022999
0.00230057
0.00230126
0.00230197
0.0023027
0.00230344
0.00230421
0.002305
0.00230581
0.00230664
0.0023075
0.00230839
0.0023093
0.00231025
0.00231122
0.00231221
0.00231324
0.0023143
0.00231539
0.00231651
0.00231767
0.00231885
0.00232007
0.00232132
0.0023226
0.00232392
0.00232526
0.00232665
0.00232806
0.00232951
0.00233099
0.00233251
0.00233406
0.00233564
0.00233725
0.00233889
0.00234057
0.00234228
0.00234401
0.00234578
0.00234757
0.00234939
0.00235123
0.0023531
0.002355
0.00235693
0.00235888
0.00236086
0.00236286
0.00236489
0.00236695
0.00236903
0.00237114
0.00237327
0.00237542
0.00237749
0.00237996
0.00238251
0.00238485
0.00238711
0.00238934
0.0023912
0.0023924
0.00239303
0.00239325
0.00239318
0.00239291
0.00239248
0.00239193
0.00239125
0.00239044
0.00239255
0.00239433
0.00239627
0.00239829
0.00240035
0.0024024
0.00240442
0.0024064
0.0024082
0.00240963
0.0024106
0.00241106
0.00241101
0.00241042
0.00240931
0.00240768
0.00240553
0.00240288
0.00239973
0.0023961
0.00239201
0.00238746
0.00238249
0.0023771
0.00237132
0.00236516
0.00235865
0.00235181
0.00234466
0.00233722
0.00232951
0.00232156
0.00231339
0.00230502
0.00229648
0.00228779
0.00227897
0.00227005
0.00226104
0.00225196
0.00224285
0.00223371
0.00222457
0.00221544
0.00220635
0.00219731
0.00218834
0.00217946
0.00217069
0.00216203
0.0021535
0.00214512
0.0021369
0.00212886
0.002121
0.00211349
0.00210615
0.00209901
0.00209203
0.00208525
0.00207871
0.00207241
0.00206638
0.00206061
0.00205511
0.00204988
0.00204494
0.00204029
0.00203592
0.00203185
0.00202807
0.00202458
0.00202138
0.00201848
0.00201587
0.00201355
0.00201152
0.00200977
0.00200831
0.00200713
0.00200622
0.00200558
0.00200521
0.0020051
0.00200525
0.00200564
0.00200628
0.00200715
0.00200826
0.0020096
0.00201115
0.00201291
0.00201489
0.00201706
0.00201942
0.00202196
0.00202468
0.00202757
0.00203062
0.00203383
0.00203718
0.00204066
0.00204427
0.00204799
0.00205182
0.00205576
0.00205979
0.00206392
0.00206812
0.00207241
0.00207677
0.00208118
0.00208566
0.00209018
0.00209474
0.00209934
0.00210396
0.00210861
0.00211327
0.00211795
0.00212263
0.0021273
0.00213197
0.00213663
0.00214126
0.00214608
0.00215084
0.00215543
0.00215993
0.00216437
0.00216857
0.00217236
0.00217589
0.00217931
0.0021827
0.00218605
0.00218939
0.00219273
0.00219606
0.00219941
0.00220275
0.0022061
0.00220945
0.00221279
