0
-0.181748
0.18573
0.0349157
-0.00810534
0.22223
0.291639
-0.176304
0.202532
-0.333955
0.0687698
-0.165931
-0.0554431
-0.00876749
0.00523742
0.0112701
0.0102496
0.00961686
0.00920403
0.00887841
0.00857304
0.00825378
0.00790592
0.00752111
0.00702532
0.00659937
0.00586022
0.00550409
0.00461313
0.00307186
0.00350056
0.00295801
0.00228796
0.00150868
0.000611695
-0.000424174
-0.00190846
-0.0194601
-0.0240734
-0.0224342
-0.00858526
-0.0094031
-0.0107813
-0.0121222
-0.0129166
-0.0139515
-0.0153752
-0.0167651
-0.0180797
-0.019515
-0.0284744
-0.0253381
-0.0248858
-0.0251182
-0.0257046
-0.0265889
-0.0274536
-0.0284758
-0.0294144
-0.0303184
-0.031177
-0.032065
-0.0329799
-0.03387
-0.0347206
-0.0355812
-0.0364014
-0.037201
-0.0379785
-0.0387347
-0.0394737
-0.392505
0.0491302
0.00599807
-0.0168798
-0.00221508
-0.0333028
-0.0369527
-0.0389124
-0.0399381
-0.0404471
-0.0406708
-0.0407363
-0.0407132
-0.0406395
-0.0405353
-0.0404125
-0.0402771
-0.0342332
-0.0373853
-0.037399
-0.0369107
-0.0337089
-0.0335538
-0.0333941
-0.0332305
-0.0330631
-0.0329764
-0.032937
-0.0329023
-0.0328158
-0.0327506
-0.0327903
-0.0328762
-0.0333282
-0.0312789
-0.0178884
-0.0613238
-0.038362
-0.0362756
-0.0357925
-0.0354592
-0.0352035
-0.0349647
-0.0347275
-0.0344876
-0.0342427
-0.0339919
-0.0337344
-0.0334697
-0.0331975
0.175452
0.0318008
0.034263
0.0512168
0.0614196
0.0677974
0.0720011
0.0749543
0.0771353
0.0788228
0.0802624
0.0815125
0.0919306
0.0821677
0.0832491
0.0842102
-0.0422771
-0.0251223
-0.0234891
-0.0688537
0.0374884
0.0360578
-0.0323293
0.0381935
0.0305548
0.0206581
0.023357
0.0241364
0.0305149
0.0336832
0.0264544
0.0241292
0.0242392
0.0238591
0.0235968
0.0231844
0.0229787
0.0227362
0.0224698
0.0221868
0.0218909
0.0215832
0.0207518
0.0195749
0.0189682
0.0183967
0.0178388
0.0172813
0.0167151
0.0160566
0.0153895
0.0148027
0.0141439
0.0134042
0.0126059
0.0117606
0.010875
0.00995515
0.00900508
0.00802293
0.00698262
0.00561976
0.0179975
0.0051473
0.00426877
0.00343049
-0.162033
-0.122205
-0.0886992
-0.0919671
-0.0926168
-0.0714834
-0.0861827
-0.0950975
-0.100797
-0.104719
-0.107648
-0.110008
-0.11199
-0.113707
-0.115312
-0.116791
-0.126948
-0.0654117
-0.157029
-0.112306
-0.112166
-0.113221
-0.114311
-0.115399
-0.139871
-0.133911
-0.126003
-0.119203
-0.116738
-0.115336
-0.11453
-0.112464
-0.114327
-0.114791
-0.112525
-0.116439
-0.116039
-0.115606
-0.115136
-0.114626
-0.114076
-0.113483
-0.113994
-0.11783
-0.118396
-0.118582
-0.11487
-0.108129
-0.107424
-0.106645
-0.10581
-0.104927
-0.0427751
-0.123445
-0.079755
-0.0791203
-0.0784418
-0.0777159
-0.0769841
-0.0762962
-0.075766
-0.0758742
-0.0393666
-0.0355914
-0.0342696
-0.0329843
-0.0317464
-0.00582493
-0.0363046
-0.021577
-0.0208004
-0.0199281
-0.0193971
0.199716
0.130952
0.0363964
0.0520309
0.0696997
0.024921
0.135396
0.096981
0.0982443
0.100694
0.102822
0.104815
0.106731
0.108524
0.108724
0.109197
0.112072
0.11422
0.116585
0.118113
0.119537
0.112866
0.110668
0.109354
0.109423
0.109199
0.186156
0.108454
0.107789
0.107382
0.1081
0.107189
0.106358
0.107473
0.110562
0.110375
0.110108
0.109782
0.109404
0.109047
0.108498
0.107916
0.107292
0.106624
0.105907
0.105132
0.104284
0.103318
0.102004
0.0356929
0.136813
0.0780415
0.0774695
0.0768485
0.0761567
0.0754241
0.0746732
0.0739345
0.0732639
0.0728036
0.0733372
0.0322887
0.032582
0.0316772
0.031141
-0.00125256
0.0383161
0.0186189
0.0181928
0.0176979
0.0157068
-0.201101
-0.0769228
-0.0609238
-0.0716564
-0.0828315
-0.0899244
-0.0947456
-0.0983308
-0.101189
-0.103602
-0.105821
-0.107861
-0.109835
-0.111776
-0.113602
-0.115339
-0.116989
-0.118561
-0.120059
-0.121489
-0.11204
-0.119349
-0.110536
-0.123131
-0.181231
-0.116665
-0.114588
-0.11286
-0.109323
-0.107998
-0.107814
-0.107604
-0.107366
-0.108612
-0.109125
-0.109125
-0.109068
-0.108963
-0.108817
-0.108632
-0.10841
-0.108152
-0.107858
-0.107529
-0.107165
-0.106767
-0.106334
-0.105867
-0.105367
-0.104757
-0.104124
-0.103553
-0.1029
-0.102158
-0.10135
-0.100489
-0.0995817
-0.098639
-0.0976703
-0.0966868
-0.0957024
-0.0947418
-0.0938248
-0.0929549
-0.0921437
-0.0914547
-0.0908076
-0.0896923
-0.0875762
-0.0365869
-0.0297134
-0.0327896
0.170947
0.0669985
0.0718272
0.0799625
0.0854805
0.0895472
0.0926078
0.095443
0.0982574
0.100593
0.102707
0.10471
0.106612
0.108423
0.110148
0.111789
0.113349
0.114831
0.105711
0.10014
0.0980091
0.098524
0.111179
0.18824
0.101592
0.10183
0.101907
0.101298
0.100459
0.0996906
0.10264
0.104173
0.104002
0.103783
0.103518
0.103207
0.102853
0.102454
0.102013
0.101529
0.101003
0.100435
0.0998299
0.0991894
0.0985191
0.0978281
0.0971328
0.0963939
0.0957946
0.0176531
0.0437408
0.0322252
0.0286108
0.0273463
0.0262106
0.0250718
0.0239318
0.022796
0.0216735
0.0205835
0.0195391
0.0185345
0.0175652
0.0166278
0.0157192
0.0148366
0.0139577
-0.186343
-0.110547
-0.0537621
-0.0636649
-0.0781598
-0.0868885
-0.0925288
-0.0965059
-0.0995726
-0.102088
-0.104254
-0.106278
-0.108224
-0.110057
-0.111766
-0.113307
-0.115596
-0.116496
-0.118615
-0.120054
-0.12143
-0.0969932
-0.105217
-0.106825
-0.124189
-0.15033
-0.10973
-0.109451
-0.109025
-0.108596
-0.108238
-0.110424
-0.110868
-0.111052
-0.111148
-0.11118
-0.111162
-0.1111
-0.111
-0.110862
-0.110688
-0.110479
-0.110232
-0.109947
-0.109623
-0.109261
-0.108862
-0.108425
-0.107898
-0.107272
-0.106529
-0.105809
-0.105069
-0.104243
-0.103322
-0.102329
-0.101271
-0.100154
-0.098983
-0.0977582
-0.0964702
-0.0950622
-0.0929203
-0.0987663
-0.0897426
-0.0889945
-0.0883441
-0.0144096
-0.0336892
-0.0225938
-0.0208297
-0.0189483
0.180577
0.0428239
0.0560716
0.067447
0.0747006
0.079654
0.0832324
0.0840868
0.0988529
0.0923809
0.0944649
0.0948885
0.0969298
0.0988674
0.100657
0.102334
0.103918
0.10542
0.106845
0.121816
0.127551
0.118357
0.115642
0.115128
0.10433
0.102948
0.104856
0.105638
0.105906
0.105955
0.0398485
0.107782
0.0998045
0.0827157
0.0827815
0.0835878
0.0838791
0.0833425
0.0830271
0.0828043
0.0825999
0.0823994
0.0821875
0.0819565
0.081704
0.0814303
0.0811391
0.0808375
0.0804642
0.0801278
0.0799741
0.0800462
0.0821593
0.0413889
0.0378452
0.0368318
0.035799
0.0347548
0.0337074
0.0326674
0.0316545
0.030682
0.0297443
0.0288373
0.0279577
0.0271025
0.0262686
0.0254348
0.0245751
-0.194054
-0.0762243
-0.062056
-0.0714879
-0.0818045
-0.0882772
-0.0927431
-0.0963052
-0.0994223
-0.101807
-0.103904
-0.105887
-0.107469
-0.109571
-0.111362
-0.112965
-0.114492
-0.115947
-0.117219
-0.0955367
-0.0901019
-0.0992816
-0.0957931
-0.096206
-0.145452
-0.0962564
-0.0907758
-0.0984293
-0.0986146
-0.0987727
-0.0987533
-0.0986757
-0.0990979
-0.0993512
-0.099443
-0.0994925
-0.0995046
-0.0994828
-0.0994286
-0.0993433
-0.0992272
-0.0990797
-0.0988997
-0.098716
-0.0984863
-0.0982068
-0.0978936
-0.0975473
-0.0971682
-0.0966834
-0.0961753
-0.0957296
-0.0952026
-0.0945883
-0.0939105
-0.0931803
-0.0924072
-0.0916004
-0.09077
-0.0899275
-0.0890867
-0.0882735
-0.0875088
-0.0867958
-0.0861455
-0.0855837
-0.0851719
-0.0851043
-0.0864319
-0.0358567
-0.029065
-0.0320725
0.167217
0.0672701
0.0726626
0.0806802
0.0860693
0.0899968
0.092922
0.0956142
0.0980873
0.10025
0.102199
0.102967
0.103283
0.0991434
0.108201
0.102378
0.103973
0.105343
0.0972227
0.104744
0.101058
0.099947
0.0997922
0.186763
0.101452
0.101799
0.101872
0.101002
0.0999777
0.0991215
0.101834
0.103167
0.102856
0.102502
0.102104
0.101663
0.101197
0.100666
0.10012
0.0995505
0.0989599
0.0980064
0.0980171
0.0190895
0.0432106
0.0337834
0.0306982
0.0290724
0.0281864
0.0273767
0.0264969
0.0255433
0.02454
0.0234983
0.0224268
0.0213337
0.0202274
0.0191172
0.0180141
0.0169378
0.0159013
0.0148992
0.0139275
0.0129827
0.0120621
0.0111627
-0.17953
-0.109116
-0.0902927
-0.0583802
-0.0723261
-0.0841563
-0.0915322
-0.0964828
-0.100103
-0.102978
-0.105386
-0.107486
-0.109467
-0.111381
-0.11319
-0.114913
-0.116487
-0.118024
-0.119585
-0.12119
-0.123476
-0.124697
-0.101988
-0.108732
-0.111117
-0.114274
-0.179559
-0.114519
-0.114159
-0.113652
-0.113158
-0.112734
-0.113247
-0.115462
-0.115753
-0.115904
-0.115965
-0.115963
-0.115911
-0.115817
-0.115622
-0.115332
-0.115007
-0.114647
-0.114313
-0.113897
-0.113391
-0.112857
-0.112293
-0.111698
-0.111069
-0.110331
-0.109566
-0.10886
-0.108064
-0.107167
-0.10618
-0.105091
-0.103799
-0.100467
-0.113745
-0.0995034
-0.0984763
-0.0974663
-0.096489
-0.0955412
-0.0946219
-0.0937324
-0.0928769
-0.021892
-0.0761075
-0.0456631
-0.0449464
-0.0505464
-0.0538837
0.140393
0.0651108
0.0690403
0.0745508
0.078617
0.0818193
0.0844854
0.0868895
0.0891192
0.0911016
0.0921633
0.111714
0.0987862
0.100312
0.101811
0.103265
0.104487
0.115492
0.125243
0.117904
0.114211
0.113407
0.106744
0.0976016
0.103112
0.104133
0.104516
0.104578
0.104456
0.104221
0.103918
0.103607
0.0342343
0.091605
0.0823934
0.0659145
0.0663736
0.0666596
0.0668335
0.0669825
0.0693101
0.0718968
0.0710688
0.0705004
0.0701399
0.0698897
0.0696257
0.0694099
0.0693302
0.0692709
0.0693123
0.0698172
0.0832748
0.0374775
0.0339266
0.0339025
0.0328614
0.0318712
0.0309341
0.0300506
0.0292089
0.0284018
0.0276243
0.0268726
0.0261436
0.025415
0.0246619
-0.206342
-0.0711192
-0.0573764
-0.0687647
-0.0795876
-0.0864804
-0.0911818
-0.0946458
-0.0973564
-0.0995477
-0.101936
-0.10408
-0.106289
-0.102409
-0.0977114
-0.0994271
-0.101202
-0.101285
-0.102816
-0.104217
-0.0982251
-0.104741
-0.105552
-0.106974
-0.15824
-0.104258
-0.103625
-0.102856
-0.102131
-0.101451
-0.104025
-0.104779
-0.104646
-0.104447
-0.104196
-0.103899
-0.103558
-0.103178
-0.10276
-0.102308
-0.101827
-0.101294
-0.10043
-0.0994974
-0.0979167
-0.0979065
-0.0434658
-0.0406732
-0.0396108
-0.0386609
-0.037765
-0.0369185
-0.0359888
-0.0349762
-0.0339074
-0.0327947
-0.0316475
-0.0304743
-0.0292838
-0.0206234
-0.0255048
-0.0182459
-0.0162773
-0.015245
-0.0142622
-0.0132374
0.0207018
0.184249
0.169835
0.0857591
0.0873241
0.0609723
0.0642483
0.0794085
0.0881141
0.0935115
0.0972101
0.100024
0.102326
0.104314
0.106187
0.107999
0.109714
0.111346
0.112903
0.114406
0.115828
0.115384
0.115241
0.116397
0.124609
0.131741
0.122019
0.118722
0.118057
0.14292
0.114045
0.121356
0.121337
0.118412
0.116299
0.115392
0.114712
0.114131
0.113594
0.113073
0.112343
0.111573
0.110769
