0.0698132
0.0763131
0.0827493
0.0857169
0.0874224
0.0879626
0.0875376
0.085991
0.0831129
0.0795246
0.0752559
0.0703244
0.0651182
0.0607747
0.0572937
0.0544392
0.0515781
0.0487051
0.0458089
0.0428838
0.0399237
0.0369226
0.0339126
0.0308878
0.0278089
0.0246921
0.0215441
0.0184201
0.0154513
0.0125802
0.00977984
0.00704364
0.00431852
0.001742
-0.00071315
-0.00304949
-0.00526981
-0.00737718
-0.00937459
-0.0112649
-0.0130507
-0.0147346
-0.016319
-0.0178061
-0.0191961
-0.0204949
-0.0217025
-0.0228203
-0.0238501
-0.0247919
-0.0256484
-0.0264343
-0.0271693
-0.0278353
-0.0284225
-0.0289261
-0.0293444
-0.029677
-0.0299268
-0.0300938
-0.0301782
-0.0301799
-0.0300991
-0.0299353
-0.0296883
-0.0293576
-0.0289426
-0.0284424
-0.0278562
-0.0271829
-0.0264213
-0.02557
-0.0246275
-0.0235921
-0.0224618
-0.0212344
-0.0199059
-0.0184855
-0.0169734
-0.0153649
-0.0136561
-0.0119444
-0.010536
-0.00925122
-0.00808764
-0.00708806
-0.00624409
-0.00555286
-0.00501289
-0.00462526
-0.00438668
-0.00426856
-0.00426802
-0.00438525
-0.00462041
-0.00495405
-0.00536932
-0.0058665
-0.00644574
-0.00710723
-0.00785119
-0.0085167
-0.00848391
-0.00856152
-0.00932962
-0.0102282
-0.0111192
-0.0119875
-0.0128269
-0.013635
-0.0144114
-0.0151562
-0.0158704
-0.0165547
-0.0172101
-0.0178374
-0.0184376
-0.0190112
-0.0195591
-0.0200817
-0.0205796
-0.0210532
-0.0215026
-0.021928
-0.0223408
-0.022753
-0.0231687
-0.0235814
-0.0240062
-0.0244324
-0.0248545
-0.0252703
-0.0257208
-0.0262626
-0.0268966
-0.0276173
-0.0283887
-0.0292113
-0.0300861
-0.0310147
-0.0319989
-0.0328613
-0.0336244
-0.034288
-0.0348522
-0.0353167
-0.0356852
-0.0359566
-0.0361296
-0.0362025
-0.0362767
-0.0361967
-0.0361914
-0.0366427
-0.0371487
-0.0376509
-0.0381492
-0.0386441
-0.0391358
-0.0396248
-0.0401111
-0.0405952
-0.0410773
-0.0415575
-0.0420362
-0.0425134
-0.0429893
-0.0434642
-0.0439381
-0.0444113
-0.0448838
-0.0453558
-0.0458273
-0.0462985
-0.0467695
-0.0472403
-0.0477111
-0.0481811
-0.0486505
-0.0491194
-0.0495879
-0.0500585
-0.0505312
-0.0510054
-0.0514811
-0.0519558
-0.0524293
-0.0529024
-0.0533756
-0.0538492
-0.0543236
-0.0547984
-0.0552749
-0.055753
-0.0562322
-0.0567123
-0.0571929
-0.0576743
-0.0581563
-0.058639
-0.0591224
-0.0596051
-0.0600886
-0.0605717
-0.0610545
-0.0615382
-0.0620229
-0.0625084
-0.0629947
-0.0634819
-0.0639699
-0.0644587
-0.0649483
-0.0654386
-0.0659298
-0.0664218
-0.0669145
-0.067408
-0.0679023
-0.0683973
-0.0688931
-0.0693897
-0.069887
-0.0703851
-0.0708839
-0.0713834
-0.0719098
-0.0724104
-0.072913
-0.0734172
-0.0739228
-0.0744301
-0.0749048
-0.0753863
-0.0758666
-0.0763426
-0.076813
-0.0772978
-0.0777943
-0.078292
-0.0788072
-0.0793242
-0.0798416
-0.0803596
-0.0808779
-0.0813968
-0.0819161
-0.0824359
-0.0829561
-0.0834769
-0.0839982
-0.0845356
-0.0850564
-0.0855783
-0.086101
-0.086624
-0.0871474
-0.0876711
-0.0881954
-0.0887202
-0.0892455
-0.0897712
-0.0902976
-0.0908244
-0.0913518
-0.0918798
-0.0924082
-0.0929373
-0.0934668
-0.0939969
-0.0945276
-0.0950588
-0.0955906
-0.0961229
-0.0966558
-0.0971892
-0.0977231
-0.0982563
-0.0987889
-0.0993211
-0.0998633
-0.100409
-0.100957
-0.101508
-0.102062
-0.102617
-0.103176
-0.103736
-0.104298
-0.104862
-0.10542
-0.10597
-0.106513
-0.107052
-0.107588
-0.108122
-0.108653
-0.109182
-0.109707
-0.11024
-0.11078
-0.111328
-0.111885
-0.112444
-0.113005
-0.113577
-0.114286
-0.114861
-0.115407
-0.115954
-0.116503
-0.117052
-0.117603
-0.118155
-0.118708
-0.119263
-0.119821
-0.120381
-0.120943
-0.121508
-0.122076
-0.122648
-0.123223
-0.123803
-0.124386
-0.124974
-0.12565
-0.126244
-0.126844
-0.127256
-0.127668
-0.128166
-0.128735
-0.129346
-0.129983
-0.130638
-0.13131
-0.131996
-0.132697
-0.133404
-0.134042
-0.134698
-0.135371
-0.136061
-0.136767
-0.137488
-0.138225
-0.138975
-0.139649
-0.140404
-0.141238
-0.141595
-0.142378
-0.143164
-0.143953
-0.144747
-0.145543
-0.146344
-0.147155
-0.147976
-0.148807
-0.149648
-0.150498
-0.151358
-0.152226
-0.153101
-0.153982
-0.154866
-0.155754
-0.156641
-0.157527
-0.158408
-0.159281
-0.160146
-0.160997
-0.161834
-0.162654
-0.163451
-0.164224
-0.164969
-0.165685
-0.166383
-0.167054
-0.167692
-0.168294
-0.168859
-0.169379
-0.169857
-0.170292
-0.170684
-0.171034
-0.171344
-0.171613
-0.171844
-0.172039
-0.172199
-0.172327
-0.172424
-0.172494
-0.172539
-0.17256
-0.164337
-0.147055
-0.122191
-0.0961959
-0.0694948
-0.0425431
-0.0160407
0.0137823
0.040602
0.0659402
0.0899101
0.112903
0.136391
0.157712
0.176425
0.192609
0.219678
0.24891
0.279196
0.309333
0.340119
0.379043
0.417197
0.450351
0.481226
0.499354
0.514749
0.527934
0.539977
0.546101
0.551456
0.556472
0.560717
0.564133
0.566526
0.567814
0.56788
0.565193
0.562584
0.558608
0.551457
0.545677
0.537493
0.528791
0.517226
0.518698
0.514399
0.508745
0.501766
0.49523
0.488956
0.481512
0.472559
0.46284
0.454441
0.446479
0.437455
0.426921
0.416338
0.404384
0.391325
0.377602
0.363588
0.349301
0.336795
0.324104
0.310555
0.296456
0.281869
0.26703
0.251422
0.235315
0.219418
0.203124
0.187061
0.170564
0.153712
0.136955
0.11986
0.102151
0.0839501
0.0648804
0.0448942
0.0384588
0.0312304
0.0230979
0.0188177
0.0156927
0.0127327
0.00979758
0.00686524
0.00389033
0.00110998
-0.00145103
-0.00362996
-0.00540364
-0.00677487
-0.00774623
-0.00835627
-0.00861148
-0.00851389
-0.00806535
-0.00726969
-0.00612894
-0.00465377
-0.00284999
-0.000718628
0.00173899
0.00452136
0.00762785
0.011058
0.0148115
0.018888
0.0232873
0.0280094
0.033054
0.0384209
0.0441096
0.0501194
0.0564487
0.0630947
0.0700515
0.0772207
0.0846074
0.0896769
0.0935738
0.0966165
0.0992706
0.101659
0.103977
0.106229
0.111377
0.115323
0.118892
0.122234
0.125253
0.12797
0.130514
0.133389
0.136109
0.138721
0.141285
0.143804
0.14628
0.148716
0.151113
0.153473
0.155799
0.158093
0.160357
0.162593
0.164803
0.166988
0.169151
0.171294
0.173418
0.175165
0.176538
0.177537
0.178163
0.178418
0.178406
0.178394
0.178381
0.178369
0.178357
0.178345
0.178333
0.178321
0.178309
0.178297
0.178285
0.178273
0.178261
0.178249
0.178238
0.178226
0.178214
0.178203
0.178191
0.17818
0.178168
0.178157
0.178145
0.178134
0.178123
0.178111
0.1781
0.178089
0.178078
0.178066
0.178055
0.178044
0.178033
0.178022
0.178011
0.178
0.177989
0.177978
0.177967
0.177957
0.177946
0.177935
0.177924
0.177913
0.177903
0.177892
0.177882
0.177871
0.17786
0.17785
0.177839
0.177829
0.177818
0.177808
0.177798
0.177787
0.177777
0.177766
0.177756
0.177746
0.177736
0.177725
0.177715
0.177705
0.177695
0.177685
0.177675
0.177665
0.177655
0.177645
0.177635
0.177625
0.177615
0.177605
0.177595
0.177585
0.177575
0.177565
0.177556
0.177546
0.177536
0.177527
0.177517
0.177507
0.177498
0.177488
0.177478
0.177469
0.177459
