0
0.649994
0.643629
0.296745
0.170591
0.0541791
-0.0420136
-0.15376
-0.286908
-0.357622
-0.425124
-0.491446
-0.51906
-0.433025
-0.347025
-0.285422
-0.286186
-0.287434
-0.289773
-0.29268
-0.296189
-0.300318
-0.301296
-0.302842
-0.308322
-0.312069
-0.315138
-0.312738
-0.296998
-0.287132
-0.279972
-0.273485
-0.272316
-0.257536
-0.245455
-0.233589
-0.221986
-0.210692
-0.199695
-0.188982
-0.178536
-0.168344
-0.15839
-0.148659
-0.13894
-0.129839
-0.120708
-0.111744
-0.102934
-0.0941348
-0.0856105
-0.0785601
-0.0734668
-0.0665641
-0.058682
-0.0503388
-0.0418113
-0.0332411
-0.0249629
-0.0166936
-0.00843518
-0.000179936
0.00808357
0.0163684
0.0246884
0.0330574
0.0414895
0.0499988
0.0585998
0.0673071
0.0761358
0.0851018
0.0942222
0.103516
0.113005
0.12271
0.132821
0.141998
0.151167
0.160797
0.170829
0.171108
0.14081
0.128464
0.116351
0.0999623
0.0844125
0.0691451
0.0540266
0.0387953
0.0238959
0.011833
5.16123e-05
-0.0117479
-0.0235679
-0.0334329
-0.0416063
-0.0498064
-0.0580237
-0.0662597
-0.0745179
-0.0667454
0.00311499
-0.00789945
-0.0769284
-0.0899725
-0.0891998
-0.0869218
-0.0840264
-0.0808954
-0.077711
-0.0745605
-0.0714833
-0.0684949
-0.0655985
-0.0627912
-0.0600669
-0.057418
-0.0548359
-0.0523115
-0.0498352
-0.0473969
-0.0449852
-0.0425873
-0.0413195
-0.0412583
-0.0416171
-0.0412987
-0.0425139
-0.0426469
-0.0422306
-0.0415856
-0.045108
-0.0542671
-0.0634982
-0.0721647
-0.0772314
-0.0823307
-0.087546
-0.0929339
-0.098486
-0.0862834
-0.0763624
-0.0664335
-0.0564919
-0.0465383
-0.0369474
-0.0272485
-0.017422
-0.00742755
-0.00755221
0.00794464
0.000408425
-0.0452715
-0.0507358
-0.050365
-0.0499823
-0.0496386
-0.0493297
-0.0490515
-0.0488004
-0.0485756
-0.048375
-0.0481968
-0.0480393
-0.047901
-0.0477804
-0.0476761
-0.0475871
-0.0475121
-0.04745
-0.0473999
-0.047361
-0.0473322
-0.0473129
-0.0473023
-0.0472963
-0.0472589
-0.0472275
-0.0472084
-0.0471973
-0.0473075
-0.0474549
-0.0475658
-0.0476688
-0.0476051
-0.0475495
-0.0475441
-0.0475737
-0.0476205
-0.04772
-0.0477595
-0.0479465
-0.0481012
-0.0482192
-0.0483051
-0.0483755
-0.048446
-0.0485177
-0.0485902
-0.0486636
-0.0485868
-0.0486161
-0.0485641
-0.0485544
-0.0486451
-0.0487347
-0.0488225
-0.0489092
-0.048995
-0.0490803
-0.049165
-0.0492494
-0.0493333
-0.0494169
-0.0495002
-0.0495832
-0.0496657
-0.0497479
-0.0498298
-0.0499112
-0.0499923
-0.050073
-0.0501533
-0.0502332
-0.0503126
-0.0529916
-0.0503772
-0.0505368
-0.0506548
-0.0507687
-0.0508806
-0.0479117
-0.0488197
-0.0489596
-0.0487758
-0.048468
-0.0496143
-0.050528
-0.0506552
-0.0519756
-0.0521404
-0.0521905
-0.0522396
-0.0522891
-0.0523392
-0.05239
-0.0524417
-0.0524941
-0.0525467
-0.0525998
-0.0542421
-0.0526632
-0.0527898
-0.0528727
-0.0529177
-0.0529705
-0.0530276
-0.0530873
-0.0531487
-0.0532113
-0.0532748
-0.053339
-0.0534037
-0.053469
-0.0535347
-0.0536008
-0.0536673
-0.0537342
-0.0538013
-0.0538688
-0.0539366
-0.0540047
-0.054073
-0.0541415
-0.0542104
-0.0542732
-0.0542954
-0.054323
-0.0543596
-0.0548484
-0.0550075
-0.0551097
-0.0551976
-0.05527
-0.0553267
-0.0553683
-0.0553958
-0.0554092
-0.0553716
-0.0553124
-0.0549518
-0.0546481
-0.0545775
-0.0545491
-0.0545388
-0.0545433
-0.0545614
-0.0545885
-0.0549514
-0.0553512
-0.0557834
-0.0560709
-0.0559729
-0.0558301
-0.0570436
-0.0708135
-0.0573625
-0.0545197
-0.0546224
-0.0547362
-0.0548553
-0.0549856
-0.0551315
-0.0552968
-0.0554843
-0.0556961
-0.0559337
-0.0561979
-0.0564891
-0.0568073
-0.0571522
-0.0575229
-0.0579185
-0.0583378
-0.0587795
-0.0676222
-0.0592444
-0.0598441
-0.041905
-0.042265
-0.0512258
-0.0586726
-0.0632754
-0.0663085
-0.0686306
-0.0706383
-0.0725115
-0.0743293
-0.074827
-0.06743
-0.0686412
-0.0698323
-0.0709429
-0.0720118
-0.0730119
-0.073921
-0.0747611
-0.0664326
-0.07404
-0.0812869
-0.0335803
-0.0775885
-0.0782655
-0.0790844
-0.0798216
-0.0804691
-0.0810657
-0.0820706
-0.0831033
-0.0841433
-0.0851788
-0.0861926
-0.0871324
-0.0879602
-0.0886815
-0.0892723
-0.0897104
-0.0899705
-0.0900159
-0.0898364
-0.0894047
-0.0887195
-0.087768
-0.0865499
-0.0850719
-0.0833229
-0.0812625
-0.0789376
-0.0763518
-0.0735057
-0.0708724
-0.0680063
-0.0645076
-0.0607794
-0.0568609
-0.0526382
-0.0484008
-0.0441618
-0.0399403
-0.0357685
-0.0316824
-0.0277121
-0.023886
-0.0202337
-0.0167775
-0.0135435
-0.0105689
-0.00780936
-0.00530583
-0.00292047
0.841193
1.78513
2.59535
2.78768
2.96057
3.10784
3.22056
3.71577
3.60657
3.6946
3.83782
4.05349
4.44789
4.53193
4.65525
4.73487
4.97621
5.23504
5.41795
5.44478
5.52601
5.52386
5.44098
4.86362
4.66679
3.16674
2.8531
2.64813
2.56533
2.01761
2.01206
2.04051
2.04032
2.06229
2.10718
2.14991
2.20116
2.39976
2.31257
2.3828
2.36752
2.31633
2.37275
2.39117
2.57701
1.61544
2.01461
2.07056
2.11016
2.01727
1.92833
1.90455
1.93404
1.95982
1.80728
1.75715
1.58404
1.65381
1.69383
1.80888
1.88174
1.91781
1.93467
1.94338
1.81679
1.84494
1.96759
2.02491
2.07659
2.08484
2.18676
2.23933
2.211
2.27895
2.24146
2.30756
2.35113
2.32829
2.38237
2.45578
2.48994
2.59253
2.69943
0.752046
0.863244
0.954496
0.587482
0.5013
0.49693
0.497885
0.440951
0.419095
0.386746
0.361641
0.317553
0.26956
0.221767
0.174141
0.130865
0.0869327
0.0430833
-0.00071317
-0.0442283
-0.0877589
-0.130518
-0.17296
-0.215493
-0.258123
-0.300856
-0.343766
-0.386882
-0.430231
-0.473838
-0.517728
-0.561925
-0.606449
-0.651318
-0.696542
-0.742123
-0.788042
-0.834246
-0.880587
-0.921752
-0.963774
-0.560681
-0.388744
-0.262898
-0.196838
-0.162717
-0.158005
-0.153468
-0.456964
-0.305665
-0.262589
-0.230756
-0.20673
-0.18452
-0.172804
-0.192375
-0.182969
-0.177603
-0.174407
-0.171361
-0.168467
-0.165722
-0.163123
-0.160668
-0.158355
-0.156183
-0.15415
-0.152254
-0.150493
-0.148867
-0.147374
-0.146014
-0.144784
-0.135809
-0.106632
-0.0775449
-0.0485243
-0.0195476
0.0012696
0.00127535
0.00127216
0.00126899
0.00126586
0.00126278
0.00125972
0.00125669
0.00125369
0.00125072
0.00124779
0.00124488
0.001242
0.00123914
0.00123631
0.00123351
0.00123074
0.001228
0.00122528
0.00122259
0.00121993
0.00121729
0.00121468
0.00121209
0.00120953
0.00120699
0.00120448
0.001202
0.00119953
0.00119709
0.00119467
0.00119228
0.00118991
0.00118757
0.00118524
0.00118294
0.00118066
0.0011784
0.00117616
0.00117395
0.00117293
0.00117075
0.0011686
0.00116646
0.00116436
0.00116228
0.00116021
0.00115816
0.00115614
0.00115413
0.00115214
0.00115018
0.00114823
0.00114631
0.0011444
0.00114252
0.00114065
0.00113879
0.00113695
0.00113513
0.00113333
0.00113155
0.00112979
0.00112804
0.00112631
0.00112459
0.00112289
0.0011212
0.00111954
0.00111789
0.00111626
0.00111464
0.00111304
0.00111146
0.00110989
0.00110408
0.0010959
0.00109698
0.0010955
0.00109403
0.00109241
0.00109115
0.00108972
0.00108832
0.00108673
0.00107897
0.0010776
0.00107624
0.0010749
