0
0.00017146
0.000361984
-1.81443e-05
-0.00129165
-0.00284144
-0.00528408
-0.0083357
-0.0108071
-0.0136832
-0.0172009
-0.0202069
-0.022722
-0.0247402
-0.0262809
-0.0263126
-0.0261959
-0.0259939
-0.0257642
-0.025508
-0.0252242
-0.024911
-0.0244684
-0.0238993
-0.0232435
-0.0226389
-0.0220944
-0.0215556
-0.0213679
-0.0213246
-0.0214214
-0.0216569
-0.0220168
-0.022235
-0.0223491
-0.0224371
-0.022528
-0.0226227
-0.0227223
-0.0228283
-0.0229415
-0.0230627
-0.023192
-0.0233295
-0.0234743
-0.023612
-0.0237533
-0.0238985
-0.0240478
-0.0242011
-0.0243575
-0.0244918
-0.0246536
-0.0248293
-0.0250116
-0.0251963
-0.0253816
-0.0255661
-0.025749
-0.0259299
-0.0261084
-0.0262844
-0.0264576
-0.026628
-0.0267953
-0.0269595
-0.0271203
-0.0272778
-0.0274316
-0.0275818
-0.0277281
-0.0278705
-0.0280092
-0.0281468
-0.0282833
-0.0284184
-0.0285522
-0.0287081
-0.028884
-0.0290797
-0.0292968
-0.0295134
-0.0296057
-0.0296611
-0.0296821
-0.0296657
-0.0296191
-0.0295503
-0.0294634
-0.0293734
-0.0292707
-0.0292189
-0.0292233
-0.0292829
-0.0293971
-0.0295443
-0.0297062
-0.0298822
-0.0300724
-0.030277
-0.0304961
-0.0308385
-0.031134
-0.0313967
-0.0316345
-0.0318746
-0.0321034
-0.0323292
-0.032552
-0.0327712
-0.0329867
-0.0331983
-0.0334061
-0.0336102
-0.0338107
-0.0340075
-0.0342008
-0.0343907
-0.0345772
-0.0347603
-0.03494
-0.0351164
-0.0352894
-0.0354591
-0.0356273
-0.0357955
-0.0359602
-0.0360891
-0.036203
-0.0362948
-0.0363647
-0.0364113
-0.0366022
-0.0368589
-0.037161
-0.0374316
-0.0376703
-0.0378739
-0.0380517
-0.0382189
-0.0383781
-0.0384866
-0.0386123
-0.0387553
-0.0389156
-0.0390932
-0.0392868
-0.0394963
-0.0397219
-0.0399639
-0.0401936
-0.0402856
-0.0404663
-0.0406748
-0.04087
-0.0410658
-0.0412631
-0.0414608
-0.0416585
-0.0418561
-0.0420543
-0.042253
-0.0424523
-0.042652
-0.0428523
-0.0430531
-0.0432544
-0.0434562
-0.0436586
-0.0438615
-0.044065
-0.044269
-0.0444734
-0.0446784
-0.044884
-0.04509
-0.0452965
-0.04553
-0.045787
-0.0460668
-0.0463708
-0.0465769
-0.0467398
-0.0468611
-0.046943
-0.0470578
-0.0472164
-0.0473995
-0.0475963
-0.0478009
-0.0480104
-0.0482249
-0.0484401
-0.0486558
-0.0488718
-0.0490882
-0.049305
-0.0495223
-0.0497398
-0.0499577
-0.0501759
-0.0503931
-0.0505706
-0.0507467
-0.0509307
-0.0511112
-0.05129
-0.0514683
-0.0516468
-0.0518256
-0.0520052
-0.0521856
-0.0523669
-0.0525491
-0.0527325
-0.0529169
-0.0531025
-0.0532894
-0.0534775
-0.053667
-0.0538579
-0.0540503
-0.0542443
-0.05444
-0.0546374
-0.0548366
-0.0550285
-0.0552016
-0.0553511
-0.0554794
-0.0555868
-0.0556721
-0.0558979
-0.0562435
-0.0567091
-0.0572946
-0.0579994
-0.0585557
-0.0589827
-0.0594077
-0.0596285
-0.0598421
-0.0600552
-0.0602682
-0.0604812
-0.0606944
-0.0609078
-0.0611214
-0.0613353
-0.0615494
-0.0617638
-0.0619869
-0.0622445
-0.062501
-0.0627599
-0.0630248
-0.0632942
-0.0635672
-0.0638434
-0.0641224
-0.0644042
-0.0646888
-0.064976
-0.065266
-0.0655587
-0.0658541
-0.0661523
-0.0664533
-0.0667571
-0.0670637
-0.0673733
-0.0676858
-0.0680011
-0.0683195
-0.0686408
-0.0689651
-0.0692935
-0.069653
-0.0700399
-0.0704537
-0.070682
-0.0708501
-0.070956
-0.0709991
-0.0709799
-0.0708988
-0.0707568
-0.0705541
-0.0702901
-0.069943
-0.0697726
-0.0697616
-0.0699121
-0.0701412
-0.0704485
-0.070838
-0.0713139
-0.0718811
-0.072546
-0.0730923
-0.0735333
-0.073835
-0.0739693
-0.0739971
-0.0739373
-0.0738874
-0.0738657
-0.0738372
-0.073811
-0.0737874
-0.0737665
-0.0737483
-0.0737328
-0.0737198
-0.0737092
-0.073701
-0.0736951
-0.0736913
-0.0736895
-0.0736897
-0.0736917
-0.0736955
-0.0737011
-0.0737082
-0.0737169
-0.0737271
-0.0737327
-0.0737151
-0.0736727
-0.0738883
-0.0742073
-0.0746386
-0.0751868
-0.0758538
-0.0766397
-0.0775438
-0.0785648
-0.0797014
-0.0809527
-0.0821359
-0.0831563
-0.0840272
-0.0847466
-0.0853127
-0.0857233
-0.0859764
-0.0860701
-0.0860016
-0.0857646
-0.0853683
-0.0848117
-0.0842242
-0.0840484
-0.083989
-0.0840325
-0.0841682
-0.0844093
-0.0846714
-0.0849422
-0.0852214
-0.0855089
-0.0858047
-0.0861086
-0.0864168
-0.0867293
-0.087046
-0.0873668
-0.0876917
-0.0880206
-0.0883532
-0.0886895
-0.0890294
-0.0893725
-0.0897188
-0.0900681
-0.09042
-0.090776
-0.0911621
-0.0915748
-0.0920136
-0.0924795
-0.0927598
-0.092983
-0.093166
-0.0933111
-0.0934209
-0.0935592
-0.0937183
-0.0938879
-0.0940625
-0.0942392
-0.0944167
-0.0945945
-0.0947723
-0.0949503
-0.0951286
-0.0953077
-0.0954877
-0.0956688
-0.0958513
-0.0960354
-0.0920963
-0.082726
-0.0690792
-0.050987
-0.0286021
-0.00236318
0.0280731
0.0620361
0.098814
0.13906
0.182998
0.230553
0.281939
0.334933
0.39047
0.447208
0.492703
0.539139
0.586794
0.634802
0.683418
0.726382
0.770306
0.811703
0.853594
0.88432
0.913124
0.940921
0.968748
0.99166
1.01495
1.03899
1.06345
1.08855
1.11449
1.14118
1.16861
1.19789
1.22659
1.25598
1.28348
1.31178
1.33937
1.36725
1.39554
1.42392
1.45302
1.48222
1.51112
1.53977
1.56792
1.59441
1.61955
1.64449
1.66925
1.6944
1.71352
1.73126
1.75005
1.7687
1.7867
1.80412
1.82133
1.83814
1.85596
1.87416
1.89359
1.91325
1.93315
1.9527
1.97314
1.99381
2.0143
2.03575
2.05686
2.07881
2.10118
2.12327
2.14616
2.16965
2.19291
2.21687
2.24152
2.2459
2.25136
2.25697
2.26244
2.26855
2.27496
2.28144
2.28625
2.29031
2.29395
2.29745
2.30071
2.30368
2.30636
2.30873
2.31084
2.31263
2.31411
2.31528
2.31613
2.31666
2.31686
2.31674
2.31628
2.31547
2.31433
2.31283
2.31098
2.30877
2.30619
2.30325
2.29992
2.29621
2.2921
2.2876
2.28268
2.27734
2.27158
2.26537
2.25861
2.25131
2.24889
2.24812
2.24855
2.24974
2.25119
2.25259
2.25395
2.25436
2.2558
2.25745
2.25937
2.26116
2.2628
2.26435
2.26617
2.26788
2.26947
2.27103
2.27257
2.27408
2.27557
2.27704
2.27849
2.27991
2.28132
2.28271
2.28408
2.28544
2.28679
2.28812
2.28944
2.29075
2.2914
2.29191
2.29228
2.29252
2.29262
2.29262
2.29263
2.29263
2.29263
2.29264
2.29264
2.29264
2.29265
2.29265
2.29266
2.29266
2.29266
2.29267
2.29267
2.29268
2.29268
2.29268
2.29269
2.29269
2.2927
2.2927
2.29271
2.29271
2.29271
2.29272
2.29272
2.29273
2.29273
2.29274
2.29274
2.29274
2.29275
2.29275
2.29276
2.29276
2.29277
2.29277
2.29278
2.29278
2.29278
2.29279
2.29279
2.2928
2.2928
2.29281
2.29281
2.29282
2.29282
2.29283
2.29283
2.29284
2.29284
2.29285
2.29285
2.29286
2.29286
2.29287
2.29287
2.29288
2.29288
2.29289
2.29289
2.2929
2.2929
2.29291
2.29291
2.29292
2.29292
2.29293
2.29293
2.29294
2.29294
2.29295
2.29295
2.29296
2.29296
2.29297
2.29297
2.29298
2.29298
2.29299
2.29299
2.293
2.293
2.29301
2.29301
2.29302
2.29302
2.29303
