2.25171e-05
5.13174e-05
6.84808e-05
6.30582e-05
3.06225e-05
-2.76008e-05
-0.000110423
-0.000216694
-0.0003517
-0.000516245
-0.000708869
-0.000928143
-0.00117265
-0.00144095
-0.00173161
-0.00204326
-0.00237452
-0.00272411
-0.00309074
-0.00347318
-0.00387025
-0.0042808
-0.00470371
-0.00513792
-0.0055824
-0.00603616
-0.00649826
-0.00696781
-0.00744395
-0.00792587
-0.00841277
-0.00890393
-0.00939861
-0.00989613
-0.0103959
-0.0108972
-0.0113994
-0.0119022
-0.0124048
-0.0129069
-0.013408
-0.0139076
-0.0144055
-0.0149012
-0.0153943
-0.0158847
-0.0163719
-0.0168558
-0.0173361
-0.0178126
-0.0182848
-0.0187524
-0.0192154
-0.0196734
-0.0201264
-0.0205742
-0.0210167
-0.0214537
-0.0218853
-0.0223113
-0.0227316
-0.0231462
-0.0235551
-0.0239581
-0.0243554
-0.0247468
-0.0251323
-0.0255121
-0.025886
-0.0262541
-0.0266164
-0.0269729
-0.0273237
-0.0276688
-0.0280083
-0.0283419
-0.0286699
-0.0289922
-0.0293088
-0.02962
-0.0299256
-0.0302259
-0.0305207
-0.0308104
-0.0310948
-0.0313741
-0.0316484
-0.0319178
-0.0321824
-0.0324423
-0.0326976
-0.0329483
-0.0331948
-0.0334369
-0.0336749
-0.0339089
-0.034139
-0.0343653
-0.034588
-0.034807
-0.0350227
-0.0352351
-0.0354442
-0.0356503
-0.0358533
-0.0360535
-0.0362508
-0.0364454
-0.0366374
-0.0368267
-0.0370136
-0.0371981
-0.0373802
-0.0375601
-0.0377377
-0.0379132
-0.0380867
-0.0382581
-0.0384275
-0.0385951
-0.0387607
-0.0389246
-0.0390867
-0.0392471
-0.0394059
-0.039563
-0.0397186
-0.0398727
-0.0400253
-0.0401765
-0.0403263
-0.0404748
-0.0406219
-0.0407677
-0.0409123
-0.0410557
-0.0411979
-0.0413389
-0.0414789
-0.0416179
-0.0417558
-0.0418927
-0.0420287
-0.0421638
-0.0422979
-0.0424312
-0.0425636
-0.0426951
-0.0428257
-0.0429555
-0.0430844
-0.0432123
-0.0433393
-0.0434654
-0.0435906
-0.043715
-0.0438386
-0.0439613
-0.0440831
-0.0442042
-0.0443244
-0.0444438
-0.0445625
-0.0446803
-0.0447974
-0.0449137
-0.0450292
-0.0451439
-0.0452579
-0.0453712
-0.0454837
-0.0455954
-0.0457064
-0.0458167
-0.0459263
-0.0460351
-0.0461431
-0.0462504
-0.046357
-0.0464628
-0.0465679
-0.0466722
-0.0467759
-0.0468788
-0.046981
-0.0470825
-0.0471833
-0.0472834
-0.0473829
-0.0474816
-0.0475797
-0.0476771
-0.0477738
-0.0478699
-0.0479654
-0.0480602
-0.0481543
-0.0482478
-0.0483407
-0.048433
-0.0485247
-0.0486157
-0.0487061
-0.0487959
-0.0488851
-0.0489736
-0.0490615
-0.0491488
-0.0492355
-0.0493216
-0.0494071
-0.049492
-0.0495764
-0.0496601
-0.0497433
-0.049826
-0.0499081
-0.0499896
-0.0500707
-0.0501512
-0.0502311
-0.0503106
-0.0503895
-0.0504679
-0.0505459
-0.0506234
-0.0507004
-0.050777
-0.0508531
-0.0509288
-0.0510041
-0.051079
-0.0511534
-0.0512274
-0.0513011
-0.0513743
-0.0514472
-0.0515196
-0.0515917
-0.0516635
-0.0517348
-0.0518058
-0.0518765
-0.0519468
-0.0520168
-0.0520864
-0.0521557
-0.0522247
-0.0522933
-0.0523617
-0.0524297
-0.0524974
-0.0525649
-0.0526321
-0.052699
-0.0527657
-0.0528322
-0.0528984
-0.0529644
-0.0530301
-0.0530956
-0.0531609
-0.053226
-0.0532908
-0.0533555
-0.0534199
-0.0534841
-0.0535481
-0.053612
-0.0536756
-0.053739
-0.0538023
-0.0538654
-0.0539282
-0.0539909
-0.0540534
-0.0541157
-0.0541779
-0.0542398
-0.0543015
-0.0543631
-0.0544245
-0.0544857
-0.0545467
-0.0546076
-0.0546683
-0.0547288
-0.0547891
-0.0548493
-0.0549093
-0.0549691
-0.0550288
-0.0550883
-0.0551477
-0.0552068
-0.0552659
-0.0553248
-0.0553836
-0.0554423
-0.0555008
-0.0555592
-0.0556175
-0.0556755
-0.0557332
-0.0557905
-0.0558474
-0.0559039
-0.05596
-0.0560158
-0.0560747
-0.0561426
-0.0562244
-0.0563242
-0.0564453
-0.0565902
-0.0567609
-0.0569588
-0.0571845
-0.0574384
-0.0577205
-0.0580303
-0.0583671
-0.0587298
-0.0591174
-0.0595285
-0.0599618
-0.0604161
-0.0608897
-0.0613812
-0.0618888
-0.0624114
-0.0629481
-0.0634981
-0.0640612
-0.064637
-0.0652252
-0.0658258
-0.0664387
-0.0670636
-0.0676997
-0.0683463
-0.0690022
-0.0696661
-0.0703361
-0.0710138
-0.0717014
-0.072401
-0.0731153
-0.0738467
-0.074598
-0.0753716
-0.0761692
-0.0769945
-0.07785
-0.0787368
-0.0796537
-0.080598
-0.0815659
-0.0825481
-0.0835319
-0.0845059
-0.0854537
-0.086349
-0.0871657
-0.0878792
-0.0884659
-0.0889043
-0.0891696
-0.0892258
-0.0890628
-0.0886539
-0.0879973
-0.0870802
-0.085902
-0.0844688
-0.0827775
-0.0808164
-0.0785908
-0.0760964
-0.0733383
-0.0703309
-0.0670927
-0.0636459
-0.0600161
-0.0562314
-0.0523228
-0.048323
-0.0442668
-0.0401951
-0.0361522
-0.0321792
-0.0283086
-0.0245698
-0.0209887
-0.0175828
-0.0143844
-0.0114338
-0.00868775
-0.00618752
-0.0038
nan
-nan
nan
-nan
nan
-nan
nan
-nan
nan
-nan
nan
-nan
nan
-nan
nan
-nan
nan
-nan
nan
-nan
nan
-nan
nan
-nan
nan
-nan
nan
-nan
nan
-nan
nan
-nan
nan
-nan
nan
-nan
nan
-nan
nan
-nan
nan
-nan
nan
-nan
nan
-nan
nan
-nan
nan
-nan
nan
-nan
nan
-nan
nan
-nan
nan
-nan
nan
-nan
nan
-nan
nan
-nan
nan
-nan
nan
-nan
nan
-nan
nan
-nan
nan
-nan
nan
-nan
nan
-nan
nan
-nan
nan
-nan
nan
-nan
nan
-nan
nan
-nan
nan
-nan
nan
-nan
nan
-nan
nan
-nan
nan
-nan
nan
-nan
nan
-nan
nan
-nan
nan
-nan
nan
-nan
nan
-nan
nan
-nan
nan
-nan
nan
-nan
nan
-nan
nan
-nan
nan
-nan
nan
-nan
nan
-nan
nan
-nan
nan
-nan
nan
-nan
nan
-nan
nan
-nan
nan
-nan
nan
-nan
nan
-nan
nan
-nan
nan
-nan
nan
-nan
nan
-nan
nan
-nan
nan
-nan
nan
-nan
nan
-nan
nan
-nan
nan
-nan
nan
-nan
nan
-nan
nan
-nan
nan
-nan
nan
-nan
nan
-nan
nan
-nan
nan
-nan
nan
-nan
nan
-nan
nan
-nan
nan
-nan
nan
-nan
nan
-nan
nan
-nan
nan
-nan
nan
-nan
nan
-nan
nan
-nan
nan
-nan
nan
-nan
nan
-nan
nan
-nan
nan
-nan
nan
-nan
nan
-nan
nan
-nan
nan
-nan
nan
-nan
nan
-nan
nan
-nan
nan
-nan
nan
-nan
nan
-nan
nan
-nan
nan
-nan
nan
-nan
nan
-nan
nan
-nan
nan
-nan
nan
-nan
nan
-nan
nan
-nan
nan
-nan
nan
