-6.78399e-07
-3.32714e-06
-9.0417e-06
-1.87103e-05
-3.30942e-05
-5.28567e-05
-7.85725e-05
-0.000110735
-0.000149764
-0.000196012
-0.000249765
-0.000311256
-0.000380661
-0.000458109
-0.000543676
-0.000637396
-0.000739263
-0.000849235
-0.000967241
-0.00109318
-0.00122692
-0.00136833
-0.00151723
-0.00167343
-0.00183675
-0.00200696
-0.00218385
-0.00236718
-0.00255672
-0.00275224
-0.0029535
-0.00316025
-0.00337226
-0.00358928
-0.00381109
-0.00403743
-0.00426809
-0.00450283
-0.00474142
-0.00498365
-0.0052293
-0.00547815
-0.00572999
-0.00598463
-0.00624187
-0.00650151
-0.00676338
-0.0070273
-0.0072931
-0.00756063
-0.00782973
-0.00810023
-0.00837199
-0.00864486
-0.00891868
-0.00919334
-0.0094687
-0.00974464
-0.010021
-0.0102978
-0.0105748
-0.010852
-0.0111292
-0.0114064
-0.0116835
-0.0119605
-0.0122371
-0.0125135
-0.0127895
-0.0130651
-0.0133402
-0.0136148
-0.0138889
-0.0141623
-0.0144351
-0.0147072
-0.0149786
-0.0152493
-0.0155191
-0.0157881
-0.0160562
-0.0163235
-0.0165898
-0.0168552
-0.0171197
-0.0173832
-0.0176457
-0.0179072
-0.0181678
-0.0184274
-0.018686
-0.0189436
-0.0192002
-0.0194559
-0.0197107
-0.0199644
-0.0202173
-0.0204692
-0.0207203
-0.0209704
-0.0212197
-0.0214681
-0.0217157
-0.0219626
-0.0222086
-0.022454
-0.0226988
-0.0229429
-0.0231864
-0.0234294
-0.0236718
-0.0239138
-0.0241553
-0.0243964
-0.024637
-0.0248773
-0.0251172
-0.0253567
-0.0255959
-0.0258348
-0.0260734
-0.0263117
-0.0265497
-0.0267875
-0.027025
-0.0272623
-0.0274993
-0.0277362
-0.0279729
-0.0282094
-0.0284457
-0.0286818
-0.0289179
-0.0291538
-0.0293895
-0.0296252
-0.0298608
-0.0300962
-0.0303316
-0.0305669
-0.0308021
-0.0310373
-0.0312724
-0.0315074
-0.0317425
-0.0319774
-0.0322124
-0.0324473
-0.0326821
-0.032917
-0.0331518
-0.0333866
-0.0336215
-0.0338563
-0.0340912
-0.0343261
-0.034561
-0.034796
-0.0350311
-0.0352662
-0.0355014
-0.0357367
-0.035972
-0.0362075
-0.036443
-0.0366786
-0.0369143
-0.0371501
-0.037386
-0.037622
-0.037858
-0.0380941
-0.0383304
-0.0385666
-0.038803
-0.0390394
-0.0392759
-0.0395124
-0.039749
-0.0399856
-0.0402222
-0.0404589
-0.0406955
-0.0409322
-0.0411688
-0.0414054
-0.041642
-0.0418786
-0.0421151
-0.0423516
-0.042588
-0.0428244
-0.0430607
-0.0432969
-0.0435331
-0.0437692
-0.0440051
-0.044241
-0.0444768
-0.0447125
-0.0449481
-0.0451835
-0.0454189
-0.0456541
-0.0458892
-0.0461242
-0.0463591
-0.0465938
-0.0468285
-0.047063
-0.0472973
-0.0475315
-0.0477656
-0.0479996
-0.0482334
-0.048467
-0.0487005
-0.0489339
-0.0491671
-0.0494002
-0.0496332
-0.0498659
-0.0500986
-0.050331
-0.0505634
-0.0507955
-0.0510276
-0.0512594
-0.0514912
-0.0517227
-0.0519542
-0.0521855
-0.0524166
-0.0526476
-0.0528785
-0.0531092
-0.0533399
-0.0535704
-0.0538007
-0.054031
-0.0542611
-0.0544911
-0.054721
-0.0549508
-0.0551805
-0.0554101
-0.0556396
-0.055869
-0.0560983
-0.0563275
-0.0565566
-0.0567857
-0.0570146
-0.0572434
-0.0574722
-0.0577009
-0.0579295
-0.0581579
-0.0583863
-0.0586147
-0.0588429
-0.059071
-0.0592991
-0.0595271
-0.059755
-0.0599828
-0.0602105
-0.0604382
-0.0606657
-0.0608932
-0.0611206
-0.0613479
-0.0615752
-0.0618024
-0.0620295
-0.0622565
-0.0624834
-0.0627103
-0.062937
-0.0631637
-0.0633903
-0.0636169
-0.0638433
-0.0640696
-0.0642959
-0.064522
-0.064748
-0.064974
-0.0651998
-0.0654255
-0.0656511
-0.0658766
-0.066102
-0.0663272
-0.0665523
-0.0667773
-0.0670022
-0.0672269
-0.0674515
-0.067676
-0.0679003
-0.0681245
-0.0683485
-0.0685725
-0.0687963
-0.0690199
-0.0692434
-0.0694668
-0.06969
-0.0699131
-0.070136
-0.0703587
-0.0705812
-0.0708036
-0.0710258
-0.0712477
-0.0714694
-0.0716908
-0.071912
-0.0721329
-0.0723535
-0.0725737
-0.0727936
-0.0730132
-0.0732323
-0.0734511
-0.0736695
-0.0738875
-0.0741051
-0.0743224
-0.0745392
-0.0747558
-0.074972
-0.0751878
-0.0754034
-0.0756187
-0.0758337
-0.0760485
-0.0762631
-0.0764775
-0.0766918
-0.0769059
-0.07712
-0.077334
-0.0775479
-0.0777618
-0.0779758
-0.0781897
-0.0784037
-0.0786178
-0.0788319
-0.0790462
-0.0792605
-0.0794749
-0.0796893
-0.0799038
-0.0801185
-0.0803331
-0.0805479
-0.0807627
-0.0809777
-0.0811927
-0.0814077
-0.0816228
-0.081838
-0.0820531
-0.0822682
-0.0824833
-0.0826983
-0.0829131
-0.0831277
-0.0833421
-0.0835561
-0.0837697
-0.0839829
-0.0841955
-0.0844077
-0.0846194
-0.0848307
-0.0850417
-0.0852524
-0.0854629
-0.0856735
-0.0858842
-0.0860951
-0.0863065
-0.0865184
-0.0867311
-0.0869446
-0.0871591
-0.0873747
-0.0875914
-0.0878094
-0.0880287
-0.0882493
-0.0884711
-0.0886943
-0.0889187
-0.0891443
-0.089371
nan
-nan
nan
-nan
nan
-nan
nan
-nan
nan
-nan
nan
-nan
nan
-nan
nan
-nan
nan
-nan
nan
-nan
nan
-nan
nan
-nan
nan
-nan
nan
-nan
nan
-nan
nan
-nan
nan
-nan
nan
-nan
nan
-nan
nan
-nan
nan
-nan
nan
-nan
nan
-nan
nan
-nan
nan
-nan
nan
-nan
nan
-nan
nan
-nan
nan
-nan
nan
-nan
nan
-nan
nan
-nan
nan
-nan
nan
-nan
nan
-nan
nan
-nan
nan
-nan
nan
-nan
nan
-nan
nan
-nan
nan
-nan
nan
-nan
nan
-nan
nan
-nan
nan
-nan
nan
-nan
nan
-nan
nan
-nan
nan
-nan
nan
-nan
nan
-nan
nan
-nan
nan
-nan
nan
-nan
nan
-nan
nan
-nan
nan
-nan
nan
-nan
nan
-nan
nan
-nan
nan
-nan
nan
-nan
nan
-nan
nan
-nan
nan
-nan
nan
-nan
nan
-nan
nan
-nan
nan
-nan
nan
-nan
nan
-nan
nan
-nan
nan
-nan
nan
-nan
nan
-nan
nan
-nan
nan
-nan
nan
-nan
nan
-nan
nan
-nan
nan
-nan
nan
-nan
nan
-nan
nan
-nan
nan
-nan
nan
-nan
nan
-nan
nan
-nan
nan
-nan
nan
-nan
nan
-nan
nan
-nan
nan
-nan
nan
-nan
nan
-nan
nan
-nan
nan
-nan
nan
-nan
nan
-nan
nan
-nan
nan
-nan
nan
-nan
nan
-nan
nan
-nan
nan
-nan
nan
-nan
nan
-nan
nan
-nan
nan
-nan
nan
-nan
nan
-nan
nan
-nan
nan
-nan
nan
-nan
nan
-nan
nan
-nan
nan
-nan
nan
-nan
nan
-nan
nan
-nan
nan
-nan
nan
-nan
nan
-nan
nan
-nan
nan
-nan
nan
