0.000126044
0.00036104
0.000675341
0.00105387
0.0014865
0.00196541
0.00248398
0.00303703
0.00362055
0.00422988
0.00486042
0.00550918
0.00617248
0.00684314
0.00751432
0.00818083
0.00883878
0.00948472
0.0101157
0.0107292
0.0113228
0.0118948
0.0124433
0.012967
0.0134646
0.0139358
0.0143807
0.0147999
0.0151956
0.0155689
0.0159218
0.0162561
0.0165732
0.0168741
0.0171598
0.0174314
0.0176903
0.0179377
0.0181747
0.0184017
0.0186187
0.0188262
0.0190246
0.0192146
0.0193973
0.0195743
0.0197471
0.0199181
0.0200893
0.0202635
0.0204262
0.0205783
0.0207202
0.0208527
0.0209762
0.0210913
0.0211985
0.0212983
0.021391
0.0214772
0.0215573
0.0216317
0.0217006
0.0217646
0.0218238
0.0218788
0.0219296
0.0219768
0.0220204
0.0220608
0.0220982
0.0221329
0.0221651
0.022195
0.0222228
0.0222327
0.0222259
0.0222035
0.0221668
0.0221168
0.0220544
0.0219806
0.0218964
0.0218025
0.0217
0.0215895
0.0214721
0.0213484
0.0212193
0.0210856
0.0209482
0.0208079
0.0206656
0.020522
0.0203777
0.0202331
0.0200886
0.0199445
0.019801
0.0196582
0.0195188
0.0193833
0.0192521
0.0191264
0.0190058
0.0188898
0.0187782
0.0186706
0.0185668
0.0184665
0.0183696
0.0182756
0.0181846
0.0180962
0.0180102
0.0179266
0.0178451
0.0177655
0.0176878
0.0176117
0.0175371
0.0174639
0.0173919
0.0173211
0.0172513
0.0171866
0.0171268
0.017072
0.0170217
0.016976
0.0169347
0.0168976
0.0168648
0.0168363
0.0168121
0.016792
0.0167758
0.0167635
0.016755
0.0167499
0.0167483
0.0167498
0.0167543
0.0167618
0.0167721
0.0167852
0.0168011
0.0168198
0.0168418
0.0168671
0.0168917
0.0169163
0.0169413
0.0169666
0.0169923
0.0170184
0.0170447
0.0170712
0.0170979
0.0171247
0.0171517
0.0171787
0.0172058
0.017233
0.0172602
0.0172874
0.0173146
0.0173419
0.0173692
0.0173965
0.0174239
0.0174513
0.0174788
0.0175064
0.0175341
0.0175576
0.0175769
0.0175923
0.017604
0.017612
0.0176166
0.0176179
0.0176158
0.0176105
0.0176022
0.0175908
0.0175767
0.0175599
0.0175406
0.017519
0.0174952
0.0174694
0.0174417
0.0174123
0.0173813
0.0173486
0.0173145
0.0172789
0.0172419
0.0172034
0.0171652
0.0171273
0.0170897
0.0170523
0.0170151
0.016978
0.016941
0.0169041
0.0168672
0.0168304
0.0167937
0.0167569
0.0167201
0.0166833
0.0166464
0.0166094
0.0165724
0.0165352
0.0164979
0.0164605
0.0164229
0.0163851
0.0163471
0.0163089
0.0162704
0.016234
0.0161997
0.0161674
0.0161371
0.0161087
0.0160822
0.0160575
0.0160348
0.016014
0.0159953
0.0159786
0.0159641
0.0159517
0.0159412
0.0159326
0.0159256
0.0159203
0.0159165
0.0159143
0.0159136
0.0159143
0.0159164
0.0159201
0.0159253
0.0159323
0.0159388
0.0159451
0.0159511
0.0159568
0.0159624
0.0159678
0.0159731
0.0159783
0.0159834
0.0159884
0.0159935
0.0159985
0.0160036
0.0160087
0.016014
0.0160193
0.0160248
0.0160304
0.0160362
0.0160423
0.0160485
0.0160551
0.0160619
0.016069
0.0160765
0.0160819
0.0160852
0.0160866
0.0160862
0.016084
0.01608
0.0160742
0.0160666
0.0160573
0.0160463
0.0160335
0.0160189
0.0160027
0.0159848
0.0159651
0.015944
0.0159215
0.0158978
0.0158731
0.0158473
0.0158206
0.0157931
0.0157648
0.0157358
0.0157061
0.0156768
0.0156477
0.0156188
0.01559
0.0155612
0.0155324
0.0155034
0.0154742
0.0154447
0.0154137
0.015379
0.0153385
0.0152908
0.0152343
0.0151678
0.0150906
0.0150017
0.0149007
0.014787
0.0146603
0.0145205
0.0143675
0.0142013
0.0140219
0.0138294
0.0136377
0.0134483
0.0132624
0.0130815
0.0129079
0.0127433
0.0125889
0.0124463
0.0123167
0.0122013
0.0121014
0.0120183
0.0119531
0.011907
0.0118802
0.0118718
0.0118811
0.0119076
0.0119502
0.0120086
0.0120822
0.0121705
0.012274
0.0123935
0.0125308
0.012664
0.0127933
0.0129211
0.0130489
0.0131775
0.0133076
0.0134399
0.0135742
0.0137094
0.013844
0.0139769
0.0141061
0.014228
0.0143392
0.0144361
0.0145153
0.014573
0.0146051
0.0146049
0.0145697
0.0144934
0.0143736
0.0142058
0.0139869
0.0137149
0.013451
0.0132088
0.0130035
0.0128484
0.0127566
0.0127405
0.0128158
0.0129933
0.0132811
0.0136845
0.0142058
0.0148425
0.0155888
0.0164354
0.017368
0.0183691
0.0194219
0.0205102
0.0216179
0.0227315
0.0238326
0.0248986
0.0259375
0.0269264
0.0279126
nan
-nan
nan
-nan
nan
-nan
nan
-nan
nan
-nan
nan
-nan
nan
-nan
nan
-nan
nan
-nan
nan
-nan
nan
-nan
nan
-nan
nan
-nan
nan
-nan
nan
-nan
nan
-nan
nan
-nan
nan
-nan
nan
-nan
nan
-nan
nan
-nan
nan
-nan
nan
-nan
nan
-nan
nan
-nan
nan
-nan
nan
-nan
nan
-nan
nan
-nan
nan
-nan
nan
-nan
nan
-nan
nan
-nan
nan
-nan
nan
-nan
nan
-nan
nan
-nan
nan
-nan
nan
-nan
nan
-nan
nan
-nan
nan
-nan
nan
-nan
nan
-nan
nan
-nan
nan
-nan
nan
-nan
nan
-nan
nan
-nan
nan
-nan
nan
-nan
nan
-nan
nan
-nan
nan
-nan
nan
-nan
nan
-nan
nan
-nan
nan
-nan
nan
-nan
nan
-nan
nan
-nan
nan
-nan
nan
-nan
nan
-nan
nan
-nan
nan
-nan
nan
-nan
nan
-nan
nan
-nan
nan
-nan
nan
-nan
nan
-nan
nan
-nan
nan
-nan
nan
-nan
nan
-nan
nan
-nan
nan
-nan
nan
-nan
nan
-nan
nan
-nan
nan
-nan
nan
-nan
nan
-nan
nan
-nan
nan
-nan
nan
-nan
nan
-nan
nan
-nan
nan
-nan
nan
-nan
nan
-nan
nan
-nan
nan
-nan
nan
-nan
nan
-nan
nan
-nan
nan
-nan
nan
-nan
nan
-nan
nan
-nan
nan
-nan
nan
-nan
nan
-nan
nan
-nan
nan
-nan
nan
-nan
nan
-nan
nan
-nan
nan
-nan
nan
-nan
nan
-nan
nan
-nan
nan
-nan
nan
-nan
nan
-nan
nan
-nan
nan
-nan
nan
-nan
nan
-nan
nan
-nan
nan
-nan
nan
-nan
nan
-nan
nan
-nan
nan
