-0.00013568
-0.000394068
-0.000748845
-0.00118488
-0.00169189
-0.00226061
-0.00288254
-0.00354998
-0.00425587
-0.0049936
-0.00575712
-0.00654098
-0.00734013
-0.0081494
-0.00896406
-0.00977995
-0.0105934
-0.0114011
-0.0122
-0.0129876
-0.0137615
-0.0145195
-0.01526
-0.0159812
-0.0166817
-0.0173606
-0.0180168
-0.0186498
-0.0192593
-0.0198448
-0.0204064
-0.0209439
-0.0214576
-0.0219473
-0.0224134
-0.022856
-0.0232755
-0.0236722
-0.0240466
-0.0243991
-0.0247301
-0.0250399
-0.0253293
-0.0255986
-0.0258486
-0.0260799
-0.0262935
-0.02649
-0.0266704
-0.0268355
-0.0269842
-0.027117
-0.0272348
-0.027338
-0.0274275
-0.0275039
-0.0275678
-0.0276198
-0.0276606
-0.0276909
-0.0277112
-0.027722
-0.0277241
-0.0277178
-0.0277039
-0.0276828
-0.027655
-0.0276209
-0.0275812
-0.0275363
-0.0274865
-0.0274323
-0.0273742
-0.0273124
-0.0272475
-0.0271776
-0.0271032
-0.0270248
-0.0269428
-0.0268577
-0.0267698
-0.0266794
-0.0265871
-0.026493
-0.0263975
-0.0263009
-0.0262035
-0.0261055
-0.0260073
-0.025909
-0.025811
-0.0257134
-0.0256164
-0.0255204
-0.0254254
-0.0253316
-0.0252391
-0.0251481
-0.0250586
-0.0249707
-0.0248848
-0.0248015
-0.0247208
-0.0246445
-0.0245727
-0.024505
-0.0244413
-0.0243812
-0.0243245
-0.024271
-0.0242205
-0.0241729
-0.0241278
-0.0240853
-0.024045
-0.0240069
-0.0239708
-0.0239366
-0.0239041
-0.0238732
-0.0238439
-0.0238159
-0.0237893
-0.0237639
-0.0237396
-0.0237169
-0.0236957
-0.0236759
-0.0236574
-0.0236403
-0.0236243
-0.0236094
-0.0235957
-0.0235829
-0.0235713
-0.0235605
-0.0235507
-0.0235417
-0.0235336
-0.0235262
-0.0235195
-0.0235135
-0.023508
-0.0235031
-0.0234988
-0.023495
-0.0234916
-0.0234887
-0.0234864
-0.0234845
-0.0234826
-0.0234817
-0.0234822
-0.0234842
-0.0234874
-0.0234916
-0.0234968
-0.0235027
-0.0235094
-0.0235166
-0.0235242
-0.0235323
-0.0235406
-0.023549
-0.0235577
-0.0235663
-0.023575
-0.0235836
-0.0235921
-0.0236005
-0.0236087
-0.0236166
-0.0236243
-0.0236318
-0.023639
-0.0236453
-0.0236507
-0.0236552
-0.0236589
-0.0236617
-0.0236637
-0.0236649
-0.0236653
-0.0236648
-0.0236635
-0.0236615
-0.0236586
-0.0236551
-0.0236508
-0.0236457
-0.0236401
-0.0236337
-0.0236268
-0.0236193
-0.0236112
-0.0236026
-0.0235934
-0.0235837
-0.0235735
-0.0235629
-0.0235519
-0.0235408
-0.0235293
-0.0235176
-0.0235057
-0.0234934
-0.0234809
-0.0234682
-0.0234553
-0.0234421
-0.0234288
-0.0234152
-0.0234015
-0.0233876
-0.0233735
-0.0233592
-0.0233448
-0.0233302
-0.0233155
-0.0233006
-0.0232857
-0.0232706
-0.0232554
-0.0232401
-0.0232247
-0.0232095
-0.0231944
-0.0231796
-0.0231649
-0.0231505
-0.0231362
-0.0231221
-0.0231082
-0.0230946
-0.0230812
-0.0230681
-0.0230553
-0.0230429
-0.0230307
-0.023019
-0.0230075
-0.0229963
-0.0229854
-0.0229748
-0.0229644
-0.0229543
-0.0229444
-0.0229348
-0.0229254
-0.0229163
-0.0229073
-0.0228982
-0.0228892
-0.0228802
-0.0228713
-0.0228624
-0.0228536
-0.0228448
-0.0228361
-0.0228274
-0.0228188
-0.0228103
-0.0228018
-0.0227934
-0.0227851
-0.0227768
-0.0227686
-0.0227605
-0.0227524
-0.0227444
-0.0227365
-0.0227287
-0.022721
-0.0227134
-0.0227058
-0.022698
-0.0226901
-0.0226819
-0.0226735
-0.0226649
-0.0226561
-0.0226472
-0.022638
-0.0226287
-0.022619
-0.0226091
-0.0225989
-0.0225884
-0.0225776
-0.0225663
-0.0225548
-0.0225429
-0.0225306
-0.0225181
-0.0225053
-0.0224924
-0.0224792
-0.0224659
-0.0224525
-0.0224391
-0.0224257
-0.0224124
-0.022399
-0.0223855
-0.0223719
-0.022358
-0.0223438
-0.0223291
-0.0223141
-0.0222985
-0.0222822
-0.0222648
-0.0222463
-0.0222264
-0.022205
-0.0221821
-0.0221575
-0.0221312
-0.0221031
-0.0220732
-0.0220415
-0.022008
-0.0219727
-0.0219356
-0.0218967
-0.0218579
-0.0218193
-0.0217809
-0.0217431
-0.0217062
-0.0216703
-0.0216358
-0.0216028
-0.0215716
-0.0215423
-0.0215152
-0.0214906
-0.0214686
-0.0214494
-0.0214332
-0.0214198
-0.0214091
-0.0214011
-0.0213957
-0.0213927
-0.021392
-0.0213935
-0.0213973
-0.0214033
-0.0214118
-0.0214198
-0.0214272
-0.0214344
-0.0214417
-0.021449
-0.0214566
-0.0214644
-0.0214725
-0.0214806
-0.0214885
-0.0214961
-0.0215031
-0.0215089
-0.021513
-0.021515
-0.0215144
-0.0215106
-0.021503
-0.0214907
-0.0214734
-0.0214501
-0.0214207
-0.0213845
-0.021341
-0.0212901
-0.0212399
-0.0211919
-0.0211484
-0.021111
-0.0210815
-0.0210616
-0.0210533
-0.0210582
-0.0210774
-0.0211116
-0.0211612
-0.021226
-0.0213052
-0.0213977
-0.0215019
-0.0216153
-0.0217361
-0.0218621
-0.0219912
-0.0221218
-0.0222516
-0.0223776
-0.0225009
-0.0226185
-0.0227364
nan
-nan
nan
-nan
nan
-nan
nan
-nan
nan
-nan
nan
-nan
nan
-nan
nan
-nan
nan
-nan
nan
-nan
nan
-nan
nan
-nan
nan
-nan
nan
-nan
nan
-nan
nan
-nan
nan
-nan
nan
-nan
nan
-nan
nan
-nan
nan
-nan
nan
-nan
nan
-nan
nan
-nan
nan
-nan
nan
-nan
nan
-nan
nan
-nan
nan
-nan
nan
-nan
nan
-nan
nan
-nan
nan
-nan
nan
-nan
nan
-nan
nan
-nan
nan
-nan
nan
-nan
nan
-nan
nan
-nan
nan
-nan
nan
-nan
nan
-nan
nan
-nan
nan
-nan
nan
-nan
nan
-nan
nan
-nan
nan
-nan
nan
-nan
nan
-nan
nan
-nan
nan
-nan
nan
-nan
nan
-nan
nan
-nan
nan
-nan
nan
-nan
nan
-nan
nan
-nan
nan
-nan
nan
-nan
nan
-nan
nan
-nan
nan
-nan
nan
-nan
nan
-nan
nan
-nan
nan
-nan
nan
-nan
nan
-nan
nan
-nan
nan
-nan
nan
-nan
nan
-nan
nan
-nan
nan
-nan
nan
-nan
nan
-nan
nan
-nan
nan
-nan
nan
-nan
nan
-nan
nan
-nan
nan
-nan
nan
-nan
nan
-nan
nan
-nan
nan
-nan
nan
-nan
nan
-nan
nan
-nan
nan
-nan
nan
-nan
nan
-nan
nan
-nan
nan
-nan
nan
-nan
nan
-nan
nan
-nan
nan
-nan
nan
-nan
nan
-nan
nan
-nan
nan
-nan
nan
-nan
nan
-nan
nan
-nan
nan
-nan
nan
-nan
nan
-nan
nan
-nan
nan
-nan
nan
-nan
nan
-nan
nan
-nan
nan
-nan
nan
-nan
nan
-nan
nan
-nan
nan
-nan
nan
-nan
nan
-nan
nan
-nan
nan
-nan
nan
