6.30219e-07
3.06564e-06
8.24754e-06
1.68936e-05
2.95954e-05
4.6855e-05
6.91019e-05
9.6707e-05
0.000129995
0.000169247
0.000214699
0.000266547
0.000324955
0.000390033
0.00046182
0.000540296
0.000625394
0.000717011
0.000815014
0.000919238
0.0010295
0.00114559
0.00126728
0.00139433
0.00152649
0.00166349
0.00180507
0.00195097
0.00210095
0.00225477
0.00241223
0.00257312
0.00273726
0.0029045
0.00307467
0.00324763
0.00342323
0.00360137
0.00378194
0.00396482
0.00414992
0.00433714
0.0045264
0.00471759
0.00491065
0.00510551
0.00530212
0.00550044
0.00570048
0.00590225
0.00610569
0.00631072
0.00651721
0.00672507
0.00693422
0.00714456
0.00735601
0.00756849
0.00778194
0.00799628
0.00821145
0.0084274
0.00864406
0.00886138
0.00907932
0.00929784
0.00951688
0.00973641
0.0099564
0.0101768
0.0103976
0.0106188
0.0108402
0.011062
0.0112841
0.0115064
0.0117287
0.0119509
0.0121727
0.0123941
0.012615
0.0128352
0.0130545
0.013273
0.0134905
0.013707
0.0139223
0.0141364
0.0143492
0.0145608
0.0147709
0.0149797
0.0151871
0.015393
0.0155975
0.0158006
0.0160022
0.0162023
0.0164011
0.0165984
0.0167943
0.0169888
0.0171819
0.0173738
0.0175645
0.017754
0.0179423
0.0181296
0.0183157
0.0185009
0.0186851
0.0188683
0.0190506
0.019232
0.0194126
0.0195922
0.0197711
0.0199492
0.0201264
0.0203029
0.0204787
0.0206537
0.0208279
0.0210015
0.0211744
0.0213466
0.0215181
0.0216891
0.0218596
0.0220296
0.0221991
0.0223683
0.0225371
0.0227056
0.0228739
0.0230419
0.0232097
0.0233774
0.023545
0.0237125
0.02388
0.0240475
0.024215
0.0243826
0.0245503
0.0247181
0.024886
0.0250541
0.0252224
0.025391
0.0255597
0.0257288
0.0258981
0.0260676
0.0262374
0.0264075
0.0265778
0.0267484
0.0269192
0.0270903
0.0272617
0.0274333
0.0276053
0.0277775
0.0279499
0.0281227
0.0282957
0.028469
0.0286425
0.0288163
0.0289904
0.0291648
0.0293395
0.0295144
0.0296896
0.0298651
0.0300407
0.0302166
0.0303926
0.0305686
0.0307448
0.030921
0.0310971
0.0312733
0.0314493
0.0316253
0.0318011
0.0319768
0.0321523
0.0323276
0.0325027
0.0326775
0.0328521
0.0330263
0.0332003
0.0333739
0.0335473
0.0337202
0.0338928
0.0340651
0.0342369
0.0344084
0.0345794
0.0347502
0.0349205
0.0350905
0.0352601
0.0354293
0.0355981
0.0357666
0.0359347
0.0361025
0.0362699
0.0364369
0.0366035
0.0367698
0.0369357
0.0371013
0.0372664
0.0374312
0.0375956
0.0377597
0.0379233
0.0380866
0.0382495
0.038412
0.0385742
0.038736
0.0388976
0.0390588
0.0392198
0.0393805
0.0395409
0.0397012
0.0398612
0.0400211
0.0401808
0.0403404
0.0404998
0.0406592
0.0408185
0.0409777
0.0411369
0.0412961
0.0414552
0.0416143
0.0417735
0.0419327
0.0420919
0.0422512
0.0424105
0.04257
0.0427294
0.042889
0.0430486
0.0432082
0.0433679
0.0435277
0.0436875
0.0438474
0.0440073
0.0441672
0.0443272
0.0444873
0.0446474
0.0448076
0.0449678
0.0451281
0.0452884
0.0454488
0.0456093
0.0457698
0.0459304
0.046091
0.0462517
0.0464125
0.0465734
0.0467342
0.0468951
0.0470559
0.0472168
0.0473775
0.0475382
0.0476989
0.0478594
0.0480198
0.04818
0.0483401
0.0485001
0.0486598
0.0488194
0.0489787
0.0491378
0.0492967
0.0494553
0.0496136
0.0497717
0.0499295
0.050087
0.0502442
0.0504011
0.0505577
0.050714
0.0508701
0.0510258
0.0511813
0.0513365
0.0514914
0.051646
0.0518003
0.0519542
0.0521078
0.052261
0.0524136
0.0525656
0.0527169
0.0528673
0.0530169
0.0531653
0.0533125
0.0534584
0.0536029
0.0537457
0.0538868
0.0540261
0.0541634
0.0542989
0.0544324
0.0545641
0.0546941
0.0548223
0.054949
0.0550742
0.055198
0.0553206
0.0554421
0.0555627
0.0556825
0.0558018
0.0559208
0.0560395
0.0561583
0.0562773
0.0563965
0.0565163
0.0566368
0.0567581
0.0568803
0.0570036
0.0571282
0.0572542
0.0573815
0.0575101
0.0576399
0.057771
0.0579035
0.0580372
0.0581723
0.0583087
0.0584465
0.0585856
0.058726
0.0588677
0.0590105
0.0591544
0.0592991
0.0594446
0.0595905
0.0597365
0.0598824
0.0600277
0.060172
0.0603149
0.0604559
0.0605944
0.0607302
0.0608635
0.0609946
0.0611239
0.0612519
0.0613794
0.0615071
0.0616362
0.0617676
0.0619024
0.0620418
0.0621871
0.0623392
0.0624994
0.0626684
0.0628471
0.063036
0.0632357
0.0634463
0.0636681
0.0639009
0.0641445
0.0643987
0.064663
0.0649372
nan
-nan
nan
-nan
nan
-nan
nan
-nan
nan
-nan
nan
-nan
nan
-nan
nan
-nan
nan
-nan
nan
-nan
nan
-nan
nan
-nan
nan
-nan
nan
-nan
nan
-nan
nan
-nan
nan
-nan
nan
-nan
nan
-nan
nan
-nan
nan
-nan
nan
-nan
nan
-nan
nan
-nan
nan
-nan
nan
-nan
nan
-nan
nan
-nan
nan
-nan
nan
-nan
nan
-nan
nan
-nan
nan
-nan
nan
-nan
nan
-nan
nan
-nan
nan
-nan
nan
-nan
nan
-nan
nan
-nan
nan
-nan
nan
-nan
nan
-nan
nan
-nan
nan
-nan
nan
-nan
nan
-nan
nan
-nan
nan
-nan
nan
-nan
nan
-nan
nan
-nan
nan
-nan
nan
-nan
nan
-nan
nan
-nan
nan
-nan
nan
-nan
nan
-nan
nan
-nan
nan
-nan
nan
-nan
nan
-nan
nan
-nan
nan
-nan
nan
-nan
nan
-nan
nan
-nan
nan
-nan
nan
-nan
nan
-nan
nan
-nan
nan
-nan
nan
-nan
nan
-nan
nan
-nan
nan
-nan
nan
-nan
nan
-nan
nan
-nan
nan
-nan
nan
-nan
nan
-nan
nan
-nan
nan
-nan
nan
-nan
nan
-nan
nan
-nan
nan
-nan
nan
-nan
nan
-nan
nan
-nan
nan
-nan
nan
-nan
nan
-nan
nan
-nan
nan
-nan
nan
-nan
nan
-nan
nan
-nan
nan
-nan
nan
-nan
nan
-nan
nan
-nan
nan
-nan
nan
-nan
nan
-nan
nan
-nan
nan
-nan
nan
-nan
nan
-nan
nan
-nan
nan
-nan
nan
-nan
nan
-nan
nan
-nan
nan
-nan
nan
-nan
nan
-nan
nan
-nan
nan
-nan
nan
-nan
nan
-nan
nan
-nan
nan
-nan
nan
