0
0.000254861
0.000458624
0.00017991
-0.000619815
-0.00156901
-0.00287305
-0.00443172
-0.00559686
-0.0069523
-0.00855655
-0.00982387
-0.0107775
-0.0114249
-0.0117834
-0.0116785
-0.0116939
-0.0117803
-0.0118943
-0.0120347
-0.0122022
-0.0123978
-0.0126976
-0.0130983
-0.0135685
-0.0139824
-0.0143613
-0.0147325
-0.0148861
-0.0149392
-0.0148926
-0.014747
-0.0145118
-0.0143848
-0.0143391
-0.0143161
-0.0142939
-0.0142732
-0.0142546
-0.0142373
-0.0142207
-0.0142043
-0.0141879
-0.0141711
-0.0141557
-0.0141303
-0.0141051
-0.0140796
-0.0140533
-0.0140265
-0.0139974
-0.0139341
-0.0138596
-0.0137809
-0.0137019
-0.0136244
-0.0135496
-0.0134781
-0.0134099
-0.0133452
-0.0132838
-0.013226
-0.0131714
-0.0131203
-0.0130723
-0.0130276
-0.0129861
-0.0129477
-0.0129125
-0.0128803
-0.0128513
-0.0128254
-0.0128023
-0.01278
-0.0127587
-0.0127382
-0.0127224
-0.012691
-0.0126469
-0.0125905
-0.0125208
-0.0124621
-0.0124752
-0.0125207
-0.0125966
-0.012702
-0.0128344
-0.0129878
-0.0131593
-0.0133528
-0.0135609
-0.0137352
-0.0138714
-0.0139699
-0.0140312
-0.0140709
-0.0141028
-0.014127
-0.0141432
-0.0141514
-0.0141512
-0.0140369
-0.01389
-0.0137917
-0.0137331
-0.0137316
-0.0137381
-0.0137465
-0.013757
-0.0137699
-0.0137855
-0.0138038
-0.0138248
-0.0138485
-0.013875
-0.0139042
-0.013936
-0.0139705
-0.0140077
-0.0140476
-0.0140902
-0.0141355
-0.0141836
-0.0142345
-0.0142869
-0.0143396
-0.0143936
-0.0144617
-0.0145508
-0.0146542
-0.0147716
-0.0149037
-0.0149233
-0.0148922
-0.0148248
-0.0147799
-0.0147587
-0.0147632
-0.014786
-0.0148155
-0.0148498
-0.0149204
-0.0149751
-0.015013
-0.0150342
-0.0150384
-0.0150266
-0.0149987
-0.0149547
-0.0148939
-0.0148596
-0.0148757
-0.0148942
-0.0149072
-0.0148906
-0.0148673
-0.014844
-0.0148212
-0.0147992
-0.0147779
-0.014757
-0.0147362
-0.0147156
-0.0146952
-0.0146748
-0.0146545
-0.0146342
-0.0146139
-0.0145934
-0.0145728
-0.014552
-0.014531
-0.0145098
-0.0144881
-0.0144661
-0.0144437
-0.0144228
-0.0143853
-0.0143342
-0.0142702
-0.0141922
-0.0141913
-0.0142271
-0.0142982
-0.0144027
-0.0144863
-0.0145407
-0.0145802
-0.0146129
-0.0146431
-0.0146727
-0.0147015
-0.0147326
-0.0147661
-0.0148018
-0.0148395
-0.0148792
-0.0149209
-0.0149644
-0.0150098
-0.0150572
-0.0150904
-0.0151395
-0.0152039
-0.015279
-0.0153568
-0.0154358
-0.0155152
-0.0155946
-0.0156737
-0.0157524
-0.0158306
-0.0159084
-0.0159856
-0.0160622
-0.0161383
-0.0162139
-0.0162889
-0.0163634
-0.0164373
-0.0165106
-0.0165834
-0.0166555
-0.016727
-0.0167978
-0.0168679
-0.0169337
-0.0170205
-0.0171224
-0.0172374
-0.0173652
-0.0175069
-0.0175378
-0.0174769
-0.0173236
-0.0170779
-0.01674
-0.0165111
-0.0163761
-0.0162439
-0.016258
-0.016275
-0.0162897
-0.0163019
-0.0163116
-0.0163186
-0.016323
-0.0163249
-0.016324
-0.0163203
-0.0163136
-0.0163117
-0.0162938
-0.0162605
-0.0162189
-0.016173
-0.0161242
-0.016073
-0.0160198
-0.0159648
-0.015908
-0.0158494
-0.015789
-0.0157268
-0.0156626
-0.0155965
-0.0155284
-0.0154581
-0.0153858
-0.0153111
-0.0152342
-0.015155
-0.0150733
-0.0149891
-0.0149023
-0.014813
-0.0147221
-0.0146112
-0.0144834
-0.0143392
-0.0143355
-0.0143814
-0.014478
-0.0146254
-0.0148231
-0.0150704
-0.0153666
-0.0157113
-0.0161049
-0.0165635
-0.0168929
-0.017106
-0.017201
-0.0172396
-0.0172221
-0.0171455
-0.0170065
-0.0168014
-0.0165254
-0.0163399
-0.0162352
-0.0162049
-0.0162703
-0.0164281
-0.016671
-0.0168871
-0.017136
-0.0173841
-0.0176315
-0.0178764
-0.0181192
-0.0183598
-0.0185985
-0.0188353
-0.0190703
-0.0193037
-0.0195357
-0.0197662
-0.0199955
-0.0202236
-0.0204506
-0.0206768
-0.020902
-0.0211265
-0.0213504
-0.0215736
-0.021792
-0.0220324
-0.0222887
-0.0223384
-0.0223071
-0.0221929
-0.0219919
-0.0217019
-0.0213221
-0.0208526
-0.0202941
-0.0196475
-0.0189134
-0.018228
-0.017659
-0.0171983
-0.0168476
-0.0166086
-0.0164831
-0.0164726
-0.0165786
-0.0168031
-0.0171493
-0.017612
-0.0181933
-0.0187943
-0.0191369
-0.0193763
-0.0195276
-0.0195909
-0.0195766
-0.0195472
-0.0195121
-0.0194714
-0.0194253
-0.0193739
-0.019317
-0.0192575
-0.0191953
-0.0191305
-0.0190629
-0.0189925
-0.0189192
-0.018843
-0.0187638
-0.0186815
-0.0185961
-0.0185075
-0.0184157
-0.0183205
-0.0182233
-0.0181051
-0.0179692
-0.0178161
-0.0176451
-0.0176125
-0.0176247
-0.0176688
-0.0177427
-0.0178444
-0.0179265
-0.0179946
-0.0180564
-0.0181159
-0.0181753
-0.0182355
-0.0182969
-0.0183596
-0.0184235
-0.0184885
-0.0185545
-0.0186211
-0.0186886
-0.0187567
-0.0188253
-0.016618
-0.0124371
-0.00726803
-0.00197186
0.00371483
0.00967748
0.0162911
0.0231017
0.0302225
0.0375761
0.0451196
0.0527678
0.0602566
0.0685248
0.0765398
0.0850679
0.0913779
0.0965679
0.101341
0.104872
0.107778
0.106332
0.104174
0.101941
0.0990862
0.093674
0.0880675
0.0821656
0.0759958
0.070889
0.0656549
0.0607274
0.0558809
0.0511617
0.0465259
0.042053
0.0378167
0.0339115
0.0303703
0.0274289
0.0252761
0.0233842
0.0220237
0.0206528
0.0196232
0.0196026
0.020696
0.0221872
0.0239213
0.0258122
0.0280364
0.0308217
0.0339239
0.0370923
0.04053
0.0444328
0.0489632
0.0546209
0.0605418
0.0667805
0.0728832
0.0797902
0.086875
0.0939029
0.101522
0.109304
0.117872
0.126478
0.135093
0.143661
0.152284
0.160869
0.169526
0.178541
0.187597
0.196645
0.205645
0.21476
0.223842
0.23282
0.241869
0.250802
0.259621
0.261452
0.263054
0.264187
0.265749
0.267274
0.268602
0.269621
0.270556
0.271664
0.272613
0.273578
0.274531
0.275447
0.276329
0.277175
0.27794
0.278655
0.279321
0.279937
0.280496
0.281001
0.281445
0.281827
0.282144
0.282396
0.282579
0.282693
0.282736
0.282706
0.282604
0.282427
0.282174
0.281844
0.281437
0.280952
0.280386
0.279738
0.279006
0.278187
0.27721
0.276083
0.277397
0.279309
0.281449
0.283347
0.285117
0.286876
0.28862
0.290897
0.293418
0.295862
0.298137
0.300291
0.302327
0.304273
0.306182
0.30813
0.310089
0.312011
0.313894
0.315736
0.317538
0.319296
0.32101
0.322678
0.324298
0.32587
0.327392
0.328865
0.330291
0.33167
0.333004
0.334295
0.335148
0.335822
0.336317
0.336634
0.336772
0.336774
0.336742
0.336677
0.336578
0.336445
0.336279
0.336078
0.335844
0.335574
0.33527
0.33493
0.334554
0.334142
0.333694
0.333208
0.332689
0.332141
0.331566
0.330969
0.330354
0.329724
0.329082
0.328432
0.327777
0.32712
0.326464
0.325813
0.325169
0.324535
0.323914
0.323309
0.322721
0.322154
0.321609
0.321088
0.320594
0.320129
0.319695
0.319295
0.318929
0.318597
0.318301
0.318038
0.317809
0.317613
0.31745
0.31732
0.317223
0.317158
0.317126
0.317127
0.317159
0.317225
0.317323
0.317453
0.317617
0.317813
0.318043
0.318307
0.318604
0.318936
0.319303
0.319705
0.320143
0.320617
0.321123
0.321659
0.322222
0.322807
0.323412
0.324033
0.324667
0.325312
0.325963
0.326618
0.327273
0.327927
0.328575
0.329215
0.329844
0.330459
0.331057
0.331637
0.332196
0.332731
0.333239
0.333719
0.334168
0.334583
