0
-0.0030044
-0.00631084
-0.00872949
-0.0105448
-0.0117344
-0.0124146
-0.01259
-0.0122814
-0.0116727
-0.0108483
-0.00982334
-0.00878022
-0.0082393
-0.0082125
-0.00862712
-0.0091512
-0.00978992
-0.0105466
-0.0114198
-0.0124083
-0.0135105
-0.0146998
-0.0159719
-0.0173495
-0.0188174
-0.0203652
-0.0219266
-0.0234272
-0.0249211
-0.0264023
-0.0278735
-0.0293715
-0.0307809
-0.03213
-0.0334174
-0.0346429
-0.0358068
-0.0369093
-0.0379508
-0.0389314
-0.0398516
-0.0407115
-0.0415115
-0.0422528
-0.0429337
-0.0435556
-0.0441185
-0.0446227
-0.0450691
-0.0454571
-0.0458024
-0.0461119
-0.0463722
-0.0465758
-0.0467189
-0.0467997
-0.0468175
-0.0467742
-0.0466695
-0.0465033
-0.0462754
-0.0459854
-0.045633
-0.0452176
-0.0447388
-0.044196
-0.0435883
-0.042915
-0.0421751
-0.0413677
-0.0404915
-0.0395454
-0.0385278
-0.0374374
-0.0362723
-0.0350292
-0.0337164
-0.0323339
-0.0308782
-0.0293463
-0.0278277
-0.0265402
-0.0253366
-0.024218
-0.0232186
-0.0223323
-0.0215581
-0.0208955
-0.0203426
-0.0199001
-0.0195469
-0.0192812
-0.0191033
-0.0190134
-0.0189971
-0.0190414
-0.0191465
-0.0193124
-0.0195391
-0.0198269
-0.0203269
-0.0212236
-0.0219857
-0.0224273
-0.0227944
-0.0231341
-0.0234473
-0.023736
-0.0240018
-0.024246
-0.0244697
-0.0246737
-0.0248587
-0.0250252
-0.0251738
-0.0253048
-0.0254187
-0.0255157
-0.025596
-0.0256599
-0.0257073
-0.0257384
-0.0257531
-0.0257596
-0.0257668
-0.0257758
-0.0257857
-0.0258053
-0.0258259
-0.0258431
-0.0258545
-0.0259334
-0.0260632
-0.0262522
-0.0264961
-0.0267772
-0.0270956
-0.0274519
-0.0278476
-0.0282838
-0.0286273
-0.028895
-0.0290871
-0.0292037
-0.0292447
-0.0292128
-0.0291071
-0.0289267
-0.0286702
-0.0284149
-0.0285158
-0.0285682
-0.0285812
-0.0286079
-0.0286187
-0.0286217
-0.0286202
-0.0286162
-0.0286107
-0.0286041
-0.0285969
-0.0285892
-0.0285811
-0.0285725
-0.0285636
-0.0285543
-0.0285446
-0.0285345
-0.0285241
-0.0285133
-0.028502
-0.0284904
-0.0284783
-0.0284658
-0.0284529
-0.0284395
-0.0284254
-0.028411
-0.0283964
-0.0283817
-0.0284186
-0.028433
-0.0284349
-0.0284297
-0.0284195
-0.0284065
-0.0283926
-0.0283786
-0.0283648
-0.0283516
-0.0283388
-0.0283277
-0.0283179
-0.0283091
-0.0283012
-0.0282942
-0.0282879
-0.0282827
-0.0282783
-0.0282751
-0.0282754
-0.0282791
-0.028279
-0.0282746
-0.0282712
-0.0282684
-0.0282661
-0.0282643
-0.0282629
-0.0282621
-0.0282617
-0.0282618
-0.0282625
-0.0282637
-0.0282656
-0.028268
-0.0282711
-0.0282749
-0.0282794
-0.0282846
-0.0282905
-0.0282972
-0.0283047
-0.0283131
-0.0283223
-0.0283385
-0.0283445
-0.0283539
-0.0283651
-0.0283775
-0.0283907
-0.0284357
-0.0284639
-0.0284806
-0.0284895
-0.0284928
-0.0285005
-0.0285135
-0.0285259
-0.0285457
-0.0285637
-0.0285802
-0.0285956
-0.0286103
-0.0286245
-0.0286382
-0.0286514
-0.0286643
-0.0286767
-0.0286887
-0.0287156
-0.0287325
-0.0287436
-0.0287515
-0.0287578
-0.028763
-0.0287671
-0.0287703
-0.0287724
-0.0287737
-0.0287741
-0.0287737
-0.0287725
-0.0287705
-0.0287677
-0.0287641
-0.0287598
-0.0287548
-0.0287491
-0.0287426
-0.0287355
-0.0287277
-0.0287193
-0.0287101
-0.0287003
-0.0286899
-0.0286785
-0.0286667
-0.0286544
-0.028751
-0.0287997
-0.0288214
-0.0288278
-0.0288255
-0.0288181
-0.0288079
-0.0287959
-0.0287828
-0.0287687
-0.0287536
-0.0287374
-0.0287214
-0.0287075
-0.0286954
-0.0286849
-0.0286758
-0.0286681
-0.0286617
-0.0286594
-0.0286596
-0.0286963
-0.028769
-0.0288352
-0.028872
-0.0288973
-0.0289447
-0.0289314
-0.0289124
-0.0289023
-0.0288973
-0.0288954
-0.0288956
-0.0288974
-0.0289005
-0.0289047
-0.0289101
-0.0289167
-0.0289244
-0.0289334
-0.0289436
-0.028955
-0.0289678
-0.0289819
-0.0289972
-0.0290139
-0.0290576
-0.0290603
-0.0290721
-0.0292502
-0.0293723
-0.0294527
-0.0295275
-0.0296014
-0.0296769
-0.0297562
-0.0298411
-0.0299326
-0.0300313
-0.0301272
-0.0301606
-0.0301946
-0.0302285
-0.0302617
-0.0302939
-0.0303249
-0.0303543
-0.0303819
-0.0303407
-0.0303476
-0.0304018
-0.030749
-0.0308345
-0.0309149
-0.0309565
-0.0309738
-0.0309897
-0.0310041
-0.0310192
-0.0310346
-0.03105
-0.0310652
-0.0310798
-0.0310935
-0.0311056
-0.0311156
-0.0311231
-0.0311277
-0.0311291
-0.0311268
-0.0311204
-0.0311094
-0.0310938
-0.0310732
-0.0310475
-0.0310168
-0.0309808
-0.0309396
-0.0308935
-0.0308425
-0.0307869
-0.0307919
-0.0307671
-0.0307222
-0.0306644
-0.0305979
-0.0305241
-0.0304459
-0.0303653
-0.0302835
-0.0302013
-0.0301198
-0.0300397
-0.0299617
-0.0298864
-0.0298143
-0.0297461
-0.0296825
-0.0296234
-0.0295694
-0.0295195
-0.0333345
-0.0388856
-0.0459718
-0.0531675
-0.0605475
-0.0681678
-0.0759909
-0.0848594
-0.0934806
-0.102132
-0.110959
-0.119984
-0.129597
-0.137496
-0.146639
-0.156413
-0.166731
-0.176522
-0.186401
-0.19704
-0.207693
-0.217709
-0.227672
-0.234503
-0.240447
-0.247296
-0.253202
-0.258048
-0.262056
-0.262931
-0.263122
-0.262321
-0.260636
-0.257881
-0.25394
-0.248783
-0.242403
-0.235345
-0.226537
-0.216865
-0.206702
-0.195113
-0.182591
-0.168988
-0.154908
-0.141685
-0.129596
-0.117688
-0.105791
-0.0938008
-0.082049
-0.069155
-0.0558042
-0.0421597
-0.0293611
-0.0168684
-0.00479681
0.00803584
0.0200787
0.0326531
0.0454581
0.0592993
0.0736721
0.0881721
0.102736
0.117343
0.132382
0.147596
0.16299
0.1785
0.194232
0.21008
0.225372
0.240983
0.256663
0.27225
0.28764
0.303033
0.3182
0.333102
0.348003
0.362584
0.376926
0.378075
0.379088
0.379901
0.380847
0.381532
0.381959
0.382203
0.38267
0.383531
0.384504
0.385318
0.385874
0.386152
0.386152
0.385873
0.385332
0.384531
0.38347
0.382149
0.380569
0.378728
0.376635
0.374289
0.371688
0.368833
0.365724
0.36236
0.358742
0.35487
0.350744
0.346364
0.341731
0.336846
0.33171
0.326324
0.32069
0.31481
0.308688
0.302326
0.295764
0.289002
0.286099
0.284093
0.282254
0.280415
0.278538
0.276685
0.274856
0.272673
0.270632
0.268502
0.26632
0.264234
0.262237
0.260303
0.258474
0.256572
0.254612
0.252669
0.250742
0.248832
0.246937
0.245057
0.243192
0.24134
0.239502
0.237677
0.235864
0.234064
0.232273
0.230492
0.228719
0.226953
0.225236
0.223675
0.22227
0.22102
0.219926
0.218943
0.217959
0.216974
0.215988
0.215001
0.214012
0.213023
0.212031
0.211039
0.210045
0.20905
0.208054
0.207057
0.206059
0.205061
0.204061
0.203061
0.202061
0.20106
0.200059
0.199057
0.198056
0.197054
0.196052
0.19505
0.194048
0.193046
0.192045
0.191043
0.190041
0.18904
0.18804
0.18704
0.186041
0.185043
0.184046
0.183051
0.182057
0.181067
0.180078
0.179092
0.178108
0.177125
0.176142
0.175161
0.174179
0.173198
0.172217
0.171234
0.170252
0.169268
0.168284
0.167298
0.166311
0.165323
0.164334
0.163344
0.162352
0.161359
0.160364
0.159369
0.158372
0.157375
0.156376
0.155377
0.154377
0.153376
0.152375
0.151374
0.150372
0.14937
0.148368
0.147366
0.146363
0.145361
0.144359
0.143356
0.142354
0.141351
0.140349
0.139348
0.138347
0.137346
0.136346
0.135348
0.13435
0.133355
0.132361
0.13137
