0.0171984
0.00598805
-0.00691793
-0.0151451
-0.0189291
-0.0187654
-0.0186147
-0.0184743
-0.0229466
-0.0243477
-0.0241666
-0.0239825
-0.0237956
-0.0236013
-0.0234011
-0.0231897
-0.0229807
-0.0227752
-0.0225733
-0.0223751
-0.0221803
-0.021989
-0.0218006
-0.0216152
-0.0214329
-0.0212537
-0.0210775
-0.0209037
-0.0207324
-0.0205604
-0.0203905
-0.0202227
-0.0200573
-0.0198936
-0.0197313
-0.0195702
-0.0194104
-0.0192536
-0.0191026
-0.0189577
-0.0188192
-0.0186874
-0.018562
-0.0184426
-0.0182905
-0.0181575
-0.0180278
-0.0179013
-0.0177781
-0.0176575
-0.0173979
-0.017252
-0.0171073
-0.0169635
-0.0168205
-0.0166781
-0.0165363
-0.016395
-0.0162542
-0.0161138
-0.0159737
-0.0158339
-0.0156944
-0.0155551
-0.0154158
-0.0152767
-0.0151375
-0.0149982
-0.0148588
-0.0147192
-0.0145793
-0.014439
-0.0142982
-0.0141568
-0.0140148
-0.013872
-0.0137281
-0.0135837
-0.0134387
-0.0132928
-0.0131458
-0.0129993
-0.0128579
-0.0127188
-0.0125822
-0.0124488
-0.0123185
-0.0121914
-0.0120674
-0.0119482
-0.0118325
-0.0117197
-0.0116099
-0.0115031
-0.0113994
-0.0112984
-0.0111999
-0.0111039
-0.0110103
-0.0109193
-0.0108308
-0.0107471
-0.0106384
-0.0105488
-0.0104574
-0.0103669
-0.0102774
-0.0101886
-0.0101003
-0.0100126
-0.00992527
-0.00983841
-0.00975199
-0.00966601
-0.00958047
-0.00949538
-0.00941074
-0.00932656
-0.00924283
-0.00915957
-0.00907678
-0.00899446
-0.00891262
-0.00883126
-0.00875066
-0.00867128
-0.00859484
-0.00851683
-0.0084401
-0.0083646
-0.00829046
-0.00821795
-0.00814786
-0.00808072
-0.00801606
-0.00795334
-0.00789306
-0.00783496
-0.00777895
-0.00772501
-0.00767314
-0.00761859
-0.00756221
-0.00750397
-0.0074438
-0.00738177
-0.0073179
-0.00725217
-0.00718451
-0.00711486
-0.0070488
-0.00695024
-0.00690182
-0.00685728
-0.00680486
-0.00674974
-0.00669517
-0.00664115
-0.00658769
-0.00653477
-0.00648239
-0.00643055
-0.00637925
-0.00632847
-0.00627823
-0.00622851
-0.00617931
-0.00613062
-0.00608246
-0.0060348
-0.00598764
-0.00594099
-0.00589485
-0.00584919
-0.00580403
-0.00575935
-0.00571515
-0.00567148
-0.00562832
-0.00558566
-0.0055435
-0.00550164
-0.00546019
-0.00541913
-0.00537847
-0.0053383
-0.00529864
-0.00525946
-0.00522074
-0.00518248
-0.00514468
-0.00510731
-0.00507041
-0.00503396
-0.00499795
-0.00496237
-0.0049272
-0.00489245
-0.00485811
-0.00482418
-0.00479075
-0.00474799
-0.00469659
-0.00465336
-0.00462125
-0.00458952
-0.00455819
-0.00452723
-0.00449665
-0.00446644
-0.00443661
-0.00440715
-0.00437805
-0.00434932
-0.00432096
-0.00429295
-0.0042653
-0.004238
-0.00421105
-0.00418445
-0.0041582
-0.00413229
-0.00410671
-0.00408148
-0.00405658
-0.00403202
-0.00401497
-0.00399099
-0.00396722
-0.00394371
-0.00392044
-0.00389743
-0.00387388
-0.0038514
-0.0038297
-0.00380865
-0.00378823
-0.00376811
-0.00374811
-0.00372842
-0.0037087
-0.00368924
-0.00367007
-0.00365116
-0.00363253
-0.00361417
-0.00359608
-0.00357826
-0.0035607
-0.0035434
-0.00352607
-0.00352095
-0.00352516
-0.00351521
-0.00349928
-0.00348363
-0.00346823
-0.00345311
-0.00343825
-0.00342364
-0.00340929
-0.0033952
-0.00338137
-0.00336779
-0.00335446
-0.00334138
-0.00332855
-0.00331597
-0.00330364
-0.00329155
-0.00327971
-0.00326812
-0.00325676
-0.00324564
-0.00323477
-0.00322413
-0.00321372
-0.00320369
-0.00319402
-0.00318471
-0.00317473
-0.00316466
-0.00315446
-0.00314412
-0.00313362
-0.00312295
-0.0031121
-0.00310106
-0.00308982
-0.00307821
-0.00306783
-0.00305844
-0.0030501
-0.00304238
-0.0030353
-0.00302891
-0.00302324
-0.00301833
-0.00301424
-0.00300968
-0.00300476
-0.002964
-0.00288713
-0.00281429
-0.00276907
-0.00272495
-0.00272346
-0.00272068
-0.00271449
-0.00270849
-0.00270266
-0.002697
-0.00269153
-0.00268623
-0.00268112
-0.0026762
-0.00267147
-0.00266694
-0.00266262
-0.00265851
-0.00265461
-0.00265094
-0.0026475
-0.00264429
-0.00264132
-0.0026386
-0.00265076
-0.00264769
-0.00264508
-0.00263633
-0.00262862
-0.00262592
-0.00262773
-0.0026328
-0.00264042
-0.00265026
-0.0026622
-0.00267617
-0.00269216
-0.00270811
-0.00271903
-0.00272912
-0.00273833
-0.00274658
-0.00275382
-0.00275997
-0.00276493
-0.00276861
-0.00276513
-0.00276504
-0.00276577
-0.0027587
-0.00284348
-0.00292212
-0.00296134
-0.00296882
-0.00297769
-0.00298705
-0.00299697
-0.00300744
-0.00301848
-0.00303007
-0.00304223
-0.00305486
-0.00306792
-0.00308137
-0.00309515
-0.0031092
-0.00312345
-0.00313778
-0.00315214
-0.00316638
-0.00318041
-0.00319412
-0.00320737
-0.00322007
-0.00323118
-0.00324288
-0.00325407
-0.00326462
-0.00327446
-0.00328074
-0.00328515
-0.00328763
-0.00328813
-0.0032866
-0.00328385
-0.00327975
-0.00327407
-0.00326684
-0.00325802
-0.00324763
-0.00323571
-0.0032223
-0.00320748
-0.00319131
-0.0031739
-0.00315534
-0.00313574
-0.00311518
-0.00309376
nan
-nan
nan
-nan
nan
-nan
nan
-nan
nan
-nan
nan
-nan
nan
-nan
nan
-nan
nan
-nan
nan
-nan
nan
-nan
nan
-nan
nan
-nan
nan
-nan
nan
-nan
nan
-nan
nan
-nan
nan
-nan
nan
-nan
nan
-nan
nan
-nan
nan
-nan
nan
-nan
nan
-nan
nan
-nan
nan
-nan
nan
-nan
nan
-nan
nan
-nan
nan
-nan
nan
-nan
nan
-nan
nan
-nan
nan
-nan
nan
-nan
nan
-nan
nan
-nan
nan
-nan
nan
-nan
nan
-nan
nan
-nan
nan
-nan
nan
-nan
nan
-nan
nan
-nan
nan
-nan
nan
-nan
nan
-nan
nan
-nan
nan
-nan
nan
-nan
nan
-nan
nan
-nan
nan
-nan
nan
-nan
nan
-nan
nan
-nan
nan
-nan
nan
-nan
nan
-nan
nan
-nan
nan
-nan
nan
-nan
nan
-nan
nan
-nan
nan
-nan
nan
-nan
nan
-nan
nan
-nan
nan
-nan
nan
-nan
nan
-nan
nan
-nan
nan
-nan
nan
-nan
nan
-nan
nan
-nan
nan
-nan
nan
-nan
nan
-nan
nan
-nan
nan
-nan
nan
-nan
nan
-nan
nan
-nan
nan
-nan
nan
-nan
nan
-nan
nan
-nan
nan
-nan
nan
-nan
nan
-nan
nan
-nan
nan
-nan
nan
-nan
nan
-nan
nan
-nan
nan
-nan
nan
-nan
nan
-nan
nan
-nan
nan
-nan
nan
-nan
nan
-nan
nan
-nan
nan
-nan
nan
-nan
nan
-nan
nan
-nan
nan
-nan
nan
-nan
nan
-nan
nan
-nan
nan
-nan
nan
-nan
nan
-nan
nan
-nan
nan
-nan
nan
-nan
nan
-nan
nan
-nan
nan
-nan
nan
-nan
nan
-nan
nan
-nan
