0
-0.00300436
-0.0063105
-0.00872838
-0.0105422
-0.0117294
-0.0124063
-0.0125769
-0.0122622
-0.0116457
-0.010812
-0.00977585
-0.00871961
-0.00816355
-0.0081195
-0.00851468
-0.00901704
-0.00963172
-0.0103619
-0.0112063
-0.0121634
-0.0132318
-0.0143847
-0.015618
-0.016954
-0.0183778
-0.0198789
-0.021391
-0.0228397
-0.0242792
-0.0257032
-0.0271145
-0.0285499
-0.0298937
-0.0311741
-0.0323896
-0.0335396
-0.0346243
-0.0356436
-0.0365975
-0.037486
-0.0383092
-0.0390669
-0.0397592
-0.0403869
-0.0409482
-0.0414438
-0.0418736
-0.0422376
-0.0425362
-0.0427685
-0.04295
-0.0430871
-0.0431662
-0.0431795
-0.0431229
-0.0429945
-0.0427934
-0.0425213
-0.0421779
-0.0417629
-0.0412759
-0.0407167
-0.0400847
-0.0393795
-0.0386006
-0.0377473
-0.036819
-0.0358148
-0.0347339
-0.0335754
-0.0323381
-0.031021
-0.0296226
-0.0281417
-0.0265766
-0.024924
-0.0231925
-0.0213821
-0.0194896
-0.0175119
-0.0155388
-0.0137882
-0.0121129
-0.0105142
-0.00902632
-0.00764325
-0.00636415
-0.00518838
-0.00411426
-0.00314252
-0.002252
-0.001441
-0.000709876
-5.8932e-05
0.000526452
0.00105906
0.00153883
0.00196572
0.00233964
0.00266044
0.00277706
0.00250495
0.00237549
0.00257448
0.00285596
0.00317285
0.00352413
0.00390782
0.00432216
0.00476577
0.00523751
0.00573643
0.00626173
0.00681269
0.00738869
0.00798917
0.0086136
0.00926154
0.00993257
0.0106264
0.0113426
0.0120811
0.0128418
0.0136161
0.0143951
0.0151773
0.0159637
0.0167451
0.0175301
0.018323
0.019126
0.0198656
0.0205583
0.0211959
0.0217826
0.022336
0.0228559
0.0233416
0.0237918
0.024205
0.0247144
0.0253032
0.0259708
0.0267172
0.0275422
0.028443
0.0294201
0.0304745
0.031607
0.0327402
0.0335188
0.0343477
0.0352183
0.0360776
0.0369555
0.0378442
0.0387405
0.0396426
0.0405496
0.0414611
0.042377
0.043297
0.0442212
0.0451496
0.046082
0.0470185
0.047959
0.0489035
0.0498518
0.050804
0.0517599
0.0527194
0.0536823
0.0546486
0.055618
0.0565904
0.0575658
0.0585438
0.059524
0.0605062
0.0614385
0.0623948
0.0633652
0.064344
0.0653293
0.0663186
0.06731
0.0683026
0.069296
0.0702897
0.0712837
0.0722767
0.0732688
0.0742601
0.0752505
0.0762399
0.0772278
0.078214
0.0791979
0.0801792
0.0811551
0.082126
0.0830997
0.0840769
0.0850527
0.0860279
0.0870029
0.0879779
0.0889532
0.089929
0.0909055
0.0918827
0.0928607
0.0938397
0.0948196
0.0958005
0.0967824
0.0977653
0.0987492
0.0997339
0.100719
0.101706
0.102692
0.10368
0.104667
0.105649
0.106642
0.107632
0.108622
0.10961
0.110599
0.111556
0.11253
0.113516
0.11451
0.11551
0.116505
0.117496
0.118487
0.119471
0.120457
0.121444
0.122431
0.123419
0.124407
0.125394
0.12638
0.127366
0.12835
0.129332
0.130296
0.131269
0.132246
0.133225
0.134204
0.135185
0.136166
0.137148
0.138131
0.139116
0.140102
0.141091
0.142081
0.143073
0.144066
0.145062
0.14606
0.147061
0.148063
0.149067
0.150073
0.151081
0.152091
0.153102
0.154115
0.15513
0.156146
0.157164
0.158182
0.159092
0.16005
0.161035
0.162036
0.163046
0.16406
0.165078
0.166098
0.167118
0.16814
0.169163
0.170186
0.171209
0.172229
0.173247
0.174262
0.175275
0.176286
0.177293
0.178294
0.179291
0.180248
0.181168
0.182092
0.183044
0.184007
0.184947
0.185947
0.186953
0.187951
0.188944
0.189934
0.190923
0.191912
0.192901
0.193889
0.194877
0.195866
0.196855
0.197843
0.198832
0.199821
0.200809
0.201798
0.202786
0.203774
0.204735
0.205738
0.206733
0.207562
0.208447
0.209374
0.210307
0.211241
0.212174
0.213103
0.214026
0.214943
0.215852
0.216765
0.217739
0.218713
0.219687
0.22066
0.221634
0.222609
0.223584
0.224559
0.225602
0.226594
0.227537
0.228185
0.229092
0.230002
0.23095
0.231921
0.232892
0.233866
0.234838
0.23581
0.236783
0.237757
0.238732
0.239709
0.240689
0.241671
0.242658
0.243649
0.244644
0.245644
0.24665
0.247661
0.248678
0.249702
0.250731
0.251766
0.252808
0.253855
0.254908
0.255966
0.257029
0.258031
0.259064
0.260117
0.261183
0.262258
0.26334
0.264426
0.265515
0.266606
0.267696
0.268785
0.269873
0.270958
0.27204
0.273117
0.27419
0.275257
0.276317
0.277371
0.278418
0.275597
0.271039
0.264943
0.258737
0.252345
0.245713
0.238877
0.230996
0.223363
0.2157
0.207862
0.199827
0.191205
0.184297
0.176147
0.167368
0.158045
0.14925
0.140369
0.130729
0.121077
0.112062
0.103102
0.0972751
0.0923352
0.0864916
0.0815914
0.0777525
0.0747513
0.0748843
0.075701
0.07751
0.0802027
0.0839654
0.0889154
0.0950804
0.102469
0.110535
0.120352
0.131032
0.142203
0.154799
0.168328
0.182938
0.198023
0.21225
0.225342
0.238252
0.251149
0.264136
0.276883
0.290769
0.305111
0.319744
0.333532
0.347012
0.360071
0.373891
0.386922
0.400485
0.414279
0.42911
0.444473
0.459965
0.475522
0.491123
0.507158
0.523368
0.53976
0.556269
0.573001
0.589851
0.606145
0.62276
0.639445
0.656037
0.672434
0.688833
0.705007
0.720917
0.736826
0.752414
0.767764
0.769922
0.771943
0.773764
0.775719
0.777412
0.778847
0.7801
0.781575
0.783444
0.785423
0.787243
0.788805
0.790088
0.791091
0.791813
0.792271
0.792468
0.792402
0.792073
0.791483
0.790632
0.789528
0.78817
0.786556
0.784689
0.782568
0.780192
0.777563
0.77468
0.771545
0.768157
0.764517
0.760626
0.756485
0.752096
0.74746
0.742579
0.737457
0.732097
0.726538
0.720779
0.718881
0.71788
0.717047
0.716215
0.715345
0.7145
0.713679
0.712504
0.711471
0.710349
0.709175
0.708097
0.707109
0.706183
0.705362
0.704468
0.703516
0.702581
0.701662
0.700758
0.699868
0.698993
0.69813
0.69728
0.696442
0.695614
0.694796
0.693988
0.693188
0.692396
0.691612
0.690834
0.690104
0.68953
0.689113
0.688852
0.688747
0.688754
0.68876
0.688767
0.688774
0.688781
0.688788
0.688794
0.688801
0.688808
0.688815
0.688821
0.688828
0.688835
0.688841
0.688848
0.688855
0.688861
0.688868
0.688875
0.688881
0.688888
0.688894
0.688901
0.688907
0.688914
0.68892
0.688927
0.688933
0.68894
0.688946
0.688952
0.688959
0.688965
0.688972
0.688978
0.688984
0.688991
0.688997
0.689003
0.68901
0.689016
0.689022
0.689029
0.689035
0.689041
0.689047
0.689054
0.68906
0.689066
0.689072
0.689079
0.689085
0.689091
0.689097
0.689103
0.689109
0.689116
0.689122
0.689128
0.689134
0.68914
0.689146
0.689152
0.689158
0.689164
0.68917
0.689176
0.689182
0.689188
0.689194
0.689201
0.689207
0.689212
0.689218
0.689224
0.68923
0.689236
0.689242
0.689248
0.689254
0.68926
0.689266
0.689272
0.689277
0.689283
0.689289
0.689295
0.689301
0.689307
