-0.0355023
-0.0298261
-0.023928
-0.0239225
-0.0239118
-0.0239102
-0.0241361
-0.0241637
-0.0264711
-0.0265088
-0.0265568
-0.0266047
-0.026652
-0.026702
-0.0267526
-0.0271519
-0.0273674
-0.0274861
-0.0275525
-0.0275905
-0.0276134
-0.0276285
-0.0276417
-0.0276527
-0.0276616
-0.0276719
-0.0276825
-0.0276718
-0.0276689
-0.0276668
-0.0276655
-0.0276651
-0.0276653
-0.0276605
-0.0276567
-0.0276537
-0.0276513
-0.0276495
-0.0276481
-0.0276471
-0.0276465
-0.0276462
-0.027646
-0.0276461
-0.0276508
-0.027651
-0.0276514
-0.0276517
-0.027652
-0.0276551
-0.0258135
-0.0247082
-0.0230871
-0.0212322
-0.0192943
-0.0173532
-0.0154504
-0.0136068
-0.0118315
-0.0101273
-0.008494
-0.0069295
-0.00543102
-0.00399547
-0.00261979
-0.00130104
-3.64929e-05
0.00117628
0.00233944
0.00345485
0.00452406
0.00554833
0.0065286
0.00746558
0.0083596
0.00921068
0.00965433
0.00995489
0.0101249
0.0102231
0.0102817
0.010302
0.010305
0.0103085
0.0103125
0.0103165
0.0103217
0.0103271
0.0103327
0.0103335
0.0103341
0.0103346
0.010335
0.0103353
0.0103354
0.0103354
0.0103352
0.0103349
0.0103345
0.0103339
-0.0277514
-0.0277444
-0.0258443
-0.0218711
-0.0169444
-0.0122814
-0.00799115
-0.0039934
-0.000239444
0.00330179
0.00665145
0.00982504
0.0128347
0.0156906
0.0184015
0.0209754
0.0234197
0.025741
0.0279457
0.0300398
0.0320289
0.0339183
0.0357129
0.0374174
0.0390364
0.0405744
0.0406267
0.041435
0.0418752
0.0421145
0.042245
0.042318
0.0423179
0.0423177
0.042317
0.0423192
0.0423203
0.0423207
0.0423207
0.0423206
0.0423203
0.04232
0.0423198
0.0423196
0.0423195
0.0423194
0.0423195
0.0423196
0.0423198
0.0423201
0.00936544
0.0106867
0.0146713
0.0195121
0.024379
0.0291459
0.0337492
0.0381641
0.0423816
0.0464013
0.0502273
0.0538663
0.0573256
0.0606134
0.0637376
0.066706
0.0695264
0.072206
0.0747518
0.0771704
0.0794683
0.0816514
0.0837254
0.0856959
0.087568
0.0893466
0.090322
0.0908606
0.0911585
0.0913234
0.0914148
0.0914146
0.0914145
0.0914145
0.0914145
0.0914145
0.0914145
0.0914146
0.0914146
0.0914147
0.0914148
0.0914148
0.0914149
0.0914149
0.091415
0.091415
0.0914151
0.0914151
0.0914152
0.0914153
0.0422395
0.0450954
0.0493654
0.0543002
0.0594841
0.0646735
0.0697501
0.0746544
0.0793588
0.0838532
0.088137
0.0922144
0.0960925
0.0997792
0.103283
0.106613
0.109776
0.112782
0.115638
0.118351
0.120928
0.123377
0.125704
0.127915
0.130015
0.13201
0.132088
0.133154
0.133741
0.134065
0.134244
0.134343
0.134343
0.134342
0.134342
0.134342
0.134342
0.134345
0.134347
0.134347
0.134348
0.134348
0.134348
0.134348
0.134348
0.134348
0.134348
0.134349
0.134349
0.134349
0.0913258
0.0942592
0.0986697
0.103767
0.109108
0.114455
0.119686
0.124738
0.129585
0.134216
0.138629
0.14283
0.146825
0.150623
0.154233
0.157663
0.160922
0.164018
0.16696
0.169755
0.17241
0.174933
0.17733
0.179607
0.18177
0.183825
0.184952
0.185574
0.185918
0.186108
0.186107
0.186107
0.186107
0.186107
0.186107
0.186107
0.186107
0.186107
0.186107
0.186107
0.186107
0.186107
0.186108
0.186108
0.186108
0.186108
0.186108
0.186108
0.186109
0.186109
0.134128
0.136942
0.141458
0.146637
0.152097
0.157561
0.16301
0.168187
0.173161
0.177919
0.182456
0.186777
0.190887
0.194795
0.198509
0.202039
0.205392
0.208579
0.211606
0.214483
0.217215
0.219811
0.222278
0.224621
0.226848
0.228963
0.228884
0.230046
0.230726
0.230725
0.230724
0.230724
0.230724
0.230724
0.230724
0.230724
0.230723
0.230723
0.230723
0.230724
0.230724
0.230724
0.230724
0.230724
0.230724
0.230725
0.230725
0.230725
0.230724
0.230724
0.18519
0.187594
0.192072
0.197258
0.202754
0.208299
0.213724
0.218964
0.223991
0.228793
0.23337
0.237726
0.24187
0.245808
0.249551
0.253108
0.256488
0.259699
0.26275
0.265649
0.268404
0.271021
0.273507
0.27587
0.278115
0.280248
0.281419
0.282066
0.282424
0.282623
0.282733
0.282733
0.282733
0.282733
0.282733
0.282733
0.282733
0.282733
0.282734
0.282734
0.282734
0.282734
0.282734
0.282734
0.282734
0.282734
0.282734
0.282734
0.282734
0.282734
0.229906
0.229385
0.22885
0.226627
0.224417
0.222214
0.220039
0.217846
0.215681
0.213542
0.211383
0.209189
0.206905
0.204987
0.202627
0.201849
0.200965
0.202375
0.203566
0.204898
0.206544
0.207192
0.20653
0.205598
0.20458
0.203388
0.202221
0.201027
0.199816
0.198522
0.197176
0.195758
0.194317
0.192869
0.191452
0.190075
0.188767
0.187455
0.184373
0.182938
0.180986
0.178839
0.177857
0.17659
0.175789
0.173454
0.171593
0.170862
0.16946
0.167611
0.155922
0.155404
0.156392
0.157857
0.15966
0.16179
0.164075
0.16696
0.170236
0.17242
0.174453
0.176358
0.179161
0.18251
0.186056
0.190538
0.194978
0.199182
0.203368
0.207602
0.212079
0.216396
0.220752
0.225044
0.229555
0.234646
0.239606
0.244467
0.249785
0.254973
0.259897
0.264973
0.269597
0.273902
0.272124
0.270183
0.267673
0.266839
0.266232
0.265403
0.264421
0.263964
0.264093
0.264513
0.264854
0.265088
0.26521
0.265215
0.265101
0.264881
0.183095
0.182514
0.181849
0.1811
0.180266
0.179343
0.178339
0.177256
0.176096
0.174865
0.173564
0.1722
0.170778
0.169303
0.167783
0.166226
0.164638
0.163031
0.161414
0.159797
0.158194
0.156615
0.155076
0.153601
0.152204
0.150706
0.150572
0.150527
0.150498
0.150462
0.150428
0.150394
0.15036
0.150343
0.150307
0.150266
0.150227
0.150189
0.150154
0.150288
0.150335
0.150299
0.150264
0.15023
0.150197
0.150164
0.150132
0.150101
0.15007
0.15004
0.224386
0.224224
0.224063
0.223905
0.223748
0.223594
0.22344
0.223297
0.223185
0.223103
0.223052
0.223031
0.223032
0.223034
0.223035
0.223036
0.223038
0.223039
0.22304
0.223042
0.223043
0.223044
0.223046
0.223047
0.223048
0.22305
0.223051
0.223052
0.223053
0.223055
0.223056
0.223057
0.223059
0.22306
0.223061
0.223062
0.223064
0.223065
0.223066
0.223068
0.223069
0.22307
0.223071
0.223073
0.223074
0.223075
0.223076
0.223078
0.223079
0.22308
0.149782
0.149782
0.149782
0.149783
0.149783
0.149783
0.149783
0.149783
0.149784
0.149784
0.149784
0.149784
0.149785
0.149785
0.149785
0.149785
0.149786
0.149786
0.149786
0.149786
0.149786
0.149787
0.149787
0.149787
0.149787
0.149788
0.149788
0.149788
0.149788
0.149788
0.149789
0.149789
0.149789
0.149789
0.14979
0.14979
0.14979
0.14979
0.149791
0.149791
0.149791
0.149791
0.149791
0.149792
0.149792
0.149792
0.149792
0.149792
0.149793
0.149793
0.223142
