-0.0355023
-0.0281184
-0.0281153
-0.0280802
-0.0300584
-0.0325042
-0.0346901
-0.0359782
-0.0359519
-0.0351104
-0.0334748
-0.0310311
-0.0282337
-0.0264336
-0.0256496
-0.0256552
-0.0256585
-0.0256621
-0.0256657
-0.0256693
-0.0256726
-0.0256758
-0.0256816
-0.0256875
-0.0256923
-0.0256983
-0.0257039
-0.0256873
-0.0256933
-0.0257185
-0.025741
-0.0257619
-0.0257818
-0.0257823
-0.0257831
-0.0257844
-0.0257859
-0.0257876
-0.0257895
-0.0257916
-0.0257937
-0.0257959
-0.0257981
-0.0258004
-0.0258027
-0.0258048
-0.0258068
-0.0258086
-0.0258104
-0.025812
-0.0276582
-0.0276589
-0.0276573
-0.0276545
-0.0276513
-0.027648
-0.0276448
-0.0276418
-0.0276391
-0.0276365
-0.0276341
-0.027632
-0.02763
-0.0276282
-0.0276266
-0.0276252
-0.0276239
-0.0276229
-0.0276221
-0.0276215
-0.0276212
-0.0276212
-0.0276215
-0.0276222
-0.0276234
-0.0276251
-0.027628
-0.02763
-0.0276316
-0.0276331
-0.0276346
-0.0276527
-0.0276763
-0.0276934
-0.0277071
-0.0277191
-0.02773
-0.0277406
-0.0277512
-0.0277508
-0.0277501
-0.0277495
-0.0277491
-0.0277488
-0.0277487
-0.0277488
-0.027749
-0.0277494
-0.0277499
-0.0277506
0.0103333
0.0103183
0.00915103
0.00917087
0.00918995
0.00920758
0.0092242
0.00923994
0.00925487
0.00926906
0.00928257
0.00929542
0.00930766
0.00931932
0.00933042
0.00934098
0.00935102
0.00936056
0.0093696
0.00937816
0.00938624
0.00939384
0.00940096
0.00940758
0.00941365
0.00941892
0.00942092
0.00942639
0.00943113
0.00943509
0.0094379
0.00943914
0.00939738
0.00937435
0.00936338
0.00936498
0.00936579
0.00936613
0.0093662
0.00936611
0.00936592
0.00936574
0.0093656
0.0093655
0.00936547
0.00936551
0.00936561
0.0093658
0.00936605
0.00936637
0.0423191
0.0423239
0.0423352
0.04235
0.0423534
0.0423534
0.0423534
0.0423534
0.0423534
0.0423534
0.0423534
0.0423534
0.0423534
0.0423534
0.0423534
0.0423534
0.0423534
0.0423534
0.0423534
0.0423534
0.0423534
0.0423534
0.0423534
0.0423534
0.0423534
0.0423534
0.0423534
0.0423534
0.0423534
0.0423534
0.0423534
0.0423026
0.0422745
0.0422589
0.0422503
0.0422455
0.0422429
0.0422414
0.0422405
0.04224
0.04224
0.04224
0.0422399
0.0422399
0.0422398
0.0422397
0.0422397
0.0422396
0.0422396
0.0422395
0.0914153
0.0914219
0.0914345
0.0914418
0.0914418
0.0914418
0.0914419
0.0914419
0.0914419
0.0914419
0.091442
0.091442
0.091442
0.0914421
0.0914421
0.0914421
0.0914422
0.0914422
0.0914423
0.0914423
0.0914424
0.0914424
0.0914425
0.0914425
0.0914426
0.0914427
0.0914392
0.0914392
0.0914393
0.0914394
0.0914394
0.0914395
0.0913853
0.0913556
0.0913393
0.0913305
0.0913258
0.091326
0.091326
0.0913254
0.0913255
0.0913255
0.0913256
0.0913256
0.0913256
0.0913257
0.0913257
0.0913257
0.0913258
0.0913258
0.134349
0.134354
0.134363
0.134365
0.134365
0.134365
0.134365
0.134365
0.134365
0.134365
0.134365
0.134365
0.134365
0.134365
0.134365
0.134365
0.134365
0.134365
0.134365
0.134365
0.134365
0.134365
0.134365
0.134365
0.134365
0.134365
0.134365
0.134365
0.134365
0.134365
0.13426
0.134201
0.134169
0.134151
0.134141
0.134135
0.134132
0.13413
0.134129
0.134129
0.134129
0.134129
0.134129
0.134129
0.134129
0.134129
0.134129
0.134129
0.134129
0.134128
0.186109
0.186094
0.186064
0.186034
0.186016
0.186019
0.186019
0.186018
0.186018
0.186018
0.186018
0.186018
0.186018
0.186018
0.186018
0.186018
0.186018
0.186018
0.186018
0.186018
0.186018
0.186018
0.186018
0.186019
0.186019
0.186019
0.186015
0.186015
0.186015
0.185716
0.185476
0.185344
0.185271
0.185232
0.185211
0.1852
0.185194
0.185191
0.18519
0.18519
0.18519
0.18519
0.18519
0.185191
0.185191
0.185191
0.185191
0.185191
0.18519
0.18519
0.230725
0.230074
0.230039
0.230008
0.229998
0.229998
0.229998
0.229998
0.229998
0.229998
0.229998
0.229998
0.229998
0.229998
0.229998
0.229998
0.229998
0.229998
0.229998
0.229998
0.229998
0.229998
0.229998
0.229998
0.229998
0.229998
0.229998
0.229998
0.229998
0.229998
0.229998
0.229936
0.229902
0.229884
0.229874
0.229869
0.229867
0.229867
0.229868
0.22987
0.229872
0.229875
0.229878
0.229881
0.229885
0.229888
0.229892
0.229896
0.229899
0.229903
0.282734
0.281993
0.280271
0.279326
0.276491
0.273481
0.27023
0.266673
0.264152
0.259953
0.255328
0.251868
0.25013
0.249516
0.25033
0.249746
0.254261
0.265594
0.276823
0.288073
0.299247
0.310244
0.318386
0.32567
0.321781
0.315295
0.307375
0.297929
0.28693
0.275432
0.266161
0.258689
0.252683
0.246639
0.240632
0.234608
0.228637
0.222717
0.215406
0.209684
0.203863
0.193514
0.184773
0.178367
0.17333
0.167913
0.163805
0.161618
0.159321
0.157084
0.16646
0.165701
0.16643
0.167254
0.168176
0.16923
0.170389
0.170224
0.171295
0.171052
0.170485
0.169713
0.16979
0.170414
0.171244
0.172544
0.17442
0.175799
0.177185
0.178579
0.180236
0.181635
0.183042
0.184514
0.185832
0.188195
0.189496
0.190796
0.193504
0.194776
0.196141
0.198649
0.199897
0.201432
0.198665
0.195692
0.192051
0.190469
0.18925
0.187818
0.186242
0.185273
0.184951
0.184969
0.184924
0.184809
0.184621
0.184354
0.184006
0.183591
0.264544
0.264089
0.263516
0.262824
0.262014
0.261084
0.260041
0.258885
0.257619
0.256246
0.25477
0.253195
0.251524
0.249764
0.24792
0.245998
0.244005
0.24195
0.239841
0.237687
0.235499
0.233287
0.231063
0.228856
0.226677
0.226887
0.227257
0.22722
0.227068
0.226882
0.226703
0.226528
0.227153
0.227079
0.226889
0.226658
0.226443
0.226241
0.226052
0.226211
0.226166
0.225973
0.225783
0.225598
0.225416
0.225237
0.225061
0.224888
0.224718
0.224551
0.15001
0.149981
0.149953
0.149925
0.149897
0.14987
0.149844
0.149819
0.149799
0.149785
0.149776
0.149773
0.149773
0.149773
0.149773
0.149774
0.149774
0.149774
0.149774
0.149775
0.149775
0.149775
0.149775
0.149776
0.149776
0.149776
0.149776
0.149777
0.149777
0.149777
0.149777
0.149777
0.149778
0.149778
0.149778
0.149778
0.149779
0.149779
0.149779
0.149779
0.14978
0.14978
0.14978
0.14978
0.14978
0.149781
0.149781
0.149781
0.149781
0.149782
0.223081
0.223083
0.223084
0.223085
0.223086
0.223088
0.223089
0.22309
0.223091
0.223093
0.223094
0.223095
0.223096
0.223098
0.223099
0.2231
0.223101
0.223102
0.223104
0.223105
0.223106
0.223107
0.223109
0.22311
0.223111
0.223112
0.223113
0.223115
0.223116
0.223117
0.223118
0.223119
0.223121
0.223122
0.223123
0.223124
0.223125
0.223126
0.223128
0.223129
0.22313
0.223131
0.223132
0.223133
0.223135
0.223136
0.223137
0.223138
0.223139
0.22314
0.149793
