0
0
0
0
0
0
0
0
0
0
0
0
0
0
0
0
0
0
0
0
0
0
0
0
0
0
0
0
0
0
0
0
0
0
0
0
0
0
0
0
0
0
0
0
0
0
0
0
0
0
0.0025
0.004875
0.00713125
0.00927469
0.011311
0.0132454
0.0150831
0.016829
0.0184875
0.0200632
0.02156
0.022982
0.0243329
0.0256163
0.0268354
0.0279937
0.029094
0.0301393
0.0311323
0.0320757
0.0329719
0.0338233
0.0346322
0.0354005
0.0361305
0.0361305
0.0361305
0.0361305
0.0361305
0.0361305
0.0361305
0.0361305
0.0361305
0.0361305
0.0361305
0.0361305
0.0361305
0.0361305
0.0361305
0.0361305
0.0361305
0.0361305
0.0361305
0.0361305
0.0361305
0.0361305
0.0361305
0.0361305
0.0361305
0
0.005
0.00975
0.0142625
0.0185494
0.0226219
0.0264908
0.0301663
0.033658
0.0369751
0.0401263
0.04312
0.045964
0.0486658
0.0512325
0.0536709
0.0559873
0.058188
0.0602786
0.0622646
0.0641514
0.0659438
0.0676466
0.0692643
0.0708011
0.072261
0.072261
0.072261
0.072261
0.072261
0.072261
0.072261
0.072261
0.072261
0.072261
0.072261
0.072261
0.072261
0.072261
0.072261
0.072261
0.072261
0.072261
0.072261
0.072261
0.072261
0.072261
0.072261
0.072261
0.072261
0.0361305
0.041824
0.0472328
0.0523712
0.0572526
0.06189
0.0662955
0.0704807
0.0744567
0.0782338
0.0818221
0.085231
0.0884695
0.091546
0.0944687
0.0972453
0.099883
0.102389
0.104769
0.107031
0.109179
0.11122
0.113159
0.115001
0.116751
0.118414
0.118414
0.118414
0.118414
0.118414
0.118414
0.118414
0.118414
0.118414
0.118414
0.118414
0.118414
0.118414
0.118414
0.118414
0.118414
0.118414
0.118414
0.118414
0.118414
0.118414
0.118414
0.118414
0.118414
0.118414
0.072261
0.078648
0.0847156
0.0904798
0.0959558
0.101158
0.1061
0.110795
0.115255
0.119493
0.123518
0.127342
0.130975
0.134426
0.137705
0.14082
0.143779
0.14659
0.14926
0.151797
0.154207
0.156497
0.158672
0.160739
0.162702
0.164567
0.164567
0.164567
0.164567
0.164567
0.164567
0.164567
0.164567
0.164567
0.164567
0.164567
0.164567
0.164567
0.164567
0.164567
0.164567
0.164567
0.164567
0.164567
0.164567
0.164567
0.164567
0.164567
0.164567
0.164567
0.118414
0.124993
0.131243
0.137181
0.142822
0.148181
0.153272
0.158108
0.162703
0.167068
0.171214
0.175154
0.178896
0.182451
0.185829
0.189037
0.192085
0.194981
0.197732
0.200345
0.202828
0.205187
0.207427
0.209556
0.211578
0.213499
0.213499
0.213499
0.213499
0.213499
0.213499
0.213499
0.213499
0.213499
0.213499
0.213499
0.213499
0.213499
0.213499
0.213499
0.213499
0.213499
0.213499
0.213499
0.213499
0.213499
0.213499
0.213499
0.213499
0.213499
0.164567
0.171338
0.177771
0.183883
0.189689
0.195204
0.200444
0.205422
0.210151
0.214643
0.218911
0.222965
0.226817
0.230476
0.233952
0.237255
0.240392
0.243373
0.246204
0.248894
0.251449
0.253877
0.256183
0.258374
0.260455
0.262432
0.262432
0.262432
0.262432
0.262432
0.262432
0.262432
0.262432
0.262432
0.262432
0.262432
0.262432
0.262432
0.262432
0.262432
0.262432
0.262432
0.262432
0.262432
0.262432
0.262432
0.262432
0.262432
0.262432
0.262432
0.213499
0.220324
0.226808
0.232968
0.238819
0.244378
0.249659
0.254677
0.259443
0.263971
0.268272
0.272358
0.276241
0.279928
0.283432
0.28676
0.289922
0.292926
0.29578
0.298491
0.301066
0.303513
0.305837
0.308046
0.310143
0.312136
0.312136
0.312136
0.312136
0.312136
0.312136
0.312136
0.312136
0.312136
0.312136
0.312136
0.312136
0.312136
0.312136
0.312136
0.312136
0.312136
0.312136
0.312136
0.312136
0.312136
0.312136
0.312136
0.312136
0.312136
0.262432
0.269311
0.275845
0.282053
0.28795
0.293553
0.298875
0.303931
0.308735
0.313298
0.317633
0.321751
0.325664
0.329381
0.332912
0.336266
0.339453
0.34248
0.345356
0.348088
0.350684
0.35315
0.355492
0.357718
0.359832
0.36184
0.36184
0.36184
0.36184
0.36184
0.36184
0.36184
0.36184
0.36184
0.36184
0.36184
0.36184
0.36184
0.36184
0.36184
0.36184
0.36184
0.36184
0.36184
0.36184
0.36184
0.36184
0.36184
0.36184
0.36184
0.312136
0.319029
0.325578
0.331799
0.337709
0.343324
0.348657
0.353725
0.358538
0.363111
0.367456
0.371583
0.375504
0.379229
0.382767
0.386129
0.389322
0.392356
0.395239
0.397977
0.400578
0.403049
0.405396
0.407627
0.409745
0.411758
0.411758
0.411758
0.411758
0.411758
0.411758
0.411758
0.411758
0.411758
0.411758
0.411758
0.411758
0.411758
0.411758
0.411758
0.411758
0.411758
0.411758
0.411758
0.411758
0.411758
0.411758
0.411758
0.411758
0.411758
0.36184
0.368748
0.375311
0.381545
0.387468
0.393095
0.39844
0.403518
0.408342
0.412925
0.417279
0.421415
0.425344
0.429077
0.432623
0.435992
0.439192
0.442233
0.445121
0.447865
0.450472
0.452948
0.455301
0.457536
0.459659
0.461676
0.461676
0.461676
0.461676
0.461676
0.461676
0.461676
0.461676
0.461676
0.461676
0.461676
0.461676
0.461676
0.461676
0.461676
0.461676
0.461676
0.461676
0.461676
0.461676
0.461676
0.461676
0.461676
0.461676
0.461676
0.411758
0.41867
0.425237
0.431475
0.437401
0.443031
0.448379
0.45346
0.458287
0.462873
0.467229
0.471368
0.4753
0.479035
0.482583
0.485954
0.489156
0.492198
0.495088
0.497834
0.500442
0.50292
0.505274
0.50751
0.509635
0.511653
0.511653
0.511653
0.511653
0.511653
0.511653
0.511653
0.511653
0.511653
0.511653
0.511653
0.511653
0.511653
0.511653
0.511653
0.511653
0.511653
0.511653
0.511653
0.511653
0.511653
0.511653
0.511653
0.511653
0.511653
0.461676
0.468592
0.475162
0.481404
0.487334
0.492967
0.498319
0.503403
0.508233
0.512821
0.51718
0.521321
0.525255
0.528992
0.532543
0.535916
0.53912
0.542164
0.545056
0.547803
0.550413
0.552892
0.555248
0.557485
0.559611
0.56163
0.56163
0.56163
0.56163
0.56163
0.56163
0.56163
0.56163
0.56163
0.56163
0.56163
0.56163
0.56163
0.56163
0.56163
0.56163
0.56163
0.56163
0.56163
0.56163
0.56163
0.56163
0.56163
0.56163
0.56163
0.511653
0.51857
