0
0
0
0
0
0
0
0
0
0
0
0
0
0
0
0
0
0
0
0
0
0
0
0
0
0
0
0
0
0
0
0
0
0
0
0
0
0
0
0
0
0
0
0
0
0
0
0
0
0
0
0
0
0
0
0
0
0
0
0
0
0
0
0
0
0
0
0
0
0
0
0
0
0
0
0
0
0
0
0
0
0
0
0
0
0
0
0
0
0
0
0
0
0
0
0
0
0
0
0.0361305
0.0361305
0.0361305
0.0361305
0.0361305
0.0361305
0.0361305
0.0361305
0.0361305
0.0361305
0.0361305
0.0361305
0.0361305
0.0361305
0.0361305
0.0361305
0.0361305
0.0361305
0.0361305
0.0361305
0.0361305
0.0361305
0.0361305
0.0361305
0.0361305
0.0361305
0.0361305
0.0361305
0.0361305
0.0361305
0.0361305
0.0361305
0.0361305
0.0361305
0.0361305
0.0361305
0.0361305
0.0361305
0.0361305
0.0361305
0.0361305
0.0361305
0.0361305
0.0361305
0.0361305
0.0361305
0.0361305
0.0361305
0.0361305
0.0361305
0.072261
0.072261
0.072261
0.072261
0.072261
0.072261
0.072261
0.072261
0.072261
0.072261
0.072261
0.072261
0.072261
0.072261
0.072261
0.072261
0.072261
0.072261
0.072261
0.072261
0.072261
0.072261
0.072261
0.072261
0.072261
0.072261
0.072261
0.072261
0.072261
0.072261
0.072261
0.072261
0.072261
0.072261
0.072261
0.072261
0.072261
0.072261
0.072261
0.072261
0.072261
0.072261
0.072261
0.072261
0.072261
0.072261
0.072261
0.072261
0.072261
0.072261
0.118414
0.118414
0.118414
0.118414
0.118414
0.118414
0.118414
0.118414
0.118414
0.118414
0.118414
0.118414
0.118414
0.118414
0.118414
0.118414
0.118414
0.118414
0.118414
0.118414
0.118414
0.118414
0.118414
0.118414
0.118414
0.118414
0.118414
0.118414
0.118414
0.118414
0.118414
0.118414
0.118414
0.118414
0.118414
0.118414
0.118414
0.118414
0.118414
0.118414
0.118414
0.118414
0.118414
0.118414
0.118414
0.118414
0.118414
0.118414
0.118414
0.118414
0.164567
0.164567
0.164567
0.164567
0.164567
0.164567
0.164567
0.164567
0.164567
0.164567
0.164567
0.164567
0.164567
0.164567
0.164567
0.164567
0.164567
0.164567
0.164567
0.164567
0.164567
0.164567
0.164567
0.164567
0.164567
0.164567
0.164567
0.164567
0.164567
0.164567
0.164567
0.164567
0.164567
0.164567
0.164567
0.164567
0.164567
0.164567
0.164567
0.164567
0.164567
0.164567
0.164567
0.164567
0.164567
0.164567
0.164567
0.164567
0.164567
0.164567
0.213499
0.213499
0.213499
0.213499
0.213499
0.213499
0.213499
0.213499
0.213499
0.213499
0.213499
0.213499
0.213499
0.213499
0.213499
0.213499
0.213499
0.213499
0.213499
0.213499
0.213499
0.213499
0.213499
0.213499
0.213499
0.213499
0.213499
0.213499
0.213499
0.213499
0.213499
0.213499
0.213499
0.213499
0.213499
0.213499
0.213499
0.213499
0.213499
0.213499
0.213499
0.213499
0.213499
0.213499
0.213499
0.213499
0.213499
0.213499
0.213499
0.213499
0.262432
0.262432
0.262432
0.262432
0.262432
0.262432
0.262432
0.262432
0.262432
0.262432
0.262432
0.262432
0.262432
0.262432
0.262432
0.262432
0.262432
0.262432
0.262432
0.262432
0.262432
0.262432
0.262432
0.262432
0.262432
0.262432
0.262432
0.262432
0.262432
0.262432
0.262432
0.262432
0.262432
0.262432
0.262432
0.262432
0.262432
0.262432
0.262432
0.262432
0.262432
0.262432
0.262432
0.262432
0.262432
0.262432
0.262432
0.262432
0.262432
0.262432
0.312136
0.312136
0.312136
0.312136
0.312136
0.312136
0.312136
0.312136
0.312136
0.312136
0.312136
0.312136
0.312136
0.312136
0.312136
0.312136
0.312136
0.312136
0.312136
0.312136
0.312136
0.312136
0.312136
0.312136
0.312136
0.312136
0.312136
0.312136
0.312136
0.312136
0.312136
0.312136
0.312136
0.312136
0.312136
0.312136
0.312136
0.312136
0.312136
0.312136
0.312136
0.312136
0.312136
0.312136
0.312136
0.312136
0.312136
0.312136
0.312136
0.312136
0.36184
0.36184
0.36184
0.36184
0.36184
0.36184
0.36184
0.36184
0.36184
0.36184
0.36184
0.36184
0.36184
0.36184
0.36184
0.36184
0.36184
0.36184
0.36184
0.36184
0.36184
0.36184
0.36184
0.36184
0.36184
0.36184
0.36184
0.36184
0.36184
0.36184
0.36184
0.36184
0.36184
0.36184
0.36184
0.36184
0.36184
0.36184
0.36184
0.36184
0.36184
0.36184
0.36184
0.36184
0.36184
0.36184
0.36184
0.36184
0.36184
0.36184
0.411758
0.411758
0.411758
0.411758
0.411758
0.411758
0.411758
0.411758
0.411758
0.411758
0.411758
0.411758
0.411758
0.411758
0.411758
0.411758
0.411758
0.411758
0.411758
0.411758
0.411758
0.411758
0.411758
0.411758
0.411758
0.411758
0.411758
0.411758
0.411758
0.411758
0.411758
0.411758
0.411758
0.411758
0.411758
0.411758
0.411758
0.411758
0.411758
0.411758
0.411758
0.411758
0.411758
0.411758
0.411758
0.411758
0.411758
0.411758
0.411758
0.411758
0.461676
0.461676
0.461676
0.461676
0.461676
0.461676
0.461676
0.461676
0.461676
0.461676
0.461676
0.461676
0.461676
0.461676
0.461676
0.461676
0.461676
0.461676
0.461676
0.461676
0.461676
0.461676
0.461676
0.461676
0.461676
0.461676
0.461676
0.461676
0.461676
0.461676
0.461676
0.461676
0.461676
0.461676
0.461676
0.461676
0.461676
0.461676
0.461676
0.461676
0.461676
0.461676
0.461676
0.461676
0.461676
0.461676
0.461676
0.461676
0.461676
0.461676
0.511653
0.511653
0.511653
0.511653
0.511653
0.511653
0.511653
0.511653
0.511653
0.511653
0.511653
0.511653
0.511653
0.511653
0.511653
0.511653
0.511653
0.511653
0.511653
0.511653
0.511653
0.511653
0.511653
0.511653
0.511653
0.511653
0.511653
0.511653
0.511653
0.511653
0.511653
0.511653
0.511653
0.511653
0.511653
0.511653
0.511653
0.511653
0.511653
0.511653
0.511653
0.511653
0.511653
0.511653
0.511653
0.511653
0.511653
0.511653
0.511653
0.511653
0.56163
0.56163
