0.000172094
6.01283e-05
-6.89559e-05
-0.000151384
-0.000189446
-0.000188037
-0.000186741
-0.00018553
-0.000230459
-0.000244697
-0.000243101
-0.000241456
-0.000239762
-0.000237976
-0.000236114
-0.000234122
-0.000232137
-0.000230173
-0.00022823
-0.000226309
-0.000224411
-0.000222535
-0.000220676
-0.000218836
-0.000217019
-0.000215223
-0.000213448
-0.000211689
-0.000209948
-0.000208193
-0.000206453
-0.000204728
-0.000203022
-0.00020133
-0.000199646
-0.000197971
-0.000196305
-0.000194667
-0.000193084
-0.00019156
-0.000190099
-0.000188703
-0.00018737
-0.000186098
-0.000184497
-0.000183087
-0.00018171
-0.000180365
-0.000179054
-0.000177769
-0.000175095
-0.000173557
-0.000172032
-0.000170517
-0.000169012
-0.000167514
-0.000166023
-0.000164539
-0.000163061
-0.000161589
-0.000160122
-0.000158659
-0.000157201
-0.000155747
-0.000154295
-0.000152847
-0.000151399
-0.000149953
-0.000148508
-0.000147062
-0.000145615
-0.000144166
-0.000142714
-0.000141259
-0.000139798
-0.000138331
-0.000136856
-0.000135377
-0.000133893
-0.000132402
-0.000130902
-0.000129408
-0.000127967
-0.000126551
-0.000125161
-0.000123804
-0.00012248
-0.000121189
-0.000119932
-0.000118723
-0.000117551
-0.00011641
-0.0001153
-0.000114221
-0.000113175
-0.000112157
-0.000111165
-0.0001102
-0.00010926
-0.000108347
-0.00010746
-0.000106623
-0.000105536
-0.000104641
-0.000103729
-0.000102826
-0.000101935
-0.000101051
-0.000100173
-9.9301e-05
-9.84339e-05
-9.75718e-05
-9.67146e-05
-9.58622e-05
-9.50146e-05
-9.41717e-05
-9.33337e-05
-9.25006e-05
-9.16722e-05
-9.08488e-05
-9.00301e-05
-8.92163e-05
-8.84075e-05
-8.76035e-05
-8.68073e-05
-8.60232e-05
-8.52687e-05
-8.44984e-05
-8.3741e-05
-8.29959e-05
-8.22643e-05
-8.15491e-05
-8.0858e-05
-8.01963e-05
-7.95595e-05
-7.89423e-05
-7.83493e-05
-7.77781e-05
-7.7228e-05
-7.66985e-05
-7.61897e-05
-7.56541e-05
-7.51001e-05
-7.45275e-05
-7.39354e-05
-7.33245e-05
-7.2695e-05
-7.20466e-05
-7.13787e-05
-7.06905e-05
-7.0038e-05
-6.90601e-05
-6.85831e-05
-6.81449e-05
-6.76279e-05
-6.70838e-05
-6.6545e-05
-6.60116e-05
-6.54835e-05
-6.49608e-05
-6.44433e-05
-6.39311e-05
-6.34241e-05
-6.29222e-05
-6.24255e-05
-6.19339e-05
-6.14473e-05
-6.09658e-05
-6.04893e-05
-6.00178e-05
-5.95511e-05
-5.90894e-05
-5.86326e-05
-5.81806e-05
-5.77335e-05
-5.7291e-05
-5.68533e-05
-5.64207e-05
-5.5993e-05
-5.55703e-05
-5.51526e-05
-5.47377e-05
-5.43268e-05
-5.39198e-05
-5.35166e-05
-5.31183e-05
-5.2725e-05
-5.23364e-05
-5.19524e-05
-5.15729e-05
-5.11978e-05
-5.08271e-05
-5.04609e-05
-5.00992e-05
-4.97419e-05
-4.93888e-05
-4.90398e-05
-4.86949e-05
-4.8354e-05
-4.80172e-05
-4.76854e-05
-4.72601e-05
-4.67483e-05
-4.6318e-05
-4.59987e-05
-4.56833e-05
-4.53718e-05
-4.50641e-05
-4.47602e-05
-4.44599e-05
-4.41635e-05
-4.38707e-05
-4.35816e-05
-4.32962e-05
-4.30144e-05
-4.27361e-05
-4.24614e-05
-4.21903e-05
-4.19226e-05
-4.16585e-05
-4.13977e-05
-4.11405e-05
-4.08866e-05
-4.06361e-05
-4.03889e-05
-4.01451e-05
-3.99766e-05
-3.97386e-05
-3.95029e-05
-3.92696e-05
-3.90389e-05
-3.88106e-05
-3.8577e-05
-3.83539e-05
-3.81388e-05
-3.79302e-05
-3.77278e-05
-3.75283e-05
-3.73302e-05
-3.71352e-05
-3.69397e-05
-3.6747e-05
-3.65571e-05
-3.63698e-05
-3.61853e-05
-3.60034e-05
-3.58243e-05
-3.56478e-05
-3.54739e-05
-3.53027e-05
-3.51311e-05
-3.50817e-05
-3.51258e-05
-3.50284e-05
-3.48712e-05
-3.47167e-05
-3.45648e-05
-3.44155e-05
-3.42689e-05
-3.41247e-05
-3.39831e-05
-3.3844e-05
-3.37075e-05
-3.35735e-05
-3.34419e-05
-3.33128e-05
-3.31862e-05
-3.30621e-05
-3.29403e-05
-3.28211e-05
-3.27042e-05
-3.25897e-05
-3.24776e-05
-3.2368e-05
-3.22607e-05
-3.21557e-05
-3.2053e-05
-3.19542e-05
-3.18588e-05
-3.17671e-05
-3.16687e-05
-3.15693e-05
-3.14686e-05
-3.13665e-05
-3.12627e-05
-3.11572e-05
-3.10499e-05
-3.09406e-05
-3.08293e-05
-3.07142e-05
-3.06114e-05
-3.05184e-05
-3.04359e-05
-3.03597e-05
-3.02898e-05
-3.02269e-05
-3.01711e-05
-3.01231e-05
-3.00831e-05
-3.00386e-05
-2.99903e-05
-2.95836e-05
-2.8815e-05
-2.80859e-05
-2.76325e-05
-2.71898e-05
-2.71732e-05
-2.7144e-05
-2.70809e-05
-2.70194e-05
-2.69574e-05
-2.68911e-05
-2.68176e-05
-2.67342e-05
-2.66387e-05
-2.65295e-05
-2.64053e-05
-2.62654e-05
-2.61092e-05
-2.59367e-05
-2.57477e-05
-2.55428e-05
-2.53225e-05
-2.50874e-05
-2.48382e-05
-2.4576e-05
-2.4448e-05
-2.41541e-05
-2.3852e-05
-2.34766e-05
-2.31009e-05
-2.27652e-05
-2.24653e-05
-2.21892e-05
-2.19301e-05
-2.16849e-05
-2.14526e-05
-2.12326e-05
-2.10248e-05
-2.08091e-05
-2.05357e-05
-2.02473e-05
-1.99441e-05
-1.96261e-05
-1.92935e-05
-1.89449e-05
-1.85779e-05
-1.819e-05
-1.77208e-05
-1.72742e-05
-1.68228e-05
-1.62785e-05
-1.6637e-05
-1.6917e-05
-1.67837e-05
-1.63129e-05
-1.58364e-05
-1.53468e-05
-1.48477e-05
-1.43451e-05
-1.38466e-05
-1.33603e-05
-1.28976e-05
-1.24735e-05
-1.21043e-05
-1.18059e-05
-1.15927e-05
-1.1479e-05
-1.14809e-05
-1.16168e-05
-1.18973e-05
-1.23339e-05
-1.29309e-05
-1.36929e-05
-1.46198e-05
-1.57086e-05
-1.69509e-05
-1.8374e-05
-1.99663e-05
-2.17274e-05
-2.36537e-05
-2.57078e-05
-2.78949e-05
-3.02001e-05
-3.26065e-05
-3.50954e-05
-3.76548e-05
-4.02621e-05
-4.28922e-05
-4.55186e-05
-4.8113e-05
-5.06492e-05
-5.31057e-05
-5.54638e-05
-5.77076e-05
-5.98237e-05
-6.17927e-05
-6.3599e-05
-6.52536e-05
-6.67583e-05
-nan
nan
-nan
nan
-nan
nan
-nan
nan
-nan
nan
-nan
nan
-nan
nan
-nan
nan
-nan
nan
-nan
nan
-nan
nan
-nan
nan
-nan
nan
-nan
nan
-nan
nan
-nan
nan
-nan
nan
-nan
nan
-nan
nan
-nan
nan
-nan
nan
-nan
nan
-nan
nan
-nan
nan
-nan
nan
-nan
nan
-nan
nan
-nan
nan
-nan
nan
-nan
nan
-nan
nan
-nan
nan
-nan
nan
-nan
nan
-nan
nan
-nan
nan
-nan
nan
-nan
nan
-nan
nan
-nan
nan
-nan
nan
-nan
nan
-nan
nan
-nan
nan
-nan
nan
-nan
nan
-nan
nan
-nan
nan
-nan
nan
-nan
nan
-nan
nan
-nan
nan
-nan
nan
-nan
nan
-nan
nan
-nan
nan
-nan
nan
-nan
nan
-nan
nan
-nan
nan
-nan
nan
-nan
nan
-nan
nan
-nan
nan
-nan
nan
-nan
nan
-nan
nan
-nan
nan
-nan
nan
-nan
nan
-nan
nan
-nan
nan
-nan
nan
-nan
nan
-nan
nan
-nan
nan
-nan
nan
-nan
nan
-nan
nan
-nan
nan
-nan
nan
-nan
nan
-nan
nan
-nan
nan
-nan
nan
-nan
nan
-nan
nan
-nan
nan
-nan
nan
-nan
nan
-nan
nan
-nan
nan
-nan
nan
-nan
nan
-nan
nan
-nan
nan
-nan
nan
-nan
nan
-nan
nan
-nan
nan
-nan
nan
-nan
nan
-nan
nan
-nan
nan
-nan
nan
-nan
nan
-nan
nan
-nan
nan
-nan
nan
-nan
nan
-nan
nan
-nan
nan
-nan
nan
-nan
nan
-nan
nan
-nan
nan
-nan
nan
-nan
nan
-nan
nan
-nan
nan
-nan
nan
-nan
nan
-nan
nan
-nan
nan
-nan
nan
-nan
