0
-0.0025635
-0.105242
-0.152243
-0.149203
-0.119822
-0.0912551
-0.0548917
-0.0454959
-0.00122288
0.0147816
0.0304304
0.0321957
-0.00491455
-0.043149
-0.0805913
-0.0869949
-0.0948873
-0.103695
-0.112755
-0.121934
-0.131173
-0.137946
-0.144418
-0.153215
-0.160711
-0.167198
-0.166891
-0.160127
-0.158148
-0.155785
-0.153749
-0.155375
-0.145763
-0.138932
-0.132004
-0.125079
-0.118204
-0.111374
-0.104585
-0.097835
-0.0911205
-0.0844386
-0.0777861
-0.0712697
-0.064552
-0.057971
-0.0514058
-0.0448525
-0.0383769
-0.0318311
-0.0162745
0.00283507
0.0149623
0.0233045
0.0297091
0.0351734
0.0401975
0.0448448
0.0494707
0.0541394
0.0588815
0.0637093
0.0686265
0.0736316
0.0787213
0.0838908
0.0891345
0.0944465
0.0998199
0.105247
0.11072
0.116228
0.121761
0.1273
0.132826
0.135305
0.149462
0.160674
0.170694
0.180077
0.179915
0.158442
0.151038
0.143402
0.132371
0.121891
0.111484
0.101134
0.0909818
0.0807342
0.0725648
0.0645719
0.0565456
0.0484936
0.0418815
0.0365264
0.0311633
0.0257945
0.0204165
0.0150255
0.00142576
0.00130154
0.0484852
0.0773494
0.0788434
0.07635
0.0744932
0.0729789
0.0716944
0.0705772
0.0695866
0.0686938
0.0678768
0.0671177
0.0664007
0.0657114
0.065036
0.064361
0.0636723
0.0629551
0.0621933
0.0613686
0.0604596
0.0586063
0.0557215
0.0390837
0.0531903
0.0542029
0.0554819
0.0567811
0.0580294
0.0518158
0.0472631
0.0418312
0.0367805
0.0334241
0.0300374
0.026565
0.0229587
0.0192179
0.0285707
0.0362615
0.0439237
0.0515743
0.0592179
0.0665805
0.07401
0.0815193
0.0891361
0.0891433
0.0761362
0.114137
0.12347
0.123013
0.123014
0.121088
0.118369
0.115336
0.112228
0.10916
0.106179
0.103304
0.100535
0.0978641
0.0952789
0.0927648
0.0903064
0.087887
0.0854893
0.083095
0.0806841
0.0782343
0.0757205
0.0731127
0.0703751
0.0610584
0.0654124
0.0682093
0.0699116
0.0709238
0.0663529
0.0689525
0.0704368
0.0712872
0.0719
0.0722623
0.0724352
0.0725175
0.0725501
0.0725451
0.0725342
0.0724022
0.0722812
0.0721708
0.0720642
0.0719462
0.0718021
0.0716283
0.071422
0.0711803
0.104149
0.13164
0.144099
0.14807
0.147199
0.144271
0.140423
0.136228
0.131969
0.12778
0.12372
0.119807
0.116041
0.112412
0.108904
0.105499
0.102177
0.098918
0.0956997
0.0924991
0.0892904
0.0860447
0.0827284
0.0793008
0.0757111
0.053845
0.0705275
0.0709184
0.071292
0.0715237
0.07164
0.0685062
0.07028
0.0714759
0.0722876
0.0728558
0.0724405
0.0718705
0.0719201
0.071087
0.0711624
0.0712369
0.0712552
0.071236
0.0711891
0.0711186
0.0710255
0.0709095
0.0707697
0.0706041
0.097853
0.122825
0.13373
0.137064
0.13646
0.134022
0.130752
0.127161
0.123503
0.119901
0.116409
0.113046
0.109813
0.1067
0.103695
0.100783
0.0979477
0.0951712
0.092436
0.0897232
0.0870125
0.0842819
0.0815062
0.0786564
0.0756977
0.0651642
0.0686227
0.0708598
0.0721963
0.0620393
0.0672089
0.070098
0.0717035
0.0725965
0.0730925
0.0733655
0.0735112
0.0735832
0.0736391
0.0736962
0.0737788
0.0737546
0.0735307
0.0733119
0.073097
0.0728736
0.0726329
0.0723716
0.0718222
0.0713661
0.101584
0.129984
0.142843
0.149186
0.149243
0.143566
0.145062
0.141564
0.13641
0.131613
0.127109
0.122844
0.118779
0.114879
0.111116
0.107466
0.103905
0.100411
0.0969585
0.0935242
0.0900811
0.0865988
0.0830418
0.0793667
0.0755191
0.0488186
0.0705821
0.0706308
0.0533493
0.0600444
0.0643123
0.0649157
0.0649969
0.0648037
0.064358
0.0637284
0.0629806
0.0621647
0.0623091
0.0682741
0.0680179
0.067809
0.0676562
0.0675095
0.0673776
0.0672709
0.0671698
0.0736422
0.0685981
0.0636349
0.0636642
0.114324
0.12532
0.132351
0.13409
0.13155
0.128195
0.124275
0.120317
0.116443
0.112705
0.109122
0.105726
0.102523
0.0994824
0.0965894
0.0938296
0.0911899
0.0886651
0.0862259
0.0838597
0.0815315
0.0792183
0.0768842
0.0744867
0.0642982
0.0680553
0.0707627
0.0726808
0.0740979
0.0687146
0.0722051
0.0746666
0.0763936
0.0777036
0.0788795
0.0797898
0.0805268
0.0811519
0.0816797
0.0821165
0.0824678
0.0827353
0.0829167
0.0830113
0.0830129
0.0829081
0.0827486
0.0824998
0.0822731
0.0851879
0.0696649
0.0481992
0.0801472
0.113995
0.146019
0.178798
0.174336
0.211688
0.233366
0.259655
0.283955
0.283435
0.329225
0.298572
0.274249
0.298571
0.265598
0.234471
0.200372
0.150972
0.120147
0.0860299
0.0732321
0.055604
0.0614983
0.0553039
0.0497062
0.0460789
0.179813
0.195202
0.214464
0.227087
0.271994
0.331537
0.394265
0.457017
0.455545
0.581947
0.623177
0.6241
0.731761
0.760463
0.813256
0.81138
0.805386
0.805701
0.805206
0.803746
0.804872
0.805565
0.943891
0.960442
0.967149
0.948405
0.94869
0.950167
1.04721
1.06504
1.09074
1.08815
1.17778
1.2148
1.21294
1.24002
1.23833
1.25417
1.24912
1.2445
1.24264
1.23122
1.21972
1.21758
1.21465
1.21356
1.163
1.11874
1.11732
1.05416
1.00343
1.00067
0.931578
0.882804
0.0786975
0.0478233
0.0166462
0.0678042
0.0517699
0.0263067
0.00511857
0.0362667
0.073483
0.0867159
0.0742212
0.0576201
0.040251
0.0227672
0.00518551
-0.0122637
-0.0289251
-0.0456302
-0.0623658
-0.0791108
-0.0957888
-0.111609
-0.127843
-0.14404
-0.160178
-0.176233
-0.192204
-0.208072
-0.22382
-0.239425
-0.254865
-0.270116
-0.285151
-0.299939
-0.314447
-0.328637
-0.342463
-0.355869
-0.368773
-0.379117
-0.38914
-0.131661
-0.0646095
-0.0675204
-0.0864532
-0.102368
-0.100767
-0.0991599
-0.0221618
-0.0269983
-0.0492617
-0.0657958
-0.0598103
-0.0541214
-0.0491985
-0.0432651
-0.0488527
-0.0534411
-0.0524902
-0.0515846
-0.0507234
-0.0499061
-0.049132
-0.0484005
-0.0477113
-0.0470636
-0.0464572
-0.0458915
-0.0453663
-0.044881
-0.0444353
-0.0440291
-0.0436619
-0.0409969
-0.0322159
-0.0234425
-0.0146761
-0.00591564
0.000380192
0.000384709
0.000383754
0.000382806
0.00038187
0.000380946
0.000380032
0.000379127
0.00037823
0.000377343
0.000376464
0.000375592
0.00037473
0.000373875
0.000373031
0.000372194
0.000371365
0.000370545
0.000369735
0.000368929
0.000368134
0.000367346
0.000366565
0.000365793
0.000365026
0.000364268
0.000363519
0.000362775
0.000362038
0.000361308
0.000360586
0.000359872
0.000359166
0.000358465
0.000357769
0.000357081
0.000356399
0.000355725
0.000355058
0.000354397
0.000354318
0.00035367
0.000353027
0.000352395
0.000351762
0.000351139
0.000350521
0.00034991
0.000349305
0.000348705
0.000348108
0.000347517
0.000346931
0.000346353
0.000345779
0.000345222
0.00034466
0.000344094
0.000343542
0.000342996
0.000342455
0.00034192
0.00034139
0.000340865
0.000340344
0.00033983
0.000339319
0.000338811
0.000338311
0.000337818
0.000337328
0.000336842
0.000336361
0.000335885
0.000335414
0.00033366
0.000331195
0.000331525
0.00033108
0.00033064
0.000330153
0.000329773
0.000329345
0.000328923
0.000328446
0.000326095
0.000325683
0.000325276
0.000324873
