0
2.30707
0.228146
-0.710733
-0.472038
-0.48694
-0.400834
-0.399076
-0.383008
-0.242117
-0.177703
-0.165831
-0.02523
0.372819
0.382509
0.328179
0.072653
0.0760309
0.0777974
0.0759252
0.0738225
0.0716836
0.0502301
0.0455321
0.0611932
0.049423
0.0390981
-0.0177071
-0.0656375
-0.0315052
-0.0376463
-0.0370025
-0.0106817
-0.0988833
-0.07979
-0.0821936
-0.0836698
-0.0846972
-0.0856859
-0.0866421
-0.0875369
-0.0883699
-0.0891449
-0.0898618
-0.0897445
-0.0918354
-0.0916546
-0.0921692
-0.0926357
-0.0925413
-0.0934828
-0.0818272
-0.0770143
-0.0875172
-0.0935104
-0.0965363
-0.0979342
-0.0983467
-0.0967754
-0.0967101
-0.0965243
-0.0962746
-0.0959852
-0.0956676
-0.0953274
-0.0949675
-0.0945895
-0.0941951
-0.0937861
-0.093365
-0.0929349
-0.0925005
-0.0920709
-0.0916665
-0.0912628
-0.0909
-0.0917807
-0.0834903
-0.0816055
-0.0822807
-0.0824842
-0.00944166
0.152781
0.0455851
0.0482266
0.0756484
0.072567
0.0731642
0.0738481
0.0736664
0.0751352
0.0598684
0.0593523
0.0603718
0.0612392
0.0506427
0.0413978
0.0419217
0.0423843
0.0428269
0.0432469
0.158975
0.299622
-0.106644
-0.248482
-0.0601647
-0.0238805
-0.0227635
-0.0208492
-0.0191088
-0.0175976
-0.0162597
-0.0150404
-0.0138987
-0.0128075
-0.0117502
-0.010717
-0.00970232
-0.00870545
-0.00772571
-0.00676766
-0.00583618
-0.00493897
-0.00408683
0.00317154
0.0107857
0.0126655
0.0128387
0.0205296
0.0148068
0.0122172
0.0114021
0.0684173
0.056344
0.0633158
0.0606902
0.0477943
0.0484217
0.0495018
0.0509666
0.0524319
-0.048766
-0.0353288
-0.0343688
-0.0334876
-0.0325747
-0.0294603
-0.0289745
-0.0285098
-0.0281771
0.0320767
0.304624
-0.00418443
0.00340314
0.0447905
0.0227377
0.0296162
0.032985
0.035192
0.0367701
0.0380145
0.0390986
0.0400965
0.0410569
0.0420058
0.0429565
0.0439172
0.0448908
0.0458794
0.0468833
0.0479022
0.0489364
0.0499849
0.0510461
0.0521208
0.0532071
0.0543239
0.0552961
0.0565837
0.0578004
0.0590047
0.0997329
0.0439623
0.0525354
0.0578645
0.0604028
0.0632605
0.065701
0.0673661
0.0687287
0.0700006
0.0710667
0.0730241
0.0739574
0.0749042
0.0759098
0.0770397
0.0782885
0.0795708
0.0808765
0.082209
0.0852667
0.0858849
0.0809917
0.0814844
0.0859967
0.0865278
0.0871865
0.0879274
0.0887219
0.0895525
0.0904117
0.0912958
0.0922012
0.0931269
0.0940721
0.095035
0.096015
0.0970122
0.0980252
0.0990532
0.100095
0.101151
0.102221
0.103301
0.104393
0.110135
0.0981618
0.109555
0.109453
0.110034
0.110834
0.135728
0.0993034
0.104486
0.10829
0.111072
0.119695
0.121457
0.117131
0.12583
0.119218
0.120382
0.121922
0.12328
0.124544
0.125769
0.126984
0.128202
0.129429
0.130675
0.143498
0.125186
0.129229
0.131633
0.133752
0.13466
0.135507
0.136337
0.137173
0.138023
0.13889
0.139778
0.140683
0.14161
0.142555
0.143518
0.144498
0.145496
0.146509
0.147537
0.148581
0.149637
0.150706
0.151788
0.152881
0.153984
0.154961
0.156288
0.157517
0.242233
0.123056
0.140118
0.150188
0.15625
0.1601
0.162729
0.164689
0.166274
0.167425
0.168518
0.16959
0.171576
0.174214
0.175134
0.176096
0.177182
0.178352
0.179559
0.182866
0.182924
0.210016
0.210384
0.178502
0.16157
0.175131
0.20322
0.139788
0.182545
0.194516
0.192518
0.191818
0.191876
0.192351
0.19306
0.193902
0.194819
0.195781
0.196772
0.197782
0.198806
0.199842
0.200888
0.201943
0.203007
0.204079
0.224703
0.173875
0.213274
0.334803
0.16515
0.177159
0.205856
0.210411
0.213223
0.215961
0.218212
0.219974
0.221356
0.214827
0.170129
0.219324
0.219863
0.220405
0.221377
0.222305
0.223168
0.22419
0.174111
0.264936
0.265357
0.453513
0.0317005
0.227533
0.202486
0.214145
0.232306
0.232881
0.235403
0.235882
0.236438
0.237079
0.237744
0.238229
0.238623
0.23922
0.239849
0.240513
0.241188
0.24181
0.242565
0.243301
0.244186
0.245092
0.246088
0.247183
0.248174
0.249411
0.250656
0.25192
0.253209
0.304335
0.23609
0.244579
0.251178
0.2555
0.257721
0.261068
0.263651
0.26571
0.267625
0.269457
0.27121
0.272917
0.274608
0.276277
0.27797
0.27974
0.281065
0.282664
0.283361
3.30038
1.73527
1.52291
0.316429
0.369671
0.397887
0.383485
1.06295
-0.0486448
0.208845
0.33422
0.345326
0.655224
-1.0946
0.971236
0.697613
0.413332
-0.283346
0.231146
0.689337
0.139172
-0.628281
0.0552402
-2.27779
-0.598699
0.75605
-0.626144
-0.734344
-0.572022
-2.26963
-0.45212
-0.653792
-0.582076
-0.718433
-0.81013
-0.818572
-0.811566
-0.360152
-1.2081
-0.47877
-0.140921
-0.941268
-0.50393
-0.628633
-0.117557
0.896392
1.14966
0.417839
0.298647
0.225427
0.492373
-0.641227
-0.0199017
0.110929
0.978826
0.590334
0.720973
-0.229447
0.98634
0.0122728
0.274505
-0.377608
0.0511086
0.393282
0.397339
0.482913
0.166896
0.410564
0.423138
0.500899
0.417252
0.528065
1.07088
0.385388
0.617869
0.751542
0.853171
0.719826
0.905098
0.959611
0.777941
1.03751
0.992683
10.2586
0.869825
0.924415
0.680991
0.979586
0.97566
0.919742
0.618608
0.486099
0.702591
0.909565
0.987739
1.00472
1.006
1.00695
0.995242
0.993269
0.993252
0.992943
0.991629
0.990398
0.982674
0.982516
0.980793
0.978672
0.976159
0.973529
0.970583
0.967307
0.96368
0.959691
0.955315
0.950526
0.945301
0.939585
0.933333
0.926444
0.918776
0.909981
0.874972
0.868565
-2.1972
0.0336299
0.587089
0.717555
0.745408
0.695451
0.695296
0.981375
0.600509
0.779962
0.7508
0.634531
0.638651
0.65836
0.626148
0.759489
0.747971
0.689613
0.689305
0.689008
0.688717
0.688431
0.688151
0.687876
0.687606
0.68734
0.687078
0.686821
0.686566
0.686315
0.686068
0.685823
0.653797
0.569737
0.569558
0.569488
0.569522
0.603091
0.688717
0.68878
0.688787
0.688794
0.6888
0.688807
0.688814
0.68882
0.688827
0.688833
0.68884
0.688847
0.688853
0.68886
0.688866
0.688873
0.688879
0.688886
0.688892
0.688899
0.688905
0.688911
0.688918
0.688924
0.688931
0.688937
0.688943
0.68895
0.688956
0.688962
0.688969
0.688975
0.688981
0.688988
0.688994
0.689
0.689006
0.689013
0.689019
0.689018
0.689031
0.689037
0.689044
0.68905
0.689056
0.689062
0.689068
0.689074
0.689081
0.689087
0.689093
0.689099
0.689105
0.689111
0.689117
0.689123
0.689129
0.689135
0.689141
0.689147
0.689153
0.689159
0.689165
0.689171
0.689177
0.689183
0.689189
0.689195
0.689201
0.689207
0.689213
0.689219
0.689225
0.689231
0.689254
0.68927
0.689238
0.689254
0.68926
0.689267
0.689271
0.689277
0.689283
0.68929
0.689321
0.689301
0.689306
0.689312
