1.18993e-05
1.56346e-05
1.02977e-05
-5.67439e-07
-1.369e-05
-2.62473e-05
-3.82516e-05
-4.9714e-05
-6.38308e-05
-7.83736e-05
-9.22177e-05
-0.00010537
-0.000117837
-0.000129626
-0.000140744
-0.000151197
-0.000160999
-0.000170168
-0.000178722
-0.000186679
-0.000194056
-0.000200872
-0.000207147
-0.000212897
-0.000218142
-0.0002229
-0.000227191
-0.000231032
-0.000234442
-0.000237437
-0.000240034
-0.000242252
-0.000244107
-0.000245618
-0.000246799
-0.000247669
-0.00024824
-0.000248532
-0.000248561
-0.000248347
-0.000247908
-0.00024726
-0.00024642
-0.000245405
-0.000244203
-0.000242839
-0.000241327
-0.000239679
-0.000237908
-0.000236025
-0.000233943
-0.000231753
-0.000229464
-0.000227087
-0.000224629
-0.0002221
-0.000219507
-0.000216858
-0.00021416
-0.000211419
-0.000208642
-0.000205836
-0.000203005
-0.000200155
-0.000197291
-0.000194418
-0.000191539
-0.000188659
-0.000185782
-0.00018291
-0.000180047
-0.000177196
-0.000174358
-0.000171537
-0.000168734
-0.00016595
-0.000163187
-0.000160447
-0.00015773
-0.000155038
-0.000152371
-0.000149732
-0.000147123
-0.000144548
-0.00014201
-0.00013951
-0.000137051
-0.000134636
-0.000132267
-0.000129946
-0.000127675
-0.000125457
-0.000123291
-0.00012118
-0.000119124
-0.000117124
-0.00011518
-0.000113293
-0.000111463
-0.00010969
-0.000107973
-0.000106315
-0.000104697
-0.000103129
-0.00010161
-0.000100137
-9.87106e-05
-9.73285e-05
-9.59897e-05
-9.46926e-05
-9.34358e-05
-9.22179e-05
-9.10372e-05
-8.98926e-05
-8.87824e-05
-8.77054e-05
-8.66601e-05
-8.56453e-05
-8.46595e-05
-8.37017e-05
-8.27704e-05
-8.18646e-05
-8.0983e-05
-8.01244e-05
-7.92881e-05
-7.84733e-05
-7.76807e-05
-7.69079e-05
-7.61543e-05
-7.54195e-05
-7.47031e-05
-7.40049e-05
-7.33254e-05
-7.26652e-05
-7.20248e-05
-7.14041e-05
-7.08036e-05
-7.02233e-05
-6.96634e-05
-6.91239e-05
-6.86049e-05
-6.81033e-05
-6.76164e-05
-6.71418e-05
-6.66772e-05
-6.62188e-05
-6.57657e-05
-6.53159e-05
-6.48672e-05
-6.44177e-05
-6.39693e-05
-6.34989e-05
-6.30415e-05
-6.25987e-05
-6.21641e-05
-6.17351e-05
-6.13115e-05
-6.08928e-05
-6.04789e-05
-6.00695e-05
-5.96644e-05
-5.92634e-05
-5.88662e-05
-5.84728e-05
-5.8083e-05
-5.76965e-05
-5.73133e-05
-5.69333e-05
-5.65562e-05
-5.6182e-05
-5.58107e-05
-5.5442e-05
-5.5076e-05
-5.47126e-05
-5.43517e-05
-5.39932e-05
-5.36372e-05
-5.32835e-05
-5.29322e-05
-5.25833e-05
-5.22367e-05
-5.18924e-05
-5.15503e-05
-5.12103e-05
-5.08723e-05
-5.05365e-05
-5.02029e-05
-4.98714e-05
-4.95422e-05
-4.92152e-05
-4.88905e-05
-4.85681e-05
-4.8248e-05
-4.79303e-05
-4.7615e-05
-4.73021e-05
-4.69917e-05
-4.66837e-05
-4.63783e-05
-4.60753e-05
-4.5775e-05
-4.54705e-05
-4.5156e-05
-4.48372e-05
-4.45218e-05
-4.421e-05
-4.39017e-05
-4.35969e-05
-4.32957e-05
-4.29981e-05
-4.27041e-05
-4.24138e-05
-4.21273e-05
-4.18444e-05
-4.15654e-05
-4.12902e-05
-4.10162e-05
-4.07459e-05
-4.04791e-05
-4.02159e-05
-3.99563e-05
-3.97002e-05
-3.94476e-05
-3.91986e-05
-3.8953e-05
-3.8711e-05
-3.84775e-05
-3.82471e-05
-3.80199e-05
-3.77959e-05
-3.75748e-05
-3.73567e-05
-3.7141e-05
-3.69281e-05
-3.67185e-05
-3.65123e-05
-3.63097e-05
-3.61108e-05
-3.59152e-05
-3.5723e-05
-3.5534e-05
-3.5348e-05
-3.51651e-05
-3.49852e-05
-3.48083e-05
-3.46343e-05
-3.44632e-05
-3.4295e-05
-3.41296e-05
-3.3967e-05
-3.3807e-05
-3.36577e-05
-3.35253e-05
-3.33991e-05
-3.32748e-05
-3.31522e-05
-3.30313e-05
-3.29122e-05
-3.27949e-05
-3.26792e-05
-3.25653e-05
-3.24532e-05
-3.23428e-05
-3.22342e-05
-3.21274e-05
-3.20225e-05
-3.19195e-05
-3.18186e-05
-3.17199e-05
-3.16235e-05
-3.15298e-05
-3.14331e-05
-3.13381e-05
-3.12449e-05
-3.11534e-05
-3.10636e-05
-3.09756e-05
-3.08894e-05
-3.08051e-05
-3.07229e-05
-3.06421e-05
-3.05624e-05
-3.04837e-05
-3.04058e-05
-3.03284e-05
-3.02513e-05
-3.01743e-05
-3.00972e-05
-3.00197e-05
-2.99417e-05
-2.98638e-05
-2.97868e-05
-2.97114e-05
-2.96383e-05
-2.95681e-05
-2.9502e-05
-2.94419e-05
-2.93769e-05
-2.93155e-05
-2.9257e-05
-2.92012e-05
-2.9123e-05
-2.89982e-05
-2.88312e-05
-2.8643e-05
-2.84373e-05
-2.8256e-05
-2.80646e-05
-2.78958e-05
-2.9467e-05
-3.39452e-05
-4.08838e-05
-4.98626e-05
-6.04904e-05
-7.24062e-05
-8.5281e-05
-9.88177e-05
-0.000112751
-0.000126847
-0.000140901
-0.000154741
-0.000168218
-0.000181211
-0.000193624
-0.000205382
-0.00021643
-0.000226831
-0.000236448
-0.000245279
-0.000253305
-0.000260692
-0.000267638
-0.000274227
-0.000280681
-0.000286934
-0.000293004
-0.000299068
-0.000305151
-0.000310987
-0.000316502
-0.000321591
-0.000326157
-0.000330064
-0.000333024
-0.000336778
-0.000341579
-0.00034754
-0.000354729
-0.000363182
-0.000372979
-0.000384102
-0.00039606
-0.000409841
-0.000424873
-0.000440424
-0.000455337
-0.000469012
-0.00048072
-0.000487836
-0.00048865
-0.000483761
-0.000470759
-0.000444632
-0.000405668
-0.000354371
-0.000291439
-0.000217735
-0.000131805
-2.79466e-05
8.08872e-05
0.000202972
0.000325967
0.00045525
0.000584893
0.000711475
0.000839834
0.000974133
0.00110585
0.00123973
0.00137121
0.00149557
0.00161077
0.00171497
0.00180655
0.00188408
0.00194632
0.00199219
0.0020208
0.00202894
0.00201505
0.00198061
0.00192994
0.0018646
0.00178622
0.00169914
0.00159587
0.00147248
0.0013706
0.00124813
0.00119206
-nan
nan
-nan
nan
-nan
nan
-nan
nan
-nan
nan
-nan
nan
-nan
nan
-nan
nan
-nan
nan
-nan
nan
-nan
nan
-nan
nan
-nan
nan
-nan
nan
-nan
nan
-nan
nan
-nan
nan
-nan
nan
-nan
nan
-nan
nan
-nan
nan
-nan
nan
-nan
nan
-nan
nan
-nan
nan
-nan
nan
-nan
nan
-nan
nan
-nan
nan
-nan
nan
-nan
nan
-nan
nan
-nan
nan
-nan
nan
-nan
nan
-nan
nan
-nan
nan
-nan
nan
-nan
nan
-nan
nan
-nan
nan
-nan
nan
-nan
nan
-nan
nan
-nan
nan
-nan
nan
-nan
nan
-nan
nan
-nan
nan
-nan
nan
-nan
nan
-nan
nan
-nan
nan
-nan
nan
-nan
nan
-nan
nan
-nan
nan
-nan
nan
-nan
nan
-nan
nan
-nan
nan
-nan
nan
-nan
nan
-nan
nan
-nan
nan
-nan
nan
-nan
nan
-nan
nan
-nan
nan
-nan
nan
-nan
nan
-nan
nan
-nan
nan
-nan
nan
-nan
nan
-nan
nan
-nan
nan
-nan
nan
-nan
nan
-nan
nan
-nan
nan
-nan
nan
-nan
nan
-nan
nan
-nan
nan
-nan
nan
-nan
nan
-nan
nan
-nan
nan
-nan
nan
-nan
nan
-nan
nan
-nan
nan
-nan
nan
-nan
nan
-nan
nan
-nan
nan
-nan
nan
-nan
nan
-nan
nan
-nan
nan
-nan
nan
-nan
nan
-nan
nan
-nan
nan
-nan
nan
-nan
nan
-nan
nan
-nan
nan
-nan
nan
-nan
nan
-nan
nan
-nan
nan
-nan
nan
-nan
nan
-nan
nan
-nan
nan
-nan
nan
-nan
nan
-nan
nan
-nan
nan
-nan
nan
-nan
nan
-nan
nan
-nan
nan
-nan
