0
0.000254476
0.000455579
0.00016982
-0.000643251
-0.00161382
-0.00294882
-0.00454941
-0.00576867
-0.00719148
-0.00887727
-0.0102411
-0.0113068
-0.0120823
-0.0125855
-0.0126418
-0.0128355
-0.0131169
-0.0134427
-0.0138115
-0.0142237
-0.01468
-0.0152558
-0.0159473
-0.0167224
-0.0174547
-0.0181644
-0.0188779
-0.0193844
-0.0197998
-0.0201237
-0.0203555
-0.0205034
-0.0207637
-0.0211078
-0.0214757
-0.0218439
-0.0222112
-0.0225766
-0.0229374
-0.023291
-0.0236353
-0.0239683
-0.0242883
-0.0245954
-0.024877
-0.0251416
-0.0253868
-0.0256101
-0.0258093
-0.0259797
-0.0260862
-0.0261517
-0.0261834
-0.026185
-0.0261588
-0.0261059
-0.0260269
-0.0259219
-0.0257909
-0.0256338
-0.0254506
-0.0252409
-0.0250045
-0.0247411
-0.0244505
-0.0241322
-0.0237858
-0.023411
-0.0230072
-0.022574
-0.0221108
-0.0216168
-0.0210894
-0.020528
-0.0199319
-0.019305
-0.0186312
-0.0179182
-0.0171711
-0.0163933
-0.0156133
-0.014896
-0.0142057
-0.0135444
-0.0129144
-0.0123166
-0.0117484
-0.0112095
-0.0107068
-0.0102354
-0.00974952
-0.0092468
-0.00872973
-0.00820044
-0.00767636
-0.00717255
-0.0066905
-0.00623128
-0.00579592
-0.00538541
-0.00489486
-0.00440588
-0.00399951
-0.0036667
-0.00342462
-0.00322422
-0.00305923
-0.00292974
-0.00283606
-0.00277834
-0.00275661
-0.00277086
-0.00282109
-0.0029073
-0.0030295
-0.00318774
-0.00338208
-0.00361264
-0.00387953
-0.00418292
-0.00452299
-0.00489999
-0.00531418
-0.00576437
-0.00624989
-0.00677128
-0.00733905
-0.00795712
-0.00861581
-0.0093119
-0.0100432
-0.0106792
-0.0112791
-0.0118541
-0.0124599
-0.0130949
-0.013758
-0.0144387
-0.0151226
-0.0158048
-0.0165137
-0.0171943
-0.0178433
-0.0184576
-0.0190345
-0.0195723
-0.0200685
-0.0205201
-0.0209242
-0.0213206
-0.0217307
-0.0221064
-0.0224403
-0.0227086
-0.0229347
-0.0231255
-0.0232819
-0.0234044
-0.0234931
-0.0235476
-0.0235682
-0.0235546
-0.023507
-0.0234252
-0.0233091
-0.0231586
-0.0229734
-0.0227532
-0.0224978
-0.0222067
-0.0218797
-0.0215162
-0.0211158
-0.0206779
-0.0202018
-0.0196899
-0.0191275
-0.0185217
-0.0178772
-0.017197
-0.016576
-0.0159773
-0.0154033
-0.0148554
-0.0142828
-0.0136805
-0.0130658
-0.01245
-0.0118401
-0.011241
-0.0106552
-0.0100881
-0.00954221
-0.00901954
-0.00852199
-0.00805146
-0.00760984
-0.007199
-0.00682079
-0.00647713
-0.00615356
-0.00587994
-0.00565526
-0.00547458
-0.00532958
-0.00521846
-0.00514016
-0.00509404
-0.0050797
-0.00509688
-0.00514543
-0.00522529
-0.00533643
-0.00547889
-0.00565274
-0.00585812
-0.00609519
-0.00636415
-0.00666525
-0.00699878
-0.00736505
-0.00776444
-0.00819733
-0.00866418
-0.00916544
-0.00969759
-0.0102832
-0.0109135
-0.0115832
-0.0122891
-0.013029
-0.0136754
-0.0142441
-0.0147313
-0.0151341
-0.0154497
-0.0158761
-0.0163954
-0.0169133
-0.0175706
-0.0182207
-0.0188559
-0.0194731
-0.0200697
-0.020643
-0.0211903
-0.0217092
-0.0221971
-0.0226512
-0.0230683
-0.0234539
-0.0237871
-0.0240689
-0.0243068
-0.0245053
-0.0246658
-0.0247895
-0.0248768
-0.024928
-0.0249434
-0.024923
-0.0248669
-0.0247751
-0.0246474
-0.0244837
-0.0242838
-0.0240475
-0.0237745
-0.0234644
-0.0231169
-0.0227316
-0.022308
-0.0218456
-0.0213439
-0.0208021
-0.0202217
-0.0195875
-0.0189066
-0.0181837
-0.0175793
-0.0170064
-0.0164697
-0.0159727
-0.0155185
-0.0151096
-0.0147487
-0.0144384
-0.0141821
-0.0139989
-0.0136975
-0.0132934
-0.0127873
-0.0122433
-0.011664
-0.0110484
-0.0103952
-0.00970287
-0.00896844
-0.00835548
-0.007856
-0.00746541
-0.00720479
-0.00707063
-0.00705499
-0.00704579
-0.00710232
-0.00719075
-0.00731079
-0.00746078
-0.00764071
-0.00785061
-0.00809056
-0.00836067
-0.00866113
-0.00899213
-0.00935392
-0.0097468
-0.0101711
-0.0106271
-0.0111154
-0.0116363
-0.0121902
-0.0127779
-0.0133997
-0.0140563
-0.0147434
-0.0154851
-0.0162722
-0.0168792
-0.0174283
-0.0179145
-0.0183308
-0.0186718
-0.0189336
-0.0191134
-0.0192087
-0.0192174
-0.019137
-0.0191008
-0.0191736
-0.0193443
-0.0196119
-0.0199755
-0.0204342
-0.020987
-0.0216327
-0.0223711
-0.0232026
-0.0241195
-0.0251213
-0.0261067
-0.0267975
-0.0273492
-0.0277775
-0.0280828
-0.0282758
-0.0284194
-0.028523
-0.0285871
-0.0286119
-0.0285976
-0.0285441
-0.0284543
-0.0283281
-0.0281654
-0.0279659
-0.0277295
-0.0274559
-0.0271447
-0.0267956
-0.0264081
-0.0259819
-0.0255163
-0.0250109
-0.0244649
-0.0238801
-0.0232404
-0.0225535
-0.0218236
-0.0210537
-0.0204039
-0.0197842
-0.019185
-0.0186078
-0.0180539
-0.017479
-0.0168919
-0.0163034
-0.0157203
-0.0151477
-0.0145891
-0.0140477
-0.0135257
-0.0130254
-0.0125489
-0.0120981
-0.0116749
-0.0112812
-0.0109191
-0.0105905
-0.00802057
-0.00351145
0.00195163
0.00750812
0.0134217
0.0195782
0.0263528
0.0332919
0.0405086
0.0479258
0.0555006
0.0631481
0.0706038
0.0788067
0.0867241
0.0951221
0.101269
0.106264
0.110808
0.114077
0.116688
0.114912
0.112389
0.109757
0.106466
0.100583
0.0944736
0.0880388
0.0813098
0.0756207
0.0697845
0.0642383
0.0587595
0.0533977
0.0481119
0.042985
0.0380934
0.0335348
0.029345
0.0257628
0.0229798
0.0204711
0.0185099
0.0165567
0.0149661
0.014408
0.0149901
0.0159984
0.0172808
0.0187536
0.0205958
0.0230352
0.0258269
0.0287202
0.0319175
0.0356145
0.0399732
0.0454933
0.0513105
0.0574792
0.0635455
0.0704497
0.0775653
0.0846575
0.0923747
0.100288
0.109023
0.117829
0.126678
0.135516
0.144443
0.153367
0.162401
0.171828
0.181334
0.190868
0.200387
0.210052
0.219709
0.229285
0.238949
0.248513
0.257975
0.260456
0.262713
0.264503
0.26672
0.268896
0.270867
0.272519
0.274074
0.275786
0.277321
0.278852
0.280348
0.281784
0.283157
0.284466
0.285663
0.286778
0.287809
0.288754
0.289609
0.290375
0.291048
0.291625
0.292104
0.292485
0.292765
0.292942
0.293017
0.292987
0.292852
0.292609
0.292259
0.291799
0.291229
0.290547
0.289752
0.288842
0.287813
0.286663
0.285321
0.283792
0.28467
0.28611
0.287745
0.289109
0.290318
0.291493
0.292634
0.294291
0.296178
0.297979
0.299604
0.301103
0.302484
0.303777
0.305037
0.306346
0.307676
0.308982
0.310265
0.311527
0.312769
0.313992
0.315196
0.316383
0.317554
0.31871
0.319852
0.32098
0.322097
0.323202
0.324298
0.325384
0.326066
0.326603
0.326995
0.327242
0.327345
0.327344
0.327344
0.327343
0.327342
0.327341
0.327341
0.32734
0.327339
0.327339
0.327338
0.327337
0.327337
0.327336
0.327336
0.327335
0.327335
0.327334
0.327334
0.327333
0.327333
0.327333
0.327332
0.327332
0.327332
0.327331
0.327331
0.327331
0.32733
0.32733
0.32733
0.32733
0.32733
0.327329
0.327329
0.327329
0.327329
0.327329
0.327329
0.327329
0.327329
0.327328
0.327328
0.327328
0.327328
0.327328
0.327328
0.327328
0.327329
0.327329
0.327329
0.327329
0.327329
0.327329
0.327329
0.327329
0.327329
0.32733
0.32733
0.32733
0.32733
0.32733
0.327331
0.327331
0.327331
0.327332
0.327332
0.327332
0.327332
0.327333
0.327333
0.327333
0.327334
0.327334
0.327335
0.327335
0.327335
0.327336
0.327336
0.327337
0.327337
0.327338
0.327338
0.327338
0.327339
0.327339
0.32734
0.32734
0.327341
0.327341
