0.099997
0.0925045
0.0924373
0.0925463
0.0907193
0.0869892
0.0829594
0.0786169
0.0786807
0.0761624
0.0718242
0.0682171
0.0653004
0.0630745
0.0615012
0.0615062
0.0615065
0.0615064
0.0615069
0.0615082
0.0615104
0.0615136
0.0615157
0.061518
0.0615221
0.0615514
0.0615779
0.0616146
0.0616161
0.0616151
0.0616147
0.0616149
0.0616159
0.0616184
0.0616207
0.0616228
0.0616248
0.0616266
0.0616283
0.0616298
0.0616312
0.0616325
0.0616336
0.0616347
0.061605
0.0616058
0.0616066
0.0616072
0.0616078
0.0616067
-0.0884285
-0.0884274
-0.0884212
-0.0884127
-0.0884038
-0.0883952
-0.0883874
-0.0883808
-0.088375
-0.0883702
-0.0883663
-0.0883633
-0.0883612
-0.08836
-0.0883595
-0.0883599
-0.0883611
-0.0883631
-0.0883659
-0.0883696
-0.0883741
-0.0883794
-0.0883856
-0.0883928
-0.0884011
-0.0884104
-0.0884221
-0.0884318
-0.0884405
-0.0884486
-0.0884564
-0.0884715
-0.0884612
-0.0884504
-0.0884392
-0.0884242
-0.0884083
-0.0883917
-0.0883745
-0.0883747
-0.0883752
-0.0883755
-0.0883758
-0.088376
-0.0883762
-0.0883763
-0.0883764
-0.0883766
-0.0883767
-0.0883768
0.0611388
0.0611607
0.0612471
0.0612913
0.0613336
0.0613208
0.0613092
0.0612988
0.0612894
0.061281
0.0612733
0.0612665
0.0612604
0.0612549
0.0612501
0.0612458
0.061242
0.0612387
0.0612358
0.0612334
0.0612313
0.0612296
0.0612281
0.061227
0.0612262
0.0612256
0.0612254
0.0612369
0.0612368
0.0612367
0.0612367
0.0612367
0.0612386
0.0612398
0.061242
0.0612447
0.0612463
0.0612472
0.0612477
0.0612481
0.0612483
0.0612481
0.061248
0.0612479
0.0612478
0.0612477
0.0612477
0.0612476
0.0612475
0.0612474
-0.0895026
-0.089515
-0.0895565
-0.0896019
-0.0896088
-0.0896088
-0.0896088
-0.0896087
-0.0896087
-0.0896087
-0.0896087
-0.0896086
-0.0896086
-0.0896086
-0.0896085
-0.0896085
-0.0896085
-0.0896085
-0.0896084
-0.0896084
-0.0896084
-0.0896084
-0.0896083
-0.0896083
-0.0896083
-0.0896082
-0.0896082
-0.0896082
-0.0896082
-0.0896081
-0.0896081
-0.0896077
-0.0896075
-0.0896075
-0.0896074
-0.0896074
-0.0896074
-0.0896074
-0.0896074
-0.0896073
-0.0896073
-0.0896072
-0.0896072
-0.0896071
-0.0896071
-0.089607
-0.0896069
-0.0896069
-0.0896068
-0.0896068
0.0594294
0.0594437
0.0594711
0.0594862
0.0594863
0.0594863
0.0594863
0.0594863
0.0594863
0.0594863
0.0594863
0.0594864
0.0594864
0.0594864
0.0594864
0.0594864
0.0594864
0.0594864
0.0594864
0.0594864
0.0594864
0.0594864
0.0594864
0.0594865
0.0594865
0.0594865
0.0594947
0.0594946
0.0594946
0.0594946
0.0594945
0.0594944
0.0594965
0.0594979
0.0594989
0.0594997
0.0595004
0.0595005
0.0595007
0.0594969
0.0594968
0.0594969
0.0594969
0.0594969
0.0594969
0.0594969
0.0594969
0.0594969
0.0594969
0.0594969
-0.0914303
-0.091442
-0.0914639
-0.0914705
-0.0914704
-0.0914704
-0.0914704
-0.0914704
-0.0914703
-0.0914703
-0.0914703
-0.0914703
-0.0914702
-0.0914702
-0.0914702
-0.0914701
-0.0914701
-0.0914701
-0.09147
-0.09147
-0.09147
-0.0914699
-0.0914699
-0.0914698
-0.0914698
-0.0914697
-0.0914697
-0.0914696
-0.0914696
-0.0914695
-0.0914675
-0.0914664
-0.091466
-0.0914658
-0.0914658
-0.091466
-0.0914662
-0.0914665
-0.0914667
-0.0914671
-0.0914672
-0.0914673
-0.0914673
-0.0914673
-0.0914672
-0.091467
-0.0914668
-0.0914666
-0.0914663
-0.091466
0.0575056
0.0575344
0.0575918
0.0576374
0.0576651
0.0577133
0.0577135
0.0577153
0.0577154
0.0577155
0.0577157
0.0577158
0.0577158
0.0577159
0.057716
0.0577161
0.0577162
0.0577162
0.0577163
0.0577163
0.0577164
0.0577164
0.0577164
0.0577164
0.0577165
0.0577165
0.0577248
0.0577252
0.0577251
0.057732
0.0577384
0.0577424
0.0577453
0.0577474
0.0577492
0.0577508
0.0577523
0.0577536
0.0577548
0.0577554
0.0577558
0.0577562
0.0577565
0.0577567
0.0577568
0.0577568
0.0577567
0.0577564
0.0577555
0.0577551
-0.0933114
-0.0933224
-0.0933723
-0.0934045
-0.0934247
-0.0934247
-0.0934246
-0.0934246
-0.0934246
-0.0934245
-0.0934245
-0.0934245
-0.0934245
-0.0934244
-0.0934244
-0.0934244
-0.0934243
-0.0934243
-0.0934243
-0.0934242
-0.0934242
-0.0934242
-0.0934241
-0.0934241
-0.093424
-0.093424
-0.0934244
-0.0934243
-0.0934243
-0.0934243
-0.0934242
-0.0934232
-0.0934227
-0.0934225
-0.0934226
-0.0934229
-0.0934233
-0.0934239
-0.0934245
-0.0934253
-0.0934262
-0.0934272
-0.0934283
-0.0934295
-0.0934307
-0.0934319
-0.0934331
-0.0934344
-0.0934356
-0.0934368
0.0554904
0.0544837
0.0522975
0.0495548
0.0468774
0.0446887
0.0431035
0.042128
0.0381695
0.0362241
0.0332944
0.0275327
0.0199528
0.0114612
0.00339409
-0.00430982
-0.0198754
-0.020361
-0.0171726
-0.01111
-0.00256078
0.0090778
0.0236661
0.0397881
0.0523828
0.0636065
0.0729343
0.0798854
0.0846643
0.0882159
0.0926326
0.0980567
0.104641
0.110779
0.11649
0.121849
0.126845
0.131462
0.136301
0.140059
0.143405
0.140415
0.135084
0.128596
0.120683
0.112863
0.103111
0.0918435
0.0808652
0.0701709
-0.0366579
-0.0398738
-0.0404995
-0.0409906
-0.0414956
-0.0420862
-0.042709
-0.0475509
-0.0503871
-0.0529124
-0.0545421
-0.0556563
-0.0553961
-0.0548303
-0.0540667
-0.0534598
-0.0532254
-0.0524803
-0.0517336
-0.0509877
-0.0499713
-0.049228
-0.0484869
-0.0478888
-0.0471428
-0.0465568
-0.0458154
-0.0450688
-0.0447503
-0.0440021
-0.0432472
-0.0427021
-0.0419416
-0.0411784
-0.0384995
-0.0361588
-0.0340247
-0.0321949
-0.0312234
-0.0305977
-0.0303393
-0.0296276
-0.0286757
-0.0278791
-0.0269956
-0.0260554
-0.0250745
-0.024055
-0.0229988
-0.0220012
0.0624908
0.0635756
0.0646633
0.0657462
0.0668291
0.0679282
0.0690244
0.0701171
0.0712054
0.0722887
0.0733667
0.0744393
0.0755064
0.0765683
0.0776253
0.0786781
0.0797275
0.0807745
0.0818203
0.0828664
0.0839146
0.0849668
0.0860253
0.0870645
0.0880929
0.0896323
0.0913724
0.0931121
0.0939455
0.0942032
0.094453
0.0946952
0.0956585
0.0971445
0.0981523
0.0985567
0.098895
0.0991773
0.0994412
0.0991356
0.0991668
0.0994364
0.0997006
0.0999597
0.100214
0.100464
0.100709
0.10095
0.101187
0.101421
0.0111304
0.0111709
0.0112107
0.0112498
0.0112882
0.0113261
0.0113635
0.0113867
0.011405
0.0114183
0.0114267
0.0114302
0.0114302
0.0114302
0.0114302
0.0114301
0.0114301
0.0114301
0.0114301
0.0114301
0.0114301
0.0114301
0.01143
0.01143
0.01143
0.01143
0.01143
0.01143
0.01143
0.01143
0.01143
0.01143
0.01143
0.01143
0.0114299
0.0114299
0.0114299
0.0114299
0.0114299
0.0114299
0.0114299
0.0114299
0.0114299
0.0114299
0.0114299
0.0114299
0.0114299
0.01143
0.01143
0.01143
0.103351
0.103351
0.103351
0.103351
0.103351
0.103351
0.103351
0.10335
0.10335
0.10335
0.10335
0.10335
0.10335
0.10335
0.10335
0.10335
0.10335
0.10335
0.10335
0.10335
0.10335
0.10335
0.10335
0.10335
0.10335
0.10335
0.10335
0.10335
0.10335
0.10335
0.10335
0.10335
0.103351
0.103351
0.103351
0.103351
0.103351
0.103351
0.103351
0.103351
0.103351
0.103351
0.103351
0.103351
0.103351
0.103351
0.103351
0.103351
0.103351
0.103351
0.0114313
