-0.099997
-0.0951845
-0.0883679
-0.0883645
-0.0883321
-0.0882755
-0.0881834
-0.0880566
-0.0861373
-0.0859995
-0.0858307
-0.0856708
-0.0855215
-0.0853789
-0.0852444
-0.0866979
-0.0874995
-0.0879404
-0.0881824
-0.0883145
-0.0883858
-0.0884231
-0.0884432
-0.0884533
-0.0884561
-0.0884306
-0.088406
-0.0883704
-0.0883715
-0.0883724
-0.0883728
-0.0883728
-0.088372
-0.0883696
-0.0883674
-0.0883738
-0.0883796
-0.0883849
-0.0883897
-0.088394
-0.0883979
-0.0884014
-0.0884047
-0.0884076
-0.0884131
-0.0884155
-0.0884178
-0.0884198
-0.0884217
-0.0884251
0.0615838
0.0615605
0.0615394
0.0615201
0.0615027
0.061487
0.0614724
0.0614585
0.0614452
0.0614323
0.0614194
0.0614065
0.0613933
0.0613798
0.0613659
0.0613514
0.0613363
0.0613205
0.0613039
0.0612864
0.061268
0.0612486
0.0612281
0.0612065
0.0611835
0.0611591
0.0611357
0.0611201
0.0611078
0.0610969
0.0610865
0.0610686
0.061076
0.0610836
0.0610915
0.0611031
0.0611153
0.061128
0.0611411
0.0611409
0.0611405
0.0611401
0.0611399
0.0611397
0.0611395
0.0611394
0.0611393
0.0611392
0.0611391
0.0611389
-0.0883769
-0.0883487
-0.08829
-0.0882867
-0.0883042
-0.0883775
-0.0884482
-0.0885168
-0.0885836
-0.0886486
-0.0887119
-0.0887734
-0.0888331
-0.0888909
-0.0889469
-0.0890011
-0.0890534
-0.0891037
-0.0891522
-0.0891988
-0.0892434
-0.0892862
-0.089327
-0.0893658
-0.0894027
-0.0894372
-0.0894334
-0.0894467
-0.0894634
-0.0894743
-0.0894811
-0.0894848
-0.0894846
-0.0894844
-0.0894833
-0.0894824
-0.0894818
-0.0894815
-0.0894812
-0.0894811
-0.089481
-0.089481
-0.089481
-0.089481
-0.089481
-0.089481
-0.089481
-0.089481
-0.089481
-0.089481
0.0612265
0.0612139
0.061061
0.0608949
0.0607803
0.0606801
0.0605852
0.0604954
0.0604104
0.0603297
0.0602531
0.0601805
0.0601114
0.0600458
0.0599834
0.0599241
0.0598677
0.059814
0.0597629
0.0597143
0.059668
0.0596238
0.0595818
0.0595416
0.0595034
0.0594668
0.0594467
0.0594372
0.0594327
0.0594305
0.0594295
0.0594293
0.0594292
0.0594292
0.0594291
0.0594291
0.0594291
0.0594291
0.0594291
0.0594291
0.0594291
0.0594292
0.0594292
0.0594292
0.0594292
0.0594292
0.0594293
0.0594293
0.0594293
0.0594294
-0.0896067
-0.089644
-0.089692
-0.089773
-0.0898817
-0.0899909
-0.0900983
-0.0902023
-0.0903023
-0.090398
-0.0904891
-0.0905758
-0.0906581
-0.0907362
-0.0908102
-0.0908802
-0.0909464
-0.0910089
-0.0910679
-0.0911235
-0.0911757
-0.0912249
-0.0912709
-0.0913141
-0.0913543
-0.0913919
-0.0913709
-0.0913956
-0.0914106
-0.0914195
-0.0914248
-0.0914279
-0.0914277
-0.0914275
-0.0914273
-0.0914269
-0.0914265
-0.0914265
-0.0914264
-0.0914302
-0.0914303
-0.0914303
-0.0914303
-0.0914303
-0.0914303
-0.0914303
-0.0914303
-0.0914303
-0.0914303
-0.0914303
0.0594969
0.0594178
0.0592934
0.0591787
0.0590698
0.0589622
0.0588581
0.0587583
0.0586632
0.0585726
0.0584865
0.0584047
0.0583268
0.0582526
0.0581819
0.0581145
0.05805
0.0579883
0.0579291
0.0578721
0.0578172
0.057764
0.0577125
0.0576623
0.0576131
0.0575649
0.0575345
0.0575191
0.0575111
0.0575069
0.0575066
0.0575064
0.0575063
0.0575062
0.057506
0.0575059
0.0575057
0.0575054
0.0575052
0.0575048
0.0575046
0.0575045
0.0575045
0.0575045
0.0575045
0.0575046
0.0575048
0.057505
0.0575052
0.0575054
-0.0914657
-0.0914806
-0.0914901
-0.0915325
-0.0916142
-0.0916806
-0.0918068
-0.0919266
-0.0920445
-0.0921582
-0.0922675
-0.0923721
-0.092472
-0.092567
-0.0926571
-0.0927423
-0.0928226
-0.0928979
-0.0929683
-0.0930336
-0.0930938
-0.093149
-0.093199
-0.0932438
-0.0932833
-0.0933175
-0.0932808
-0.0933022
-0.093316
-0.0933154
-0.0933149
-0.0933146
-0.0933142
-0.0933137
-0.0933132
-0.0933127
-0.093312
-0.0933113
-0.0933106
-0.0933102
-0.0933098
-0.0933094
-0.093309
-0.0933087
-0.0933085
-0.0933085
-0.0933086
-0.0933089
-0.0933103
-0.0933108
0.0577545
0.0576693
0.0574906
0.0573198
0.0571687
0.0570461
0.0569278
0.0568147
0.056707
0.0566048
0.0565082
0.0564168
0.0563304
0.0562488
0.0561717
0.0560987
0.0560297
0.0559644
0.0559024
0.0558436
0.0557877
0.0557344
0.0556835
0.0556346
0.0555876
0.0555422
0.0555158
0.0555029
0.0554961
0.0554925
0.0554906
0.0554904
0.0554903
0.0554903
0.0554902
0.0554902
0.0554902
0.0554902
0.0554902
0.0554902
0.0554902
0.0554902
0.0554902
0.0554902
0.0554903
0.0554903
0.0554903
0.0554903
0.0554904
0.0554904
-0.0934379
-0.0944097
-0.0955454
-0.0982952
-0.100685
-0.102654
-0.104105
-0.104956
-0.107703
-0.107501
-0.106595
-0.104999
-0.102741
-0.102912
-0.0995235
-0.0961592
-0.0923572
-0.0931818
-0.0926064
-0.0917362
-0.0907402
-0.0884617
-0.0831892
-0.0778554
-0.0728353
-0.0678431
-0.064156
-0.0605771
-0.0570899
-0.0537315
-0.0507568
-0.0479296
-0.0452109
-0.0426921
-0.040363
-0.038173
-0.0361247
-0.0342241
-0.0317217
-0.0302374
-0.0289572
-0.0256166
-0.024758
-0.0233558
-0.0229109
-0.0220647
-0.0240053
-0.0274193
-0.0305922
-0.0334004
0.0591328
0.0481901
0.0385215
0.0299032
0.0212717
0.0126805
0.00425332
-0.00190183
-0.00513817
-0.00612295
-0.00629263
-0.00606643
-0.0045551
-0.00276003
-0.000809829
0.000782953
0.00247341
0.00471747
0.00702082
0.00933271
0.0118646
0.0141939
0.0165246
0.0187324
0.0209153
0.0231907
0.0251478
0.0269746
0.0290511
0.03085
0.03255
0.0348221
0.0371959
0.0397041
0.0423879
0.0448071
0.046979
0.0489767
0.0502526
0.0512101
0.0518073
0.0527363
0.0538721
0.0548393
0.0558798
0.0569614
0.0580659
0.0591913
0.0603358
0.0614104
-0.0209784
-0.019932
-0.0188633
-0.0177804
-0.0166779
-0.0155362
-0.0143768
-0.0132002
-0.0120069
-0.0107974
-0.0095716
-0.00832951
-0.00707078
-0.00579486
-0.00450101
-0.00318819
-0.00185513
-0.000500297
0.000878165
0.00228242
0.00371502
0.00517895
0.00667786
0.00819742
0.00974671
0.00979183
0.00986367
0.00994075
0.00999792
0.0100476
0.0100956
0.010142
0.010213
0.0102868
0.0103581
0.0104199
0.0104774
0.0105307
0.0105804
0.0106275
0.0106768
0.010727
0.0107759
0.0108237
0.0108704
0.010916
0.0109607
0.0110044
0.0110472
0.0110892
0.101651
0.101878
0.102102
0.102323
0.102541
0.102757
0.102971
0.103105
0.10321
0.103287
0.103335
0.103355
0.103355
0.103355
0.103355
0.103355
0.103354
0.103354
0.103354
0.103354
0.103354
0.103354
0.103353
0.103353
0.103353
0.103353
0.103353
0.103353
0.103353
0.103353
0.103352
0.103352
0.103352
0.103352
0.103352
0.103352
0.103352
0.103352
0.103352
0.103352
0.103351
0.103351
0.103351
0.103351
0.103351
0.103351
0.103351
0.103351
0.103351
0.103351
0.01143
0.01143
0.01143
0.01143
0.01143
0.01143
0.0114301
0.0114301
0.0114301
0.0114301
0.0114301
0.0114302
0.0114302
0.0114302
0.0114302
0.0114302
0.0114303
0.0114303
0.0114303
0.0114303
0.0114304
0.0114304
0.0114304
0.0114304
0.0114305
0.0114305
0.0114305
0.0114305
0.0114306
0.0114306
0.0114306
0.0114306
0.0114307
0.0114307
0.0114307
0.0114308
0.0114308
0.0114308
0.0114309
0.0114309
0.0114309
0.011431
0.011431
0.011431
0.0114311
0.0114311
0.0114311
0.0114312
0.0114312
0.0114312
0.103351
