0.000872797
0.000824981
0.000689718
0.000617557
0.000573465
0.000532866
0.000495177
0.000460171
0.000427145
0.00039674
0.000368663
0.000342558
0.00031828
0.000295681
0.000274642
0.000255053
0.000236835
0.000219886
0.000204117
0.000189445
0.000175793
0.000163088
0.00015126
0.000140245
0.000129989
0.000120447
0.000111569
0.000103306
9.56851e-05
8.86025e-05
8.20215e-05
7.5908e-05
7.02285e-05
6.49129e-05
5.99593e-05
5.53487e-05
5.10595e-05
4.70693e-05
4.33574e-05
3.99046e-05
3.66931e-05
3.37066e-05
3.09295e-05
2.83477e-05
2.59451e-05
2.37165e-05
2.16456e-05
1.97216e-05
1.79344e-05
1.62701e-05
1.47841e-05
1.3354e-05
1.20442e-05
1.08371e-05
9.72036e-06
8.68516e-06
7.72403e-06
6.83175e-06
6.0032e-06
5.23387e-06
4.51965e-06
3.85672e-06
3.24154e-06
2.6708e-06
2.14141e-06
1.65048e-06
1.19528e-06
7.73251e-07
3.82001e-07
1.92548e-08
-3.17098e-07
-6.29075e-07
-9.18547e-07
-1.1871e-06
-1.43647e-06
-1.66829e-06
-1.8878e-06
-2.07861e-06
-2.24594e-06
-2.39261e-06
-2.52052e-06
-2.63583e-06
-2.76205e-06
-2.88448e-06
-3.00335e-06
-3.1201e-06
-3.23503e-06
-3.34661e-06
-3.45455e-06
-3.52384e-06
-3.58992e-06
-3.64278e-06
-3.68212e-06
-3.70882e-06
-3.72367e-06
-3.73095e-06
-3.73439e-06
-3.73438e-06
-3.73123e-06
-3.7252e-06
-3.71712e-06
-5.49043e-07
-8.65831e-07
1.18031e-05
1.24126e-05
1.1136e-05
9.95503e-06
8.86374e-06
7.85519e-06
6.92291e-06
6.06101e-06
5.26417e-06
4.52745e-06
3.84632e-06
3.21663e-06
2.63458e-06
2.09661e-06
1.59951e-06
1.14025e-06
7.1614e-07
3.24624e-07
-3.65841e-08
-3.69601e-07
-6.76328e-07
-9.57888e-07
-1.21364e-06
-1.42425e-06
-1.65838e-06
-1.87664e-06
-2.07916e-06
-2.26374e-06
-2.42798e-06
-2.53794e-06
-2.62604e-06
-2.70432e-06
-2.79633e-06
-2.88447e-06
-2.97303e-06
-3.06151e-06
-3.14715e-06
-3.23019e-06
-3.31911e-06
-3.39678e-06
-3.46384e-06
-3.52105e-06
-3.56901e-06
-3.60862e-06
-3.64043e-06
-3.66482e-06
-3.68203e-06
-3.70461e-06
2.55808e-06
7.03169e-06
6.38481e-06
5.66981e-06
4.96959e-06
4.31835e-06
3.71248e-06
3.14863e-06
2.62371e-06
2.13521e-06
1.68052e-06
1.25728e-06
8.63246e-07
4.96342e-07
1.54713e-07
-1.63466e-07
-4.59802e-07
-7.35872e-07
-9.93034e-07
-1.23265e-06
-1.4559e-06
-1.66398e-06
-1.85792e-06
-2.03869e-06
-2.20719e-06
-2.36429e-06
-2.50235e-06
-2.6237e-06
-2.72956e-06
-2.82048e-06
-2.93691e-06
-3.0598e-06
-3.18829e-06
-3.32145e-06
-3.43518e-06
-3.52709e-06
-3.60497e-06
-3.67326e-06
-3.73456e-06
-3.79034e-06
-3.84082e-06
-3.88796e-06
-3.932e-06
-3.97318e-06
-4.01164e-06
-4.04746e-06
-4.08102e-06
-4.11233e-06
-4.1416e-06
-4.1775e-06
-4.28177e-06
-4.46627e-06
-4.57508e-06
-4.5869e-06
-4.59937e-06
-4.61194e-06
-4.62405e-06
-4.63572e-06
-4.64665e-06
-4.65685e-06
-4.66641e-06
-4.67525e-06
-4.68331e-06
-4.69074e-06
-4.6974e-06
-4.70344e-06
-4.70888e-06
-4.71372e-06
-4.71781e-06
-4.7213e-06
-4.72422e-06
-4.72647e-06
-4.72808e-06
-4.72911e-06
-4.72943e-06
-4.93995e-06
-4.9356e-06
-4.94164e-06
-4.95621e-06
-4.97858e-06
-5.00885e-06
-4.98089e-06
-4.90613e-06
-4.78688e-06
-4.62565e-06
-4.42486e-06
-4.29779e-06
-4.23308e-06
-4.17326e-06
-4.20371e-06
-4.23552e-06
-4.26548e-06
-4.2936e-06
-4.31986e-06
-4.34449e-06
-4.36748e-06
-4.38897e-06
-4.40912e-06
-4.42791e-06
-4.44923e-06
-4.38546e-06
-4.24337e-06
-4.2117e-06
-4.22456e-06
-4.23398e-06
-4.24077e-06
-4.24554e-06
-4.24864e-06
-4.25022e-06
-4.25044e-06
-4.24935e-06
-4.24718e-06
-4.24385e-06
-4.23952e-06
-4.23417e-06
-4.22788e-06
-4.22066e-06
-4.21263e-06
-4.20366e-06
-4.1939e-06
-4.18333e-06
-4.17203e-06
-4.16001e-06
-4.14719e-06
-4.13371e-06
-4.11919e-06
-4.09031e-06
-4.04978e-06
-3.99865e-06
-4.04151e-06
-4.11092e-06
-4.20638e-06
-4.32659e-06
-4.46977e-06
-4.63445e-06
-4.81878e-06
-5.02149e-06
-5.24178e-06
-5.48957e-06
-5.63291e-06
-5.68709e-06
-5.65668e-06
-5.58901e-06
-5.48656e-06
-5.34923e-06
-5.17706e-06
-4.96936e-06
-4.7249e-06
-4.55773e-06
-4.45619e-06
-4.65477e-06
-5.14825e-06
-5.63586e-06
-5.96253e-06
-6.26164e-06
-7.82679e-06
-7.73467e-06
-7.6609e-06
-7.59164e-06
-7.52685e-06
-7.46647e-06
-7.41045e-06
-7.35895e-06
-7.31192e-06
-7.26938e-06
-7.23127e-06
-7.19769e-06
-7.16856e-06
-7.14376e-06
-7.12316e-06
-7.10677e-06
-7.09445e-06
-7.08614e-06
-7.08147e-06
-7.08047e-06
-7.85387e-06
-7.82402e-06
-7.81236e-06
-7.65341e-06
-7.45256e-06
-7.21307e-06
-6.93268e-06
-6.61091e-06
-6.24908e-06
-5.84927e-06
-5.41444e-06
-4.94653e-06
-4.44821e-06
-4.02311e-06
-3.71864e-06
-3.52512e-06
-3.43675e-06
-3.4477e-06
-3.55331e-06
-3.74893e-06
-4.02971e-06
-4.39187e-06
-4.83666e-06
-5.34698e-06
-5.93422e-06
-6.38654e-06
-6.22626e-06
-6.05724e-06
-6.07496e-06
-6.22927e-06
-6.31842e-06
-6.39692e-06
-6.47278e-06
-6.54616e-06
-6.61658e-06
-6.6836e-06
-6.74661e-06
-6.80664e-06
-6.86176e-06
-6.9106e-06
-6.95152e-06
-6.98302e-06
-7.00345e-06
-7.0101e-06
-7.00207e-06
-6.97755e-06
-6.93533e-06
-6.87466e-06
-6.79476e-06
-6.69549e-06
-6.58039e-06
-6.42143e-06
-6.22707e-06
-5.99803e-06
-5.73398e-06
-5.57088e-06
-5.42062e-06
-5.27039e-06
-5.11916e-06
-4.96516e-06
-4.76857e-06
-4.53831e-06
-4.28478e-06
-4.01454e-06
-3.73293e-06
-3.44416e-06
-3.15119e-06
-2.85674e-06
-2.56335e-06
-2.27297e-06
-1.98832e-06
-1.71239e-06
-1.44386e-06
-1.18619e-06
-nan
nan
-nan
nan
-nan
nan
-nan
nan
-nan
nan
-nan
nan
-nan
nan
-nan
nan
-nan
nan
-nan
nan
-nan
nan
-nan
nan
-nan
nan
-nan
nan
-nan
nan
-nan
nan
-nan
nan
-nan
nan
-nan
nan
-nan
nan
-nan
nan
-nan
nan
-nan
nan
-nan
nan
-nan
nan
-nan
nan
-nan
nan
-nan
nan
-nan
nan
-nan
nan
-nan
nan
-nan
nan
-nan
nan
-nan
nan
-nan
nan
-nan
nan
-nan
nan
-nan
nan
-nan
nan
-nan
nan
-nan
nan
-nan
nan
-nan
nan
-nan
nan
-nan
nan
-nan
nan
-nan
nan
-nan
nan
-nan
nan
-nan
nan
-nan
nan
-nan
nan
-nan
nan
-nan
nan
-nan
nan
-nan
nan
-nan
nan
-nan
nan
-nan
nan
-nan
nan
-nan
nan
-nan
nan
-nan
nan
-nan
nan
-nan
nan
-nan
nan
-nan
nan
-nan
nan
-nan
nan
-nan
nan
-nan
nan
-nan
nan
-nan
nan
-nan
nan
-nan
nan
-nan
nan
-nan
nan
-nan
nan
-nan
nan
-nan
nan
-nan
nan
-nan
nan
-nan
nan
-nan
nan
-nan
nan
-nan
nan
-nan
nan
-nan
nan
-nan
nan
-nan
nan
-nan
nan
-nan
nan
-nan
nan
-nan
nan
-nan
nan
-nan
nan
-nan
nan
-nan
nan
-nan
nan
-nan
nan
-nan
nan
-nan
nan
-nan
nan
-nan
nan
-nan
nan
-nan
nan
-nan
nan
-nan
nan
-nan
nan
-nan
nan
-nan
nan
-nan
nan
-nan
nan
-nan
nan
-nan
nan
-nan
nan
-nan
nan
-nan
nan
-nan
nan
-nan
nan
-nan
nan
-nan
nan
-nan
nan
-nan
nan
-nan
nan
-nan
