0
-0.000446339
0.0841865
-0.0166277
-0.0608269
-0.086104
-0.107218
-0.124256
-0.0448137
-0.0975071
-0.126241
-0.101274
-0.0781102
-0.0556504
-0.0345332
-0.0210271
-0.0265351
-0.0305363
-0.0321115
-0.0345842
-0.0376656
-0.0411439
-0.052254
-0.063101
-0.0708393
-0.0661471
-0.0635284
-0.0634782
-0.0426798
-0.0334345
-0.0241785
-0.0149009
-0.00646792
-0.0174534
-0.0256273
-0.0279987
-0.0279915
-0.0278861
-0.0276765
-0.0272356
-0.0265843
-0.0257512
-0.0247584
-0.0236231
-0.0228246
-0.020583
-0.0191909
-0.0176138
-0.0158214
-0.0139045
-0.0117605
-0.00694281
-0.00336763
-0.000503131
0.00196832
0.00422579
0.00635864
0.0084333
0.0104906
0.0125372
0.0145843
0.0166394
0.0187077
0.0207934
0.0228997
0.0250296
0.027186
0.0293713
0.0315883
0.0338393
0.036127
0.0384537
0.0408534
0.0434928
0.0461807
0.0489165
0.0513531
0.0554215
0.0588179
0.0618106
0.0645605
0.0645422
0.0583312
0.0556528
0.0528668
0.0499129
0.0469195
0.0442644
0.0416716
0.038501
0.0358195
0.0376914
0.0398157
0.0417308
0.0434644
0.043509
0.0420963
0.0405562
0.0389317
0.037228
0.0354477
0.0439147
0.0439005
0.0357861
0.0292724
0.0209615
0.0175608
0.0147744
0.0119749
0.00914136
0.00629227
0.00343853
0.000584754
-0.00226782
-0.00511952
-0.00797157
-0.0108256
-0.0136836
-0.0165473
-0.0194191
-0.0223011
-0.0251957
-0.0281055
-0.0310332
-0.0338332
-0.0365486
-0.0389853
-0.0434197
-0.0478898
-0.0514248
-0.0546882
-0.0577824
-0.0481107
-0.0443209
-0.0416941
-0.0446076
-0.0473928
-0.0501321
-0.0519076
-0.0523105
-0.052296
-0.055138
-0.0526384
-0.0498644
-0.046858
-0.0436378
-0.0402926
-0.0367517
-0.0329793
-0.028953
-0.0289756
-0.0317895
-0.0296589
-0.0262418
-0.020448
-0.0168966
-0.0140018
-0.0111787
-0.008403
-0.00563547
-0.00284197
-5.4273e-05
0.00273048
0.00551578
0.00830528
0.0111027
0.0139118
0.0167363
0.0195802
0.0224471
0.0253412
0.0282663
0.0312266
0.0342263
0.0372697
0.0403613
0.0434199
0.0477577
0.0514787
0.0548408
0.0579892
0.0519038
0.0494902
0.0469374
0.0442917
0.0467137
0.0496938
0.0510089
0.0512986
0.0509263
0.0501299
0.049149
0.0476603
0.0459789
0.0441332
0.0421376
0.0399933
0.0376974
0.0352524
0.0326593
0.0299159
0.0280382
0.0232852
0.0188096
0.014977
0.0121049
0.00944384
0.00690083
0.00442513
0.00198817
-0.000426791
-0.00283009
-0.00522863
-0.0076274
-0.0100303
-0.0124408
-0.0148618
-0.0172961
-0.0197465
-0.0222154
-0.0247054
-0.0272187
-0.0297578
-0.0323247
-0.0349212
-0.0375488
-0.0394331
-0.0446215
-0.0485187
-0.0519589
-0.0551296
-0.0581399
-0.0486685
-0.0408242
-0.032668
-0.0242731
-0.0156663
-0.0265706
-0.035779
-0.0358195
-0.0496544
-0.0491866
-0.0480025
-0.0465803
-0.0449364
-0.0430798
-0.0410184
-0.0387562
-0.0362873
-0.0335974
-0.0306649
-0.0290333
-0.0252038
-0.0209389
-0.0172995
-0.0140645
-0.0109366
-0.00787713
-0.00486226
-0.00187664
0.00109022
0.00404604
0.00699691
0.00994795
0.0129037
0.0158684
0.0188461
0.0218406
0.0248557
0.0278952
0.0309629
0.0340623
0.0371974
0.0403719
0.0435897
0.0468547
0.0502046
0.0548907
0.0589531
0.0626559
0.050656
0.0472778
0.0435073
0.0394542
0.0351756
0.0306982
0.0260281
0.02115
0.0159967
0.00902241
0.0208855
0.0312836
0.0416502
0.0457559
0.0496536
0.053685
0.0578722
0.0622569
0.0669642
0.0556498
0.0451549
0.0348736
0.0224975
0.0103481
-0.00107626
-0.00107414
-0.00725116
-0.00970338
-0.0121094
-0.0143678
-0.0166222
-0.0188794
-0.0211443
-0.0234208
-0.0257122
-0.0280215
-0.0303515
-0.0327047
-0.0350838
-0.0374912
-0.0399294
-0.0424005
-0.0449068
-0.0474501
-0.0500323
-0.0526546
-0.0544407
-0.0598025
-0.063816
-0.0456635
-0.0396752
-0.0331924
-0.0260785
-0.018478
-0.010556
-0.0024101
0.00591286
0.0143949
0.0230383
0.018586
0.00770181
-0.0021702
-0.0119864
-0.0217533
-0.0314761
-0.0411507
-0.0507562
-0.0603699
-0.0700783
-0.0791014
-0.0880992
-0.0880464
-0.0612944
-0.0484331
-0.0366217
-0.0248483
-0.0144003
-0.0101132
-0.00673874
-0.00339868
-8.09744e-05
0.0032229
0.00651961
0.00953888
0.0125613
0.0155916
0.0186337
0.0216917
0.0247693
0.0278702
0.0309986
0.034158
0.0373528
0.0405868
0.0438642
0.0471891
0.0505852
0.0553314
0.0594401
0.0631975
0.0667491
0.0546701
0.051498
0.0493129
0.0470487
0.0447255
0.0467901
0.0480438
0.048312
0.0479432
0.0471414
0.0460267
0.0446702
0.0431135
0.0413824
0.0394904
0.0374479
0.0352621
0.0329164
0.03042
0.0277677
0.0153806
-0.00518107
-0.0489566
-0.0561948
-0.041135
-0.0187121
0.0239484
0.022022
0.121944
0.172243
0.206074
0.241851
0.244014
0.312924
0.36455
0.380397
0.474371
0.515876
0.544644
0.560647
0.604108
0.56315
0.557473
0.520856
0.502967
0.448314
0.422409
0.39568
0.368203
0.429575
0.42503
0.416764
0.390877
0.370124
0.362754
0.357844
0.355245
0.3564
0.357304
0.366071
0.362459
0.33059
0.302415
0.267074
0.265514
0.230081
0.229032
0.225625
0.223476
0.219454
0.216373
0.350418
0.368669
0.357148
0.34749
0.33901
0.339387
0.460376
0.467501
0.494992
0.495543
0.585048
0.606303
0.606055
0.629309
0.627627
0.680309
0.678225
0.673575
0.673057
0.662108
0.65243
0.653303
0.668209
0.667643
0.649973
0.630889
0.630017
0.609685
0.581825
0.580675
0.552638
0.523725
0.202029
0.168422
0.132842
0.120452
0.0855563
0.0576783
0.022337
0.0488076
0.0755759
0.0627966
0.0611793
0.0595914
0.0570302
0.0543832
0.0516558
0.0439673
0.04005
0.0360604
0.0320006
0.0274857
0.0232463
0.0187119
0.0140956
0.00942559
0.00468946
-0.00012354
-0.00497836
-0.0098698
-0.0147927
-0.0197426
-0.0247142
-0.0297027
-0.0347046
-0.039716
-0.0447377
-0.0497734
-0.0548373
-0.059961
-0.0652234
-0.0744224
-0.083196
0.055103
0.0869482
0.0895997
0.0633147
0.0548028
0.0536839
0.0526389
0.0986405
0.101924
0.100127
0.0877929
0.0826728
0.0776948
0.0730947
0.0697504
0.0730244
0.074614
0.0732888
0.0720255
0.0708239
0.0696831
0.0686025
0.067581
0.0666181
0.065713
0.064865
0.0640736
0.0633381
0.0626581
0.062033
0.0614625
0.060946
0.0383283
0.0301733
0.0220312
0.0138975
0.00577084
-4.34596e-05
-4.47738e-05
-4.348e-05
-4.21963e-05
-4.09314e-05
-3.96815e-05
-3.84441e-05
-3.72186e-05
-3.60037e-05
-3.48045e-05
-3.36172e-05
-3.24413e-05
-3.12765e-05
-3.01204e-05
-2.89778e-05
-2.78464e-05
-2.67298e-05
-2.56261e-05
-2.45328e-05
-2.34504e-05
-2.23783e-05
-2.13186e-05
-2.02674e-05
-1.92285e-05
-1.81966e-05
-1.71785e-05
-1.61707e-05
-1.51715e-05
-1.41802e-05
-1.32012e-05
-1.22302e-05
-1.12716e-05
-1.03218e-05
-9.38062e-06
-8.44844e-06
-7.52434e-06
-6.60993e-06
-5.70702e-06
-4.8103e-06
-3.925e-06
-3.0543e-06
-2.18276e-06
-1.32299e-06
-4.69416e-07
3.72123e-07
1.20611e-06
2.03332e-06
2.85118e-06
3.66081e-06
4.46205e-06
5.25621e-06
6.0395e-06
6.81784e-06
7.58495e-06
8.34844e-06
9.09637e-06
9.84252e-06
1.05878e-05
1.13184e-05
1.20437e-05
1.27608e-05
1.34707e-05
1.41725e-05
1.48691e-05
1.55583e-05
1.624e-05
1.69172e-05
1.75866e-05
1.82488e-05
1.89022e-05
1.95508e-05
2.01931e-05
2.08281e-05
2.1458e-05
2.20796e-05
2.23167e-05
2.23683e-05
2.32036e-05
2.38038e-05
2.43992e-05
2.49726e-05
2.55696e-05
2.61487e-05
2.67182e-05
2.72668e-05
2.70619e-05
2.76214e-05
2.81714e-05
2.87178e-05
