0
-0.193685
0.0412791
0.369789
0.399038
0.12037
0.277854
0.200659
-0.296371
0.148978
0.19312
-0.255234
-0.238572
-0.233455
-0.220704
-0.353968
0.0921935
0.0540237
0.0204845
0.019078
0.0189159
0.0190084
0.0761719
0.0725435
0.0470722
-0.0500898
-0.0354408
-0.016723
-0.176962
-0.0894574
-0.0901227
-0.0907837
-0.0846085
0.064906
0.043076
-0.0032931
-0.0216375
-0.0228757
-0.0240962
-0.0264993
-0.0287516
-0.0307653
-0.0326015
-0.0342871
-0.03441
-0.0444138
-0.0381789
-0.0401594
-0.0424292
-0.0442212
-0.0480815
-0.0748702
-0.0574719
-0.052153
-0.049128
-0.0474733
-0.0465154
-0.046024
-0.0458387
-0.0456768
-0.0455762
-0.0455087
-0.0454579
-0.045415
-0.0453747
-0.0453342
-0.0452917
-0.045246
-0.0451961
-0.0451414
-0.0450811
-0.0450143
-0.0451851
-0.0466234
-0.0465448
-0.046432
-0.0428522
-0.0544968
-0.0478921
-0.0432763
-0.0399178
-0.0169224
0.0327124
0.00653719
0.00857367
0.0110535
0.0124037
0.0108004
0.0112752
0.0169002
0.0137244
-0.0208605
-0.0220618
-0.0196803
-0.0175177
-0.00366703
0.00833262
0.00996713
0.011244
0.0124579
0.0136277
-0.0661305
-0.00278296
0.0587477
0.0527265
0.0659782
0.0286523
0.0240174
0.0242168
0.0245515
0.0247126
0.02476
0.0247415
0.0246832
0.0245966
0.0244889
0.0243635
0.0242218
0.0240653
0.0238963
0.0237141
0.0235219
0.0233209
0.023113
0.0217566
0.0207451
0.0206043
0.0281666
0.0304876
0.0224329
0.0192648
0.0168245
-0.0835025
-0.0389144
-0.0308554
0.0111487
0.00922628
0.00771118
-0.000929321
-0.0127362
-0.0171013
0.00393234
-0.0388485
-0.042107
-0.0449647
-0.0476079
-0.0495012
-0.0518981
-0.05455
-0.0573629
-0.0268291
-0.0114514
-0.0485324
-0.0545344
-0.0725987
-0.0551913
-0.0500706
-0.0496024
-0.0493335
-0.0493546
-0.0496172
-0.0496062
-0.0495888
-0.0495695
-0.0495494
-0.0495291
-0.0495087
-0.0494885
-0.0494683
-0.0494482
-0.0494282
-0.0494081
-0.049388
-0.0493678
-0.0493473
-0.0493266
-0.047117
-0.0577876
-0.051646
-0.0474677
-0.0444488
0.0285409
0.00119697
0.00338761
0.00516562
-0.0331664
-0.0364395
-0.0224367
-0.0134205
-0.00725223
-0.00296245
-0.000575594
0.0042789
0.00664085
0.00874279
0.0106922
0.0125989
0.0144914
0.0163326
0.0181369
0.0199252
0.00932865
0.032423
0.0316531
0.0280442
0.021946
0.0206829
0.0199532
0.0195075
0.0192148
0.0190055
0.0188421
0.0187042
0.0185805
0.0184644
0.0183522
0.0182417
0.0181312
0.0180198
0.0179067
0.0177912
0.0176725
0.01755
0.0174229
0.01729
0.0171501
0.0138497
0.0306628
0.0232162
0.0186032
0.0153731
0.0129405
-0.08521
-0.073628
-0.0769688
-0.0796755
-0.0820905
0.0687474
0.0546671
-0.0173487
0.0885271
-0.0236919
-0.0303038
-0.0331667
-0.035873
-0.0384823
-0.0409958
-0.0434454
-0.0459224
-0.0485053
-0.0512598
-0.0477224
-0.0638984
-0.0631924
-0.0578673
-0.0546491
-0.0536151
-0.0530323
-0.0526929
-0.0524853
-0.0523494
-0.052253
-0.0521781
-0.0521149
-0.0520579
-0.0520035
-0.05195
-0.0518959
-0.0518402
-0.0517824
-0.0517216
-0.0516574
-0.0515891
-0.0515161
-0.0514376
-0.0513527
-0.049838
-0.0606641
-0.0545528
-0.0503902
0.0729911
0.00708252
0.0112145
0.0144294
0.0171377
0.0195748
0.0218995
0.0242769
0.0271075
0.041877
-0.104018
-0.0918627
-0.0907734
-0.0411798
-0.0386763
-0.038809
-0.0390817
-0.0396459
-0.0411429
0.0844632
0.0789086
0.0760196
0.0923681
0.0895859
0.0833908
-0.0022175
0.0429851
0.0171783
0.0168666
0.0154434
0.015247
0.0150617
0.014882
0.0147062
0.0145328
0.0143606
0.0141889
0.0140167
0.0138435
0.0136684
0.0134909
0.0133101
0.0131255
0.0129358
0.0127401
0.0125367
0.00851707
0.0263698
0.0184325
-0.154816
-0.0615404
-0.0660136
-0.071657
-0.0761848
-0.0794089
-0.0818069
-0.0837539
-0.0854655
-0.0870988
0.0143422
0.0640635
0.0555637
0.0545207
0.0534231
0.0522664
0.0509822
0.0494418
0.0484136
0.0480568
0.0411206
0.0397236
-0.039533
-0.251875
-0.13357
-0.121994
-0.121947
-0.114182
-0.0661595
-0.059067
-0.058819
-0.0586564
-0.0585395
-0.0584474
-0.0562283
-0.0561609
-0.0561002
-0.0560404
-0.0559806
-0.0559191
-0.0558536
-0.0557887
-0.0557194
-0.0556498
-0.0555754
-0.0554975
-0.0554154
-0.0536456
-0.0650964
-0.058759
-0.0546326
-0.0516467
0.0714236
0.00315157
-0.00344665
-0.00177911
-0.000307251
-0.0335105
-0.0261694
-0.0174713
-0.0115218
-0.00717946
-0.0038095
-0.00103107
0.00138542
0.00356578
0.00560938
0.00754213
0.00939074
0.0113357
0.0131831
0.0150302
-1.68142
-1.43521
-0.644681
-0.0374872
-0.216997
-0.110151
-0.384119
-0.026576
-0.0891756
-0.0387096
-0.00380475
0.0607355
0.262571
-0.579119
0.517701
-0.21833
1.51165
0.95572
0.45329
1.12876
0.62318
3.41171
0.696526
-0.0205123
0.56103
2.1635
0.22123
0.277553
0.255677
-0.932168
0.13857
-0.223661
-0.0483381
-0.103588
-0.0879749
-0.157157
-0.219229
-0.247095
-0.373431
-0.473275
-0.57881
-0.275737
-0.419736
-0.016764
-0.252188
-0.658352
-0.767974
-0.256055
-0.153579
-0.0762862
-0.211506
-0.525905
-0.241713
-0.0419506
-0.143572
-0.3097
-0.411159
-0.854429
-0.117441
-0.200208
0.151013
-0.577653
-0.0812957
0.112416
-0.382051
-0.0292961
-0.510636
0.0736017
0.105315
0.159161
0.0847733
0.169411
0.0897323
-0.122779
0.135388
0.184184
0.231026
0.116099
0.246348
0.316248
0.194522
0.354139
0.364306
5.25787
0.429935
0.621367
-0.0624505
0.296293
0.424483
0.514974
0.35662
0.158151
0.414241
0.281433
0.307986
0.328555
0.331014
0.333373
0.371704
0.349918
0.351929
0.353851
0.35855
0.357965
0.362087
0.364545
0.365945
0.367449
0.369032
0.370085
0.371009
0.371805
0.372483
0.373036
0.37347
0.373805
0.374038
0.374237
0.374446
0.374818
0.3756
0.37748
0.428727
0.423368
-1.53352
-0.142277
0.139291
0.496678
0.40835
0.317931
0.318125
-0.100153
0.119881
0.36406
0.434005
0.397177
0.393871
0.370422
0.33009
0.269443
0.291579
0.327067
0.327503
0.327922
0.328333
0.328736
0.329132
0.329521
0.329903
0.330279
0.33065
0.331015
0.331376
0.331732
0.332084
0.332432
0.634231
0.437836
0.437948
0.437993
0.437943
0.406456
0.327362
0.327325
0.327325
0.327324
0.327324
0.327323
0.327323
0.327322
0.327322
0.327321
0.327321
0.327321
0.32732
0.32732
0.327319
0.327319
0.327319
0.327319
0.327318
0.327318
0.327318
0.327318
0.327317
0.327317
0.327317
0.327317
0.327317
0.327317
0.327317
0.327316
0.327316
0.327316
0.327316
0.327316
0.327316
0.327316
0.327316
0.327316
0.327316
0.327318
0.327317
0.327317
0.327317
0.327317
0.327317
0.327317
0.327317
0.327318
0.327318
0.327318
0.327318
0.327318
0.327319
0.327319
0.327319
0.32732
0.32732
0.32732
0.32732
0.327321
0.327321
0.327321
0.327322
0.327322
0.327323
0.327323
0.327323
0.327324
0.327324
0.327325
0.327325
0.327326
0.327326
0.327327
0.327332
0.327335
0.327325
0.327328
0.327329
0.32733
0.32733
0.327331
0.327331
0.327332
0.327343
0.327333
0.327333
0.327334
