0
0.0881731
0.0166505
0.0743762
-0.165529
-0.383256
-0.62207
-0.83033
-1.07952
-1.23286
-1.36524
-1.52331
-1.69986
-1.89272
-1.97947
-1.88591
-1.72835
-1.49895
-1.23094
-0.974309
-0.843283
-0.697652
-0.751426
-1.09849
-1.14553
-1.40962
-1.32554
-1.04598
-0.752262
-0.446494
0.0989862
0.0394714
0.203503
0.914948
0.950526
1.0184
1.16465
1.27361
1.69433
1.86724
1.90054
1.8939
1.95152
1.93497
2.04715
2.02541
1.98709
1.86118
1.71233
1.46344
1.26296
0.971464
0.898729
0.818092
0.641005
0.736522
0.843557
0.966267
0.918527
1.00455
1.01802
1.04822
1.03302
0.946853
0.859403
0.775867
0.713355
0.612303
0.600307
0.570184
0.558494
0.561432
0.563308
0.56157
0.802706
0.903994
1.07689
1.16867
1.26504
1.36549
1.46955
1.57679
1.83708
2.13961
2.22107
2.1687
2.28178
2.37831
2.31276
2.25759
1.93758
2.05523
2.20546
2.21002
2.18102
2.15046
2.07929
2.0455
2.06066
2.02856
2.04478
1.93348
1.99381
2.05187
2.10788
2.14628
2.13467
2.09223
2.20077
2.20772
2.24475
2.29009
2.11604
2.10127
2.06701
2.04823
1.95626
1.85906
1.75667
1.74048
1.61697
1.53678
1.44734
1.35257
1.2489
1.13824
0.935336
0.877375
0.726874
0.334692
-0.0502011
-0.160235
-0.223965
-0.16745
-0.104472
-0.996239
-1.64435
-1.71168
-1.9631
-2.23173
-2.32253
-2.35606
-2.39394
-2.45888
-2.53834
-2.82917
-2.84293
-2.90131
-2.97695
-3.04546
-3.08699
-3.08524
-3.10103
-3.17583
-3.20573
-3.28608
-3.3081
-3.51032
-3.34298
-3.2022
-1.84861
-1.78263
-1.35959
-0.803747
-0.731037
-0.578257
-0.414317
-0.375829
-0.463745
0.0423143
0.103113
0.166947
0.216206
0.190031
0.209791
0.167072
0.230144
0.297529
0.510329
0.552669
0.646366
0.69157
0.779664
0.738001
0.779614
0.741565
0.79109
0.755863
0.79575
0.779065
1.09615
0.80638
1.12767
0.831393
1.1505
0.836398
1.14592
0.835067
1.10717
0.722116
0.959472
0.829458
0.738507
0.643959
0.221964
-0.0584449
-0.158987
-0.54011
-0.414863
-0.782081
-0.664162
-0.940395
-0.800271
-1.55977
-1.58277
-1.95156
-1.86826
-1.72282
-1.16269
-1.09844
-1.05194
-1.05277
-0.9446
-0.886012
-0.976265
-0.813596
-0.369607
-0.0815023
0.277825
0.248936
0.24362
0.179489
0.343815
0.459981
0.574911
0.660005
0.743294
0.785801
0.848599
0.825212
0.82945
0.69762
0.657278
0.674681
0.648843
0.284673
0.499218
0.294392
0.398212
0.179878
0.112436
0.337464
0.551062
0.749932
0.901174
1.11114
1.17656
1.2671
1.37563
0.970681
1.46215
1.66642
1.35531
1.5064
1.53075
0.8274
0.83785
0.722824
0.707092
0.693257
0.67925
0.548178
0.414458
0.239034
0.0668985
-0.0965585
-0.233774
-0.369834
-0.501919
-0.548859
-0.585194
-1.14719
-1.56191
-1.42209
-1.3103
-1.29743
-1.44291
-1.51288
-1.73921
-1.95398
-2.16859
-2.58489
-2.60053
-2.58335
-2.51382
-2.37813
-2.29922
-2.28397
-2.19934
-2.17658
-2.18099
-2.05619
-1.94234
-1.79878
-1.73107
-1.69236
-1.46527
-1.44535
-1.37916
-1.32143
-1.34472
-1.34458
-1.3811
-1.38012
-1.35326
-1.38606
-1.38426
-1.37382
-1.37649
-1.49706
-0.827434
-0.852823
-0.938549
-0.964811
-1.00232
-1.01408
-0.488312
-0.437882
-0.521041
-0.541501
-0.468707
-0.405998
-0.469877
-0.392764
-0.273638
-0.204592
-0.267317
-0.129608
-0.197424
-0.0668496
-0.141974
-0.0239993
-0.101354
0.00844613
-0.0655556
0.0429593
-0.0473889
0.0835629
-0.00933708
0.126184
0.00205886
0.138138
0.0141842
0.150729
0.0269973
0.163666
0.0404351
0.177009
0.0544513
0.189176
0.0681703
0.202879
0.0826494
0.21312
0.0955465
0.225382
0.109447
0.230557
0.108417
0.218167
0.110465
0.235206
0.125856
0.250708
0.14268
0.214964
0.165442
0.199212
0.161617
0.243007
0.289869
0.341403
0.387084
0.429973
0.491931
0.484496
0.465241
0.477147
0.460584
0.46395
0.482614
0.47825
0.589779
0.706358
0.857201
0.963451
0.893658
0.88284
0.891721
0.92604
0.94086
0.969546
0.988168
1.27175
1.43676
1.58615
1.72862
1.84671
1.78971
1.85494
1.16355
1.43601
1.54019
1.58563
1.60005
1.6521
1.66705
1.72111
1.73543
1.7914
1.80459
1.27876
1.41493
1.46796
1.48036
1.47853
1.4928
1.48833
1.28373
1.00846
0.970987
0.905695
0.854539
0.796112
0.745115
0.686869
0.635918
0.577748
0.526719
0.549715
0.54863
0.561174
0.538544
0.528044
0.50068
0.483398
0.456547
0.439971
0.413745
0.397954
0.372485
0.357869
0.50464
0.399686
0.373444
0.349477
0.328936
0.313773
0.293345
0.278703
0.258206
0.242803
0.22358
0.20915
0.191342
0.12068
0.0725032
0.00950037
-0.00203296
-0.0458009
-0.0829862
-0.1263
-0.164868
-0.177091
-0.222626
-0.260067
-0.114385
-0.0524284
-0.0736834
-0.212355
-0.478597
-0.692854
-0.978022
-0.998149
-1.36759
-1.24039
-1.39307
-1.3645
-1.64011
-1.54696
-1.73264
-2.07896
-2.24587
-1.91763
-2.09336
-1.59034
-1.65286
-1.53151
-1.76942
-1.69017
-1.69781
-1.53176
-1.58037
-1.54052
-1.57288
-1.36103
-1.38651
-1.28484
-1.22018
-1.06489
-1.03254
-0.918095
0.522592
0.678946
0.558439
0.537851
1.03737
1.37347
1.91381
2.46631
2.52701
2.70085
2.74992
2.87078
2.8585
2.99359
2.86151
2.91171
2.71265
2.74006
2.63099
2.45697
2.32142
2.22285
1.93406
1.80083
1.62274
1.60157
1.76552
1.73697
1.77491
1.7269
1.76421
1.72737
1.76585
1.25498
1.35306
1.34957
1.39592
1.38012
1.40072
1.41342
1.4481
1.47219
1.50251
1.46483
1.47279
1.4118
1.41044
1.32937
1.12729
0.972069
0.803391
0.805419
0.758243
0.822565
0.806107
0.803035
0.8012
0.830177
0.901427
0.950437
1.00853
1.07742
1.16328
1.1632
1.22427
1.21043
1.24235
1.21105
1.26998
1.4565
1.44651
1.43496
1.45356
1.44573
1.36929
1.38394
1.36666
1.40979
1.35612
1.32763
1.33773
1.33305
