0.0698132
0.0763333
0.0819494
0.0849014
0.0858032
0.0856805
0.0851133
0.0845628
0.0843705
0.0849769
0.0836394
0.080503
0.0760788
0.0708759
0.0646908
0.0582329
0.0521576
0.045799
0.0377539
0.027107
0.0134193
-0.00505814
-0.022815
-0.0367113
-0.0511321
-0.0662805
-0.0827993
-0.099402
-0.116073
-0.132721
-0.150167
-0.165887
-0.179918
-0.19495
-0.209039
-0.219685
-0.230972
-0.240755
-0.248833
-0.253632
-0.255478
-0.253777
-0.250486
-0.246167
-0.237756
-0.226517
-0.212556
-0.198945
-0.184497
-0.169874
-0.15469
-0.139931
-0.128474
-0.124639
-0.128153
-0.135705
-0.145435
-0.1549
-0.166288
-0.178182
-0.191398
-0.205505
-0.22113
-0.2363
-0.250293
-0.262894
-0.273264
-0.283332
-0.286018
-0.287999
-0.288675
-0.287914
-0.286893
-0.286533
-0.273746
-0.259642
-0.242425
-0.226812
-0.212946
-0.200961
-0.190977
-0.183102
-0.174079
-0.163285
-0.152014
-0.140246
-0.12686
-0.11191
-0.0919681
-0.078005
-0.0522435
-0.0255227
0.00292174
0.0325293
0.0619111
0.0910971
0.119344
0.145757
0.170815
0.196298
0.222325
0.24945
0.277676
0.307002
0.337423
0.368639
0.400392
0.432734
0.46516
0.498535
0.532265
0.566127
0.596803
0.626304
0.654687
0.681558
0.705031
0.725275
0.74251
0.755549
0.765982
0.773777
0.779284
0.782862
0.784869
0.78564
0.787255
0.787546
0.788039
0.792131
0.799736
0.807794
0.815966
0.823476
0.830348
0.842769
0.860362
0.879102
0.900577
0.92471
0.949842
0.975362
1.00127
1.0276
1.0545
1.08331
1.11226
1.14177
1.17196
1.20284
1.23418
1.26572
1.29764
1.33069
1.36384
1.39749
1.4313
1.46696
1.50074
1.5328
1.55115
1.56693
1.55517
1.54808
1.54088
1.53439
1.52862
1.52229
1.51537
1.50891
1.5013
1.49306
1.48403
1.47631
1.46967
1.46484
1.46087
1.45763
1.45427
1.45162
1.44942
1.44799
1.44658
1.44598
1.44452
1.44403
1.44249
1.44191
1.44026
1.43918
1.43332
1.43143
1.42454
1.42175
1.41395
1.41024
1.40175
1.39723
1.38745
1.38251
1.37327
1.36508
1.35734
1.35024
1.34828
1.34962
1.35218
1.35923
1.36505
1.37489
1.38305
1.39323
1.40114
1.41576
1.43001
1.44644
1.46061
1.4721
1.47954
1.48583
1.49106
1.49536
1.49863
1.50104
1.50082
1.49689
1.4906
1.48301
1.47516
1.46849
1.4628
1.45833
1.45501
1.45242
1.45049
1.44983
1.44923
1.44936
1.44881
1.44854
1.44761
1.44685
1.44602
1.44453
1.44217
1.44085
1.43852
1.43678
1.43443
1.43282
1.43077
1.42842
1.42572
1.42248
1.41843
1.41338
1.40676
1.39864
1.38896
1.38475
1.37383
1.35965
1.34764
1.33166
1.31358
1.30176
1.28891
1.27651
1.26315
1.24913
1.23441
1.22034
1.20707
1.19514
1.18448
1.17496
1.16632
1.15848
1.15133
1.14395
1.136
1.13313
1.13268
1.12894
1.12084
1.11152
1.1031
1.09409
1.08548
1.07679
1.06783
1.06072
1.05321
1.0451
1.03745
1.02883
1.0199
1.01036
1.00011
0.989273
0.977282
0.966049
0.955192
0.944626
0.934624
0.925012
0.914837
0.905161
0.895519
0.886285
0.876782
0.867353
0.856789
0.847096
0.836924
0.827755
0.817251
0.807902
0.79775
0.787189
0.777398
0.768806
0.759366
0.751199
0.742026
0.734237
0.72745
0.721966
0.715729
0.710786
0.705465
0.701867
0.697062
0.694238
0.691303
0.689444
0.686353
0.68532
0.683183
0.682875
0.681538
0.681808
0.681127
0.681933
0.681851
0.68324
0.683538
0.685561
0.686532
0.689263
0.690568
0.693639
0.695286
0.698704
0.7007
0.704469
0.70682
0.710945
0.713656
0.718121
0.721188
0.726012
0.729441
0.734584
0.738358
0.743846
0.747971
0.75369
0.757807
0.763426
0.767765
0.773781
0.77847
0.784836
0.789886
0.796107
0.801348
0.807417
0.812687
0.818673
0.824147
0.830228
0.835818
0.841935
0.847686
0.853953
0.859718
0.865918
0.871616
0.877504
0.883555
0.890006
0.893373
0.898104
0.902731
0.907292
0.910832
0.91385
0.916188
0.918234
0.919622
0.920573
0.920849
0.922223
0.923018
0.923144
0.922168
0.920066
0.916637
0.912155
0.910946
0.911078
0.91232
0.913463
0.914605
0.915536
0.916475
0.917144
0.917823
0.918166
0.918522
0.92294
0.926005
0.928611
0.931095
0.933634
0.936051
0.938512
0.941711
0.946928
0.952306
0.957418
0.962855
0.968552
0.974621
0.980995
0.987778
0.994903
1.00247
1.00913
1.0155
1.02151
1.02737
1.03301
1.0385
1.04383
1.04905
1.05411
1.0591
1.06394
1.06875
1.07342
1.0755
1.07816
1.08069
1.08318
1.08579
1.08831
1.09099
1.09359
1.0963
1.09896
1.10175
1.10451
1.10743
1.11116
1.11553
1.11979
1.1235
1.1272
1.13073
1.13426
1.13776
1.14118
1.14472
1.14824
1.15066
1.15377
1.15927
1.16068
1.16117
1.16225
1.16751
1.17365
1.1832
1.19015
1.19773
1.20342
1.21199
1.21955
1.22645
1.22961
1.22972
1.22847
1.22518
1.21836
1.21047
1.20146
1.19107
1.17988
1.1677
1.15552
1.14247
1.12898
1.1149
1.10191
1.0888
1.07641
1.06461
1.05405
1.0438
1.03454
1.04058
1.04773
1.05361
1.05912
1.0696
1.08334
1.10241
1.12705
1.15226
1.17931
1.20691
1.23597
1.265
1.29569
1.3252
1.35545
1.38366
1.41188
1.43791
1.4597
1.47589
1.48372
1.48194
1.47171
1.45737
1.44046
1.42265
1.40215
1.37797
1.35415
1.32913
1.30447
1.27875
1.27614
1.26899
1.26148
1.25247
1.24408
1.23543
1.22719
1.21875
1.21037
1.20164
1.19424
1.18666
1.18006
1.17295
1.16644
1.16124
1.15599
1.15073
1.14387
1.13641
1.12752
1.11817
1.1083
1.09799
1.08717
1.07536
1.06282
1.04968
1.03587
1.02127
1.00663
0.991372
0.976178
0.960527
0.945018
0.928885
0.912787
0.89676
0.880644
0.864229
0.84786
0.8323
0.816513
0.80083
0.786408
0.772368
0.758413
0.744257
0.730677
