0
0.652162
0.561714
0.296212
0.0862709
-0.0261029
-0.0865781
-0.103741
-0.0935918
-0.0369432
-0.256529
-0.466806
-0.630863
-0.748955
-0.877506
-0.912018
-0.870215
-0.881604
-1.01842
-1.2371
-1.51717
-1.97406
-1.90557
-1.5642
-1.62272
-1.73122
-1.85275
-1.81592
-1.77587
-1.72801
-1.74376
-1.57482
-1.3916
-1.44701
-1.359
-1.02134
-1.09214
-0.953393
-0.799021
-0.503298
-0.243466
0.0765591
0.196921
0.265478
0.629038
0.879778
1.12565
1.07977
1.16706
1.21584
1.3027
1.31187
0.9855
0.21897
-0.49773
-0.93117
-1.17247
-1.16173
-1.33546
-1.38926
-1.51394
-1.59915
-1.74189
-1.67555
-1.53685
-1.37775
-1.13751
-1.08772
-0.336238
-0.255082
-0.115707
0.0354013
0.0687678
0.0101954
1.25387
1.39511
1.71901
1.57508
1.41885
1.25105
1.07247
0.884168
1.03021
1.23233
1.27881
1.31852
1.48112
1.63537
2.1246
1.51724
2.68313
2.79702
2.99807
3.13862
3.13969
3.14622
3.07509
2.9171
2.81325
2.88367
2.97631
3.10699
3.27265
3.44502
3.62452
3.77802
3.90096
4.02875
4.16333
4.37481
4.55792
4.74881
4.48395
4.52393
4.58135
4.62654
4.40172
4.17884
3.95934
3.62918
3.376
3.12299
2.87042
2.62295
2.37563
2.1287
2.1036
1.85636
1.72058
1.84834
1.95886
1.91508
1.87911
1.95314
2.07337
1.05613
0.659663
0.852657
0.974523
1.00126
1.05328
1.08629
1.10415
1.03392
0.953031
0.552777
0.55798
0.548947
0.521455
0.53313
0.556532
0.654637
0.763422
0.970477
0.900925
0.761246
0.754858
0.697687
0.585009
0.564073
0.0594514
0.0577072
0.645626
0.0627024
0.137312
0.299029
0.475914
0.628467
0.563093
1.11028
1.15837
1.15758
1.18379
0.95746
0.813001
0.578837
0.497294
0.42649
0.47237
0.375331
0.308136
0.19559
0.151523
0.0230426
0.0600249
-0.0803114
-0.03251
-0.174864
-0.129593
-0.242297
0.0606206
-0.301366
0.00984747
-0.35615
-0.0463116
-0.389778
-0.0920012
-0.42087
0.0634449
-0.288124
0.147495
0.159368
0.241053
0.30122
-0.0273399
-0.22771
-0.326068
-0.644468
-0.711603
-1.0659
-1.13212
-1.20481
-1.00539
-1.01408
-0.75842
-0.849222
-0.7512
-0.604511
-0.250784
-0.20288
-0.163036
-0.13848
-0.0677108
-0.0269293
-0.196593
-0.432524
-0.617166
-0.755403
-0.79754
-0.668841
-0.565363
-0.441508
-0.312646
-0.21879
-0.119003
0.0522621
0.116388
0.253471
0.263252
0.349028
0.34378
0.345818
0.357545
0.335109
0.243504
0.0772024
0.145792
0.0408615
0.0623667
-0.048756
-0.176525
0.00297345
0.177987
0.347191
0.464066
0.689718
0.658868
0.678853
0.73226
1.52376
1.37005
1.42956
2.39072
2.33974
2.26419
1.88249
1.87572
1.8164
1.92297
1.93267
1.96023
1.92744
1.87007
1.78516
1.70717
1.63664
1.5713
1.51107
1.45499
1.44139
1.46218
1.15251
1.02698
1.20883
1.53282
1.5544
1.40901
1.38548
1.29114
1.22076
1.14626
0.836231
0.703148
0.598171
0.406033
0.396863
0.336362
0.304596
0.317978
0.30889
0.360067
0.270275
0.231113
0.232202
0.173354
0.121851
0.30091
0.237756
0.259259
0.233527
0.235498
0.211714
0.310738
0.188553
0.253545
0.0864455
0.241207
0.0846228
0.169547
0.101469
0.575597
0.390988
0.424926
0.224285
0.320837
0.113707
0.472153
0.339872
0.364112
0.163029
0.285574
0.104509
0.210089
0.00560222
0.140633
0.0571383
0.168789
0.0151472
0.10352
-0.0247493
0.0456151
-0.0638349
-0.00713839
-0.107784
-0.0566201
-0.156278
-0.093192
-0.205908
-0.151411
-0.264542
-0.188933
-0.302238
-0.227165
-0.34087
-0.266151
-0.380133
-0.305874
-0.420198
-0.346353
-0.459964
-0.387202
-0.501656
-0.428978
-0.542015
-0.471088
-0.585115
-0.513965
-0.620137
-0.519381
-0.625506
-0.558567
-0.674829
-0.603145
-0.720325
-0.649516
-0.75358
-0.661084
-0.761232
-0.682549
-0.696959
-0.543777
-0.578539
-0.425522
-0.457367
-0.298848
-0.403288
-0.341786
-0.403123
-0.336935
-0.367046
-0.368213
-0.45015
0.297147
0.218977
0.460073
0.614549
0.673486
0.729336
0.836653
0.907196
1.00631
1.08111
1.17497
1.29531
1.50309
1.67497
1.8712
2.01637
2.01913
2.09432
1.05214
1.04508
0.933344
0.925293
0.882596
0.886396
0.839721
0.844492
0.793692
0.799577
0.744188
0.0448623
0.219494
0.255908
0.238547
0.197188
0.179492
0.138628
-0.0192484
-0.309651
-0.347947
-0.346877
-0.401473
-0.448532
-0.50358
-0.550787
-0.605872
-0.653289
-0.708466
-0.62003
-0.597545
-0.56607
-0.558846
-0.542261
-0.535052
-0.523944
-0.518296
-0.506978
-0.503127
-0.491882
-0.49082
-0.479728
-0.230232
-0.286436
-0.274842
-0.271491
-0.283879
-0.27483
-0.290854
-0.282314
-0.292757
-0.286353
-0.299132
-0.293839
-0.309122
-0.383491
-0.444779
-0.427966
-0.371814
-0.366959
-0.348679
-0.347887
-0.343581
-0.336503
-0.351027
-0.351117
-0.242866
-0.312494
-0.55222
-0.149162
-0.0772857
-0.165996
-0.641632
-0.771676
-1.24029
-1.02039
-1.20921
-1.09803
-1.64765
-1.6651
-1.9058
-1.97559
-2.07741
-1.92814
-2.22742
-1.21143
-1.31777
-1.04429
-1.44787
-1.31102
-1.29588
-0.962297
-0.981058
-0.758144
-0.742803
-0.25271
-0.371874
-0.223342
-0.219083
0.00149303
0.00027806
0.127115
-0.803304
-0.462809
-0.479894
-0.316502
-0.463095
-0.356
-0.271808
-0.0110227
-0.0261082
0.151487
0.240029
0.483596
0.542683
0.778959
0.860126
1.08076
1.17526
1.4173
1.56345
1.71375
1.70488
1.8289
1.73131
1.83389
1.73389
1.71289
1.59516
1.72255
1.99761
1.91181
1.9808
1.92305
1.99571
-0.390717
0.00568148
-0.0142931
0.0727069
-0.0590983
-0.11036
-0.257062
-0.353268
-0.489199
-0.58743
-0.912053
-1.06703
-1.38475
-1.54582
-1.8769
-2.21181
-2.2976
-2.29577
-2.04738
-1.9545
-1.78253
-1.73963
-1.70142
-1.66569
-1.53019
-1.51124
-1.49467
-1.414
-1.34652
-1.29328
-1.28337
-1.26844
-1.27435
-1.30703
-1.34025
-1.34011
-0.732815
-0.741626
-0.808503
-0.848278
-0.857016
-0.830454
-0.859547
-0.879117
-0.324172
-0.366875
-0.430641
-0.467866
-0.280387
