0
0.000894708
0.00109529
0.00188073
0.000240423
-0.00361318
-0.00989102
-0.0182708
-0.0291436
-0.041507
-0.0553829
-0.0710561
-0.0886936
-0.108426
-0.129224
-0.14919
-0.16759
-0.183795
-0.19761
-0.209218
-0.219895
-0.229741
-0.239954
-0.253083
-0.266756
-0.283184
-0.298916
-0.311756
-0.321511
-0.327994
-0.328819
-0.329853
-0.328872
-0.320533
-0.311602
-0.301644
-0.290058
-0.277155
-0.259734
-0.240393
-0.220687
-0.20118
-0.181212
-0.161562
-0.141276
-0.121744
-0.103226
-0.086202
-0.0710692
-0.0587043
-0.0486386
-0.0415881
-0.0346973
-0.0270858
-0.0197117
-0.0104705
0.000310248
0.0122232
0.0239072
0.0364402
0.0492346
0.0623995
0.0755827
0.0877429
0.0987562
0.108631
0.117476
0.125149
0.131749
0.137926
0.143833
0.149646
0.155467
0.161311
0.169244
0.178366
0.189439
0.201643
0.214967
0.229393
0.244898
0.261459
0.280798
0.303325
0.326632
0.349362
0.373257
0.398124
0.422512
0.44594
0.466762
0.488931
0.512937
0.537373
0.561858
0.586436
0.610655
0.634777
0.659337
0.684119
0.70971
0.734974
0.761822
0.790382
0.820803
0.853016
0.886602
0.92144
0.959349
0.999844
1.04352
1.0909
1.13752
1.18665
1.23839
1.29301
1.3477
1.40203
1.45555
1.50755
1.55718
1.60443
1.64883
1.69008
1.72787
1.76199
1.7945
1.8236
1.85006
1.87611
1.90193
1.92707
1.95187
1.97841
2.00734
2.01856
2.02173
2.02764
2.03459
2.04112
2.04843
2.05661
2.06551
2.07352
2.08036
2.07834
2.07634
2.07386
2.07023
2.06634
2.06264
2.06195
2.06549
2.07844
2.09267
2.10475
2.12349
2.1488
2.18752
2.29235
2.37708
-2.9118
-1.61498
-1.41035
-1.33905
-1.3533
-1.41851
-1.50016
-1.54469
-1.69927
-1.8335
-1.94657
-2.04364
-2.10972
-2.1623
-2.19725
-2.23227
-2.2688
-2.32194
-2.3741
-2.43091
-2.48874
-2.5522
-2.61147
-2.67283
-2.73182
-2.79289
-2.85323
-2.91425
-2.97613
-3.0454
-3.10628
3.11417
3.05568
3.00009
2.94661
2.89937
2.85133
2.82187
2.78936
2.77385
2.7636
2.76
2.7614
2.75652
2.74774
2.73595
2.71451
2.68638
2.64206
2.58812
2.52534
2.46668
2.39545
2.32583
2.22324
2.10069
1.96425
1.86632
1.76128
1.64846
1.52302
1.40239
1.28201
1.13926
1.02322
0.97778
0.973179
1.00707
1.03292
1.0553
1.0702
1.09878
1.13633
1.18292
1.23767
1.29967
1.3678
1.44086
1.51439
1.58736
1.65025
1.7102
1.76919
1.82049
1.84093
1.87651
1.89465
1.91896
1.92576
1.9226
1.93982
1.97556
2.02758
2.08964
2.16787
2.24131
2.31224
2.38166
2.47775
2.56609
2.64887
2.76372
2.86323
2.94677
3.01148
3.07042
3.12365
-3.10711
-3.05864
-3.01338
-2.971
-2.93146
-2.89411
-2.8582
-2.82319
-2.78897
-2.75513
-2.72139
-2.6884
-2.65585
-2.61797
-2.5739
-2.53096
-2.48814
-2.4472
-2.40621
-2.36569
-2.32272
-2.27735
-2.22959
-2.17553
-2.12289
-2.07222
-2.02413
-1.98017
-1.93888
-1.89911
-1.86232
-1.82721
-1.7937
-1.76278
-1.73439
-1.70905
-1.68492
-1.66154
-1.64344
-1.62552
-1.60911
-1.59363
-1.57821
-1.56295
-1.54847
-1.53328
-1.51935
-1.50385
-1.49014
-1.47544
-1.46184
-1.44666
-1.44328
-1.43802
-1.43231
-1.42461
-1.41758
-1.40867
-1.4083
-1.40722
-1.40559
-1.40196
-1.40019
-1.39736
-1.39495
-1.3914
-1.3902
-1.38886
-1.388
-1.38697
-1.38616
-1.38533
-1.38448
-1.38367
-1.3827
-1.38177
-1.38066
-1.37959
-1.37829
-1.37711
-1.3756
-1.37422
-1.37245
-1.3708
-1.36876
-1.36682
-1.36449
-1.36225
-1.35963
-1.35706
-1.35413
-1.35122
-1.34795
-1.34468
-1.34106
-1.33738
-1.33336
-1.32925
-1.32482
-1.32027
-1.31567
-1.31083
-1.30571
-1.30034
-1.29473
-1.28882
-1.28269
-1.27589
-1.26965
-1.26243
-1.25572
-1.24941
-1.24526
-1.24104
-1.23902
-1.23692
-1.23728
-1.23624
-1.23578
-1.23461
-1.23413
-1.23324
-1.23246
-1.23052
-1.23956
-1.24866
-1.26243
-1.2794
-1.29667
-1.31472
-1.33441
-1.35546
-1.37805
-1.40198
-1.42734
-1.45728
-1.49169
-1.52993
-1.57209
-1.61716
-1.66125
-1.7065
-1.73203
-1.76101
-1.79035
-1.82031
-1.85019
-1.8809
-1.91151
-1.943
-1.97438
-2.00667
-2.03882
-2.05866
-2.08189
-2.10634
-2.13107
-2.15573
-2.18072
-2.20563
-2.22671
-2.24235
-2.25748
-2.27174
-2.2852
-2.29776
-2.30953
-2.3204
-2.33048
-2.33967
-2.34806
-2.35727
-2.36674
-2.37673
-2.38652
-2.39634
-2.40585
-2.41522
-2.42426
-2.43314
-2.44166
-2.45001
-2.45799
-2.46581
-2.4766
-2.48533
-2.49356
-2.50135
-2.50878
-2.51593
-2.52272
-2.52923
-2.53536
-2.54118
-2.54664
-2.5518
-2.55662
-2.56002
-2.56245
-2.56341
-2.56397
-2.56346
-2.562
-2.55943
-2.55584
-2.55184
-2.54661
-2.54032
-2.53747
-2.53605
-2.53384
-2.52837
-2.51627
-2.49857
-2.47211
-2.44381
-2.40249
-2.36385
-2.31814
-2.27235
-2.21149
-2.14982
-2.077
-1.99217
-1.90069
-1.81961
-1.72946
-1.6745
-1.61828
-1.57288
-1.51719
-1.46869
-1.4233
-1.38968
-1.35728
-1.33208
-1.30855
-1.29782
-1.28507
-1.27639
-1.26843
-1.26567
-1.26312
-1.26345
-1.24882
-1.24077
-1.23185
-1.2259
-1.21686
-1.20937
-1.20257
-1.20007
-1.19591
-1.1945
-1.19401
-1.19899
-1.20518
-1.21866
-1.23705
-1.26792
-1.31221
-1.38487
-1.49605
-1.66581
-1.89877
-2.20508
-2.50092
-2.75328
-2.9324
-3.06644
3.1028
3.01795
2.95456
2.90618
2.86736
2.83647
2.81115
2.76659
2.72749
2.69022
2.6556
2.62096
2.58691
2.55156
2.5155
2.47807
2.44004
2.39724
2.3527
2.30336
2.25212
2.19561
2.13428
2.07339
2.01481
1.96393
1.91699
1.87579
1.83714
1.80088
1.76686
1.73721
1.70947
1.68345
1.66038
1.63986
1.62153
1.60404
1.58771
1.57176
1.55595
1.53997
1.52481
1.52053
1.51614
1.51075
1.50497
1.49915
1.49348
1.48756
1.48139
1.48299
1.48366
1.48326
1.48236
1.4838
