-0.000125753
-0.000476264
-0.000936204
-0.000899361
0.00630759
0.0347556
0.0967268
0.200723
0.354932
0.567446
0.846353
1.19978
1.63591
2.15516
2.75402
3.43541
4.20529
5.07029
5.97025
6.83711
7.66264
8.44135
9.16976
9.84544
10.4647
11.0219
11.5107
11.9243
12.2549
12.4946
12.6385
12.684
12.6295
12.4747
12.2156
11.8453
11.3594
10.7586
10.0447
9.21619
8.26702
7.19417
5.99621
4.67204
3.22262
1.64755
-0.0571617
-1.89823
-3.87792
-5.99903
-8.26235
-10.6588
-13.1789
-15.8095
-18.5454
-21.3945
-24.3354
-27.348
-30.4411
-33.6237
-36.9046
-40.2243
-43.514
-46.7642
-49.9656
-53.1089
-56.1853
-59.1861
-62.1024
-64.9259
-67.648
-70.2605
-72.7552
-75.1241
-77.3593
-79.4528
-81.397
-83.184
-84.8063
-86.2563
-87.5269
-88.6106
-89.5006
-90.1894
-90.6701
-90.9355
-90.9788
-90.793
-90.3715
-89.7077
-88.7954
-87.6287
-86.2012
-84.5067
-82.5397
-80.2949
-77.7659
-74.9479
-71.8378
-68.4342
-64.7343
-60.7363
-56.4401
-51.8456
-46.9523
-41.7595
-36.2663
-30.4719
-24.3763
-17.9796
-11.2816
-4.28311
3.01424
10.6086
18.4962
26.6723
35.1322
43.8712
52.8829
62.1611
71.6986
81.4852
91.505
101.743
112.185
122.809
133.559
144.398
155.277
166.137
176.969
187.763
198.51
209.2
219.824
230.372
240.835
251.203
261.467
271.618
281.645
291.54
301.293
310.894
320.334
329.604
338.693
347.592
356.292
364.783
373.055
381.1
388.907
396.468
403.773
410.812
417.576
424.056
430.243
436.127
441.699
446.949
451.87
456.451
460.684
464.56
468.069
471.203
473.952
476.308
478.262
479.803
480.924
481.616
481.868
481.673
481.022
479.905
478.314
476.24
473.674
470.608
467.033
462.939
458.318
453.162
447.461
441.205
434.382
426.98
418.991
410.409
401.228
391.44
381.04
370.023
358.387
346.127
333.243
319.73
305.589
290.816
275.41
259.37
242.694
225.382
207.433
188.844
169.616
149.747
129.237
108.085
86.2897
63.8513
40.7698
17.0455
-7.32107
-32.3291
-57.9775
-84.2643
-111.188
-138.746
-166.935
-195.752
-225.194
-255.257
-285.936
-317.226
-349.123
-381.621
-414.713
-448.393
-482.653
-517.486
-552.884
-588.835
-625.328
-662.348
-699.881
-737.911
-776.422
-815.395
-854.807
-894.626
-934.76
-975.046
-1015.37
-1055.69
-1096.02
-1136.32
-1176.6
-1216.85
-1257.04
-1297.19
-1337.27
-1377.28
-1417.2
-1457.03
-1496.76
-1536.37
-1575.86
-1615.22
-1654.43
-1693.49
-1732.39
-1771.12
-1809.66
-1848.01
-1886.16
-1924.1
-1961.82
-1999.3
-2036.54
-2073.52
-2110.25
-2146.7
-2182.87
-2218.74
-2254.31
-2289.56
-2324.49
-2359.09
-2393.34
-2427.23
-2460.76
-2493.92
-2526.68
-2559.05
-2591.01
-2622.55
-2653.67
-2684.34
-2714.57
-2744.34
-2773.64
-2802.46
-2830.79
-2858.63
-2885.95
-2912.76
-2939.04
-2964.78
-2989.97
-3014.6
-3038.67
-3062.16
-3085.05
-3107.35
-3129.05
-3150.12
-3170.56
-3190.37
-3209.52
-3228.02
-3245.85
-3263
-3279.46
-3295.23
-3310.28
-3324.62
-3338.23
-3351.09
-3363.21
-3374.57
-3385.17
-3394.98
-3404
-3412.23
-3419.64
-3426.24
-3432
-3436.92
-3441
-3444.21
-3446.55
-3448
-3448.57
-3448.23
-3446.97
-3444.8
-3441.68
-3437.63
-3432.61
-3426.63
-3419.68
-3411.74
-3402.79
-3392.84
-3381.88
-3369.88
-3356.84
-3342.75
-3327.6
-3311.38
-3294.07
-3275.67
-3256.16
-3235.53
-3213.76
-3190.84
-3166.76
-3141.53
-3115.12
-3087.54
-3058.78
-3028.83
-2997.69
-2965.35
-2931.8
-2897.04
-2861.06
-2823.86
-2785.44
-2745.78
-2704.9
-2662.77
-2619.41
-2574.8
-2528.95
-2481.86
-2433.51
-2383.92
-2333.07
-2280.98
-2227.63
-2173.03
-2117.17
-2060.06
-2001.69
-1942.06
-1881.18
-1819.05
-1755.65
-1691
-1625.09
-1557.93
-1489.51
-1419.84
-1348.91
-1276.72
-1203.28
-1128.59
-1052.64
-975.438
-896.982
-817.272
-736.308
-654.091
-570.621
-485.898
-399.922
-312.695
-224.216
-134.486
-43.5059
48.7238
142.202
236.929
332.904
430.125
528.592
628.304
729.26
831.459
934.9
1039.58
1145.5
1252.66
1361.06
1470.7
1581.57
1693.68
1807.02
1921.59
2037.4
2154.43
2272.69
2392.18
2512.9
2634.83
2757.99
2882.37
3007.96
3134.77
3262.79
3392.02
3522.45
3654.09
3786.92
3920.95
4056.17
4192.58
4330.17
4468.94
4608.88
4749.98
4892.25
5035.67
5180.23
5325.94
5472.78
5620.75
5769.83
5920.03
6071.32
6223.7
6377.16
6531.7
6687.29
6843.93
7001.61
7160.31
7320.02
7480.72
7642.41
7805.06
7968.66
8133.17
8298.53
8464.63
8631.37
8798.63
8966.3
9134.26
9302.41
9470.63
9638.87
9807.1
9975.33
10143.5
10311.7
10479.8
10647.9
10815.9
10983.8
11151.6
11319.4
11487
11654.5
11821.9
11989.2
12156.3
12323.3
12490
12656.7
12823.1
12989.3
13155.3
13321.1
13486.7
13652
13817.1
13981.9
14146.5
14310.7
14474.7
14638.4
14801.8
14964.8
15127.5
15289.9
15451.9
15613.6
15774.9
15935.8
16096.3
16256.4
16416
16575.3
16734.1
16892.5
17050.4
17207.9
17364.9
17521.3
17677.3
17832.8
17987.8
18142.2
18296.1
18449.5
18602.3
18754.5
18906.1
19057.2
19207.7
19357.5
19506.8
19655.4
19803.3
19950.6
20097.3
20243.3
20388.6
20533.2
20677.1
20820.3
20962.8
21104.6
21245.6
21385.8
21525.3
21664
21801.9
21939
22075.4
22210.9
22345.5
22479.4
22612.3
22744.5
22875.7
23006.1
23135.6
23264.2
23391.9
23518.7
23644.5
23769.4
23893.3
24016.3
24138.4
24259.4
24379.5
24498.5
24616.6
24733.6
24849.6
24964.6
25078.5
25191.4
25303.2
25413.9
25523.5
