-0.0165505
-0.0692674
-0.163159
-0.301469
-0.486232
-0.716492
-0.989469
-1.30317
-1.65602
-2.04686
-2.47501
-2.94034
-3.44348
-3.94937
-4.41726
-4.83746
-5.20503
-5.51964
-5.77697
-5.97067
-6.09378
-6.13585
-6.08631
-5.93588
-5.67856
-5.31326
-4.84039
-4.25942
-3.56946
-2.76891
-1.85319
-0.814667
0.354578
1.66205
3.11443
4.71494
6.46498
8.34799
10.2914
12.2349
14.1713
16.1223
18.1173
20.1678
22.226
24.2312
26.1717
28.0364
29.8125
31.4892
33.0568
34.5057
35.8268
37.0121
38.054
38.944
39.6756
40.243
40.6383
40.8531
40.8802
40.7198
40.3728
39.8351
39.1026
38.1715
37.0381
35.6982
34.1499
32.3919
30.423
28.2408
25.8432
23.2284
20.3939
17.3389
14.0635
10.5683
6.85371
2.91892
-1.23836
-5.62224
-10.2349
-15.0739
-20.1356
-25.4162
-30.9109
-36.6153
-42.5239
-48.63
-54.9259
-61.4016
-68.0458
-74.8461
-81.7845
-88.8348
-95.9583
-103.103
-110.205
-117.216
-124.121
-130.903
-137.544
-144.03
-150.346
-156.475
-162.403
-168.117
-173.602
-178.845
-183.834
-188.556
-193
-197.153
-201.005
-204.544
-207.76
-210.641
-213.178
-215.357
-217.169
-218.603
-219.645
-220.286
-220.511
-220.306
-219.657
-218.55
-216.972
-214.908
-212.348
-209.284
-205.708
-201.612
-196.989
-191.836
-186.148
-179.924
-173.161
-165.859
-158.015
-149.632
-140.708
-131.246
-121.248
-110.716
-99.6541
-88.0653
-75.9537
-63.3234
-50.178
-36.5212
-22.3564
-7.68711
7.483
23.1498
39.309
55.9562
73.0872
90.6984
108.787
127.35
146.386
165.891
185.862
206.297
227.191
248.541
270.342
292.588
315.275
338.394
361.939
385.902
410.275
435.049
460.218
485.772
511.701
537.996
564.645
591.636
618.958
646.595
674.531
702.748
731.215
759.886
788.609
817.25
845.792
874.216
902.504
930.636
958.594
986.356
1013.9
1041.22
1068.27
1095.04
1121.52
1147.66
1173.45
1198.87
1223.88
1248.46
1272.59
1296.24
1319.38
1341.99
1364.04
1385.5
1406.35
1426.56
1446.11
1464.97
1483.14
1500.57
1517.26
1533.19
1548.35
1562.71
1576.27
1589.02
1600.93
1611.99
1622.19
1631.5
1639.92
1647.42
1653.98
1659.59
1664.23
1667.88
1670.53
1672.16
1672.75
1672.3
1670.78
1668.18
1664.49
1659.69
1653.78
1646.73
1638.55
1629.28
1618.93
1607.49
1594.96
1581.32
1566.56
1550.67
1533.64
1515.47
1496.14
1475.65
1453.98
1431.15
1407.13
1381.92
1355.52
1327.93
1299.14
1269.14
1237.95
1205.54
1171.93
1137.1
1101.06
1063.81
1025.35
985.684
944.811
902.736
859.464
814.997
769.341
722.5
674.481
625.289
574.932
523.417
470.751
416.941
361.994
305.918
248.72
190.408
130.988
70.469
8.85795
-53.8387
-117.617
-182.471
-248.397
-315.391
-383.45
-452.573
-522.758
-594.003
-666.303
-739.657
-814.06
-889.509
-965.998
-1043.52
-1122.08
-1201.66
-1282.27
-1363.9
-1446.54
-1530.18
-1614.83
-1700.48
-1787.12
-1874.75
-1963.36
-2052.95
-2143.51
-2235.04
-2327.52
-2420.96
-2515.35
-2610.68
-2706.94
-2804.12
-2902.22
-3001.23
-3101.12
-3201.9
-3303.55
-3406.06
-3509.41
-3613.59
-3718.59
-3824.38
-3930.96
-4038.31
-4146.4
-4255.23
-4364.77
-4475
-4585.92
-4697.49
-4809.7
-4922.53
-5035.96
-5149.97
-5264.52
-5379.61
-5495.2
-5611.28
-5727.8
-5844.73
-5962.01
-6079.53
-6197.11
-6314.54
-6431.66
-6548.41
-6664.76
-6780.71
-6896.23
-7011.3
-7125.91
-7240.05
-7353.68
-7466.81
-7579.4
-7691.45
-7802.94
-7913.85
-8024.16
-8133.86
-8242.93
-8351.36
-8459.14
-8566.27
-8672.72
-8778.5
-8883.6
-8987.99
-9091.69
-9194.67
-9296.93
-9398.46
-9499.25
-9599.29
-9698.57
-9797.08
-9894.82
-9991.78
-10087.9
-10183.3
-10277.8
-10371.5
-10464.4
-10556.5
-10647.7
-10738
-10827.5
-10916.1
-11003.8
-11090.7
-11176.6
-11261.6
-11345.6
-11428.7
-11510.8
-11592
-11672.1
-11751.3
-11829.4
-11906.5
-11982.6
-12057.6
-12131.6
-12204.4
-12276.3
-12347
-12416.6
-12485.1
-12552.4
-12618.6
-12683.7
-12747.6
-12810.3
-12871.8
-12932.1
-12991.2
-13049
-13105.6
-13160.9
-13214.8
-13267.5
-13318.8
-13368.7
-13417.2
-13464.4
-13510.1
-13554.5
-13597.3
-13638.7
-13678.6
-13717
-13753.9
-13789.2
-13823
-13855.2
-13885.9
-13914.9
-13942.3
-13968.2
-13992.3
-14014.9
-14035.8
-14055.1
-14072.7
-14088.6
-14102.9
-14115.5
-14126.4
-14135.6
-14143.1
-14149
-14153.1
-14155.6
-14156.3
-14155.3
-14152.6
-14148.2
-14142.1
-14134.3
-14124.8
-14113.5
-14100.6
-14085.9
-14069.6
-14051.5
-14031.8
-14010.3
-13987.3
-13962.5
-13936.1
-13907.9
-13878.2
-13846.7
-13813.5
-13778.7
-13742.1
-13703.9
-13664
-13622.3
-13579
-13534
-13487.2
-13438.8
-13388.6
-13336.8
-13283.2
-13227.8
-13170.8
-13112
-13051.5
-12989.2
-12925.2
-12859.4
-12791.9
-12722.7
-12651.7
-12579
-12504.6
-12428.4
-12350.4
-12270.8
-12189.4
-12106.2
-12021.4
-11934.8
-11846.4
-11756.4
-11664.6
-11571
-11475.7
-11378.7
-11280
-11179.6
-11077.4
-10973.6
-10868.1
-10760.8
-10651.9
-10541.3
-10428.9
-10314.9
-10199.2
-10081.8
-9962.66
-9841.88
-9719.4
-9595.25
-9469.4
-9341.87
-9212.63
-9081.7
-8949.07
-8814.73
-8678.71
-8540.99
-8401.59
-8260.51
-8117.76
-7973.34
-7827.26
-7679.52
-7530.13
-7379.1
-7226.44
-7072.14
-6916.23
-6758.72
-6599.6
-6438.89
-6276.58
-6112.7
-5947.23
-5780.18
-5611.55
-5441.36
-5269.59
-5096.26
-4921.37
-4744.91
-4566.9
-4387.34
-4206.22
-4023.55
-3839.33
-3653.56
-3466.23
-3277.34
-3086.9
-2894.9
-2701.34
-2506.21
-2309.53
-2111.28
-1911.46
-1710.07
-1507.09
-1302.54
-1096.4
-888.657
-679.325
