0.0155168
0.064476
0.150515
0.275503
0.439955
0.641541
0.876875
1.14401
1.44197
1.77071
2.13123
2.526
2.95935
3.39955
3.80768
4.1758
4.50198
4.78975
5.01732
5.15547
5.18954
5.10046
4.8687
4.47599
3.90755
3.15372
2.20526
1.05069
-0.321782
-1.92469
-3.77298
-5.88523
-8.28011
-10.9739
-13.9816
-17.3123
-20.9687
-24.9157
-29.0034
-33.1039
-37.1944
-41.3119
-45.5092
-49.8028
-54.0852
-58.2219
-62.1794
-65.9238
-69.4183
-72.63
-75.5321
-78.1069
-80.3399
-82.2193
-83.7292
-84.8415
-85.5486
-85.8432
-85.6941
-85.0674
-83.931
-82.3148
-80.2553
-77.7385
-74.7495
-71.2738
-67.2955
-62.7975
-57.7694
-52.2039
-46.0932
-39.4254
-32.19
-24.3768
-15.9749
-6.97977
2.61193
12.8008
23.5878
34.977
46.9777
59.6041
72.8638
86.7489
101.246
116.341
132.016
148.255
165.035
182.335
200.131
218.393
237.083
256.159
275.559
295.193
314.933
334.608
354.01
372.989
391.488
409.451
426.827
443.566
459.62
474.943
489.489
503.219
516.094
528.082
539.15
549.269
558.413
566.557
573.68
579.759
584.776
588.707
591.529
593.22
593.755
593.109
591.251
588.148
583.762
578.045
570.933
562.372
552.3
540.646
527.366
512.419
495.768
477.377
457.21
435.244
411.468
385.87
358.444
329.181
298.08
265.143
230.376
193.788
155.394
115.212
73.2638
29.5744
-15.8308
-62.9236
-111.679
-162.074
-214.088
-267.7
-322.885
-379.621
-437.879
-497.634
-558.862
-621.544
-685.667
-751.222
-818.2
-886.591
-956.386
-1027.57
-1100.15
-1174.09
-1249.38
-1326.01
-1403.94
-1483.16
-1563.63
-1645.34
-1728.23
-1812.3
-1897.52
-1983.86
-2071.31
-2159.83
-2249.4
-2339.97
-2431.53
-2524.02
-2617.4
-2711.62
-2806.57
-2902.11
-2997.72
-3092.96
-3187.76
-3282.07
-3375.81
-3468.91
-3561.3
-3652.9
-3743.63
-3833.4
-3922.13
-4009.72
-4096.07
-4181.05
-4264.56
-4346.46
-4426.64
-4504.98
-4581.36
-4655.64
-4727.71
-4797.43
-4864.67
-4929.3
-4991.18
-5050.18
-5106.22
-5159.19
-5209.01
-5255.59
-5298.85
-5338.75
-5375.23
-5408.26
-5437.8
-5463.81
-5486.27
-5505.13
-5520.32
-5531.79
-5539.45
-5543.26
-5543.14
-5539.04
-5530.9
-5518.65
-5502.24
-5481.62
-5456.74
-5427.57
-5394.05
-5356.15
-5313.82
-5267.03
-5215.74
-5159.95
-5099.77
-5035.47
-4967.26
-4895.13
-4819.06
-4739.03
-4655.01
-4566.97
-4474.88
-4378.71
-4278.43
-4174.04
-4065.52
-3952.85
-3836.01
-3715.01
-3589.83
-3460.46
-3326.9
-3189.14
-3047.2
-2901.07
-2750.73
-2596.2
-2437.48
-2274.59
-2107.54
-1936.35
-1761.07
-1581.71
-1398.32
-1210.93
-1019.58
-824.302
-625.15
-422.174
-215.429
-4.96852
209.154
426.883
648.164
872.94
1101.16
1332.77
1567.71
1805.92
2047.36
2291.98
2539.74
2790.62
3044.57
3301.58
3561.63
3824.71
4090.82
4359.93
4632.03
4907.1
5185.11
5466.05
5749.88
6036.57
6326.1
6618.45
6913.58
7211.47
7512.09
7815.41
8121.4
8430.04
8741.28
9055.11
9371.5
9690.43
10011.9
10335.8
10662.1
10990.9
11322
11655.5
11991.3
12329.4
12669.6
13012.1
13356.6
13703.2
14051.7
14402.1
14754.4
15108.4
15464.1
15821.3
16180.2
16540.4
16902
17264.8
17628.8
17993.9
18360
18727
19094.8
19463.3
19832.4
20202
20572.1
20942.5
21313.1
21683.8
22054.5
22425.1
22795.3
23164.9
23533.2
23899.7
24263.8
24625.3
24984.2
25340.3
25693.7
26044.3
26391.9
26736.7
27078.5
27417.2
27752.8
28085.3
28414.6
28740.6
29063.3
29382.7
29698.7
30011.3
30320.5
30626.3
30928.6
31227.6
31523.2
31815.4
32104.2
32389.7
32671.7
32950.5
33225.9
33497.9
33766.6
34032
34294.1
34552.8
34808.2
35060.2
35309
35554.4
35796.6
36035.4
36271
36503.4
36732.5
36958.3
37180.9
37400.1
37616.1
37828.7
38037.9
38243.6
38446
38644.9
38840.3
39032.2
39220.6
39405.5
39586.8
39764.6
39938.9
40109.6
40276.7
40440.2
40600.1
40756.4
40909
41058
41203.3
41344.9
41482.8
41616.9
41747.1
41873.4
41995.7
42114.1
42228.3
42338.4
42444.2
42545.8
42643
42735.8
42824
42907.7
42986.8
43061.2
43130.8
43195.7
43255.6
43310.7
43360.8
43405.9
43445.9
43480.8
43510.6
43535.3
43554.8
43569.2
43578.5
43582.7
43581.8
43575.8
43564.7
43548.6
43527.5
43501.5
43470.5
43434.7
43394
43348.5
43298.3
43243.4
43183.8
43119.7
43051.1
42978
42900.5
42818.7
42732.6
42642.4
42548.2
42450.1
42348.1
42242.5
42133.4
42020.8
41904.9
41785.7
41663.2
41537.5
41408.7
41276.7
41141.7
41003.7
40862.6
40718.6
40571.7
40421.9
40269.3
40113.8
39955.6
39794.6
39630.8
39464.2
39295
39123
38948.3
38771
38590.9
38408.2
38222.8
38034.8
37844.3
37651.2
37455.6
37257.6
37057.2
36854.3
36649.2
36441.7
36231.9
36019.9
35805.7
35589.1
35370.4
35149.4
34926.3
34701
34473.7
34244.4
34013.1
33780
33545
33308.3
33069.8
32829.5
32587.5
32343.8
32098.3
31851.1
31602.3
31351.8
31099.8
30846.1
30590.9
30334.1
30075.6
29815.6
29553.8
29290.4
29025.4
28758.7
28490.4
28220.7
27949.4
27676.8
27402.7
27127.3
26850.6
26572.7
26293.5
26013.3
25731.9
25449.6
25166.4
24882.3
24597.3
24311.7
24025.2
23738
23450.2
23161.6
22872.4
22582.6
22292.2
22001.2
21709.6
21417.5
21124.8
20831.7
20538
20243.9
19949.2
19654
19358.3
19062
18765.1
18467.6
18169.5
17870.8
17571.5
17271.6
16970.9
16669.5
16367.3
16064.3
15760.4
15455.7
