-3.31009
-7.2333
-11.5451
-16.1168
-20.836
-25.2159
-29.3795
-33.3613
-37.2081
-40.9603
-44.6688
-48.3983
-52.2283
-48.9508
-44.6267
-39.4129
-34.1021
-28.8193
-22.6469
-16.0933
-8.52934
0.117004
9.78993
20.2968
31.1676
41.8912
52.6825
63.5131
74.4772
85.633
97.5109
110.194
123.655
137.839
152.637
167.464
182.544
194.058
194.623
194.089
193.185
197.007
202
208.106
203.521
197.517
190.586
182.359
172.864
162.477
151.042
138.725
125.507
111.545
96.8349
81.1763
65.1393
48.3356
30.7334
12.2177
-6.80116
-25.2695
-44.1379
-63.4037
-83.099
-103.105
-123.576
-144.407
-165.264
-186.339
-207.433
-229.007
-250.516
-272.432
-294.477
-316.524
-338.548
-360.493
-382.428
-404.53
-426.928
-449.847
-472.678
-495.129
-517.22
-538.884
-560.055
-580.832
-600.896
-620.321
-638.849
-656.308
-672.516
-687.552
-700.132
-709.927
-714.775
-714.205
-706.077
-696.266
-684.714
-671.54
-656.774
-640.453
-622.604
-603.252
-582.443
-560.265
-536.748
-511.931
-485.853
-458.576
-430.117
-400.522
-369.822
-338.037
-305.15
-271.16
-236.06
-199.868
-162.561
-124.106
-84.4548
-43.5753
-1.39882
42.2191
87.5899
133.831
181.841
230.927
280.987
331.835
383.447
435.786
488.744
541.989
595.555
649.283
703.224
757.285
811.347
865.396
919.317
973.07
1026.58
1079.78
1132.63
1185.12
1237.2
1288.88
1340.2
1391.17
1441.79
1492.07
1541.95
1591.41
1640.43
1689
1737.2
1785.06
1832.65
1880.02
1927.11
1973.9
2020.37
2066.52
2112.3
2157.67
2202.53
2246.8
2290.44
2333.39
2375.61
2417.03
2457.55
2497.38
2536.35
2574.4
2611.5
2647.51
2682.25
2715.97
2748.36
2779.07
2808.14
2835.22
2858.2
2875.94
2868.67
2859.6
2848.77
2836.06
2821.49
2804.97
2786.5
2766
2743.47
2718.83
2692.03
2662.99
2631.49
2597.5
2560.99
2521.93
2480.32
2436.17
2389.46
2340.14
2288.2
2233.6
2176.31
2116.25
2053.5
1988.43
1921.24
1851.87
1780.35
1706.8
1631.55
1554.7
1476.36
1396.58
1315.45
1232.97
1149.09
1063.51
976.14
886.979
796.07
703.394
608.967
512.843
414.977
315.422
214.278
111.588
7.39747
-98.2532
-205.374
-313.98
-424.027
-535.479
-648.127
-761.69
-872.977
-981.062
-1089.13
-1198.34
-1308.62
-1419.87
-1532.2
-1645.53
-1759.78
-1874.93
-1990.93
-2107.56
-2224.82
-2342.69
-2461.15
-2580.06
-2699.47
-2819.27
-2939.31
-3059.56
-3180.07
-3300.94
-3422.01
-3543.21
-3664.42
-3785.52
-3906.44
-4027.11
-4147.46
-4267.47
-4387.03
-4506.22
-4624.99
-4743.19
-4860.73
-4977.6
-5093.78
-5209.24
-5324.01
-5438.03
-5551.32
-5663.87
-5775.7
-5886.79
-5997.13
-6106.7
-6215.5
-6323.83
-6431.73
-6539.15
-6646.05
-6752.71
-6859.18
-6965.45
-7071.51
-7177.34
-7282.83
-7387.95
-7492.68
-7596.98
-7700.83
-7804.22
-7907.18
-8009.71
-8111.77
-8213.36
-8314.44
-8415.03
-8515.08
-8614.6
-8713.55
-8812.08
-8910.16
-9007.63
-9104.51
-9200.76
-9296.39
-9391.42
-9485.79
-9579.51
-9672.55
-9764.55
-9855.49
-9945.37
-10034.1
-10121.8
-10208.1
-10293.2
-10376.9
-10459.2
-10539.9
-10619.2
-10696.7
-10772.6
-10846.6
-10918.7
-10989.2
-11057.9
-11124.8
-11189.7
-11252.7
-11313.5
-11372.2
-11428.5
-11482.7
-11534.5
-11584.2
-11630.9
-11673.9
-11712.4
-11743.9
-11759.1
-11755.9
-11730.4
-11693.9
-11655.6
-11615.5
-11573.6
-11530.1
-11484.7
-11437.7
-11389
-11338.6
-11286.5
-11232.6
-11177.1
-11120
-11061.2
-11000.9
-10938.9
-10875.4
-10811
-10745.6
-10679.3
-10612
-10543.8
-10474.8
-10404.8
-10333.9
-10262.2
-10189.6
-10116.2
-10041.7
-9966.38
-9890.11
-9813.01
-9734.9
-9655.86
-9575.73
-9494.77
-9412.97
-9330.31
-9246.85
-9162.58
-9077.56
-8991.76
-8904.85
-8816.81
-8727.67
-8637.05
-8545.05
-8451.69
-8356.99
-8260.94
-8163.61
-8065.02
-7965.29
-7864.42
-7762.43
-7659.29
-7555.02
-7449.6
-7343.02
-7235.3
-7126.41
-7016.36
-6905.14
-6792.76
-6679.22
-6564.51
-6448.66
-6331.17
-6212.06
-6091.33
-5968.96
-5844.89
-5719.12
-5591.46
-5461.94
-5330.53
-5197.27
-5062.13
-4925.14
-4786.3
-4645.61
-4503.12
-4358.83
-4212.74
-4064.9
-3915.34
-3764.1
-3611.23
-3456.77
-3300.76
-3143.25
-2984.23
-2824.1
-2662.89
-2500.68
-2337.58
-2173.64
-2008.92
-1843.45
-1677.3
-1510.5
-1343.1
-1175.16
-1006.72
-837.846
-668.576
-498.966
-328.994
-158.682
11.9245
182.766
353.804
524.983
696.263
867.586
1038.9
1210.16
1380.89
1551.28
1721.07
1890.01
2058.15
2225.64
2392.86
2559.99
2727.34
2895.04
3063.25
3231.78
3400.4
3569.31
3738.54
3908.01
4077.73
4247.67
4417.9
4588.35
4759.21
4930.45
5102.1
5274.04
5446.27
5618.86
5791.92
5965.41
6139.32
6313.61
6487.89
6662.17
6836.41
7010.57
7184.64
7358.59
7532.47
7706.21
7879.78
8053.18
8226.4
8399.75
8573.22
8746.94
8920.68
9094.37
9267.96
9441.23
9614.09
9786.49
9958.16
10129.1
10299.1
10468.9
10638.5
10808.2
10978
11147.9
11317.9
11487.5
11656.9
11825.9
11994.6
12163
12331.4
12500
12669
12838.3
13008.1
13178.3
13348.5
13518.3
13687.5
13856.1
14024
14191.5
14358.6
14525.1
14691.1
14856.5
15021.1
15185
15348.1
15510.3
15671.6
15832
15991.6
16150.8
16309.5
16467.9
16626
16783.7
16941.1
17098.1
17254.8
17411.3
17567.6
17723.5
17879
18034.1
18189.3
18344.5
18499.6
18654.9
18810.5
18966.3
19122.3
19278.3
19434.3
19590.5
19746.6
19903.3
20060.4
20218
20376.1
20534.8
20694.1
20853.5
21013.1
