-0.0251507
-0.0449516
-0.0470363
0.0544047
1.38699
4.30262
8.09161
12.7076
18.1343
24.3685
31.4128
39.2725
47.9534
55.8971
63.875
72.4033
81.572
91.4286
88.5621
84.8101
80.2971
75.4451
70.2367
64.8996
58.9589
52.469
45.3045
37.4024
28.7197
19.225
9.55925
-0.459384
-10.4383
-20.5387
-31.2709
-42.7867
-54.3938
-65.7637
-77.0162
-88.6923
-101.141
-113.429
-126.163
-138.671
-151.212
-163.803
-177.139
-191.075
-204.863
-219.359
-233.305
-245.992
-258.021
-268.109
-279.063
-290.751
-297.441
-305.077
-313.544
-322.961
-333.229
-330.714
-327.232
-322.807
-317.46
-311.209
-304.075
-296.072
-287.203
-277.487
-266.933
-255.565
-243.38
-230.403
-216.632
-202.079
-186.75
-170.653
-153.802
-136.21
-117.892
-98.8648
-79.1185
-58.6533
-37.4796
-15.6064
6.95692
30.1959
54.1087
78.6546
103.787
129.557
155.953
182.95
210.434
238.529
267.272
296.339
325.666
355.065
384.904
414.705
444.529
474.373
504.276
534.293
564.357
594.508
624.609
654.729
684.884
714.811
744.66
774.208
803.314
831.903
860.079
887.721
914.615
941.024
966.476
990.859
1013.09
1034.5
1053.99
1070.78
1079.2
1088.6
1087.2
1084.84
1081.53
1077.27
1072.06
1065.92
1058.84
1050.8
1041.81
1031.87
1020.98
1009.14
996.356
982.621
967.935
952.296
935.704
918.156
899.651
880.192
859.778
838.41
816.096
792.838
768.64
743.503
717.427
690.411
662.458
633.568
603.751
573.012
541.358
508.795
475.324
440.944
405.659
369.471
332.381
294.39
255.492
215.688
174.978
133.363
90.8469
47.428
3.10626
-42.0996
-88.1925
-135.171
-183.031
-231.766
-281.384
-331.874
-383.241
-435.493
-488.622
-542.637
-597.602
-653.522
-711.059
-769.4
-828.368
-887.997
-948.301
-1009.29
-1070.75
-1132.58
-1194.74
-1257.12
-1319.79
-1382.66
-1445.7
-1508.91
-1572.25
-1635.76
-1699.35
-1763.04
-1826.87
-1890.83
-1954.84
-2018.91
-2083.09
-2147.34
-2211.68
-2276
-2340.3
-2404.56
-2468.76
-2532.86
-2596.81
-2660.57
-2724.13
-2787.43
-2850.43
-2913.08
-2975.33
-3037.18
-3098.59
-3159.51
-3219.86
-3279.64
-3338.8
-3397.15
-3454.87
-3511.83
-3567.74
-3622.5
-3675.99
-3728.06
-3778.56
-3827.49
-3874.72
-3919.86
-3962.41
-4001.39
-4025.39
-4031.82
-4032.7
-4032.61
-4031.53
-4029.48
-4026.47
-4022.48
-4017.51
-4011.58
-4004.67
-3996.78
-3987.91
-3978.05
-3967.22
-3955.4
-3942.6
-3928.81
-3914.03
-3898.25
-3881.49
-3863.75
-3845.01
-3825.29
-3804.56
-3782.83
-3760.09
-3736.34
-3711.57
-3685.78
-3658.97
-3631.14
-3602.29
-3572.42
-3541.5
-3509.56
-3476.57
-3442.55
-3407.5
-3371.41
-3334.28
-3296.12
-3256.92
-3216.69
-3175.43
-3133.13
-3089.79
-3045.44
-3000.08
-2953.71
-2906.33
-2857.95
-2808.58
-2758.23
-2706.88
-2654.54
-2601.2
-2546.87
-2491.53
-2435.19
-2377.84
-2319.49
-2260.14
-2199.79
-2138.44
-2076.08
-2012.72
-1948.36
-1883
-1816.63
-1749.25
-1680.88
-1611.52
-1541.15
-1469.78
-1397.41
-1324.03
-1249.65
-1174.27
-1097.89
-1020.5
-942.094
-862.656
-782.193
-700.702
-618.184
-534.631
-450.041
-364.413
-277.745
-190.036
-101.283
-11.4832
79.3657
171.265
264.217
358.214
453.258
549.351
646.498
744.698
843.952
944.265
1045.64
1148.06
1251.56
1356.08
1461.67
1568.34
1676.12
1784.99
1895.2
2006.77
2119.93
2234.3
2349.47
2465.33
2581.88
2699.09
2816.95
2935.4
3054.43
3174.13
3294.44
3415.32
3536.76
3658.68
3781.05
3903.83
4027
4150.54
4274.35
4398.43
4522.74
4647.25
4771.96
4896.84
5021.85
5147
5272.25
5397.59
5523
5648.49
5774.04
5899.63
6025.24
6150.88
6276.53
6402.19
6527.85
6653.49
6779.11
6904.7
7030.26
7155.77
7281.25
7406.7
7532.13
7657.53
7782.93
7908.32
8033.69
8159.05
8284.38
8409.68
8534.95
8660.17
8785.33
8910.45
9035.51
9160.5
9285.43
9410.3
9535.09
9659.8
9784.43
9908.97
10033.4
10157.8
10282
10406.1
10530.2
10654.2
10778
10901.8
11025.4
11149
11272.4
11395.7
11518.9
11642
11764.9
11887.6
12010.2
12132.6
12254.8
12376.8
12498.6
12620.1
12741.4
12862.4
12983.1
13103.5
13223.6
13343.3
13462.6
13581.6
13700
13818
13935.4
14052.3
14168.7
14284.4
14399.5
14513.9
14627.6
14740.6
14852.7
14964
15074.5
15184
15292.5
15400.1
15506.6
15611.9
15716.1
15819.1
15920.9
16021.2
16120.1
16217.4
16313
16406.8
16495.5
16575.4
16645
16702.8
16749.2
16784.3
16808.3
16821.3
16823.6
16823.9
16823.1
16821.3
16818.4
16814.5
16809.6
16803.6
16796.6
16788.5
16779.4
16769.3
16758.2
16746.1
16732.9
16718.7
16703.5
16687.3
16670.1
16651.9
16632.7
16612.4
16591
16568.7
16545.3
16520.8
16495.4
16468.9
16441.3
16412.7
16383.1
16352.4
16320.8
16288.1
16254.4
16219.7
16184
16147.2
16109.4
16070.5
16030.6
15989.6
15947.5
15904.4
15860.2
15815
15768.9
15721.7
15673.5
15624.3
15574.1
15522.8
15470.5
15417.2
15362.8
15307.5
15251.1
15193.8
15135.6
15076.3
15016.1
14954.8
14892.4
14829
14764.6
14699.1
14632.6
14565.1
14496.5
14426.8
14356.1
14284.4
14211.5
14137.7
14062.7
13986.7
13909.6
13831.5
13752.4
13672.2
13591
13508.8
13425.6
13341.3
13256
13169.7
13082.4
12994
12904.7
12814.3
12722.9
12630.5
12537.1
12442.7
12347.4
12251.1
12153.7
12055.4
11956.1
11855.8
11754.5
11652.3
11549.1
11444.9
11339.7
11233.7
11126.6
11018.6
10909.6
