3.10335
6.6885
10.5192
14.4784
18.4121
21.905
25.1618
28.2649
31.3266
34.4226
37.6817
41.2719
45.3974
42.6431
38.9821
34.6425
30.5936
26.9611
18.5525
9.07799
-2.26538
-15.5501
-30.8011
-47.7418
-65.9456
-84.8208
-104.871
-126.043
-148.451
-172.131
-197.527
-224.923
-254.053
-284.7
-316.853
-349.27
-382.02
-407.382
-410.158
-409.941
-408.159
-415.331
-424.134
-434.582
-421.895
-405.45
-386.054
-362.823
-336.081
-306.262
-274.161
-240.799
-205.787
-170.105
-131.876
-90.5683
-50.8493
-8.07461
37.8825
87.4712
139.793
183.448
228.458
274.896
322.907
372.245
423.414
476.187
529.416
583.689
638.458
695.09
752.005
810.639
869.728
929.303
989.036
1048.75
1108.63
1169.22
1230.91
1294.37
1357.57
1419.45
1479.97
1538.97
1596.12
1651.61
1704.43
1755.48
1803.8
1848.68
1889.34
1925.85
1954.05
1972.76
1975.15
1959.96
1920.4
1875.4
1824.4
1768.22
1706.97
1640.86
1570
1494.53
1414.71
1331.16
1244.02
1153.57
1060.01
963.787
864.971
763.847
660.615
555.364
447.935
338.252
226.223
111.935
-4.83861
-124.401
-247.185
-373.47
-503.846
-639.481
-782.883
-929.245
-1085.18
-1245.66
-1410.42
-1578.93
-1751.18
-1927.08
-2106.33
-2286.8
-2468.51
-2650.99
-2834.38
-3018.21
-3201.94
-3385.4
-3568.04
-3749.52
-3929.36
-4107.09
-4282.47
-4455.4
-4625.62
-4792.94
-4958.06
-5121.01
-5281.81
-5440.48
-5596.71
-5750.35
-5901.35
-6049.64
-6195.94
-6340.51
-6484.05
-6626.88
-6768.75
-6909.56
-7049.39
-7188.24
-7325.95
-7462.35
-7596.72
-7728.74
-7858.28
-7985.2
-8109.44
-8230.7
-8348.64
-8464.88
-8578.81
-8690.27
-8799.22
-8905.19
-9007.71
-9107.5
-9203.68
-9294.92
-9381.36
-9461.63
-9528.66
-9578.35
-9544.04
-9503.64
-9457.17
-9403.97
-9343.95
-9276.48
-9201.52
-9118.52
-9027.34
-8927.48
-8818.42
-8699.64
-8569.4
-8427.44
-8273.55
-8107.48
-7929.25
-7738.83
-7536.16
-7320.83
-7092.68
-6851.44
-6596.88
-6328.42
-6046.55
-5754.25
-5452.86
-5142.04
-4821.95
-4493.56
-4159.35
-3820.07
-3476.47
-3129.13
-2778.5
-2424.74
-2067.4
-1704.13
-1334.32
-957.91
-575.23
-186.115
209.315
610.655
1018.26
1431.72
1850.3
2273.68
2701.51
3133.51
3569.75
4010.36
4455.02
4903.46
5354.1
5804.83
6231.39
6627.05
7016.5
7409.02
7804.27
8201.77
8602.5
9006.14
9412.47
9821.48
10233
10645.5
11059.4
11474.7
11891.5
12308.8
12727.6
13146.8
13565.8
13984.5
14403.5
14823.5
15243.4
15662.9
16081.2
16497.8
16912.3
17324.1
17732.9
18138.3
18539.8
18938.1
19332.7
19722.8
20107.7
20487.4
20861.6
21230.5
21594
21951.8
22304.2
22651.1
22992.6
23328.7
23659.3
23984.2
24303.6
24619.6
24932.7
25242.4
25548.6
25853.3
26157
26459.5
26760.9
27061
27359.1
27654.9
27948.2
28239
28526.9
28812
29094.5
29374.5
29651.7
29926.2
30197.7
30466.4
30732.1
30994.7
31254.1
31511.6
31766.9
32018.9
32267.8
32513.4
32755.9
32995.4
33231.6
33464.8
33694.6
33918.8
34136.9
34349.4
34555.8
34756.1
34949.7
35136
35315.2
35486.8
35650.7
35806.5
35954.1
36093
36223.1
36344.1
36456.8
36560.8
36655.9
36741.6
36817.9
36884.5
36941.2
36987.5
37024.1
37049.6
37067.5
37074.5
37068.7
37047.9
37004.4
36909.6
36757.9
36536.7
36281.3
36019.3
35751.8
35478.1
35198.9
34913.8
34623.5
34327.4
34026.2
33719.2
33406.9
33089.1
32766.6
32439
32106.9
31769.9
31428.8
31088
30747.3
30407.1
30067.1
29727.8
29388.9
29050.9
28713.5
28377.2
28041.4
27706.6
27371.8
27037.7
26703.9
26371.2
26038.3
25705.8
25372.5
25040.3
24709.1
24378.8
24049.9
23722.4
23396.5
23072.2
22746.8
22420.3
22092.9
21761.6
21427.2
21090
20749.9
20407
20061.7
19714.4
19365.7
19015.8
18664.8
18312.5
17959
17604.1
17247.9
16890.4
16531.4
16171
15809.1
15445.9
15081.1
14715
14347.5
13975
13597.4
13215.1
12827.6
12434.5
12035.9
11630.3
11217.9
10798.6
10372.4
9939.47
9499.76
9053.32
8600.27
8140.85
7675.06
7203.01
6724.98
6241.22
5752.08
5257.87
4758.99
4255.71
3748.28
3236.87
2724.32
2210.92
1697.36
1184.38
672.414
161.856
-346.925
-853.6
-1357.78
-1859.11
-2357.19
-2851.63
-3342.05
-3828.07
-4309.28
-4785.86
-5257.63
-5724.26
-6185.28
-6640.42
-7089.24
-7531.44
-7966.58
-8394.27
-8814.14
-9222.63
-9621.1
-10007.6
-10380.6
-10740.4
-11088.3
-11427.1
-11758.5
-12084.8
-12407
-12726.5
-13041.3
-13350.3
-13655.1
-13956.1
-14253
-14546.2
-14835.4
-15121.7
-15404.4
-15685.3
-15964.3
-16241.7
-16516.8
-16789.7
-17061.2
-17332.2
-17602.5
-17872.3
-18141.3
-18406.8
-18668.8
-18927.2
-19182
-19433
-19680.2
-19924
-20164.1
-20400.2
-20632.7
-20861.3
-21088.6
-21314.7
-21540.6
-21764.5
-21986.2
-22205.3
-22420.1
-22630.1
-22834.9
-23032.7
-23223.1
-23405.6
-23584.7
-23761.4
-23937.3
-24112.5
-24287.4
-24462.2
-24633.7
-24801.7
-24966.2
-25127.1
-25285.3
-25442.9
-25601.5
-25761.8
-25924.3
-26089.6
-26258.1
-26424.9
-26588.9
-26748.2
-26902.4
-27050.6
-27195.6
-27336.7
-27473.7
-27606.1
-27733.6
-27855.5
-27971.7
-28081.4
-28184.3
-28279.9
-28369.2
-28452
-28531.5
-28607.6
-28681.3
-28752.5
-28821.5
-28887.9
-28951
-29012.4
-29072.3
-29130.2
-29185.7
-29238.7
-29288.7
-29339.2
-29390
-29440.3
-29492.5
-29546.8
-29603.4
-29661.2
-29719.3
-29778.1
-29837.6
-29898
-29962.3
-30030.1
-30101.8
-30178.3
-30259.2
-30344.4
-30431.2
-30519.9
