0.087224
0.082132
0.0759074
0.067202
0.0510032
0.0282005
-0.0128295
-0.0855806
-0.199691
-0.368709
-0.610133
-0.931073
-1.3376
-1.70533
-1.25182
-0.716458
-0.0854463
0.636606
0.733086
-0.193842
-1.09112
-1.95357
-1.59554
-0.894161
-0.24468
0.354843
0.8467
0.354117
-0.0546936
-0.37279
-0.617706
-0.769634
-0.823123
-0.776175
-0.624162
-0.374216
-0.0183844
0.455793
0.559085
-0.180112
-1.03449
-2.00598
-1.77789
-0.593634
0.640689
-0.811998
-2.38394
-0.825327
0.416264
-1.5014
-1.08896
0.381721
-1.98152
-0.117867
-0.821367
-1.02225
-0.12709
-1.5362
0.175064
-1.74029
0.170535
-1.54696
-0.105639
-1.11811
-0.162976
-0.623505
0.121668
-0.401679
0.610917
-0.529997
1.27504
-1.28606
1.24395
-0.483129
-0.372403
0.885268
-1.41419
-1.06441
0.365898
-1.51944
-2.57017
-1.15861
0.282786
1.32309
0.834236
0.448108
0.272062
0.314978
0.567773
0.999137
1.6195
1.00485
-0.20804
-1.29099
0.366461
0.875615
-1.39828
0.737874
-0.506406
0.349095
-0.379567
1.51632
-0.789923
0.130705
1.7899
0.391799
-0.702903
-1.21681
-0.715199
-0.497891
-0.564161
-0.915663
-0.726854
0.336101
1.69429
0.90812
-0.947956
1.19536
0.753115
0.144337
1.3614
0.152586
0.925868
1.14961
-0.436084
1.71921
1.11062
-0.682998
0.972647
2.1914
0.458366
-0.253511
1.46706
1.26192
-0.687233
0.583714
1.42945
-0.752883
0.395486
0.95436
-1.23022
1.28878
-0.445206
0.481568
0.0627766
0.306331
-0.0693123
0.777344
-0.971636
1.42123
-0.405327
-0.809451
0.983006
0.699558
-0.544348
-1.37409
-0.581033
-0.0582591
0.18333
0.133861
-0.216066
-0.875851
-0.407592
0.969643
1.38633
-0.647543
0.895311
0.488795
0.575465
0.108875
1.74191
-0.226704
-0.370071
0.722007
1.37963
1.62453
1.42353
0.765147
-0.349514
-0.389399
1.68864
-0.30516
1.03609
-0.665424
1.52868
0.751464
-0.371362
-0.960782
-0.984952
-0.45358
0.665821
1.53948
-0.759484
1.26599
-0.889958
1.26809
1.0469
0.110748
-0.19346
0.115913
0.494351
0.661898
-1.51373
0.919068
-1.48392
0.714049
0.732141
-0.220416
-0.602352
0.0421165
1.27784
0.743063
-0.897003
1.87484
-0.581253
0.386181
1.80714
1.51891
1.40931
1.94
1.08556
-0.684479
1.08912
0.173019
1.60811
-0.346862
-0.121807
0.61281
0.730636
0.23087
-0.870694
0.609602
1.40758
-0.64405
1.34251
0.384911
-0.980481
0.1795
0.811585
0.929389
0.552858
-0.299242
-1.30567
0.372018
0.778244
-1.40851
1.15763
-0.650222
0.0812914
0.329309
-1.27456
1.10812
-1.48276
-0.0682113
-0.229436
-1.60315
0.663223
-0.98592
-1.35394
0.670011
-0.827994
-1.92043
-0.270176
0.463686
-0.913594
-2.12668
-1.50638
-0.681441
-0.0519732
0.36891
0.571424
0.547748
0.290498
-0.208536
-0.958354
-1.96771
-2.08397
-0.573022
-0.350874
-2.47914
-0.453839
-1.36752
-0.783247
-1.54759
0.249871
-1.82598
-1.4049
-0.0228161
0.517709
0.00130653
-0.100974
0.219922
0.68058
-0.491556
-2.12286
-0.301153
-0.513215
-0.881738
-0.879944
0.513413
-1.30595
-2.30049
-1.70053
-1.64805
-2.15358
-1.58534
0.0542134
-0.83919
-1.17638
-0.847662
0.0239354
-1.58066
-2.38477
-2.08797
-2.44852
-1.51021
0.179681
-1.29909
-0.64455
-1.89863
-0.122332
0.35642
0.0645908
0.519806
-0.392049
-2.35242
0.219657
-2.33519
-0.376304
0.729676
0.436881
0.588683
-0.751683
-1.71303
0.28021
-0.947603
-2.1752
-1.59891
-1.91794
-1.30993
0.888
-2.13169
0.114652
0.549997
0.266431
0.951703
-0.578542
-0.981206
-0.587736
1.02194
0.712321
1.19898
-0.206297
-0.943251
-0.129152
1.2013
0.771169
1.24677
-0.519813
-0.105388
-1.19981
-0.130383
-0.218138
-1.48001
0.512665
-1.24846
0.232829
0.514265
-0.411655
-0.791279
0.391609
0.828598
0.329159
1.05073
-0.0714639
-0.0911827
-1.40438
-0.789257
-1.41137
-0.0822666
-0.118384
1.09644
0.416323
0.979824
0.0190097
-0.421112
-1.15132
-0.479976
-1.05748
-0.741753
0.295949
0.347546
-0.352065
0.201162
0.511512
-1.21602
-0.638937
0.0470873
-0.528436
-1.53898
1.03501
-0.275955
-0.995681
-0.470525
1.26887
-1.80925
0.147848
0.843701
0.294664
-1.51444
0.679343
-1.32343
-1.85259
-1.56333
0.19864
-0.892485
1.12335
0.400938
0.878833
-0.336863
-0.715288
-1.25164
-0.43054
-0.865733
-1.51966
0.825911
-0.759036
-1.66725
-1.32661
0.247269
-0.940274
0.832381
-0.158529
0.0747162
0.535439
-2.03453
0.166596
0.77695
0.887542
-0.161424
-1.49075
-0.194045
1.02294
0.961292
0.0603262
-1.79528
0.451724
0.284481
-0.00694376
0.892279
-0.705079
-0.0860076
-1.90582
-1.50112
-1.99159
-0.268063
-0.314321
0.379756
-0.708281
-0.6386
0.561457
-0.492124
0.0804557
-1.6166
-1.60304
-1.70336
-0.111162
-0.0319071
0.0346314
-1.43309
-1.80292
-1.24593
0.384119
-0.320224
0.385413
-1.27331
-1.53139
-1.73223
-0.577487
1.41065
-1.31749
1.29865
-1.06735
-0.252846
1.45583
0.145421
-1.25212
-0.41331
1.02106
0.872187
-0.557246
-0.840082
0.691598
1.17637
-0.468989
-0.633017
1.16481
0.373254
-1.22367
0.894475
-0.542542
-1.6242
0.711122
-1.97451
0.186428
-1.52514
0.225349
-1.80544
0.909975
-1.26415
-0.570926
1.03276
-0.611528
-1.44742
-0.149901
0.891862
1.68304
1.88166
2.01682
2.07963
1.45327
0.461013
-0.874248
0.82442
1.59027
-0.884882
1.90668
-0.75014
1.84321
0.339179
-0.555998
0.709597
1.50798
1.83123
1.67134
1.0186
-0.136507
-0.939882
1.09709
-0.429232
0.488827
-1.19795
0.734519
0.57986
-0.332334
-0.613299
-0.291761
0.627579
0.236488
-1.94556
1.87234
-1.04123
0.918904
1.40375
0.501026
0.29316
0.790328
0.864034
-1.25845
0.357382
-1.39825
0.562572
0.431479
-0.0937394
0.176351
0.698566
-1.24565
-0.445443
-1.30145
0.56561
0.126761
-0.0560052
0.633799
-0.470422
-1.60995
0.0394294
-0.240914
-1.32218
-1.47423
-0.685191
0.975554
-1.66766
0.997929
-0.499874
-1.1492
-0.789292
0.569559
-0.482009
0.0831579
-1.75766
-1.07605
-1.28187
-1.0014
1.37143
