0.0171984
0.0225424
0.0522758
0.114843
0.21018
0.343003
0.514681
0.72227
0.96241
1.23696
1.55125
1.90515
2.29845
-0.410567
0.0300885
0.437225
0.83013
1.17916
-1.65179
-1.40042
-1.2043
-1.06942
2.13172
2.09911
1.95656
1.69533
-1.82301
-2.31022
-2.90575
-3.60781
1.89454
1.01331
0.0187918
-1.09915
-2.36062
-3.77336
0.940514
-0.772786
0.505665
-1.4295
-3.37238
0.967787
2.14989
0.14992
1.22191
-0.858784
-2.88938
-1.71882
-0.518228
-2.3591
-0.356625
1.14351
-0.376585
1.38412
-3.00955
-0.976824
1.20701
-2.73828
-0.241246
-3.86408
-1.02696
1.98815
-1.09224
-3.98962
-0.405904
-2.89677
1.12727
-0.920764
-2.75296
-4.36965
0.514895
-0.663426
-4.76706
0.767379
0.24617
-0.052788
-3.2759
-3.14427
0.323766
-0.249777
1.84734
2.8264
0.909591
-0.793251
0.871208
-0.368946
-1.38529
4.09939
3.50176
3.10212
2.87565
-0.305733
-0.169439
3.27315
3.72895
1.17971
1.8782
-0.497117
3.4438
1.0587
-1.08913
2.64422
3.10809
0.286181
3.58759
3.57009
3.36351
-0.187519
-0.815069
-1.67266
3.51199
2.15994
-2.59232
1.80645
-0.364561
0.308393
-2.46892
-2.42419
-2.70982
2.96587
2.0075
0.684249
-1.01644
3.17421
0.674891
0.893192
-2.45717
3.16654
-1.0742
0.510445
-1.51489
-0.886189
2.3854
2.00469
-2.03984
2.80574
0.812835
1.41218
-1.67627
0.976728
3.0893
1.52122
2.55771
3.05558
3.01567
2.43737
1.32164
-0.328008
-2.50737
-2.06676
0.793589
3.4012
2.3607
-2.33393
1.89233
2.47579
-0.579572
2.153
-1.8881
-0.133204
1.13118
1.91278
-0.924161
-1.12901
1.33467
0.187254
1.71541
2.78446
3.39432
3.58588
3.33976
-0.48009
-1.58418
0.0328708
1.23439
2.00158
2.36638
2.33885
1.91917
-2.00964
3.11355
-1.53403
-0.247008
0.716009
-1.78312
-1.43416
1.77133
-1.55233
1.19971
3.90311
0.405364
0.148014
3.15117
3.14731
3.30081
0.485181
1.0085
-1.39762
2.71938
0.806379
-1.54266
0.245448
-0.781149
1.69287
-1.73559
-1.61446
2.08363
3.07445
-1.9601
-0.205459
2.34971
2.33802
2.91899
-2.16329
-0.354894
2.11804
2.13779
-0.284203
1.16206
-2.92802
3.17165
0.620782
2.00149
-2.09651
0.911169
1.60861
0.00233552
2.40543
-0.604299
3.56963
2.36409
-1.04595
2.76883
1.27553
0.761339
1.26063
2.76992
2.18099
2.63089
-2.13284
0.451812
-2.16858
-0.549108
-0.940354
2.93244
1.66223
-1.65922
-0.739238
1.26394
-1.90092
2.24251
1.28427
-1.69709
-0.409818
2.01215
-0.697068
0.900773
0.524802
1.32173
0.179466
-2.91535
1.46146
-2.40203
-1.92946
-3.40696
2.57901
0.361305
2.5086
-0.374567
-2.03114
-2.45995
-1.66019
0.353784
-2.69826
1.7495
1.12946
-1.41909
0.383858
0.247493
-1.84137
0.378921
3.73286
1.91772
1.21893
1.65638
0.0935552
2.78953
3.46062
2.0982
-1.3033
2.67459
1.45338
-1.8235
-0.876508
1.14825
1.10784
2.1351
-2.05767
1.09421
-0.978125
0.494655
0.478914
-1.62849
-2.66717
-2.66358
1.54058
-2.64109
-2.62946
-1.59052
0.494178
-2.69592
-1.71751
-2.88233
0.111535
-2.19073
-0.342874
-0.661048
3.12473
1.59131
1.0029
-1.76318
-0.419658
-1.28196
-1.18873
-3.31067
-1.34883
-1.58931
-0.895749
-2.44817
0.0439086
0.268895
-1.76875
0.186082
-0.149164
0.33998
1.65127
-2.52526
-2.7701
-2.25195
2.16219
-2.12101
-2.54497
0.866208
1.81776
0.28475
-0.605987
2.26227
-0.552706
-2.79391
-1.33875
-2.52854
-0.0324341
-0.19465
0.0904849
0.784296
1.82713
-0.0366504
1.29981
-0.647183
0.235603
0.74569
-2.27984
0.56971
-3.29312
1.82584
0.197815
1.23415
1.77231
1.79677
-1.85184
0.23758
1.7622
-0.432802
-3.22485
-3.48552
1.90841
0.380852
1.34465
1.65097
-1.856
0.240342
1.64714
-0.78595
2.35726
1.64225
0.205864
-1.96169
-1.7257
-2.24008
-0.368532
0.733676
1.06268
-2.51991
-0.613187
-2.6534
0.772181
-2.90484
2.00981
-0.1947
-0.107926
-0.763727
-2.40539
-1.78215
-2.04423
-0.0584437
-2.12654
1.15701
-2.78167
-1.39408
-0.971036
1.60775
0.0524172
0.630945
0.197899
1.87669
-0.620258
-1.02818
0.648389
-1.89215
-2.37138
-3.94919
-0.334123
-0.983286
-2.75789
-2.53545
-3.46077
0.7273
0.596051
-0.73807
-3.26874
-3.89297
0.520266
0.521484
-0.759408
-0.206814
-0.973504
-3.08586
-0.271331
-1.9814
-1.94195
-3.323
0.147194
-4.12224
-0.432609
-1.37628
-3.81944
-1.50489
-0.722362
1.64434
-3.83501
-1.47466
-0.705805
1.59636
-0.864526
1.33543
-1.24599
-2.32439
1.22484
-0.0207915
-2.93583
-1.23361
-4.3543
-2.86862
0.0674684
-1.82372
0.869092
-1.27258
-1.9757
-4.38233
0.922802
1.3822
0.124835
0.30283
-4.38014
-4.48574
-3.16829
-0.41413
0.633771
-3.15145
0.807321
-0.0553312
0.545607
-3.65582
-0.108013
-1.36027
-1.15429
0.524546
-2.62907
1.97031
1.73381
-3.3252
-0.658462
-2.82044
-3.55252
-2.83333
-0.6965
-3.40039
1.59714
-1.39478
-2.97479
-2.64797
1.92755
-1.50589
2.72926
2.05893
-0.412485
1.63423
1.92217
3.59674
0.372193
1.67929
1.23564
2.14862
-1.82592
1.8807
3.8393
4.03554
-0.692928
2.23233
0.280315
-0.22936
-2.41931
3.12267
-2.45797
-0.319497
3.25322
1.9643
-1.03748
-2.61181
-2.73477
1.73349
1.36994
-0.687935
1.838
2.65794
1.77367
-0.812224
-1.95409
-1.64808
0.109204
0.177958
-1.4423
-1.61141
-0.333587
2.38944
3.41037
2.73354
0.355149
-0.575599
3.08456
2.19567
-0.651681
4.24875
1.19328
-0.387284
2.65019
4.03137
0.621101
-1.28778
-1.68674
2.57805
2.09326
3.15343
-0.517686
0.513632
3.10943
0.987047
0.431816
-1.69527
-2.25101
-1.229
1.37687
2.42165
-1.23369
-0.161536
-0.641555
3.6093
3.16636
1.16959
3.90407
1.94129
1.56295
-0.374379
-0.729355
0.495903
0.158315
-1.74339
-2.06996
2.3177
1.97757
3.20236
-0.30126
4.03272
0.488127
