0
-0.00299042
-0.00613031
-0.00873632
-0.0103736
-0.0107659
-0.0100377
-0.00847938
-0.00635657
-0.00457385
-0.00207755
0.00123044
0.00524702
0.00986674
0.0150738
0.020039
0.0243485
0.0288066
0.0335106
0.0385758
0.0438208
0.0500684
0.0560056
0.0604119
0.0649235
0.070464
0.0773124
0.0841469
0.0909626
0.0977382
0.104866
0.111422
0.117663
0.124555
0.131131
0.136259
0.141096
0.145701
0.149998
0.153564
0.156466
0.158582
0.160435
0.162311
0.163324
0.163843
0.16385
0.164164
0.163799
0.163146
0.162164
0.160802
0.160916
0.164338
0.169645
0.17638
0.184134
0.192005
0.20072
0.209743
0.219544
0.229744
0.240743
0.252176
0.263746
0.275422
0.287541
0.299543
0.308955
0.318439
0.327818
0.337025
0.346098
0.355059
0.360179
0.365119
0.368086
0.371022
0.373965
0.376955
0.380024
0.383205
0.386717
0.390996
0.395249
0.399411
0.403175
0.406277
0.408256
0.413085
0.414396
0.415112
0.414866
0.413824
0.412308
0.410309
0.40838
0.406766
0.405035
0.402452
0.398727
0.395411
0.392075
0.388734
0.385406
0.382315
0.379218
0.375624
0.372474
0.36956
0.366958
0.364674
0.364926
0.365346
0.365899
0.366661
0.368078
0.370098
0.372665
0.375187
0.378326
0.381916
0.385913
0.390377
0.395214
0.400318
0.40495
0.409417
0.413319
0.416674
0.419937
0.423292
0.426774
0.430426
0.434302
0.436808
0.439056
0.441964
0.445478
0.44862
0.451535
0.454202
0.456608
0.458095
0.458661
0.457976
0.456844
0.45552
0.454
0.45248
0.451237
0.450437
0.450022
0.450995
0.45138
0.450959
0.450376
0.448909
0.449415
0.450515
0.450397
0.450384
0.451372
0.452253
0.453161
0.454225
0.455478
0.45703
0.456231
0.456808
0.45705
0.457083
0.456907
0.456645
0.456392
0.456189
0.455985
0.455789
0.455523
0.455301
0.454789
0.454433
0.453803
0.453572
0.453425
0.453694
0.454089
0.454906
0.455849
0.457207
0.458682
0.460614
0.462725
0.465263
0.468055
0.471241
0.474761
0.47867
0.483359
0.488429
0.494232
0.500326
0.506687
0.513007
0.519369
0.525322
0.531056
0.53691
0.542832
0.548677
0.554601
0.56014
0.565261
0.568195
0.570165
0.572896
0.575372
0.57605
0.574747
0.57261
0.569571
0.565793
0.561215
0.556203
0.552143
0.549222
0.547287
0.545893
0.544228
0.543035
0.541905
0.540882
0.540135
0.539405
0.538556
0.537749
0.53707
0.536651
0.536585
0.536872
0.537314
0.538378
0.539111
0.539173
0.540055
0.541011
0.541836
0.542488
0.543032
0.543389
0.544477
0.545602
0.546858
0.548334
0.549787
0.549256
0.549665
0.550481
0.551586
0.551999
0.553957
0.555129
0.555844
0.556841
0.55892
0.561307
0.563525
0.565735
0.567263
0.568277
0.568692
0.568035
0.56639
0.563966
0.560716
0.556578
0.551436
0.545256
0.538092
0.530479
0.522423
0.514737
0.507101
0.498532
0.489656
0.480176
0.47139
0.462366
0.453508
0.444758
0.436092
0.430695
0.425835
0.420945
0.416282
0.414843
0.414062
0.413085
0.412303
0.411377
0.410595
0.409257
0.408276
0.408003
0.408062
0.407941
0.408056
0.40815
0.407984
0.407767
0.407539
0.407305
0.40688
0.406117
0.405904
0.405942
0.405465
0.403701
0.402827
0.401244
0.401153
0.40081
0.40097
0.400494
0.400681
0.400236
0.400738
0.400678
0.401124
0.400927
0.400177
0.399468
0.398773
0.397908
0.397754
0.396922
0.395869
0.394944
0.393848
0.39285
0.391736
0.390673
0.38953
0.388402
0.387219
0.386022
0.384716
0.383458
0.382102
0.38078
0.379395
0.378035
0.376618
0.375219
0.373768
0.372328
0.37084
0.369358
0.367829
0.366304
0.364734
0.363163
0.361549
0.359935
0.358277
0.356619
0.354916
0.353237
0.351625
0.34996
0.348235
0.346551
0.344779
0.343041
0.341223
0.339756
0.33761
0.336089
0.33393
0.331988
0.329979
0.328179
0.326305
0.324643
0.322911
0.321711
0.320316
0.318799
0.316541
0.313817
0.311573
0.30985
0.308217
0.306146
0.304552
0.302624
0.3008
0.29864
0.296635
0.294399
0.292143
0.289743
0.287345
0.28631
0.285726
0.285096
0.284235
0.283533
0.282351
0.28148
0.281394
0.281584
0.281834
0.282169
0.282597
0.283069
0.283667
0.284291
0.285037
0.285792
0.286661
0.286518
0.286465
0.286355
0.286267
0.28603
0.285828
0.285468
0.285025
0.284385
0.283598
0.283363
0.282962
0.282445
0.28177
0.280978
0.280029
0.278965
0.277746
0.277355
0.276456
0.275646
0.274688
0.273688
0.272566
0.271356
0.270017
0.268585
0.267017
0.265354
0.263537
0.261624
0.260242
0.258039
0.255718
0.253251
0.250629
0.2479
0.245009
0.242009
0.238853
0.23558
0.232151
0.228605
0.224904
0.221155
0.217264
0.213247
0.209199
0.205014
0.200699
0.196289
0.191741
0.187112
0.182375
0.177604
0.17362
0.169354
0.165215
0.161327
0.157231
0.153262
0.148965
0.144809
0.140144
0.135231
0.129569
0.123466
0.118646
0.114081
0.109346
0.105054
0.100694
0.097163
0.0933364
0.0908742
0.0884207
0.0862193
0.0835536
0.0810653
0.0785757
0.0769118
0.0751955
0.0736173
0.0720099
0.0685175
0.0651479
0.0617152
0.0582414
0.0547216
0.0512616
0.0480076
0.0443687
0.0404752
0.0367098
0.032771
0.0307934
0.0287964
0.0278127
0.0260425
0.0239875
0.0216041
0.0182945
0.0144915
0.0103127
0.00562025
0.000658123
-0.00432543
-0.00665724
-0.00824407
-0.00887209
-0.00920105
-0.00896166
-0.00835089
-0.00896576
-0.00959087
-0.00993715
-0.0103638
-0.00994098
-0.00845116
-0.00649662
-0.00374916
-0.00061791
0.00308918
0.00716969
0.00917675
0.0106149
0.0115123
0.0122886
0.0131338
0.0140529
0.0149838
0.015924
0.0169249
0.0179582
0.0186052
0.018853
0.0187302
0.0182316
0.0174238
0.0157795
0.0141777
0.0134694
0.0115656
0.00985322
0.00754172
0.00530019
0.00303293
0.000738084
-0.000423915
-0.00153871
-0.0027599
-0.00432877
-0.00621071
-0.00839456
-0.0105771
-0.0129603
-0.0155512
-0.0170516
-0.0183006
-0.0197353
-0.0212395
-0.023154
-0.02488
-0.026396
-0.0277204
-0.0283576
-0.0288736
-0.0293877
-0.0295819
-0.0298488
-0.0301401
-0.0313515
-0.0324673
