0
0.00127347
0.00310422
0.00574019
0.00810337
0.00999091
0.0112053
0.0116673
0.0110201
0.00967327
0.0077069
0.00499714
0.00147318
-0.00291999
-0.00774437
-0.0132257
-0.0190751
-0.0240446
-0.0279151
-0.0307431
-0.0325356
-0.0336185
-0.0352424
-0.0390972
-0.0431677
-0.0484661
-0.0538217
-0.0580386
-0.061096
-0.0629739
-0.0626115
-0.0627265
-0.0621712
-0.0580421
-0.0538529
-0.0494454
-0.0442332
-0.0387156
-0.0315982
-0.0239938
-0.0164682
-0.00922791
-0.00204418
0.00478048
0.011638
0.0180982
0.0241069
0.0305001
0.0370356
0.0423554
0.04669
0.0493093
0.0511351
0.052121
0.0524021
0.053062
0.0540955
0.0556273
0.0569431
0.058428
0.0598809
0.0613066
0.062594
0.0636267
0.0641636
0.0642065
0.0639485
0.0631706
0.0621953
0.0609499
0.0594549
0.0577869
0.0559416
0.0539102
0.0529597
0.0520495
0.052144
0.0525116
0.0531607
0.0540985
0.0553301
0.05686
0.0597992
0.0641599
0.0688257
0.0729633
0.0772322
0.0817464
0.0853243
0.0858595
0.0853643
0.0852164
0.085778
0.087203
0.0888223
0.0906303
0.0920589
0.0932228
0.0946227
0.0960201
0.0978143
0.098712
0.0994594
0.100059
0.100514
0.100756
0.100649
0.0990371
0.0974732
0.095135
0.0921964
0.088647
0.0833048
0.0774925
0.0711675
0.0644222
0.0574381
0.0502399
0.0428493
0.0345234
0.0262907
0.0180726
0.00988878
0.00166115
-0.00658485
-0.0148255
-0.0237296
-0.0327163
-0.0419984
-0.0513326
-0.0600228
-0.0677879
-0.0745739
-0.080359
-0.0851524
-0.0764243
-0.0689479
-0.061978
-0.0547006
-0.0475574
-0.0404492
-0.0334386
-0.026576
-0.0201236
-0.0140444
-0.00853461
-0.00378854
0.000708366
0.00498765
0.00957545
0.014158
0.0187279
0.023277
0.0291285
0.0345643
0.0391825
0.043347
0.0464096
0.0488379
0.0507568
0.0492422
0.0469051
0.0457972
0.0446243
0.0430827
0.041524
0.040074
0.0391059
0.0377951
0.0379656
0.0376671
0.0369647
0.0358776
0.0349344
0.0340069
0.0336578
0.0333599
0.0331119
0.0324971
0.0319223
0.0310828
0.0304743
0.0294756
0.0290675
0.0287457
0.0290443
0.0294797
0.0305444
0.0317437
0.0335727
0.0352819
0.0378571
0.0403601
0.0436672
0.0469587
0.0509679
0.0550252
0.0597459
0.0649366
0.0707937
0.0770143
0.0834093
0.0899626
0.0966883
0.103316
0.109967
0.116571
0.123659
0.130955
0.138547
0.146292
0.154993
0.162983
0.167495
0.170383
0.173463
0.176422
0.178926
0.17873
0.178003
0.176755
0.175303
0.173895
0.172776
0.172124
0.171854
0.172176
0.172503
0.172813
0.173207
0.173592
0.173875
0.174103
0.17417
0.174085
0.173868
0.173487
0.173017
0.173139
0.173341
0.173557
0.174372
0.17477
0.176426
0.177452
0.178194
0.178639
0.179218
0.179624
0.18018
0.181129
0.181938
0.18263
0.183221
0.183663
0.183167
0.183063
0.183385
0.184018
0.183491
0.184414
0.186236
0.188579
0.190976
0.192667
0.193096
0.196013
0.199377
0.202575
0.205441
0.207435
0.20775
0.207088
0.205692
0.203546
0.20072
0.197765
0.194627
0.191227
0.187602
0.183675
0.180537
0.177548
0.174047
0.169258
0.164152
0.159798
0.155599
0.151858
0.14847
0.145412
0.142472
0.139749
0.137607
0.136281
0.135501
0.134769
0.13385
0.133402
0.132875
0.132846
0.132549
0.132795
0.134079
0.135959
0.137581
0.138971
0.140174
0.141333
0.142465
0.143682
0.144677
0.145738
0.146332
0.147612
0.147469
0.147073
0.146894
0.14724
0.147075
0.14813
0.14863
0.149842
0.150278
0.151427
0.151787
0.153128
0.153486
0.154571
0.154838
0.15551
0.156461
0.157183
0.157973
0.159198
0.160028
0.160568
0.16137
0.161949
0.162771
0.163374
0.164153
0.164752
0.165486
0.166068
0.166745
0.166962
0.167554
0.167614
0.168096
0.168079
0.16848
0.168376
0.168692
0.168501
0.168733
0.168455
0.168601
0.168235
0.168298
0.167846
0.167822
0.167282
0.167177
0.166551
0.16636
0.165645
0.165376
0.16484
0.164523
0.163678
0.163251
0.162307
0.161785
0.160736
0.159766
0.159112
0.158085
0.157363
0.156205
0.155289
0.15398
0.152897
0.151374
0.150246
0.148682
0.147831
0.146496
0.145576
0.144129
0.143514
0.142261
0.141798
0.139962
0.138043
0.136347
0.134261
0.132384
0.130249
0.128346
0.12633
0.124482
0.122507
0.122438
0.121537
0.120604
0.11983
0.118907
0.118021
0.116789
0.114679
0.112385
0.110094
0.10782
0.105596
0.103368
0.101192
0.0990024
0.0968695
0.0947124
0.0926181
0.090997
0.0894323
0.0879124
0.0863549
0.0848145
0.083232
0.0816689
0.080406
0.0796709
0.0790596
0.0791631
0.0793704
0.0797194
0.0801706
0.0807649
0.0814617
0.0823002
0.0832384
0.0835167
0.0843028
0.0850545
0.0858164
0.0865014
0.0870901
0.0875791
0.0879607
0.0882327
0.0883864
0.0884195
0.0883148
0.0880778
0.0868573
0.0857535
0.0844234
0.0829409
0.0813292
0.0795699
0.0776784
0.075633
0.0734409
0.0710853
0.0685779
0.0658978
0.0630602
0.0604766
0.0579434
0.0552858
0.0523107
0.0492387
0.0459492
0.0425374
0.0389196
0.0350901
0.0310735
0.0269658
0.0231522
0.0190308
0.0137357
0.00741554
0.000435767
-0.00579911
-0.0119361
-0.0174793
-0.0229691
-0.0282239
-0.0337147
-0.0390314
-0.0424368
-0.0458581
-0.0495811
-0.0511552
-0.0529482
-0.0525317
-0.0520605
-0.0506517
-0.0493321
-0.04832
-0.0477095
-0.0471869
-0.0468214
-0.0461644
-0.0453677
-0.0443618
-0.0433065
-0.043027
-0.0428697
-0.0428584
-0.043108
-0.0433356
-0.04379
-0.0444715
-0.0463687
-0.0487364
-0.0513512
-0.054387
-0.0558062
-0.0576415
-0.0577262
-0.0568978
-0.0562819
-0.0562415
-0.0558375
-0.0561269
-0.0567655
-0.0582401
-0.0599352
-0.0607996
-0.0620798
-0.0633887
-0.0645652
-0.0650421
-0.0645719
-0.0634249
-0.06013
-0.0568373
-0.0530046
-0.0493792
-0.045085
-0.0418123
-0.0398472
-0.0372825
-0.0346814
-0.0315652
-0.0284311
-0.0232021
-0.0178989
-0.0114611
-0.00509819
0.00217491
0.00958409
0.0175269
0.0255233
0.0340182
0.0425682
0.0508002
0.0582969
0.0655567
0.0721705
0.0786302
0.0818698
0.0853062
0.0865445
0.0855766
0.0837261
0.0807027
0.0776628
0.0750855
0.0730141
0.0712747
0.0694054
0.067876
0.066009
0.0638816
0.0616592
0.059401
0.0570533
0.0553486
0.0529101
0.0505325
0.0481039
0.0465302
0.0451365
0.0438668
0.0427502
0.0417892
0.0390962
0.0370369
0.0344516
0.0316371
0.0289249
0.0262147
0.0245983
0.0227013
