-0.0355023
-0.0311521
-0.0297639
-0.0274285
-0.0240126
-0.0207295
-0.017539
-0.0205098
-0.021718
-0.0236991
-0.0264513
-0.0302042
-0.0347704
-0.0399512
-0.0455735
-0.0494358
-0.0528574
-0.05616
-0.0649311
-0.0730915
-0.0780154
-0.0842162
-0.0878164
-0.0890141
-0.0920348
-0.0919301
-0.0921429
-0.0925463
-0.0931029
-0.0937614
-0.0944557
-0.0988928
-0.103622
-0.105067
-0.106273
-0.106195
-0.106664
-0.107047
-0.10754
-0.10791
-0.108178
-0.106453
-0.101114
-0.094816
-0.0883129
-0.0816502
-0.0749249
-0.0693899
-0.0640636
-0.0588382
-0.092898
-0.088325
-0.0835312
-0.0840739
-0.0865721
-0.0912123
-0.0968224
-0.102397
-0.107444
-0.112691
-0.117261
-0.121572
-0.124836
-0.130373
-0.135764
-0.141106
-0.146669
-0.152247
-0.143286
-0.1341
-0.124814
-0.115463
-0.10604
-0.0965032
-0.0871618
-0.0779053
-0.0645046
-0.051272
-0.0382295
-0.0253898
-0.0127558
-0.000322273
0.00540079
0.0148442
0.024387
0.0333633
0.0326442
0.0332643
0.0351529
0.0370753
0.0333094
0.0306619
0.0327447
0.0372309
0.0417839
0.046422
0.0511287
0.0561413
0.0614277
0.0663437
0.0379596
0.0384366
0.0387369
0.0388499
0.0387633
0.0384333
0.0373647
0.0359544
0.0344253
0.0328299
0.0311886
0.029522
0.0278574
0.0264182
0.0252832
0.024476
0.0228246
0.020269
0.0167889
0.0123496
0.00758958
0.00245314
-0.00282526
-0.00789617
-0.0124918
-0.0163251
-0.0209948
-0.0250914
-0.0285788
-0.0300812
-0.0310407
-0.0318463
-0.0325809
-0.0334562
-0.0344236
-0.0404225
-0.0482645
-0.0561801
-0.0643767
-0.0706932
-0.0748045
-0.0768173
-0.0768077
-0.074997
-0.0714113
-0.0669906
-0.0629384
-0.0599359
-0.0577163
-0.0559861
-0.0545358
-0.0555526
-0.0559911
-0.0607035
-0.0640147
-0.0657925
-0.0671239
-0.0692651
-0.0692636
-0.0686774
-0.0606967
-0.0518579
-0.0419086
-0.0326107
-0.0226066
-0.011826
-0.000405285
0.0122134
0.0235296
0.0297949
0.0354739
0.0410382
0.0465886
0.0528466
0.0603198
0.0704899
0.0812688
0.0926598
0.104663
0.117215
0.129661
0.142668
0.156204
0.169575
0.182951
0.196158
0.209473
0.222677
0.235935
0.24929
0.262995
0.276201
0.289602
0.302508
0.315415
0.327843
0.340061
0.351801
0.360663
0.368801
-0.100347
-0.101557
-0.102164
-0.101823
-0.102027
-0.102562
-0.103
-0.102913
-0.100895
-0.0970911
-0.0911143
-0.0852728
-0.078854
-0.0720921
-0.0647026
-0.0592548
-0.053839
-0.0492217
-0.0462029
-0.0424358
-0.0379328
-0.0323251
-0.0262831
-0.0201831
-0.0125786
-0.0041371
0.00176888
0.00802268
0.0136728
0.018922
0.0226453
0.0246033
0.0256146
0.0260378
0.0265473
0.0265438
0.0263233
0.0255159
0.0244493
0.0227655
0.0202587
0.0169387
0.0124508
0.0145648
0.0177799
0.0202934
0.0242569
0.0295232
0.0361565
0.0442452
0.384535
0.37311
0.360113
0.345293
0.332219
0.321346
0.311711
0.302817
0.294691
0.287499
0.29068
0.292347
0.297161
0.302916
0.307526
0.310756
0.311257
0.312914
0.315074
0.317528
0.31975
0.3238
0.329478
0.336855
0.346112
0.357373
0.370493
0.385687
0.402926
0.419743
0.435807
0.459145
0.482859
0.508654
0.513889
0.518177
0.521191
0.523233
0.524282
0.52507
0.525607
0.528033
0.531374
0.535318
0.540367
0.542182
0.545314
0.546175
0.548837
0.5493
0.578167
0.573918
0.567747
0.560141
0.550548
0.539719
0.530364
0.520073
0.509907
0.499107
0.488838
0.478221
0.469548
0.458258
0.448749
0.437989
0.429389
0.419236
0.410961
0.401143
0.39056
0.378281
0.367547
0.355327
0.344767
0.332764
0.322757
0.311973
0.303128
0.293451
0.285806
0.276929
0.270307
0.262546
0.255782
0.247674
0.241626
0.234075
0.22853
0.221473
0.216402
0.209814
0.205186
0.19902
0.194815
0.189057
0.185324
0.179904
0.176516
0.171386
0.225549
0.221299
0.21977
0.215621
0.21421
0.210147
0.20884
0.204847
0.203631
0.199702
0.198571
0.194688
0.193624
0.189787
0.188793
0.184985
0.184039
0.180259
0.179394
0.175824
0.175148
0.171572
0.170886
0.167256
0.166545
0.163528
0.163005
0.160221
0.159936
0.157415
0.157376
0.154998
0.155097
0.152844
0.152992
0.150577
0.142634
0.132504
0.124815
0.114978
0.107383
0.0977337
0.0896522
0.0796509
0.0719436
0.061909
0.0544031
0.0447874
0.0375823
0.0283448
-0.0859571
-0.0853791
-0.0849088
-0.0835508
-0.0822227
-0.0794475
-0.0776576
-0.0746135
-0.0726793
-0.069382
-0.0660736
-0.0601253
-0.0550388
-0.0482631
-0.0424882
-0.0353497
-0.0292731
-0.0217582
-0.0153932
-0.00753159
-0.000914003
0.00308431
0.00497463
0.00840469
0.0101773
0.0136691
0.0154567
0.0189738
0.0206156
0.024184
0.0260456
0.0234694
0.0190816
0.0164336
0.0120204
0.00930437
0.00487302
0.00210219
-0.00232137
-0.00470386
-0.00940169
-0.0126672
-0.017636
-0.0211987
-0.0263169
-0.0300799
-0.0353223
-0.0392731
-0.0446205
-0.0487418
0.0429182
0.04215
0.0440436
0.0436747
0.0444976
0.0440955
0.0448409
0.044312
0.0450044
0.0443511
0.0449704
0.0442155
0.0448362
0.0439978
0.0446453
0.0432801
0.0436621
0.0419742
0.0416504
0.0392274
0.0383076
0.0353033
0.0338755
0.0322519
0.0323777
0.0298719
0.0282568
0.0259915
0.0254484
0.026406
0.0265949
0.0255347
0.0232811
0.0207551
0.0186855
0.0201656
0.0250558
0.0338462
0.0467254
0.0642453
0.0830179
0.0920543
0.0989216
0.103555
0.107189
0.103765
0.0979962
0.0909379
0.0804976
0.0684396
-0.181578
-0.183557
-0.189402
-0.197256
-0.207808
-0.220667
-0.235027
-0.24859
-0.260968
-0.272548
-0.283479
-0.290282
-0.295873
-0.299773
-0.302986
-0.304741
-0.304142
-0.301371
-0.297554
-0.292626
-0.288414
-0.283599
-0.279612
-0.274657
-0.269689
-0.263564
-0.258295
-0.254056
-0.248434
-0.242937
-0.237391
-0.232387
-0.227771
-0.225745
-0.226065
-0.226338
-0.227286
-0.227619
-0.228444
-0.229298
-0.23032
-0.231806
-0.233783
-0.236338
-0.239257
-0.245555
-0.252548
-0.260625
-0.268871
-0.27733
-0.278653
-0.277984
-0.276547
-0.273919
-0.270639
-0.267186
-0.263693
-0.260211
-0.256544
-0.252844
-0.250175
-0.247676
-0.244466
-0.243736
-0.242986
-0.245709
-0.247668
-0.24896
-0.249618
-0.248355
-0.247427
-0.247015
-0.247339
-0.248226
-0.249222
-0.250055
-0.2508
-0.25142
-0.25081
-0.249708
-0.248506
-0.252146
-0.255876
-0.259443
-0.262774
-0.265767
-0.267912
-0.26981
-0.271649
-0.272571
-0.27282
-0.272313
-0.272148
-0.272451
