-0.0355023
-0.0282209
-0.022734
-0.0214981
-0.0222225
-0.0256101
-0.0305222
-0.034792
-0.0378023
-0.0379142
-0.0402154
-0.0446217
-0.050965
-0.0590664
-0.0690195
-0.0782707
-0.0828736
-0.0876532
-0.0903913
-0.0975617
-0.107094
-0.118748
-0.132414
-0.14312
-0.153357
-0.162222
-0.170178
-0.177959
-0.18557
-0.192907
-0.200925
-0.206592
-0.20986
-0.20926
-0.205296
-0.194412
-0.179396
-0.162726
-0.162183
-0.160988
-0.159326
-0.157445
-0.15567
-0.152828
-0.143838
-0.134729
-0.125555
-0.116246
-0.108581
-0.10099
-0.0535389
-0.0483505
-0.0434422
-0.0376909
-0.0321276
-0.0272078
-0.0231175
-0.0216053
-0.018713
-0.0174319
-0.0134912
-0.0115579
-0.00780133
-0.00587792
-0.00563453
-0.00693989
-0.0131615
-0.0183831
-0.0275287
-0.0377539
-0.0483679
-0.0592304
-0.0695139
-0.0785677
-0.0764065
-0.0738187
-0.0666633
-0.0577664
-0.0472671
-0.035301
-0.021999
-0.00748624
0.0084364
0.0156677
0.0230923
0.0210536
0.0200433
0.0198891
0.0193865
0.021317
0.0254442
0.0289751
0.0319584
0.0349313
0.0379398
0.0409834
0.0433559
0.0456832
0.0438883
0.0413262
0.0710346
0.0746838
0.0786334
0.0829123
0.0875687
0.0941185
0.102109
0.111211
0.121997
0.133299
0.144617
0.155955
0.153684
0.150811
0.147593
0.143927
0.139839
0.135406
0.130737
0.129061
0.125655
0.12129
0.115867
0.108627
0.0997717
0.0896128
0.0838303
0.0792327
0.0774296
0.0763987
0.0756314
0.0746694
0.0734375
0.0721914
0.070723
0.0679268
0.0635331
0.0588726
0.049522
0.0385064
0.0260548
0.0127502
-0.000945317
-0.0126618
-0.0226479
-0.0313797
-0.0388458
-0.0449631
-0.0496662
-0.0529562
-0.0542726
-0.0517524
-0.048251
-0.0506177
-0.0510762
-0.0497
-0.0461771
-0.0411504
-0.0328489
-0.0215248
-0.00746128
0.0104394
0.022234
0.0362655
0.0524069
0.0692826
0.0870684
0.104604
0.12068
0.121031
0.121842
0.123075
0.123778
0.123378
0.121322
0.112099
0.100203
0.0860069
0.069875
0.0538566
0.0373364
0.0223172
0.00668577
-0.00634486
-0.0206699
-0.0318677
-0.0440982
-0.053024
-0.0629163
-0.0695778
-0.0769164
-0.0813
-0.0863223
-0.0884088
-0.0911006
-0.0928038
-0.0950062
-0.0962364
-0.0980705
-0.0988323
0.37487
0.379836
0.387606
0.394813
0.405575
0.417613
0.432669
0.445209
0.456282
0.465033
0.472121
0.46424
0.45722
0.451426
0.447862
0.443164
0.435486
0.428625
0.422765
0.417255
0.412081
0.407251
0.404764
0.404971
0.405868
0.407227
0.409142
0.41389
0.418894
0.426629
0.434647
0.445794
0.454104
0.461969
0.466639
0.470508
0.471151
0.470752
0.467046
0.46173
0.454697
0.446646
0.439371
0.433134
0.427668
0.423086
0.417543
0.411103
0.403502
0.394564
0.0554097
0.0676121
0.0811303
0.0963062
0.111321
0.123463
0.136963
0.150519
0.163719
0.177803
0.192044
0.20367
0.212544
0.219671
0.225513
0.232583
0.238461
0.24426
0.243893
0.24442
0.245908
0.24842
0.253278
0.260079
0.268868
0.279705
0.292381
0.307043
0.323883
0.342785
0.361214
0.372951
0.383495
0.399258
0.413777
0.429467
0.443292
0.456066
0.468179
0.479729
0.490873
0.504984
0.520653
0.537397
0.55619
0.564769
0.571839
0.576474
0.579238
0.579598
0.551764
0.552094
0.55414
0.543447
0.534677
0.523791
0.514011
0.501505
0.490723
0.477381
0.465788
0.451859
0.44002
0.42608
0.4142
0.40099
0.390817
0.385032
0.381459
0.374488
0.369309
0.362739
0.358439
0.352883
0.349729
0.345449
0.339987
0.332977
0.327753
0.320672
0.315925
0.308606
0.303934
0.296779
0.292086
0.285232
0.281114
0.27467
0.270885
0.264841
0.26142
0.25579
0.25276
0.24752
0.244869
0.240009
0.237935
0.233385
0.231576
0.227211
0.168281
0.1634
0.160567
0.155924
0.153352
0.148934
0.146611
0.142406
0.140321
0.136316
0.134456
0.130639
0.128993
0.125347
0.123899
0.120416
0.119156
0.114764
0.105234
0.0937718
0.0844986
0.0732323
0.064197
0.0531843
0.0443635
0.0338409
0.0248618
0.0145456
0.00572265
-0.00460051
-0.0133619
-0.0234495
-0.0318333
-0.0412165
-0.0487439
-0.0568157
-0.0632741
-0.0704665
-0.0762325
-0.0827969
-0.0875578
-0.0923477
-0.0924656
-0.0922485
-0.0912612
-0.0903518
-0.0892543
-0.0884001
-0.0874441
-0.0866191
0.0212456
0.0122214
0.00524934
-0.00350902
-0.00383455
-0.00457377
-0.00501719
-0.00597339
-0.00648242
-0.00753326
-0.00550444
-0.00472655
-0.00196368
-0.00060317
0.00280699
0.00491426
0.00911643
0.0120213
0.0170371
0.020762
0.0266119
0.0289535
0.0318679
0.033869
0.0367625
0.0387281
0.0414786
0.043318
0.0462019
0.0450712
0.045709
0.044601
0.0453008
0.0441611
0.0447898
0.0436169
0.04417
0.0429712
0.0434615
0.0439315
0.0439852
0.0438754
0.0440591
0.043797
0.0439514
0.0435685
0.0437325
0.0432238
0.043391
0.0427545
-0.0541087
-0.0583215
-0.0581531
-0.0574201
-0.0578689
-0.057351
-0.0578966
-0.057471
-0.0580985
-0.05774
-0.0588256
-0.0589107
-0.0604557
-0.0609877
-0.0629908
-0.063664
-0.0656543
-0.0668408
-0.0678118
-0.0677464
-0.06851
-0.068156
-0.0688066
-0.0679995
-0.068491
-0.0677545
-0.0676222
-0.0676338
-0.0676139
-0.0685185
-0.0692212
-0.0695346
-0.0727594
-0.0758442
-0.0819174
-0.0877015
-0.096207
-0.104483
-0.115618
-0.12605
-0.136511
-0.145437
-0.154421
-0.16195
-0.169779
-0.174774
-0.179358
-0.181217
-0.182475
-0.181184
0.0542635
0.0411134
0.0282293
0.0163986
0.00522621
-0.0128214
-0.0283045
-0.0415082
-0.0529114
-0.0633809
-0.0741319
-0.0855032
-0.0941423
-0.103433
-0.113764
-0.125215
-0.135957
-0.146829
-0.155413
-0.16333
-0.170768
-0.177212
-0.18472
-0.191263
-0.19685
-0.201419
-0.204731
-0.207677
-0.211718
-0.214949
-0.217135
-0.219493
-0.221934
-0.225138
-0.229861
-0.235067
-0.240641
-0.246921
-0.252404
-0.256705
-0.260198
-0.261817
-0.263208
-0.262709
-0.261986
-0.265621
-0.269893
-0.273114
-0.276046
-0.277651
-0.285452
-0.293123
-0.299853
-0.305516
-0.309815
-0.312957
-0.315
-0.316013
-0.316021
-0.315065
-0.313912
-0.311633
-0.307223
-0.305064
-0.302272
-0.300018
-0.298028
-0.296505
-0.295565
-0.294425
-0.293788
-0.291483
-0.290286
-0.290153
-0.290987
-0.292435
-0.293805
-0.295263
-0.295325
-0.294861
-0.294095
-0.293377
-0.292578
-0.290785
-0.288458
-0.285469
-0.282179
-0.278026
-0.273524
-0.274008
-0.274394
-0.274653
-0.275904
-0.277054
