0.0172086
0.0225723
0.0523403
0.114981
0.210313
0.342564
0.512957
0.71887
0.957085
1.22952
1.54155
1.8931
2.284
-0.429296
0.00586011
0.408068
0.796255
1.14064
-1.69558
-1.44559
-1.24871
-1.11238
2.09267
2.06627
1.93
1.67511
-1.83895
-2.32408
-2.91774
-3.61827
1.88921
1.01636
0.0291759
-1.08276
-2.33966
-3.74918
0.970482
-0.734966
0.550895
-1.37743
-3.31577
1.03085
2.22314
0.232986
1.31414
-0.758161
-2.78298
-1.60683
-0.398797
-2.23258
-0.2227
1.28683
-0.224572
1.54435
-2.84365
-0.806556
1.38426
-2.55719
-0.0573056
-3.67749
-0.837642
2.18309
-0.89724
-3.80037
-0.222589
-2.71928
1.29932
-0.753435
-2.59347
-4.22084
0.654612
-0.530937
-4.6458
0.877806
0.348509
0.0404027
-3.19468
-3.07756
0.37782
-0.206991
1.87936
2.84918
0.922043
-0.793971
0.856824
-0.397178
-1.4293
4.04208
3.4339
3.02264
2.78373
-0.4127
-0.293842
3.13326
3.57576
1.01155
1.69353
-0.699681
3.22423
0.823104
-1.34378
2.37138
2.81979
-0.0190928
3.26565
3.23362
3.01231
-0.555926
-1.20344
-2.08195
3.08463
1.71701
-3.05468
1.3245
-0.864437
-0.21011
-3.00711
-2.98356
-3.29017
2.36851
1.39661
0.058927
-1.65736
2.52047
0.0102415
0.217381
-3.14387
2.47428
-1.76943
-0.184769
-2.20864
-1.57876
1.69721
1.32341
-2.71646
2.13494
0.150354
0.757741
-2.32368
0.336702
2.46039
0.904422
1.95328
2.46516
2.44018
1.87701
0.775934
-0.860255
-3.02805
-2.57639
0.297767
2.92338
1.90251
-2.77562
1.46744
2.07145
-0.96437
1.78814
-2.23328
-0.459583
0.826173
1.63108
-1.18329
-1.36695
1.11998
-0.00272323
1.551
2.6479
3.28731
3.50954
3.29465
-0.496041
-1.57359
0.0709087
1.30231
2.10127
2.49915
2.50551
2.12
-1.7769
3.37956
-1.23387
0.0856752
1.08326
-1.38174
-0.999507
2.24215
-1.04487
1.74397
4.48827
1.03141
0.812898
3.8571
3.89667
4.09411
1.32097
1.8855
-0.480451
3.67796
1.80796
-0.500767
1.32736
0.341336
2.85691
-0.53056
-0.370589
3.36885
4.40412
-0.588598
1.20571
3.80337
3.83582
4.46131
-0.579405
1.26837
3.78344
3.84689
1.46696
2.95455
-1.09602
5.04433
2.53632
3.95898
-0.099058
2.94766
3.6863
2.12036
4.56401
1.5941
5.80824
4.64445
1.27271
5.12557
3.67139
3.1945
3.7304
5.27686
4.72487
5.21069
0.479045
3.09332
0.501381
2.14728
1.78153
5.67868
4.42589
1.10918
2.02796
4.03071
0.864015
5.0056
4.04695
1.06193
2.34381
4.76214
2.04845
3.64044
3.25877
4.04962
2.9004
-0.204792
4.16183
0.287833
0.747022
-0.745163
5.22842
3.00013
5.13615
2.24057
0.567964
0.121098
0.902397
2.8991
-0.171552
4.25786
3.62132
1.05355
2.83613
2.67983
0.568936
2.76662
6.10094
4.26653
3.54618
3.96125
2.37465
5.04694
5.69589
4.31022
0.881707
4.8323
3.58494
0.27831
1.19338
3.18749
3.11708
4.11432
-0.111188
3.00661
0.900248
2.33794
2.28741
0.143169
-0.93506
-0.972365
3.19298
-1.02814
-1.05935
-0.0632211
1.98004
-1.25288
-0.319396
-1.52993
1.41875
-0.928907
0.872594
0.508402
4.24977
2.67274
2.03869
-0.775902
0.517516
-0.395241
-0.353632
-2.52918
-0.621731
-0.916128
-0.276867
-1.88481
0.551692
0.722214
-1.37175
0.526048
0.134158
0.566092
1.82069
-2.41508
-2.72272
-2.26786
2.08555
-2.25896
-2.74798
0.599427
1.48939
-0.106251
-1.06187
1.74213
-1.13774
-3.44781
-2.0627
-3.32304
-0.897288
-1.129
-0.913957
-0.29025
0.683
-1.25149
0.0133331
-2.00632
-1.19748
-0.760961
-3.86218
-1.08889
-5.02909
0.0129
-1.69022
-0.729777
-0.266906
-0.317782
-4.04448
-2.03455
-0.587393
-2.8606
-5.73441
-6.07912
-0.766133
-2.37234
-1.48778
-1.26007
-4.84794
-2.83359
-1.50667
-4.02045
-0.957605
-1.75151
-3.26832
-5.51877
-5.36703
-5.96594
-4.17811
-3.15776
-2.90975
-6.57552
-4.75313
-6.87781
-3.53586
-7.29671
-2.46513
-4.75096
-4.74694
-5.4859
-7.21226
-6.67441
-7.02169
-5.11999
-7.27226
-4.07212
-8.09465
-6.7926
-6.45394
-3.95759
-5.59471
-5.09861
-5.614
-4.01676
-6.59578
-7.08769
-5.49427
-8.11853
-8.68344
-10.3483
-6.81888
-7.55177
-9.41166
-9.27552
-10.2875
-6.18403
-6.39715
-7.81405
-10.43
-11.1415
-6.813
-6.89359
-8.25705
-7.78743
-8.63716
-10.8344
-8.10412
-9.89765
-9.94266
-11.4089
-8.02247
-12.376
-8.77077
-9.79686
-12.3245
-10.0943
-9.394
-7.10724
-12.6684
-10.3916
-9.70404
-7.48093
-10.0207
-7.89954
-10.5597
-11.7189
-8.24855
-9.57119
-12.5656
-10.9431
-14.1441
-12.7393
-9.8807
-11.8482
-9.23073
-11.4468
-12.2256
-14.7093
-9.47874
-9.08946
-10.4168
-10.3087
-15.0637
-15.2436
-13.9987
-11.3135
-10.3306
-14.1794
-10.2787
-11.1909
-10.6323
-14.871
-11.3536
-12.6277
-12.437
-10.7663
-13.9269
-9.33271
-9.57096
-14.6345
-11.9732
-14.1397
-14.8775
-14.1634
-12.0291
-14.7353
-9.73793
-12.728
-14.3085
-13.9824
-9.40368
-12.8325
-8.59161
-9.25318
-11.7172
-9.66279
-9.36492
-7.67848
-10.8915
-9.57349
-10.005
-9.07891
-13.0417
-9.32281
-7.34758
-7.13265
-11.8447
-8.90359
-10.8384
-11.3319
-13.5067
-7.94674
-13.5088
-11.3533
-7.75911
-9.02445
-12.0048
-13.56
-13.6643
-9.17382
-9.51183
-11.5451
-8.99356
-8.14518
-9.00037
-11.5588
-12.6749
-12.3431
-10.558
-10.4595
-12.0504
-12.1906
-10.8826
-8.12597
-7.06837
-7.70763
-10.0498
-10.9458
-7.24838
-8.09756
-10.907
-5.96658
-8.9802
-10.5213
-7.44269
-6.01682
-9.38305
-11.2507
-11.6092
-7.30083
-7.73886
-6.63086
-10.2552
-9.17811
-6.5335
-8.60609
-9.11259
-11.192
-11.7012
-10.6316
-7.97509
-6.87661
-10.4793
-9.35545
-9.78273
-5.47598
-5.85985
-7.79845
-5.00463
-6.90688
-7.22554
-9.104
-9.40092
-8.11636
-8.39336
-10.2353
-10.5028
-6.05275
-6.32716
-5.03539
-8.47281
-4.07139
-7.54734
