1.25495e-05
4.93179e-05
0.000108589
0.000188734
0.000288204
0.00040553
0.000539318
0.000688245
0.000851057
0.00102656
0.00121363
0.0014112
0.00161824
0.00183381
0.00205699
0.00228692
0.00252278
0.0027638
0.00300925
0.00325844
0.00351072
0.00376546
0.00402209
0.00428004
0.0045388
0.00479787
0.00505755
0.00531891
0.00558299
0.00584959
0.00612249
0.00640785
0.00670876
0.00702802
0.00736811
0.00773129
0.0081195
0.00853451
0.0089778
0.00945069
0.00995428
0.0104895
0.0110571
0.0116577
0.0122917
0.0129595
0.0136611
0.0143968
0.0151664
0.0159698
0.0168068
0.0176755
0.0185725
0.0194945
0.0204385
0.0214016
0.0223811
0.0233745
0.0243792
0.025393
0.0264138
0.0274394
0.0284681
0.0294978
0.030527
0.0315541
0.0325774
0.0335956
0.0346074
0.0356114
0.0366065
0.0375915
0.0385655
0.0395273
0.0404761
0.041411
0.0423319
0.0432396
0.0441347
0.0450157
0.0458836
0.0467415
0.0475902
0.0484303
0.0492624
0.0500874
0.0509059
0.0517184
0.0525258
0.0533287
0.0541277
0.0549236
0.0557171
0.0565087
0.0572993
0.0580895
0.0588799
0.0596713
0.0604644
0.0612599
0.0620584
0.0628595
0.0636613
0.0644622
0.0652605
0.0660548
0.0668437
0.0676257
0.0683995
0.0691641
0.0699181
0.0706606
0.0713904
0.0721066
0.0728083
0.0734946
0.0741647
0.0748178
0.0754532
0.0760704
0.0766691
0.0772491
0.0778104
0.0783527
0.078876
0.0793801
0.0798656
0.080334
0.0807869
0.0812229
0.0816445
0.0820571
0.082462
0.0828602
0.0832523
0.0836387
0.0840194
0.084394
0.0847617
0.0851215
0.0854722
0.085812
0.0861391
0.0864513
0.0867464
0.0870217
0.0872746
0.0875021
0.0877012
0.0878689
0.0880377
0.0882402
0.0884729
0.0887324
0.0890156
0.0893193
0.0896405
0.0899767
0.0903249
0.0906828
0.0910478
0.0914177
0.0917901
0.092163
0.0925344
0.0929022
0.0932647
0.09362
0.0939665
0.0943026
0.0946267
0.0949375
0.0952335
0.0955135
0.0957764
0.0960209
0.0962478
0.0964591
0.0966568
0.0968356
0.0969979
0.0971518
0.097298
0.0974369
0.0975683
0.0976919
0.0978071
0.0979128
0.0980078
0.0980905
0.098159
0.0982111
0.0982445
0.0982565
0.0982445
0.0982053
0.0981358
0.0980326
0.0978924
0.0977115
0.0975332
0.0974005
0.0973095
0.0972566
0.097238
0.0972503
0.0972903
0.0973549
0.097441
0.0975457
0.0976663
0.0978002
0.0979449
0.0980979
0.0982569
0.0984198
0.0985845
0.0987489
0.0989111
0.0990693
0.0992218
0.0993669
0.0995031
0.0996288
0.0997428
0.0998438
0.0999321
0.10001
0.100079
0.100133
0.100176
0.100214
0.100249
0.10028
0.100308
0.100332
0.100351
0.100365
0.10037
0.100367
0.100353
0.100326
0.100283
0.100221
0.100138
0.100031
0.0998959
0.0997299
0.0995293
0.0992904
0.0990563
0.0988698
0.0987269
0.0986238
0.0985568
0.0985224
0.0985173
0.0985382
0.0985822
0.0986464
0.0987278
0.0988239
0.0989321
0.0990498
0.0991749
0.099305
0.099438
0.0995718
0.0997046
0.0998343
0.0999593
0.100078
0.100188
0.10029
0.10038
0.100458
0.100524
0.10058
0.100628
0.100663
0.100686
0.100706
0.100723
0.100738
0.100749
0.100757
0.100761
0.100759
0.100751
0.100734
0.100706
0.100666
0.100611
0.100537
0.100443
0.100325
0.100179
0.100003
0.099793
0.0995449
0.0993018
0.0991066
0.0989553
0.0988441
0.0987692
0.0987273
0.0987149
0.0987289
0.0987661
0.0988237
0.0988989
0.0989888
0.0990911
0.0992032
0.0993228
0.0994476
0.0995755
0.0997045
0.0998324
0.0999576
0.100078
0.100193
0.100299
0.100396
0.100482
0.100557
0.100619
0.100672
0.100717
0.100749
0.100769
0.100786
0.1008
0.100812
0.10082
0.100826
0.100827
0.100823
0.100812
0.100793
0.100764
0.100721
0.100664
0.100589
0.100493
0.100373
0.100225
0.100048
0.0998357
0.099586
0.0993415
0.0991449
0.0989922
0.0988797
0.0988036
0.0987604
0.0987469
0.0987597
0.0987959
0.0988524
0.0989265
0.0990155
0.0991168
0.099228
0.0993468
0.0994707
0.0995978
0.0997259
0.0998531
0.0999775
0.100097
0.100211
0.100317
0.100413
0.100499
0.100573
0.100635
0.100687
0.100731
0.100762
0.100782
0.100799
0.100812
0.100824
0.100832
0.100837
0.100838
0.100833
0.100822
0.100803
0.100773
0.10073
0.100672
0.100597
0.100501
0.10038
0.100233
0.100055
0.0998426
0.0995927
0.0993479
0.0991511
0.0989982
0.0988855
0.0988092
0.0987658
0.0987521
0.0987647
0.0988007
0.098857
0.098931
0.0990198
0.099121
0.0992321
0.0993506
0.0994745
0.0996014
0.0997294
0.0998565
0.0999808
0.100101
0.100214
0.10032
0.100416
0.100502
0.100575
0.100637
0.10069
0.100734
0.100765
0.100784
0.100801
0.100814
0.100826
0.100834
0.100839
0.100839
0.100835
0.100824
0.100804
0.100774
0.100732
0.100674
0.100598
0.100502
0.100381
0.100234
0.100056
0.0998438
0.0995938
0.099349
0.0991521
0.0989992
0.0988864
0.0988101
0.0987667
0.0987529
0.0987655
0.0988015
0.0988578
0.0989317
0.0990205
0.0991217
0.0992327
0.0993513
0.0994751
0.099602
0.09973
0.099857
0.0999813
0.100101
0.100215
0.10032
0.100417
0.100502
0.100576
0.100638
0.10069
0.100734
0.100765
0.100785
0.100801
0.100815
0.100826
0.100834
0.100839
0.10084
0.100835
0.100824
0.100804
0.100774
0.100732
0.100674
0.100598
0.100502
0.100382
0.100234
0.100056
0.0998439
0.0995939
0.0993491
0.0991522
0.0989993
0.0988865
0.0988102
0.0987668
0.098753
0.0987656
0.0988016
0.0988579
0.0989318
0.0990206
0.0991218
0.0992328
0.0993514
0.0994752
0.0996021
0.09973
0.0998571
0.0999814
0.100101
0.100215
0.10032
0.100417
0.100502
0.100576
0.100638
0.10069
0.100734
0.100765
0.100785
0.100801
0.100815
0.100826
0.100834
0.100839
0.10084
0.100835
0.100824
0.100805
0.100775
0.100732
0.100674
0.100599
0.100502
0.100382
0.100234
0.100056
0.099844
0.099594
0.0993492
0.0991523
0.0989994
0.0988866
0.0988103
0.0987669
0.0987531
0.0987657
0.0988016
0.098858
0.0989319
0.0990207
0.0991218
0.0992329
0.0993514
0.0994752
0.0996021
0.0997301
0.0998571
0.0999814
0.100101
0.100215
0.10032
0.100417
0.100502
0.100576
0.100638
0.10069
0.100734
0.100765
0.100785
0.100801
0.100815
0.100826
0.100834
0.100839
0.10084
0.100835
0.100824
0.100805
0.100775
0.100732
0.100674
0.100598
