0
-0.0181978
-0.0975274
-0.127988
-0.103284
-0.053881
0.00703755
0.0144161
0.0921938
0.0990579
0.105856
0.113778
0.122379
0.131409
0.136971
0.142103
0.142049
0.136181
0.104531
0.0870487
0.0908942
0.100137
0.100995
0.0877697
0.0851901
0.245343
0.339579
0.359205
0.379793
0.401164
0.426727
0.39096
0.398392
0.505971
0.517756
0.517149
0.547479
0.55115
0.377652
0.360877
0.334442
0.319519
0.351688
0.367178
0.400645
0.378134
0.35265
0.34491
0.282584
0.250351
0.230085
0.160256
0.225171
0.32686
0.388016
0.433886
0.477578
0.469911
0.543658
0.540936
0.624896
0.623518
0.698371
0.70435
0.707499
0.71093
0.716977
0.719421
0.715688
0.71733
0.71878
0.7201
0.721807
0.72404
0.698054
0.693743
0.679144
0.676677
0.674667
0.67315
0.672153
0.671697
0.684567
0.697055
0.694152
0.567284
0.450526
0.440099
0.403749
0.589349
0.476966
0.454059
0.449031
0.443121
0.411183
0.378618
0.364306
0.367198
0.312236
0.23626
0.147917
0.22458
0.228057
0.230998
0.233495
0.26147
0.258148
0.232976
0.265961
0.287912
0.3024
0.314287
0.312094
0.300817
0.291378
0.284365
0.278972
0.274834
0.271919
0.272556
0.270755
0.271391
0.273667
0.278319
0.284916
0.293722
0.29482
0.301733
0.298484
0.283536
0.268479
0.259277
0.25079
0.243927
0.237606
0.107481
0.119183
0.157262
0.125898
0.103662
0.097251
0.0959733
0.0974781
0.0749455
0.0507618
-0.00326104
-0.0115241
-0.0186598
-0.0245056
0.00771341
0.0457404
0.0879155
0.128172
0.10443
0.112792
0.0975387
0.115425
0.0480467
0.242345
0.330447
0.409964
0.47227
0.451793
0.452597
0.495454
0.527362
0.560021
0.582105
0.34178
0.170362
0.158764
0.149716
0.131571
0.119357
0.108568
0.0382662
0.0065513
-0.0164777
-0.0145638
-0.0291167
-0.0335301
-0.0251583
-0.0263172
0.00459652
0.0149909
0.0532386
0.0699381
0.11139
0.128262
0.17005
0.179224
0.22764
0.237977
0.286357
0.298297
0.324626
0.339491
0.366664
0.388544
0.417644
0.444025
0.472441
0.510632
0.525984
0.551752
0.540918
0.545849
0.53782
0.539851
0.532944
0.544445
0.36234
0.349005
0.154617
0.0813887
0.0582256
0.0288925
-0.0751687
-0.118187
-0.140785
-0.165453
-0.200444
-0.205696
-0.199898
-0.111199
-0.0353919
0.0252421
0.0643078
0.0804982
0.104131
0.121844
0.125152
0.109554
0.0842492
0.0569287
0.0308651
0.0112537
-0.00694138
-0.00934226
-0.0305196
-0.0470706
-0.0352662
-0.0680591
-0.0494083
0.0283224
0.0148386
0.020333
0.0140818
0.0126815
0.00661427
0.108521
0.111813
0.119381
0.131269
0.145743
0.00967757
0.103634
0.141747
0.167173
0.151312
0.360511
0.250638
0.212615
0.216702
0.28122
0.304735
0.239582
0.245682
0.166233
0.150361
0.123655
0.0928943
0.0699962
0.0545515
0.0396456
0.0240249
-0.00128642
-0.023835
-0.0395824
-0.044369
-0.0774982
-0.0669846
-0.0644664
-0.0605625
-0.267937
-0.304005
-0.239756
-0.271623
-0.279198
-0.280789
-0.281785
0.120166
0.180433
0.184525
0.178959
0.208668
0.213628
0.193544
0.151782
0.129789
0.0894595
0.0285027
0.00143385
-0.0744854
-0.099063
-0.105732
-0.105477
-0.0898259
-0.125378
-0.113409
-0.127359
-0.109168
-0.160431
-0.140505
-0.154663
-0.067928
-0.139019
-0.0972468
-0.0839075
-0.0810587
-0.0781212
-0.0389653
-0.0502188
-0.0332042
-0.0402191
-0.0217292
-0.0394595
-0.0156198
-0.0265043
-0.0106519
-0.0900265
-0.0495917
-0.0859261
-0.0558059
-0.0590644
-0.0642423
-0.109122
-0.0693143
-0.109207
-0.0722451
-0.106638
-0.0731615
-0.104198
-0.0732838
-0.103059
-0.0739506
-0.104747
-0.0745879
-0.10363
-0.0760005
-0.103646
-0.0772138
-0.104208
-0.0788718
-0.105274
-0.0809538
-0.106895
-0.083494
-0.109076
-0.086335
-0.11164
-0.0897192
-0.114826
-0.0933331
-0.118307
-0.0973132
-0.122348
-0.110805
-0.209029
-0.189417
-0.214864
-0.191763
-0.218718
-0.197106
-0.223092
-0.16968
-0.249881
-0.17196
-0.248658
-0.199252
-0.231308
-0.178707
-0.208628
-0.152949
-0.181238
-0.102709
-0.214912
-0.188934
-0.270079
-0.27035
-0.259522
-0.180464
-0.176981
-0.120859
-0.0748108
-0.111865
-0.067671
-0.107025
-0.0686591
-0.10412
-0.0859589
-0.114793
-0.0948322
-0.0144465
0.100234
0.108367
0.0800003
0.097135
0.0666095
0.0978317
0.131525
0.186517
0.199916
0.206327
0.217239
0.217517
0.231181
0.230637
0.243376
0.241957
0.253413
0.143694
0.111076
0.102379
0.0961109
0.0911873
0.0850609
0.0795133
0.060485
0.0375719
0.0288399
-0.00641991
-0.0174803
-0.028612
-0.0389024
-0.0499023
-0.0601686
-0.0707178
-0.0806328
-0.000753609
-0.0645877
-0.0473131
-0.0694337
-0.0624275
-0.080979
-0.0774361
-0.0954217
-0.0929963
-0.110431
-0.109066
-0.125929
-0.125525
-0.0113479
-0.079579
-0.088082
-0.0946539
-0.107715
-0.112411
-0.125147
-0.130376
-0.146489
-0.152313
-0.167785
-0.174148
-0.188909
-0.195427
-0.206942
-0.220569
-0.20628
-0.221014
-0.224927
-0.235331
-0.241258
-0.229773
-0.23536
-0.246107
-0.18268
-0.220218
-0.145672
-0.147205
-0.136259
-0.166139
-0.196138
-0.217961
-0.251057
-0.273589
-0.303123
-0.334147
-0.212263
-0.169004
-0.155764
-0.270332
-0.28074
-0.256372
-0.284171
-0.268765
-0.268756
-0.237521
-0.269022
-0.240573
-0.275518
-0.225242
-0.271142
-0.272296
-0.300348
-0.511294
-0.505218
-0.471043
-0.442635
-0.412587
-0.401559
-0.333041
-0.327749
-0.327948
-0.324659
-0.324163
-0.139758
-0.105123
0.00524375
-0.0198744
-0.0501112
-0.0429151
-0.14167
-0.144724
-0.169445
-0.169781
-0.199752
-0.206336
-0.0132589
0.0629098
0.137573
0.158609
0.176581
0.176046
0.0132708
0.0146851
0.00155593
0.00103452
0.0530029
0.161342
0.230725
0.275548
0.311341
0.347962
0.382522
0.128341
0.0803045
0.0265503
0.0218074
0.0265305
0.045262
0.0571297
0.0762361
0.0955402
0.117108
0.100402
0.0798418
0.0644587
0.045854
0.0380348
-0.0696168
-0.0640849
0.0160887
-0.107626
-0.0878311
-0.147217
-0.142259
-0.144747
-0.1485
-0.0387997
-0.0243578
-0.0172612
-0.045092
-0.0689401
-0.0915359
-0.0955038
-0.108294
-0.137209
-0.0255713
-0.00642497
-0.0154066
-0.0599852
-0.0921917
-0.0726975
-0.048404
-0.0296292
0.0476553
0.0593116
0.0690056
0.0668744
0.0666574
0.0671248
-0.0278453
-0.0180214
