0.00194075
0.0039181
0.00875977
0.0176967
-0.00435643
-0.100444
-0.253811
-0.435296
-0.638681
-0.858908
-1.09084
-1.32965
-1.57068
-2.1667
-2.67977
-3.15833
-3.62437
-4.08848
-4.5304
-4.49512
-4.37962
-4.20934
-3.59621
-2.96995
-2.33715
-1.7
-1.48236
-1.28168
-1.10866
-0.974776
-0.0879998
0.702329
1.37448
1.90454
2.29541
2.54833
3.44679
4.11461
4.92865
5.49154
5.83806
6.77504
7.88011
8.73252
9.71238
10.4145
10.8751
11.5307
12.3562
12.9574
13.8244
14.8282
15.5704
16.4582
16.7356
17.3294
18.0701
18.1627
18.638
18.6953
19.1804
19.674
19.3198
18.5232
18.1334
17.3572
17.0477
16.412
15.479
14.2778
13.6595
12.8322
11.4137
10.6654
9.79608
8.83555
7.40182
5.93413
4.86962
3.68046
2.71661
1.8326
0.65029
-0.801848
-2.08276
-3.57163
-5.23857
-6.23237
-7.34753
-8.55678
-9.83469
-11.5675
-13.3222
-14.6649
-15.9802
-17.66
-19.2821
-21.2367
-22.6825
-24.4426
-26.4977
-28.0752
-29.5893
-31.4718
-32.9231
-34.3801
-35.8676
-37.8223
-39.8592
-42.0064
-43.4763
-45.1159
-47.3666
-49.0294
-50.9516
-52.7545
-54.8903
-56.9893
-59.0839
-60.3956
-61.7851
-63.281
-64.8935
-65.8601
-67.0629
-68.0842
-69.1802
-69.2976
-69.6464
-69.4008
-69.3552
-69.1631
-68.4788
-67.7802
-67.547
-66.6166
-65.8835
-65.0091
-64.4758
-63.533
-62.2513
-61.1123
-59.7755
-58.3113
-56.7903
-55.283
-53.8599
-52.591
-51.5459
-50.3821
-48.7831
-46.7818
-44.8554
-43.4822
-41.4955
-39.3715
-37.5866
-35.3836
-33.6488
-31.6242
-29.3741
-26.9614
-24.8597
-22.725
-20.2082
-17.7817
-15.0957
-12.2101
-9.18513
-6.07554
-2.93871
-0.242315
2.36847
5.24942
8.34616
11.6018
14.9636
18.3801
21.7999
24.7632
28.4538
31.5939
34.9592
38.5073
41.7849
45.1641
49.0184
52.4925
56.38
60.6735
64.5549
68.443
72.7656
77.1303
81.5506
85.6279
89.794
93.6607
98.0792
102.26
106.142
110.264
114.257
118.578
122.454
126.346
130.725
135.237
139.091
143.173
147.589
152.004
156.494
160.317
164.371
168.743
173.112
177.156
181.38
185.056
189.517
193.63
197.905
201.624
205.713
209.866
213.78
217.977
221.744
226.019
230.096
233.679
237.712
241.504
245.169
248.826
252.602
256.213
259.785
262.631
265.708
268.319
270.989
273.408
275.739
276.864
276.815
276.674
276.73
276.307
276.361
276.224
275.632
275.142
274.905
274.248
273.735
273.108
272.519
271.717
270.444
269.678
268.342
267.002
265.404
264.523
263.288
262.268
260.805
259.061
257.195
255.368
253.74
251.646
250.069
248.346
246.224
244.273
242.238
239.865
237.716
235.941
233.863
231.628
229.385
226.873
224.647
222.444
219.997
217.04
214.538
211.81
208.588
205.424
202.459
199.423
196.455
192.874
189.639
186.066
182.621
179.108
175.253
171.196
167.073
163.434
159.182
154.865
150.618
146.577
142.053
137.59
132.909
128.553
123.829
119.281
114.624
110.397
105.903
101.266
96.2004
91.2442
86.1087
80.9189
75.385
70.0409
64.5988
59.1807
53.4929
48.0644
42.5987
36.8
31.1901
25.4699
19.747
14.129
7.89805
1.56821
-4.76077
-10.5791
-17.0244
-23.592
-29.7803
-35.9108
-42.3084
-48.8893
-55.1617
-61.869
-68.9362
-75.8801
-83.0465
-89.9534
-96.9482
-103.972
-110.97
-117.891
-125.113
-132.221
-139.645
-147.011
-154.359
-162.15
-169.613
-177.625
-185.009
-192.646
-200.189
-207.704
-215.257
-223.325
-231.155
-238.818
-246.798
-255.172
-263.607
-271.362
-279.339
-287.211
-295.063
-303.392
-311.464
-319.368
-327.604
-335.442
-343.386
-351.528
-359.965
-368.38
-376.872
-385.127
-393.245
-401.327
-409.883
-418.195
-426.78
-434.921
-443.548
-451.536
-459.816
-468.088
-476.45
-485.029
-493.53
-502.069
-510.351
-518.905
-527.033
-535.678
-544.144
-552.556
-560.633
-568.914
-577.121
-585.385
-593.431
-601.803
-610.229
-618.436
-626.974
-635.574
-644.38
-652.712
-661.127
-669.772
-678.386
-687.117
-695.298
-703.492
-711.856
-720.547
-729.314
-737.498
-745.676
-754.014
-762.273
-770.624
-779.242
-787.483
-795.938
-804.376
-812.983
-821.124
-829.811
-838
-846.297
-854.897
-863.177
-871.336
-879.166
-887.691
-895.885
-903.954
-911.697
-919.734
-927.455
-935.483
-943.62
-951.258
-959.023
-967.131
-974.975
-983.184
-991.153
-998.689
-1006.42
-1013.75
-1021.3
-1028.89
-1036.72
-1043.8
-1050.75
-1057.79
-1064.73
-1072.2
-1079.59
-1086.71
-1093.38
-1099.69
-1106.05
-1111.29
-1115.94
-1119.76
-1123.4
-1125.85
-1127.75
-1128.93
-1129.47
-1130.33
-1130.52
-1130.67
-1131.43
-1131.77
-1132.32
-1132.91
-1133.34
-1133.42
-1133.8
-1133.45
-1133.43
-1133.55
-1133.57
-1132.92
-1132.65
-1131.76
-1130.9
-1130.29
-1129.35
-1128.3
-1126.97
-1126
-1124.79
-1123.57
-1122.17
-1121.22
-1119.72
-1117.89
-1115.98
-1114.61
-1112.8
-1111.18
-1109.56
-1108.15
-1105.96
-1104.43
-1102.55
-1100.14
-1097.83
-1095.85
-1094.01
-1092.12
-1089.57
-1087.01
-1084.65
-1081.89
-1078.96
-1076.07
-1073.46
-1070.93
-1068.3
-1065.36
-1062.35
-1059.49
-1056.58
-1053.43
-1049.87
-1046.1
-1042.35
-1038.85
-1035.4
-1031.4
-1027.46
-1023.81
-1019.46
-1015.44
-1011.56
-1007.22
-1002.63
-998.411
-994.377
-990.328
-985.653
-980.973
-976.087
-971.613
-966.935
-961.85
-956.975
-952.103
-947.442
-942.785
-937.926
-932.659
-927.186
-922.122
-916.85
-911.573
-905.67
-899.757
-894.036
-887.888
-881.929
-875.949
-870.155
-864.337
-858.291
-852.22
-846.329
-840.411
-833.851
-827.266
-820.451
-814.025
-806.963
-800.295
