0
2.30206
0.110397
-0.424127
-0.745866
-0.9669
-0.879513
-0.659179
-0.458808
0.239447
-0.561118
-0.639563
-0.562025
-0.480517
-0.459501
0.174944
0.502904
-0.0844345
-0.140782
-0.237928
-0.137657
-0.792909
0.261703
1.22671
-0.0518173
-0.612115
-0.905829
0.0874322
0.0911956
0.10745
-0.218529
0.619717
0.351826
-0.409613
0.389577
1.2571
0.36017
0.329481
0.369558
0.713717
0.669596
0.760373
0.356103
0.145639
0.809446
0.545311
0.562058
-0.0779676
0.677514
0.4111
0.433769
0.455687
-0.973673
-2.35046
-1.23746
-0.887334
-0.568421
0.0955599
-0.42773
-0.0452883
-0.359405
-0.0996646
-0.360094
-0.13357
0.12142
0.158661
-0.0926291
0.361293
2.28037
0.254064
0.403819
0.468931
0.448131
0.435283
3.41271
0.527796
1.94443
0.411118
0.380034
0.350856
0.323726
0.298757
0.174066
-0.178691
0.437559
0.485433
0.703466
0.915576
1.32115
-2.15224
3.04965
0.876176
1.15528
1.03589
0.794058
0.800621
0.392693
0.197323
0.49971
1.08099
1.29016
0.0233862
0.42
0.405655
0.388967
0.214292
0.428718
0.724431
0.036692
0.171159
0.11157
0.101832
-1.59642
0.267257
0.294897
0.242519
0.00733159
0.0426271
0.0846566
0.514168
0.0316905
0.147728
0.176932
0.127364
0.195843
0.27581
0.836357
0.600749
0.913094
0.943256
0.615107
0.451771
0.423128
0.396801
0.363984
1.06205
0.619928
-0.0283051
0.0319853
0.790879
0.688105
0.704319
0.715705
1.2254
1.22615
1.44023
0.854929
0.661242
0.662971
0.51358
0.304517
0.179949
0.225364
-0.536148
0.972142
1.12093
0.635411
1.14841
-1.01799
0.0538297
1.39602
0.426441
-0.23278
0.598632
0.499557
0.407673
0.384694
0.310248
2.30703
-0.547144
0.78249
0.68943
0.689066
0.61217
0.538106
0.513052
0.541979
0.534833
0.592862
0.510077
0.761797
0.42602
0.753878
0.240855
0.479625
0.227643
0.448372
0.22405
0.452443
0.228725
0.463957
0.199735
0.421734
0.226256
0.373392
0.257974
0.31975
0.27027
-0.0258461
0.286854
0.0262485
0.383644
0.408984
0.653901
0.605505
0.948251
0.810613
0.520779
0.587666
0.667407
0.587578
0.915162
1.04924
2.48745
1.49222
0.0846679
0.911479
2.12194
2.28116
1.33937
1.38606
1.25367
1.29986
1.01637
-0.0429656
-0.189859
-0.0710692
0.270635
0.888815
0.317
0.628702
0.596104
0.471696
0.668934
0.771754
0.649042
0.584727
0.485688
0.4008
0.412812
0.567035
0.217433
0.935709
1.18579
0.0757457
0.643711
0.800351
0.828543
0.784858
0.842983
0.141199
0.678101
0.607546
0.537036
0.727967
2.21515
-0.00421815
0.408943
0.500756
1.20067
-0.478136
1.30978
1.03103
0.504152
-0.142352
0.455766
0.85102
0.774062
1.26027
1.14433
1.20205
1.58209
1.52004
1.3674
1.39439
1.43343
1.52014
1.53631
1.48335
1.05824
1.04023
0.491919
0.681694
1.40534
0.893425
1.13799
0.140304
0.849672
0.563962
0.591588
0.600339
-1.92299
0.219195
0.661755
0.464372
-1.83334
0.114735
0.765832
0.47613
0.729105
0.515063
1.04003
0.347585
0.0766853
0.36266
0.758781
0.428555
0.641612
0.82101
0.665406
0.633628
0.62992
0.769962
0.885556
0.207532
0.428769
1.02142
1.61189
-0.050708
1.16415
-0.528675
0.829773
0.250109
1.11708
0.12921
1.11239
-0.0987122
1.06554
0.254734
1.12493
1.05784
0.609306
0.626038
0.768824
0.0967376
1.1569
0.808653
0.542406
0.770385
0.565494
0.727594
0.601884
0.700648
0.628073
0.682664
0.649081
0.723837
0.602379
0.714127
0.614058
0.687372
0.619712
0.681588
0.624424
0.676056
0.628166
0.671693
0.630887
0.668091
0.631603
0.665556
0.632974
0.662868
0.631372
0.661801
0.629354
0.661263
0.609644
0.575797
0.666499
0.669255
0.593989
0.690531
0.597241
0.68229
0.356564
1.14291
0.138622
1.11031
0.448231
0.673012
0.451928
0.676227
0.44995
0.670927
0.20405
0.767461
0.703582
1.1817
0.957377
0.252215
0.205545
0.534184
0.938189
0.238201
0.861734
0.527824
0.86894
0.487983
0.789999
0.624561
0.722143
0.605982
-0.489298
0.248095
0.633228
0.775291
0.478175
0.973087
0.370293
-0.0983607
0.366837
0.561814
0.53811
0.537488
0.572122
0.514989
0.588535
0.522416
0.604748
0.532797
1.41855
0.545398
0.660663
0.60099
0.734198
0.593399
0.741916
0.687021
0.771529
0.732186
0.195553
0.747072
0.708749
0.74063
0.708952
0.739439
0.70678
0.735865
0.000613966
1.01025
0.559265
0.737094
0.658038
0.717035
0.693113
0.723261
0.694485
0.728495
0.696016
0.740194
0.696303
0.219264
1.24665
0.708657
0.726678
0.732426
0.694097
0.733287
0.690208
0.724024
0.69167
0.718575
0.686335
0.711967
0.628033
0.695189
0.680817
0.606492
0.684239
0.672727
0.645203
0.67179
0.626964
0.640999
0.58339
-0.0324396
0.766171
0.421824
0.352637
0.682957
0.457966
0.75548
0.424187
0.854014
0.732769
1.04933
0.861635
-0.383253
0.321481
0.592548
0.186949
0.524865
0.0713575
0.697791
-0.475983
0.464828
0.306844
0.821356
0.3602
0.487944
-0.0953075
0.526691
0.382288
0.50669
1.9338
0.385876
0.521099
0.503794
0.502098
0.422032
0.303984
0.728747
0.639861
0.344066
0.573392
-1.0065
0.453879
-0.274486
1.07053
0.663516
0.68208
1.1607
0.789358
0.715879
0.785059
0.636794
0.459981
-1.60038
-0.155949
-0.305704
0.213064
0.0266034
0.15181
1.41233
0.46111
0.257065
0.528517
-0.201186
-0.384479
0.0645145
-0.134305
0.16802
0.0322206
0.18659
1.95871
0.89951
0.850902
0.561479
0.392008
0.411253
0.445211
0.464054
0.407386
0.447195
0.76248
0.789954
0.731331
0.754998
0.661394
1.27815
0.427603
-0.155067
1.54043
0.350513
0.946573
0.415775
0.495486
0.496083
-0.326704
0.435973
0.556285
0.735282
0.70764
0.699523
0.469184
0.62101
0.624008
-0.352898
0.277131
0.608161
0.54574
0.77208
0.315393
0.299889
0.314166
-0.0530518
0.376557
0.462289
0.220709
0.518367
0.48001
1.17583
0.40076
