0.0047287
0.010148
0.0204284
0.0727295
0.685004
1.46995
1.90301
2.31343
2.71628
3.11795
3.5216
3.92863
4.33961
3.93497
3.9469
4.2167
4.53646
4.88056
-1.46995
-1.91561
-2.30361
-2.48218
-2.66948
-2.74203
-3.0484
-3.32454
-3.66555
-4.03766
-4.43173
-4.84166
-4.93534
-5.12083
-5.1098
-5.17793
-5.49965
-5.89061
-5.93776
-5.78241
-5.60949
-5.80532
-6.18191
-6.1479
-6.37792
-6.2744
-6.17381
-6.17984
-6.53624
-6.8152
-6.72472
-7.06119
-6.77636
-6.14354
-5.80792
-4.83912
-5.25709
-5.60679
-3.12844
-3.58389
-3.98214
-4.43621
-4.84663
1.46995
1.95732
2.43335
2.89915
3.35563
3.80358
4.24369
4.67647
5.10247
5.52207
5.93556
6.34331
6.74552
7.14231
7.53392
7.92044
8.30188
8.67832
9.04983
9.41629
9.77769
10.134
10.4851
10.8308
11.1712
11.5054
11.8334
12.1554
12.4615
12.7399
13.0396
13.3305
13.6092
13.8099
14.0681
14.3095
14.3841
14.394
14.4024
14.592
14.5478
14.5339
14.5201
14.5259
14.5599
14.5618
14.5863
14.5439
14.5368
14.5384
14.4115
14.3602
14.1982
13.9678
13.7007
13.4838
13.2072
12.8231
12.5707
12.082
11.5363
10.4486
10.028
9.04959
7.67972
3.47921
3.9566
-1.46665
-1.96319
-2.45655
-2.947
-3.43476
-3.92006
-4.40306
-4.88393
-5.36281
-5.83984
-6.31513
-6.78878
-7.26086
-7.73147
-8.2007
-8.66859
-9.13519
-9.60056
-10.0647
-10.5277
-10.9896
-11.4504
-11.9102
-12.3689
-12.8265
-13.2831
-13.7387
-14.1933
-14.6469
-15.0995
-15.5511
-16.0017
-16.4512
-16.8997
-17.3471
-17.7935
-18.2388
-18.6831
-19.1261
-19.5681
-20.0088
-20.4482
-20.8865
-21.3234
-21.759
-22.1932
-22.626
-23.0572
-23.4868
-23.9148
-24.341
-24.761
-25.1834
-25.6034
-26.0213
-26.437
-26.8497
-27.2596
-27.6673
-28.0567
-28.4481
-28.8181
-29.0999
-29.396
-29.6984
-30.0031
-30.1986
-30.3456
-30.47
-30.5382
-30.6324
-30.6909
-30.7165
-30.7476
-30.7493
-30.7768
-30.7604
-30.7505
-30.7596
-30.76
-30.7261
-30.6957
-30.6796
-30.6516
-30.631
-30.5719
-30.514
-30.4484
-30.3762
-30.2836
-30.1837
-30.0628
-29.9416
-29.7942
-29.6276
-29.4381
-29.221
-28.9943
-28.7447
-28.4668
-28.1498
-27.8399
-27.4965
-27.0655
-26.7234
-26.3154
-25.7673
-25.1731
-24.5221
-23.7932
-22.9879
-22.1901
-21.3193
-20.269
-18.9654
-17.1869
-9.85431
-1.26159
1.46995
1.96933
2.46814
2.9664
3.46415
3.96142
4.45822
4.9546
5.45056
5.94613
6.44132
6.93617
7.43067
7.92484
8.41871
8.91229
9.40558
9.89859
10.3913
10.8838
11.3761
11.8681
12.3599
12.8515
13.3428
13.834
14.3249
14.8157
15.3062
15.7966
16.2868
16.7768
17.2666
17.7563
18.2458
18.7351
19.2243
19.7133
20.2022
20.6909
21.1794
21.6678
22.156
22.6441
23.1321
23.6199
24.1075
24.595
25.0824
25.5696
26.0567
26.5436
27.0304
27.5171
28.0036
28.49
28.9762
29.4623
29.9482
30.434
30.9197
31.4052
31.8906
32.3758
32.8608
33.3457
33.8305
34.3151
34.7995
35.2838
35.7679
36.2518
36.7356
37.2192
37.7027
38.186
38.6691
39.152
39.6347
40.1173
40.5996
41.0818
41.5638
42.0456
42.5272
43.0086
43.4897
43.9707
44.4514
44.9319
45.4121
45.8922
46.3719
46.8515
47.3307
47.8097
48.2885
48.7669
49.2451
49.7229
50.2005
50.6777
51.1546
51.6312
52.1074
52.5833
53.0588
53.5339
53.9649
54.3809
54.7778
55.2261
55.6537
56.0218
56.341
56.6491
56.9535
57.2476
57.5152
57.7724
58.0807
58.3571
58.6179
58.8643
59.0814
59.2774
59.4617
59.6331
59.7931
59.9322
60.0626
60.1786
60.2835
60.3805
60.4651
60.5379
60.6045
60.6594
60.7073
60.7488
60.7851
60.8143
60.8377
60.8543
60.8651
60.8713
60.8748
60.874
60.8707
60.8637
60.8552
60.8436
60.8306
60.8159
60.7997
60.7824
60.7637
60.7437
60.7222
60.6996
60.6756
60.6501
60.6232
60.5947
60.5648
60.5331
60.4997
60.4644
60.4274
60.3881
60.3465
60.3031
60.2568
60.208
60.1562
60.1025
60.0459
59.9858
59.9227
59.8561
59.7877
59.7158
59.6397
59.5589
59.4737
59.3868
59.2957
59.1995
59.0992
58.9933
58.8811
58.7656
58.6433
58.515
58.3793
58.2399
58.0901
57.9362
57.7735
57.6002
57.4206
57.2326
57.0376
56.8267
56.6074
56.3779
56.1392
55.8853
55.6214
55.3406
55.0439
54.7376
54.4138
54.0686
53.7093
53.326
52.9266
52.5135
52.076
51.6235
51.1436
50.6387
50.103
49.5573
48.9886
48.3835
47.7379
47.0311
46.2657
45.5256
44.6243
42.1894
37.8364
32.7997
27.0087
21.3289
15.7712
10.2882
4.83762
-0.498838
-1.46995
-1.96988
-2.46974
-2.96953
-3.46926
-3.96893
-4.46853
-4.96808
-5.46757
-5.967
-6.46638
-6.96571
-7.46498
-7.96421
-8.46339
-8.96252
-9.4616
-9.96064
-10.4596
-10.9586
-11.4575
-11.9564
-12.4552
-12.954
-13.4527
-13.9514
-14.4501
-14.9488
-15.4474
-15.9459
-16.4445
-16.943
-17.4415
-17.9399
-18.4383
-18.9367
-19.435
-19.9334
-20.4317
-20.9299
-21.4282
-21.9264
-22.4246
-22.9227
-23.4208
-23.9189
-24.417
-24.9151
-25.4131
-25.9111
-26.4091
-26.9071
-27.405
-27.9029
-28.4008
-28.8987
-29.3965
-29.8944
-30.3922
-30.8899
-31.3877
-31.8855
-32.3832
-32.8809
-33.3786
-33.8762
-34.3739
-34.8715
-35.3691
-35.8667
-36.3643
-36.8618
-37.3593
-37.8568
-38.3543
-38.8518
-39.3493
-39.8467
-40.3441
-40.8415
-41.3389
-41.8363
-42.3337
-42.831
-43.3283
-43.8256
-44.3229
-44.8202
-45.3174
-45.8147
-46.3119
-46.8091
-47.3063
-47.8034
-48.3006
-48.7977
-49.2948
-49.7919
-50.289
-50.7861
-51.2832
-51.7802
-52.2772
-52.7742
-53.2712
-53.7682
-54.2652
-54.7621
