0
0.00127309
0.00310118
0.0057301
0.00807994
0.0099461
0.0111296
0.0115496
0.0108483
0.0094341
0.00738618
0.00457994
0.000943912
-0.0035774
-0.00854639
-0.014189
-0.0202166
-0.0253812
-0.0294635
-0.0325199
-0.0345572
-0.0359007
-0.0378005
-0.0419462
-0.0463217
-0.0519384
-0.0576247
-0.0621841
-0.0655943
-0.0678345
-0.0678426
-0.0683351
-0.0681628
-0.0644209
-0.0606216
-0.056605
-0.0517832
-0.0466537
-0.0399202
-0.0326939
-0.0255385
-0.0186588
-0.0118246
-0.00533667
0.0011983
0.00735151
0.0130704
0.0191929
0.0254788
0.0305725
0.0347078
0.0371571
0.038843
0.0397186
0.039919
0.0405276
0.0415392
0.0430785
0.0444311
0.0459822
0.0475309
0.0490821
0.0505246
0.0517425
0.0524948
0.0527836
0.0528024
0.0523325
0.0516968
0.0508231
0.0497322
0.0485015
0.0471271
0.0456008
0.0451903
0.0448558
0.0455614
0.0465714
0.0478894
0.0495179
0.0514576
0.0537088
0.0573785
0.0624748
0.067878
0.0727509
0.07775
0.0829859
0.0872741
0.0885056
0.0886897
0.0892021
0.0904026
0.0924432
0.0946531
0.0970248
0.0989891
0.100659
0.102535
0.104376
0.10658
0.107854
0.108943
0.109851
0.110581
0.111063
0.111163
0.109724
0.1083
0.106069
0.103204
0.0996941
0.0943588
0.0885199
0.0821352
0.0752968
0.0681863
0.0608283
0.0532444
0.0446915
0.036198
0.0276851
0.0191724
0.0105815
0.00193766
-0.00673575
-0.0161072
-0.0255936
-0.0354046
-0.0452942
-0.0545632
-0.0629273
-0.0703299
-0.0767459
-0.0821816
-0.0741043
-0.0672841
-0.0609727
-0.0543534
-0.0478645
-0.0414042
-0.0350319
-0.0287953
-0.0229538
-0.0174678
-0.0125307
-0.00833422
-0.00436134
-0.000577838
0.0035452
0.00769707
0.0118729
0.0160648
0.0215954
0.0267463
0.0311151
0.0350654
0.0379489
0.0402327
0.0420417
0.0404515
0.0380731
0.0369582
0.0358125
0.0343323
0.0328693
0.0315497
0.0307464
0.0296353
0.0300407
0.0300124
0.029616
0.0288711
0.0283067
0.0277952
0.0278996
0.0280927
0.0283697
0.0283096
0.0283153
0.028078
0.0280896
0.0277254
0.0279625
0.0282929
0.0292477
0.0303399
0.0320588
0.0339067
0.0363757
0.0387136
0.0419034
0.0450046
0.048891
0.0527409
0.0572854
0.061853
0.0670569
0.072702
0.0789827
0.0855943
0.0923461
0.0992221
0.106237
0.113121
0.119994
0.126788
0.134034
0.141456
0.149141
0.156948
0.165679
0.173666
0.178144
0.180966
0.183948
0.186778
0.18912
0.18873
0.187775
0.186267
0.184522
0.182786
0.181306
0.180258
0.179556
0.179412
0.17924
0.179022
0.178861
0.178668
0.178353
0.177965
0.177403
0.176677
0.175811
0.174777
0.173652
0.17312
0.172672
0.172244
0.172426
0.172203
0.173255
0.173694
0.17387
0.173772
0.173834
0.173751
0.173849
0.174375
0.174796
0.175136
0.175413
0.175575
0.174835
0.174521
0.174668
0.175161
0.174528
0.175379
0.177163
0.179501
0.181928
0.183682
0.184208
0.187258
0.190787
0.194186
0.197288
0.199552
0.200174
0.199853
0.198836
0.197104
0.194731
0.192266
0.189651
0.186804
0.183758
0.180432
0.177912
0.175556
0.172699
0.168563
0.164113
0.160416
0.156872
0.153781
0.151035
0.148607
0.146285
0.144163
0.142604
0.141839
0.141598
0.141381
0.140949
0.140959
0.140859
0.141225
0.141288
0.141861
0.143436
0.145575
0.147422
0.149005
0.150368
0.151654
0.152881
0.154161
0.155186
0.156246
0.156806
0.158021
0.157781
0.157255
0.156913
0.157064
0.156671
0.157466
0.15767
0.158554
0.158627
0.159378
0.159304
0.160177
0.160034
0.160587
0.160297
0.160388
0.16074
0.160844
0.161004
0.161586
0.161767
0.161653
0.1618
0.161725
0.161899
0.161859
0.162007
0.161987
0.162119
0.162117
0.16223
0.161908
0.161986
0.161561
0.161589
0.161151
0.161168
0.160716
0.16072
0.160252
0.160241
0.159755
0.159728
0.159224
0.159182
0.158659
0.158599
0.158055
0.15798
0.157418
0.157325
0.156742
0.156639
0.156303
0.156222
0.155646
0.155524
0.154922
0.154776
0.154141
0.153621
0.153455
0.15295
0.152779
0.152198
0.151881
0.151188
0.150738
0.149858
0.149381
0.148472
0.148278
0.147598
0.147329
0.146525
0.146542
0.145907
0.146047
0.144796
0.143441
0.142286
0.140717
0.13933
0.137657
0.136183
0.134564
0.13308
0.131433
0.131657
0.131017
0.130311
0.129731
0.128968
0.128211
0.127075
0.125029
0.122766
0.120475
0.118167
0.115878
0.113552
0.111246
0.108894
0.106565
0.10418
0.101823
0.0999063
0.0980115
0.0961272
0.0941701
0.0921946
0.0901415
0.088075
0.0862791
0.0849849
0.0837914
0.0832927
0.0828813
0.0825979
0.0824065
0.082351
0.0823937
0.0825769
0.0828617
0.0824914
0.0826368
0.0827582
0.0829033
0.0829875
0.082994
0.082922
0.0827661
0.0825267
0.0821976
0.081779
0.0812563
0.0806372
0.0790707
0.0776565
0.0760512
0.0743284
0.0725108
0.0705799
0.0685509
0.0664017
0.0641397
0.0617476
0.0592374
0.056588
0.0538148
0.0513292
0.0489278
0.0464361
0.0436611
0.0408236
0.0378034
0.0346961
0.0314182
0.0279646
0.0243604
0.0207021
0.0173747
0.0137731
0.00902748
0.00328258
-0.00309982
-0.00871883
-0.014225
-0.019126
-0.0239653
-0.0285649
-0.033399
-0.0380604
-0.0408151
-0.0435932
-0.0466832
-0.0476375
-0.0488263
-0.0478235
-0.0467864
-0.0448342
-0.0429958
-0.0414918
-0.0404181
-0.0394633
-0.0386986
-0.037677
-0.0365505
-0.0352491
-0.033932
-0.0334243
-0.033072
-0.0328988
-0.0330191
-0.0331501
-0.0335403
-0.03419
-0.0360877
-0.0384882
-0.0411683
-0.0443017
-0.0458512
-0.0478496
-0.0481304
-0.0475312
-0.0471781
-0.0474343
-0.0473613
-0.0480163
-0.0490557
-0.0509668
-0.053134
-0.0545034
-0.0563181
-0.0581878
-0.059948
-0.0610284
-0.0611781
-0.0606643
-0.0580129
-0.0553705
-0.0521922
-0.0492222
-0.045581
-0.0429565
-0.0416314
-0.0396958
-0.0377104
-0.0351935
-0.0326401
-0.0279705
-0.023203
-0.0172747
-0.0113927
-0.00456936
0.00242368
0.00998624
0.0176383
0.0258243
0.0341004
0.0420934
0.0493853
0.0564745
0.0629517
0.0693084
0.0724787
0.0758792
0.0771151
0.0761782
0.0743922
0.071467
0.0685588
0.0661472
0.0642756
0.0627703
0.0611698
0.0599442
0.0584164
0.0566641
0.054853
0.0530431
0.0511804
0.0499942
0.0481039
0.0463002
0.0444678
0.0435089
0.0427451
0.0421169
0.0416501
0.0413439
0.0393075
0.0379035
0.0359692
0.0337984
0.0317198
0.0296303
0.0286192
0.0273098
