0.099997
0.0922461
0.0808203
0.0830871
0.0862326
0.0912714
0.0992109
0.109814
0.122908
0.137023
0.151677
0.16725
0.183973
0.201973
0.218705
0.232219
0.251915
0.269161
0.284612
0.293557
0.300948
0.306913
0.311419
0.321661
0.334778
0.342029
0.344542
0.343121
0.337707
0.328245
0.311793
0.292515
0.27241
0.255097
0.238657
0.22221
0.207265
0.194337
0.189409
0.183907
0.178424
0.173011
0.168435
0.16468
0.161364
0.158709
0.156695
0.155197
0.151976
0.1498
0.056853
0.0584054
0.062406
0.0593367
0.0571543
0.0563465
0.0569448
0.0568987
0.0601243
0.0610119
0.0652533
0.0681097
0.07305
0.0788456
0.0853833
0.0927533
0.100218
0.109554
0.120777
0.133378
0.147396
0.162849
0.179563
0.197378
0.212057
0.227423
0.240538
0.253126
0.265065
0.276234
0.286509
0.295762
0.305913
0.305458
0.30317
0.307251
0.31058
0.31312
0.315519
0.317717
0.316831
0.314614
0.311647
0.308771
0.30566
0.302349
0.299396
0.297235
0.297864
0.298356
0.30895
0.306683
0.304322
0.301862
0.299294
0.298863
0.300648
0.304179
0.309908
0.315292
0.319294
0.321852
0.33337
0.34337
0.352156
0.359854
0.367543
0.375205
0.382815
0.396273
0.407558
0.417261
0.425336
0.432451
0.438551
0.44362
0.453608
0.463752
0.476086
0.487159
0.495866
0.501168
0.502971
0.501369
0.496691
0.494661
0.490678
0.485822
0.484162
0.479271
0.471122
0.460169
0.446982
0.435121
0.424687
0.416608
0.41005
0.405046
0.401569
0.399185
0.340505
0.347203
0.355602
0.364708
0.376247
0.390173
0.406494
0.425693
0.446466
0.468984
0.491316
0.514554
0.536658
0.557599
0.577723
0.596317
0.612933
0.626386
0.636628
0.63757
0.638136
0.638329
0.637635
0.636233
0.633707
0.628798
0.622276
0.613974
0.603797
0.592915
0.581051
0.569617
0.557003
0.54611
0.533697
0.523739
0.512432
0.504101
0.49445
0.488076
0.480382
0.476263
0.470862
0.469273
0.466437
0.465114
0.462547
0.461445
0.458679
0.457545
0.835286
0.848873
0.860717
0.872345
0.883523
0.89493
0.906273
0.916334
0.924852
0.932212
0.938076
0.940012
0.940665
0.939074
0.936874
0.933943
0.929661
0.926333
0.922531
0.918977
0.915721
0.914066
0.914079
0.915847
0.917453
0.918518
0.919438
0.921458
0.923316
0.925989
0.928014
0.930782
0.93175
0.932555
0.931931
0.931269
0.929139
0.926775
0.923923
0.920489
0.915955
0.910433
0.905011
0.90172
0.897551
0.893643
0.889021
0.884524
0.87915
0.873546
0.659445
0.670991
0.683792
0.697803
0.711029
0.721281
0.732279
0.743595
0.754876
0.766469
0.778078
0.788512
0.797137
0.80376
0.807292
0.80931
0.812221
0.815061
0.818514
0.821421
0.823593
0.824999
0.827022
0.829419
0.832142
0.835169
0.83878
0.842777
0.846865
0.850533
0.852477
0.853537
0.856896
0.86235
0.865499
0.867591
0.868846
0.8695
0.870124
0.870561
0.870746
0.870117
0.86918
0.868301
0.867724
0.866646
0.865365
0.86375
0.862882
0.862192
0.967398
0.967044
0.967148
0.965525
0.964496
0.962496
0.96017
0.95662
0.95312
0.948268
0.943494
0.937039
0.930794
0.922792
0.915279
0.905298
0.895764
0.88912
0.883064
0.879298
0.876937
0.872727
0.869301
0.864094
0.859473
0.852963
0.850783
0.846834
0.844135
0.840244
0.837947
0.834457
0.831978
0.828318
0.825467
0.821395
0.81865
0.814598
0.811939
0.808005
0.805473
0.801674
0.799323
0.795707
0.793552
0.790137
0.7881
0.784842
0.782866
0.77969
0.759821
0.755821
0.752216
0.748279
0.74473
0.740861
0.737373
0.733574
0.73015
0.726424
0.723066
0.719413
0.716123
0.712544
0.709323
0.705814
0.70266
0.698793
0.692567
0.685772
0.679275
0.672201
0.665563
0.658275
0.651487
0.643648
0.637055
0.628992
0.622182
0.614266
0.607605
0.599712
0.592964
0.584737
0.577515
0.56827
0.559905
0.549734
0.540687
0.530024
0.519979
0.507686
0.507569
0.507552
0.507686
0.507667
0.507777
0.507731
0.507801
0.507589
0.590868
0.582263
0.574912
0.565413
0.565039
0.56514
0.565255
0.565268
0.565758
0.565648
0.565389
0.563853
0.563783
0.56246
0.562616
0.561765
0.562363
0.562005
0.563069
0.56323
0.564777
0.564965
0.564667
0.564608
0.564509
0.564785
0.564916
0.565479
0.565954
0.564653
0.56489
0.563289
0.563272
0.561712
0.561745
0.560224
0.560304
0.55881
0.558925
0.558573
0.557882
0.557379
0.556567
0.556
0.555138
0.554545
0.553827
0.553203
0.552619
0.551961
0.41239
0.405613
0.405354
0.406582
0.406322
0.407079
0.406807
0.407484
0.407198
0.407827
0.406899
0.406868
0.4053
0.404603
0.402385
0.40155
0.399504
0.398948
0.39852
0.398448
0.398068
0.398018
0.397634
0.397741
0.3974
0.397366
0.397172
0.396594
0.396055
0.393606
0.391198
0.389414
0.386108
0.382869
0.377993
0.372652
0.365362
0.357266
0.346672
0.334654
0.323069
0.313964
0.305765
0.299983
0.29581
0.29383
0.293604
0.29523
0.29871
0.304055
0.58313
0.56437
0.544916
0.525561
0.505949
0.48472
0.465467
0.447613
0.431239
0.41605
0.402073
0.389612
0.382185
0.376736
0.372197
0.368646
0.367637
0.366991
0.369269
0.373575
0.377789
0.386291
0.394301
0.402446
0.410492
0.418191
0.425868
0.432983
0.431855
0.430268
0.428226
0.425415
0.421626
0.415893
0.411034
0.404892
0.39737
0.387731
0.377425
0.365057
0.35146
0.339028
0.325418
0.313394
0.30008
0.280949
0.259091
0.239452
0.218041
0.197852
0.099071
0.0798343
0.0591095
0.0371552
0.014029
-0.00826721
-0.0303339
-0.0506096
-0.0707215
-0.0890706
-0.108742
-0.127254
-0.147063
-0.157527
-0.166645
-0.174934
-0.180966
-0.184483
-0.185447
-0.184003
-0.180363
-0.183078
-0.184184
-0.1836
-0.181134
-0.176292
-0.171527
-0.165424
-0.160592
-0.15517
-0.15044
-0.147587
-0.142871
-0.139931
-0.135128
-0.132178
-0.126899
-0.123667
-0.118484
-0.11418
-0.107862
-0.103269
-0.0970524
-0.0928788
