-0.099997
-0.100544
-0.102042
-0.0986207
-0.0945013
-0.0907937
-0.0899158
-0.0870738
-0.0881263
-0.0863128
-0.0813921
-0.073222
-0.0617846
-0.0470924
-0.0290865
-0.00438543
0.0176711
0.0377631
0.0527898
0.0662928
0.075491
0.0831636
0.0946113
0.110389
0.124227
0.125106
0.126225
0.127558
0.129138
0.131028
0.133813
0.130032
0.12592
0.123924
0.122268
0.11895
0.115607
0.111936
0.107244
0.102059
0.0965137
0.0912589
0.085449
0.0797755
0.076169
0.073102
0.0706156
0.0638649
0.0594136
0.0573167
0.150128
0.146312
0.142697
0.140381
0.136881
0.132818
0.128706
0.126543
0.126958
0.130186
0.135706
0.143761
0.15401
0.163875
0.176024
0.190271
0.205972
0.222383
0.237918
0.25374
0.269773
0.285343
0.300484
0.315258
0.328514
0.341201
0.350086
0.35762
0.363923
0.369124
0.373368
0.376806
0.36729
0.358809
0.349907
0.338691
0.340954
0.342158
0.34526
0.34681
0.341938
0.340526
0.339506
0.33308
0.327445
0.322665
0.318641
0.31559
0.313501
0.311239
0.298848
0.296757
0.294609
0.292411
0.290169
0.287892
0.285086
0.284572
0.284156
0.283796
0.283531
0.283382
0.283527
0.283754
0.284113
0.284626
0.285523
0.286833
0.288582
0.290726
0.294062
0.298388
0.303768
0.310171
0.317587
0.325959
0.33303
0.340685
0.348296
0.357033
0.364222
0.369253
0.371796
0.371377
0.367729
0.368478
0.366764
0.361626
0.353727
0.346947
0.341002
0.335809
0.331334
0.327656
0.324694
0.323097
0.325244
0.328152
0.331207
0.335381
0.395938
0.389983
0.381207
0.36764
0.353344
0.338925
0.322359
0.303572
0.282611
0.258681
0.248598
0.241255
0.237159
0.235851
0.237598
0.24244
0.250224
0.260993
0.273324
0.281413
0.28767
0.293045
0.297586
0.304871
0.314609
0.319086
0.326951
0.338183
0.352308
0.369701
0.389951
0.413358
0.438381
0.464127
0.489211
0.514829
0.539641
0.564781
0.588986
0.613244
0.636395
0.659935
0.682265
0.704876
0.726123
0.747511
0.767351
0.787159
0.804194
0.820933
0.454223
0.451462
0.449814
0.450236
0.449672
0.448578
0.446985
0.446351
0.448211
0.452716
0.459597
0.466076
0.471898
0.477186
0.480886
0.482012
0.480759
0.47898
0.481471
0.486191
0.493165
0.502592
0.513958
0.525326
0.537761
0.55021
0.556875
0.564674
0.573236
0.58245
0.589779
0.595012
0.600094
0.604194
0.609157
0.613112
0.617113
0.619648
0.622861
0.624289
0.624471
0.622229
0.618272
0.621547
0.62514
0.627229
0.630535
0.635424
0.641494
0.649048
0.867096
0.859476
0.850145
0.83861
0.827965
0.818941
0.810339
0.802331
0.794906
0.78756
0.789568
0.790549
0.794715
0.798929
0.800579
0.799072
0.797861
0.797659
0.797729
0.797538
0.798886
0.805118
0.812386
0.820672
0.829948
0.840176
0.85158
0.863938
0.876687
0.887507
0.896293
0.907199
0.917063
0.928298
0.931766
0.934555
0.93723
0.939493
0.941639
0.944073
0.946746
0.949153
0.95187
0.955209
0.959293
0.961652
0.963866
0.964875
0.966265
0.966619
0.863023
0.863491
0.864984
0.868071
0.87196
0.875277
0.878077
0.880121
0.88166
0.882513
0.882983
0.882661
0.882586
0.881059
0.880196
0.877048
0.873921
0.870383
0.867324
0.863266
0.862737
0.860784
0.859765
0.857486
0.856016
0.853263
0.851329
0.847624
0.844661
0.840202
0.836957
0.833011
0.82946
0.825122
0.821766
0.81762
0.814026
0.809817
0.806216
0.802019
0.798429
0.794239
0.790684
0.786537
0.783038
0.778952
0.775299
0.771233
0.767534
0.763477
0.777766
0.774648
0.772767
0.769698
0.76785
0.76482
0.762995
0.759993
0.758181
0.755205
0.753403
0.750438
0.748632
0.745682
0.743878
0.740926
0.739105
0.736133
0.734445
0.731592
0.72985
0.726921
0.725108
0.722104
0.720201
0.717074
0.715956
0.71302
0.712023
0.709433
0.708041
0.705113
0.703348
0.70001
0.697883
0.693887
0.687168
0.679042
0.672887
0.665562
0.659463
0.651136
0.644796
0.637554
0.631816
0.625166
0.619401
0.612123
0.605744
0.597725
0.507677
0.507365
0.507367
0.507004
0.505539
0.50512
0.504225
0.503753
0.502942
0.502417
0.500226
0.499391
0.497912
0.497537
0.496492
0.496083
0.494973
0.494544
0.49341
0.492975
0.491838
0.493777
0.494528
0.496268
0.496713
0.498107
0.498222
0.499258
0.499065
0.500339
0.500619
0.497962
0.494398
0.491854
0.48837
0.485931
0.482517
0.480168
0.476801
0.473388
0.468984
0.465258
0.460176
0.455891
0.450152
0.445268
0.438875
0.43336
0.426279
0.420106
0.551503
0.550807
0.550796
0.550478
0.550619
0.550336
0.5506
0.550265
0.550533
0.550136
0.550329
0.549876
0.550075
0.549556
0.549746
0.548992
0.54965
0.548635
0.548362
0.546455
0.545526
0.542969
0.541425
0.540509
0.540623
0.538668
0.539076
0.54
0.542875
0.547595
0.552296
0.557107
0.562023
0.56728
0.573242
0.58211
0.593598
0.60753
0.624014
0.641951
0.657992
0.664709
0.667075
0.667459
0.664266
0.657458
0.647396
0.634879
0.619354
0.602112
0.305239
0.303213
0.297946
0.289232
0.278151
0.264009
0.247196
0.228167
0.210128
0.189832
0.169507
0.154277
0.141399
0.129975
0.121262
0.11366
0.110788
0.111113
0.116251
0.124753
0.133862
0.141506
0.151612
0.161518
0.17353
0.185258
0.196424
0.203411
0.208963
0.210584
0.211672
0.209972
0.208111
0.20182
0.201698
0.200296
0.199339
0.1988
0.198134
0.196193
0.193081
0.189223
0.184478
0.178775
0.171917
0.163795
0.154716
0.144025
0.131151
0.116266
0.175363
0.15746
0.138748
0.125091
0.110565
0.100432
0.089289
0.081155
0.0718508
0.0654347
0.0575693
0.0515701
0.0434331
0.0384903
0.033024
0.0414733
0.0488521
0.0545805
0.0582602
0.0532174
0.0504216
0.0503847
0.0523472
0.0563737
0.0584346
0.0629581
0.0652502
0.0698027
0.0723041
0.0771694
0.0797058
0.0844693
0.0869369
0.0917253
0.0941684
0.0988843
0.101349
0.105987
0.108307
0.112694
0.114493
0.118327
0.11939
0.122893
