0.0869606
0.080316
0.0719278
0.0608027
0.0420028
0.0165082
-0.0271306
-0.102437
-0.219122
-0.390815
-0.635121
-0.959271
-1.36948
-1.74071
-1.28782
-0.751246
-0.117788
0.607747
0.708305
-0.214929
-1.10948
-1.9699
-1.60962
-0.904812
-0.250633
0.354537
0.85267
0.36629
-0.0369621
-0.349993
-0.590144
-0.73728
-0.785753
-0.733429
-0.575567
-0.319264
0.0433918
0.524746
0.633591
-0.104359
-0.959739
-1.9332
-1.70589
-0.520592
0.716016
-0.737913
-2.31439
-0.760755
0.477189
-1.44506
-1.03859
0.426889
-1.94262
-0.0860144
-0.796224
-1.00473
-0.117091
-1.53443
0.168533
-1.75553
0.146345
-1.58016
-0.148355
-1.17026
-0.22473
-0.694692
0.041116
-0.491588
0.511876
-0.638272
1.15793
-1.41252
1.10803
-0.628
-0.527362
0.721064
-1.58831
-1.24968
0.17067
-1.72491
-2.78787
-1.38842
0.042598
1.07415
0.577011
0.182151
-0.00285343
0.0311663
0.275398
0.698864
1.31229
0.691052
-0.52921
-1.62059
0.0292927
0.533141
-1.74608
0.386419
-0.858772
-0.00205686
-0.728404
1.1712
-1.13098
-0.206564
1.45871
0.0674699
-1.02141
-1.52995
-1.02239
-0.798086
-0.856685
-1.20022
-1.00298
0.0697937
1.43994
0.666659
-1.1777
0.97806
0.549924
-0.044894
1.18707
-0.00631418
0.782648
1.02324
-0.545957
1.62671
1.03702
-0.738777
0.934955
2.17403
0.461315
-0.231561
1.50889
1.32482
-0.604497
0.685977
1.55274
-0.609352
0.558661
1.13836
-1.0264
1.51267
-0.200711
0.746146
0.347771
0.611623
0.256183
1.12334
-0.605749
1.80742
0.00151908
-0.383431
1.42908
1.16664
-0.0572857
-0.868441
-0.0568631
0.485244
0.746614
0.716995
0.386593
-0.254396
0.232456
1.6294
2.06688
0.0526299
1.61467
1.22795
1.33407
0.886525
2.5392
0.589811
0.464073
1.57416
2.25068
2.51478
2.3327
1.69232
0.594129
0.569549
2.66377
0.685705
2.0418
0.354336
2.56216
1.79891
0.687925
0.107734
0.0892734
0.620061
1.73787
2.61059
0.309094
2.33121
0.171182
2.3245
2.0992
1.15754
0.846368
1.14814
1.51878
1.67825
-0.507413
1.91488
-0.499235
1.68683
1.69384
0.728941
0.333157
0.963311
2.18531
1.63664
-0.0193857
2.7366
0.264231
1.21378
2.61777
2.31268
2.18534
2.69792
1.82453
0.0331977
1.78487
0.846765
2.25956
0.281324
0.48135
1.19093
1.28365
0.757898
-0.371333
1.08091
1.8517
-0.22857
1.72868
0.741809
-0.655
0.4728
1.07325
1.15928
0.750174
-0.135929
-1.1782
0.463453
0.834383
-1.38945
1.13925
-0.706091
-0.013294
0.196151
-1.44766
0.895134
-1.7362
-0.363288
-0.56572
-1.98202
0.241999
-1.44942
-1.86136
0.119463
-1.42159
-2.55902
-0.953633
-0.263294
-1.68471
-2.94381
-2.37009
-1.59096
-1.0065
-0.630072
-0.471715
-0.539531
-0.841193
-1.38522
-2.18094
-3.23743
-3.40162
-1.93775
-1.76161
-3.93717
-1.95927
-2.91966
-2.38236
-3.19382
-1.44282
-3.56533
-3.19203
-1.85655
-1.36139
-1.92315
-2.0712
-1.79594
-1.38042
-2.59815
-4.27688
-2.50249
-2.76081
-3.17596
-3.22103
-1.87362
-3.7392
-4.78178
-4.23009
-4.22545
-4.77909
-4.2589
-2.66592
-3.60539
-3.9894
-3.70748
-2.88185
-4.53284
-5.38488
-5.13626
-5.545
-4.65442
-3.01047
-4.53496
-3.92659
-5.22715
-3.49688
-3.06258
-3.39862
-2.98739
-3.9434
-5.94967
-3.42293
-6.02294
-4.10944
-3.04665
-3.38191
-3.27245
-4.65572
-5.66122
-3.7112
-4.98144
-6.25276
-5.72028
-6.08257
-5.51723
-3.35972
-6.42001
-4.2144
-3.8176
-4.13916
-3.49113
-5.05866
-5.4993
-5.14323
-3.56909
-3.91276
-3.4593
-4.89735
-5.66713
-4.88408
-3.58017
-4.03038
-3.56751
-5.3399
-4.92773
-6.02358
-4.95495
-5.0422
-6.30381
-4.30973
-6.06865
-4.58468
-4.29876
-5.21997
-5.59507
-4.40649
-3.96209
-4.4535
-3.7231
-4.83607
-4.84665
-6.15093
-5.52669
-6.13903
-4.79904
-4.82277
-3.59413
-4.25942
-3.68051
-4.62551
-5.05008
-5.76484
-5.07743
-5.63814
-5.30514
-4.24861
-4.17682
-4.856
-4.28177
-3.94919
-5.65477
-5.05581
-4.34642
-4.89785
-5.88468
-3.28528
-4.56934
-5.26283
-4.71091
-2.94259
-5.99201
-4.00627
-3.27937
-3.7966
-5.57478
-3.34914
-5.31928
-5.81678
-5.49536
-3.69922
-4.75506
-2.70267
-3.38701
-2.87054
-4.04746
-4.38749
-4.88537
-4.02494
-4.41988
-5.0336
-2.64603
-4.18782
-5.05382
-4.67068
-3.05237
-4.19456
-2.37549
-3.31879
-3.03777
-2.52813
-5.04989
-2.80012
-2.1386
-1.9757
-2.97229
-4.25012
-2.90126
-1.6298
-1.63553
-2.48053
-4.2813
-1.97852
-2.08794
-2.32117
-1.36266
-2.90052
-2.2219
-3.98226
-3.51837
-3.94901
-2.16416
-2.14732
-1.38904
-2.41245
-2.27812
-1.01189
-1.99852
-1.35862
-2.9884
-2.90799
-2.94082
-1.27948
-1.1293
-0.991045
-2.38728
-2.68614
-2.05736
-0.353417
-0.982563
-0.201039
-1.7838
-1.96649
-2.09155
-0.859711
1.20825
-1.43987
1.25688
-1.02768
-0.132086
1.65997
0.433859
-0.880513
0.0417638
1.56172
1.49987
0.157033
-0.0397543
1.57934
2.15338
0.597051
0.521376
2.40912
1.70861
0.201636
2.41053
1.06515
0.0738978
2.50087
-0.0929472
2.15985
0.540817
2.38423
0.446544
3.25585
1.1763
1.96346
3.6629
2.11465
1.37346
2.76628
3.90515
4.7949
5.09302
5.32814
5.49129
4.96514
4.07228
2.83511
4.63233
5.49856
3.12288
6.01431
3.45765
6.1513
4.74847
3.9531
5.31892
6.21905
6.64493
6.58795
6.03774
4.98413
4.28112
6.41939
4.99485
6.01443
4.42879
6.46269
6.41074
5.60068
5.42118
5.84432
6.86619
6.57808
4.49743
8.4179
5.60757
7.67044
8.2597
7.46121
7.35694
7.95798
8.13601
6.11658
7.83522
6.18238
8.2462
8.21937
7.79805
8.17194
8.79855
6.95785
7.86089
7.10773
9.07837
8.74409
8.66554
9.45996
8.46013
7.42358
9.17633
9.0003
8.02252
7.97319
8.86543
10.631
8.09206
10.862
9.4693
8.92376
9.38731
10.851
9.90447
10.5744
8.83761
9.62252
9.52034
9.90456
12.3829
