0
-0.0126676
-0.0255139
0.205575
0.221536
0.220336
0.189731
0.1976
0.124332
0.120725
0.126927
0.133816
0.139135
0.14257
0.146312
0.142717
0.136351
0.143516
0.12923
0.122646
0.125521
0.127736
0.123124
0.103229
0.0936345
-0.175256
-0.225524
-0.191236
-0.15471
-0.115386
-0.0762254
-0.174531
-0.139279
0.0517619
0.1003
0.109709
0.171202
0.205322
0.361385
0.382342
0.371985
0.360209
0.350844
0.335396
0.35478
0.339078
0.320213
0.316011
0.349294
0.304778
0.282888
0.172566
0.138997
-0.0104889
-0.0844382
-0.0927824
-0.094337
-0.084283
-0.0540775
-0.0516658
6.00327e-05
0.00380759
0.0379482
0.0441177
0.0459529
0.0474565
0.0523905
0.0523466
0.0312088
0.0323901
0.0320731
0.0315013
0.0313089
0.0313565
0.00316205
0.00239961
-0.0149917
-0.0142441
-0.0131917
-0.011854
-0.0102505
-0.0084006
0.00291933
0.0154892
0.016409
0.0599533
0.198163
0.190799
0.159864
-0.106469
-0.252313
-0.229849
-0.212625
-0.18535
-0.160653
-0.135186
-0.140895
-0.134836
-0.0807989
-0.0759497
-0.0436814
-0.12617
-0.134148
-0.14084
-0.146131
-0.136294
-0.136454
-0.197633
-0.172158
-0.216507
-0.257837
-0.29868
-0.317373
-0.349927
-0.380193
-0.403296
-0.399305
-0.395561
-0.392146
-0.384438
-0.383461
-0.38213
-0.380842
-0.379362
-0.378113
-0.377037
-0.382686
-0.38456
-0.396098
-0.418417
-0.439416
-0.450645
-0.460443
-0.459753
-0.456959
0.570944
0.444545
0.358442
0.347223
0.319034
0.299766
0.282496
0.264832
0.262705
0.261703
0.251613
0.259707
0.267889
0.27051
0.353115
0.363889
0.359378
0.354001
0.388754
0.399869
0.375674
0.355628
0.282284
0.21869
0.177382
0.180202
0.152472
0.21528
0.217881
0.210457
0.213027
0.215727
0.230199
0.14992
0.0904517
0.0552943
0.0173388
-0.022383
0.00919738
0.0201673
-0.0105112
-0.00387265
0.00214466
-0.0145346
-0.00740006
0.00604056
0.0364302
0.0235276
0.071219
0.0684538
0.121936
0.124051
0.180076
0.182626
0.238375
0.23886
0.298703
0.300651
0.359004
0.362273
0.389996
0.394115
0.417472
0.436048
0.462202
0.472019
0.47651
0.48154
0.514489
0.481422
0.480896
0.472724
0.497703
0.535121
0.572474
0.604367
0.64102
0.588356
0.28719
0.134473
0.0654283
0.0427616
0.0484787
-0.0411118
-0.0484539
-0.0531133
-0.0316065
0.0135785
0.0563325
0.0949158
0.102474
0.0878929
0.0840204
0.0977161
0.0939693
0.0779137
0.0599463
0.0146314
-0.00945691
-0.0365178
-0.0597467
-0.0967824
-0.126721
-0.0842427
-0.110756
-0.138551
-0.132842
-0.183225
0.0144137
-0.0351447
-0.0765217
-0.0804649
-0.0481439
-0.0502637
-0.0191221
0.0507541
0.0412966
0.0252602
0.00165653
-0.0107039
-0.0826538
-0.0479863
-0.00964445
0.0176912
-0.062916
0.149364
0.204546
0.273464
0.266479
0.165397
-0.0187814
0.193243
0.238097
0.268137
0.242789
0.19925
0.133659
0.0880849
0.0551701
0.0196178
-0.0106719
0.00929178
0.0206784
0.0171653
-0.0105754
-0.0583408
-0.0111443
-0.0106905
-0.0211916
-0.212285
-0.249562
-0.181978
-0.176261
-0.150424
-0.131586
-0.115522
-0.0760039
-0.0501744
0.00755053
0.0703896
0.0703132
0.0549708
0.0448645
0.0696037
0.0659426
0.0987439
0.0710607
0.103888
0.163946
0.197433
0.175545
0.131643
0.12314
0.101619
0.101138
0.0905763
0.0726672
0.0499699
0.0268663
0.0446083
-0.0631827
-0.121197
-0.0150583
-0.0144276
0.0156714
0.0606568
0.0406884
0.0597881
0.02494
0.0354975
0.000305842
0.0296361
-0.0173192
0.00108334
-0.0282619
-0.0240468
0.0268751
-0.0344778
0.00417221
-0.0146611
-0.00929329
-0.0661704
-0.0164532
-0.0667241
-0.0156843
-0.0657815
-0.01767
-0.0638032
-0.0175286
-0.0616514
-0.0171747
-0.0872093
-0.0182243
-0.0937008
-0.0196649
-0.0925536
-0.0180315
-0.0916723
-0.0167277
-0.091112
-0.0157734
-0.0908699
-0.0151935
-0.0909716
-0.0146731
-0.0911593
-0.014732
-0.0918424
-0.014473
-0.0923095
-0.0149137
-0.093444
-0.0209226
-0.121677
-0.0629938
-0.144045
-0.0700009
-0.149496
-0.0752643
-0.155938
-0.111929
-0.109934
-0.110768
-0.111696
-0.111727
-0.133123
-0.128394
-0.153973
-0.155484
-0.17185
-0.180336
-0.217148
-0.220555
-0.222756
-0.221829
-0.214715
-0.242023
-0.13651
-0.147092
-0.177641
-0.180457
-0.189813
-0.192357
-0.198594
-0.202993
-0.195582
-0.20589
-0.199369
-0.116625
-0.103566
-0.0898535
-0.0847591
-0.0921804
-0.0809334
-0.101621
-0.230624
-0.228275
-0.219976
-0.220221
-0.213439
-0.217964
-0.211932
-0.215768
-0.209795
-0.213318
-0.20727
-0.138815
-0.162877
-0.149131
-0.170341
-0.155005
-0.177928
-0.16169
-0.155257
-0.117762
-0.108159
-0.123124
-0.114258
-0.103935
-0.094911
-0.0842708
-0.0749965
-0.0643445
-0.055129
-0.111331
-0.0829747
-0.0717209
-0.086031
-0.0756467
-0.0991149
-0.0895337
-0.11183
-0.104543
-0.125697
-0.120702
-0.140133
-0.137448
-0.110531
-0.0849062
-0.105996
-0.105756
-0.115348
-0.117238
-0.125931
-0.129224
-0.145781
-0.149738
-0.165893
-0.171468
-0.187251
-0.162411
-0.155067
-0.15923
-0.163258
-0.177875
-0.180237
-0.196484
-0.198727
-0.197439
-0.200569
-0.22011
-0.178348
-0.224649
-0.252785
-0.376853
-0.391156
-0.369744
-0.357584
-0.34187
-0.331489
-0.302726
-0.283081
-0.271196
-0.0699219
-0.0829064
-0.0873276
-0.0677302
-0.0692453
0.116994
0.144318
0.172507
0.170738
0.138933
0.110848
0.11166
0.0610303
0.0203613
-0.0113986
-0.0487667
-0.0843689
-0.210906
-0.244688
-0.266004
-0.273825
-0.288801
-0.309256
-0.250393
-0.246977
-0.246311
-0.243002
-0.243135
-0.0548413
-0.0209257
0.135709
0.264171
0.251645
0.253632
0.281115
0.255173
0.232257
0.195619
0.14737
0.158772
-0.0127096
-0.0589529
-0.103416
-0.0909515
-0.0795792
-0.0906168
0.0878894
0.094593
0.0928681
0.0966294
0.104245
0.0133733
-0.0532419
-0.0573306
-0.0505621
-0.0466326
-0.0425996
-0.080519
-0.0657486
-0.0170614
-0.0210509
-0.00214791
-0.00697459
0.018602
0.0321743
0.0675046
0.0852088
0.0870611
0.0760921
0.0787171
0.0705681
0.0738855
-0.191478
-0.186418
-0.376798
-0.298112
-0.303695
-0.254091
-0.223292
-0.175811
-0.12953
-0.163031
-0.12004
-0.136737
-0.120278
-0.0980733
-0.0589726
-0.0548194
-0.0431708
-0.0144137
-0.0624881
-0.0821393
-0.0729641
-0.0331007
-0.0270984
-0.018532
-0.0132147
-0.00442454
-0.114537
-0.0789843
-0.111983
-0.105789
-0.105099
-0.104059
-0.0432608
-0.0629775
