0
-0.959146
-0.414125
-0.600497
0.19894
0.3485
0.508654
0.591636
0.853904
0.579747
0.501141
0.593183
0.650691
0.696309
0.360154
0.530719
0.308111
-0.673132
-0.823377
-0.792001
-0.814178
-0.558859
0.396193
1.71505
0.159072
0.850465
-0.011727
-0.924829
-0.94791
-0.968954
-1.80179
0.298338
-0.598843
-2.83578
-0.100129
-0.236851
-0.666428
-0.277912
-1.22483
-0.370376
0.0513786
0.164983
0.0422111
0.273318
-0.0436713
0.281202
0.326515
-0.282219
-0.0922993
0.925441
0.750025
1.32254
0.643023
0.712104
0.543597
-0.284325
-0.287841
-0.390814
0.157676
-0.111629
0.055686
0.0369939
0.135752
0.188499
0.383991
0.384459
0.222706
0.412211
0.199443
0.218239
0.204561
0.143796
0.146815
0.153026
-0.744782
-0.0240999
-0.721161
-0.203954
-0.208242
-0.21091
-0.212157
-0.212212
-1.06051
-1.05354
-0.197982
0.479363
0.0131919
-0.0778691
0.823076
2.93536
0.922282
-0.151359
-0.409872
-0.532457
-0.0298958
-0.0217545
0.388347
0.30647
-0.0420916
0.132856
-0.153567
0.850731
0.250575
0.249474
0.247119
0.297641
0.386284
1.30526
0.101314
0.731489
0.594098
0.599273
1.44482
0.46073
0.486423
0.407421
0.213496
0.190716
0.170506
0.745073
-0.058524
-0.00303383
-0.0219531
0.0321494
0.00992228
-0.0106002
0.514677
0.0506753
0.2267
0.0757027
-0.460293
-0.726512
-0.783093
-0.835542
-0.839203
-10.5328
0.921891
0.30392
-0.264702
0.0707203
-0.0022023
0.0431132
0.0836621
0.299869
0.283299
0.403974
0.566418
0.187123
0.173772
-0.267202
-0.00593036
-0.00460156
0.00832147
-1.04252
0.356363
0.659579
0.363369
0.742624
0.419749
0.362146
2.53556
0.622751
-0.982932
0.0593222
0.28865
0.0128292
-0.0846564
-0.366393
0.270334
-1.12266
0.362721
0.313196
0.297536
-0.111004
-0.0128492
-0.445213
-0.0389923
-0.0349639
0.291361
-0.0217422
0.222554
-0.162737
0.315733
-0.434075
-0.0413235
-0.448733
-0.0717283
-0.446172
-0.0616338
-0.436029
0.158677
-0.61866
0.134407
-0.559658
0.104294
-0.480834
0.0695257
-0.424477
-0.22535
-0.412756
-0.132767
-0.0117134
0.0064818
-0.00496101
0.204296
0.115245
0.18322
-0.182602
0.0115021
-0.0128981
0.0683584
-0.512254
0.708098
2.78966
1.40146
0.141745
0.263424
0.42861
2.16915
0.615768
0.611568
0.382492
0.185671
-0.00462439
-0.155185
-0.0935572
-0.252223
0.198334
0.215369
0.133251
0.202547
0.27061
0.234926
0.311479
0.302374
0.284071
0.302277
0.241115
-0.250249
0.112028
0.158833
-0.311716
0.499701
-0.808748
0.653719
0.371187
0.383439
0.045139
0.283912
0.0294059
-0.146409
0.257418
0.244236
0.234935
0.269628
0.878097
-0.149539
-0.186004
-0.0998732
1.04807
-0.919992
-0.518155
-0.254438
0.126035
0.732406
1.11743
-1.73758
-0.195841
0.28924
0.42009
0.839902
1.44803
0.918533
0.730037
0.749775
0.700738
0.286743
0.336016
0.400754
0.353896
0.412337
-0.409496
0.07097
0.575664
1.14686
0.442749
-0.412225
0.0601149
-0.156563
-0.070377
-0.0470615
-0.122975
-0.0233657
-0.283192
-0.474056
-0.357606
0.107966
0.310113
-0.209921
0.226579
-0.219157
0.365823
-0.255973
-0.631625
-0.286643
0.37233
0.255057
0.320021
0.205299
0.199635
0.112151
0.351313
0.123815
0.541471
-0.32979
1.24001
0.376863
0.0248592
-0.22275
0.573575
-0.76909
0.619967
-0.350351
0.787062
-0.346137
0.798234
-0.575871
0.939628
-0.364278
0.809322
-0.138215
-0.0389447
0.351011
0.118761
-0.16066
0.470157
0.38676
-0.0370341
0.331185
-0.0278698
0.324653
0.0189789
0.289525
0.0468561
0.264291
0.0743015
0.494449
-0.143307
0.545651
-0.184736
0.517168
-0.186219
0.518968
-0.187483
0.520633
-0.188986
0.522301
-0.190435
0.523827
-0.193814
0.525994
-0.194576
0.527076
-0.200315
0.529903
-0.201205
0.531466
-0.210285
0.333377
-0.0370201
0.532816
-0.191426
0.52232
-0.194092
0.527553
0.065566
-0.114932
0.409238
-0.100219
0.464412
-0.0499122
0.437269
-0.0342418
0.477513
-0.157664
0.474775
-0.39541
0.518682
-0.164121
0.552587
-0.476624
0.641024
-0.435114
1.21301
0.225797
-0.0119384
0.451375
-0.00690254
0.35078
-0.0249323
0.239212
0.0218017
0.248484
-1.25558
0.795471
0.180364
0.0350106
0.266519
0.117878
0.404384
0.93169
0.33007
0.148035
0.133397
0.0973689
0.146645
0.091674
0.149558
0.0828966
0.153505
0.0731464
-0.314194
0.0835763
0.0845873
0.148298
0.100794
0.148032
0.0926621
-0.0935931
-0.331773
0.000322382
-0.449817
0.0082435
-0.0223739
0.00540881
-0.0274013
0.00171226
-0.0295815
0.000850792
0.592221
-0.313764
0.103161
0.0635732
0.129536
0.141281
0.142504
0.145884
0.146029
0.150058
0.150102
0.160296
0.154342
0.810629
-0.0384123
0.223561
0.164493
0.145026
0.157875
0.14393
0.159156
0.151289
0.162274
0.150699
0.164357
0.149953
-0.169686
-0.0143474
0.118368
0.26217
0.0912827
0.180638
0.10419
0.165539
0.164557
0.143594
0.0645104
-0.251608
0.2256
0.887632
0.762847
0.500112
-0.580513
-0.0565568
-0.467617
0.00198588
-0.209413
0.20303
-0.155375
-1.58366
-0.0407985
0.229405
-1.65903
0.162937
-1.92073
-0.0464858
-0.833339
0.0693438
0.2023
0.317419
0.0431762
0.10888
-0.308186
-0.116598
-0.174595
-0.0466087
0.526668
0.0922344
0.108185
0.196156
-0.0375335
0.169929
0.172309
0.956213
0.348964
0.15842
0.303177
-1.28724
0.296063
-1.34221
-0.645926
0.145691
0.439788
-0.262971
0.570168
0.262235
0.681821
0.129462
-0.658939
0.200381
-0.0150813
-0.160183
-0.599007
-0.808048
-0.576122
-1.74364
-0.0721749
-0.500135
0.0805155
-0.578293
0.753942
0.976325
-0.526959
-0.0838116
-0.453864
-0.067359
-1.59289
-0.0585302
-0.90416
0.0224898
-0.737236
-0.129957
-0.441305
-0.0606366
-0.395555
-0.0446661
0.212677
0.544701
0.169589
0.493078
0.125388
2.55241
-0.0996206
1.75501
1.76008
0.730753
0.94462
0.0520439
-0.312726
-0.347806
-0.182157
0.134303
-0.226474
0.291161
0.231365
0.103873
0.0509478
0.0934546
-0.478032
0.594603
-0.0240362
0.0676732
-0.58351
-0.123279
-0.077699
-0.0936874
-0.0920431
1.39009
-0.44934
0.442197
0.240818
-0.0667736
0.0123612
-0.801998
0.283697
