1.46995
1.74839
1.92883
2.05196
2.12934
1.98812
1.895
1.81386
1.74887
1.69947
1.66717
1.6566
1.67269
-1.46995
-1.93963
-2.34463
-2.4124
-2.42523
-2.56984
-2.69297
-3.08129
-3.50088
-3.89058
-4.20092
-4.302
-4.18348
-4.14049
-4.08675
-4.07314
-4.08659
-4.3386
-4.61419
-4.89254
-5.15904
-5.36994
-5.36792
-5.47409
-4.15785
-0.111558
0.246184
0.328982
-1.46994
-1.95471
-2.40922
1.46995
1.93956
2.21269
2.61419
3.02378
3.27097
3.65101
4.0144
4.36223
4.69567
4.90536
5.18077
5.48176
5.66663
5.85944
6.08049
6.15353
6.45942
6.57299
6.68045
6.79432
6.86477
6.97925
7.05602
7.03968
7.08186
7.05946
7.17951
7.12855
7.22106
7.25755
7.22661
7.20496
7.16741
7.15111
7.18988
7.26794
7.414
7.3881
7.28393
7.19144
7.07724
6.95037
6.86124
6.67818
6.47276
6.19988
5.88673
5.53318
5.21572
4.52353
3.74183
2.31961
0.741678
-1.46995
-1.96156
-2.44557
-2.92267
-3.39342
-3.85836
-4.31791
-4.77241
-5.22227
-5.66773
-6.109
-6.54633
-6.9799
-7.40985
-7.83627
-8.25929
-8.67903
-9.09551
-9.50873
-9.91876
-10.3257
-10.7294
-11.1298
-11.527
-11.921
-12.3117
-12.6988
-13.0824
-13.4624
-13.706
-13.9765
-14.2212
-14.4317
-14.5825
-14.7228
-14.8492
-14.9421
-15.0074
-15.0878
-15.1205
-15.1686
-15.2008
-15.2088
-15.2215
-15.2109
-15.2038
-15.1897
-15.1744
-15.1512
-15.1333
-15.1096
-15.0935
-15.0618
-15.0285
-14.9959
-14.9646
-14.9249
-14.8836
-14.8375
-14.7877
-14.7344
-14.6764
-14.6131
-14.5464
-14.4698
-14.3841
-14.293
-14.1962
-14.084
-13.9673
-13.8372
-13.7009
-13.5448
-13.3689
-13.1791
-12.9722
-12.7363
-12.5035
-12.219
-11.9203
-11.6037
-11.2475
-10.8405
-10.5001
-10.0695
-9.54603
-9.03557
-8.43397
-7.24334
-5.7353
1.36407
1.86281
2.36005
2.85589
3.3504
3.84367
4.33577
4.82676
5.31671
5.80567
6.29368
6.78079
7.26704
7.75246
8.23711
8.721
9.20417
9.68664
10.1684
10.6496
11.1301
11.61
12.0892
12.5679
13.046
13.5236
14.0006
14.4771
14.953
15.4284
15.9033
16.3777
16.8515
17.3249
17.7977
18.27
18.7418
19.2131
19.6839
20.1542
20.624
21.0932
21.5619
22.0301
22.4978
22.9649
23.4314
23.8974
24.3628
24.8276
25.2918
25.7553
26.2183
26.6807
27.1423
27.6032
28.0634
28.5043
28.9112
29.2865
29.6485
29.9893
30.3265
30.6386
30.9283
31.2066
31.4711
31.7226
31.9505
32.1705
32.3783
32.5573
32.7231
32.888
33.0282
33.155
33.2677
33.3876
33.4923
33.587
33.6655
33.728
33.7812
33.8272
33.87
33.92
33.9527
33.9793
34.0107
34.0235
34.0313
34.0426
34.0496
34.0487
34.0501
34.0473
34.0405
34.0317
34.0221
34.0101
33.9953
33.9786
33.9612
33.9422
33.9213
33.8993
33.8765
33.8518
33.8257
33.7977
33.7682
33.7368
33.7034
33.668
33.6303
33.5905
33.5482
33.5032
33.4563
33.4064
33.3533
33.297
33.2382
33.175
33.1079
33.0365
32.9611
32.8815
32.7988
32.7089
32.615
32.5144
32.4108
32.3015
32.1859
32.0644
31.9351
31.7947
31.6506
31.4932
31.3305
31.159
30.9761
30.7829
30.5731
30.3473
30.111
29.8545
29.564
29.2536
28.9196
28.5792
28.2945
27.9889
27.642
27.2669
26.8799
26.48
26.0087
25.5432
25.111
24.6101
24.065
23.2624
22.1991
20.9781
18.914
14.0611
8.5359
1.82938
-1.46975
-1.96954
-2.46912
-2.96851
-3.46771
-3.96673
-4.46557
-4.96425
-5.46276
-5.96111
-6.45931
-6.95737
-7.45528
-7.95305
-8.45069
-8.9482
-9.44559
-9.94285
-10.44
-10.937
-11.4339
-11.9307
-12.4274
-12.924
-13.4205
-13.9169
-14.4132
-14.9094
-15.4056
-15.9016
-16.3975
-16.8934
-17.3891
-17.8848
-18.3804
-18.8759
-19.3714
-19.8667
-20.362
-20.8573
-21.3524
-21.8475
-22.3425
-22.8374
-23.3323
-23.8271
-24.3218
-24.8164
-25.311
-25.8056
-26.3
-26.7945
-27.2888
-27.7831
-28.2773
-28.7715
-29.2656
-29.7596
-30.2536
-30.7475
-31.2414
-31.7352
-32.2289
-32.7226
-33.2162
-33.7098
-34.2033
-34.6968
-35.1901
-35.6835
-36.1768
-36.67
-37.1632
-37.6563
-38.1493
-38.6423
-39.1352
-39.6281
-40.1209
-40.6137
-41.1064
-41.599
-42.0916
-42.5842
-43.0766
-43.569
-44.0614
-44.5537
-45.0459
-45.538
-46.0301
-46.5222
-47.0142
-47.5061
-47.9979
-48.4897
-48.9814
-49.4731
-49.9647
-50.4562
-50.9476
-51.439
-51.9303
-52.4216
-52.9127
-53.4038
-53.8948
-54.3858
-54.8767
-55.3675
-55.8582
-56.3489
-56.8394
-57.3299
-57.8203
-58.3107
-58.8009
-59.2911
-59.7812
-60.2711
-60.7516
-61.22
-61.6947
-62.1647
-62.6269
-63.0833
-63.5331
-63.9804
-64.4628
-64.8923
-65.3142
-65.7267
-66.1246
-66.4992
-66.8641
-67.2183
-67.5608
-67.8918
-68.2139
-68.5234
-68.8235
-69.1147
-69.3957
-69.6653
-69.9273
-70.1781
-70.4208
-70.655
-70.8806
-71.0973
-71.3064
-71.5077
-71.7012
-71.8879
-72.0668
-72.2391
-72.4043
-72.5629
-72.7152
-72.8622
-73.0028
-73.1378
-73.2672
-73.3911
-73.5086
-73.6222
-73.7307
-73.8335
-73.9325
-74.0266
-74.1172
-74.2033
-74.2847
-74.3626
-74.437
-74.5077
-74.5748
-74.6384
-74.6986
-74.7555
-74.8097
-74.8605
-74.9086
-74.9536
-74.9963
-75.0362
-75.0732
-75.1077
-75.1397
-75.1696
-75.1971
-75.2219
-75.245
-75.2655
-75.2841
-75.3007
-75.3152
-75.3277
-75.3382
-75.3469
-75.3537
-75.3588
-75.3622
-75.3641
-75.3645
-75.3635
-75.3613
-75.3578
-75.3532
-75.3476
-75.3411
-75.3339
-75.3258
-75.3171
-75.3078
-75.298
-75.2877
-75.277
-75.2657
-75.2541
-75.2421
-75.2296
-75.2167
-75.2034
-75.1896
-75.1753
-75.1607
-75.1455
-75.1298
-75.1136
-75.0969
-75.0797
-75.0619
-75.0436
-75.0247
-75.0049
