0
0.000254116
0.00025053
0.000204844
0.000172803
-0.000159314
-0.000884832
-0.00135186
-0.002089
-0.00235877
-0.0027205
-0.00285123
-0.00289303
-0.00293264
-0.00298165
-0.0030372
-0.00309765
-0.00316211
-0.00323008
-0.00330127
-0.00337551
-0.00345267
-0.00353269
-0.00361539
-0.00370078
-0.00378856
-0.00387895
-0.00396986
-0.00406341
-0.00415974
-0.00425892
-0.00436104
-0.00446615
-0.00457428
-0.00468526
-0.0048138
-0.00491703
-0.00498863
-0.00504073
-0.00507792
-0.00509896
-0.00499178
-0.00496214
-0.00497771
-0.00504508
-0.00514371
-0.00521206
-0.00526298
-0.0053021
-0.00533245
-0.00535607
-0.00537438
-0.00538842
-0.00539898
-0.00540666
-0.00541184
-0.00541495
-0.00541626
-0.00552452
-0.00558255
-0.0055943
-0.00558332
-0.00556684
-0.00554551
-0.00552
-0.00549093
-0.00545894
-0.00542462
-0.00538855
-0.00538196
-0.00550506
-0.00553741
-0.00555873
-0.00554984
-0.00553963
-0.00552919
-0.00551914
-0.00550802
-0.00549574
-0.00548231
-0.0054678
-0.00545228
-0.00543582
-0.00541851
-0.00540039
-0.00538155
-0.00536203
-0.00534188
-0.00532057
-0.00529849
-0.00527627
-0.00525398
-0.0052314
-0.00520866
-0.00518557
-0.00516226
-0.00513872
-0.00511497
-0.00509174
-0.00506823
-0.00504451
-0.00502052
-0.00499617
-0.00497152
-0.00494664
-0.0049216
-0.00489646
-0.00487125
-0.00484592
-0.0048204
-0.0047946
-0.00476821
-0.00476313
-0.00473605
-0.00470526
-0.00467436
-0.00464471
-0.00461657
-0.0045883
-0.00455926
-0.00452931
-0.00450028
-0.00446262
-0.00449492
-0.00456845
-0.00468372
-0.00479542
-0.00481375
-0.00486224
-0.00486315
-0.00481254
-0.00472839
-0.00462717
-0.00450531
-0.00429712
-0.00419811
-0.00419559
-0.00427468
-0.00439106
-0.00454709
-0.00475267
-0.00481066
-0.00481692
-0.00482418
-0.00483922
-0.00485238
-0.00486207
-0.0048678
-0.00486984
-0.00486912
-0.00486714
-0.00487112
-0.00499068
-0.00510505
-0.00521401
-0.00531623
-0.00541025
-0.00549483
-0.00557651
-0.00565741
-0.00573976
-0.00582255
-0.00590531
-0.00598714
-0.00606766
-0.00614736
-0.00622656
-0.00630553
-0.0063845
-0.00646373
-0.00654339
-0.00662393
-0.00670566
-0.00678885
-0.00687383
-0.00696102
-0.00705091
-0.00714406
-0.00724106
-0.00734253
-0.00744913
-0.00756149
-0.00768026
-0.00780603
-0.00793931
-0.00808054
-0.00823009
-0.00838825
-0.00855526
-0.00873127
-0.00891637
-0.00910999
-0.00932382
-0.00955676
-0.00963339
-0.00963085
-0.00954992
-0.00938995
-0.00915126
-0.00883468
-0.00844113
-0.00797141
-0.00742566
-0.00680355
-0.00632733
-0.00597168
-0.00573872
-0.00563057
-0.00563432
-0.00575187
-0.00598656
-0.00634834
-0.00676902
-0.00710708
-0.00737174
-0.00757683
-0.00775495
-0.00794578
-0.00814607
-0.008353
-0.00854846
-0.00855198
-0.00849983
-0.00846961
-0.00842313
-0.00837585
-0.00832731
-0.008277
-0.00822611
-0.00814456
-0.00809045
-0.00804918
-0.00800425
-0.00796271
-0.00792313
-0.00788315
-0.00784322
-0.00780337
-0.00776361
-0.00772392
-0.00768446
-0.00764518
-0.00760595
-0.00756683
-0.00752788
-0.00748918
-0.00745077
-0.00741268
-0.00737493
-0.00733752
-0.00730039
-0.00726348
-0.00722668
-0.00718983
-0.00715275
-0.00711529
-0.00707726
-0.0070385
-0.00699885
-0.00695816
-0.00691638
-0.00687512
-0.00682643
-0.00677086
-0.00670738
-0.00669786
-0.00672992
-0.0068022
-0.0069003
-0.00695419
-0.00698096
-0.0069946
-0.00700243
-0.00700852
-0.0070151
-0.00702323
-0.00703345
-0.00704622
-0.00706178
-0.00708023
-0.00710156
-0.00707475
-0.00705941
-0.00704952
-0.00705867
-0.00707546
-0.00709679
-0.0071234
-0.00715694
-0.00719787
-0.0072418
-0.0072874
-0.00731809
-0.00734809
-0.00738129
-0.007416
-0.00745145
-0.00745948
-0.00750652
-0.00755382
-0.00760145
-0.00764947
-0.00769793
-0.00774692
-0.00779652
-0.00784636
-0.0078965
-0.00794714
-0.00799846
-0.00805065
-0.00810387
-0.00815851
-0.00821484
-0.00827308
-0.00833352
-0.00839653
-0.00846256
-0.0085321
-0.00860569
-0.00868389
-0.00876731
-0.00885652
-0.0089521
-0.00905457
-0.00916438
-0.00928191
-0.00940745
-0.00954125
-0.00968345
-0.00983415
-0.00999339
-0.0101606
-0.0103475
-0.0105529
-0.0106023
-0.0106023
-0.0105708
-0.0105095
-0.0104205
-0.0103062
-0.010169
-0.010011
-0.00986932
-0.00971154
-0.00958072
-0.00946528
-0.00936515
-0.00925817
-0.00918089
-0.00912416
-0.00906705
-0.00901585
-0.00896787
-0.00893067
-0.00889484
-0.00883876
-0.00876654
-0.00870367
-0.0086508
-0.0086037
-0.00855594
-0.00850059
-0.00843632
-0.00839973
-0.0083526
-0.00831468
-0.00828298
-0.00825145
-0.00822001
-0.00818865
-0.00815738
-0.00812619
-0.00809508
-0.00806406
-0.00803313
-0.00800227
-0.00797149
-0.00794078
-0.00791014
-0.00787956
-0.0078492
-0.007819
-0.00778884
-0.00775878
-0.00772889
-0.00769925
-0.00766992
-0.00764094
-0.00761233
-0.00758408
-0.00755617
-0.00752852
-0.00750104
-0.00747355
-0.0074459
-0.00741793
-0.00738945
-0.0073603
-0.0073303
-0.00729935
-0.00726734
-0.00723598
-0.00719736
-0.00715201
-0.00709891
-0.00709974
-0.00714235
-0.00722539
-0.00733371
-0.00739711
-0.00743364
-0.00745691
-0.00747466
-0.00749083
-0.00750749
-0.00752579
-0.00754635
-0.00756949
-0.00759543
-0.00762422
-0.00765583
-0.00763671
-0.00762722
-0.00762657
-0.0076578
-0.00770218
-0.00775288
-0.00781056
-0.00787745
-0.00795642
-0.00803249
-0.00808206
-0.00812991
-0.00817902
-0.00822968
-0.00828137
-0.00833328
-0.008358
-0.00842608
-0.00849533
-0.00856547
-0.00863644
-0.00870823
-0.00878084
-0.0088536
-0.00892652
-0.00899988
-0.00907394
-0.00914891
-0.009225
-0.0093024
-0.00938151
-0.00946262
-0.00954596
-0.00963184
-0.00972067
-0.00981288
-0.009909
-0.0100096
-0.0101152
-0.0102265
-0.0103441
-0.0104685
-0.0106004
-0.0107401
-0.0108881
-0.0110446
-0.01121
-0.0113844
-0.0115679
-0.0117606
-0.0119619
-0.0121835
-0.0124244
-0.0125091
-0.0125192
-0.0124984
-0.0124484
-0.0123715
-0.0122699
-0.0121461
-0.0120022
-0.0118407
-0.0116638
-0.011474
-0.0113258
-0.0111969
-0.0110849
-0.0109686
-0.0109076
-0.0108859
-0.0108695
-0.0108565
-0.0108514
-0.0108541
-0.0108482
-0.0108064
-0.0107712
-0.0107432
-0.0107158
-0.0106884
-0.010661
-0.0106337
-0.0106064
-0.0105791
-0.010552
-0.010525
-0.0104981
-0.0104713
-0.0104446
-0.010418
-0.0103916
-0.0103652
-0.010339
-0.0103129
-0.0102863
-0.0102579
-0.0102261
-0.0101892
-0.0101483
-0.0101044
-0.0100554
-0.0099988
-0.00993224
-0.0098531
-0.00975841
-0.00964452
-0.00950601
-0.00932292
-0.00914403
-0.00896928
-0.00879848
-0.00863108
-0.00846645
-0.00830403
-0.0081433
-0.00798384
-0.00782531
-0.00766738
-0.00751154
-0.00735731
-0.00720347
-0.00704084
-0.00690066
-0.00689124
-0.00692605
-0.00700326
-0.00711989
-0.0072731
-0.00738662
-0.00747171
-0.00753065
-0.0075759
-0.00761858
-0.00766337
-0.00770985
-0.00775805
-0.00780848
-0.00786136
-0.00791681
-0.00797486
-0.00797899
-0.00800307
-0.00803079
-0.00805647
-0.00807788
-0.00809456
-0.008107
-0.00812147
-0.00816694
-0.00827775
-0.00839498
-0.00851499
-0.00863428
-0.00875056
-0.00886451
-0.0089787
-0.00909278
-0.00920654
-0.00931988
-0.00943277
-0.00954522
-0.00965666
-0.00976727
-0.0098773
-0.00998693
-0.0100964
-0.0102058
-0.0103155
-0.0104256
-0.0105364
-0.0106514
-0.0107715
-0.0108971
-0.0110277
-0.0111597
-0.0112939
-0.0114301
-0.0115697
-0.0117136
-0.0118621
-0.012016
-0.0121757
-0.0123117
-0.0124845
-0.0126665
-0.0128581
-0.0130593
-0.0132688
-0.0134867
-0.0137132
-0.0139479
-0.0142027
-0.0142711
-0.0142732
-0.0142061
-0.0140672
-0.0138547
-0.0135684
-0.0132086
-0.0127755
-0.0122681
-0.0118951
-0.0115291
-0.011393
-0.0113779
-0.0114002
-0.0114192
-0.0114346
-0.0114465
-0.011455
-0.0115197
-0.0115369
-0.0115638
-0.0116024
-0.0116513
-0.0117091
-0.0117753
-0.0117349
-0.0116935
-0.0116553
-0.0116206
-0.0115896
-0.0115627
-0.0115404
-0.0115232
-0.0115068
-0.0114893
-0.0114715
-0.0114534
-0.0114353
-0.0114171
-0.0113989
-0.0113808
-0.0113627
-0.0113447
-0.0113267
-0.0113088
-0.0112909
-0.0112731
-0.0112554
-0.0112379
-0.0112205
-0.0112031
-0.011186
-0.0111691
-0.0111525
-0.0111363
-0.0111205
-0.0111052
-0.0110902
-0.0110756
-0.0110612
-0.0110468
-0.0110324
-0.0110178
-0.0110027
-0.010987
-0.0109706
-0.0109533
-0.0109351
-0.0109181
-0.0108931
-0.0108607
-0.01082
-0.0109066
-0.0110858
-0.0113236
-0.0115365
-0.0117331
-0.0119304
-0.0120301
-0.0120849
-0.0121184
-0.012152
-0.0121879
-0.0122255
-0.0122655
-0.012308
-0.0123532
-0.012401
-0.012403
-0.0124005
-0.0124107
-0.0124234
-0.0124363
-0.0124485
-0.0124592
-0.0124698
-0.0124977
-0.012594
-0.0126868
-0.0127755
-0.0128632
-0.0129492
-0.0130345
-0.0131209
-0.0132083
-0.013296
-0.0133834
-0.0134709
-0.0135586
-0.0136466
-0.0137351
-0.0138242
-0.013914
-0.0140046
-0.0140963
-0.0141892
-0.0142835
-0.0143793
-0.0144772
-0.0145773
-0.0146799
-0.0147854
-0.0148941
-0.0150066
-0.0151233
-0.0152449
-0.0153718
-0.0155048
-0.0156446
-0.0157915
-0.0159464
-0.0161095
-0.0162814
-0.0164624
-0.0166527
-0.0168525
-0.0170619
-0.017281
-0.0175093
-0.0177585
-0.0180274
-0.0181402
-0.0181875
-0.0181762
-0.0181053
-0.0179753
-0.017787
-0.0175411
-0.0172385
-0.0168799
-0.016466
-0.0159971
-0.0154732
-0.0148922
-0.0144598
-0.0141549
-0.0139793
-0.0139352
-0.0140084
-0.0141377
-0.0142839
-0.0144322
-0.0145909
-0.0147634
-0.014885
-0.0150036
-0.0151191
-0.01522
-0.0152667
-0.01531
-0.0153433
-0.0153729
-0.0154062
-0.0154434
-0.0154845
-0.0155298
-0.0155796
-0.0156343
-0.0156974
-0.0156552
-0.0156042
-0.015557
-0.0155167
-0.0154879
-0.0154609
-0.0154317
-0.0154003
-0.0153674
-0.0153333
-0.0152986
-0.0152903
-0.0152592
-0.0152289
-0.0152019
-0.0151757
-0.0151502
-0.0151252
-0.0151006
-0.0150763
-0.0150522
-0.0150282
-0.015004
-0.0149795
-0.0149544
-0.0149286
-0.0149021
-0.0148746
-0.0148462
-0.0148183
-0.0147831
-0.0147414
-0.0147612
-0.0148238
-0.0149282
-0.0150733
-0.0151924
-0.0152606
-0.015302
-0.0153301
-0.0153524
-0.0153729
-0.0153938
-0.0154164
-0.0154413
-0.0154689
-0.0154991
-0.0155321
-0.015568
-0.0155521
-0.0155366
-0.0155259
-0.015535
-0.0155684
-0.0156142
-0.0156677
-0.0157296
-0.0157987
-0.0158689
-0.0159415
-0.0160117
-0.01607
-0.016129
-0.0161907
-0.0162543
-0.016319
-0.0163842
-0.0164498
-0.0165156
-0.016581
-0.0166511
-0.0167222
-0.0167942
-0.0168669
-0.0169405
-0.0170151
-0.0170907
-0.0171675
-0.0172472
-0.0173269
-0.0174081
-0.0174914
-0.017577
-0.0176369
-0.0177286
-0.0178254
-0.0179277
-0.0180348
-0.0181475
-0.0182664
-0.0183922
-0.0185255
-0.0186668
-0.0188163
-0.0189746
-0.0191417
-0.019318
-0.0195035
-0.0196982
-0.0199016
-0.0201255
-0.020172
-0.0201481
-0.0200511
-0.0198781
-0.0196276
-0.0192987
-0.018892
-0.0184078
-0.0178454
-0.0172874
-0.0170054
-0.016842
-0.0167995
-0.0168033
-0.0168099
-0.0168141
-0.0168159
-0.0168154
-0.0168738
-0.0169098
-0.016947
-0.0169952
-0.0170532
-0.0171199
-0.0171951
-0.0171553
-0.017109
-0.017065
-0.0170234
-0.0169845
-0.0169486
-0.0169162
-0.0168877
-0.0168637
-0.0168397
-0.0168154
-0.016791
-0.0167665
-0.0167421
-0.0167177
-0.0166934
-0.0166691
-0.0166449
-0.0166208
-0.0165967
-0.0165727
-0.0165487
-0.0165249
-0.0165013
-0.0164777
-0.0164543
-0.016431
-0.0164079
-0.0163852
-0.0163629
-0.0163409
-0.0163194
-0.0162982
-0.0162773
-0.0162565
-0.0162359
-0.0162151
-0.016194
-0.0161725
-0.0161503
-0.0161274
-0.0161035
-0.0160786
-0.0160549
-0.0160231
-0.015984
-0.0159366
-0.0159573
-0.0160201
-0.0161264
-0.0162802
-0.0164831
-0.0167378
-0.0170502
-0.0172473
-0.0173367
-0.0173504
-0.0172805
-0.0171172
-0.0170558
-0.0170868
-0.0171734
-0.0172935
-0.0173254
-0.0173527
-0.0174035
-0.0174694
-0.0175449
-0.0176286
-0.0177204
-0.0178206
-0.0179287
-0.018037
-0.0181449
-0.0182513
-0.0183586
-0.0184638
-0.0185702
-0.0186786
-0.0187886
-0.0189
-0.0190048
