0.087224
0.0825423
0.0765711
0.071054
0.06645
0.0616674
0.057235
0.0531041
0.0492897
0.0457367
0.0424495
0.0393932
0.0365577
0.0339264
0.0314843
0.0292181
0.0271149
0.0251631
0.0233517
0.0216707
0.0201106
0.0186628
0.0173192
0.0160722
0.0149149
0.0138408
0.012844
0.0119183
0.0110592
0.0102619
0.00952196
0.00883523
0.00819788
0.00760636
0.00705736
0.00654811
0.00607653
0.00563797
0.00523159
0.00485409
0.00450691
0.00418192
0.00388071
0.00360089
0.00334088
0.00310033
0.00287699
0.00266966
0.00247727
0.00229877
0.00213317
0.00197954
0.00183701
0.00170479
0.00158212
0.00146832
0.00136275
0.00126481
0.00117316
0.00108862
0.00101053
0.000938109
0.000870928
0.000808604
0.000750781
0.000697128
0.000647341
0.000601134
0.000558245
0.000518419
0.000481
0.000447066
0.000416779
0.000389105
0.000363509
0.000339627
0.000317235
0.000296207
0.000276442
0.000257861
0.000240395
0.000223984
0.000208572
0.000194105
0.000180533
0.000167807
0.000155881
0.00014471
0.000134255
0.000124475
0.000115402
0.000106992
9.91647e-05
9.18814e-05
8.51103e-05
7.88175e-05
7.29721e-05
6.75453e-05
6.24793e-05
5.77537e-05
5.33475e-05
4.92408e-05
4.54151e-05
4.1853e-05
3.85377e-05
3.54531e-05
3.25841e-05
2.99167e-05
2.74376e-05
2.51346e-05
2.29966e-05
2.10143e-05
1.91385e-05
-0.00147421
-0.00284942
-0.0041343
-0.00534876
-0.0065071
-0.00750906
-0.00829756
-0.00884836
-0.00914654
-0.00918976
-0.00852813
-0.00791402
-0.00734414
-0.00681624
-0.00632688
-0.00587284
-0.00580648
-0.00557301
-0.0053476
-0.00507743
-0.00479071
-0.00448281
-0.0041596
-0.00385979
-0.00358178
-0.00332387
-0.00308461
-0.0028615
-0.00198077
-0.00184068
5.75253e-05
0.00146605
0.00243209
0.00335012
0.00425028
0.00513475
0.00600492
0.00686175
0.00653291
0.0060552
0.00561356
0.00505433
0.00432114
0.00340324
0.00229396
0.00130708
0.000688728
0.000221353
-6.67963e-05
-0.000148039
-0.000136376
-0.00012556
-0.000115529
-0.000106227
-9.76032e-05
-8.96077e-05
-8.21961e-05
-7.53268e-05
-6.89616e-05
-6.30642e-05
-5.76016e-05
-5.25429e-05
-4.78599e-05
-4.35264e-05
-3.9518e-05
-3.58121e-05
-3.23879e-05
-2.92257e-05
-2.63075e-05
-2.36163e-05
-2.11361e-05
-1.88519e-05
-1.67497e-05
-1.48164e-05
-1.30396e-05
-1.14079e-05
-9.91041e-06
-8.53709e-06
-7.28124e-06
-6.15539e-06
-5.1481e-06
-4.00163e-06
-2.82803e-06
-1.6346e-06
-4.23965e-07
7.99457e-07
2.03093e-06
3.26599e-06
4.52122e-06
5.75186e-06
6.97703e-06
7.89527e-06
8.55628e-06
8.98072e-06
9.18777e-06
9.21575e-06
9.07949e-06
8.74637e-06
9.68329e-06
1.16391e-05
0.00255211
0.00463358
0.00624652
0.00751531
0.00851323
0.00949576
0.0101622
0.00943815
0.00876491
0.00813892
0.00744404
0.0069115
0.00641707
0.005958
0.00553173
0.00513591
0.00468613
0.00435059
0.00371685
0.00319401
0.00281542
0.00260957
0.00242153
0.00224703
0.00208509
0.00193482
0.00179536
0.00166595
0.00154585
0.00143441
0.00133099
0.00123501
0.00114595
0.0010633
0.000986608
0.000915436
0.00084939
0.0007881
0.000731225
0.000678446
0.000629468
0.000584019
0.000541843
0.000502705
0.000466386
0.000432683
0.000401409
0.000372387
0.000345457
0.000320478
0.000297308
0.000275818
0.000255838
0.000237262
0.000219989
0.000203942
0.000189118
0.000175378
0.000162636
0.000150816
0.000139852
0.00012968
0.000120246
0.000111492
0.00010337
9.54549e-05
8.79471e-05
8.18673e-05
7.56286e-05
0.00112414
0.0018106
0.00210847
0.00218459
0.00208939
0.00193691
0.0017952
0.00166372
0.000559625
-0.000401165
-0.00117634
-0.00184528
-0.00171313
-0.00159046
-0.00147658
-0.00137085
-0.00190059
-0.00240197
-0.00282425
-0.0031287
-0.00328695
-0.00327763
-0.00308434
-0.00286219
-0.00265603
-0.00246471
-0.00228717
-0.00212242
-0.00196953
-0.00182764
-0.00169598
-0.00157379
-0.00146041
-0.00135519
-0.00125755
-0.00116694
-0.00108286
-0.00100484
-0.000932442
-0.000865258
-0.000802916
-0.000745067
-0.000691388
-0.000641578
-0.000595359
-0.000552473
-0.000512679
-0.000475754
-0.000441492
-0.000409702
-0.000380215
-0.000352863
-0.00032739
-0.000303724
-0.000281746
-0.000261336
-0.000242382
-0.000224782
-0.00020844
-0.000193266
-0.000179196
-0.000166136
-0.000154199
-0.000142968
-0.000132558
-0.000122898
-0.000114271
-0.000105959
-9.79652e-05
0.000185125
0.000389617
0.000417109
0.000388398
0.000361273
0.000292152
0.000237484
0.000220691
0.000204944
0.000190217
0.000176517
0.000163774
0.000151921
0.000121514
0.000112787
0.000104686
9.71675e-05
9.01904e-05
8.37154e-05
7.77064e-05
7.213e-05
6.69549e-05
6.21523e-05
5.76954e-05
5.35592e-05
4.97206e-05
4.61583e-05
4.28524e-05
3.97843e-05
3.6937e-05
3.42946e-05
3.18423e-05
2.95665e-05
2.74543e-05
2.54942e-05
2.3675e-05
2.19867e-05
2.04198e-05
1.89656e-05
1.7616e-05
1.63634e-05
1.52009e-05
1.4122e-05
1.31206e-05
1.21913e-05
1.13287e-05
1.05281e-05
9.78501e-06
9.09532e-06
8.45517e-06
7.86118e-06
7.31338e-06
6.80831e-06
6.34321e-06
5.89545e-06
5.46741e-06
5.05846e-06
4.67238e-06
4.33988e-06
4.03641e-06
3.75609e-06
3.49746e-06
3.25876e-06
3.03764e-06
2.83279e-06
2.64282e-06
2.46656e-06
2.30292e-06
2.15095e-06
2.00978e-06
1.81142e-06
0.00109333
0.00182123
0.00216027
0.00226096
0.00210675
0.00195452
0.0018132
0.00168207
0.00154525
0.00143359
0.00132469
0.00107086
0.000993551
0.000921815
0.000855256
0.000793503
0.000233575
-0.000280704
-0.000702351
-0.00099629
-0.00113629
-0.00110244
-0.00102302
-0.000949315
-0.000880916
-0.000817443
-0.000758539
-0.000703877
-0.000653151
-0.000606078
-0.000562395
-0.000521857
-0.000484239
-0.00044933
-0.000416935
-0.000386874
-0.000358979
-0.000333093
-0.000309073
-0.000286783
-0.000266101
-0.000246908
-0.0002291
-0.000212575
-0.000197242
-0.000183014
-0.000169813
-0.000157563
-0.000146197
-0.000135652
-0.00012587
-0.000116797
-0.000108347
-0.000100492
-9.31975e-05
-8.64237e-05
-8.01337e-05
-7.42932e-05
-6.88703e-05
-6.38356e-05
-5.91615e-05
-5.48227e-05
-5.07954e-05
-4.7421e-05
-4.39404e-05
-4.07148e-05
-3.77221e-05
-3.49557e-05
-3.23407e-05
0.000246635
0.000450524
0.000445134
0.000427411
0.000396825
0.000322606
0.000261424
0.000242638
0.000225201
0.000209018
0.000194001
0.000180064
0.00016713
0.000155127
0.000143989
0.000133651
0.000124058
0.000115155
0.000106893
9.92249e-05
9.2109e-05
8.55051e-05
7.93763e-05
7.36886e-05
6.84101e-05
6.35118e-05
5.89663e-05
5.47485e-05
5.08348e-05
4.72029e-05
4.38331e-05
4.07066e-05
3.78063e-05
3.51163e-05
3.26218e-05
3.03092e-05
2.81659e-05
2.61826e-05
2.43408e-05
2.26305e-05
2.10422e-05
1.95673e-05
1.81978e-05
1.69255e-05
1.57437e-05
1.46459e-05
1.36263e-05
1.26793e-05
1.18013e-05
1.09851e-05
1.02281e-05
9.52961e-06
8.88249e-06
8.25793e-06
7.67597e-06
7.13289e-06
6.62498e-06
6.14918e-06
5.72779e-06
5.42369e-06
5.13102e-06
4.77557e-06
4.44421e-06
4.13682e-06
3.86196e-06
3.60494e-06
3.36472e-06
3.14077e-06
2.93176e-06
2.71224e-06
0.000309807
0.00117697
0.00170423
0.0018303
0.00183836
0.00183318
0.00181964
0.00179889
0.00166923
0.00127408
0.000639916
-0.000233703
-0.00134556
-0.00224959
-0.0030283
-0.00366827
-0.00415685
-0.00448297
-0.00463688
-0.00460998
-0.00439451
-0.00407816
-0.00378459
-0.00351214
-0.00325931
-0.00302467
-0.00280693
-0.00260485
-0.00241732
-0.00224329
-0.00208179
-0.00193192
-0.00179283
-0.00166375
-0.00154397
-0.00143281
-0.00132965
-0.00123392
-0.00114508
-0.00106264
-0.000986133
-0.000915136
-0.000849247
-0.00119435
-0.00144203
-0.00154252
-0.0014592
-0.00135417
-0.0012567
-0.00116624
-0.0010823
-0.00100441
-0.000932084
-0.000864955
-0.000802646
-0.000744809
-0.000691123
-0.00064129
-0.000595031
-0.00055209
-0.000512228
-0.000475263
-0.000440962
-0.000409912
-0.000380384
-0.00035299
-0.000327718
-0.000304324
-0.000282674
-0.000262125
-1.7018e-06
0.00102159
0.00163896
0.00183503
0.00182184
0.0017889
0.00174096
0.00148667
0.00103921
0.00052406
2.28784e-05
-0.000415835
-0.00075658
-0.000972693
-0.00104362
-0.000968474
-0.000898742
-0.000834031
-0.000773978
-0.000718249
-0.000666531
-0.000618537
-0.000573999
-0.000532667
-0.00049431
-0.000458715
-0.000425683
-0.000395029
-0.000366582
-0.000340183
-0.000315684
-0.000292949
-0.000271851
-0.000252272
-0.000234103
-0.000217242
-0.000201595
-0.000187074
-0.000173599
-0.000161094
-0.000149489
-0.00013872
-0.000128727
-0.000119452
-0.000110846
-0.000102859
-9.54476e-05
-8.85695e-05
-8.21868e-05
-7.62636e-05
-7.07669e-05
-6.5665e-05
-6.09294e-05
-5.65338e-05
-5.24657e-05
-4.86982e-05
-4.52047e-05
-4.19588e-05
-3.89848e-05
-3.6185e-05
-3.20829e-05
-2.97688e-05
-2.76195e-05
-2.56248e-05
-2.37738e-05
-2.2056e-05
-2.04619e-05
-1.89826e-05
-1.76099e-05
-1.6344e-05
-1.51659e-05
0.00204424
0.00365908
0.00484555
0.00561508
0.00606834
0.00649913
0.00691453
0.00641664
0.00595464
0.00534179
0.00458914
0.00388194
0.00325569
0.00273825
0.00235137
0.00211252
0.00196046
0.00181935
0.00168839
0.00156686
0.00145408
0.00134942
0.00125229
0.00116215
0.00107851
0.00100088
0.000928837
0.000861983
0.00079994
0.000742364
0.000688932
0.000639346
0.000593329
0.000550625
0.000510995
0.000474218
0.000440088
0.000408414
0.000379021
0.000351744
0.00032643
0.000302939
0.000281139
0.000260908
0.000242133
0.00022471
0.000208541
0.000193537
0.000179612
0.00016669
0.000154698
0.00014357
0.000133241
0.000123653
0.000114755
0.000106496
9.88306e-05
9.1716e-05
8.51126e-05
7.89835e-05
7.32948e-05
6.80146e-05
6.31136e-05
5.85646e-05
5.43422e-05
5.04264e-05
4.67948e-05
4.34269e-05
4.03051e-05
3.74144e-05
3.47374e-05
0.00283357
0.00505677
0.00679715
0.00829181
0.00933341
0.0100675
0.0104391
0.00968772
0.00899036
0.00834318
0.00774256
0.00718517
0.00666791
0.00618787
0.00574238
0.00532897
0.00494531
0.00458926
0.00425885
0.00373514
0.00323356
0.00275362
0.00229993
0.00194743
0.00176912
0.00164174
0.00152354
0.00141384
0.00131205
0.00121758
0.00112992
0.00111263
0.00103252
0.000958178
0.000889189
0.000825167
0.000765755
0.00071062
0.000659456
0.000611975
0.000567912
0.000527023
0.000489077
0.000453863
0.000421185
0.00039086
0.000362718
0.000336602
0.000312367
0.000289878
0.00026901
0.000249636
0.000231653
0.00021496
0.000199465
0.000185095
0.000171766
0.000159399
0.00014792
0.00013727
0.000127387
0.000118215
0.000109705
0.000101807
9.44778e-05
8.76764e-05
8.13647e-05
7.55063e-05
7.00754e-05
0.00164697
0.00323849
0.00437488
0.00509712
0.00541039
0.00546777
0.00525379
0.00487549
0.00347567
0.00117077
-0.000991794
-0.00275111
-0.00358398
-0.00363583
-0.00337408
-0.00313117
-0.00290575
-0.00269656
-0.00250244
-0.00232228
-0.00230497
-0.00233072
-0.00225948
-0.00209682
-0.00194587
-0.00180579
-0.00167579
-0.00155515
-0.00144319
-0.0013393
-0.00124288
-0.00115341
-0.00107038
-0.00099332
-0.00118393
-0.00125852
-0.00117597
-0.00109131
-0.00101276
-0.000939854
-0.000872202
-0.000809422
-0.000751162
-0.000697098
-0.000646928
-0.00060037
-0.000557165
-0.000517072
-0.000479866
-0.00044534
-0.000413303
-0.000383544
-0.000355918
-0.000330269
-0.000306456
-0.000284346
-0.000263817
-0.000244756
-0.000227057
-0.000210621
-0.000195371
-0.000181263
-0.000168189
-0.000156075
-0.00014484
-0.00013451
-0.000124988
-0.000116216
-0.000107707
1.44482e-05
0.00102308
0.00162244
0.00179844
0.00177918
0.00174074
0.00168762
0.00143825
0.000989713
0.000468239
-3.773e-05
-0.000480255
-0.000824164
-0.001043
-0.00111635
-0.00103597
-0.000961387
-0.00089217
-0.000827937
-0.000768328
-0.000713011
-0.000661677
-0.000614038
-0.000569829
-0.000528804
-0.000490731
-0.0004554
-0.000422613
-0.000392186
-0.00036395
-0.000337747
-0.00031343
-0.000290864
-0.000269923
-0.000250489
-0.000232455
-0.000215719
-0.000200188
-0.000185775
-0.0001724
-0.000159988
-0.00014847
-0.00013778
-0.000127861
-0.000118655
-0.000110113
-0.000102185
-9.48286e-05
-8.80015e-05
-8.16659e-05
-7.57865e-05
-7.03297e-05
-6.5265e-05
-6.05642e-05
-5.6206e-05
-5.2164e-05
-4.84155e-05
-4.49396e-05
-4.17167e-05
-3.87286e-05
-3.59587e-05
-3.33807e-05
-3.09813e-05
-2.87498e-05
-2.66738e-05
-2.47417e-05
-2.29547e-05
-2.13018e-05
-1.97709e-05
-1.83515e-05
-1.70301e-05
0.00253868
0.00458262
0.00620171
0.00740816
0.00820875
0.00860582
0.00870444
0.0080777
0.00646732
0.00399812
0.000734734
-0.00274973
-0.0049387
-0.0062759
-0.00701093
-0.00710701
-0.0065954
-0.00638882
