0
-0.00312879
-0.00609696
-0.00737203
-0.00852429
-0.00914101
-0.0092088
-0.00881449
-0.00820134
-0.00782138
-0.00746178
-0.00722186
-0.00707928
-0.00701834
-0.00703696
-0.00713302
-0.00730393
-0.007547
-0.00785968
-0.00823957
-0.00868448
-0.00919244
-0.00976174
-0.01039
-0.011077
-0.0118197
-0.0126195
-0.0134773
-0.0143901
-0.0153576
-0.0163796
-0.0174562
-0.0185875
-0.0197742
-0.0210176
-0.0221693
-0.023253
-0.0242704
-0.0252207
-0.0261051
-0.0269236
-0.0276814
-0.0283727
-0.0290003
-0.0295644
-0.0300647
-0.0305023
-0.0308771
-0.0311892
-0.0314388
-0.031626
-0.0317507
-0.031813
-0.0318128
-0.03175
-0.0316242
-0.0314352
-0.0311828
-0.0308689
-0.0304876
-0.0300416
-0.0295305
-0.0289538
-0.0283107
-0.0276004
-0.0268219
-0.0259743
-0.0250564
-0.024067
-0.0230052
-0.0218731
-0.0206987
-0.0194737
-0.0183464
-0.0172873
-0.0162891
-0.0153474
-0.0144597
-0.0136237
-0.0128382
-0.0121018
-0.0114133
-0.0107718
-0.0101762
-0.0096256
-0.00911898
-0.00865544
-0.00823409
-0.00788481
-0.0076053
-0.00739484
-0.00725271
-0.00717819
-0.00717034
-0.00722839
-0.0073519
-0.00754054
-0.00779407
-0.00808354
-0.00840838
-0.00876859
-0.00916409
-0.00959494
-0.0100613
-0.0105634
-0.0111014
-0.0116758
-0.0122869
-0.0129352
-0.013621
-0.014345
-0.0151078
-0.0158769
-0.0163445
-0.016622
-0.0167605
-0.016786
-0.0167109
-0.0165677
-0.0163824
-0.0161718
-0.0159487
-0.0157249
-0.0156552
-0.0157854
-0.0160613
-0.0164544
-0.016878
-0.0173964
-0.0177439
-0.017971
-0.0180961
-0.0181428
-0.0181034
-0.0179731
-0.0178766
-0.0178205
-0.0177827
-0.0177122
-0.0176043
-0.0174466
-0.0176386
-0.0184562
-0.0190006
-0.0193632
-0.0195225
-0.0196565
-0.0197826
-0.019904
-0.0200227
-0.0201397
-0.0200022
-0.0198957
-0.0198723
-0.0198986
-0.0199512
-0.0200158
-0.0200833
-0.020049
-0.0199595
-0.019824
-0.019668
-0.0195089
-0.0193896
-0.0193246
-0.0192898
-0.0192718
-0.0192632
-0.0192599
-0.0192597
-0.0192613
-0.0192641
-0.0192674
-0.0192712
-0.0192751
-0.0192791
-0.0192831
-0.019287
-0.0192908
-0.0192945
-0.019298
-0.0193014
-0.0193045
-0.0193076
-0.0193107
-0.0193141
-0.0193177
-0.0193217
-0.0193263
-0.0193316
-0.0193377
-0.0193446
-0.0193527
-0.0193617
-0.0194073
-0.0194423
-0.0194837
-0.0195326
-0.0195889
-0.0196524
-0.0197222
-0.0197979
-0.0198755
-0.0199606
-0.019979
-0.0199997
-0.0200222
-0.0200461
-0.020071
-0.020095
-0.0201182
-0.0208241
-0.0221344
-0.0231364
-0.0239349
-0.0245179
-0.0248689
-0.0250742
-0.0252597
-0.0254011
-0.0252577
-0.0251864
-0.0252506
-0.0253217
-0.0253623
-0.0254101
-0.0254691
-0.0255433
-0.0256398
-0.0256504
-0.0256305
-0.0256827
-0.0256619
-0.0255908
-0.0254873
-0.0254196
-0.0253737
-0.0253403
-0.0253144
-0.025293
-0.0252746
-0.0252582
-0.0252432
-0.0252291
-0.0252157
-0.0252027
-0.0251901
-0.0251776
-0.0251653
-0.025153
-0.0251406
-0.0251281
-0.0251154
-0.0251027
-0.02509
-0.0250774
-0.0250649
-0.0250527
-0.0250409
-0.0250295
-0.0250187
-0.0250083
-0.0249986
-0.0249896
-0.0249814
-0.0249914
-0.0249946
-0.0249942
-0.0249931
-0.0249909
-0.0249886
-0.0249872
-0.0249866
-0.0249869
-0.0249883
-0.0249908
-0.0249945
-0.0249993
-0.0250053
-0.0250125
-0.025021
-0.0254562
-0.0259726
-0.0263487
-0.0265397
-0.0266129
-0.0265902
-0.0264976
-0.0263515
-0.0261791
-0.0258616
-0.0255964
-0.0254172
-0.0253356
-0.0254013
-0.0255454
-0.0257484
-0.025915
-0.0260948
-0.0261705
-0.0261735
-0.0261269
-0.0260477
-0.025948
-0.0258366
-0.0257722
-0.0257486
-0.0257468
-0.025756
-0.0257706
-0.0257874
-0.0258047
-0.0258215
-0.0258373
-0.0258518
-0.025865
-0.0258767
-0.0258869
-0.0258957
-0.0259031
-0.0259091
-0.0259138
-0.0259171
-0.0259193
-0.0259206
-0.0259211
-0.0259209
-0.0259202
-0.0259192
-0.0259179
-0.0259166
-0.0259153
-0.0259142
-0.0259134
-0.0259504
-0.0259653
-0.0259721
-0.0259766
-0.0259799
-0.0259827
-0.0259854
-0.0259884
-0.0259644
-0.025969
-0.0259414
-0.0259209
-0.0259076
-0.0259167
-0.02591
-0.0259127
-0.0259252
-0.0260851
-0.0262228
-0.0263064
-0.0263732
-0.026401
-0.026434
-0.0264503
-0.026449
-0.0264291
-0.0263857
-0.0263135
-0.0262022
-0.0260293
-0.026038
-0.0260378
-0.0260393
-0.0260418
-0.0260448
-0.026048
-0.0260514
-0.0260549
-0.0260584
-0.0260619
-0.0260653
-0.0260685
-0.0260715
-0.0260741
-0.0260764
-0.0260782
-0.0260796
-0.0260806
-0.0260809
-0.0260806
-0.0260796
-0.0260778
-0.0260753
-0.0260718
-0.0260676
-0.0260624
-0.0260563
-0.0260492
-0.0260413
-0.0260326
-0.0260232
-0.0260132
-0.0260028
-0.025992
-0.025981
-0.0259699
-0.0259587
-0.0259476
-0.0259366
-0.0259258
-0.0259153
-0.0259235
-0.0259246
-0.0259218
-0.025918
-0.0259122
-0.0259062
-0.0259009
-0.0258964
-0.0258929
-0.0258905
-0.0258892
-0.0258891
-0.0258903
-0.0258927
-0.0258966
-0.0259018
-0.0263442
-0.0268671
-0.02725
-0.0274483
-0.0275205
-0.0274538
-0.0273111
-0.027093
-0.0268193
-0.0266439
-0.0265601
-0.026558
-0.0266018
-0.0266873
-0.0268075
-0.0269674
-0.0270847
-0.0272304
-0.027281
-0.027266
-0.0272067
-0.0271188
-0.0270133
-0.026943
-0.0269097
-0.0268967
-0.0268945
-0.0268981
-0.0269047
-0.0269127
-0.0269213
-0.0269299
-0.0269383
-0.0269462
-0.0269536
-0.0269604
-0.0269665
-0.026972
-0.0269769
-0.026981
-0.0269845
-0.0269874
-0.0269897
-0.0269916
-0.0269934
-0.026995
-0.0269966
-0.0269984
-0.0270004
-0.0270029
-0.0270059
-0.0270096
-0.0270139
-0.0270566
-0.0270772
-0.0270886
-0.0270982
-0.027107
-0.0271154
-0.0271239
-0.0271329
-0.0271424
-0.0271527
-0.0271638
-0.0271292
-0.0271063
-0.0270953
-0.0271114
-0.027128
-0.0271461
-0.0273114
-0.0274541
-0.0274982
-0.027535
-0.0275604
-0.0275916
-0.0276062
-0.0276016
-0.0276012
-0.0276031
-0.0276061
-0.0276095
-0.0276129
-0.0276163
-0.0276195
-0.0276282
-0.0276366
-0.0276447
-0.0276525
-0.02766
-0.0276672
-0.0276741
-0.0276806
-0.0276868
-0.0276923
-0.027697
-0.0277005
-0.0277022
-0.0277022
-0.0276992
-0.0276913
-0.027677
-0.0276544
-0.0276214
-0.0275754
-0.0275133
-0.0274304
-0.0273081
-0.0272366
-0.0272139
-0.0272023
-0.02719
-0.027177
-0.0271646
-0.02716
-0.0271707
-0.0272062
-0.0272834
-0.027266
-0.027185
-0.027145
-0.0271356
-0.027148
-0.0272997
-0.0274763
-0.0276607
-0.0278251
-0.0279479
-0.0279874
-0.0279856
-0.0279735
-0.0279641
-0.0279551
-0.0279457
-0.0279364
-0.0279281
-0.0279212
-0.0279156
-0.0279114
-0.0279087
-0.028271
-0.0287332
-0.0290549
-0.0291926
-0.0292716
-0.0293455
-0.0294232
-0.029505
-0.0295218
-0.029567
-0.0296194
-0.0296654
-0.0296969
-0.0296637
-0.0295798
-0.0294686
-0.0293428
-0.02921
-0.0290753
-0.028942
-0.0288124
-0.0287173
-0.0286424
-0.0285747
-0.0285057
-0.0284298
-0.028343
-0.0282419
-0.0281236
-0.0279849
-0.0278233
-0.0276345
-0.0274084
-0.0272315
-0.0271013
-0.0270175
-0.0269798
-0.026988
-0.0270362
-0.027126
-0.0272589
-0.0274368
-0.0276112
-0.0277547
-0.0277952
-0.0277655
-0.0276896
-0.0276455
-0.0276295
-0.027629
-0.0276371
-0.0276501
-0.0277471
-0.027838
-0.0278962
-0.027922
-0.0279373
-0.0279497
-0.0279598
-0.0279683
-0.0279754
-0.0279964
-0.0280175
-0.0280427
-0.0280685
-0.028099
-0.0281286
-0.0281578
-0.028187
-0.0282163
-0.0286046
-0.0291624
-0.0295497
-0.0297304
-0.0297956
-0.0298405
-0.0298737
-0.029935
-0.0300226
-0.0300812
-0.030096
-0.0300712
-0.0300146
-0.0299342
-0.0298371
-0.0297352
-0.0296815
-0.0296542
-0.029641
-0.0296351
-0.029633
-0.0296327
-0.0296329
-0.029633
-0.0296327
-0.0296317
-0.0296299
-0.0296273
-0.0296237
-0.0296191
-0.0296137
-0.0296071
-0.0295994
-0.0295906
-0.0295806
-0.0295693
-0.0295568
-0.0295431
-0.0295281
-0.0295118
-0.0294943
-0.0294756
-0.0294557
-0.0294348
-0.0294131
-0.0293905
-0.0293674
-0.0293436
-0.0293194
-0.0292949
-0.0292701
-0.029245
-0.0292198
-0.0291948
-0.0291629
-0.0291178
-0.0290218
-0.0288326
-0.0285696
-0.0283095
-0.0281977
-0.0281511
-0.028138
-0.0281266
-0.0281168
-0.0281083
-0.0281015
-0.0280962
-0.0280926
-0.0280908
-0.0288005
-0.0296384
-0.0303294
-0.0308321
-0.0311251
-0.0312453
-0.0313382
-0.0314157
-0.0313315
-0.0313282
-0.0313643
-0.0314068
-0.0313913
-0.031333
-0.0312453
-0.0311387
-0.0310204
-0.0309191
-0.0308535
-0.0308085
-0.0307758
-0.0307506
-0.0307303
-0.0307133
-0.0306988
-0.0306862
-0.0306751
-0.0306654
-0.0306567
-0.0306492
-0.0306425
-0.0306366
-0.0306314
-0.0306266
-0.0306224
-0.0306185
-0.0306149
-0.0306115
-0.0306083
-0.0306053
-0.0306023
-0.0305994
-0.0305968
-0.0305944
-0.0305924
-0.0305908
-0.03059
-0.0305898
-0.0305905
-0.0305921
-0.0305948
-0.0305987
-0.0306037
-0.0306475
-0.0306706
-0.0306792
-0.0306783
-0.0306687
-0.030651
-0.0306259
-0.0305935
-0.0305543
-0.0305085
-0.0304561
-0.030397
-0.0303312
-0.0302924
-0.0302731
-0.0302715
-0.0302848
-0.0309794
-0.0322836
-0.033276
-0.0340776
-0.0346677
-0.0351385
-0.0353693
-0.035424
-0.035273
-0.0349463
-0.0346581
-0.0344573
-0.0343494
-0.0343073
-0.0343188
-0.0343888
-0.034519
-0.0347103
-0.0349629
-0.0352774
-0.0356577
-0.035923
-0.0360964
-0.036183
-0.036186
-0.0361258
-0.0360284
-0.0359066
-0.0357486
-0.0355468
-0.035295
-0.0349861
-0.0346658
-0.0345035
-0.0344022
-0.0343494
-0.0343418
-0.0343314
-0.0343191
-0.0343054
-0.0342909
-0.0342756
-0.0342597
-0.0342434
-0.0342268
-0.0342101
-0.0341932
-0.0341763
-0.0341595
-0.0341428
-0.0341264
-0.0341101
-0.0340942
-0.0341202
-0.0341269
-0.0341203
-0.034112
-0.0341024
-0.0340924
-0.0340824
-0.0340731
-0.0340648
-0.0340576
-0.0340516
-0.0340467
-0.0340432
-0.0340412
-0.0340407
-0.0340416
-0.0340441
-0.0345202
-0.0352611
-0.0360722
-0.036689
-0.0371005
-0.0372934
-0.0373377
-0.0372264
-0.0370154
-0.0366382
-0.036035
-0.0354519
-0.0349645
-0.0346298
-0.0344922
-0.0345073
-0.034609
-0.034767
-0.0349652
-0.0351962
-0.0354682
-0.0356314
-0.0356941
-0.0356934
-0.0356682
-0.0356266
-0.0355602
-0.0354614
-0.0353183
-0.0352274
-0.0351864
-0.0351944
-0.0352434
-0.0353369
-0.0354173
-0.0355148
-0.0355285
-0.0354856
-0.0354647
-0.0354587
-0.0354603
-0.0354658
-0.0354729
-0.0354808
-0.0354888
-0.0354968
-0.0355047
-0.0355127
-0.0355206
-0.0355288
-0.0355373
-0.0355463
-0.0356399
-0.035728
-0.0357837
-0.0358076
-0.0358099
-0.0358075
-0.0358013
-0.0357921
-0.0357807
-0.0357707
-0.0357879
-0.035806
-0.0358249
-0.0358449
-0.0358652
-0.0358862
-0.0359081
-0.035931
-0.0363163
-0.0368634
-0.03724
-0.0374097
-0.0374716
-0.0375142
-0.0375457
-0.0376092
-0.0376975
-0.0377583
-0.0377739
-0.0377495
-0.0376933
-0.0376136
-0.0375174
-0.037413
-0.0373582
-0.0373307
-0.0373179
-0.0373129
-0.0373118
-0.0373126
-0.0373142
-0.0373158
-0.0373172
-0.037318
-0.0373181
-0.0373174
-0.0373159
-0.0373137
-0.0373106
-0.0373065
-0.0373015
-0.0372954
-0.0372882
-0.0372799
-0.0372706
-0.0372601
-0.0372485
-0.0372357
-0.0372217
-0.0372067
-0.0371907
-0.0371738
-0.0371561
-0.0371378
-0.037119
-0.0370998
-0.0370802
-0.0370604
-0.0370406
-0.0370205
-0.0370006
-0.0369809
-0.0369723
-0.0369371
-0.0368748
-0.0367916
-0.036688
-0.0365644
-0.036421
-0.0363079
-0.0362214
-0.0361605
-0.0361236
-0.036109
-0.0361352
-0.0362037
-0.0363333
-0.0365457
-0.0374672
-0.0387329
-0.039835
-0.0407582
-0.0414785
-0.041983
-0.0422643
-0.0423713
-0.0422278
-0.0419139
-0.0413838
-0.0406199
-0.039674
-0.038933
-0.0383886
-0.0380252
-0.0378552
-0.0378836
-0.0378752
