0.0171984
0.00598925
0.00383758
0.00384583
-0.000350276
-0.000504979
-0.000497352
-0.00288634
-0.00286863
-0.00428785
-0.00424533
-0.00508104
-0.00579101
-0.00648517
-0.00716746
-0.00783642
-0.008491
-0.0091306
-0.00975716
-0.0103716
-0.0109749
-0.0115682
-0.0121527
-0.0126907
-0.0132363
-0.0136961
-0.0141785
-0.0146544
-0.0151252
-0.0155935
-0.0160617
-0.0165323
-0.0170077
-0.0174904
-0.0179835
-0.0184913
-0.0188001
-0.0192359
-0.0195717
-0.0199602
-0.0197857
-0.0196124
-0.0195109
-0.0194366
-0.0194161
-0.0192438
-0.0190727
-0.0189027
-0.0187338
-0.018566
-0.0183993
-0.0182338
-0.0180694
-0.0179061
-0.0177439
-0.0175829
-0.0174231
-0.0172643
-0.0171067
-0.0169502
-0.0167948
-0.0166405
-0.0164874
-0.0163353
-0.0161843
-0.0160344
-0.0158855
-0.0157377
-0.015591
-0.0154453
-0.0152911
-0.0151476
-0.0150053
-0.0148648
-0.0147259
-0.0145886
-0.0144529
-0.0143188
-0.0141862
-0.014055
-0.0139253
-0.0137971
-0.0136703
-0.0135448
-0.0134208
-0.0132981
-0.0131767
-0.0130567
-0.012938
-0.0128208
-0.0127049
-0.0125904
-0.0124773
-0.0123654
-0.0122548
-0.0121455
-0.0120375
-0.0119306
-0.0118249
-0.0117202
-0.0116166
-0.011514
-0.0114125
-0.011312
-0.0112125
-0.011114
-0.0110165
-0.0109199
-0.0108243
-0.0107297
-0.010636
-0.0105432
-0.0104512
-0.0103537
-0.0102576
-0.0101626
-0.0100684
-0.00997499
-0.00988269
-0.00979174
-0.00970222
-0.00961418
-0.00952761
-0.00944555
-0.00936384
-0.00928269
-0.00919464
-0.00911352
-0.00903339
-0.00895285
-0.00887366
-0.00879488
-0.00871675
-0.00863857
-0.0085615
-0.00848531
-0.00840984
-0.00833499
-0.00826065
-0.00818681
-0.00811324
-0.00807067
-0.00799573
-0.00793294
-0.00786956
-0.00780564
-0.00774376
-0.00768437
-0.00762777
-0.00757426
-0.00752414
-0.00746143
-0.00739464
-0.00732699
-0.00725642
-0.00718205
-0.00710385
-0.00702191
-0.00694202
-0.00686906
-0.00679924
-0.00673309
-0.00667109
-0.00661125
-0.00655193
-0.00649314
-0.00643486
-0.00637709
-0.00631983
-0.00626308
-0.00620683
-0.00615108
-0.00609582
-0.00604105
-0.00598677
-0.00593297
-0.00587965
-0.0058268
-0.00577442
-0.00572251
-0.00567106
-0.00562007
-0.00556953
-0.00551945
-0.00546981
-0.00542062
-0.00537187
-0.00532355
-0.00527566
-0.00522821
-0.00518118
-0.00513457
-0.00508837
-0.00504259
-0.00499726
-0.00495232
-0.0049078
-0.0048637
-0.00482001
-0.00477672
-0.00473384
-0.00469134
-0.00464923
-0.0046075
-0.00456604
-0.00452495
-0.00448423
-0.00444387
-0.00440387
-0.00436422
-0.00432494
-0.00428521
-0.00424508
-0.00424797
-0.00423718
-0.00421356
-0.0041803
-0.00413942
-0.00409423
-0.00404293
-0.00398427
-0.00393148
-0.00388396
-0.00384078
-0.00380016
-0.00376106
-0.00372336
-0.00368691
-0.00365162
-0.00361775
-0.00358436
-0.00355466
-0.00352498
-0.00349507
-0.00346464
-0.00343439
-0.00340434
-0.0033745
-0.00334487
-0.00331546
-0.00328625
-0.00325727
-0.0032285
-0.00319995
-0.00317161
-0.0031435
-0.00311561
-0.00308794
-0.0030605
-0.00303327
-0.00300627
-0.00297948
-0.00295292
-0.00292658
-0.00290046
-0.00287456
-0.00284887
-0.0028234
-0.00279815
-0.00277312
-0.00274829
-0.00272369
-0.00269929
-0.0026751
-0.00265113
-0.00262736
-0.0026038
-0.00258045
-0.0025573
-0.0025338
-0.00251083
-0.00248829
-0.00246595
-0.00244381
-0.00242186
-0.00240011
-0.00237854
-0.00235717
-0.00233599
-0.002315
-0.00229362
-0.00227283
-0.00224832
-0.00222622
-0.00220637
-0.00218779
-0.00216998
-0.0021524
-0.00213489
-0.00211725
-0.00209668
-0.00207509
-0.00205334
-0.0020317
-0.00201357
-0.00199563
-0.0019779
-0.0019604
-0.0019399
-0.00191975
-0.0019002
-0.00188147
-0.00186369
-0.00184696
-0.00183137
-0.00181607
-0.00180083
-0.00178565
-0.00177053
-0.00175548
-0.0017405
-0.00172559
-0.00171077
-0.00169603
-0.00168137
-0.00166681
-0.00165233
-0.00163795
-0.00162366
-0.00160946
-0.00159537
-0.00158137
-0.00156748
-0.00155368
-0.00153999
-0.0015264
-0.00151291
-0.00149952
-0.00148624
-0.00147307
-0.00145999
-0.00144702
-0.00143416
-0.0014214
-0.00140876
-0.0013962
-0.00138375
-0.0013714
-0.00135916
-0.00134702
-0.00133499
-0.00132306
-0.00131121
-0.00129948
-0.00128783
-0.00127628
-0.00126484
-0.00125351
-0.00124227
-0.00123113
-0.00122009
-0.00121072
-0.00120081
-0.00118988
-0.00117878
-0.00116783
-0.00115695
-0.00114631
-0.0011359
-0.00112561
-0.00111543
-0.00110533
-0.00109532
-0.00108543
-0.0010756
-0.0010659
-0.00105629
-0.00104677
-0.00103733
-0.00102798
-0.00101872
-0.00100954
-0.00100044
-0.000991431
-0.000982499
-0.000973649
-0.000964878
-0.000956187
-0.000947575
-0.000939041
-0.000930584
-0.000922203
-0.000913898
-0.000905669
-0.000897513
-0.000889432
-0.000881423
-0.000873487
-0.000865623
-0.000857829
-0.000850106
-0.000842453
-0.000834868
-0.000827353
-0.000819904
-0.000812523
-0.000805209
-0.000797961
-0.000790778
-0.000783659
-0.000776605
-0.000769615
-0.000762687
-0.000755822
-0.000749018
-0.000742277
-0.000735596
-0.000728975
-0.000722414
-0.000715191
-0.00070821
-0.000701835
-0.000695518
-0.000689258
-0.000683054
-0.000676907
-0.000670814
-0.000664777
-0.000658793
-0.000652864
-0.000647143
-0.000641251
-0.000638431
-0.000635473
-0.000632062
-0.0006283
-0.000623653
-0.000619018
-0.000614418
-0.000609634
-0.000604361
-0.000598981
-0.000593354
-0.000585904
-0.000580276
-0.000574687
-0.000569141
-0.000563647
-0.000551494
-0.000540028
-0.00052984
-0.00052136
-0.0005149
-0.000510692
-0.000507097
-0.000503463
-0.000499794
-0.000496096
-0.000492374
-0.000488632
-0.000484874
-0.000481104
-0.000477325
-0.000473541
-0.000469753
-0.000465966
-0.00046218
-0.0004584
-0.000454626
-0.000450861
-0.000447106
-0.000443363
-0.000439633
-0.000435919
-0.00043222
-0.000428538
-0.000424874
-0.00042123
-0.000417605
-0.000414
-0.000410418
-0.000406856
-0.000403318
-0.000399802
-0.000396314
-0.000392845
-0.0003894
-0.00038598
-0.000382584
-0.000379214
-0.000375869
-0.000372549
-0.000369255
-0.000365986
-0.000362743
-0.000359511
-0.000356313
-0.000353142
-0.000350001
-0.000346886
-0.000343801
-0.000344224
-0.000343514
-0.000340116
-0.000336565
-0.000333028
-0.000329162
-0.000325536
-0.000322413
-0.000319335
-0.000316298
-0.000313299
-0.000310338
-0.000307414
-0.000304526
-0.000301672
-0.000298853
-0.000296067
-0.000293313
-0.00029059
-0.000287898
-0.000285235
-0.000282602
-0.000279996
-0.000277419
-0.000274869
-0.000272346
-0.000269849
-0.000267378
-0.000264931
-0.000262509
-0.000260112
-0.000257737
-0.000255385
-0.000253055
-0.000250746
-0.000248458
-0.00024619
-0.000243939
-0.000241717
-0.000239523
-0.000237351
-0.000235201
-0.00023307
-0.00023096
-0.000228871
-0.000226804
-0.000224759
-0.000222738
-0.000220724
-0.000218722
-0.000216743
-0.000214786
-0.000212846
-0.000210961
-0.000209081
-0.000207208
-0.000205348
-0.000203505
-0.000201671
-0.000191456
-0.000181784
-0.000180143
-0.000178518
-0.000176907
-0.000174337
-0.000171939
-0.000169701
-0.000167558
-0.000165534
-0.000168696
-0.000175853
-0.000183248
-0.000187729
-0.000188491
-0.00018829
-0.000188213
-0.000188292
-0.000188345
-0.000186319
-0.000179295
-0.000167361
-0.000150411
-0.000128633
-0.000110659
-9.53457e-05
-8.2736e-05
-7.30305e-05
-6.64002e-05
-6.29903e-05
-6.29256e-05
-6.63159e-05
-7.15233e-05
-7.62564e-05
-8.05884e-05
-8.45432e-05
-8.81432e-05
-9.14094e-05
-9.43619e-05
-9.70199e-05
-9.94018e-05
-0.000101525
-0.000103407
-0.000105063
-0.000106517
-0.000107787
-0.000108885
-0.000109818
-0.000110609
-0.000111268
-0.000111805
-0.000112231
-0.000112555
-0.00011278
-0.000105841
-0.000100637
-9.80059e-05
-9.85537e-05
-9.94695e-05
-0.000100247
-0.000100898
-0.000101431
-0.000101855
-0.000102196
-0.000102434
-0.000102584
-0.000102652
-0.000102648
-0.000102578
-0.000102447
-0.000102261
-0.000102023
-0.00010174
-0.000101414
-0.000101035
-0.000100633
-0.0001002
-9.97333e-05
-9.92389e-05
-9.87189e-05
-9.81526e-05
-0.000101756
-0.000118245
-0.000127144
-0.000128437
-0.000126024
-0.000123147
-0.000119919
-0.000114284
-0.000106709
-9.88702e-05
-9.17061e-05
-8.56513e-05
-8.09569e-05
-7.77826e-05
-7.62608e-05
-7.64448e-05
-7.65644e-05
-7.66247e-05
-7.66305e-05
-7.6586e-05
-7.64955e-05
-7.63626e-05
-7.61909e-05
-7.59835e-05
-7.57435e-05
-7.54736e-05
-7.51764e-05
-7.48543e-05
-7.45096e-05
-7.41441e-05
-7.376e-05
-7.33588e-05
-7.29423e-05
-7.25119e-05
-7.2069e-05
-7.16149e-05
-7.11509e-05
-7.06779e-05
-7.01972e-05
-6.97094e-05
-6.92157e-05
-6.87167e-05
-6.82132e-05
-6.77059e-05
-6.71954e-05
-6.66823e-05
-6.61672e-05
-6.56505e-05
-6.51328e-05
-6.46144e-05
-6.40957e-05
-6.35772e-05
-6.3059e-05
-6.25416e-05
-6.2025e-05
-6.15057e-05
-6.09864e-05
-6.04618e-05
-6.33027e-05
-6.27451e-05
-6.22196e-05
-6.16839e-05
-6.11537e-05
-6.06266e-05
-6.01025e-05
-5.95815e-05
-5.90638e-05
-5.85495e-05
-5.80386e-05
-5.65086e-05
-5.59701e-05
-8.01337e-05
-0.000100356
-0.000116966
-0.000129904
-0.000140087
-0.000151408
-0.0001641
-0.000160183
-0.000154755
-0.000145044
-0.000131294
-0.000117441
-0.000104509
-9.34866e-05
-8.51088e-05
-7.96895e-05
-7.60092e-05
-7.25754e-05
-6.93704e-05
-6.6378e-05
-6.3583e-05
-6.09713e-05
-5.85299e-05
-5.62468e-05
-5.41107e-05
-5.21111e-05
-5.02385e-05
-4.84837e-05
-4.68385e-05
-4.52952e-05
-4.38465e-05
-4.24858e-05
-4.12069e-05
-4.0004e-05
-3.88719e-05
-3.78056e-05
-3.68004e-05
-3.58522e-05
-3.4957e-05
-3.4111e-05
-3.33109e-05
-3.25535e-05
-3.18359e-05
-3.11553e-05
-3.05092e-05
-2.98953e-05
-2.93113e-05
-2.87553e-05
-2.82253e-05
-2.77196e-05
-2.72366e-05
-2.67748e-05
-2.63325e-05
-2.59091e-05
-2.5503e-05
-2.5113e-05
-2.47382e-05
-2.43775e-05
-2.40302e-05
-2.36953e-05
-2.33722e-05
-2.306e-05
-2.27582e-05
-2.2466e-05
-2.2183e-05
-2.19083e-05
-2.16414e-05
-2.13819e-05
-2.11398e-05
-2.08872e-05
-2.06381e-05
-7.07922e-05
-0.000106654
-0.000130982
-0.000147725
-0.000154
-0.000152815
-0.000144206
-0.000124415
-0.000107724
-9.38558e-05
-8.24349e-05
-7.25033e-05
-6.36966e-05
-5.59049e-05
-4.90213e-05
-4.29472e-05
-3.75933e-05
-3.28805e-05
-2.8742e-05
-2.44457e-05
-2.07206e-05
-1.75734e-05
-1.50001e-05
-1.32318e-05
-1.23382e-05
-1.16852e-05
-1.10804e-05
-1.05182e-05
-9.99316e-06
-9.50013e-06
-9.0407e-06
-8.91177e-06
-8.49126e-06
-8.06368e-06
-7.67232e-06
-7.30743e-06
-6.96712e-06
-6.64962e-06
-6.35332e-06
-6.07671e-06
-5.81839e-06
-5.57705e-06
-5.35151e-06
-5.14062e-06
-4.94336e-06
-4.75877e-06
-4.58593e-06
-4.42404e-06
-4.2723e-06
-4.13e-06
-3.99649e-06
-3.8736e-06
-3.75471e-06
-3.64256e-06
-3.53752e-06
-2.10171e-06
-9.79701e-07
-1.66825e-07
-1.12779e-07
-6.3226e-08
-1.76935e-08
2.41176e-08
6.25859e-08
9.78656e-08
1.30034e-07
1.59515e-07
1.86506e-07
2.34094e-08
6.8296e-08
-7.94971e-06
-1.72533e-05
-2.56649e-05
-3.31351e-05
-3.91656e-05
-4.41815e-05
-4.74006e-05
-4.84891e-05
-3.66151e-05
-1.10363e-05
1.58232e-05
3.85561e-05
4.96418e-05
5.04193e-05
4.69185e-05
4.35993e-05
4.0451e-05
3.74678e-05
3.46454e-05
3.19791e-05
3.14346e-05
3.15013e-05
3.02396e-05
2.77359e-05
2.54037e-05
2.32342e-05
2.12193e-05
1.9352e-05
1.76144e-05
1.60341e-05
1.45583e-05
1.31834e-05
1.19018e-05
1.07109e-05
1.31869e-05
1.40746e-05
1.28341e-05
1.15764e-05
1.04121e-05
9.33457e-06
8.33749e-06
7.41506e-06
6.56188e-06
5.77294e-06
5.04361e-06
4.36957e-06
3.74682e-06
3.17165e-06
2.6406e-06
2.15049e-06
1.69839e-06
1.26901e-06
8.79642e-07
5.22704e-07
1.96759e-07
-1.01023e-07
-3.7467e-07
-6.25853e-07
-8.56134e-07
-1.06704e-06
-1.26011e-06
-1.43966e-06
-1.60362e-06
-1.75312e-06
-1.88955e-06
-2.01265e-06
-2.12378e-06
-2.22384e-06
-2.3395e-06
-3.96206e-06
-1.72072e-05
-2.43332e-05
-2.54594e-05
-2.38878e-05
-2.19441e-05
-1.97243e-05
-1.60559e-05
-1.1199e-05
-6.30562e-06
-2.04701e-06
1.33939e-06
3.75314e-06
5.1592e-06
5.53719e-06
4.9002e-06
4.328e-06
3.799e-06
3.31007e-06
2.8583e-06
2.441e-06
2.05568e-06
1.70003e-06
1.37187e-06
1.06924e-06
7.90258e-07
5.3322e-07
2.96528e-07
7.86993e-08
-1.21639e-07
-3.05763e-07
-4.74855e-07
-6.30013e-07
-7.72258e-07
-9.02533e-07
-1.02172e-06
-1.13062e-06
-1.23001e-06
-1.32057e-06
-1.40297e-06
-1.47779e-06
-1.54561e-06
-1.60695e-06
-1.66227e-06
-1.71204e-06
-1.75666e-06
-1.79653e-06
-1.83199e-06
-1.86338e-06
-1.89101e-06
-1.91516e-06
-1.9361e-06
-1.95408e-06
-1.96931e-06
-1.98171e-06
-1.99031e-06
-1.99529e-06
-1.99711e-06
-1.99596e-06
-1.99199e-06
-1.98538e-06
-1.9795e-06
-1.9741e-06
-1.96916e-06
-1.96462e-06
-1.96039e-06
-1.95734e-06
-1.95568e-06
-1.95652e-06
-1.96203e-06
-1.92997e-06
-2.10483e-05
-3.71577e-05
-5.14232e-05
-6.41117e-05
-7.51806e-05
-8.42834e-05
-9.18317e-05
-9.12504e-05
-7.64243e-05
-4.79239e-05
-5.87305e-06
4.20293e-05
7.18742e-05
8.92856e-05
9.78277e-05
9.71809e-05
8.81385e-05
8.34609e-05
