0
-0.00312879
-0.00609696
-0.00737203
-0.00852429
-0.00914101
-0.0092088
-0.00881449
-0.00820134
-0.00782138
-0.00746178
-0.00722186
-0.00707928
-0.00701834
-0.00703696
-0.00713302
-0.00730393
-0.007547
-0.00785968
-0.00823957
-0.00868448
-0.00919244
-0.00976174
-0.01039
-0.011077
-0.0118197
-0.0126195
-0.0134773
-0.0143901
-0.0153576
-0.0163796
-0.0174561
-0.0185871
-0.0197729
-0.0210142
-0.0221621
-0.0232398
-0.0242483
-0.0251859
-0.026053
-0.0268488
-0.0275776
-0.0282327
-0.0288159
-0.0293268
-0.0297643
-0.0301288
-0.0304196
-0.0306364
-0.0307788
-0.0308465
-0.030839
-0.0307561
-0.0305974
-0.0303624
-0.0300508
-0.0296621
-0.0291957
-0.0286538
-0.0280301
-0.0273275
-0.0265455
-0.0256836
-0.024741
-0.0237171
-0.0226108
-0.0214213
-0.0201476
-0.0187887
-0.0173436
-0.0158148
-0.0142301
-0.0125819
-0.0110184
-0.00951029
-0.00805057
-0.00663518
-0.00526158
-0.00392808
-0.00263344
-0.00137666
-0.000156911
0.00102658
0.00217452
0.00328758
0.00436638
0.00541155
0.00642365
0.00737247
0.00825998
0.00908655
0.00985256
0.0105584
0.0112047
0.0117921
0.012321
0.0127915
0.0132041
0.0135878
0.0139434
0.0142711
0.0145712
0.0148439
0.0150898
0.0153089
0.0155018
0.0156686
0.0158098
0.0159255
0.0160161
0.0160819
0.016123
0.0161728
0.0165397
0.017113
0.0178419
0.0187011
0.0196782
0.0207409
0.0218632
0.0230284
0.0242234
0.0254364
0.0265122
0.0274046
0.0281673
0.0288285
0.0294742
0.0300394
0.0307891
0.0316724
0.0326699
0.0337571
0.0349411
0.0362255
0.0374847
0.0387109
0.0399253
0.0411777
0.0424716
0.0438183
0.0448174
0.0451928
0.0458436
0.0466787
0.0477197
0.0487887
0.0498685
0.0509559
0.052049
0.0531467
0.0545019
0.0558291
0.057076
0.058276
0.0594526
0.0606196
0.0617863
0.0630571
0.0643852
0.0657612
0.0671595
0.0685624
0.0699268
0.0712382
0.0725207
0.0737877
0.0750467
0.076302
0.0775562
0.0788106
0.0800662
0.081324
0.0825847
0.0838489
0.0851174
0.086391
0.0876702
0.0889559
0.0902489
0.0915498
0.0928596
0.0941788
0.0955082
0.096848
0.0981986
0.0995601
0.100933
0.102316
0.10371
0.105114
0.106528
0.107952
0.109385
0.110791
0.112217
0.113645
0.115073
0.116501
0.117927
0.119352
0.120776
0.122201
0.123621
0.125109
0.126594
0.128077
0.129555
0.131028
0.132497
0.13396
0.134732
0.134892
0.135354
0.136012
0.136879
0.137973
0.139206
0.140455
0.141742
0.143309
0.1448
0.146151
0.147491
0.148857
0.150212
0.151552
0.152874
0.154168
0.155545
0.156949
0.158277
0.159674
0.161117
0.162588
0.164021
0.165428
0.166819
0.1682
0.169573
0.170942
0.172307
0.17367
0.17503
0.176391
0.177751
0.179113
0.180477
0.181844
0.183215
0.18459
0.185972
0.18736
0.188756
0.190159
0.191571
0.192992
0.194421
0.195859
0.197306
0.198762
0.200226
0.201698
0.203178
0.204666
0.206142
0.207632
0.209132
0.210638
0.21215
0.213667
0.215185
0.216706
0.218226
0.219746
0.221263
0.222778
0.224288
0.225792
0.227289
0.228778
0.229831
0.230796
0.231893
0.233168
0.234555
0.236031
0.237571
0.239159
0.240768
0.242518
0.24421
0.245811
0.247311
0.248659
0.249924
0.251126
0.252361
0.253578
0.254896
0.256282
0.257713
0.259173
0.26065
0.262134
0.263567
0.264956
0.26632
0.267669
0.269011
0.270348
0.271683
0.273016
0.274351
0.275686
0.277023
0.278363
0.279707
0.281056
0.282409
0.283769
0.285136
0.28651
0.287893
0.289284
0.290685
0.292095
0.293515
0.294944
0.296382
0.29783
0.299286
0.300751
0.302224
0.303667
0.30514
0.306628
0.308124
0.309627
0.311135
0.312647
0.314162
0.315707
0.317224
0.318773
0.320314
0.321846
0.323353
0.32487
0.326373
0.327858
0.329187
0.330531
0.331922
0.333322
0.334754
0.336175
0.337607
0.33905
0.340507
0.341983
0.343483
0.345016
0.346608
0.348013
0.349423
0.350827
0.352226
0.35362
0.35501
0.356396
0.357778
0.359156
0.360529
0.361899
0.363265
0.364627
0.365987
0.367344
0.368698
0.370051
0.371402
0.372753
0.374103
0.375454
0.376806
0.378161
0.379519
0.38088
0.382246
0.383618
0.384997
0.386383
0.387777
0.389179
0.39059
0.392011
0.39344
0.394879
0.396328
0.397785
0.399252
0.400727
0.40221
0.4037
0.40518
0.406673
0.408177
0.409687
0.411204
0.412725
0.414248
0.415773
0.417298
0.418823
0.420345
0.421864
0.423378
0.424886
0.426388
0.42788
0.428927
0.429886
0.430977
0.432246
0.433634
0.435154
0.436745
0.438406
0.440116
0.441724
0.443235
0.44466
0.446035
0.447363
0.448653
0.449898
0.451182
0.452434
0.453777
0.455181
0.456626
0.458095
0.459578
0.461021
0.462423
0.463802
0.465166
0.466521
0.467871
0.469217
0.470561
0.471903
0.473245
0.474587
0.47593
0.477276
0.478624
0.479975
0.481332
0.482693
0.484061
0.485436
0.486819
0.48821
0.48961
0.491018
0.492436
0.493862
0.495297
0.496741
0.498193
0.499654
0.501122
0.502559
0.504026
0.505509
0.507
0.508498
0.51
0.511507
0.513016
0.514527
0.516038
0.517549
0.519105
0.520646
0.522173
0.523668
0.525156
0.526636
0.52796
0.529299
0.530729
0.532159
0.533594
0.535016
0.53645
0.537897
0.539334
0.540765
0.542189
0.543609
0.545023
0.546434
0.54784
0.549237
0.55063
0.55202
0.553405
0.554787
0.556165
0.55754
0.55891
0.560277
0.561641
0.563001
0.56436
0.565717
0.567074
0.568431
0.569791
0.571156
0.572529
0.573912
0.575308
0.576723
0.57816
0.579639
0.581072
0.582461
0.583844
0.585234
0.586632
0.588037
0.589443
0.590842
0.592226
0.593577
0.595031
0.596559
0.598054
0.599527
0.600987
0.602316
0.603627
0.604937
0.606273
0.607657
0.609128
0.610645
0.612175
0.613705
0.615236
0.616767
0.618298
0.619825
0.621347
0.622864
0.624373
0.625873
0.627
0.62802
0.629172
0.630501
0.631882
0.633262
0.634633
0.635994
0.637414
0.638801
0.640176
0.641553
0.642939
0.644386
0.64588
0.647397
0.648924
0.650455
0.651983
0.653505
0.65502
0.656497
0.657948
0.659389
0.660827
0.662269
0.663718
0.665178
0.666652
0.668145
0.669659
0.671199
0.672775
0.674302
0.675783
0.677218
0.67861
0.67996
0.681272
0.682548
0.683787
0.684987
0.686198
0.687447
0.688808
0.690248
0.691742
0.693215
0.694668
0.696115
0.697562
0.699013
0.700388
0.701778
0.703207
0.704676
0.706161
0.707655
0.709156
0.710662
0.712174
0.713673
0.715174
0.71667
0.718165
0.719654
0.72114
0.722621
0.724097
0.725566
0.726667
0.727591
0.728677
0.729963
0.731358
0.732767
0.734182
0.735563
0.736913
0.738287
0.739699
0.741147
0.742622
0.744116
0.745623
0.74713
0.748586
0.75001
0.751417
0.752812
0.7542
0.755581
0.756958
0.758331
0.7597
0.761067
0.762431
0.763792
0.765152
0.766511
0.767869
0.769226
0.770584
0.771943
0.773303
0.774667
0.776033
0.777404
0.77878
0.780163
0.781552
0.782948
0.784353
0.785767
0.78719
0.788623
0.790065
0.791517
0.792978
0.794449
0.795929
0.797418
0.798916
0.800421
0.80194
0.80348
0.805077
0.806772
0.808546
0.810321
0.811951
0.813518
0.815053
0.816586
0.818117
0.819644
0.821167
0.822683
0.824192
0.825691
0.826471
0.827115
0.827897
0.828862
0.830029
0.831363
0.832718
0.834083
0.835604
0.83704
0.838431
0.839811
0.841245
0.842717
0.844215
0.845727
0.847247
0.848745
0.850204
0.851639
0.853057
0.854463
0.855861
0.857251
0.858634
0.860012
0.861385
0.862754
0.864119
0.865481
0.86684
0.868196
0.869552
0.870907
0.872262
0.873617
0.874975
0.876336
0.8777
0.879069
0.880444
0.881824
0.883212
0.884607
0.886011
0.887422
0.888842
0.89027
0.891707
0.893152
0.894604
0.896064
0.897532
0.898968
0.900433
0.901919
0.90342
0.904936
0.906465
0.908005
0.909555
0.911115
0.912683
0.914257
0.915837
0.917422
0.918976
0.920506
0.922013
0.923497
0.924292
0.924469
0.924951
0.925616
0.926486
0.927469
0.928687
0.930074
0.931663
0.933422
0.935137
0.936761
0.938287
0.939743
0.941141
0.942477
0.943748
0.944954
0.946095
0.94717
0.948175
0.949291
0.950494
0.951781
0.953147
0.954573
0.956032
0.957513
0.959027
0.960583
0.962187
0.963847
0.965517
0.96703
0.968482
0.969887
0.971248
0.972616
0.97399
0.975369
0.976755
0.978148
0.979549
0.980958
0.982376
0.983803
0.985239
0.986684
0.988138
0.989601
0.991073
0.992553
0.994041
0.995495
0.996976
0.998478
0.999987
1.0015
1.00302
1.00455
1.00608
1.0076
1.00913
1.01066
1.01219
1.01371
1.01523
1.01674
1.01824
1.01974
1.02075
1.02149
1.02215
1.023
1.02405
1.02531
1.02672
1.02827
1.02992
1.03173
1.03376
1.03577
1.03767
1.03942
1.04097
1.04236
1.04366
1.0449
1.04609
1.04725
1.04836
1.04958
1.0509
1.05227
1.05366
1.05507
1.0565
1.05796
1.05946
1.0609
1.0623
1.06364
1.06494
1.0662
1.06747
1.06872
1.07006
1.07146
1.07284
1.07422
1.07559
1.07696
1.07834
1.07972
1.08111
1.08252
1.08393
1.08535
1.08678
1.08821
1.08966
1.09112
1.0925
1.09389
1.09532
1.09679
1.09829
1.0998
1.10131
1.10284
1.10437
1.1059
1.1074
1.10891
1.11041
1.11191
1.1134
1.11489
1.11638
1.11785
1.11896
1.11989
1.12099
1.12228
1.12368
1.12509
1.12651
1.12789
1.12924
1.13061
1.13202
1.13347
1.13494
1.13644
1.13794
1.13945
1.14091
1.14233
1.14374
1.14513
1.14652
1.1479
1.14928
1.15065
1.15202
1.15338
1.15474
1.1561
1.15746
1.15882
1.16017
1.16153
1.16288
1.16424
1.1656
1.16696
1.16832
1.16969
1.17106
1.17244
1.17382
1.17522
1.17662
1.17803
1.17945
1.18088
1.18231
1.18376
1.18522
1.18668
1.18816
1.18964
1.19113
1.19263
1.19413
1.19566
1.19722
1.19881
1.20043
1.20207
1.20373
1.20536
1.20697
1.20855
1.21011
1.21164
1.21313
1.21458
1.21595
1.21724
1.2178
1.21802
1.21839
1.21894
1.21968
1.22062
1.22179
1.22313
1.22471
1.22645
1.22841
1.2306
1.23296
1.23512
1.23707
1.23884
1.24041
1.24178
1.24318
