-0.0355023
-0.0302542
-0.0229345
-0.019447
-0.0194624
-0.0194782
-0.0194966
-0.0202144
-0.0201704
-0.0203714
-0.0203508
-0.0203432
-0.0203332
-0.0203214
-0.0203092
-0.0202976
-0.0202871
-0.0202777
-0.0202696
-0.0202628
-0.020257
-0.0202524
-0.0202488
-0.020246
-0.0202441
-0.0202427
-0.0202419
-0.0202502
-0.0202579
-0.0202652
-0.0202721
-0.0202785
-0.0202845
-0.0202901
-0.0202952
-0.0202993
-0.0203036
-0.0203076
-0.0203117
-0.0203155
-0.0203192
-0.020332
-0.0203354
-0.0203386
-0.0203416
-0.0203443
-0.0203468
-0.0203491
-0.0203511
-0.0203528
-0.0203542
-0.0203554
-0.0203563
-0.0203569
-0.0203573
-0.0203575
-0.0203575
-0.0203572
-0.0203582
-0.0203571
-0.0203559
-0.0203548
-0.0203536
-0.0203523
-0.0203509
-0.0203495
-0.0203481
-0.0203467
-0.0203453
-0.0203437
-0.0195405
-0.0159447
-0.0106714
-0.00473238
0.00133477
0.00725296
0.0128864
0.0181757
0.0231029
0.0276716
0.0318962
0.0357961
0.0393928
0.0427077
0.0457617
0.0485746
0.0511648
0.0535496
0.0557439
0.0577624
0.0596181
0.0613232
0.0628899
0.0643286
0.0656494
0.0668611
0.0679723
0.0689907
0.0699248
0.0707813
0.0715663
0.0722854
0.072944
0.0735469
0.0740985
0.0746032
0.0750648
0.075487
0.0758731
0.0762263
0.0765497
0.0768459
0.0771206
0.0779372
0.0784793
0.0788707
0.0791775
0.0794348
0.0796189
0.0797304
0.0797812
0.079725
0.0796079
0.0796072
0.0796059
0.0796044
0.079607
0.0795935
0.0795995
0.0797197
0.0797196
0.079716
0.0796922
0.0796922
0.0796505
0.0796496
0.0796496
0.0796496
0.0796497
0.0796497
-0.0196113
-0.0195817
-0.0195135
-0.0171832
-0.0127066
-0.00609956
0.00260183
0.0134027
0.02631
0.0413255
0.0584418
0.0759414
0.0910451
0.103633
0.113667
0.121138
0.12605
0.128413
0.130648
0.133376
0.136314
0.139235
0.142022
0.144673
0.147188
0.149545
0.151737
0.153766
0.15564
0.157368
0.158959
0.160424
0.161773
0.163014
0.164155
0.165206
0.166172
0.167061
0.167878
0.16863
0.169322
0.169958
0.170543
0.171082
0.171577
0.172032
0.17245
0.172835
0.173189
0.173515
0.173814
0.173977
0.17407
0.174121
0.174121
0.174121
0.174121
0.17412
0.174121
0.174121
0.174121
0.17412
0.17412
0.174121
0.174121
0.17412
0.17412
0.17412
0.17412
0.17412
0.0784895
0.0785148
0.0792369
0.0826503
0.088609
0.0970962
0.108112
0.121636
0.137643
0.155393
0.170469
0.182597
0.191696
0.19793
0.203764
0.209192
0.214218
0.218859
0.223138
0.22712
0.230836
0.234339
0.2375
0.24036
0.242948
0.245351
0.247575
0.249629
0.251523
0.253268
0.254874
0.256352
0.257713
0.258965
0.260117
0.261176
0.262151
0.263048
0.263873
0.264632
0.265331
0.265973
0.266564
0.267108
0.267608
0.268068
0.268491
0.26888
0.269238
0.269568
0.269871
0.270037
0.270131
0.270184
0.270214
0.270214
0.270214
0.270214
0.270214
0.270213
0.270213
0.270213
0.270213
0.270214
0.270214
0.270214
0.270214
0.270214
0.270214
0.270214
0.170855
0.170846
0.174281
0.179997
0.187893
0.197913
0.210038
0.22426
0.240571
0.256758
0.270611
0.281936
0.290699
0.296888
0.302363
0.30763
0.312601
0.317345
0.321932
0.326089
0.32986
0.333281
0.336386
0.339204
0.341759
0.344137
0.346353
0.348409
0.350309
0.352062
0.353677
0.355164
0.356533
0.357793
0.358953
0.360019
0.361001
0.361904
0.362734
0.363498
0.364201
0.364848
0.365443
0.36599
0.366494
0.366957
0.367383
0.367775
0.368136
0.368468
0.368773
0.36894
0.369035
0.369088
0.369088
0.369087
0.369087
0.369087
0.369087
0.369087
0.369087
0.369087
0.369088
0.369088
0.369088
0.369088
0.369088
0.369088
0.369088
0.369088
0.270006
0.274712
0.282776
0.293706
0.307273
0.321416
0.334019
0.345375
0.355686
0.365116
0.373765
0.381705
0.389002
0.395837
0.402004
0.407665
0.412873
0.417664
0.422072
0.426127
0.429858
0.43329
0.436448
0.439352
0.442025
0.444483
0.446745
0.448826
0.45074
0.452501
0.454121
0.455611
0.456982
0.458243
0.459403
0.460471
0.461453
0.462356
0.463187
0.463951
0.464654
0.465301
0.465896
0.466443
0.466947
0.46741
0.467836
0.468228
0.468588
0.468919
0.469224
0.469391
0.469486
0.469539
0.469569
0.469568
0.469568
0.469568
0.469568
0.469568
0.469568
0.469568
0.469568
0.469568
0.469568
0.469568
0.469568
0.469568
0.469568
0.469568
0.369218
0.369209
0.372646
0.378366
0.386265
0.396289
0.408427
0.422663
0.438991
0.45516
0.468922
0.480179
0.488888
0.495043
0.500596
0.505902
0.510892
0.51563
0.520177
0.524307
0.528059
0.531466
0.53456
0.537369
0.539971
0.542391
0.544631
0.5467
0.548607
0.550364
0.551982
0.553471
0.554842
0.556103
0.557263
0.55833
0.559312
0.560215
0.561047
0.561811
0.562514
0.563161
0.563757
0.564304
0.564808
0.565271
0.565698
0.56609
0.566451
0.566782
0.567088
0.567255
0.56735
0.567403
0.567402
0.567402
0.567402
0.567402
0.567402
0.567402
0.567402
0.567402
0.567402
0.567402
0.567402
0.567403
0.567403
0.567403
0.567403
0.567403
0.469336
0.474039
0.482101
0.493039
0.506609
0.520824
0.533481
0.544879
0.555223
0.564669
0.57332
0.581257
0.588546
0.595245
0.601405
0.607069
0.612279
0.617072
0.62148
0.625536
0.629266
0.632698
0.635856
0.638761
0.641433
0.643891
0.646153
0.648234
0.650148
0.651909
0.65353
0.65502
0.656392
0.657654
0.658816
0.659885
0.660869
0.661774
0.662609
0.663375
0.664078
0.664725
0.66532
0.665867
0.66637
0.666833
0.667259
0.667651
0.668011
0.668343
0.668648
0.668815
0.668908
0.668924
0.668924
0.668923
0.668923
0.668923
0.668922
0.66892
0.668917
0.668915
0.668915
0.668915
0.668915
0.668915
0.668915
0.668915
0.668915
0.668915
0.567431
0.567424
0.570879
0.576612
0.584521
0.59454
0.606648
0.62084
0.637111
0.653384
0.667268
0.678661
0.687517
0.693819
0.699621
0.705072
0.710133
0.714802
0.719094
0.723029
0.726629
0.729917
0.732951
0.735788
0.738425
0.740867
0.743123
0.745205
0.747124
0.748893
0.750524
0.752026
0.753412
0.754689
0.755864
0.756944
0.757937
0.758849
0.759687
0.760457
0.761166
0.761817
0.762415
0.762978
0.763633
0.764153
0.764561
0.764877
0.765185
0.765487
0.765776
0.765934
0.766023
0.766022
0.766021
0.766021
0.766021
0.766021
0.766021
0.766021
0.766021
0.766021
0.766021
0.766021
0.766021
0.766021
0.766021
0.766021
0.766021
0.766021
0.668634
0.668624
0.673342
0.680652
0.690494
0.702828
0.717628
0.734892
0.749453
0.761121
0.770938
0.779514
0.787135
0.793988
0.800193
0.805838
0.810984
0.81574
0.820129
0.824174
0.827898
0.831327
0.834482
0.837386
0.840058
0.842516
0.844777
0.846858
0.848772
0.850534
0.852154
0.853645
0.855016
0.856278
0.857439
0.858507
0.85949
0.860394
0.861226
0.861991
0.862696
0.863344
0.86394
0.864488
0.864993
0.865458
0.865885
0.866278
0.86664
0.866973
0.86728
0.867448
0.867543
0.867597
0.867627
0.867627
0.867627
0.867628
0.867631
0.867633
0.867632
0.867632
0.867632
0.867632
0.867632
0.867632
0.867632
0.867632
0.867632
0.867632
0.765905
0.765895
0.769699
0.775732
0.783919
0.794232
0.806655
0.821157
0.837733
0.852695
0.865197
0.875181
0.882945
0.889905
0.8962
0.90192
0.907125
0.911868
0.916223
0.920249
0.923964
0.927387
0.930539
0.933441
0.936112
0.93857
0.940831
0.942912
0.944827
0.946588
0.948208
0.949699
0.951071
0.952333
0.953494
0.954562
0.955545
0.956449
0.957281
0.958046
0.958751
0.959399
0.959995
0.960543
0.961048
0.961512
0.96194
0.962333
0.962695
0.963027
0.963334
0.963502
0.963597
0.963651
0.96365
0.96365
0.96365
0.96365
0.96365
0.96365
0.96365
0.96365
0.96365
0.963651
0.963651
0.963651
0.963651
0.96365
0.963648
0.963646
0.86659
0.866611
0.867216
0.870517
0.876365
0.884738
0.895612
0.90902
0.924948
0.943396
0.959168
0.97202
0.981857
0.988651
0.994414
0.999834
1.00488
1.00956
1.01387
1.01785
1.02151
1.02487
1.02807
1.03098
1.03366
1.03612
1.03836
1.04038
1.04225
1.04399
1.04561
1.0471
1.04849
1.04979
1.05095
1.05203
1.05301
1.05392
1.05475
1.05551
1.05622
1.05686
1.05746
1.058
1.05851
1.05897
1.05939
1.05979
1.06014
1.06047
1.06078
1.06094
1.06104
1.06109
1.06109
1.06109
1.06109
1.06109
1.06109
1.06109
1.06109
1.06109
1.06109
1.06109
1.06109
1.06109
1.06109
1.06109
1.06109
1.06109
0.960387
0.96038
0.963776
0.969422
0.977255
0.987232
0.999338
1.01355
1.02987
1.04613
1.06004
1.07152
1.0804
1.08684
1.09254
1.09767
1.10245
1.107
1.11127
1.11524
1.11892
1.12231
1.12551
1.12845
1.13111
1.13353
1.13577
1.13784
1.13975
1.14152
1.14314
1.14464
1.14601
1.14727
1.14843
1.14952
1.1506
1.15152
1.1523
1.15304
1.15372
1.15436
1.15495
1.1555
1.156
1.15646
1.15688
1.15728
1.15764
1.15797
1.15827
1.15844
1.15853
1.15853
1.15853
1.15853
1.15853
1.15853
1.15853
1.15853
1.15853
1.15853
1.15853
1.15853
1.15853
1.15853
1.15853
1.15853
1.15853
1.15853
1.06058
1.06057
1.06529
1.07259
1.08243
1.09476
1.10956
1.12682
1.14138
1.15304
1.16281
1.17136
1.17896
1.1858
1.19199
1.19762
1.20276
1.20752
1.21191
1.21595
1.21968
1.2231
1.22626
1.22916
1.23183
1.23429
1.23655
1.23864
1.24055
1.24231
1.24393
1.24542
1.24679
1.24806
1.24922
1.25028
1.25127
1.25217
1.253
1.25377
1.25447
1.25512
1.25572
1.25626
1.25677
1.25723
1.25766
1.25805
1.25842
1.25875
1.25905
1.25922
1.25932
1.25937
1.2594
1.2594
1.2594
1.2594
1.2594
1.2594
1.2594
1.2594
1.2594
1.2594
1.2594
1.2594
1.2594
1.2594
1.2594
1.2594
1.15833
1.15832
1.16167
1.16731
1.17514
1.18512
1.19722
1.21144
1.22776
1.24383
1.25755
1.26881
1.27757
1.28477
1.29083
1.29617
1.30101
1.30539
1.30934
1.31325
