-0.0355023
-0.028682
-0.0217085
-0.0183948
-0.0183916
-0.0193665
-0.0201324
-0.0201397
-0.0196852
-0.0196815
-0.0195613
-0.0195377
-0.0195247
-0.0195159
-0.0195098
-0.0195053
-0.019502
-0.0194996
-0.0194979
-0.0194968
-0.0194962
-0.019496
-0.0194962
-0.0194967
-0.0194975
-0.0194985
-0.0194997
-0.0195034
-0.019507
-0.0195104
-0.0195137
-0.0195168
-0.0195198
-0.0195225
-0.019525
-0.0195271
-0.0195295
-0.0195317
-0.0195341
-0.0195363
-0.0195404
-0.0195457
-0.0195481
-0.0195502
-0.0195522
-0.0195542
-0.0195561
-0.0195574
-0.0195586
-0.0195596
-0.0195604
-0.019561
-0.0195614
-0.0195616
-0.0195616
-0.0195614
-0.019561
-0.0195605
-0.01956
-0.0195589
-0.0195585
-0.0195573
-0.0195559
-0.0195543
-0.0195525
-0.0195504
-0.0195482
-0.0195458
-0.0195433
-0.0195416
-0.0203442
-0.0203415
-0.0203357
-0.0203297
-0.0203232
-0.0203168
-0.0203108
-0.0203052
-0.0203002
-0.0202957
-0.0202918
-0.0202883
-0.0202854
-0.0202829
-0.0202809
-0.0202793
-0.0202781
-0.0202773
-0.0202768
-0.0202768
-0.0202769
-0.0202772
-0.0202778
-0.0202787
-0.0202798
-0.0202811
-0.0202826
-0.0202844
-0.0202863
-0.0202884
-0.0202906
-0.020293
-0.0202956
-0.0202983
-0.020301
-0.0203039
-0.0203068
-0.0203099
-0.0203129
-0.020316
-0.0203191
-0.0203222
-0.0203232
-0.0203231
-0.0203228
-0.0203225
-0.0203222
-0.0203218
-0.0203214
-0.0203211
-0.0203208
-0.0203206
-0.0203205
-0.0199925
-0.019811
-0.0197099
-0.0197055
-0.0196959
-0.0196885
-0.0196888
-0.019689
-0.0196891
-0.0196892
-0.0196893
-0.0196892
-0.0196549
-0.0196343
-0.019623
-0.0196167
-0.0196133
0.0796498
0.0796576
0.0780471
0.0780675
0.0780911
0.0781199
0.0781535
0.0781919
0.0782353
0.078284
0.0783384
0.0783962
0.0784392
0.0784741
0.0785022
0.0785242
0.0785404
0.0785511
0.0785559
0.0785559
0.078556
0.078556
0.078556
0.0785559
0.0785558
0.0785557
0.0785557
0.0785556
0.0785556
0.0785555
0.0785555
0.0785554
0.0785554
0.0785553
0.0785553
0.0785553
0.0785552
0.0785552
0.0785552
0.0785552
0.0785551
0.0785551
0.0785551
0.0785551
0.078555
0.078555
0.078555
0.078555
0.0785549
0.0785549
0.0785548
0.0785548
0.0785548
0.0785547
0.0785378
0.078516
0.0785041
0.0784976
0.0784942
0.0784925
0.0784917
0.0784905
0.0784905
0.0784905
0.0784904
0.0784903
0.0784901
0.07849
0.0784898
0.0784897
0.17412
0.172867
0.170457
0.170396
0.170314
0.170273
0.17033
0.170396
0.170466
0.170541
0.170613
0.170677
0.170599
0.170579
0.170614
0.170648
0.170679
0.170708
0.170735
0.170758
0.170879
0.170885
0.170888
0.170889
0.170889
0.170889
0.170889
0.170889
0.170889
0.170889
0.170889
0.170889
0.170889
0.170889
0.170889
0.170889
0.170889
0.170889
0.170889
0.170889
0.170889
0.170889
0.170889
0.170889
0.170889
0.170889
0.170889
0.170889
0.170889
0.170889
0.170889
0.170889
0.170889
0.170889
0.170889
0.170872
0.170863
0.170858
0.170857
0.170856
0.170856
0.170856
0.170856
0.170855
0.170855
0.170856
0.170856
0.170856
0.170856
0.170856
0.270214
0.269574
0.269585
0.269603
0.269626
0.269654
0.269686
0.269723
0.269765
0.269807
0.269842
0.26987
0.269893
0.269911
0.269926
0.26994
0.269954
0.270072
0.270072
0.270072
0.270073
0.270073
0.270073
0.270073
0.270073
0.270073
0.270073
0.270073
0.270073
0.270072
0.270072
0.270072
0.270072
0.270072
0.270072
0.270072
0.270072
0.270072
0.270072
0.270072
0.270072
0.270072
0.270072
0.270072
0.270072
0.270072
0.270072
0.270072
0.270072
0.270072
0.270072
0.270072
0.270072
0.270072
0.270053
0.270031
0.270019
0.270013
0.270009
0.270007
0.270006
0.270006
0.270006
0.270006
0.270006
0.270006
0.270006
0.270006
0.270006
0.270006
0.369088
0.369096
0.369109
0.369094
0.369059
0.369085
0.369106
0.369121
0.36913
0.369135
0.369135
0.369133
0.369131
0.369253
0.369253
0.369253
0.369253
0.369253
0.369253
0.369253
0.369253
0.369253
0.369253
0.369253
0.369253
0.369253
0.369253
0.369253
0.369253
0.369253
0.369253
0.369253
0.369254
0.369254
0.369254
0.369254
0.369254
0.369254
0.369254
0.369254
0.369254
0.369254
0.369254
0.369254
0.369254
0.369254
0.369254
0.369254
0.369254
0.369254
0.369254
0.369254
0.369254
0.369254
0.369254
0.369237
0.369227
0.369222
0.36922
0.36922
0.369219
0.369219
0.369219
0.369219
0.369218
0.369218
0.369218
0.369218
0.369218
0.369218
0.469568
0.468901
0.468913
0.46893
0.468953
0.46898
0.469012
0.469048
0.469089
0.46913
0.469164
0.469195
0.46922
0.469239
0.469258
0.469276
0.469293
0.469401
0.469401
0.469401
0.469401
0.469402
0.469402
0.469402
0.469402
0.469402
0.469402
0.469402
0.469402
0.469402
0.469402
0.469402
0.469402
0.469402
0.469402
0.469402
0.469402
0.469402
0.469402
0.469402
0.469402
0.469402
0.469402
0.469402
0.469402
0.469402
0.469402
0.469402
0.469402
0.469402
0.469402
0.469402
0.469402
0.469401
0.469384
0.469362
0.469349
0.469343
0.469339
0.469337
0.469336
0.469336
0.469336
0.469336
0.469336
0.469336
0.469336
0.469336
0.469336
0.469336
0.567402
0.567411
0.567425
0.567446
0.567471
0.567488
0.567499
0.567505
0.567505
0.567505
0.567505
0.567505
0.567505
0.567505
0.567505
0.567505
0.567505
0.567505
0.567505
0.567505
0.567505
0.567505
0.567505
0.567505
0.567505
0.567505
0.567505
0.567505
0.567505
0.567505
0.567506
0.567506
0.567506
0.567506
0.567506
0.567506
0.567506
0.567506
0.567506
0.567506
0.567506
0.567506
0.567506
0.567506
0.567506
0.567506
0.567506
0.567505
0.567505
0.567505
0.567505
0.567505
0.567505
0.567471
0.567626
0.567651
0.567587
0.567505
0.56746
0.567444
0.567439
0.567436
0.567436
0.567434
0.567433
0.567432
0.567432
0.567432
0.567432
0.567431
0.668915
0.668634
0.668645
0.668662
0.668671
0.668674
0.668674
0.668669
0.668657
0.668696
0.668727
0.668752
0.668771
0.668782
0.668788
0.668788
0.668788
0.668789
0.668789
0.668789
0.668789
0.668789
0.668789
0.668789
0.668788
0.668787
0.668786
0.668785
0.668783
0.668781
0.668779
0.668776
0.668774
0.668771
0.668767
0.668764
0.668761
0.668758
0.668755
0.668751
0.668748
0.668745
0.668741
0.668749
0.66875
0.66875
0.66875
0.66875
0.66875
0.66875
0.66875
0.668749
0.668749
0.668741
0.668693
0.668666
0.668652
0.668644
0.66864
0.668637
0.668636
0.668636
0.668636
0.668635
0.668634
0.668634
0.668634
0.668634
0.668634
0.668634
0.766021
0.765701
0.765707
0.765719
0.765736
0.765758
0.765784
0.765815
0.765841
0.765862
0.76588
0.765894
0.765905
0.765912
0.765916
0.765917
0.765917
0.765917
0.765917
0.765917
0.765916
0.765916
0.765916
0.765916
0.765916
0.765916
0.765916
0.765916
0.765916
0.765916
0.765916
0.765916
0.765916
0.765916
0.765916
0.765916
0.765916
0.765916
0.765916
0.765916
0.765916
0.765916
0.765916
0.765916
0.765916
0.765916
0.765916
0.765916
0.765916
0.765916
0.765916
0.765916
0.765916
0.765916
0.765916
0.765925
0.765904
0.765903
0.765905
0.765907
0.765907
0.765907
0.765906
0.765906
0.765906
0.765906
0.765906
0.765905
0.765905
0.765905
0.867632
0.866345
0.866357
0.866375
0.866398
0.866427
0.866462
0.866501
0.866546
0.866584
0.86661
0.866631
0.866645
0.866654
0.866658
0.866658
0.866658
0.866658
0.866658
0.866658
0.866658
0.866658
0.866658
0.866658
0.866658
0.866658
0.866658
0.866658
0.866658
0.866658
0.866658
0.866658
0.866658
0.866658
0.866658
0.866658
0.866658
0.866658
0.866658
0.866658
0.866658
0.866658
0.866658
0.866658
0.866658
0.866658
0.866658
0.866658
0.866658
0.866658
0.866658
0.866658
0.866658
0.866658
0.866642
0.866619
0.866606
0.866599
0.866595
0.866593
0.866592
0.866592
0.866592
0.866592
0.866592
0.866592
0.866592
0.866592
0.866591
0.866591
0.963645
0.962392
0.959977
0.959998
0.960021
0.960046
0.960074
0.960111
0.960153
0.960201
0.960144
0.960177
0.960205
0.960228
0.960249
0.96027
0.96029
0.96031
0.960329
0.960348
0.960367
0.960385
0.960398
0.960411
0.960421
0.960427
0.960429
0.960429
0.960429
0.960428
0.960427
0.960426
0.960424
0.960452
0.96045
0.960448
0.960448
0.960448
0.960448
0.960448
0.960448
0.960448
0.960448
0.960448
0.960448
0.960448
0.960448
0.960448
0.960448
0.960448
0.960448
0.960448
0.960448
0.960448
0.960433
0.96041
0.960397
0.96039
0.960389
0.960388
0.960388
0.960388
0.960387
0.960387
0.960388
0.960388
0.960388
0.960388
0.960388
0.960388
1.06109
1.06033
1.06034
1.06036
1.06038
1.0604
1.06044
1.06047
1.06051
1.06055
1.06059
1.06062
1.06064
1.06065
1.06066
1.06067
1.06067
1.06068
1.06068
1.06069
1.06069
1.06069
1.06069
1.06069
1.06069
1.06069
1.06069
1.06069
1.06069
1.06069
1.06069
1.06068
1.06068
1.06068
1.06068
1.06071
1.06071
1.06071
1.06071
1.06071
1.06071
1.06071
1.06071
1.06071
1.06071
1.06071
1.06071
1.06071
1.06071
1.06071
1.06071
1.06071
1.06071
1.0607
1.06065
1.06062
1.0606
1.06059
1.06059
1.06059
1.06059
1.06059
1.06059
1.06058
1.06058
1.06058
1.06058
1.06058
1.06058
1.06058
1.15853
1.15812
1.15813
1.15814
1.15816
1.15819
1.15822
1.15825
1.15828
1.1583
1.15832
1.15833
1.15835
1.15836
1.15836
1.15837
1.15837
1.15837
1.15837
1.15837
1.15837
1.15837
1.15837
1.15837
1.15837
1.15837
1.15837
1.15837
1.15837
1.15837
1.15837
1.15837
1.15837
1.15837
1.15837
1.15837
1.15837
1.15837
1.15837
1.15837
1.15837
1.15837
1.15837
1.15837
1.15837
1.15837
1.15837
1.15837
1.15837
1.15837
1.15837
1.15837
1.15837
1.15837
1.15837
1.15835
1.15834
1.15834
1.15833
1.15833
1.15833
1.15833
1.15833
1.15833
1.15833
1.15833
1.15833
1.15833
1.15833
1.15833
1.2594
1.25806
1.25807
1.25808
1.25809
1.25811
1.25813
1.25816
1.25819
1.25823
1.25826
1.25828
1.25831
1.25833
1.25833
1.25833
1.25832
1.25832
1.25831
1.2583
