0
-0.0039333
-0.00259765
-0.00064463
-0.0755357
-0.0606096
-0.0307352
-0.00992851
0.0104843
-0.0110072
-0.0109437
-0.0196424
-0.0266926
-0.03206
-0.0372942
-0.0424472
-0.0474909
-0.0524222
-0.0572519
-0.06199
-0.0666498
-0.0712456
-0.0757915
-0.0802097
-0.0847176
-0.0890096
-0.0935263
-0.0982566
-0.10274
-0.107266
-0.111845
-0.116488
-0.121203
-0.12601
-0.130958
-0.12122
-0.11379
-0.106424
-0.0990434
-0.091703
-0.0843714
-0.0773367
-0.0697497
-0.0624698
-0.0551937
-0.0478871
-0.0405731
-0.0332519
-0.0259265
-0.0185933
-0.0112495
-0.00389159
0.00348409
0.0108815
0.0183043
0.025757
0.0332437
0.0407689
0.0480833
0.0559943
0.063635
0.0713139
0.0790306
0.0868193
0.0946847
0.102632
0.110669
0.118801
0.127036
0.13536
0.143434
0.182019
0.207286
0.206408
0.202386
0.19597
0.188469
0.180583
0.172676
0.164935
0.157446
0.150246
0.143342
0.13673
0.130395
0.124323
0.118497
0.112899
0.104445
0.0963286
0.0883841
0.0805996
0.0729652
0.065498
0.0581827
0.0509817
0.0438858
0.0368862
0.0328482
0.0289379
0.0251012
0.0213327
0.0176314
0.013992
0.0104094
0.00687903
0.00339624
-4.3353e-05
-0.00344406
-0.0068102
-0.0101461
-0.0134564
-0.0133507
0.0128731
0.0264706
0.03836
0.049407
0.0600841
0.0682459
0.0746603
0.0800758
0.0841796
0.0915646
0.0837377
0.0702392
0.0595275
0.0505071
0.0485124
0.040267
0.0571853
0.0689142
0.0797479
0.0883763
0.0975643
0.107985
0.105452
0.102053
0.100625
0.104087
0.107911
0.112853
0.0944436
0.0492785
0.109504
0.146081
0.182819
0.205351
0.2263
0.246907
0.267341
0.28765
0.299961
0.267667
0.232225
0.199352
0.168194
0.138128
0.108823
0.116857
0.129251
0.137725
0.141534
0.14267
0.138879
0.132807
0.128458
0.125148
0.122485
0.120249
0.118317
0.116607
0.115078
0.113721
0.112517
0.111456
0.110529
0.109731
0.109055
0.108499
0.108056
0.107724
0.107498
0.107368
0.107315
0.107324
0.10738
0.10747
0.10758
0.107699
0.107815
0.107917
0.106804
0.110225
0.112433
0.110267
0.112649
0.112911
0.11291
0.112783
0.112594
0.112388
0.112149
0.112235
0.111663
0.11839
0.118104
0.117756
0.11734
0.116856
0.116449
0.115923
0.0653629
0.0288908
0.101551
0.137977
0.174582
0.212269
0.242101
0.262229
0.274717
0.259682
0.224864
0.185118
0.157819
0.156591
0.152051
0.14716
0.142038
0.136393
0.141485
0.141549
0.130566
0.134282
0.136927
0.138713
0.133832
0.130123
0.127248
0.124898
0.1229
0.121143
0.119575
0.118177
0.11693
0.115821
0.114842
0.113986
0.113249
0.112627
0.112117
0.111715
0.111417
0.111215
0.111089
0.111026
0.111012
0.111032
0.111076
0.111132
0.111187
0.111233
0.110286
0.113752
0.115934
0.117367
0.116606
0.118094
0.119094
0.119648
0.120189
0.120519
0.120683
0.120766
0.120756
0.120653
0.120447
0.120148
0.119757
0.119264
0.11866
0.117949
0.0884409
0.132788
0.168958
0.205066
0.234428
0.261363
0.286857
0.311568
0.310635
0.292537
0.257541
0.221048
0.184013
0.166217
0.157684
0.149125
0.149181
0.142669
0.146319
0.148475
0.149583
0.150009
0.150009
0.149767
0.143771
0.13793
0.133696
0.130434
0.12778
0.125523
0.123547
0.121805
0.120256
0.118878
0.117653
0.116574
0.115631
0.11482
0.114134
0.11357
0.113122
0.11278
0.112525
0.112342
0.112216
0.112133
0.11208
0.112046
0.112018
0.111985
0.110729
0.11402
0.116104
0.113635
0.116968
0.118506
0.119298
0.119872
0.120286
0.120579
0.120767
0.123598
0.120803
0.123964
0.123154
0.122219
0.119684
0.120854
0.119431
0.117832
0.155238
0.1922
0.22221
0.245018
0.251448
0.235206
0.223963
0.214948
0.207505
0.201576
0.197024
0.194191
0.19423
0.170435
0.166161
0.161289
0.156847
0.152769
0.149005
0.145518
0.142275
0.139255
0.136443
0.133826
0.131394
0.129136
0.127045
0.125111
0.123329
0.12168
0.120161
0.118782
0.117537
0.116422
0.115433
0.114566
0.113818
0.113186
0.112667
0.112256
0.111952
0.111743
0.111614
0.111548
0.111531
0.111552
0.111597
0.111655
0.111715
0.111766
0.110817
0.114296
0.116488
0.117928
0.117108
0.118582
0.119571
0.120155
0.120734
0.121061
0.121223
0.121293
0.12127
0.121147
0.120929
0.120614
0.120199
0.119686
0.119068
0.118339
0.088033
0.132674
0.168826
0.204904
0.234884
0.265081
0.291882
0.318816
0.320458
0.28364
0.247052
0.211178
0.177983
0.167182
0.160507
0.152544
0.152602
0.144674
0.147918
0.149724
0.150572
0.150802
0.150659
0.145493
0.139849
0.135639
0.132306
0.129535
0.127148
0.125032
0.12313
0.121423
0.119888
0.118512
0.117284
0.116196
0.115243
0.11442
0.113722
0.113145
0.112684
0.112328
0.112059
0.111861
0.111719
0.111621
0.111552
0.1115
0.111455
0.111403
0.110127
0.113395
0.115461
0.112955
0.116318
0.117995
0.118759
0.119321
0.11973
0.120023
0.120213
0.120301
0.120292
0.12019
0.124628
0.123247
0.121775
0.118666
0.118111
0.117366
0.154784
0.191793
0.225504
0.247866
0.252122
0.23563
0.224257
0.215341
0.205639
0.197154
0.189615
0.182836
0.176688
0.171081
0.165945
0.160649
0.156303
0.152289
0.148572
0.145122
0.141911
0.13892
0.136135
0.133545
0.131146
0.128945
0.126941
0.125137
0.123484
0.122091
0.121005
0.120209
0.119723
0.119573
0.119796
0.120457
0.121707
0.124909
0.119225
0.113861
0.112343
0.112107
0.111968
0.11177
0.110922
0.109358
0.106889
0.102774
0.112237
0.118614
0.113577
0.114026
0.114052
0.100583
0.0999475
0.100511
0.103228
0.107651
0.116248
0.120596
0.121797
0.121646
0.121671
0.121698
0.121602
0.121291
0.120879
0.120364
0.119742
0.119004
0.0959743
0.136159
0.172235
0.208066
0.232776
0.252731
0.271693
0.290545
0.292656
0.26124
0.2307
0.200945
0.171813
0.171812
0.172855
0.171782
0.169882
0.167664
0.165397
0.163218
0.161198
0.156242
0.152288
0.149152
0.146659
0.14471
0.14325
0.142249
0.141699
0.141606
0.141912
0.142814
0.144866
0.138416
0.132362
0.126486
0.120772
0.115229
0.110382
0.105527
0.100639
0.0956683
0.0956791
0.0974786
0.105917
0.112559
0.117874
0.115762
0.113613
0.112392
0.110465
0.113358
0.10677
0.109291
0.113475
0.117403
0.118994
0.119718
0.120288
0.120729
0.121072
0.119828
0.119823
0.119356
0.119113
0.11837
0.118097
0.1177
0.117174
0.116528
0.0919561
0.133698
0.169917
0.206126
0.23409
0.254248
0.273506
0.243273
0.212405
0.196665
0.188456
0.183068
0.179132
0.175985
0.173313
0.170332
0.162182
0.156052
0.151167
0.147069
0.143498
0.140304
0.137403
0.134745
0.132297
0.130037
0.127951
0.126028
0.124259
0.122624
0.12112
0.119756
0.118527
0.117428
0.116455
0.115604
0.114872
0.114255
0.113751
0.113355
0.113066
0.112873
0.112758
0.112708
0.112708
0.112745
0.112807
0.112884
0.112963
0.113034
0.112103
0.115595
0.117806
0.119257
0.120824
0.123097
0.128712
0.138477
0.146166
0.146132
0.131637
0.125299
0.122049
0.121866
0.121622
0.121284
0.120846
0.120306
0.119661
0.118905
0.0668756
0.118149
0.154071
0.190053
0.226172
0.258819
0.280145
0.30047
0.285292
0.249243
0.216348
0.189793
0.185578
0.182102
0.178882
0.175727
0.17282
0.167633
0.160656
0.155109
0.150474
0.146448
0.14286
0.139608
0.136633
0.133896
0.131372
0.129044
0.126898
0.124912
0.123079
0.121406
0.119887
0.118515
0.117284
0.116191
0.11523
0.114397
0.113687
0.113098
0.112624
0.112255
0.111972
0.11176
0.111604
0.111489
0.111403
0.111334
0.11127
0.111199
0.109904
0.11314
0.115183
0.112643
0.11592
0.118143
0.119713
0.121077
0.122283
0.123365
0.124335
0.125192
0.125948
0.126606
0.127177
0.127676
0.12472
0.122356
0.120081
0.117956
0.0675974
0.0297614
0.103162
0.138978
0.174797
0.202903
0.239896
0.271818
0.305938
0.283704
0.252066
0.216473
0.18063
0.164655
0.15586
0.146477
0.136949
0.127482
0.118156
0.108964
0.0995596
0.107681
0.11348
0.119332
0.125269
0.1297
0.132332
0.133974
0.136573
0.139758
0.143512
0.147994
0.147962
0.131177
0.124458
0.118578
0.113202
0.112792
0.112413
0.112088
0.111837
0.111665
0.111561
0.111516
0.111517
0.111553
0.111612
0.111684
0.111756
0.11182
0.110884
0.11438
0.116586
0.113828
0.116928
0.119031
0.119813
0.120443
0.120877
0.121188
0.121366
0.121439
0.121416
0.121293
0.121086
0.12077
0.120345
0.119824
0.119203
0.118461
0.0854867
0.116841
0.137207
0.174116
0.210166
0.246405
0.276998
0.307966
0.312204
0.295619
0.282196
0.248391
0.212986
0.195011
0.176217
0.16243
0.153465
0.145638
0.138524
0.131781
0.124146
0.131251
0.137218
0.140153
0.140078
0.13952
0.139713
0.140717
0.14301
0.135753
0.128841
0.122179
0.116475
0.110558
0.110559
0.107004
0.113435
0.118445
0.116134
0.114373
0.11326
0.112545
0.112078
0.11177
0.111568
0.111435
0.111346
0.111283
0.11123
0.111174
0.109896
0.113156
0.106475
0.108948
0.113118
0.117011
0.119731
0.120673
0.121409
0.122013
0.122469
0.122463
0.119841
0.119684
0.119444
0.119098
0.118724
0.118244
0.117642
0.116924
0.0911751
0.134481
0.170663
0.206881
0.234274
0.25436
0.273576
0.243069
0.212302
0.196039
0.188117
0.182863
0.178983
0.175853
0.173178
0.170554
0.162306
0.156101
0.151169
0.14704
0.143446
0.140234
0.137318
0.134645
0.132184
0.129912
0.127814
0.125878
0.124097
0.122451
0.120935
0.119559
0.118319
0.117208
0.116224
0.115362
0.114619
0.113991
0.113476
0.113071
0.112771
0.112567
0.112442
0.112382
0.112371
0.112397
0.112448
0.112513
0.11258
0.112639
0.111696
0.115179
0.117375
0.118818
0.118735
0.122163
0.125437
0.128
0.130388
0.132677
0.134873
0.131996
0.129424
0.126873
0.12439
0.12199
0.117657
0.113059
0.106509
0.0976794
0.0471627
0.0768318
0.115046
0.150807
0.186663
0.222674
0.258884
0.291203
0.301037
0.284446
0.270056
0.256615
0.251362
0.223027
0.202588
0.185978
0.168854
0.151834
0.156416
