0
2.27741
-0.119411
-1.23734
-0.10206
-0.396254
-0.407251
-0.344054
-0.166807
0.160481
0.00721465
0.0792707
0.0634612
0.0521523
0.0506196
0.0489848
0.0469265
0.0447328
0.0425662
0.0404436
0.0384107
0.0364798
0.0346534
0.0322662
0.0315267
0.0284382
0.0287407
0.0285715
0.0254173
0.0242071
0.0230704
0.0219608
0.0208682
0.019878
0.0192008
-0.088869
-0.0740698
-0.0744382
-0.0764336
-0.0770672
-0.0785141
-0.0760796
-0.0816493
-0.0808209
-0.0817171
-0.0828118
-0.0830209
-0.0837141
-0.0842206
-0.0846266
-0.0849434
-0.0851863
-0.0853631
-0.085478
-0.0855318
-0.0855288
-0.0854702
-0.0853566
-0.0833412
-0.0871557
-0.084493
-0.0840121
-0.0834633
-0.0830808
-0.0826437
-0.0821589
-0.0816306
-0.0810634
-0.0804635
-0.0796677
-0.0763005
-0.0547495
-0.0586333
0.0497382
0.0305694
0.0270067
0.0254694
0.025005
0.0251108
0.0255069
0.0260456
0.02665
0.0272796
0.0279139
0.0285423
0.02916
0.0297648
0.0303562
0.0531628
0.0526452
0.0531899
0.0536836
0.0541116
0.0542765
0.0544218
0.0547155
0.0549568
0.055149
0.0344968
0.0342996
0.0344453
0.034559
0.0345895
0.0345972
0.0345818
0.0345438
0.0344843
0.0344046
0.0343066
0.0341923
0.0340645
0.0339263
0.00840709
-0.211551
-0.132148
-0.0948458
-0.0754895
-0.0657034
-0.0411344
-0.0212788
-0.00793412
0.00268632
0.0124213
0.126056
0.159991
0.122008
0.102258
0.0406506
0.0882115
-0.102591
-0.0649556
-0.0500335
-0.0312105
-0.0350329
-0.0364695
0.0556904
0.0626142
0.0484507
0.0137281
0.0123546
0.00568101
0.296229
0.497424
-0.154471
-0.0866753
-0.101284
0.028483
0.0420534
0.0454685
0.0479299
0.0498583
-0.131815
0.0764473
0.115266
0.0922266
0.0765041
0.0674694
0.0619776
-0.012168
0.0229549
0.0311227
0.0510541
0.0651869
0.0978204
0.109587
0.0934719
0.0849988
0.0808153
0.0789731
0.0784012
0.0786137
0.0791797
0.0797907
0.0804999
0.0812511
0.082015
0.0827773
0.0835319
0.0842777
0.0850161
0.0857505
0.0864857
0.0872866
0.0882179
0.0892655
0.09042
0.0916744
0.0930234
0.0944622
0.0959866
0.0975921
0.0992497
0.101109
0.102732
0.130252
0.0979575
0.112244
0.114891
0.11691
0.118663
0.120186
0.121927
0.121077
0.127435
0.0759816
0.12839
0.130379
0.13247
0.134608
0.135713
0.138259
0.634116
0.578948
-0.0841024
-0.00645215
-0.0143581
-0.0255976
0.0378125
0.129926
0.113427
-0.0592008
0.200933
0.24761
0.155538
0.129892
0.15828
0.162578
0.166641
0.173111
0.0962717
0.13683
0.214145
0.109641
0.127599
0.14191
0.19263
0.183677
0.17824
0.175675
0.174678
0.17463
0.175028
0.175523
0.176145
0.176826
0.177532
0.178243
0.178951
0.179655
0.180353
0.181049
0.181747
0.182512
0.183407
0.184417
0.185534
0.18675
0.188059
0.189457
0.190939
0.192502
0.194115
0.195784
0.197601
0.199427
0.213992
0.197675
0.201925
0.206226
0.207841
0.210662
0.213426
0.215651
0.217984
0.220334
0.222761
0.225131
0.227499
0.22991
0.232427
0.234908
0.544545
0.295305
0.135683
0.104359
0.154
0.171219
0.191197
0.204444
0.225643
0.141185
0.285611
0.311542
0.321135
0.358511
0.309738
0.296723
0.228579
0.266611
0.18246
0.206571
0.224855
0.238521
0.248787
0.256564
0.300355
0.297205
0.284487
0.277914
0.274768
0.27359
0.273415
0.27364
0.274155
0.274816
0.275547
0.276305
0.27707
0.277833
0.278591
0.279344
0.280095
0.280909
0.281849
0.282903
0.28406
0.285312
0.286656
0.288087
0.2896
0.29119
0.292845
0.294628
0.296354
0.32531
0.283753
0.295788
0.302014
0.304773
0.307324
0.309688
0.31204
0.294466
0.337045
0.295429
0.32603
0.328653
0.341977
0.316749
0.33736
0.340291
0.441678
0.320185
0.29812
0.326338
0.311365
0.344583
0.329799
0.330454
0.330915
0.328661
0.326135
0.320107
0.305295
0.48253
0.346018
0.355093
0.355862
0.356908
0.358126
0.359437
0.360804
0.362168
0.363479
0.364736
0.365943
0.367102
0.368214
0.369282
0.370307
0.371396
0.372442
0.373312
0.37416
0.374985
0.375786
0.376567
0.377329
0.378075
0.378811
0.37954
0.380268
0.381058
0.381977
0.383008
0.384144
0.385376
0.3867
0.388111
0.389606
0.391179
0.392817
0.394485
0.39635
0.398218
0.413269
0.396631
0.400866
0.40489
0.406458
0.409621
0.412415
0.414726
0.417083
0.419483
0.421872
0.424278
0.42671
0.429133
0.431612
0.434121
0.75127
0.493847
0.335023
0.303762
0.347208
0.339187
0.385916
0.38799
0.403701
0.516599
0.513107
0.50721
0.4825
0.480743
0.476796
0.481735
0.422721
0.476592
0.387889
0.410629
0.427602
0.440303
0.449852
0.489428
0.492014
0.481094
0.475511
0.472906
0.471922
0.471913
0.472361
0.47291
0.473588
0.474323
0.475078
0.475836
0.476586
0.477327
0.47806
0.478788
0.479514
0.480305
0.481223
0.482256
0.483394
0.48463
0.485958
0.487375
0.488875
0.490454
0.49209
0.493894
0.495545
0.524565
0.482707
0.49385
0.501255
0.503878
0.506347
0.508659
0.510972
0.513334
0.515677
0.51802
0.486693
0.530729
0.533085
0.546666
0.529815
0.53285
0.640423
0.518698
0.464727
0.531959
0.530281
0.543856
0.528723
0.528151
0.546196
0.54605
0.546454
0.547268
0.548313
0.549494
0.550755
0.556234
0.553367
0.554717
0.556101
0.557501
0.558915
0.560304
0.561626
0.562889
0.564046
0.565037
0.56592
0.566687
0.567724
0.567897
0.567667
0.567462
0.567065
0.566427
0.56548
0.564041
0.561467
0.549019
0.615064
0.614279
0.587889
0.580076
0.580864
0.582785
0.588987
0.595672
0.603715
0.617104
0.519985
0.543911
0.621288
0.615349
0.610774
0.697856
0.616287
0.605514
0.587331
0.573542
0.545468
0.577878
0.602386
0.613956
0.614603
0.616406
0.618973
0.622201
0.624666
0.627147
0.629657
0.632214
0.897071
0.70604
0.532935
0.502306
0.59423
0.634048
0.641631
0.64302
0.594385
0.663161
0.648876
0.64028
0.635633
0.600847
0.612239
0.630666
0.641282
0.648397
0.653519
0.657462
0.660681
0.684372
0.675637
0.667417
0.662727
0.659972
0.658256
0.657057
0.656055
0.655063
0.654489
0.652432
0.646338
0.709954
0.709142
0.709777
0.710394
0.710934
0.707544
0.709176
0.7109
0.712938
0.67815
0.659767
0.608296
0.633116
0.651779
0.709648
0.708387
0.700749
0.697286
0.696318
0.755147
0.691598
0.67421
0.676244
0.694077
0.701586
0.704106
0.706552
0.708858
0.722032
0.714461
0.719454
0.719262
0.724598
0.722942
0.72563
0.728315
0.730904
0.992424
0.855966
0.610769
0.585428
0.65256
0.722583
0.729982
0.760097
0.759781
0.721078
0.711468
0.715883
0.722873
0.730075
0.736604
0.746649
0.786454
0.772
0.764543
0.761096
0.75986
0.759807
0.76035
0.761198
0.762192
0.763244
0.764309
0.765361
0.766388
0.767489
0.768552
0.769439
0.770306
0.771151
0.771974
0.772775
0.773558
0.774326
0.775082
0.775831
0.776577
0.777386
0.77832
0.779366
0.780515
0.781759
0.783094
0.784515
0.786018
0.7876
0.789278
0.790945
0.792821
0.794787
0.791551
0.789015
0.763691
0.735441
0.751669
0.810021
0.916551
0.859127
0.838352
0.817726
0.819874
0.822255
0.824701
0.827156
0.829652
0.832169
1.34724
0.925667
0.72705
0.697681
0.683087
0.710768
0.817174
0.827011
0.722588
0.899437
0.870378
0.847887
0.802496
0.814992
0.825931
0.835141
0.841722
0.863933
0.878948
0.869535
0.864875
0.862907
0.862368
0.862593
0.863217
0.864041
0.86496
0.865907
0.866855
0.867888
0.868891
0.869728
0.870548
0.871346
0.872121
0.872876
0.873612
0.874333
0.875043
0.875748
0.876452
0.877221
0.87812
0.879135
0.880256
0.881478
0.882793
0.884199
0.885689
0.887259
0.88888
0.890706
0.892287
0.921287
0.880072
0.886477
0.892023
0.89469
0.89723
0.899634
0.902048
0.904518
0.906957
0.909378
0.911758
0.914029
0.940885
0.938045
0.938986
0.939555
1.42309
1.37254
0.703468
0.792719
0.778265
0.845727
0.759199
0.806768
0.786554
0.810121
0.966617
1.00351
1.00872
0.990567
0.983078
0.987727
0.990355
0.992065
0.993432
0.994894
0.998797
0.869155
0.886954
0.891921
0.895434
0.911521
0.931553
0.942033
0.934744
0.930533
0.927367
0.923553
0.958178
1.08113
1.01216
1.00397
1.00245
0.968349
0.969817
0.971029
0.972013
0.972935
0.97392
0.97498
0.976124
0.977355
0.978674
0.980077
0.981563
0.983125
0.984746
0.986422
0.988285
1.02006
0.977645
0.983898
0.994243
0.996599
0.999272
1.00169
1.00424
1.00666
1.00902
1.01142
1.01373
1.01622
1.0187
1.02112
1.02355
1.02615
1.36939
1.21894
1.07834
0.887472
0.880221
0.871726
0.923334
0.919748
0.96172
0.914993
0.873415
1.0541
1.11017
1.15325
1.18678
1.15595
1.10925
1.0886
1.07812
1.07396
1.08097
0.973828
0.981135
1.00927
1.03877
1.04582
1.04107
1.03669
1.02927
1.10037
1.09975
1.10014
1.09511
1.09847
1.0574
1.08036
1.00776
1.02829
1.08604
1.08156
1.07709
1.07501
1.07436
1.07453
1.07521
1.07619
1.07739
1.07874
1.0802
1.08177
1.0834
1.08521
1.14771
1.08418
1.06652
1.06878
1.07818
1.09234
1.09525
1.09773
1.1004
1.10546
1.12602
1.10946
1.11173
1.11417
1.11612
1.11866
1.12128
1.12385
1.38711
1.24269
1.00302
0.977679
1.05036
1.11566
1.12275
1.15524
1.15115
1.11435
1.10283
1.10791
1.11521
1.12254
1.12912
1.13654
1.17975
1.16502
1.15728
1.15368
1.15236
1.15226
1.15278
1.15362
1.1546
1.15565
1.15671
1.15776
1.15879
1.15988
1.16094
1.16183
1.16269
1.16354
1.16436
1.16515
1.16593
1.1667
1.16745
1.16819
1.16894
1.16974
1.17067
1.17172
1.17286
1.17411
1.17544
1.17686
1.17836
1.17994
1.18161
1.18326
1.18516
1.18707
1.19674
1.17144
1.17322
1.1796
1.18233
1.18465
1.18703
1.22568
1.2253
1.22695
1.2282
1.22932
1.24506
1.24857
1.26432
1.28242
1.73689
1.47318
1.10517
1.09462
1.07756
1.06897
1.0645
1.10107
1.04723
1.1067
1.07513
1.06426
1.10421
1.38752
1.38267
1.373
1.38347
1.38823
1.21955
