0
0.000253833
0.00024829
0.000197405
0.000155475
-0.000192551
-0.000941218
-0.00143975
-0.00221777
-0.00253871
-0.00296275
-0.00316765
-0.00329617
-0.00343563
-0.00359815
-0.0037813
-0.00398384
-0.00420518
-0.00444509
-0.00470349
-0.00498035
-0.00527566
-0.00558939
-0.00592136
-0.00627156
-0.00663958
-0.00702554
-0.00742719
-0.00784643
-0.00828318
-0.00873723
-0.00920831
-0.00969614
-0.0102004
-0.0107203
-0.0112701
-0.0118063
-0.0123216
-0.0128274
-0.0133272
-0.0138189
-0.0141893
-0.014643
-0.0151465
-0.0157053
-0.0162979
-0.0168617
-0.0174084
-0.0179428
-0.0184669
-0.0189818
-0.019488
-0.0199857
-0.0204746
-0.0209547
-0.0214254
-0.0218862
-0.0223368
-0.022885
-0.0233729
-0.0238037
-0.0242003
-0.0245793
-0.0249404
-0.0252837
-0.0256091
-0.0259165
-0.0262058
-0.026477
-0.0267605
-0.0271559
-0.0274422
-0.027699
-0.027907
-0.0280951
-0.0282642
-0.028415
-0.028546
-0.0286569
-0.0287477
-0.0288184
-0.028869
-0.0288994
-0.0289097
-0.0288998
-0.0288696
-0.028819
-0.0287481
-0.028656
-0.0285431
-0.0284098
-0.0282559
-0.0280811
-0.0278853
-0.027668
-0.0274292
-0.0271685
-0.0268858
-0.0265814
-0.0262542
-0.0259041
-0.0255308
-0.0251339
-0.024713
-0.0242679
-0.0237985
-0.0233047
-0.0227864
-0.0222433
-0.0216752
-0.0210814
-0.0204611
-0.0198355
-0.0191603
-0.018453
-0.0177162
-0.0169503
-0.0161546
-0.0153263
-0.0144637
-0.0135655
-0.0126334
-0.0116613
-0.0107323
-0.009822
-0.00893509
-0.00803032
-0.00702183
-0.00603696
-0.00500163
-0.00391533
-0.00279935
-0.00167354
-0.00053763
0.000670869
0.00175331
0.00271938
0.003581
0.00437966
0.00511021
0.00576003
0.00652399
0.00730549
0.00805148
0.00875489
0.00942515
0.0100637
0.0106707
0.0112459
0.0117883
0.0122962
0.0127625
0.0130773
0.0133616
0.0136155
0.0138405
0.0140379
0.0142091
0.0143477
0.0144516
0.0145186
0.0145499
0.0145459
0.0145078
0.014436
0.0143301
0.0141899
0.0140153
0.013806
0.013562
0.0132832
0.0129696
0.0126209
0.012237
0.0118176
0.0113627
0.0108722
0.010346
0.00978379
0.00918553
0.00855096
0.00787976
0.00717157
0.00642587
0.00564206
0.00481943
0.00395718
0.00305438
0.00211004
0.00112303
9.21903e-05
-0.000982156
-0.00210821
-0.00328056
-0.00431961
-0.00529839
-0.00621371
-0.00706102
-0.00783687
-0.00853845
-0.00916323
-0.00970871
-0.0101716
-0.0105482
-0.0110575
-0.0116709
-0.0123875
-0.0132063
-0.0141113
-0.0151016
-0.0161776
-0.0173468
-0.0185405
-0.0196169
-0.020585
-0.0214587
-0.0222705
-0.0230598
-0.0238236
-0.0245589
-0.0252476
-0.0257093
-0.0260803
-0.0264383
-0.026745
-0.0270161
-0.0272512
-0.0274498
-0.0276132
-0.0277115
-0.0278028
-0.0278727
-0.0279047
-0.027906
-0.0278752
-0.0278101
-0.0277113
-0.0275788
-0.0274128
-0.0272132
-0.0269804
-0.0267147
-0.0264159
-0.0260841
-0.0257197
-0.0253228
-0.0248939
-0.0244334
-0.0239416
-0.023419
-0.0228658
-0.0222823
-0.0216685
-0.0210243
-0.0203492
-0.0196429
-0.0189045
-0.0181332
-0.017328
-0.0164876
-0.0156109
-0.0146994
-0.0137485
-0.0127631
-0.0117465
-0.0107646
-0.00980898
-0.00888225
-0.00797377
-0.0070172
-0.00603304
-0.00503861
-0.00404468
-0.00305867
-0.00208612
-0.00113132
-0.000197926
0.000710523
0.0015908
0.00243985
0.00325482
0.00408431
0.00486806
0.0056119
0.00630209
0.00694991
0.00755834
0.00812659
0.00865296
0.00913696
0.00958299
0.00999238
0.0103817
0.0107369
0.011054
0.0113349
0.0115803
0.0118185
0.0119831
0.0121131
0.0122084
0.012269
0.0122951
0.0122865
0.0122434
0.0121662
0.0120549
0.0119094
0.0117296
0.0115154
0.0112667
0.0109835
0.0106655
0.0103126
0.0099246
0.00950142
0.00904293
0.008549
0.00801948
0.00745418
0.00685286
0.00621522
0.00554085
0.00482924
0.00407977
0.00329169
0.00246418
0.00159629
0.000686985
-0.000264852
-0.00126038
-0.00229923
-0.00338959
-0.00452605
-0.00552976
-0.00650335
-0.00746064
-0.00839943
-0.00931806
-0.0102152
-0.0110899
-0.0119409
-0.0128019
-0.013637
-0.0144862
-0.0153345
-0.0161787
-0.0169937
-0.017813
-0.0186244
-0.0194043
-0.0201564
-0.0208774
-0.0215748
-0.0222388
-0.0228479
-0.023406
-0.0239384
-0.024446
-0.0249243
-0.0253669
-0.025767
-0.0261232
-0.0264721
-0.0267757
-0.0270537
-0.0273032
-0.0275183
-0.0276989
-0.0278451
-0.0279571
-0.0280349
-0.0280786
-0.0280883
-0.0280642
-0.0280062
-0.0279145
-0.0277892
-0.0276303
-0.027438
-0.0272124
-0.0269538
-0.0266623
-0.0263378
-0.0259805
-0.0255909
-0.0251694
-0.0247162
-0.0242319
-0.0237167
-0.0231711
-0.0225952
-0.0219891
-0.0213526
-0.0206855
-0.0199871
-0.0192568
-0.0184937
-0.0176968
-0.0168648
-0.0159967
-0.0150938
-0.0141518
-0.0131756
-0.0121682
-0.0111956
-0.0102496
-0.00933261
-0.00843342
-0.00748545
-0.00651018
-0.00552455
-0.00453972
-0.00356302
-0.00259981
-0.00165445
-0.000730702
0.000168047
0.00103858
0.00187791
0.00268318
0.00350555
0.00428401
0.00501913
0.00568775
0.00630846
0.00688799
0.00742562
0.00791907
0.00836545
0.00877974
0.00918555
0.00955812
0.00989453
0.0101945
0.0104587
0.010688
0.0109098
0.0110538
0.0111621
0.0112351
0.0112731
0.0112761
0.0112442
0.0111782
0.0110782
0.0109439
0.0107752
0.010572
0.0103341
0.0100614
0.00975396
0.00941142
0.0090336
0.00862037
0.00817158
0.00768709
0.00716676
0.00661042
0.00601787
0.00538883
0.004723
0.00401994
0.00327912
0.0024999
0.00168152
0.000823138
-7.62087e-05
-0.00101758
-0.0020021
-0.00303094
-0.00410376
-0.00522876
-0.00640054
-0.00743949
-0.00842302
-0.00939092
-0.010341
-0.0112716
-0.0121814
-0.0130693
-0.0139343
-0.0147754
-0.0155914
-0.0163814
-0.0171969
-0.0180123
-0.0188223
-0.0196025
-0.0204096
-0.0212248
-0.0220117
-0.0227676
-0.0234969
-0.0241995
-0.0248587
-0.0254472
-0.0260073
-0.0265396
-0.0270376
-0.0275005
-0.0279285
-0.0283216
-0.0286798
-0.0290033
-0.029292
-0.0295462
-0.0297658
-0.029951
-0.0301019
-0.0302185
-0.030301
-0.0303495
-0.030364
-0.0303446
-0.030291
-0.0302016
-0.0300752
-0.0299101
-0.0297073
-0.0294682
-0.0291908
-0.0288728
-0.0285118
-0.0281053
-0.0276506
-0.0271444
-0.0265817
-0.0259429
-0.0252771
-0.0245846
-0.0238655
-0.0231195
-0.0223459
-0.021544
-0.0207129
-0.0198516
-0.0189591
-0.0180342
-0.0170773
-0.016087
-0.0150616
-0.0139956
-0.0129245
-0.0119608
-0.0110222
-0.0101107
-0.00922734
-0.00837302
-0.00747517
-0.00654845
-0.00559849
-0.00464116
-0.00369096
-0.00275587
-0.00183868
-0.000942567
-7.11061e-05
0.000772494
0.00158517
0.00236402
0.00316314
0.00390802
0.00461479
0.00528896
0.00593264
0.00654619
0.00712907
0.00767494
0.00815483
0.00853438
0.00887253
0.00917296
0.00943919
0.00967358
0.00987552
0.0100425
0.010175
0.0102732
0.0103375
0.0103678
0.0103643
0.0103276
0.0102577
0.0101545
0.0100177
0.00984736
0.00964328
0.00940534
0.00913338
0.00882735
0.00848402
0.00810254
0.00768246
0.0072245
0.00673247
0.00620607
0.00564564
0.00505022
0.0044195
0.00375323
0.0030511
0.00231269
0.00156771
0.000755488
-9.69413e-05
-0.000990333
-0.00192557
-0.00290203
-0.00392088
-0.00498354
-0.00608981
-0.00724798
-0.00824731
-0.00920362
-0.01011
-0.0109597
-0.0117472
-0.0124684
-0.0131201
-0.0136988
-0.0142003
-0.0148298
-0.0154568
-0.0163005
-0.017249
-0.0182157
-0.0191566
-0.0200684
-0.0209484
-0.0217939
-0.0226618
-0.023448
-0.0242094
-0.0249478
-0.0256618
-0.0263498
-0.0270114
-0.0275313
-0.0280153
-0.0284675
-0.0288881
-0.0292775
-0.0296362
-0.0299645
-0.0302632
-0.030528
-0.0307571
-0.0309512
-0.0311107
-0.0312358
-0.0313266
-0.0313832
-0.0314058
-0.0313945
-0.0313493
-0.0312704
-0.0311579
-0.0310117
-0.0308321
-0.0306192
-0.0303733
-0.0300945
-0.0297826
-0.0294381
-0.0290613
-0.0286524
-0.028212
-0.0277405
-0.0272382
-0.0267055
-0.0261426
-0.0255496
-0.0249263
-0.0242724
-0.0235873
-0.0228704
-0.0221208
-0.0213374
-0.0205191
-0.0196648
-0.0187763
-0.0178478
-0.0168845
-0.0158896
-0.0150028
-0.0141933
-0.0134311
-0.0126365
-0.0118217
-0.0110071
-0.0100979
-0.00915013
-0.00819074
-0.00724447
-0.00631669
-0.00541006
-0.00452813
-0.00367418
-0.00285123
-0.00206216
-0.00126092
-0.000489408
0.000234864
0.000922027
0.00157418
0.00219226
0.00277683
0.0033266
0.00382403
0.00421813
0.00458067
0.00491248
0.0052103
0.00547494
0.00570552
0.00590027
0.00605944
0.00618379
0.00627393
0.00632966
0.00635093
0.00633768
0.00628991
0.00620758
0.00609065
0.00593908
0.00575278
0.00553165
0.00527556
0.00498446
0.00465826
0.00429672
0.00389961
0.00346678
0.00299807
0.00249334
0.00195242
0.00137512
0.000761235
0.000110477
-0.000577492
-0.00130311
-0.00206692
-0.0028696
-0.00371189
-0.00459467
-0.00551891
-0.00648567
-0.0074961
-0.00855138
-0.00965118
-0.0108037
-0.0120036
-0.0130706
-0.0140914
-0.0150687
-0.0159979
-0.0168754
-0.0176984
-0.0184644
-0.0191707
-0.0198146
-0.0203936
-0.0209046
-0.0213444
-0.0217077
-0.0221972
-0.0227887
-0.0234813
-0.0242741
-0.0251506
-0.0260488
-0.0269295
-0.0277776
-0.0286015
-0.0294041
-0.0301211
-0.0308001
-0.0314409
-0.0320322
-0.0325342
-0.032998
-0.0334168
-0.0337971
-0.0341462
-0.0344646
-0.0347523
-0.0350096
-0.0352369
-0.0354349
-0.0356069
-0.0356395
-0.0356292
-0.0355888
-0.0355213
-0.0354316
-0.03531
-0.0351526
-0.0349593
-0.0347311
-0.0344687
-0.0341726
-0.0338698
-0.0335114
-0.0331211
-0.0327019
-0.0322514
-0.0317701
-0.0312582
-0.0307159
-0.0301434
-0.0295407
-0.0289077
-0.028244
-0.027549
-0.0268221
-0.0260624
-0.0252689
-0.0244404
-0.0235759
-0.0226764
-0.0217379
-0.0207652
-0.0198308
-0.0189199
-0.0180357
-0.0171807
-0.0162923
-0.0153492
-0.0143788
-0.0133979
-0.0124176
-0.0114452
-0.0104863
-0.00954524
-0.0086258
-0.00773149
-0.00686528
-0.0060301
-0.00522909
-0.00440993
-0.00362549
-0.00288033
-0.00218959
-0.00155789
-0.000973486
-0.000431587
6.68545e-05
0.000523066
0.000943225
0.00132598
0.0016762
0.00200342
0.00229514
0.00254937
0.00276694
0.00294878
0.00309555
0.00320752
0.00328491
0.00332845
0.00333316
0.00330284
0.00323761
0.00313769
0.00300317
0.00283401
0.00263012
0.0023915
0.00211654
0.00180857
0.00146585
0.00108808
0.000675138
0.000255312
-0.000228701
-0.000749693
-0.00130772
-0.00190177
-0.00253218
-0.00319937
-0.00390381
-0.00464607
-0.0054268
-0.00624677
-0.00710684
-0.00800796
-0.00895119
-0.00993766
-0.0109686
-0.0120435
-0.0131707
-0.0141482
-0.0150786
-0.015955
-0.0167706
-0.0175201
-0.0181988
-0.0188035
-0.019331
-0.0197776
-0.0202222
-0.0209331
-0.0217495
-0.0226707
-0.0236188
-0.0245473
-0.0254479
-0.0263179
-0.0271543
-0.0280159
-0.0288209
-0.0295926
-0.0303406
-0.0310637
-0.0317607
-0.0324311
-0.0329517
-0.0334308
-0.0338771
-0.0342909
-0.0346724
-0.0350221
-0.0353404
-0.0356278
-0.0358849
-0.0361074
-0.0362951
-0.0364483
-0.0365671
-0.0366516
-0.036702
-0.0367184
-0.0367009
-0.0366496
-0.0365645
-0.0364458
-0.0362935
-0.0361077
-0.0358887
-0.0356367
-0.0353517
-0.0350338
-0.0346831
-0.0343001
-0.0338852
-0.0334386
-0.0329609
-0.0324524
-0.0319135
-0.0313443
-0.030745
-0.0301153
-0.029455
-0.0287636
-0.0280402
-0.0272841
-0.0264942
-0.0256693
-0.0248083
-0.023913
-0.0229779
-0.0220079
-0.0210061
-0.0200534
-0.0191275
-0.0182338
-0.0173801
-0.0165717
-0.0158145
-0.015118
-0.0143125
-0.0134091
-0.0124429
-0.0114093
-0.0103017
-0.00931843
-0.00845297
-0.00767141
-0.0069546
-0.0061833
-0.00544164
-0.00475788
-0.00412395
-0.00353443
-0.00298787
-0.00248432
-0.00202422
-0.00160693
-0.00122487
-0.00087736
-0.000563319
-0.000285151
-3.9634e-05
0.000169819
0.000342568
0.000479151
0.000579731
0.000652486
