-0.099997
-0.0951696
-0.0883825
-0.0836434
-0.0836056
-0.0835522
-0.0834771
-0.0817581
-0.0816727
-0.0810341
-0.0810028
-0.0807503
-0.0807343
-0.0807151
-0.0806948
-0.0806748
-0.0806554
-0.0806371
-0.0806199
-0.0806038
-0.0805887
-0.0805746
-0.0805615
-0.0804563
-0.0804448
-0.0802495
-0.0802394
-0.0802304
-0.0802221
-0.0802143
-0.0802071
-0.0802005
-0.0801943
-0.0801885
-0.080183
-0.0801901
-0.080197
-0.080203
-0.0802088
-0.0802139
-0.0802187
-0.0800067
-0.080011
-0.0800151
-0.0800188
-0.0800225
-0.0800258
-0.0800289
-0.0800316
-0.080034
-0.0800362
-0.0800381
-0.0800398
-0.0800414
-0.0800428
-0.0800441
-0.0800453
-0.0800463
-0.0800476
-0.0800483
-0.0800485
-0.0800491
-0.0800497
-0.0800503
-0.080051
-0.0800517
-0.0800526
-0.0800535
-0.0800546
-0.0800549
0.0699417
0.0699252
0.0699065
0.0698647
0.0698234
0.0697852
0.0697508
0.0697204
0.0696935
0.0696698
0.0696489
0.0696304
0.069614
0.0695993
0.0695862
0.0695743
0.0695636
0.0695539
0.0695456
0.0695382
0.0695314
0.0695251
0.0695194
0.0695143
0.0695096
0.0695053
0.0695014
0.0694979
0.0694937
0.0694899
0.0694863
0.069483
0.0694798
0.0694769
0.0694741
0.0694715
0.0694691
0.0694667
0.0694645
0.0694624
0.0694604
0.0694585
0.0694426
0.06944
0.0694382
0.0694367
0.0694353
0.069434
0.0694329
0.0694321
0.0694314
0.0694313
0.0694332
0.0694325
0.0694308
0.0694287
0.0694333
0.0694302
0.0694427
0.0694406
0.0694416
0.0694425
0.0694417
0.0694414
0.0694409
0.0694412
0.0694411
0.069441
0.0694409
0.0694408
-0.0800277
-0.0799901
-0.079911
-0.0797913
-0.0796842
-0.0795808
-0.0794939
-0.0794345
-0.0794144
-0.0794454
-0.0795375
-0.079672
-0.080031
-0.0803477
-0.0806131
-0.0808214
-0.0809703
-0.0810592
-0.0811243
-0.0811789
-0.0812364
-0.0812927
-0.0813461
-0.0813968
-0.081445
-0.0814901
-0.0815321
-0.0815708
-0.0816066
-0.0816394
-0.0816696
-0.0816972
-0.0817225
-0.0817456
-0.0817668
-0.0817861
-0.0818036
-0.0818196
-0.0818341
-0.0818473
-0.0818591
-0.0818697
-0.0818791
-0.0818874
-0.0818945
-0.0819005
-0.0819053
-0.081909
-0.0819115
-0.0819127
-0.0819127
-0.0819092
-0.0819085
-0.0819087
-0.0819082
-0.0819078
-0.0819075
-0.0819072
-0.0819069
-0.0819065
-0.0819061
-0.0819054
-0.0819049
-0.0819043
-0.0819039
-0.0819035
-0.0819032
-0.0819031
-0.0819031
-0.0819033
0.0699117
0.0698657
0.0697723
0.069468
0.0691214
0.0687359
0.068333
0.0679307
0.0675472
0.0672031
0.0669381
0.0670071
0.0670753
0.0671088
0.0671249
0.0671462
0.0671711
0.0671974
0.0672213
0.0673164
0.0673941
0.0674055
0.067429
0.0674441
0.0674545
0.0674642
0.0674732
0.0674816
0.0674893
0.0674964
0.0675029
0.0675088
0.0675143
0.0675193
0.0675238
0.067528
0.0675317
0.0675352
0.0675383
0.0675412
0.0675438
0.0675462
0.0675483
0.0675502
0.0675519
0.0675535
0.0675549
0.0675561
0.0675572
0.0675581
0.067559
0.0675592
0.0675609
0.0675626
0.0675639
0.0675636
0.0675634
0.0675632
0.067563
0.0675637
0.067564
0.0675639
0.0675639
0.0675639
0.067564
0.067564
0.067564
0.067564
0.067564
0.067564
-0.0828462
-0.0828161
-0.0827252
-0.0826115
-0.0825253
-0.082452
-0.0823949
-0.0823646
-0.0823718
-0.0824172
-0.082488
-0.0825573
-0.0825877
-0.0826113
-0.0826336
-0.0826581
-0.0826833
-0.08269
-0.0827197
-0.0827462
-0.0827698
-0.0827909
-0.0828098
-0.0828268
-0.082842
-0.0828562
-0.0828696
-0.0828821
-0.0828936
-0.0829042
-0.082914
-0.082923
-0.0829313
-0.0829388
-0.0829458
-0.0829521
-0.0829579
-0.0829633
-0.0829681
-0.0829725
-0.0829765
-0.0829801
-0.0829832
-0.0829859
-0.0829881
-0.0829898
-0.082991
-0.0829915
-0.0829913
-0.0829904
-0.0829887
-0.0829854
-0.0829847
-0.082985
-0.0829845
-0.0829842
-0.0829839
-0.0829838
-0.0829836
-0.0829835
-0.0829834
-0.0829832
-0.0829832
-0.0829831
-0.082983
-0.082983
-0.082983
-0.0829829
-0.0829829
-0.0829829
0.0676093
0.067535
0.0674087
0.0672412
0.0670807
0.0669926
0.0669779
0.0669704
0.0669637
0.0669522
0.0669347
0.0669173
0.0668986
0.066862
0.0668487
0.0668362
0.0668246
0.0668139
0.066804
0.0667948
0.0667864
0.0667786
0.0667714
0.0667647
0.0667586
0.0667529
0.0667476
0.0667427
0.0667382
0.066734
0.0667301
0.0667265
0.0667231
0.06672
0.0667171
0.0667143
0.0667118
0.0667094
0.0667071
0.066705
0.066703
0.0667011
0.0666993
0.0666976
0.066696
0.0666945
0.066693
0.0666916
0.0666902
0.0666889
0.0666876
0.0666867
0.0666876
0.0666888
0.06669
0.0666896
0.0666894
0.0666893
0.0666891
0.06669
0.0666904
0.0666904
0.0666904
0.0666904
0.0666903
0.0666903
0.0666903
0.0666903
0.0666903
0.0666903
-0.0830756
-0.0830455
-0.0829771
-0.0829051
-0.0828851
-0.082894
-0.0829351
-0.0830197
-0.0831593
-0.0833459
-0.0835193
-0.0836182
-0.0836958
-0.0837569
-0.0838149
-0.0838728
-0.0839287
-0.0839644
-0.0840253
-0.0840804
-0.0841301
-0.084175
-0.0842157
-0.0842524
-0.0842865
-0.0843184
-0.0843479
-0.0843753
-0.0844005
-0.0844237
-0.0844451
-0.0844648
-0.0844829
-0.0844995
-0.0845147
-0.0845287
-0.0845415
-0.0845532
-0.0845638
-0.0845735
-0.0845823
-0.0845901
-0.0845971
-0.0846032
-0.0846084
-0.0846127
-0.084616
-0.0846183
-0.0846196
-0.0846197
-0.0846187
-0.0846149
-0.0846141
-0.0846142
-0.0846137
-0.0846133
-0.0846131
-0.084613
-0.0846129
-0.0846128
-0.0846127
-0.0846125
-0.0846124
-0.0846123
-0.0846122
-0.0846122
-0.0846121
-0.0846121
-0.0846121
-0.0846121
0.0666587
0.0665517
0.0663707
0.0661412
0.0658807
0.065665
0.0655452
0.0654364
0.0653318
0.0652356
0.0651476
0.0650668
0.0649925
0.0649243
0.0648616
0.0648038
0.0647507
0.0647019
0.064657
0.0646157
0.0645777
0.0645428
0.0645107
0.0644811
0.064454
0.0644292
0.0644064
0.0643856
0.0643667
0.0643496
0.064334
0.06432
0.0643074
0.0642963
0.0642865
0.0642782
0.0642712
0.0642656
0.0642618
0.0642581
0.0642545
0.0642508
0.0642469
0.0642429
0.0642386
0.0642338
0.0642286
0.064223
0.064217
0.0642106
0.0642029
0.0641963
0.0641944
0.064174
0.0641736
0.0641739
0.0641746
0.0641751
0.0641754
0.0641824
0.0641893
0.0641929
0.064194
0.0641939
0.0641939
0.0641941
0.0641942
0.0641942
0.0641941
0.0641941
-0.0848067
-0.084778
-0.0847347
-0.0846928
-0.0846545
-0.0846327
-0.0846395
-0.0846859
-0.0847943
-0.0849951
-0.0853007
-0.085564
-0.085776
-0.0859293
-0.0860548
-0.0861579
-0.0862531
-0.0863408
-0.0864213
-0.0864951
-0.0865627
-0.0866245
-0.0866817
-0.0867357
-0.0867856
-0.0868313
-0.086873
-0.0869108
-0.0869448
-0.0869753
-0.0870023
-0.0870261
-0.0870468
-0.0870639
-0.0870872
-0.0871085
-0.0871281
-0.0871451
-0.0871608
-0.0871752
-0.0871885
-0.0872005
-0.0872116
-0.0872051
-0.0872171
-0.087226
-0.0872323
-0.0872363
-0.0872395
-0.0872417
-0.0872428
-0.0872406
-0.0872405
-0.0872395
-0.0872388
-0.0872384
-0.087238
-0.0872377
-0.0872373
-0.0872369
-0.0872364
-0.0872359
-0.0872356
-0.0872428
-0.0872429
-0.0872429
-0.087243
-0.087243
-0.087243
-0.087243
0.0644668
0.0644365
0.0643041
0.0641098
0.0638638
0.0635764
0.0632571
0.062913
0.0627535
0.0626383
0.0625494
0.0624759
0.062411
0.0623502
0.0622897
0.0622263
0.0621675
0.0621133
0.0620633
0.0620172
0.0619747
0.0619356
0.0618994
0.0618661
0.0618354
0.061807
0.0617808
0.0617565
0.0617341
0.0617133
0.061694
0.0616762
0.0616596
0.0616441
0.0616297
0.0616163
0.0616037
0.0615919
0.0615809
0.0615705
0.0615608
0.0615515
0.0615428
0.0615344
0.0615265
0.061519
0.0615117
0.0615047
0.061498
0.0614915
0.0614852
0.0614804
0.0614792
0.0614793
0.0614797
0.0614793
0.0614789
0.0614812
0.0614881
0.0614898
0.0614943
0.0614943
0.0614947
0.0614949
0.0614949
0.0614948
0.0614949
0.0614949
0.061495
0.061495
-0.0873393
-0.0873048
-0.0872633
-0.0872423
-0.0872357
-0.0872517
-0.0873002
-0.0873928
-0.0875379
-0.0877054
-0.0879946
-0.0882361
-0.0884272
-0.0885909
-0.0887265
-0.0888406
-0.0889442
-0.0890385
-0.0891251
-0.0892053
-0.0892795
-0.0893479
-0.0894109
-0.089469
-0.0895225
-0.0895718
-0.0896171
-0.0896589
-0.0896972
-0.0897326
-0.089765
-0.0897949
-0.0898223
-0.0898475
-0.0898705
-0.0898917
-0.0899111
-0.0899287
-0.0899449
-0.0899595
-0.0899727
-0.0899846
-0.0899952
-0.0900045
-0.0900125
-0.0900193
-0.0900247
-0.0900288
-0.0900315
-0.0900328
-0.0900326
-0.0900286
-0.0900276
-0.0900277
-0.0900272
-0.0900269
-0.0900267
-0.0900265
-0.0900262
-0.090026
-0.0900257
-0.0900253
-0.090025
-0.0900245
-0.0900241
-0.0900236
-0.090023
-0.0900227
-0.0900224
-0.0900223
0.0619002
0.0618563
0.0617661
0.0615437
0.0613
0.0610248
0.0607108
0.0604821
0.0602742
0.0600946
0.0598224
0.0596458
0.059511
0.0594199
0.0593455
0.0592789
0.0592201
0.0591686
0.0591236
0.0590843
0.0590497
0.0590168
0.0590517
0.0590851
0.0591122
0.0591265
0.0591214
0.0591122
0.0591025
0.0590921
0.0590811
0.0590692
0.0590562
0.0590254
0.05902
0.0590147
0.0590098
0.0590053
0.0590011
0.0589972
0.0589935
0.0589901
0.0589869
0.058984
0.0589812
0.0589786
0.0589762
0.0589739
0.0589717
0.0589697
0.0589677
0.0589664
0.0589671
0.0589683
0.0589677
0.0589674
0.0589671
0.0589669
0.0589684
0.058969
0.0589692
0.0589691
0.058969
0.058969
0.0589691
0.058969
0.058969
0.0589689
0.0589688
0.0589688
-0.0905606
-0.0905311
-0.0904772
-0.090417
-0.0903923
-0.0904175
-0.0904851
-0.0905997
-0.0907688
-0.0909721
-0.0911754
-0.0913723
-0.091517
-0.0916058
-0.0916809
-0.0917488
-0.0918135
-0.0918766
-0.0919368
-0.0919936
-0.0920465
-0.0920947
-0.0921406
-0.0921829
-0.0922208
-0.0922551
-0.0922861
-0.0923139
-0.0923384
-0.0923593
-0.0923824
-0.0924031
-0.0924221
-0.0924396
-0.0924557
-0.0924528
-0.0924679
-0.0924805
-0.092491
-0.0925007
-0.0925096
-0.0925177
-0.092525
-0.0925313
-0.0925368
-0.0925413
-0.0925448
-0.0925472
-0.0925486
-0.0925488
-0.0925478
-0.092544
-0.092543
-0.0925421
-0.0925413
-0.0925409
-0.0925405
-0.0925401
-0.0925397
-0.0925392
-0.0925387
-0.0925381
-0.0925431
-0.0925433
-0.0925434
-0.0925435
-0.0925435
-0.0925436
-0.0925436
-0.0925436
0.0588059
0.0587691
0.0586244
0.0584495
0.0582335
0.0579871
0.05772
0.0574395
0.0573398
0.0572729
0.0572265
0.0571917
0.0571637
0.0571385
0.0571131
0.0570848
0.0570513
0.0570187
0.0569887
0.056961
0.0569355
0.0569119
0.0568902
0.0568701
0.0568515
0.0568343
0.0568183
0.0568035
0.0567897
0.0567769
0.056765
0.0567539
0.0567435
0.0567337
0.0567246
0.0567159
0.0567078
0.0567001
0.0566928
0.0566858
0.0566792
0.0566728
0.0566667
0.0566607
0.056655
0.0566495
0.0566441
0.0566388
0.0566336
0.0566285
0.0566234
0.0566193
0.0566184
0.0566187
0.0566193
0.0566189
0.0566187
0.0566185
0.0566183
0.056618
0.0566178
0.0566175
0.0566174
0.0566174
0.0566175
0.0566176
0.0566179
0.056618
0.056618
0.0566179
-0.0926635
-0.0926363
-0.0925982
-0.0925862
-0.0926083
-0.0926635
-0.0927571
-0.0928961
-0.0930874
-0.0933025
-0.0935073
-0.0936921
-0.09385
-0.0939912
-0.0940786
-0.0941531
-0.0942189
-0.0942763
-0.0943266
-0.094356
