0.099997
0.0925053
0.0842512
0.0788132
0.0788469
0.0766514
0.0741414
0.0741559
0.0720648
0.0720613
0.0710142
0.0709923
0.070982
0.0709746
0.0709691
0.0709647
0.070961
0.0709579
0.0709552
0.0709528
0.0709507
0.0709489
0.0709473
0.0709459
0.0709446
0.0709436
0.0709426
0.0709438
0.0709449
0.0709459
0.0709468
0.0709476
0.0709484
0.0709491
0.0709498
0.0709027
0.0707356
0.0707343
0.0706633
0.0706622
0.0702622
0.0702569
0.0702558
0.0702549
0.0702539
0.0701266
0.0700552
0.0700148
0.0699915
0.0699777
0.0699693
0.069964
0.0699604
0.0699578
0.0699558
0.0699542
0.0699528
0.0699517
0.0699504
0.0699496
0.0699494
0.0699488
0.0699482
0.0699476
0.0699469
0.0699461
0.0699453
0.0699443
0.0699433
0.0699429
-0.0800561
-0.0800534
-0.0800444
-0.0800561
-0.0800686
-0.0800807
-0.0800917
-0.0801013
-0.0801096
-0.0801165
-0.0801222
-0.0801267
-0.0801301
-0.0801326
-0.0801341
-0.0801348
-0.0801347
-0.080134
-0.0801321
-0.0801295
-0.080127
-0.0801246
-0.080122
-0.0801193
-0.0801164
-0.0801134
-0.0801104
-0.0801073
-0.0801049
-0.0801023
-0.0800994
-0.0800964
-0.0800932
-0.0800898
-0.0800864
-0.0800828
-0.0800791
-0.0800753
-0.0800715
-0.0800675
-0.0800635
-0.0800594
-0.0800691
-0.0800688
-0.0800685
-0.0800682
-0.0800679
-0.0800675
-0.0800672
-0.0800669
-0.0800667
-0.0800665
-0.0800664
-0.0800694
-0.0800746
-0.0800805
-0.0800734
-0.0800583
-0.0800285
-0.0800288
-0.0800281
-0.0800277
-0.0800281
-0.0800285
-0.0800287
-0.080027
-0.0800271
-0.0800273
-0.0800274
-0.0800276
0.0694406
0.0694588
0.0694773
0.0695352
0.0695888
0.0696543
0.0697302
0.0698166
0.069914
0.0700229
0.0701439
0.0702724
0.0701723
0.0700911
0.0700256
0.0699745
0.069937
0.0699127
0.0699021
0.0699022
0.0699022
0.0699022
0.0699022
0.0699023
0.0699023
0.0699023
0.0699023
0.0699023
0.0699024
0.0699024
0.0699024
0.0699024
0.0699025
0.0699025
0.0699025
0.0699025
0.0699025
0.0699025
0.0699025
0.0699025
0.0699025
0.0699025
0.0699025
0.0699025
0.0699024
0.0699024
0.0699023
0.0699023
0.0699022
0.0699021
0.069902
0.0699019
0.0699017
0.0699016
0.0699024
0.0699037
0.0699048
0.0699058
0.0699068
0.0699078
0.0699088
0.0699095
0.0699104
0.0699113
0.0699116
0.0699119
0.0699121
0.0699122
0.0699121
0.069912
-0.0819036
-0.0818811
-0.0818418
-0.0819719
-0.0820893
-0.0822213
-0.0823662
-0.0825225
-0.0826896
-0.0828655
-0.0830362
-0.0829284
-0.0828579
-0.0828416
-0.0828509
-0.0828627
-0.0828771
-0.0828945
-0.0829174
-0.0828665
-0.0828346
-0.0828462
-0.0828412
-0.0828396
-0.0828396
-0.0828397
-0.0828397
-0.0828397
-0.0828398
-0.0828398
-0.0828399
-0.0828399
-0.0828399
-0.08284
-0.08284
-0.08284
-0.08284
-0.0828401
-0.0828401
-0.0828401
-0.0828401
-0.0828401
-0.0828401
-0.0828402
-0.0828402
-0.0828402
-0.0828402
-0.0828402
-0.0828402
-0.0828402
-0.0828401
-0.0828401
-0.0828401
-0.0828401
-0.0828401
-0.0828417
-0.0828428
-0.0828437
-0.0828443
-0.0828453
-0.0828458
-0.082846
-0.0828461
-0.082846
-0.082846
-0.082846
-0.0828461
-0.0828461
-0.0828462
-0.0828462
0.0675639
0.0675624
0.0675912
0.0676256
0.0676255
0.0676155
0.067602
0.0675839
0.06756
0.067531
0.0675002
0.0674784
0.0674951
0.0675132
0.06753
0.0675471
0.067565
0.0676019
0.067602
0.067602
0.0676021
0.0676021
0.0676022
0.0676022
0.0676022
0.0676023
0.0676023
0.0676024
0.0676024
0.0676025
0.0676025
0.0676026
0.0676026
0.0676026
0.0676027
0.0676027
0.0676028
0.0676028
0.0676029
0.0676029
0.0676029
0.067603
0.067603
0.067603
0.0676031
0.0676031
0.0676031
0.0676031
0.0676031
0.0676031
0.0676031
0.0676031
0.0676031
0.0676031
0.0676041
0.0676052
0.067606
0.0676067
0.0676072
0.0676077
0.0676081
0.0676085
0.0676086
0.0676089
0.067609
0.067609
0.0676091
0.0676092
0.0676092
0.0676092
-0.0829829
-0.0830025
-0.0830392
-0.0830961
-0.0831538
-0.0831551
-0.0831101
-0.083077
-0.0830554
-0.0830462
-0.0830461
-0.0830473
-0.0830503
-0.0830709
-0.0830709
-0.0830709
-0.083071
-0.083071
-0.083071
-0.0830711
-0.0830711
-0.0830711
-0.0830712
-0.0830712
-0.0830712
-0.0830713
-0.0830713
-0.0830713
-0.0830714
-0.0830714
-0.0830714
-0.0830715
-0.0830715
-0.0830715
-0.0830715
-0.0830716
-0.0830716
-0.0830716
-0.0830716
-0.0830716
-0.0830716
-0.0830717
-0.0830717
-0.0830717
-0.0830717
-0.0830717
-0.0830717
-0.0830717
-0.0830717
-0.0830717
-0.0830716
-0.0830716
-0.0830716
-0.0830716
-0.0830716
-0.0830727
-0.0830735
-0.0830741
-0.0830745
-0.0830755
-0.0830759
-0.0830759
-0.0830758
-0.0830758
-0.0830758
-0.0830758
-0.0830757
-0.0830757
-0.0830757
-0.0830757
0.0666903
0.0666926
0.0667211
0.0667508
0.0667358
0.0667088
0.0666754
0.0666342
0.0665827
0.0665155
0.0664671
0.0664871
0.0665133
0.0665357
0.066558
0.0665814
0.0666066
0.0666508
0.0666513
0.0666513
0.0666514
0.0666514
0.0666515
0.0666515
0.0666516
0.0666516
0.0666516
0.0666517
0.0666517
0.0666518
0.0666518
0.0666519
0.0666519
0.0666519
0.066652
0.066652
0.066652
0.0666521
0.0666521
0.0666521
0.0666522
0.0666522
0.0666522
0.0666522
0.0666522
0.0666522
0.0666522
0.0666522
0.0666522
0.0666522
0.0666522
0.0666521
0.0666521
0.066652
0.0666529
0.0666539
0.0666548
0.0666555
0.066656
0.0666565
0.066657
0.0666574
0.0666577
0.0666581
0.0666584
0.0666585
0.0666586
0.0666586
0.0666588
0.0666588
-0.0846121
-0.0846319
-0.0846678
-0.084717
-0.0847774
-0.084817
-0.0847932
-0.0847809
-0.0847799
-0.0847799
-0.0847799
-0.08478
-0.08478
-0.08478
-0.08478
-0.0847801
-0.0847801
-0.0847801
-0.0847801
-0.0847802
-0.0847802
-0.0847802
-0.0847803
-0.0847803
-0.0847803
-0.0847804
-0.0847804
-0.0847804
-0.0847804
-0.0847804
-0.0847805
-0.0847805
-0.0847805
-0.0847805
-0.0847804
-0.0847804
-0.0847803
-0.0847803
-0.0847801
-0.08478
-0.0847799
-0.0847798
-0.0847796
-0.0847795
-0.0847793
-0.084779
-0.0847786
-0.084778
-0.0847773
-0.0847771
-0.0847771
-0.084777
-0.0847778
-0.0847994
-0.0848001
-0.0848005
-0.0848006
-0.0848008
-0.084801
-0.0848023
-0.0848095
-0.0848132
-0.0848096
-0.0848076
-0.0848065
-0.0848068
-0.0848069
-0.0848069
-0.0848068
-0.0848067
0.064194
0.0642018
0.0642276
0.0642665
0.0643218
0.0643917
0.0644755
0.0645735
0.0646773
0.0647254
0.0646537
0.0645966
0.0645541
0.0645277
0.0645163
0.0645163
0.0645163
0.0645163
0.0645164
0.0645164
0.0645164
0.0645164
0.0645164
0.0645164
0.0645162
0.064516
0.0645156
0.0645152
0.0645148
0.0645145
0.0645144
0.0645144
0.0645147
0.0645161
0.0645089
0.0645017
0.0644943
0.0644884
0.0644821
0.0644757
0.0644691
0.0644623
0.0644554
0.0644643
0.0644642
0.0644642
0.0644643
0.0644643
0.0644644
0.0644645
0.0644645
0.0644646
0.0644646
0.0644651
0.0644669
0.0644684
0.0644696
0.0644707
0.0644716
0.0644725
0.0644733
0.064474
0.0644743
0.0644671
0.064467
0.0644669
0.0644669
0.0644669
0.0644668
0.0644668
-0.0872431
-0.0872419
-0.0872602
-0.0872903
-0.087332
-0.0873845
-0.0874477
-0.0875218
-0.0874733
-0.087435
-0.0874035
-0.0873779
-0.0873583
-0.0873448
-0.0873376
-0.087337
-0.0873371
-0.0873371
-0.0873371
-0.0873371
-0.0873372
-0.0873372
-0.0873372
-0.0873373
-0.0873373
-0.0873373
-0.0873374
-0.0873374
-0.0873374
-0.0873375
-0.0873375
-0.0873375
-0.0873376
-0.0873376
-0.0873376
-0.0873376
-0.0873377
-0.0873377
-0.0873377
-0.0873377
-0.0873377
-0.0873378
-0.0873378
-0.0873378
-0.0873378
-0.0873378
-0.0873378
-0.0873378
-0.0873378
-0.0873378
-0.0873378
-0.0873378
-0.0873377
-0.0873377
-0.0873377
-0.0873387
-0.0873394
-0.0873405
-0.0873391
-0.087338
-0.0873376
-0.0873377
-0.0873382
-0.0873384
-0.0873385
-0.0873391
-0.0873393
-0.0873393
-0.0873393
-0.0873393
0.061495
0.0615162
0.0615563
0.061596
0.0616479
0.0617123
0.0617891
0.061877
0.0619766
0.0620595
0.0619976
0.0619495
0.0619163
0.0618958
0.0618883
0.0618884
0.0618884
0.0618884
0.0618884
0.0618885
0.0618885
0.0618885
0.0618885
0.0618886
0.0618886
0.0618886
0.0618886
0.0618886
0.0618887
0.0618887
0.0618887
0.0618887
0.0618887
0.0618887
0.0618887
0.0618887
0.0618887
0.0618887
0.0618887
0.0618887
0.0618886
0.0618886
0.0618886
0.0618885
0.0618885
0.0618884
0.0618883
0.0618882
0.0618881
0.061888
0.0618878
0.0618877
0.0618875
0.0618873
0.0618879
0.061889
0.0618899
0.0618906
0.0618914
0.0618921
0.0618928
0.0618935
0.0618942
0.0618949
0.0618956
0.0618963
0.0618969
0.0618977
0.0618987
0.0618999
-0.0900223
-0.0899977
-0.0899572
-0.09004
-0.090103
-0.0901674
-0.0902426
-0.0902156
-0.090163
-0.0900872
-0.0901717
-0.0902159
-0.0902633
-0.0903057
-0.0903465
-0.090387
-0.090427
-0.0904667
-0.090506
-0.090545
-0.0905842
-0.0906257
-0.0905961
-0.0905695
-0.0905479
-0.0905343
-0.0905328
-0.0905328
-0.0905332
-0.0905341
-0.0905354
-0.0905373
-0.0905399
-0.09056
-0.0905561
-0.0905523
-0.0905523
-0.0905523
-0.0905523
-0.0905524
-0.0905524
-0.0905524
-0.0905524
-0.0905524
-0.0905524
-0.0905525
-0.0905525
-0.0905525
-0.0905525
-0.0905525
-0.0905524
-0.0905524
-0.0905524
-0.0905524
-0.0905542
-0.0905557
-0.0905568
-0.0905577
-0.0905596
-0.0905606
-0.0905611
-0.0905609
-0.0905608
-0.0905607
-0.0905606
-0.0905607
-0.0905607
-0.0905608
-0.0905608
-0.0905606
0.0589688
0.0589733
0.0589992
0.0590359
0.059048
0.0590298
0.058998
0.0589582
0.0589117
0.058863
0.0588184
0.0587715
0.0587498
0.0587548
0.0587623
0.0587682
0.0587733
0.058778
0.0587823
0.0587862
0.0587898
0.0587942
0.0587942
0.0587942
0.0587942
0.0587943
0.0587943
0.0587946
0.0587951
0.0587962
0.0587926
0.0587917
0.0587903
0.0587886
0.0587866
0.0588015
0.0588016
0.0588016
0.0588016
0.0588017
0.0588018
0.0588018
0.0588019
0.0588019
0.058802
0.058802
0.0588021
0.0588021
0.0588021
0.0588022
0.0588022
0.0588022
0.0588022
0.0588024
0.058804
0.0588054
0.0588066
0.0588077
0.0588087
0.0588097
0.0588106
0.0588114
0.0588065
0.0588063
0.0588061
0.0588061
0.0588061
0.058806
0.058806
0.0588059
-0.0925437
-0.0925439
-0.0925827
-0.0926175
-0.0926637
-0.0927209
-0.0927885
-0.0928672
-0.0928179
-0.0927793
-0.0927468
-0.0927191
-0.0926962
-0.0926784
-0.0926658
-0.0926587
-0.0926576
-0.0926576
-0.0926576
-0.0926576
-0.0926577
-0.0926577
-0.0926577
-0.0926578
-0.0926578
-0.0926578
-0.0926579
-0.0926579
-0.0926579
-0.092658
-0.092658
-0.092658
-0.0926581
-0.0926581
-0.0926581
-0.0926581
-0.0926582
-0.0926582
-0.0926582
-0.0926582
-0.0926582
-0.0926583
-0.0926583
-0.0926583
-0.0926583
-0.0926583
-0.0926583
-0.0926583
-0.0926583
-0.0926583
-0.0926583
-0.0926583
-0.0926582
-0.0926582
-0.0926582
-0.0926591
-0.0926599
-0.0926606
-0.0926611
-0.0926616
-0.092662
-0.0926624
-0.0926626
-0.0926626
-0.0926628
-0.092663
-0.0926633
-0.0926632
-0.0926633
-0.0926634
0.0566178
0.0566281
0.0566503
0.0566688
0.0566673
0.0566539
0.0566306
0.0565986
0.0565592
0.0565186
0.0564848
0.0564553
0.05643
0.0564056
0.0564055
0.0564046
0.0564025
0.0563989
0.0563931
0.0564087
