0
-0.000306207
-0.000207296
-0.000114181
-0.00231287
-0.0381035
-0.0637381
-0.00750931
-0.0595709
-0.00742649
-0.0314505
-0.00482252
-0.0010573
-0.00200175
-0.00415048
-0.00610159
-0.00794855
-0.00974602
-0.0114904
-0.0132099
-0.0149089
-0.0165879
-0.0182454
-0.0194028
-0.0218222
-0.0224873
-0.0256656
-0.0270946
-0.0286127
-0.0300931
-0.0315256
-0.0329064
-0.0342357
-0.0355036
-0.0366763
-0.0388419
-0.0386766
-0.0364184
-0.035887
-0.0351494
-0.0376031
-0.0272498
-0.0368208
-0.0413309
-0.046059
-0.0500972
-0.0477852
-0.0464046
-0.0453543
-0.0444486
-0.0436275
-0.0428521
-0.0420963
-0.0413419
-0.0405746
-0.0397788
-0.0389563
-0.0380983
-0.0479992
-0.0421883
-0.0367203
-0.0335551
-0.032037
-0.0305276
-0.0290261
-0.0275316
-0.0260432
-0.02456
-0.0230813
-0.0246423
-0.0361334
-0.0260308
-0.0235411
-0.0191159
-0.0174794
-0.0159263
-0.0144268
-0.0127737
-0.0111078
-0.00944158
-0.00777789
-0.00611733
-0.0044593
-0.00280266
-0.00114597
0.000512465
0.00217399
0.00384018
0.00557125
0.00727681
0.00894233
0.010614
0.0123201
0.0140289
0.015772
0.0175234
0.0192931
0.0210828
0.0228165
0.0246547
0.0265079
0.0283772
0.0302812
0.0322114
0.0341575
0.0361132
0.0380757
0.0400472
0.0420347
0.0440489
0.0461039
0.048232
0.0482389
0.0526503
0.0553016
0.0576586
0.0599464
0.0622809
0.0648566
0.0675774
0.0703982
0.0731004
0.0765
0.0716981
0.0694941
0.0668891
0.0683074
0.07845
0.0760716
0.081285
0.0864366
0.0895312
0.0907019
0.0919706
0.099527
0.0873681
0.0762642
0.0663948
0.0607069
0.0545602
0.0472118
0.0594377
0.0617221
0.0584511
0.0545575
0.0515508
0.0486154
0.0456509
0.0425792
0.0393409
0.0358943
0.0322639
0.0186924
0.0171563
0.0156405
0.0142244
0.012903
0.0116465
0.0093853
0.00674779
0.00371499
0.000812797
-0.00202528
-0.00474139
-0.0073915
-0.0100696
-0.0127677
-0.0154821
-0.0182118
-0.020957
-0.0237129
-0.0264819
-0.0292737
-0.0320869
-0.0349193
-0.0377708
-0.040642
-0.0435346
-0.0464507
-0.049393
-0.0523651
-0.0553714
-0.0584177
-0.0615109
-0.0646578
-0.0678648
-0.0711384
-0.0744852
-0.0779113
-0.0814233
-0.0850261
-0.0886132
-0.0932717
-0.0974374
-0.0837981
-0.0774912
-0.0709428
-0.0640148
-0.0568166
-0.0494084
-0.0418165
-0.034036
-0.026012
-0.0176823
-0.0311798
-0.0419334
-0.0526412
-0.0633093
-0.0724516
-0.0815453
-0.0907411
-0.100917
-0.104368
-0.0938154
-0.0832148
-0.0741871
-0.0684126
-0.0665667
-0.0643893
-0.061837
-0.0574018
-0.0355823
-0.0276077
-0.0273882
-0.0231234
-0.0202902
-0.0174452
-0.0145761
-0.0118511
-0.00624352
-0.00623871
-0.0057663
-0.00275022
-0.000457914
0.00203203
0.00479136
0.00749524
0.0101894
0.0128763
0.015557
0.0182139
0.0208498
0.0234896
0.0261222
0.0287349
0.0313209
0.0338765
0.0363992
0.0388888
0.0413478
0.0437808
0.0461955
0.0486049
0.0510252
0.0534718
0.0559594
0.0585021
0.0611137
0.0638074
0.0665916
0.0694685
0.0722436
0.0756004
0.078552
0.0812674
0.0775012
0.0746464
0.071614
0.0697144
0.0744936
0.077282
0.0784185
0.0785529
0.0780165
0.0769942
0.0756098
0.0739211
0.071942
0.0697004
0.067214
0.0645
0.0668238
0.0631191
0.0596938
0.0548212
0.0510579
0.0475556
0.0439362
0.0401202
0.0364598
0.0336972
0.0309974
0.0299317
0.0274478
0.0243731
0.0214672
0.0186483
0.0186478
0.0127846
0.0100029
0.00721865
0.00443429
0.0016498
-0.00113587
-0.00392433
-0.00665423
-0.00937722
-0.0121124
-0.0148595
-0.0176194
-0.0203878
-0.0231675
-0.0259677
-0.0287872
-0.0316241
-0.0344784
-0.037351
-0.0402434
-0.0431579
-0.0460973
-0.0490655
-0.0520669
-0.0551077
-0.0581951
-0.0613362
-0.0645377
-0.0678063
-0.0711486
-0.0745713
-0.0780794
-0.0816765
-0.0852708
-0.0898644
-0.0939831
-0.0803824
-0.077072
-0.0752122
-0.0732104
-0.0711185
-0.0689659
-0.0667711
-0.0645381
-0.0657079
-0.0633952
-0.0650962
-0.0653909
-0.0654288
-0.0630176
-0.063999
-0.0638386
-0.0613678
-0.0596257
-0.0573098
-0.0554858
-0.0529112
-0.0480148
-0.0437126
-0.0419786
-0.0403387
-0.0383236
-0.035621
-0.0321011
-0.0284535
-0.0284518
-0.0244071
-0.0225135
-0.0203332
-0.0175552
-0.0147777
-0.0120089
-0.00924916
-0.00649856
-0.00375713
-0.00102477
0.00169871
0.00441363
0.00712035
0.00981935
0.0125112
0.0151965
0.0178575
0.0204971
0.0231399
0.0257749
0.0283894
0.0309763
0.0335315
0.0360528
0.0385404
0.0409965
0.043426
0.0458365
0.048241
0.0506559
0.0530968
0.0555782
0.0581145
0.0607193
0.0634062
0.0661835
0.0690539
0.071822
0.0751396
0.0780607
0.0807506
0.0769768
0.0740958
0.0710403
0.0691884
0.0740358
0.0767938
0.0779389
0.0780433
0.0774855
0.0764591
0.0750627
0.0733524
0.0713661
0.0691187
0.0666325
0.0639185
0.0664133
0.0625263
0.058639
0.0523722
0.0479351
0.0441283
0.0402067
0.0360306
0.0319281
0.029808
0.0300556
0.0278421
0.0253398
0.0224524
0.0195931
0.0168385
0.0168393
0.0107428
0.00791093
0.00509449
0.00228266
-0.000526516
-0.00333556
-0.00605886
-0.00876674
-0.0114948
-0.0142392
-0.0169988
-0.0197738
-0.0225597
-0.0253589
-0.028181
-0.0310243
-0.0338871
-0.0367695
-0.0396721
-0.0425967
-0.0455454
-0.0485211
-0.0515275
-0.0545692
-0.0576523
-0.060784
-0.0639712
-0.0672204
-0.0705385
-0.073932
-0.0774074
-0.0809699
-0.0846228
-0.088266
-0.0929521
-0.0971531
-0.0835546
-0.0777287
-0.0759399
-0.0740055
-0.071982
-0.0698982
-0.0677719
-0.0656073
-0.0634048
-0.0611673
-0.0588966
-0.0618034
-0.0622461
-0.0622053
-0.0597989
-0.063097
-0.0645702
-0.0631405
-0.0610977
-0.0592631
-0.0573594
-0.0540843
-0.0477403
-0.0456807
-0.0437161
-0.0408974
-0.0380044
-0.0351229
-0.0322524
-0.0293929
-0.0265444
-0.0237069
-0.0208795
-0.0180653
-0.0152626
-0.0124707
-0.00968977
-0.00691972
-0.00416043
-0.00141173
0.00132676
0.00410819
0.00702619
0.0100876
0.0132995
0.0164112
0.0193971
0.0225802
0.0259926
0.0296406
0.033536
0.0377069
0.0422151
0.0472318
0.0542081
0.056278
0.0583304
0.0603797
0.0624652
0.0646059
0.0668064
0.0690826
0.0714396
0.073884
0.0764269
0.0789143
0.0815039
0.0842981
0.0877849
0.0877798
0.0766839
0.0739182
0.0709886
0.0680257
0.0650414
0.0694535
0.0722999
0.0746534
0.0755785
0.075119
0.0739391
0.0725368
0.0708783
0.0689251
0.0667126
0.0642535
0.061563
0.0643892
0.0591009
0.055588
0.0525275
0.0496049
0.04667
0.0436325
0.0400847
0.0343879
0.0257362
0.0230193
0.0206804
0.0187133
0.0166074
0.0143706
0.0116052
0.00887438
0.00616316
0.00346203
0.000765077
-0.00193169
-0.00455697
-0.00717469
-0.00978797
-0.0124111
-0.0150476
-0.0176994
-0.0203681
-0.023055
-0.0257559
-0.028785
-0.0319002
-0.0350614
-0.0381746
-0.0408965
-0.043651
-0.0463898
-0.0492152
-0.0520801
-0.0549755
-0.0579065
-0.0608793
-0.0608623
-0.0670517
-0.0704019
-0.0738233
-0.0773225
-0.080735
-0.0842283
-0.0878309
-0.0914298
-0.0960946
-0.0798312
-0.0751635
-0.0698878
-0.0640223
-0.057673
-0.0509956
-0.0440602
-0.0368629
-0.029297
-0.0422092
-0.042263
-0.064093
-0.0748855
-0.077129
-0.0750647
-0.0727352
-0.0701878
-0.0674217
-0.0706672
-0.064247
-0.0625364
-0.0609857
-0.0593286
-0.0575308
-0.0556849
-0.0420386
-0.038959
-0.0363329
-0.0338274
-0.0314092
-0.0290758
-0.026828
-0.0246678
-0.0219252
-0.0190109
-0.0161593
-0.0133363
-0.0105338
-0.00774772
-0.00497564
-0.00221612
0.000531821
0.00326895
0.00599595
0.00871348
0.0114222
0.0141229
0.016798
0.0194504
0.0221047
0.0247498
0.0273732
0.0299679
0.0325295
0.0350562
0.0375481
0.0400074
0.042439
0.0448507
0.0472554
0.0496699
0.0521096
0.0545895
0.0571239
0.0597265
0.0624112
0.0651862
0.0680544
0.0707763
0.0741616
0.0771305
0.0798716
0.0687987
0.0608608
0.0560382
0.0591997
0.0611704
0.061196
0.0706474
0.0746898
0.076102
0.0751192
0.0736676
0.0720028
0.0700454
0.067821
0.0653541
0.0626561
0.0644666
0.0613309
0.0569492
0.0534682
0.0501292
0.046821
0.0435082
0.0400488
0.0362223
0.0273494
0.025635
0.0239761
0.0217055
0.0195015
0.017059
0.0142339
0.0114152
0.00866688
0.00598034
0.00327572
0.000560248
-0.00216255
-0.00489164
-0.00762731
-0.0103706
-0.0131231
-0.0158865
-0.0186629
-0.0214543
-0.024257
-0.0270741
-0.0299153
-0.0327794
-0.0356645
-0.0385708
-0.041499
-0.0444508
-0.0474284
-0.0504346
-0.0534732
-0.0565488
-0.0596673
-0.062836
-0.0660614
-0.0693504
-0.0727095
-0.0761451
-0.0796639
-0.0832707
-0.086969
-0.0906506
-0.0954162
-0.0996869
-0.0860956
-0.0811813
-0.0766315
-0.0716774
-0.06646
-0.061025
-0.0553985
-0.049584
-0.0435754
-0.0373643
-0.0309299
-0.0242252
-0.0170754
-0.030122
-0.0408349
-0.0515057
-0.062131
-0.0713892
-0.0746012
-0.0743697
-0.071645
-0.0699326
-0.0684816
-0.0604959
-0.057326
-0.0541227
-0.0498506
-0.0414726
-0.0381905
-0.0342289
-0.0309712
-0.0285019
-0.0260731
-0.0236674
-0.0212916
-0.0189571
-0.0166958
-0.0147814
-0.00178583
0.00177131
0.00399814
0.0058372
0.00714985
0.00960037
0.0124778
0.0153671
0.018181
0.0209279
0.0236091
0.0236069
0.0285447
0.0310952
0.0334259
0.0359238
0.0383807
0.0408271
0.0432512
0.0456589
0.048062
0.0504761
0.0529163
0.0554029
0.0579445
0.0605514
0.0632352
0.0660048
0.06887
0.0716618
0.0749615
0.077868
0.073659
0.0710036
0.0681082
0.0650337
0.0682913
0.0737087
0.0764637
0.077623
0.0777458
0.0772137
0.0761949
0.0747868
0.0730787
0.0710772
0.0688411
0.0663705
0.0636449
0.0662051
0.0630974
0.0595886
0.0544977
0.0489006
0.0444355
0.0404128
0.03627
0.0326455
0.0302245
0.0276267
0.02612
0.0249592
0.0221927
0.0192362
0.0163555
0.0135524
0.0107991
0.00806982
0.00535662
0.00271479
-0.000287236
-0.00308721
-0.00589837
-0.00868669
-0.0114348
-0.01419
-0.0169548
-0.0197235
-0.0226722
-0.0253443
-0.0281173
-0.030925
-0.0337474
-0.0337412
-0.0395204
-0.0425637
-0.0456302
-0.0485945
-0.0515933
-0.0546345
-0.057721
-0.0608583
-0.0640522
-0.067309
-0.070635
-0.0740366
-0.0775204
-0.0810913
-0.0847526
-0.0884033
-0.0931017
-0.0777364
-0.0726712
-0.0669944
-0.0607137
-0.0539784
-0.0468555
-0.0394808
-0.0318624
-0.0239246
-0.0240044
-0.050655
-0.0614696
-0.0722631
-0.0753818
-0.0739255
-0.0717187
-0.0692821
-0.0666234
-0.0700191
-0.0658461
-0.0632715
-0.0615647
-0.0597769
-0.0578832
-0.055936
-0.0415998
-0.0380823
-0.0354299
-0.0328491
-0.0303352
-0.027893
-0.0255263
-0.0232391
-0.021029
-0.0182676
-0.0154445
-0.0126436
-0.00985985
-0.00709008
-0.00433258
-0.00158633
0.00114944
0.00387535
0.00659197
0.00929992
0.0119998
0.0146924
0.0173599
0.0200054
0.0226533
0.0252928
0.027911
0.0305011
0.0330588
0.0355821
0.038071
0.0405279
0.0429576
0.0453679
0.0477716
0.0501854
0.0526248
0.0551046
0.057639
0.0602419
0.0629267
0.065702
0.0685704
0.0712961
0.0746864
0.0776675
0.0804186
0.0752232
0.072318
0.0689507
0.0648923
0.0603628
0.0553119
0.0493977
0.0604162
0.0704186
0.0769725
0.0840548
0.0918605
0.079996
0.0688379
0.0611156
0.0553558
0.0614745
0.0587062
0.0535081
0.0488827
0.0447563
0.0407381
0.0366853
0.0325697
0.0290198
0.026809
0.0245525
0.0224059
0.0197832
0.0181139
0.0153339
0.0124687
0.00963249
0.00679649
0.0047641
