0
-0.182963
0.187905
0.0328554
-0.00638959
0.22105
0.289721
-0.182214
0.200286
-0.333383
0.0716389
-0.161758
-0.0585234
0.00448827
0.0130916
0.0111448
0.0100354
0.00939934
0.00898585
0.00866669
0.0083709
0.00806558
0.00773164
0.00726852
0.00691701
0.00623911
0.00595557
0.0038922
0.00487675
0.00438703
0.00377678
0.00310897
0.002427
0.00165724
0.000673533
0.0101864
-0.0217097
-0.0273674
-0.0197326
-0.0175877
-0.0197274
-0.10202
0.0456816
0.0209208
0.0243592
0.00813051
-0.0377396
-0.0297003
-0.0268844
-0.0259158
-0.0256392
-0.0257786
-0.0261762
-0.0267376
-0.027415
-0.0282043
-0.0289753
-0.0297975
0.0477585
-0.0670038
-0.0651034
-0.0489372
-0.037391
-0.0377986
-0.038192
-0.0385717
-0.0389382
-0.0392917
-0.0396327
-0.0178203
0.0538185
-0.106416
-0.0491741
-0.0631432
-0.0425223
-0.0419474
-0.0416693
-0.0429173
-0.0431459
-0.0432725
-0.0433595
-0.0434215
-0.0434663
-0.0434977
-0.0435183
-0.0435302
-0.0435313
-0.0435236
-0.0439244
-0.0436514
-0.0431932
-0.0431093
-0.0432503
-0.0431129
-0.0431836
-0.0430484
-0.042965
-0.0428751
-0.0422454
-0.0427361
-0.0425293
-0.0423098
-0.0422372
-0.0420612
-0.0417689
-0.0413947
-0.0409707
-0.0405415
-0.0401513
-0.0398348
-0.0396209
-0.0396446
-0.0238683
-0.0548758
-0.0417063
-0.0390439
-0.0379977
-0.0377546
-0.0388819
-0.0392816
-0.039323
-0.037228
-0.040558
0.020592
0.00363023
0.00794247
-0.0209407
-0.0820642
0.0110245
-0.041575
-0.0408075
-0.0242822
-0.00877365
-0.00784687
-0.0518474
0.0929827
0.0869389
0.0791682
0.0499517
0.0544058
0.0641808
-0.0759859
-0.00566803
0.0340662
0.0397915
0.0337159
0.0331653
0.0335337
0.0343963
0.0356777
0.0373466
0.0435354
0.122275
0.0351875
0.0353683
0.0346625
0.033787
0.0330355
0.0378877
0.0394642
0.0412023
0.0404235
0.0400266
0.0392451
0.0388334
0.0389906
0.0390159
0.0389591
0.03885
0.0387049
0.0384525
0.0381876
0.0380075
0.03776
0.0374385
0.0370673
0.0366595
0.0362239
0.0357692
0.0353044
0.0348382
0.0343808
0.0339527
0.0335683
0.0332231
0.032914
0.0326387
0.0323952
0.0321818
0.0319967
0.0318194
0.0305044
0.0353126
0.0302313
-0.100758
-0.0489375
-0.052142
-0.0562706
-0.0595412
-0.0622804
-0.0647223
-0.0670939
-0.0699161
-0.0729738
0.0847682
0.063736
0.0622795
0.0607598
0.0483387
0.0465839
0.0458429
0.050189
-0.001071
-0.104584
-0.0993724
-0.0903632
-0.067735
-0.0396641
-0.0425308
-0.0453459
-0.0596177
-0.18953
-0.0911513
-0.0355837
-0.0637141
-0.0527681
-0.0532645
-0.0537639
-0.0529963
-0.0748247
-0.0329233
-0.0429009
-0.0552643
-0.0500797
-0.0510377
-0.0526502
-0.052145
-0.0519356
-0.0517124
-0.0514646
-0.0510241
-0.0505776
-0.0503236
-0.049937
-0.0494023
-0.048772
-0.0480772
-0.0473272
-0.0465464
-0.0457556
-0.044978
-0.04424
-0.0435884
-0.0430557
-0.042632
-0.0423102
-0.042085
-0.0419521
-0.0419073
-0.0419015
-0.0418808
-0.0399546
-0.0422153
-0.0377115
-0.0343806
0.0143625
0.00923302
0.0120142
0.00522808
-0.0418379
-0.0259946
-0.0124694
-0.00367961
0.00267481
0.00765729
0.011707
0.0153016
0.0187619
0.0219829
0.0250372
0.0279236
-0.00637775
0.0380799
0.0346876
0.0453877
0.0378352
0.0362788
0.0374257
0.0391641
0.0398362
0.0369937
0.0362547
0.0246406
0.0352694
0.0384575
0.0375454
0.0371801
0.0169908
0.0649201
0.0372305
0.0373048
0.0373377
0.0373394
0.0373172
0.0372751
0.0368588
0.0367212
0.0366582
0.0365586
0.0364315
0.0362068
0.0359724
0.0358189
0.0355999
0.0353098
0.0349724
0.0345989
0.034198
0.0337787
0.0333498
0.0329214
0.0325045
0.0321203
0.0317825
0.0314864
0.0312287
0.0310068
0.0308186
0.0306624
0.0305168
0.0303576
0.0290587
0.0338957
0.0288314
-0.101592
-0.0283018
-0.0192646
-0.0217845
-0.0238977
-0.025745
-0.0274045
-0.0290196
-0.00561571
-0.0322997
-0.00438464
-0.0159452
-0.0190994
-0.0381773
-0.0147182
-0.0242756
-0.0422859
-0.040415
-0.0435459
-0.0389867
-0.0463392
-0.0627184
-0.060146
-0.0423204
-0.0423816
-0.0459314
-0.0510641
-0.0565468
-0.0578327
-0.0316366
-0.0597529
-0.0455672
-0.0479164
-0.0524631
-0.052637
-0.0527169
-0.0527597
-0.0527676
-0.0527414
-0.0526821
-0.0525908
-0.0524683
-0.0523156
-0.0521335
-0.0519228
-0.0516843
-0.0512514
-0.0508112
-0.050562
-0.0501798
-0.0496489
-0.0490219
-0.0483242
-0.047576
-0.0467974
-0.0460089
-0.0452334
-0.0444975
-0.0438487
-0.0433197
-0.0429003
-0.0425834
-0.0423636
-0.0422365
-0.0421981
-0.0422009
-0.0421913
-0.0402251
-0.0424664
-0.0379767
-0.0346593
0.0139376
0.00897347
0.0117266
0.00441676
-0.0428022
-0.0262677
-0.0130159
-0.00396181
0.00232352
0.00716308
0.0112603
0.0149153
0.0182605
0.0214605
0.0244591
0.0273369
-0.00882692
0.0361812
0.0365652
0.0540712
0.0411987
0.036962
0.0379735
0.0401265
0.0425029
0.0316895
0.0150694
0.0333864
0.0358916
0.0364826
0.0363391
0.0359327
0.0162513
0.0670712
0.0369436
0.0367401
0.0366714
0.0365912
0.0365037
0.0358744
0.0357055
0.0357256
0.0356729
0.0355725
0.035439
0.0352042
0.0349576
0.034792
0.0345603
0.0342574
0.033907
0.0335204
0.0331063
0.0326737
0.0322313
0.0317892
0.0313587
0.0309602
0.0306069
0.0302942
0.030019
0.0297787
0.0295713
0.0293949
0.0292282
0.0290472
0.027726
0.0325386
0.0274506
-0.10354
-0.0485471
-0.020703
-0.0232506
-0.0253605
-0.0272156
-0.0288878
-0.0305185
-0.0321373
-0.0336938
-0.0351988
0.00120611
-0.018033
-0.0227735
-0.0411908
-0.000872205
-0.0153963
-0.042692
-0.0453439
-0.0429483
-0.0436972
-0.0559865
-0.0765414
-0.0463594
-0.0464804
-0.0519249
-0.0528448
-0.0532356
-0.0535869
-0.0538986
-0.0541703
-0.0544024
-0.054604
-0.0547422
-0.0548609
-0.0549478
-0.0549975
-0.0550118
-0.0549917
-0.0549379
-0.0548521
-0.0551165
-0.056023
-0.056942
-0.0578751
-0.0569541
-0.0557796
-0.0569109
-0.0582804
-0.0596328
-0.0610018
-0.0625163
-0.0644194
-0.0675073
-0.0810383
-0.0447991
-0.0438901
-0.0431032
-0.0426349
-0.0423089
-0.0420366
-0.0418427
-0.0416752
-0.0415459
-0.0414835
-0.0402181
-0.0403472
-0.0403812
-0.0434354
-0.0163041
0.0656684
0.00707924
0.0095519
0.0111192
0.0126398
-0.0390788
-0.0274505
-0.0223814
-0.00994149
0.00148486
0.00817884
0.011117
0.014309
0.0177742
0.0209373
0.0239679
0.0268456
-0.0114669
0.0432867
0.0323892
0.0291851
0.0282068
0.028498
0.029471
0.0345047
0.0558414
0.0809327
0.0386499
0.0363057
0.0340004
0.0325637
0.033231
0.0353416
0.0351559
0.035047
0.0349735
0.0349123
0.0348509
0.0343255
0.0343057
0.0343124
0.0342381
0.034153
0.0340431
0.0339065
0.0337446
0.0334829
0.0354642
0.0357059
0.0355998
0.0346616
0.0313855
0.0310846
0.0302842
0.030377
0.0299747
0.0294821
0.0290094
0.0285721
0.00613829
0.049686
0.0290031
0.0286628
0.0283675
0.0269385
0.0267553
0.0267226
0.0254739
0.0303152
-0.123187
-0.0403643
-0.0462331
-0.0519148
-0.0567884
-0.0604291
-0.063461
-0.0664224
-0.0700946
0.0777021
-0.0165309
0.140126
0.0585405
-0.00507918
-0.0378026
-0.0410828
-0.0439774
-0.0468339
-0.0064069
-0.0826313
-0.0423823
-0.0417691
-0.043504
-0.0453477
-0.0462402
-0.129903
-0.0537839
-0.0514775
-0.0516361
-0.0517868
-0.0518358
-0.0517871
-0.0516505
-0.0550948
-0.0565493
-0.0562512
-0.0561887
-0.0561609
-0.0561361
-0.0560979
-0.0560374
-0.0559506
-0.0558356
-0.0556918
-0.0555192
-0.0553181
-0.0550892
-0.0546665
-0.0542363
-0.0539956
-0.0536216
-0.0530986
-0.0524793
-0.0517891
-0.0510483
-0.0502769
-0.0494955
-0.0487272
-0.0479983
-0.0473571
-0.046837
-0.0464274
-0.0461213
-0.0459132
-0.0457987
-0.0457737
-0.0457907
-0.0457958
-0.0434589
-0.0467644
-0.0420907
-0.0387812
0.0632256
0.0417933
0.0207173
-0.0361128
-0.0264016
-0.0112272
-0.078287
-0.0370706
-0.0165913
0.00225136
0.00706483
0.00990312
0.0133493
0.0165759
0.0195809
0.0224638
-0.0100786
0.0210877
0.0345712
0.02801
0.0272175
0.0271711
0.0271781
0.0286588
0.0417125
0.0786818
0.0272179
0.0269815
0.0296863
0.0293393
0.030268
0.0318335
0.0318134
0.0313827
0.0310435
0.0312239
0.0313018
0.0313131
0.0312805
0.0312163
0.0311271
0.0310169
0.0308877
0.0307411
0.0305779
0.0303217
0.0300589
0.0298804
0.0296373
0.0293237
0.0289631
0.0285664
0.0281424
0.0276998
0.0272473
0.0267949
0.0263541
0.0259445
0.025579
0.0252532
0.0249638
0.0247085
0.0244852
0.0242921
0.0241079
0.0239085
0.0225685
0.0273622
0.0222555
-0.10916
-0.0476133
-0.0464826
-0.0508901
-0.054217
-0.0571329
-0.0597733
-0.0623383
-0.0649007
-0.0674446
-0.0700578
-0.0729309
-0.0769878
0.0689468
0.0510831
0.0496871
0.0482404
0.0354457
-0.010178
-0.0397238
-0.051636
-0.0463654
-0.0449414
-0.092573
-0.0586646
-0.0595155
-0.0677941
-0.0969275
-0.0605037
-0.0656972
-0.0616159
-0.0565912
-0.0566942
-0.0568684
-0.0569518
-0.0569152
-0.0566137
-0.0543121
-0.136553
-0.0666205
-0.0573996
-0.055031
-0.0513788
-0.058454
-0.0609835
-0.0608656
-0.0600436
-0.0592563
-0.058496
-0.0386851
-0.0738118
-0.0562403
-0.0536215
-0.0548885
-0.0540629
-0.0534453
-0.0527146
-0.0520051
-0.051374
-0.0508542
-0.0504411
-0.0501699
-0.0499564
-0.0498088
-0.0497363
-0.0497099
-0.0497229
-0.0479527
-0.0499754
-0.0454905
0.00787031
-0.00192426
0.00127605
0.00400615
-0.0405228
-0.0549793
-0.0341064
-0.0209775
-0.0119655
-0.00574636
-0.000780953
0.00345229
0.00699741
0.0104579
0.0134684
0.0164263
0.0195089
-0.0175125
0.0215197
0.0255654
0.0374139
0.0414376
0.0335943
0.0306257
0.031867
0.0312374
0.0270809
0.0285076
0.024594
0.0184167
0.027894
0.0295944
0.0292414
0.0287706
0.028463
0.0283652
0.0283068
0.0278066
0.0313783
0.0286579
0.0285111
0.0282387
0.0280357
0.0279007
0.0277486
0.0275234
0.0284102
0.0257343
0.0266037
0.0264649
0.0261229
0.00518823
0.0463067
0.0260173
0.0255036
0.0241671
0.0237832
0.0234201
0.0230578
0.0227236
0.0224207
0.0221501
0.0219117
0.0217045
0.0215274
0.0213595
0.0211769
0.0198534
0.0246624
-0.122572
-0.0491286
-0.0549936
-0.0607443
-0.0653661
-0.0694125
-0.072352
-0.07513
-0.0783895
-0.0204621
0.170819
0.0546625
0.0531268
-0.00411448
-0.0387756
-0.0455728
-0.0485411
-0.0514123
-0.00987607
-0.069823
-0.0538388
-0.0477719
-0.0492674
-0.0507841
-0.0517423
-0.141221
-0.0633479
-0.057468
-0.0577767
-0.0579682
-0.0580358
-0.058001
-0.0578772
-0.0577173
-0.0611163
-0.0614918
-0.0614665
-0.0614545
-0.0614353
-0.0613974
-0.0613344
-0.0612438
-0.0611244
-0.0609758
-0.0607984
-0.0605927
-0.0603591
-0.0599315
-0.0594965
-0.0592519
-0.0588739
-0.0583472
-0.0577242
-0.0570305
-0.0562861
-0.0555113
-0.0547265
-0.0539548
-0.0532226
-0.0525778
-0.0520534
-0.0516392
-0.0513279
-0.0511142
-0.0509936
-0.0509622
-0.0509724
-0.0509704
-0.0486849
-0.0518413
-0.0472563
-0.0439477
0.0154293
0.000265159
0.00507889
0.0115033
0.0162532
0.0212832
0.0287495
-0.0931336
-0.0843611
-0.0578154
-0.0601728
-0.0638886
0.0806316
0.0768394
0.053048
0.0399091
-0.0456302
0.0159176
0.0372233
0.0320661
0.0287897
0.0283572
0.0289549
0.0297327
0.0296961
0.0242254
0.0241553
0.0236422
0.0256599
0.0228862
0.0262314
0.026899
0.0266639
0.026666
0.0207822
