0.0698132
0.0763131
0.0827493
0.0857169
0.0874225
0.0879626
0.0875376
0.085999
0.083121
0.0795325
0.0752638
0.0703325
0.065135
0.0608006
0.0573293
0.0544813
0.051635
0.0487874
0.0459201
0.0430259
0.0400987
0.0371689
0.0342326
0.0312835
0.028316
0.0253239
0.022359
0.0194826
0.0166636
0.0138939
0.0111672
0.00847698
0.00581276
0.00328952
0.000925632
-0.0013191
-0.00344612
-0.00545758
-0.00736309
-0.00915548
-0.010842
-0.0124246
-0.0139058
-0.0152843
-0.0165642
-0.0177469
-0.0188328
-0.019825
-0.0207252
-0.021535
-0.0222556
-0.0228966
-0.0234834
-0.0239983
-0.0244313
-0.0247778
-0.0250362
-0.0252059
-0.0252869
-0.0252797
-0.0251843
-0.0250012
-0.0247302
-0.0243713
-0.0239243
-0.0233889
-0.0227645
-0.0221691
-0.0217544
-0.0210874
-0.0203041
-0.0194343
-0.0184929
-0.0174871
-0.0164196
-0.0152907
-0.0141085
-0.0128631
-0.0115729
-0.0102299
-0.00882873
-0.00736528
-0.00583607
-0.0042379
-0.00256736
-0.000846863
0.000722269
0.00217365
0.00350922
0.00473088
0.00584198
0.00683466
0.00771679
0.00848976
0.00915481
0.00974504
0.0102702
0.0107315
0.0110909
0.0113481
0.0115035
0.011543
0.0113772
0.0110749
0.0106637
0.0101582
0.00956576
0.00889035
0.00813389
0.0072974
0.00638139
0.0053861
0.00431165
0.00315803
0.00192522
0.000613131
-0.000778358
-0.00224939
-0.00380016
-0.0054309
-0.0071024
-0.00919061
-0.0112734
-0.0131793
-0.0148239
-0.0161668
-0.0173068
-0.0182073
-0.0188646
-0.0194931
-0.0197689
-0.0199896
-0.0201601
-0.0202791
-0.0203451
-0.0203565
-0.0203375
-0.0202862
-0.0201367
-0.0199338
-0.0196965
-0.019441
-0.0191355
-0.0187939
-0.0184266
-0.0180114
-0.0175564
-0.0170638
-0.0165269
-0.0159439
-0.0153131
-0.0146522
-0.0139766
-0.0132535
-0.0126616
-0.0121701
-0.0117712
-0.0114602
-0.0112344
-0.0110919
-0.0110312
-0.0110511
-0.0111509
-0.0113292
-0.0115653
-0.0118582
-0.0122073
-0.012612
-0.0130719
-0.0135864
-0.0141551
-0.0147773
-0.0154527
-0.0161806
-0.0169606
-0.0177921
-0.0186825
-0.0196426
-0.0204832
-0.0213554
-0.0218797
-0.0224439
-0.023002
-0.0235254
-0.0239985
-0.0244125
-0.0247621
-0.0250441
-0.0252574
-0.0253992
-0.0255203
-0.0256289
-0.0257257
-0.0258113
-0.0258861
-0.0259508
-0.0260057
-0.0260512
-0.026088
-0.0261162
-0.0261366
-0.0261451
-0.0261374
-0.0261305
-0.0262806
-0.0265327
-0.0268161
-0.0271003
-0.0273853
-0.027671
-0.0279574
-0.0282445
-0.0285322
-0.0288206
-0.0291095
-0.029399
-0.0296891
-0.0299797
-0.030271
-0.0305628
-0.0308551
-0.031148
-0.0314414
-0.0317353
-0.0320296
-0.0323245
-0.0326402
-0.0331465
-0.0332522
-0.0335758
-0.0339928
-0.034433
-0.0348575
-0.0352461
-0.0355902
-0.035894
-0.0361998
-0.0365073
-0.036816
-0.0371256
-0.0374362
-0.0377477
-0.0380598
-0.0383723
-0.038685
-0.0389981
-0.0393114
-0.039625
-0.039939
-0.0402532
-0.0405677
-0.0408827
-0.0411982
-0.0415138
-0.0418296
-0.0421456
-0.0424619
-0.0427784
-0.0430952
-0.0434123
-0.0437296
-0.0440472
-0.0443651
-0.0446833
-0.0450017
-0.0453204
-0.0456394
-0.0459587
-0.0462782
-0.0465981
-0.0469182
-0.0472385
-0.0475592
-0.0478801
-0.0482012
-0.0485226
-0.0488444
-0.0491665
-0.0494889
-0.0498104
-0.0501322
-0.0504545
-0.0507773
-0.0511005
-0.0514241
-0.0517482
-0.0520727
-0.0523976
-0.052723
-0.0530488
-0.0533751
-0.0537018
-0.0540289
-0.0543565
-0.0546845
-0.0550131
-0.0553441
-0.0556882
-0.0560161
-0.0563459
-0.0566762
-0.057007
-0.057337
-0.0576665
-0.0579957
-0.0583244
-0.0586527
-0.0589807
-0.0593084
-0.059636
-0.0599634
-0.0602906
-0.0606178
-0.0609448
-0.0612718
-0.0615987
-0.0619253
-0.0622827
-0.0626094
-0.0629357
-0.0632617
-0.0635792
-0.0639053
-0.0642315
-0.0645576
-0.0648838
-0.0652098
-0.0655353
-0.0658605
-0.0661853
-0.0665097
-0.0668338
-0.0671575
-0.0674807
-0.0678034
-0.0681256
-0.0684472
-0.0687681
-0.0690884
-0.0694078
-0.0697264
-0.0700441
-0.0703608
-0.0706778
-0.070994
-0.0713098
-0.0716252
-0.0719403
-0.072255
-0.0725735
-0.0728934
-0.0732156
-0.0735403
-0.0738661
-0.0741926
-0.0745197
-0.0748479
-0.0751773
-0.0755078
-0.0758394
-0.0761719
-0.0765038
-0.0768374
-0.0771725
-0.0775089
-0.0778465
-0.078185
-0.0785242
-0.0788626
-0.0792021
-0.0795425
-0.0798839
-0.0802261
-0.0805691
-0.0809129
-0.0812573
-0.0816026
-0.081949
-0.0822967
-0.0826449
-0.0829937
-0.0833442
-0.0836941
-0.0840438
-0.0843938
-0.084744
-0.0850945
-0.0854453
-0.0857964
-0.0861478
-0.0864996
-0.0868519
-0.0872045
-0.0875575
-0.087911
-0.0882649
-0.0886192
-0.0889739
-0.089329
-0.0896844
-0.0900403
-0.0896068
-0.0883842
-0.0866366
-0.085815
-0.0857481
-0.0864484
-0.087086
-0.0876652
-0.0881914
-0.0886732
-0.0891429
-0.0896015
-0.0900498
-0.0904887
-0.0909186
-0.0913402
-0.0917542
-0.0921608
-0.0925608
-0.0929545
-0.093342
-0.0937549
-0.0941997
-0.0946766
-0.0951859
-0.0957325
-0.096329
-0.0969826
-0.0976882
-0.0984448
-0.0992526
-0.100113
-0.101033
-0.101935
-0.102664
-0.103344
-0.103967
-0.104527
-0.10502
-0.105447
-0.105802
-0.106094
-0.106329
-0.106509
-0.106633
-0.106703
-0.106718
-0.106678
-0.106583
-0.106433
-0.105588
-0.104011
-0.102785
-0.102219
-0.10244
-0.102824
-0.103323
-0.103833
-0.104329
-0.104811
-0.105281
-0.105739
-0.106186
-0.106623
-0.107051
-0.10747
-0.10788
-0.108283
-0.108678
-0.109066
-0.109448
-0.109825
-0.110197
-0.110565
-0.11093
-0.111291
-0.11165
-0.111905
-0.112303
-0.112872
-0.113571
-0.114381
-0.115289
-0.116291
-0.117382
-0.118566
-0.119675
-0.120718
-0.121694
-0.122603
-0.123504
-0.124197
-0.124737
-0.125141
-0.125441
-0.125654
-0.125782
-0.125822
-0.125776
-0.125639
-0.124758
-0.123085
-0.12173
-0.120722
-0.120576
-0.120725
-0.121011
-0.121395
-0.121872
-0.122355
-0.122826
-0.123284
-0.123732
-0.12417
-0.124598
-0.125017
-0.125428
-0.125832
-0.126228
-0.126618
-0.127001
-0.127379
-0.127752
-0.128119
-0.128482
-0.12884
-0.129193
-0.129542
-0.129821
-0.130143
-0.130502
-0.130875
-0.131259
-0.13165
-0.132047
-0.132449
-0.132856
-0.133266
-0.13368
-0.134097
-0.134516
-0.134937
-0.13536
-0.135784
-0.136208
-0.136634
-0.137059
-0.137484
-0.137905
-0.138224
-0.137856
-0.136756
-0.136033
-0.136039
-0.136496
-0.13697
-0.137434
-0.137887
-0.138331
-0.138766
-0.139192
-0.13961
-0.14002
-0.140424
-0.140821
-0.141212
-0.141598
-0.141979
-0.142355
-0.142726
-0.143093
-0.143457
-0.143817
-0.144174
-0.144527
-0.144879
-0.14523
-0.145517
-0.145818
-0.146196
-0.146587
-0.146962
-0.147301
-0.147602
-0.147906
-0.148212
-0.14852
-0.148829
-0.14914
-0.149452
-0.149767
-0.150083
-0.150401
-0.150722
-0.151045
-0.15137
-0.151698
-0.152029
-0.152362
-0.152697
-0.152307
-0.151125
-0.15035
-0.149924
-0.150388
-0.150907
-0.151413
-0.151907
-0.152391
-0.152978
-0.153558
-0.15413
-0.154694
-0.155156
-0.155686
-0.156258
-0.15682
-0.157277
-0.15769
-0.158099
-0.158505
-0.158907
-0.159337
-0.159813
-0.160286
-0.161668
-0.162309
-0.162671
-0.163211
-0.163961
-0.164805
-0.165678
-0.166545
-0.167385
-0.168187
-0.168944
-0.169654
-0.170312
-0.170917
-0.171467
-0.17196
-0.172395
-0.172811
-0.173215
-0.173607
-0.173986
-0.17435
-0.174696
-0.175023
-0.175327
