0
0.649993
0.643626
0.296752
0.170598
0.0541781
-0.0420125
-0.152945
-0.286895
-0.357615
-0.425104
-0.491412
-0.518173
-0.4321
-0.346051
-0.284806
-0.284744
-0.284971
-0.286967
-0.289696
-0.293011
-0.293367
-0.294126
-0.295491
-0.297431
-0.299882
-0.29715
-0.288048
-0.28221
-0.277184
-0.272774
-0.269021
-0.266329
-0.252203
-0.236248
-0.224315
-0.212527
-0.200956
-0.190485
-0.179284
-0.16877
-0.158457
-0.148385
-0.138094
-0.12819
-0.118453
-0.108734
-0.0993502
-0.09014
-0.0810858
-0.072177
-0.0642037
-0.058788
-0.0515761
-0.0433881
-0.0347456
-0.025925
-0.0170578
-0.00819751
0.000633371
0.00943679
0.0182227
0.0270026
0.0357902
0.0445994
0.0534444
0.0623392
0.0594282
0.0413672
0.0666092
0.0782302
0.0868898
0.0940442
0.100486
0.106652
0.11279
0.118124
0.124453
0.128957
0.134243
0.140076
0.146324
0.152919
0.159839
0.1671
0.171978
0.156766
0.144934
0.133295
0.121842
0.110705
0.098843
0.08777
0.0768359
0.0660276
0.0586838
0.0523089
0.046054
0.0358644
0.0256256
0.015441
0.00382772
-0.0167281
-0.0304099
-0.0413196
-0.0507694
-0.0594677
-0.067781
-0.0758968
-0.0839113
-0.0918743
-0.0998126
-0.107741
-0.115667
-0.123598
-0.131538
-0.139489
-0.147456
-0.155442
-0.163452
-0.167505
-0.209196
-0.208676
-0.191014
-0.164895
-0.134738
-0.114467
-0.0905759
-0.0663075
-0.0630879
-0.027628
-0.0220146
-0.0169433
-0.0117418
-0.00638773
-0.000881984
0.00220137
0.0054731
0.0152179
0.0205525
0.0240481
0.0259362
0.0309544
0.0345982
0.0372424
0.0420624
0.0460701
0.0498939
0.0543487
0.0589826
0.0638026
0.0668274
0.0683077
0.0730437
0.0599783
0.0499182
0.0406554
0.031847
0.0233188
0.0149819
0.00679008
-0.00128101
-0.00926855
-0.0171394
-0.0229171
-0.0285936
-0.0342158
-0.0397841
-0.0452991
-0.0507611
-0.0561705
-0.061527
-0.0668307
-0.0720814
-0.0772799
-0.0824299
-0.0883039
-0.0952281
-0.0832016
-0.0867897
-0.0522186
-0.0563895
-0.0559146
-0.0525592
-0.0476418
-0.0418352
-0.0355036
-0.0288436
-0.0220849
-0.0150442
-0.0130792
-0.0119584
-0.0108999
-0.00989709
-0.00894693
-0.0080465
-0.00719345
-0.00638613
-0.00562385
-0.00490789
-0.00424176
-0.00324976
-0.00190742
-0.00223059
-0.0180481
-0.0282999
-0.0314553
-0.0315738
-0.0316847
-0.0317965
-0.0319094
-0.0320233
-0.0321384
-0.0322548
-0.0323592
-0.0324783
-0.0325991
-0.032722
-0.0328473
-0.0329748
-0.0331046
-0.0332368
-0.0333717
-0.0335097
-0.0336511
-0.0337965
-0.0359392
-0.0539599
-0.0137924
-0.0354762
-0.0446285
-0.0467232
-0.0449099
-0.0410612
-0.036361
-0.0320868
-0.0320532
-0.0319719
-0.0318584
-0.031731
-0.0315982
-0.0314637
-0.0313299
-0.0312757
-0.0312246
-0.0311774
-0.0311341
-0.0310948
-0.0310594
-0.0310283
-0.0310017
-0.030955
-0.0308536
-0.0308072
-0.030802
-0.0307626
-0.0307306
-0.0307019
-0.0306743
-0.0306467
-0.0306186
-0.0305896
-0.0305593
-0.0305277
-0.0304945
-0.0304597
-0.0304232
-0.0303848
-0.0303445
-0.0303022
-0.0302578
-0.0302112
-0.0301623
-0.0301112
-0.0300576
-0.0300015
-0.0299305
-0.0297923
-0.0296516
-0.0294055
-0.0292824
-0.0291567
-0.0290245
-0.0288843
-0.0287352
-0.0285766
-0.0284089
-0.0282314
-0.0280447
-0.0278484
-0.0276429
-0.0274276
-0.0272043
-0.0269742
-0.0267402
-0.0265098
-0.0264291
-0.0283652
-0.0270477
-0.027546
-0.027883
-0.0282012
-0.0285084
-0.0286533
-0.0287818
-0.0289264
-0.0291483
-0.0293781
-0.0296065
-0.029834
-0.0300606
-0.0302865
-0.0305116
-0.030736
-0.0309597
-0.031183
-0.0313923
-0.0346822
-0.0318402
-0.0320296
-0.0322224
-0.031606
-0.0326578
-0.0328606
-0.0330475
-0.0332346
-0.0334504
-0.0336884
-0.0339581
-0.0342046
-0.0344509
-0.0347005
-0.0349559
-0.0352185
-0.0354892
-0.035769
-0.0360585
-0.0363583
-0.0366689
-0.036991
-0.0373253
-0.0376719
-0.0380318
-0.0381311
-0.0385167
-0.0387482
-0.0390136
-0.0392989
-0.0396311
-0.0395631
-0.0394929
-0.0393834
-0.0391332
-0.0388808
-0.0386861
-0.0385648
-0.0384716
-0.0383839
-0.038293
-0.0381983
-0.0380995
-0.0377923
-0.0377147
-0.0376205
-0.0375113
-0.0373891
-0.0372821
-0.0371057
-0.0367862
-0.0366488
-0.0365041
-0.036352
-0.0361933
-0.0360283
-0.0358574
-0.0356809
-0.035484
-0.0352434
-0.0349883
-0.0347449
-0.0345009
-0.0343584
-0.0343144
-0.0338234
-0.0336012
-0.0333674
-0.0331259
-0.0328768
-0.0326195
-0.0323539
-0.0320799
-0.0317974
-0.0315065
-0.0312071
-0.0308996
-0.0305835
-0.0302593
-0.0299267
-0.0295859
-0.0292369
-0.0288797
0.0506221
0.129454
0.181963
0.0879545
0.0119349
-0.065038
-0.0588143
-0.0532741
-0.048276
-0.044174
-0.0432863
-0.042526
-0.0418525
-0.0412584
-0.0407372
-0.0402827
-0.0398894
-0.0395518
-0.0392649
-0.0390349
-0.0388136
-0.0416192
-0.045058
-0.0485257
-0.0520158
-0.0560332
-0.0614043
-0.0675352
-0.0731435
-0.0786191
-0.0841356
-0.0898226
-0.0961881
-0.0936838
-0.075804
-0.0704827
-0.0642023
-0.0573731
-0.0502137
-0.0430734
-0.0356528
-0.0288552
-0.022883
-0.0169785
-0.0111017
-0.00524751
0.000592645
0.00642895
0.0122754
0.0181678
0.0867591
0.16
0.124918
0.0588892
-0.0198507
-0.0365192
-0.0480314
-0.0492603
-0.0478932
-0.0466251
-0.0454435
-0.0443415
-0.0433138
-0.0423553
-0.0414612
-0.0406267
-0.0398475
-0.0391196
-0.0384392
-0.0378026
-0.0372343
-0.036754
-0.0363153
-0.0359242
-0.0355749
-0.0352638
-0.0350202
-0.025829
-0.0405641
-0.0580364
-0.0716521
-0.0831898
-0.0936151
-0.103462
-0.113041
-0.122871
-0.115953
-0.109841
-0.103653
-0.0974086
-0.0959176
-0.0745035
-0.0586452
-0.0444334
-0.0333585
-0.0240766
-0.0148534
-0.00556241
0.00387204
0.013499
0.0885665
0.16749
0.135252
0.100328
0.0142465
-0.0154436
-0.0290301
-0.038837
-0.0480618
-0.0486896
-0.0474899
-0.0463725
-0.0453377
-0.0443793
-0.0434919
-0.0426702
-0.0419096
-0.0412056
-0.0405543
-0.0399517
-0.0393946
-0.0388798
-0.0384041
-0.0379646
-0.037559
-0.0372033
-0.0369091
-0.036666
-0.0284899
-0.0323299
-0.0356604
-0.036815
-0.0374851
-0.0379131
-0.038207
-0.0384168
-0.0385664
-0.0386671
-0.038725
-0.038744
-0.0387261
-0.0386739
-0.038588
-0.0384691
-0.0383164
-0.0381274
-0.0378956
-0.0375969
-0.0370486
-0.0278125
0.0399173
0.113321
0.0755521
0.00284789
-0.0425981
-0.0445964
-0.043569
-0.0425921
-0.0416409
-0.0407591
-0.0399407
-0.0391814
-0.0384768
-0.0378232
-0.037217
-0.0366546
-0.036133
-0.035649
-0.0352
-0.0347833
-0.0343966
-0.0340375
-0.0337039
-0.0333936
-0.0331049
-0.0328875
-0.0327459
-0.0279086
-0.0296826
-0.0376546
-0.0394949
-0.0382443
-0.0350923
-0.0317427
-0.0324975
-0.0331478
-0.0337432
-0.0343231
-0.0349048
-0.0354964
-0.0361011
-0.0367206
-0.0373548
-0.0380035
-0.0386665
-0.0393429
-0.040032
-0.0407322
-0.0414421
-0.0421441
0.0314416
0.110417
0.0692321
0.0341932
-0.0552067
-0.060307
-0.0593211
-0.0584078
-0.0575527
-0.0680376
-0.0673792
-0.0667412
-0.0661579
-0.0560041
-0.0630055
-0.0673439
-0.0665151
-0.0562305
-0.052017
-0.0517636
-0.0515734
-0.051458
-0.054345
-0.0589856
-0.0591633
-0.147132
-0.0714365
-0.0437328
-0.0613562
-0.0820232
-0.0908109
-0.0930801
-0.0917535
-0.0884293
-0.0839813
-0.0788853
-0.0733985
-0.0676573
-0.0617323
-0.0555282
-0.0492979
-0.0430061
-0.0405716
-0.0388645
-0.0372067
-0.0354777
-0.0335559
-0.0314
-0.0290106
-0.0263836
