0
0.0170241
0.0187605
-0.0380382
-0.126934
-0.154217
-0.243212
-0.304967
-0.247022
-0.287864
-0.35196
-0.301507
-0.252826
-0.202775
-0.154526
-0.00070392
0.014901
0.0276952
0.0324178
0.035623
0.0389172
0.0519958
0.06468
0.0775303
0.0906375
0.0881012
0.0877902
0.053984
0.0403842
0.026617
0.0130186
-0.000422064
-0.013605
-0.0174678
-0.0200381
-0.0224252
-0.0246847
-0.0268126
-0.00978693
0.00552213
0.0153784
0.0255886
0.0361036
0.0309781
0.0267267
0.0228293
0.0195308
0.0164218
0.0145404
0.0142623
0.014131
0.0143339
0.0127176
0.012044
0.0118766
0.0119762
0.0122164
0.0125315
0.0128876
0.0132671
0.0136618
0.0140024
0.0142379
0.0144518
0.0146843
0.0149778
0.0153752
0.01707
0.0147216
0.0141603
0.0142417
0.0142614
0.0142508
0.0142271
0.0141994
0.0141736
0.0141315
0.0120143
0.0100026
0.0080012
0.00584818
0.00345565
0.000777138
-0.00220572
-0.00549674
0.0101236
0.0197783
0.0269811
0.0343436
0.0420491
0.0518379
0.0539052
0.0556886
0.0573255
0.0588326
0.0415411
0.0252133
0.008793
0.0102138
0.0111683
0.0119647
0.0136204
0.0173841
0.019508
0.0207522
0.021514
0.0220187
0.0223881
0.0226885
0.0229562
0.0232118
0.0234675
0.0237306
0.024006
0.0242971
0.0246063
0.0249359
0.0252874
0.0256624
0.0260623
0.0240633
0.0247207
0.0260025
0.0271861
0.0283022
0.0294506
0.0305581
0.0344265
0.0379637
0.0151105
0.00311315
-0.00365412
-0.00717342
-0.0105726
-0.0137655
-0.0166984
-0.0194816
-0.0220212
-0.0167223
-0.0169345
-0.0196167
-0.0242068
-0.0250189
-0.0277657
-0.0316775
-0.0330178
-0.0356591
-0.0383468
-0.0402896
-0.0421275
-0.0438683
-0.0443185
-0.0457985
-0.0454758
-0.0487971
-0.0487938
-0.0486261
-0.0483927
-0.0481454
-0.0479118
-0.0477061
-0.0475358
-0.0471491
-0.0470721
-0.0470194
-0.0470001
-0.0470167
-0.0470706
-0.0471623
-0.0472915
-0.0474578
-0.0476601
-0.0478973
-0.0481681
-0.0484705
-0.0488022
-0.0491796
-0.0525612
-0.0562525
-0.0292006
-0.0142338
-0.00226139
0.00663739
0.0136331
0.0206108
0.0274916
0.0342369
0.0408308
0.0473842
0.0536836
0.0609385
0.0682407
0.0754495
0.0825869
0.0896711
0.0967179
0.103741
0.110753
0.117765
0.124789
0.131842
0.141149
0.153477
0.161632
0.163395
0.162674
0.161538
0.162594
0.16374
0.16499
0.166353
0.167834
0.169438
0.171166
0.173021
0.175005
0.177119
0.179366
0.181746
0.184261
0.186913
0.189703
0.192633
0.195703
0.198917
0.202273
0.204409
0.154587
0.14941
0.143266
0.13391
0.123083
0.11165
0.0999972
0.0882472
0.0768772
0.0656559
0.0546972
0.0440201
0.0336299
0.0235225
0.0136861
0.00488443
0.00105569
-0.00255071
-0.00594092
-0.0091235
-0.012105
-0.0148834
-0.0174491
-0.019786
-0.0240781
-0.03067
-0.0336015
-0.034749
-0.0373748
-0.0397954
-0.0421262
-0.0444307
-0.0467448
-0.0490891
-0.0514765
-0.0539151
-0.0564109
-0.0589683
-0.0615912
-0.0642828
-0.0670464
-0.0698847
-0.0728007
-0.0757972
-0.0788769
-0.0820425
-0.0852967
-0.088642
-0.0920809
-0.0964533
-0.103372
-0.110421
-0.117245
-0.124145
-0.131292
-0.138782
-0.146669
-0.154983
-0.163741
-0.172951
-0.182621
-0.192754
-0.203354
-0.214422
-0.22596
-0.237969
-0.250458
-0.263453
-0.277015
-0.291734
-0.265798
-0.252868
-0.240362
-0.228219
-0.215211
-0.194474
-0.18142
-0.171921
-0.163307
-0.152334
-0.141704
-0.131315
-0.121107
-0.111043
-0.101101
-0.0912626
-0.081515
-0.0718476
-0.0622525
-0.0527179
-0.0437864
-0.0342701
-0.0248649
-0.0154936
-0.00622924
0.00159328
0.00923289
0.0168727
0.0245165
0.033528
0.0450736
0.0567382
0.067764
0.0785828
0.0894455
0.100497
0.111821
0.123468
0.135471
0.147852
0.160625
0.173804
0.1874
0.201421
0.215872
0.23076
0.231346
0.245999
0.253592
0.261807
0.27071
0.280657
0.26333
0.253549
0.241153
0.225863
0.215644
0.207877
0.201029
0.192483
0.184255
0.176266
0.168473
0.160848
0.151628
0.142801
0.134095
0.125502
0.117014
0.110283
0.101809
0.093621
0.0855069
0.0774644
0.0694874
0.0615705
0.053708
0.0458947
0.0381259
0.0291451
0.0178535
0.00635425
-0.00300622
-0.0122504
-0.0215766
-0.0213834
-0.0358812
-0.043379
-0.0512195
-0.0594113
-0.0679584
-0.0768628
-0.0861247
-0.0957425
-0.10571
-0.116022
-0.126675
-0.137668
-0.149002
-0.160683
-0.172715
-0.185107
-0.197868
-0.211011
-0.227662
-0.22308
-0.221148
-0.177857
-0.161102
-0.151715
-0.1475
-0.136195
-0.125069
-0.114094
-0.103278
-0.0925845
-0.0819864
-0.0714682
-0.0610182
-0.0506261
-0.0402822
-0.0299774
-0.0197033
-0.00940183
0.000798168
0.00762593
0.0140784
0.0205072
0.0269223
0.0341489
0.0437727
0.0544939
0.0642884
0.0738308
0.0833916
0.0931697
0.103737
0.085332
0.0714272
0.0585295
0.0458625
0.0334679
0.0213582
0.00943106
0.00131081
-0.00712343
-0.0159819
-0.0247951
-0.0335487
-0.0422544
-0.0509281
-0.0595884
-0.0682593
-0.0770035
-0.0522284
-0.0535229
-0.0559444
-0.0574761
-0.0580516
-0.0507205
-0.0491243
-0.046831
-0.0448678
-0.0432077
-0.0415451
-0.0398975
-0.0382724
-0.0366725
-0.0350983
-0.033549
-0.032023
-0.0305183
-0.0290326
-0.0275637
-0.0262236
-0.0251713
-0.024286
-0.023618
-0.0232134
-0.0232403
-0.024034
0.00932309
0.0180754
0.0293904
0.0421687
0.0556583
0.0694425
0.0832938
0.0970899
0.110726
0.124044
0.135886
0.147659
0.159372
0.139957
0.124655
0.110047
0.0953721
0.0805198
0.0654117
0.0501638
0.034773
0.0192325
0.00353281
-0.00748163
-0.00245807
0.0100863
0.0113913
0.0101476
0.0106778
0.00932185
0.00788765
0.00636283
0.00744486
0.00862821
0.00984868
0.01109
0.0123438
0.013606
0.0148748
0.0161497
0.0174308
0.0187187
0.0200138
0.0213167
0.0226279
0.023948
0.0252772
0.0266157
0.028696
0.0324955
0.0364491
0.0121559
0.00117748
-0.00544954
-0.0123044
-0.0191019
-0.0257732
-0.0322881
-0.0386345
-0.0448105
-0.0508191
-0.056666
-0.0623612
-0.0679188
-0.0733542
-0.0786807
-0.0839109
-0.0890568
-0.0941322
-0.0991585
-0.104177
-0.109386
-0.0872482
-0.0667359
-0.0680924
-0.0707913
-0.0743459
-0.0712098
-0.0645952
-0.0645341
-0.0642571
-0.0632978
-0.0623566
-0.0614456
-0.0605709
-0.0597351
-0.0589389
-0.0581825
-0.0574653
-0.0567864
-0.0561451
-0.05554
-0.0549701
-0.0544341
-0.0539306
-0.0534579
-0.0530143
-0.0525974
-0.0529812
-0.0545631
-0.0193335
-0.0102761
-0.00242593
0.00671659
0.0165828
0.0266897
0.0367334
0.0465165
0.0561431
0.0656036
0.0748985
0.0840349
0.0930252
0.101888
0.110641
0.119305
0.127894
0.136425
0.144911
0.153369
0.161816
0.170281
0.17887
0.156885
0.162003
0.168104
0.168482
0.168244
0.159966
0.162102
0.164589
0.167376
0.167877
0.169103
0.170494
0.17204
0.174638
0.175582
0.17684
0.178848
0.181976
0.183798
0.185556
0.18743
0.189432
0.191447
0.189187
0.196364
0.14397
0.119489
0.122214
0.118043
0.109866
0.0998648
0.0891109
0.0781505
0.0672573
0.0565647
0.0461341
0.0359905
0.0261403
0.0165806
0.00735985
-0.00164763
-0.00949287
-0.0176986
-0.0247025
-0.0315428
-0.0382035
-0.044674
-0.0509548
-0.0570429
-0.0629303
