0
0.000171413
0.000361812
-1.91153e-05
-0.00129372
-0.00284244
-0.0052831
-0.0083397
-0.0108081
-0.0136809
-0.0171896
-0.0201843
-0.0226859
-0.0246887
-0.0262123
-0.0261987
-0.0260288
-0.0257308
-0.0253853
-0.0250075
-0.0245964
-0.0240544
-0.0233854
-0.0225878
-0.0216589
-0.0207552
-0.0198548
-0.0192933
-0.0188684
-0.0185816
-0.0184312
-0.0184155
-0.018532
-0.0186881
-0.0188711
-0.0190789
-0.0193102
-0.0195637
-0.0196477
-0.0195794
-0.0194132
-0.0191456
-0.0187735
-0.0184534
-0.0181764
-0.017939
-0.0177354
-0.0175635
-0.0174112
-0.0172623
-0.0171154
-0.0169671
-0.0168354
-0.016711
-0.016589
-0.0164666
-0.0163426
-0.016216
-0.0160865
-0.0159538
-0.0158178
-0.015679
-0.0155384
-0.0153963
-0.0152524
-0.0151062
-0.0149566
-0.0147899
-0.0146454
-0.0145083
-0.0143711
-0.0142344
-0.0140983
-0.013963
-0.0138284
-0.0136946
-0.0135617
-0.0134505
-0.0133599
-0.0132897
-0.0132416
-0.013218
-0.0132217
-0.0132558
-0.0133234
-0.0132353
-0.0130495
-0.0127908
-0.0124578
-0.0120468
-0.0115371
-0.0110059
-0.0104561
-0.00988903
-0.00930609
-0.0088955
-0.00864768
-0.00856358
-0.00846443
-0.0083549
-0.00823655
-0.00810068
-0.00792536
-0.0077275
-0.00751606
-0.00729593
-0.00706969
-0.00683867
-0.00660355
-0.0063646
-0.00612192
-0.00587547
-0.00562514
-0.00537077
-0.00511217
-0.00484914
-0.00458142
-0.00430879
-0.00403096
-0.00374766
-0.00348342
-0.00320629
-0.00291604
-0.00261623
-0.00230887
-0.00199434
-0.00167167
-0.00131382
-0.000924203
-0.000763581
-0.000728267
-0.000761463
-0.000830613
-0.000934545
-0.00107123
-0.00123809
-0.00143326
-0.00165435
-0.00182397
-0.00199656
-0.00219654
-0.00244273
-0.00269785
-0.00298103
-0.00330377
-0.00364071
-0.00400472
-0.00439624
-0.00480793
-0.00523878
-0.00568784
-0.00614188
-0.00661088
-0.00707733
-0.00757481
-0.00807058
-0.00856315
-0.00905197
-0.00953697
-0.0100183
-0.0104964
-0.0109715
-0.0114416
-0.0119098
-0.0123765
-0.0128423
-0.0133074
-0.0137722
-0.0142372
-0.0147026
-0.0151688
-0.0156363
-0.0161054
-0.0165763
-0.0170495
-0.0175252
-0.0180036
-0.0185148
-0.0190646
-0.0193433
-0.0194776
-0.0194916
-0.0194165
-0.019272
-0.0190585
-0.018777
-0.0184289
-0.018016
-0.0175386
-0.0169992
-0.0163876
-0.0157031
-0.0149467
-0.0141191
-0.0132208
-0.0122521
-0.0112133
-0.0101045
-0.00892564
-0.00767668
-0.00635729
-0.00494496
-0.00340957
-0.00179255
-0.000154973
0.00147742
0.00309913
0.00473146
0.00637531
0.00803173
0.00970184
0.0113868
0.0130879
0.0148064
0.0165435
0.0183005
0.0200787
0.0218794
0.023704
0.0255539
0.0274303
0.0293348
0.0312686
0.0332332
0.0352301
0.0372606
0.039313
0.0408709
0.0423685
0.0438093
0.0451586
0.0464
0.0475268
0.0485362
0.049427
0.0502032
0.0508671
0.0514214
0.0518689
0.0522125
0.052455
0.052599
0.0526549
0.0526726
0.0526542
0.0526019
0.0525177
0.0524038
0.052262
0.0520946
0.0519038
0.05167
0.0513702
0.051041
0.0507003
0.0503333
0.049942
0.0495275
0.0490899
0.0486291
0.0481449
0.0476368
0.0471043
0.0465468
0.0459637
0.0453543
0.044718
0.0440541
0.0433617
0.0426402
0.0418886
0.0411062
0.0402921
0.0394454
0.0385652
0.0376506
0.0366922
0.0356645
0.0345662
0.0333996
0.0321638
0.0308564
0.029474
0.0280126
0.0264679
0.0248355
0.0231108
0.0212892
0.0193661
0.0173368
0.0151965
0.0129407
0.0105645
0.00806313
0.00543155
0.00266405
-0.00025091
-0.00290583
-0.00543165
-0.0078322
-0.0101111
-0.0122598
-0.0142006
-0.0160105
-0.0177251
-0.0193534
-0.0208719
-0.0222838
-0.0235917
-0.0247973
-0.0259021
-0.0269073
-0.027814
-0.0286229
-0.029335
-0.0299509
-0.0304713
-0.0309014
-0.0312368
-0.031478
-0.0316253
-0.0316799
-0.0316558
-0.0315552
-0.0313779
-0.031124
-0.0307797
-0.0303197
-0.0297427
-0.0290551
-0.0282591
-0.027354
-0.0263382
-0.0252087
-0.0239623
-0.0225956
-0.0211046
-0.0194855
-0.0177342
-0.0158464
-0.0138179
-0.0116444
-0.00932149
-0.00699256
-0.00451654
-0.00196424
0.000670603
0.00339489
0.00621911
0.0088698
0.0114226
0.0138512
0.0161265
0.0182992
0.0203941
0.0224203
0.024361
0.0262193
0.0279976
0.0296978
0.0313217
0.0328532
0.0342962
0.0356521
0.0369218
0.0381065
0.0392237
0.0402561
0.0412062
0.0420751
0.0428633
0.0435716
0.0442005
0.0447506
0.0452223
0.045616
0.0459198
0.0461102
0.0461853
0.0461665
0.0460549
0.0458497
0.0456464
0.0452976
0.0448735
0.0443707
0.0437856
0.0431146
0.0423543
0.0415009
0.0405509
0.0395008
0.038347
0.0370863
0.0357151
0.03423
0.0326275
0.030904
0.0290561
0.0270799
0.0249715
0.0226707
0.0203906
0.018113
0.0163002
0.0146802
0.0131799
0.0117201
0.0103721
0.00913426
0.00800527
0.00698466
0.00607122
0.00526403
0.00456229
0.00396534
0.0034726
0.0030836
0.00279797
0.00261539
0.00253614
0.00255921
0.00265192
0.00281077
0.00303554
0.00332614
0.00369087
0.00415434
0.00472792
0.00540217
0.00617454
0.00704527
0.00801666
0.00909695
0.00999164
0.0107397
0.0113561
0.0118429
0.0122025
0.0124376
0.0125499
0.0125777
0.0125179
0.0123667
0.0121245
0.011792
0.0113695
0.0108575
0.0102561
0.00956513
0.00878388
0.00822351
0.00762071
0.00700849
0.0064078
0.00583243
0.00533702
0.00486191
0.00441016
0.00397756
0.00356115
0.00316099
0.00277696
0.00240886
0.00205648
0.00171956
0.0013979
0.00109128
0.000799508
0.000522409
0.000259836
1.05215e-05
-0.000228394
-0.000458571
-0.000682176
-0.000901842
-0.00112188
-0.00134997
-0.00124621
-0.00104872
-0.000730633
-0.00027866
0.000313617
0.00104881
0.00192747
0.00294904
0.00411212
0.00540691
0.0068189
0.00834735
0.00999164
0.0114403
0.0127263
0.0138589
0.0148379
0.0156628
0.0163317
0.0168432
0.0171957
0.0173878
0.0174176
0.0173046
0.0172082
0.0172513
0.0173221
0.0174179
0.0175323
0.0176394
0.0177367
0.017823
0.0179205
0.0180295
0.0181502
0.018283
0.0184279
0.0185853
0.018755
0.0189373
0.0191321
0.0193397
0.0195601
0.0197933
0.0200396
0.020299
0.0205716
0.0208575
0.0211643
0.0215092
0.0218938
0.0220299
0.0220573
0.0220195
0.0219132
0.0217387
0.0214973
0.0211903
0.0208194
0.0203864
0.0198928
0.0193403
0.0187304
0.0180644
0.0173435
0.0165688
0.0157413
0.0148617
0.0139308
0.012949
0.0119164
0.0108308
0.0099641
0.00927225
0.00853259
0.00778383
0.00703291
0.00633408
0.00570259
0.00507109
0.00444187
0.00382185
0.00321089
0.0026087
0.00201496
0.00142929
0.000851331
0.000280693
-0.000282996
-0.000840102
-0.00139098
-0.00193599
-0.00247547
-0.00300974
-0.00353912
-0.0040639
-0.00458438
-0.0051008
-0.00562121
-0.00615767
-0.00634057
-0.00643122
-0.00643905
-0.00635371
-0.00616922
-0.00588402
-0.00549882
-0.00501442
-0.00443242
-0.00375452
-0.00298239
-0.0021176
-0.00116161
-0.000115706
0.00101905
0.00224175
0.00355168
0.00494827
0.00643108
0.00799985
0.00965449
0.0113952
0.0132233
0.0147933
0.0163756
0.0180391
0.0197234
0.0214515
0.0230992
0.0247686
0.026463
0.0281856
0.0299193
0.0316653
0.0334254
0.0352011
0.0369977
0.038808
0.0406339
0.04248
0.0443521
0.0462404
0.0481465
0.0500718
0.0520175
0.0539856
0.055934
0.0579553
0.0595008
0.0607531
0.0620163
0.0632486
0.0644115
0.0654793
0.0664402
0.0672897
0.0680273
0.0686541
0.0691723
0.0695844
0.0698933
0.0701016
0.0702126
0.0702284
0.0701606
0.0700081
0.0697835
0.0694885
0.0691248
0.0686943
0.0681987
0.0676397
0.0670193
