0
0
0
0
0
0
0
0
0
0
0
0
0
0
0
0
0
0
0
0
0
0
0
0
0
0
0
0
0
0
0
0
0
0
0
0
0
0
0
0
0
0
0
0
0
0
0
0
0
0
-3.32343e-06
-9.64672e-06
-1.86734e-05
-3.01306e-05
-4.37665e-05
-5.93485e-05
-7.66621e-05
-9.55093e-05
-0.000115708
-0.00013709
-0.000159502
-0.000182803
-0.000206864
-0.000231568
-0.000256807
-0.000282485
-0.000308513
-0.000334802
-0.000360038
-0.00038429
-0.000407622
-0.000430097
-0.000451776
-0.000472718
-0.00049298
-0.000510593
-0.000525634
-0.000538197
-0.000548377
-0.000556292
-0.000562027
-0.000565689
-0.000567391
-0.000567246
-0.00056537
-0.000561814
-0.000556651
-0.000549962
-0.00054183
-0.00053234
-0.000521585
-0.000509677
-0.000496716
-0.000482793
-0.000467987
-0.000452429
-0.000436234
-0.000419511
-0.0004023
-0.000384635
-0.000366955
-0.000349323
-0.000331736
-0.000314195
-0.000296699
-0.00027925
-0.00026185
-0.000244498
-0.000227198
-0.00020995
-0.000192757
-0.00017562
-0.00015854
-0.000141518
-0.000124555
-0.000107652
-9.08092e-05
-7.40262e-05
-5.73029e-05
-4.06385e-05
-2.40406e-05
-4.69591e-06
1.93724e-05
4.9471e-05
8.6309e-05
0.000129369
0.000178807
0.000234455
0.000295808
0.000361997
0.000432236
0.000505818
0.000582097
0.000660485
0.000740442
0.000821477
0.000903143
0.000985031
0.00106679
0.00114811
0.00122868
0.00130825
0.00138659
0.00146347
0.00153872
0.00161216
0.00168365
0.00175302
0.00182013
0.00188485
0.00194768
0.00200852
0.00206732
0.002124
0.00217851
0.00223083
0.00228091
0.00232874
0.00237432
0.00241764
0.00245873
0.00249758
0.00253423
0.00256871
0.00260106
0.0026313
0.0026595
0.00268569
0.00270994
0.00273228
0.00275278
0.0027715
0.00278849
0.00280382
0.00281755
0.00283023
0.00284193
0.00285268
0.00286252
0.00287152
0.00287975
0.00288726
0.0028941
0.00290032
0.00290598
0.00291111
0.00291577
0.00291999
0.00292381
0.00292728
0.00293042
0.00293327
0.00293586
0.00293823
0.00294041
0.00294243
0.00294434
0.00294616
0.00294794
0.0029497
0.00295129
0.00295275
0.0029541
0.00295538
0.00295663
0.00295786
0.0029591
0.00296037
0.00296169
0.00296307
0.00296453
0.00296609
0.00296777
0.00296956
0.0029715
0.00297359
0.00297583
0.00297824
0.00298082
0.00298359
0.00298655
0.00298969
0.00299304
0.00299659
0.00300034
0.00300407
0.00300777
0.00301144
0.00301506
0.00301864
0.00302218
0.00302568
0.00302914
0.00303255
0.00303591
0.00303924
0.00304253
0.00304577
0.00304899
0.00305217
0.00305534
0.00305849
0.00306164
0.00306479
0.00306794
0.00307111
0.0030743
0.0030775
0.00308071
0.00308393
0.00308732
0.00309088
0.00309461
0.0030985
0.00310256
0.00310678
0.00311115
0.00311567
0.00312035
0.00312516
0.00313012
0.00313522
0.00314044
0.0031458
0.00315128
0.00315688
0.0031626
0.00316842
0.00317436
0.00318041
0.00318655
0.00319279
0.00319912
0.00320554
0.00321205
0.00321881
0.0032258
0.00323302
0.00324045
0.00324809
0.00325594
0.00326397
0.0032722
0.0032806
0.00328918
0.00329794
0.00330686
0.00331594
0.00332517
0.00333456
0.0033441
0.00335378
0.0033636
0.00337357
0.00338366
0.0033939
0.00340428
0.0034148
0.00342547
0.00343628
0.0034472
0.00345821
0.0034693
0.00348048
0.00349173
0.00350304
0.00351443
0.00352587
0.00353736
0.0035489
0.00356048
0.00357209
0.00358373
0.00359538
0.00360704
0.00361869
0.00363034
0.00364198
0.00365358
0.00366516
0.00367669
0.00368818
0.00369961
0.00371097
0.00372226
0.00373342
0.00374443
0.00375531
0.00376603
0.00377659
0.003787
0.00379723
0.00380729
0.00381717
0.00382686
0.00383635
0.00384563
0.0038547
0.00386355
0.00387216
0.00388053
0.00388864
0.00389648
0.00390404
0.00391131
0.00391828
0.00392492
0.00393123
0.0039372
0.00394281
0.00394807
0.00395299
0.00395757
0.0039618
0.0039657
0.00396926
0.0039725
0.00397541
0.00397801
0.0039803
0.0039823
0.00398402
0.00398547
0.00398667
0.00398764
0.00398839
0.00398894
0.00398931
0.00398952
0.00398959
0.00398954
0.00398939
0.00398916
0.00398887
0.00398855
0.00398821
0.00398787
0.00398755
0.00398727
0.00398705
0.00398692
0.00398689
0.00398698
0.00398722
0.00398762
0.00398819
0.00398897
0.00398997
0.0039912
0.00399269
0.00399445
0.0039965
0.00399885
0.00400153
0.00400456
0.00400794
0.0040117
0.00401584
0.0040204
0.00402537
0.00403081
0.00403671
0.00404309
0.00404993
0.00405529
0.00405706
0.00405567
0.00405149
0.00404486
0.0040361
0.00402551
0.00401335
0.00399987
0.0039853
0.00396983
0.00395365
0.00393694
0.00391984
0.00390248
0.003885
0.0038675
0.00385008
0.00383282
0.00381581
0.0037991
0.00378282
0.00376703
0.00375177
0.00373707
0.00372296
0.00370946
0.00369657
0.0036843
0.00367265
0.00366163
0.00365125
0.0036415
0.00363241
0.00362398
0.00361621
0.00360912
0.00360271
0.00359699
0.00359196
0.00358764
0.00358402
0.00358112
0.00357893
0.00357748
0.00357677
0.00357671
0.00357729
0.00357852
0.00357768
0.00357359
0.00356666
0.00355726
0.00354576
0.00353245
0.00351763
0.00350156
0.00348449
0.00346664
0.00344821
0.00342938
0.00341031
0.00339117
0.00337208
0.00335317
0.00333455
0.00331631
0.00329853
0.0032813
0.00326469
0.00324874
0.00323342
0.00321878
0.00320485
0.00319166
0.00317922
0.00316754
0.00315661
0.00314643
0.00313697
0.00312821
0.00312012
0.00311267
0.00310583
0.00309953
0.00309375
0.00308843
0.00308413
0.00308078
0.0030783
0.00307661
0.00307565
0.00307536
0.00307569
0.00307659
0.00307805
0.00308008
0.00308266
0.00308576
0.00308689
0.00308405
0.00307727
0.00306698
0.0030536
0.0030375
0.00301906
0.00299861
0.00297645
0.00295287
0.00292814
0.00290248
0.00287611
0.00284923
0.00282203
0.00279465
0.00276725
0.00273995
0.00271288
0.00268613
0.0026598
0.00263397
0.00260883
0.00258446
0.00256091
0.00253821
0.00251643
0.0024956
0.00247577
0.00245697
0.00243922
0.00242257
0.00240702
0.00239259
0.00237931
0.00236718
0.00235622
0.00234641
0.00233778
0.0023303
0.00232399
0.00231883
0.00231483
0.00231196
0.00231024
0.00230964
0.00231016
0.00231165
0.00231408
0.00231743
0.00231912
0.00231872
0.00231653
0.0023128
0.00230778
0.0023017
0.00229474
0.00228709
0.00227892
0.00227038
0.0022616
0.00225272
0.00224383
0.00223504
0.00222643
0.0022181
0.00221009
0.00220249
0.00219534
0.00218869
0.00218258
0.00217705
0.002172
0.00216746
0.00216343
0.00215984
0.00215669
0.00215399
0.00215175
0.00215002
0.00214887
0.00214834
0.0021485
0.00214941
0.00215114
0.00215374
0.00215725
0.0021617
0.0021671
0.00217348
0.00218083
0.00218916
0.00219845
0.00220871
0.0022199
0.00223201
0.00224504
0.00225846
0.00227216
0.00228609
0.00229742
0.0023046
0.0023079
0.00230769
0.00230431
0.00229811
0.00228943
0.00227861
0.00226596
0.00225177
0.00223628
0.00221969
0.00220222
0.00218408
0.00216559
0.00214705
0.00212876
0.00211102
0.00209413
0.00207834
0.00206395
0.00205116
0.00203934
0.0020284
0.00201829
0.00200892
0.00200013
0.00199155
0.00198293
0.00197373
0.00196363
0.00195208
0.0019384
0.00192207
0.00190269
0.00187996
0.00185335
0.00182262
0.00178802
0.00174939
0.00170729
0.00166199
0.00161414
0.00156448
0.00151371
0.00146253
0.00141174
0.0013584
