0
0
0
0
0
0
0
0
0
0
0
0
0
0
0
0
0
0
0
0
0
0
0
0
0
0
0
0
0
0
0
0
0
0
0
0
0
0
0
0
0
0
0
0
0
0
0
0
0
0
5.7315e-06
1.67717e-05
3.27513e-05
5.33431e-05
7.82552e-05
0.000107227
0.000140025
0.000176443
0.000216297
0.000259426
0.000305689
0.000354963
0.000407144
0.000462145
0.000519891
0.000580322
0.000643384
0.00070896
0.000776338
0.000845574
0.000916712
0.000989805
0.00106491
0.00114209
0.00122141
0.00128746
0.00134049
0.0013809
0.0014091
0.00142566
0.00143096
0.00142553
0.00140995
0.00138483
0.0013508
0.001308
0.0012568
0.00119757
0.00113077
0.00105686
0.000976372
0.000889987
0.00079832
0.000701907
0.000601212
0.000497074
0.00039024
0.000281379
0.00017067
5.82434e-05
-5.26748e-05
-0.000162048
-0.000269939
-0.000376394
-0.000481452
-0.000585146
-0.000687507
-0.000788569
-0.000888362
-0.000986921
-0.00108428
-0.00118047
-0.00127553
-0.0013695
-0.00146241
-0.00155431
-0.00164523
-0.00173523
-0.00182433
-0.0019126
-0.00200001
-0.00208876
-0.0021803
-0.00227557
-0.00237505
-0.00247365
-0.00257158
-0.00266886
-0.00276529
-0.00286007
-0.0029526
-0.00304246
-0.00312932
-0.0032129
-0.00329298
-0.00336936
-0.00344187
-0.00351038
-0.00357491
-0.00363549
-0.00369211
-0.00374476
-0.00379343
-0.00383809
-0.0038788
-0.00391556
-0.00394826
-0.0039767
-0.00400061
-0.00401967
-0.00403831
-0.00405636
-0.00407367
-0.00409012
-0.00410554
-0.00411977
-0.00413269
-0.00414419
-0.00415416
-0.00416252
-0.00416921
-0.00417417
-0.00417734
-0.00417868
-0.00417819
-0.00417583
-0.00417161
-0.00416551
-0.00415755
-0.00414773
-0.00413606
-0.00412255
-0.00410724
-0.00409013
-0.00407125
-0.0040545
-0.00403978
-0.00402694
-0.0040159
-0.00400675
-0.00399952
-0.00399423
-0.00399087
-0.00398942
-0.00398984
-0.00399211
-0.00399618
-0.00400203
-0.00400961
-0.00401886
-0.00402968
-0.00404202
-0.00405582
-0.00407106
-0.00408771
-0.00410579
-0.0041253
-0.00414627
-0.00416874
-0.00419277
-0.00421689
-0.00424119
-0.00426575
-0.00429065
-0.00431592
-0.00434161
-0.00436776
-0.00439439
-0.00442153
-0.00444922
-0.00447747
-0.00450632
-0.00453578
-0.00456588
-0.00459665
-0.00462809
-0.00466025
-0.00469312
-0.00472674
-0.00476112
-0.00479628
-0.00483223
-0.004869
-0.00490659
-0.00494501
-0.00498253
-0.00501917
-0.00505476
-0.0050893
-0.00512276
-0.00515511
-0.00518635
-0.00521643
-0.00524534
-0.00527306
-0.00529958
-0.00532488
-0.00534894
-0.00537178
-0.0053934
-0.00541384
-0.00543312
-0.00545125
-0.00546826
-0.00548418
-0.00549905
-0.00551288
-0.00552565
-0.00553729
-0.00554772
-0.00555826
-0.0055689
-0.0055796
-0.00559032
-0.00560106
-0.00561177
-0.00562245
-0.00563307
-0.0056436
-0.00565404
-0.00566436
-0.00567454
-0.00568457
-0.00569443
-0.00570409
-0.00571355
-0.00572279
-0.0057318
-0.00574054
-0.00574902
-0.00575722
-0.00576512
-0.00577271
-0.00577997
-0.00578689
-0.00579472
-0.00580338
-0.0058128
-0.00582292
-0.00583368
-0.00584502
-0.00585689
-0.00586923
-0.005882
-0.00589514
-0.0059086
-0.00592233
-0.00593628
-0.00595041
-0.00596466
-0.00597896
-0.00599326
-0.00600752
-0.00602169
-0.00603573
-0.00604962
-0.00606332
-0.00607689
-0.00609036
-0.00610375
-0.0061167
-0.00612923
-0.00614135
-0.00615311
-0.00616454
-0.00617567
-0.00618654
-0.00619717
-0.00620759
-0.00621782
-0.00622789
-0.0062378
-0.00624759
-0.00625726
-0.00626683
-0.00627631
-0.00628572
-0.00629506
-0.00630434
-0.00631358
-0.00632279
-0.00633196
-0.00634111
-0.00635024
-0.00635935
-0.00636802
-0.00637629
-0.00638417
-0.00639168
-0.00639884
-0.00640567
-0.00641219
-0.00641843
-0.00642438
-0.00643008
-0.00643552
-0.00644073
-0.00644572
-0.0064505
-0.00645507
-0.00645946
-0.00646368
-0.00646773
-0.00647161
-0.00647532
-0.00647886
-0.00648223
-0.00648542
-0.00648841
-0.00649118
-0.00649393
-0.00649662
-0.00649922
-0.00650171
-0.00650409
-0.00650633
-0.00650844
-0.00651039
-0.0065122
-0.00651384
-0.00651532
-0.00651664
-0.00651779
-0.00651879
-0.00651962
-0.00652031
-0.00652085
-0.00652125
-0.00652153
-0.00652168
-0.00652173
-0.00652168
-0.00652155
-0.00652136
-0.00652111
-0.0065208
-0.00652042
-0.00651998
-0.00651947
-0.0065189
-0.00651827
-0.00651758
-0.00651683
-0.00651604
-0.00651522
-0.00651436
-0.00651348
-0.00651259
-0.00651171
-0.00651085
-0.00651002
-0.00650924
-0.00650854
-0.00650793
-0.00650743
-0.00650706
-0.00650683
-0.00650676
-0.00650687
-0.00650718
-0.00650786
-0.0065089
-0.00651028
-0.00651198
-0.00651275
-0.00651132
-0.0065079
-0.00650269
-0.00649587
-0.00648762
-0.0064781
-0.00646747
-0.00645586
-0.0064434
-0.00643021
-0.0064164
-0.00640206
-0.00638727
-0.00637213
-0.00635669
-0.00634101
-0.00632515
-0.00630916
-0.00629308
-0.00627694
-0.00626131
-0.00624624
-0.00623177
-0.00621794
-0.00620476
-0.00619225
-0.00618041
-0.00616923
-0.00615872
-0.00614889
-0.00613978
-0.00613142
-0.00612383
-0.00611705
-0.0061111
-0.00610598
-0.00610171
-0.00609831
-0.0060958
-0.00609421
-0.00609355
-0.00609384
-0.00609513
-0.00609746
-0.0061009
-0.00610478
-0.00610906
-0.00611373
-0.00611716
-0.00611864
-0.00611838
-0.0061166
-0.00611351
-0.00610929
-0.00610411
-0.00609814
-0.00609154
-0.00608444
-0.00607698
-0.00606926
-0.00606141
-0.00605352
-0.00604567
-0.00603796
-0.00603046
-0.00602323
-0.00601632
-0.00600981
-0.00600373
-0.00599812
-0.00599238
-0.00598656
-0.00598071
-0.00597485
-0.00596902
-0.00596319
-0.00595737
-0.00595154
-0.00594569
-0.0059398
-0.00593384
-0.00592776
-0.00592152
-0.00591506
-0.00590833
-0.00590126
-0.00589418
-0.00588703
-0.00587978
-0.0058724
-0.00586485
-0.00585711
-0.00584917
-0.00584102
-0.00583267
-0.00582458
-0.00581677
-0.00580921
-0.00580054
-0.0057897
-0.00577662
-0.00576144
-0.00574435
-0.00572551
-0.00570512
-0.00568335
-0.00566038
-0.00563635
-0.0056114
-0.00558566
-0.00555925
-0.00553226
-0.0055048
-0.00547695
-0.00544879
-0.00542037
-0.00539177
-0.00536303
-0.00533419
-0.00530528
-0.00527736
-0.00525046
-0.00522461
-0.00519983
-0.00517628
-0.00515396
-0.00513292
-0.0051132
-0.00509483
-0.00507785
-0.00506228
-0.00504817
-0.00503552
-0.00502436
-0.0050147
-0.00500651
-0.00499981
-0.00499457
-0.00499081
-0.00498853
-0.00498772
-0.00498839
-0.00499055
-0.00499423
-0.00499947
-0.00500529
-0.00501162
-0.00501842
-0.00502439
-0.00502929
-0.00503325
-0.00503642
-0.00503892
-0.00504086
-0.00504235
-0.00504349
-0.00504438
-0.00504509
-0.00504571
-0.00504632
-0.00504697
-0.00504772
-0.00504863
-0.00504974
-0.0050511
-0.00505275
-0.00505473
-0.00505707
-0.00505979
-0.00506293
-0.00506565
-0.00506796
-0.0050697
-0.00507048
-0.00507021
-0.00506904
-0.00506731
-0.00506549
-0.00506414
-0.00506391
-0.00506549
-0.00506958
-0.00507686
-0.00508801
-0.00510358
-0.00512407
-0.0051499
-0.00518143
-0.00521896
-0.00526279
-0.00531313
-0.0053702
-0.00543416
-0.00550519
-0.00558348
-0.00566529
-0.0057501
-0.00583772
-0.00592702
-0.00601709
-0.00610743
-0.0061978
-0.00628802
-0.00637812
-0.00646836
-0.00655907
-0.00665049
-0.00674287
-0.00683631
-0.00693072
-0.00702625
-0.0071232
-0.00722269
-0.00732596
-0.00743429
-0.00754908
-0.00767176
-0.00780359
-0.00794605
-0.00810022
-0.0082599
-0.00842387
-0.00859108
-0.00876047
-0.00893028
-0.00909733
-0.00925913
-0.00941113
-0.00955058
-0.00967255
-0.0097716
-0.00984319
-0.00988376
-0.00989079
-0.00985957
-0.00978802
-0.00967772
-0.00952708
-0.00934012
-0.00911876
-0.00886772
-0.00859261
-0.0082987
-0.00799132
-0.0076764
-0.00733159
