0
0
0
0
0
0
0
0
0
0
0
0
0
0
0
0
0
0
0
0
0
0
0
0
0
0
0
0
0
0
0
0
0
0
0
0
0
0
0
0
0
0
0
0
0
0
0
0
0
0
-1.66172e-08
-8.14679e-08
-2.23069e-07
-4.67089e-07
-8.36575e-07
-1.35215e-06
-2.0322e-06
-2.89306e-06
-3.94915e-06
-5.21314e-06
-6.6961e-06
-8.40763e-06
-1.0356e-05
-1.25481e-05
-1.499e-05
-1.76865e-05
-2.06415e-05
-2.3858e-05
-2.73322e-05
-3.10539e-05
-3.50134e-05
-3.9202e-05
-4.36114e-05
-4.82339e-05
-5.30624e-05
-5.80802e-05
-6.32614e-05
-6.85805e-05
-7.40134e-05
-7.95367e-05
-8.51283e-05
-9.07669e-05
-9.64323e-05
-0.000102105
-0.000107769
-0.000113404
-0.000118997
-0.00012453
-0.000129989
-0.00013536
-0.000140629
-0.000145786
-0.000150818
-0.000155715
-0.000160469
-0.000165071
-0.000169514
-0.000173793
-0.000177902
-0.000181837
-0.000185595
-0.000189176
-0.000192582
-0.000195811
-0.000198866
-0.000201745
-0.000204451
-0.000206983
-0.000209341
-0.000211527
-0.00021354
-0.000215382
-0.000217053
-0.000218553
-0.000219884
-0.000221045
-0.000222037
-0.000222861
-0.000223518
-0.000224008
-0.000224331
-0.000224475
-0.000224401
-0.000224057
-0.000223378
-0.0002223
-0.000220759
-0.000218693
-0.000216041
-0.000212752
-0.000208781
-0.000204091
-0.000198651
-0.000192438
-0.000185434
-0.000177624
-0.000169001
-0.00015956
-0.000149301
-0.000138227
-0.000126343
-0.000113658
-0.000100184
-8.59334e-05
-7.09225e-05
-5.51681e-05
-3.8689e-05
-2.15057e-05
-3.63995e-06
1.4885e-05
3.40476e-05
5.38286e-05
7.42078e-05
9.51644e-05
0.000116677
0.000138724
0.000161282
0.000184331
0.000207846
0.000231806
0.000256188
0.000280969
0.000306128
0.000331643
0.000357492
0.000383654
0.000410108
0.000436834
0.000463812
0.000491023
0.000518448
0.000546069
0.000573869
0.000601831
0.000629938
0.000658177
0.000686538
0.000715011
0.000743587
0.000772257
0.000801013
0.000829848
0.000858755
0.000887727
0.000916759
0.000945844
0.000974979
0.00100416
0.00103338
0.00106263
0.00109192
0.00112124
0.00115058
0.00117995
0.00120935
0.00123876
0.0012682
0.00129765
0.00132712
0.00135661
0.00138611
0.00141563
0.00144517
0.00147471
0.00150427
0.00153385
0.00156343
0.00159303
0.00162264
0.00165226
0.0016819
0.00171155
0.00174122
0.00177091
0.00180062
0.00183034
0.00186009
0.00188986
0.00191965
0.00194948
0.00197933
0.00200921
0.00203912
0.00206907
0.00209905
0.00212908
0.00215914
0.00218923
0.00221936
0.00224953
0.00227974
0.00230998
0.00234025
0.00237056
0.0024009
0.00243128
0.00246168
0.00249213
0.0025226
0.00255311
0.00258364
0.00261421
0.00264481
0.00267545
0.00270611
0.0027368
0.00276753
0.00279829
0.00282908
0.0028599
0.00289076
0.00292165
0.00295258
0.00298354
0.00301455
0.0030456
0.00307669
0.00310782
0.003139
0.00317023
0.0032015
0.00323283
0.00326421
0.00329564
0.00332713
0.00335867
0.00339026
0.00342192
0.00345363
0.00348541
0.00351724
0.00354914
0.0035811
0.00361312
0.00364521
0.00367736
0.00370959
0.00374188
0.00377425
0.00380669
0.00383921
0.00387181
0.00390449
0.00393726
0.0039701
0.00400304
0.00403606
0.00406918
0.00410238
0.00413568
0.00416908
0.00420257
0.00423615
0.00426984
0.00430362
0.00433751
0.0043715
0.0044056
0.0044398
0.00447411
0.00450853
0.00454305
0.00457769
0.00461244
0.0046473
0.00468227
0.00471736
0.00475256
0.00478788
0.00482331
0.00485886
0.00489452
0.0049303
0.00496619
0.00500221
0.00503834
0.00507458
0.00511094
0.00514742
0.00518401
0.00522072
0.00525755
0.00529449
0.00533154
0.00536871
0.00540598
0.00544337
0.00548087
0.00551848
0.00555619
0.00559401
0.00563193
0.00566995
0.00570808
0.0057463
0.00578461
0.00582302
0.00586152
0.00590011
0.00593879
0.00597756
0.0060164
0.00605533
0.00609433
0.00613341
0.00617256
0.00621177
0.00625105
0.00629039
0.00632979
0.00636925
0.00640875
0.00644831
0.0064879
0.00652754
0.00656722
0.00660692
0.00664666
0.00668643
0.00672622
0.00676604
0.00680587
0.00684571
0.00688558
0.00692545
0.00696533
0.00700521
0.0070451
0.007085
0.00712489
0.00716479
0.00720468
0.00724458
0.00728447
0.00732435
0.00736424
0.00740412
0.007444
0.00748387
0.00752374
0.00756361
0.00760348
0.00764335
0.00768322
0.0077231
0.00776297
0.00780286
0.00784276
0.00788266
0.00792258
0.00796252
0.00800247
0.00804245
0.00808245
0.00812248
0.00816254
0.00820264
0.00824278
0.00828296
0.00832319
0.00836347
0.00840381
0.00844421
0.00848467
0.0085252
0.00856576
0.00860632
0.00864686
0.00868734
0.00872774
0.00876805
0.00880825
0.00884831
0.00888824
0.00892801
0.00896763
0.00900709
0.00904637
0.00908548
0.00912442
0.00916318
0.00920177
0.00924018
0.00927843
0.0093165
0.00935441
0.00939216
0.00942975
0.0094672
0.0095045
0.00954166
0.00957869
0.00961559
0.00965238
0.00968905
0.00972562
0.00976208
0.00979845
0.00983473
0.00987093
0.00990706
0.00994312
0.00997912
0.0100151
0.010051
0.0100868
0.0101226
0.0101584
0.0101942
0.01023
0.0102658
0.0103015
0.0103373
0.0103731
0.0104088
0.0104446
0.0104802
0.0105157
0.0105511
0.0105863
0.0106214
0.0106564
0.0106911
0.0107257
0.0107601
0.0107943
0.0108283
0.0108621
0.0108957
0.0109292
0.0109624
0.0109955
0.0110284
0.0110611
0.0110937
0.0111261
0.0111584
0.0111905
0.0112225
0.0112543
0.011286
0.0113177
0.0113492
0.0113806
0.0114119
0.0114432
0.0114743
0.0115054
0.0115364
0.0115674
0.0115983
0.0116292
0.01166
0.0116908
0.0117216
0.0117523
0.0117831
0.0118139
0.0118446
0.0118754
0.0119062
0.011937
0.0119678
0.0119987
0.0120296
0.0120604
0.0120911
0.0121217
0.0121521
0.0121824
0.0122125
0.0122424
0.012272
0.0123014
0.0123306
0.0123595
0.0123881
0.0124165
0.0124445
0.0124724
0.0124999
0.0125272
0.0125542
0.0125809
0.0126074
0.0126336
0.0126595
0.0126853
0.0127108
0.012736
0.0127611
0.0127859
0.0128106
0.0128351
0.0128594
0.0128835
0.0129075
0.0129314
0.0129551
0.0129788
0.0130023
0.0130257
0.013049
0.0130723
0.0130955
0.0131187
0.0131418
0.0131649
0.013188
0.0132111
0.0132342
0.0132574
0.0132805
0.0133037
0.0133269
0.0133501
0.0133732
0.0133963
0.0134194
0.0134423
0.0134653
0.0134881
0.0135108
0.0135335
0.0135561
0.0135785
0.0136009
0.0136232
0.0136455
0.0136676
0.0136897
0.0137117
0.0137336
0.0137554
0.0137772
0.013799
0.0138207
0.0138423
0.013864
0.0138855
0.0139071
0.0139286
0.0139501
0.0139716
0.0139931
0.0140146
0.0140361
0.0140576
0.0140791
0.0141007
0.0141223
0.0141439
0.0141656
0.0141874
0.0142092
0.0142312
0.0142532
0.0142753
0.0142976
0.01432
0.0143425
0.0143652
0.0143879
0.0144109
0.0144339
0.0144569
0.01448
0.0145031
0.0145261
0.014549
0.0145719
0.0145946
0.0146172
0.0146396
0.0146619
0.014684
0.0147059
0.0147277
0.0147493
0.0147706
0.0147918
0.0148129
0.0148337
0.0148544
0.014875
0.0148955
0.0149158
0.014936
0.0149562
0.0149762
0.0149962
0.015016
0.0150358
0.0150555
0.0150751
0.0150945
0.0151138
0.015133
0.0151519
0.0151705
0.0151889
0.015207
0.0152247
0.015242
0.0152588
0.0152752
0.0152911
0.0153065
0.0153213
0.0153357
0.0153496
