0
0
0
0
0
0
0
0
0
0
0
0
0
0
0
0
0
0
0
0
0
0
0
0
0
0
0
0
0
0
0
0
0
0
0
0
0
0
0
0
0
0
0
0
0
0
0
0
0
0
-1.18454e-07
-5.87133e-07
-1.62757e-06
-3.45117e-06
-6.25928e-06
-1.02433e-05
-1.5585e-05
-2.24564e-05
-3.10201e-05
-4.14295e-05
-5.38288e-05
-6.83534e-05
-8.51302e-05
-0.000104277
-0.000125905
-0.000150116
-0.000177003
-0.000206654
-0.000239149
-0.000274559
-0.000312951
-0.000354384
-0.000398909
-0.000446575
-0.000497422
-0.000551485
-0.000608792
-0.000669368
-0.000733231
-0.000800395
-0.00087087
-0.000944663
-0.00102177
-0.0011022
-0.00118594
-0.00127299
-0.00136332
-0.00145693
-0.0015538
-0.00165391
-0.00175724
-0.00186376
-0.00197345
-0.00208628
-0.00220222
-0.00232123
-0.00244329
-0.00256836
-0.00269641
-0.0028274
-0.0029613
-0.00309806
-0.00323765
-0.00338003
-0.00352517
-0.00367301
-0.00382353
-0.00397669
-0.00413243
-0.00429073
-0.00445155
-0.00461484
-0.00478056
-0.00494868
-0.00511915
-0.00529194
-0.00546701
-0.00564432
-0.00582383
-0.00600551
-0.00618931
-0.00637521
-0.00656316
-0.00675313
-0.00694509
-0.00713899
-0.0073348
-0.00753249
-0.00773203
-0.00793338
-0.00813651
-0.0083414
-0.008548
-0.00875629
-0.00896625
-0.00917784
-0.00939104
-0.00960582
-0.00982216
-0.01004
-0.0102594
-0.0104803
-0.0107026
-0.0109263
-0.0111515
-0.0113781
-0.011606
-0.0118353
-0.0120659
-0.0122978
-0.0125311
-0.0127656
-0.0130013
-0.0132383
-0.0134765
-0.013716
-0.0139566
-0.0141984
-0.0144414
-0.0146855
-0.0149308
-0.0151771
-0.0154246
-0.0156732
-0.0159228
-0.0161736
-0.0164254
-0.0166782
-0.0169321
-0.017187
-0.0174429
-0.0176998
-0.0179577
-0.0182166
-0.0184764
-0.0187372
-0.018999
-0.0192617
-0.0195254
-0.01979
-0.0200555
-0.0203219
-0.0205892
-0.0208574
-0.0211264
-0.0213964
-0.0216672
-0.0219388
-0.0222114
-0.0224847
-0.0227589
-0.0230339
-0.0233097
-0.0235864
-0.0238638
-0.024142
-0.024421
-0.0247008
-0.0249814
-0.0252627
-0.0255448
-0.0258276
-0.0261112
-0.0263955
-0.0266805
-0.0269663
-0.0272528
-0.02754
-0.0278278
-0.0281164
-0.0284057
-0.0286956
-0.0289862
-0.0292774
-0.0295694
-0.0298619
-0.0301551
-0.030449
-0.0307434
-0.0310385
-0.0313342
-0.0316305
-0.0319274
-0.0322249
-0.032523
-0.0328217
-0.0331209
-0.0334208
-0.0337211
-0.0340221
-0.0343235
-0.0346256
-0.0349281
-0.0352312
-0.0355348
-0.035839
-0.0361436
-0.0364488
-0.0367544
-0.0370606
-0.0373672
-0.0376744
-0.037982
-0.03829
-0.0385986
-0.0389076
-0.039217
-0.039527
-0.0398373
-0.0401481
-0.0404593
-0.040771
-0.0410831
-0.0413956
-0.0417085
-0.0420218
-0.0423356
-0.0426497
-0.0429642
-0.0432791
-0.0435944
-0.0439101
-0.0442262
-0.0445426
-0.0448594
-0.0451765
-0.045494
-0.0458119
-0.0461301
-0.0464487
-0.0467676
-0.0470868
-0.0474063
-0.0477262
-0.0480464
-0.048367
-0.0486878
-0.049009
-0.0493304
-0.0496522
-0.0499742
-0.0502966
-0.0506192
-0.0509421
-0.0512653
-0.0515888
-0.0519126
-0.0522366
-0.0525609
-0.0528854
-0.0532102
-0.0535353
-0.0538606
-0.0541861
-0.0545119
-0.054838
-0.0551642
-0.0554907
-0.0558175
-0.0561444
-0.0564716
-0.056799
-0.0571267
-0.0574545
-0.0577826
-0.0581108
-0.0584393
-0.0587679
-0.0590968
-0.0594258
-0.0597551
-0.0600845
-0.0604141
-0.0607438
-0.0610738
-0.0614039
-0.0617341
-0.0620646
-0.0623952
-0.0627259
-0.0630568
-0.0633878
-0.063719
-0.0640503
-0.0643818
-0.0647134
-0.0650451
-0.065377
-0.065709
-0.0660411
-0.0663733
-0.0667056
-0.0670381
-0.0673707
-0.0677034
-0.0680362
-0.068369
-0.068702
-0.0690351
-0.0693683
-0.0697016
-0.0700349
-0.0703684
-0.0707019
-0.0710355
-0.0713692
-0.071703
-0.0720368
-0.0723707
-0.0727046
-0.0730386
-0.0733727
-0.0737068
-0.074041
-0.0743752
-0.0747094
-0.0750437
-0.0753781
-0.0757125
-0.0760469
-0.0763813
-0.0767158
-0.0770503
-0.0773849
-0.0777194
-0.078054
-0.0783886
-0.0787232
-0.0790579
-0.0793925
-0.0797272
-0.0800618
-0.0803965
-0.0807312
-0.0810658
-0.0814005
-0.0817352
-0.0820698
-0.0824044
-0.0827391
-0.0830737
-0.0834082
-0.0837428
-0.0840773
-0.0844118
-0.0847463
-0.0850808
-0.0854152
-0.0857495
-0.0860839
-0.0864182
-0.0867524
-0.0870866
-0.0874208
-0.0877549
-0.0880889
-0.0884229
-0.0887569
-0.0890907
-0.0894246
-0.0897584
-0.0900921
-0.0904257
-0.0907593
-0.0910928
-0.0914263
-0.0917597
-0.0920931
-0.0924263
-0.0927595
-0.0930927
-0.0934257
-0.0937587
-0.0940915
-0.0944243
-0.0947569
-0.0950895
-0.0954219
-0.0957543
-0.0960864
-0.0964185
-0.0967504
-0.0970822
-0.0974138
-0.0977452
-0.0980765
-0.0984076
-0.0987386
-0.0990693
-0.0993999
-0.0997303
-0.100061
-0.100391
-0.10072
-0.10105
-0.101379
-0.101709
-0.102037
-0.102366
-0.102695
-0.103023
-0.103351
-0.103679
-0.104007
-0.104334
-0.104661
-0.104988
-0.105315
-0.105641
-0.105967
-0.106293
-0.106619
-0.106944
-0.107269
-0.107594
-0.107919
-0.108243
-0.108567
-0.108891
-0.109215
-0.109538
-0.109862
-0.110185
-0.110508
-0.11083
-0.111153
-0.111475
-0.111797
-0.112119
-0.112441
-0.112762
-0.113084
-0.113405
-0.113726
-0.114047
-0.114368
-0.114688
-0.115009
-0.115329
-0.115649
-0.115969
-0.116288
-0.116608
-0.116927
-0.117247
-0.117566
-0.117885
-0.118203
-0.118522
-0.11884
-0.119159
-0.119477
-0.119795
-0.120112
-0.12043
-0.120747
-0.121064
-0.121381
-0.121698
-0.122015
-0.122331
-0.122647
-0.122963
-0.123279
-0.123594
-0.12391
-0.124225
-0.12454
-0.124854
-0.125169
-0.125483
-0.125797
-0.12611
-0.126424
-0.126737
-0.12705
-0.127362
-0.127674
-0.127987
-0.128298
-0.12861
-0.128921
-0.129232
-0.129542
-0.129853
-0.130163
-0.130472
-0.130782
-0.131091
-0.131399
-0.131708
-0.132016
-0.132324
-0.132631
-0.132938
-0.133245
-0.133551
-0.133857
-0.134163
-0.134469
-0.134774
-0.135078
-0.135383
-0.135687
-0.13599
-0.136294
-0.136597
-0.136899
-0.137202
-0.137504
-0.137805
-0.138107
-0.138408
-0.138708
-0.139009
-0.139309
-0.139608
-0.139908
-0.140207
-0.140505
-0.140804
-0.141102
-0.1414
-0.141697
-0.141995
-0.142292
-0.142589
-0.142885
-0.143182
-0.143478
-0.143773
-0.144069
-0.144364
-0.144659
-0.144954
-0.145249
-0.145543
-0.145838
-0.146132
-0.146426
-0.146719
-0.147013
-0.147307
-0.147602
-0.147896
-0.148191
-0.148487
-0.148783
-0.149081
-0.149379
-0.149678
-0.149978
-0.15028
-0.150583
-0.150887
-0.151193
-0.151501
-0.15181
-0.15212
-0.152433
-0.152747
-0.153063
-0.153381
-0.153701
-0.154022
-0.154346
-0.154671
-0.154998
-0.155328
-0.155659
-0.155991
-0.156326
-0.156662
-0.157
-0.15734
-0.157682
-0.158025
-0.15837
-0.158717
-0.159066
-0.159416
-0.159768
-0.160122
-0.160478
-0.160836
-0.161197
-0.161559
-0.161924
-0.162291
-0.162661
-0.163034
-0.163408
-0.163786
-0.164166
-0.164547
-0.164931
-0.165317
-0.165703
-0.166091
-0.166478
-0.166864
-0.167249
-0.167631
-0.16801
-0.168384
-0.168753
-0.169115
-0.169469
-0.169815
-0.170152
-0.170478
