0
0
0
0
0
0
0
0
0
0
0
0
0
0
0
0
0
0
0
0
0
0
0
0
0
0
0
0
0
0
0
0
0
0
0
0
0
0
0
0
0
0
0
0
0
0
0
0
0
0
2.86575e-08
1.41173e-07
3.88788e-07
8.1926e-07
1.47725e-06
2.40466e-06
3.64092e-06
5.22325e-06
7.18695e-06
9.56557e-06
1.23911e-05
1.56944e-05
1.95049e-05
2.38514e-05
2.87616e-05
3.42626e-05
4.03812e-05
4.71429e-05
5.45694e-05
6.26789e-05
7.14904e-05
8.10229e-05
9.12965e-05
0.000102332
0.000114149
0.000126693
0.000139833
0.00015344
0.00016739
0.000181564
0.000195847
0.00021013
0.000224307
0.000238281
0.000251959
0.000265253
0.000278077
0.000290349
0.000301991
0.000312929
0.000323095
0.000332427
0.000340868
0.000348369
0.000354885
0.000360376
0.000364813
0.000368171
0.000370431
0.000371576
0.000371604
0.00037053
0.00036837
0.000365139
0.000360849
0.000355516
0.000349153
0.000341773
0.000333388
0.000324012
0.000313656
0.000302332
0.000290052
0.000276827
0.000262667
0.000247584
0.000231586
0.000214684
0.000196886
0.000178201
0.000158638
0.000138194
0.000116849
9.45696e-05
7.13165e-05
4.7073e-05
2.18468e-05
-4.35533e-06
-3.15261e-05
-5.96528e-05
-8.87162e-05
-0.000118691
-0.00014955
-0.000181261
-0.000213791
-0.000247103
-0.000281159
-0.00031592
-0.000351346
-0.000387398
-0.000424036
-0.000461221
-0.000498912
-0.000537069
-0.000575654
-0.000614625
-0.000653945
-0.000693569
-0.000733456
-0.000773557
-0.000813847
-0.000854321
-0.000894971
-0.00093579
-0.000976768
-0.00101789
-0.00105916
-0.00110054
-0.00114203
-0.00118362
-0.00122528
-0.00126699
-0.00130875
-0.00135053
-0.00139231
-0.00143408
-0.00147582
-0.00151751
-0.00155912
-0.00160065
-0.00164207
-0.00168336
-0.00172451
-0.0017655
-0.0018063
-0.00184693
-0.0018874
-0.00192774
-0.00196795
-0.00200806
-0.0020481
-0.00208806
-0.00212799
-0.00216789
-0.00220779
-0.0022477
-0.00228764
-0.00232763
-0.00236769
-0.00240783
-0.00244807
-0.00248843
-0.00252892
-0.00256956
-0.00261035
-0.00265132
-0.00269247
-0.00273383
-0.00277541
-0.00281721
-0.00285926
-0.00290155
-0.00294409
-0.00298687
-0.0030299
-0.00307319
-0.00311674
-0.00316055
-0.00320463
-0.00324898
-0.00329361
-0.00333853
-0.00338374
-0.00342925
-0.00347506
-0.00352119
-0.00356763
-0.0036144
-0.00366149
-0.00370893
-0.00375672
-0.00380486
-0.00385337
-0.00390225
-0.00395151
-0.00400114
-0.00405115
-0.00410152
-0.00415224
-0.0042033
-0.00425469
-0.0043064
-0.00435841
-0.00441072
-0.00446331
-0.00451618
-0.0045693
-0.00462267
-0.00467627
-0.0047301
-0.00478413
-0.00483837
-0.00489279
-0.00494739
-0.00500215
-0.00505707
-0.00511213
-0.00516732
-0.00522263
-0.00527806
-0.00533359
-0.00538922
-0.00544497
-0.00550082
-0.00555677
-0.00561284
-0.00566901
-0.00572529
-0.00578167
-0.00583816
-0.00589475
-0.00595144
-0.00600824
-0.00606513
-0.00612213
-0.00617922
-0.0062364
-0.00629367
-0.00635103
-0.00640848
-0.00646601
-0.00652362
-0.00658131
-0.00663908
-0.00669691
-0.00675482
-0.00681281
-0.00687089
-0.00692907
-0.00698735
-0.00704574
-0.00710425
-0.00716288
-0.00722164
-0.00728053
-0.00733954
-0.0073987
-0.00745799
-0.00751743
-0.007577
-0.00763672
-0.00769658
-0.00775658
-0.00781673
-0.00787702
-0.00793744
-0.00799801
-0.00805871
-0.00811955
-0.00818052
-0.00824162
-0.00830285
-0.0083642
-0.00842567
-0.00848726
-0.00854896
-0.00861077
-0.00867269
-0.00873472
-0.00879684
-0.00885907
-0.0089214
-0.00898383
-0.00904635
-0.00910897
-0.00917169
-0.0092345
-0.0092974
-0.0093604
-0.00942349
-0.00948667
-0.00954994
-0.00961331
-0.00967677
-0.00974031
-0.00980395
-0.00986767
-0.00993147
-0.00999535
-0.0100593
-0.0101233
-0.0101874
-0.0102516
-0.0103158
-0.0103801
-0.0104444
-0.0105088
-0.0105732
-0.0106377
-0.0107022
-0.0107668
-0.0108314
-0.0108961
-0.0109608
-0.0110255
-0.0110903
-0.0111551
-0.0112199
-0.0112848
-0.0113497
-0.0114146
-0.0114795
-0.0115445
-0.0116095
-0.0116746
-0.0117396
-0.0118047
-0.0118698
-0.0119349
-0.012
-0.0120652
-0.0121303
-0.0121955
-0.0122607
-0.0123259
-0.0123911
-0.0124563
-0.0125215
-0.0125867
-0.0126519
-0.0127171
-0.0127824
-0.0128476
-0.0129128
-0.012978
-0.0130432
-0.0131084
-0.0131736
-0.0132388
-0.013304
-0.0133692
-0.0134344
-0.0134995
-0.0135647
-0.0136299
-0.013695
-0.0137601
-0.0138253
-0.0138904
-0.0139555
-0.0140206
-0.0140857
-0.0141508
-0.0142159
-0.014281
-0.014346
-0.0144111
-0.0144762
-0.0145412
-0.0146063
-0.0146714
-0.0147365
-0.0148016
-0.0148667
-0.0149318
-0.0149969
-0.015062
-0.0151271
-0.0151921
-0.015257
-0.0153218
-0.0153865
-0.0154512
-0.0155156
-0.01558
-0.0156442
-0.0157083
-0.0157723
-0.0158361
-0.0158997
-0.0159632
-0.0160265
-0.0160897
-0.0161527
-0.0162156
-0.0162783
-0.0163408
-0.0164032
-0.0164654
-0.0165276
-0.0165895
-0.0166514
-0.0167132
-0.0167748
-0.0168363
-0.0168978
-0.0169591
-0.0170204
-0.0170816
-0.0171428
-0.0172038
-0.0172649
-0.0173259
-0.0173869
-0.0174478
-0.0175087
-0.0175697
-0.0176306
-0.0176916
-0.0177526
-0.0178136
-0.0178747
-0.0179358
-0.0179969
-0.0180581
-0.0181193
-0.0181805
-0.0182416
-0.0183027
-0.0183638
-0.0184248
-0.0184858
-0.0185467
-0.0186075
-0.0186682
-0.0187288
-0.0187894
-0.0188499
-0.0189103
-0.0189707
-0.0190309
-0.0190911
-0.0191513
-0.0192113
-0.0192714
-0.0193313
-0.0193912
-0.019451
-0.0195108
-0.0195705
-0.0196302
-0.0196898
-0.0197493
-0.0198088
-0.0198683
-0.0199276
-0.0199869
-0.0200462
-0.0201054
-0.0201645
-0.0202235
-0.0202825
-0.0203414
-0.0204002
-0.020459
-0.0205177
-0.0205763
-0.0206348
-0.0206933
-0.0207516
-0.0208099
-0.0208681
-0.0209263
-0.0209843
-0.0210423
-0.0211001
-0.0211578
-0.0212153
-0.0212727
-0.0213298
-0.0213868
-0.0214435
-0.0215
-0.0215562
-0.0216122
-0.0216679
-0.0217234
-0.0217786
-0.0218335
-0.0218881
-0.0219424
-0.0219965
-0.0220503
-0.0221038
-0.022157
-0.0222099
-0.0222625
-0.0223149
-0.022367
-0.0224189
-0.0224705
-0.022522
-0.0225732
-0.0226242
-0.0226751
-0.0227258
-0.0227764
-0.0228268
-0.0228771
-0.0229273
-0.0229774
-0.0230274
-0.0230774
-0.0231273
-0.0231772
-0.0232271
-0.023277
-0.0233269
-0.0233768
-0.0234268
-0.0234768
-0.0235269
-0.023577
-0.0236272
-0.0236775
-0.0237278
-0.0237782
-0.0238285
-0.0238789
-0.0239294
-0.0239798
-0.0240302
-0.0240807
-0.0241311
-0.0241816
-0.0242321
-0.0242825
-0.024333
-0.0243835
-0.024434
-0.0244845
-0.0245351
-0.0245856
-0.0246362
-0.0246868
-0.0247375
-0.0247881
-0.0248388
-0.0248895
-0.0249402
-0.0249909
-0.0250416
-0.0250923
-0.0251429
-0.0251935
-0.0252442
-0.0252949
-0.0253456
-0.0253964
-0.0254474
-0.0254985
-0.0255499
-0.0256016
-0.0256536
-0.025706
-0.0257588
-0.0258123
-0.0258663
-0.025921
-0.0259764
-0.0260327
-0.0260897
-0.0261477
-0.0262065
-0.0262662
-0.0263268
-0.0263884
-0.0264508
-0.0265141
-0.0265784
-0.0266435
-0.0267096
-0.0267765
-0.0268444
-0.0269132
-0.026983
-0.0270538
-0.0271255
-0.0271983
-0.0272721
-0.027347
-0.0274231
-0.0275005
-0.0275792
-0.0276594
-0.0277412
-0.0278247
-0.0279097
-0.0279965
-0.0280849
-0.0281751
-0.0282669
-0.0283602
-0.028455
-0.0285511
-0.0286484
-0.0287464
-0.0288451
-0.0289439
-0.0290427
-0.0291409
-0.0292383
-0.0293343
-0.0294286
-0.0295209
-0.0296108
-0.0296981
-0.0297826
-0.029864
-0.0299424
-0.0300174
