0
0
0
0
0
0
0
0
0
0
0
0
0
0
0
0
0
0
0
0
0
0
0
0
0
0
0
0
0
0
0
0
0
0
0
0
0
0
0
0
0
0
0
0
0
0
0
0
0
0
-2.36908e-05
-7.0045e-05
-0.000138043
-0.000226676
-0.000334945
-0.000461867
-0.000606472
-0.000767805
-0.000944933
-0.00113694
-0.00134292
-0.00156201
-0.00179334
-0.0020361
-0.00228945
-0.00255263
-0.00282486
-0.00310541
-0.00339353
-0.00368856
-0.00398981
-0.00429666
-0.00460848
-0.00492469
-0.00524471
-0.00556787
-0.00589363
-0.00622151
-0.00655104
-0.00688178
-0.00721329
-0.00754518
-0.00787707
-0.0082086
-0.00853942
-0.00886923
-0.00919772
-0.0095246
-0.00984963
-0.0101725
-0.0104931
-0.0108112
-0.0111265
-0.011439
-0.0117484
-0.0120546
-0.0123575
-0.0126569
-0.0129528
-0.0132451
-0.0135337
-0.0138186
-0.0140996
-0.0143768
-0.01465
-0.0149193
-0.0151847
-0.015446
-0.0157034
-0.0159568
-0.0162062
-0.0164516
-0.016693
-0.0169306
-0.0171642
-0.0173939
-0.0176199
-0.017842
-0.0180603
-0.018275
-0.018486
-0.0186934
-0.018897
-0.0190971
-0.0192936
-0.0194865
-0.0196761
-0.0198623
-0.0200452
-0.0202249
-0.0204015
-0.020575
-0.0207456
-0.0209133
-0.0210782
-0.0212403
-0.0213997
-0.0215566
-0.0217109
-0.0218627
-0.0220121
-0.0221592
-0.0223039
-0.0224465
-0.0225869
-0.0227252
-0.0228614
-0.0229957
-0.023128
-0.0232584
-0.023387
-0.0235138
-0.0236388
-0.0237621
-0.0238837
-0.0240038
-0.0241222
-0.0242392
-0.0243548
-0.0244689
-0.0245816
-0.024693
-0.0248031
-0.0249119
-0.0250195
-0.0251259
-0.0252311
-0.0253352
-0.0254382
-0.0255401
-0.025641
-0.0257408
-0.0258396
-0.0259374
-0.0260342
-0.0261301
-0.026225
-0.0263189
-0.0264119
-0.026504
-0.0265952
-0.0266854
-0.0267748
-0.0268634
-0.026951
-0.0270379
-0.0271239
-0.0272091
-0.0272934
-0.027377
-0.0274598
-0.0275418
-0.027623
-0.0277035
-0.0277832
-0.0278622
-0.0279404
-0.0280179
-0.0280946
-0.0281707
-0.028246
-0.0283206
-0.0283945
-0.0284677
-0.0285401
-0.0286118
-0.0286827
-0.0287529
-0.0288224
-0.0288911
-0.0289591
-0.0290264
-0.029093
-0.0291589
-0.0292241
-0.0292886
-0.0293523
-0.0294155
-0.0294779
-0.0295396
-0.0296007
-0.0296611
-0.0297208
-0.0297798
-0.0298382
-0.029896
-0.0299531
-0.0300096
-0.0300655
-0.0301207
-0.0301753
-0.0302293
-0.0302827
-0.0303355
-0.0303877
-0.0304393
-0.0304904
-0.0305408
-0.0305906
-0.0306399
-0.0306886
-0.0307367
-0.0307842
-0.0308312
-0.0308777
-0.0309235
-0.0309688
-0.0310136
-0.0310579
-0.0311015
-0.0311447
-0.0311873
-0.0312294
-0.0312711
-0.0313122
-0.0313528
-0.031393
-0.0314327
-0.0314719
-0.0315106
-0.0315489
-0.0315867
-0.031624
-0.0316609
-0.0316973
-0.0317333
-0.0317688
-0.0318039
-0.0318385
-0.0318726
-0.0319064
-0.0319397
-0.0319725
-0.032005
-0.032037
-0.0320686
-0.0320997
-0.0321304
-0.0321607
-0.0321906
-0.0322201
-0.0322491
-0.0322778
-0.032306
-0.0323339
-0.0323613
-0.0323884
-0.0324151
-0.0324414
-0.0324674
-0.0324929
-0.0325182
-0.032543
-0.0325676
-0.0325918
-0.0326156
-0.0326392
-0.0326624
-0.0326853
-0.0327079
-0.0327302
-0.0327522
-0.0327738
-0.032795
-0.0328158
-0.0328361
-0.0328561
-0.0328756
-0.0328948
-0.0329136
-0.032932
-0.03295
-0.0329677
-0.032985
-0.033002
-0.0330186
-0.0330348
-0.0330508
-0.0330664
-0.0330816
-0.0330966
-0.0331112
-0.0331255
-0.0331395
-0.0331531
-0.0331665
-0.0331795
-0.0331923
-0.0332048
-0.033217
-0.0332289
-0.0332405
-0.0332518
-0.0332629
-0.0332736
-0.0332841
-0.0332942
-0.0333041
-0.0333136
-0.0333229
-0.0333318
-0.0333404
-0.0333488
-0.0333568
-0.0333644
-0.0333718
-0.0333788
-0.0333855
-0.0333919
-0.0333979
-0.0334035
-0.0334089
-0.033414
-0.0334188
-0.0334235
-0.0334279
-0.0334321
-0.0334362
-0.0334399
-0.0334435
-0.0334468
-0.0334499
-0.0334527
-0.0334553
-0.0334576
-0.0334597
-0.0334615
-0.0334631
-0.0334643
-0.0334654
-0.0334661
-0.0334666
-0.0334669
-0.0334668
-0.0334666
-0.033466
-0.0334652
-0.0334641
-0.0334627
-0.0334611
-0.0334592
-0.033457
-0.0334546
-0.0334519
-0.033449
-0.0334459
-0.0334425
-0.0334389
-0.0334351
-0.033431
-0.0334268
-0.0334223
-0.0334177
-0.0334128
-0.0334078
-0.0334026
-0.0333973
-0.0333918
-0.0333862
-0.0333805
-0.0333746
-0.0333686
-0.0333625
-0.0333563
-0.0333501
-0.0333438
-0.0333373
-0.0333306
-0.0333236
-0.0333162
-0.0333084
-0.0333
-0.0332912
-0.0332817
-0.0332717
-0.033261
-0.0332497
-0.0332377
-0.0332251
-0.0332119
-0.033198
-0.0331836
-0.0331685
-0.033153
-0.0331369
-0.0331203
-0.0331032
-0.0330856
-0.0330676
-0.0330491
-0.0330303
-0.0330109
-0.0329912
-0.032971
-0.0329505
-0.0329295
-0.032908
-0.0328862
-0.032864
-0.0328415
-0.0328186
-0.0327954
-0.0327718
-0.032748
-0.0327239
-0.0326995
-0.032675
-0.0326502
-0.0326253
-0.0326002
-0.032575
-0.0325498
-0.0325246
-0.0324998
-0.0324754
-0.0324514
-0.032428
-0.0324052
-0.0323829
-0.0323611
-0.0323397
-0.0323189
-0.0322985
-0.0322784
-0.0322588
-0.0322395
-0.0322206
-0.032202
-0.0321837
-0.0321656
-0.0321478
-0.0321303
-0.0321129
-0.0320958
-0.0320788
-0.032062
-0.0320454
-0.0320289
-0.0320125
-0.0319962
-0.03198
-0.0319639
-0.0319479
-0.0319318
-0.0319158
-0.0318996
-0.0318834
-0.031867
-0.0318504
-0.0318335
-0.0318164
-0.0317989
-0.0317811
-0.0317629
-0.0317443
-0.0317253
-0.031706
-0.0316863
-0.0316663
-0.031646
-0.0316254
-0.0316046
-0.0315835
-0.0315622
-0.0315406
-0.0315187
-0.0314964
-0.0314736
-0.0314503
-0.0314265
-0.0314021
-0.0313772
-0.0313518
-0.0313259
-0.0312996
-0.0312728
-0.0312455
-0.0312178
-0.0311896
-0.031161
-0.0311321
-0.0311027
-0.031073
-0.0310429
-0.0310125
-0.0309817
-0.0309506
-0.0309192
-0.0308875
-0.0308556
-0.0308233
-0.0307909
-0.0307582
-0.0307252
-0.0306921
-0.0306588
-0.0306253
-0.0305917
-0.0305579
-0.030524
-0.03049
-0.0304558
-0.0304216
-0.0303874
-0.030353
-0.0303187
-0.0302843
-0.0302499
-0.0302156
-0.0301813
-0.030147
-0.0301129
-0.030079
-0.0300456
-0.0300128
-0.0299806
-0.0299492
-0.0299184
-0.0298883
-0.0298589
-0.0298301
-0.0298018
-0.0297741
-0.029747
-0.0297203
-0.0296942
-0.0296685
-0.0296433
-0.0296185
-0.0295941
-0.0295701
-0.0295465
-0.0295232
-0.0295002
-0.0294775
-0.0294551
-0.0294332
-0.0294128
-0.0293966
-0.0293868
-0.029385
-0.0293926
-0.0294106
-0.0294398
-0.0294807
-0.0295336
-0.0295986
-0.0296756
-0.0297643
-0.0298641
-0.0299748
-0.0300955
-0.0302256
-0.0303643
-0.030511
-0.0306648
-0.0308249
-0.0309905
-0.0311609
-0.0313355
-0.0315138
-0.0316953
-0.0318796
-0.0320665
-0.0322553
-0.0324444
-0.0326326
-0.0328191
-0.0330035
-0.0331862
-0.0333672
-0.0335468
-0.0337251
-0.0339019
-0.0340768
-0.03425
-0.0344215
-0.034593
-0.034766
-0.034942
-0.0351225
-0.0353091
-0.0355028
-0.035705
-0.0359166
-0.036138
-0.0363691
-0.0366087
-0.0368557
-0.0371082
-0.0373622
-0.0376144
-0.0378583
-0.0380893
-0.0382994
-0.0384783
-0.0386167
-0.0387056
-0.0387366
-0.0386962
-0.0385747
-0.0383682
-0.0380657
-0.0376669
-0.0371664
-0.0365643
-0.0358628
-0.0350628
-0.0341631
-0.0331604
-0.0320577
