0.087224
0.0823394
0.068729
0.0614478
0.0569866
0.052885
0.0490833
0.0455581
0.0422385
0.0391875
0.0363753
0.0337657
0.0313433
0.0290932
0.0270028
0.0250608
0.023258
0.0215838
0.0200299
0.0185876
0.0172489
0.016006
0.014852
0.0137804
0.0127854
0.0118621
0.0110052
0.0102133
0.00947902
0.00879823
0.00816707
0.00758197
0.00703961
0.00653653
0.00606976
0.0056367
0.00523491
0.00486214
0.00451516
0.00419149
0.00389059
0.00361081
0.00335061
0.00310946
0.00288591
0.00267868
0.00248724
0.00230974
0.00214504
0.00199218
0.00185423
0.00172275
0.00160161
0.00148944
0.00138526
0.00128832
0.00119801
0.00111381
0.00103527
0.000961966
0.000893531
0.000829611
0.000769885
0.000714054
0.000661838
0.00061298
0.000567237
0.000524347
-0.000359132
-0.000336092
-0.000315076
-0.000295949
-0.000278586
-0.000262867
-0.000248678
-0.000235919
-0.000224791
-0.00021413
-0.000204255
-0.000195171
-0.000186854
-0.00017926
-0.000172337
-0.00016603
-0.000160285
-0.000155725
-0.000152104
-0.000149263
-0.000147143
-0.000145694
-0.000144924
-0.000144532
-0.000144472
-0.00014471
-0.000145215
-0.000144989
-0.000144502
-0.000143781
-0.000143404
-0.000143328
-0.000143533
-0.000112484
-0.000117865
-0.000123593
-0.000129263
-0.000134686
-0.000139782
-0.000144532
-0.000148942
-0.00015303
-0.000156822
-0.000160341
-0.000163612
-0.000166659
-0.000169502
-0.000172159
-0.000174648
-0.000176985
-0.000179181
-0.00018125
-0.000183144
-0.00203615
-0.00341186
-0.00439432
-0.00501505
-0.00529418
-0.00556716
-0.00562825
-0.00546688
-0.00508724
-0.00473508
-0.00440826
-0.00410498
-0.00382355
-0.00356238
-0.00332004
-0.00309519
-0.00288659
-0.00269311
-0.00251366
-0.0023472
-0.00219276
-0.00204956
-0.00191677
-0.00179359
-0.00167941
-0.00157356
-0.0014754
-0.00138443
-0.00130013
-0.00122201
-0.0011487
-0.0010808
-0.0010177
-0.000959219
-0.000905113
-0.000855119
-0.00080896
-0.000766364
-0.000727074
-0.000690848
-0.000657457
-0.000626742
-0.000598461
-0.000572424
-0.000548463
-0.000526423
-0.000506157
-0.000487534
-0.000470433
-0.000454739
-0.000440346
-0.000427159
-0.000415087
-0.000404049
-0.00039397
-0.000384964
-0.000376545
-0.000368815
-0.000361456
-0.000354409
-0.000348097
-0.000342265
-0.000336882
-0.000331897
-0.000327267
-0.000322953
-0.000318915
-0.000315038
-0.000311386
-0.000307919
-0.00030461
-0.000301434
-0.000298368
-0.000295388
-0.000292473
-0.000289602
-0.000286756
-0.000283916
-0.000281064
-0.000278162
-0.000275951
-0.000274127
-0.000271702
-0.000269225
-0.000266263
-0.000262739
-0.000259263
-0.000255819
-0.000252401
-0.000248997
-0.000245595
-0.000242187
-0.000238761
-0.000235308
-0.000231816
-0.000228275
-0.000224674
-0.000221007
-0.000217257
-0.000213416
-0.000209477
-0.000205424
-0.000201248
-0.000196941
-0.000192486
-0.000187881
-0.000185676
-0.000183787
-0.000182055
-0.000180691
-0.000179801
-0.000179425
-0.000179589
-0.000180312
-0.000181522
-0.00018321
-0.000185344
-0.000187907
-0.000190865
-0.000194207
-0.000197899
-0.000201877
-0.000205826
-0.000209749
-0.000213634
-0.000217482
-0.000221282
-0.000225034
-0.000228729
-0.000232313
-0.000236116
-0.000240285
-0.000244357
-0.00024813
-0.000251871
-0.00025557
-0.000259228
-0.000262853
-0.00026644
-0.000270002
-0.000273548
-0.000277083
-0.000280611
-0.000284143
-0.000287682
-0.000291232
-0.000294805
-0.000298411
-0.000302039
-0.000305712
-0.000309426
-0.000313185
-0.000317
-0.00032087
-0.000324801
-0.000328701
-0.000333074
-0.000337742
-0.000342678
-0.000347856
-0.000353284
-0.000358969
-0.000364915
-0.000371136
-0.00037764
-0.000384443
-0.000391543
-0.000398945
-0.000406656
-0.000414673
-0.000422999
-0.000431627
-0.000440542
-0.000449743
-0.000459224
-0.000469018
-0.000476308
-0.000482228
-0.000486922
-0.000491515
-0.000492979
-0.000491932
-0.000490401
-0.00048941
-0.000489071
-0.000488184
-0.000486802
-0.000484988
-0.000482786
-0.000480223
-0.00047734
-0.000474147
-0.000470679
-0.000466939
-0.000462949
-0.00045871
-0.000454266
-0.000449583
-0.000444669
-0.000439517
-0.000434145
-0.000428624
-0.000422969
-0.000417158
-0.000411205
-0.000405706
-0.000398956
-0.000391729
-0.000384063
-0.000375964
-0.000367418
-0.000358395
-0.000348859
-0.000338763
-0.000328057
-0.000316702
-0.000304639
-0.000291817
-0.000278167
-0.000263631
-0.000248142
-0.000231639
-0.000215538
-0.000198893
-0.000181325
-0.000163302
-0.000144728
-0.000125468
-0.000108697
-9.3475e-05
-8.18297e-05
-7.38353e-05
-6.68243e-05
-5.9329e-05
-5.1111e-05
-4.41e-05
-3.82215e-05
-3.34159e-05
-2.9631e-05
-2.67997e-05
-2.51457e-05
-2.45571e-05
-2.49818e-05
-2.639e-05
-2.87294e-05
-3.16873e-05
-3.55318e-05
-4.01884e-05
-4.5605e-05
-5.17443e-05
-5.85765e-05
-6.60717e-05
-7.41854e-05
-8.28877e-05
-9.21562e-05
-0.000101037
-0.000112183
-0.000124373
-0.000137195
-0.000150613
-0.000164583
-0.00017754
-0.000191942
-0.00020656
-0.000221431
-0.000236593
-0.00025209
-0.000267953
-0.000284202
-0.000300869
-0.000317976
-0.000335522
-0.000353537
-0.000372
-0.000390932
-0.000410326
-0.000430174
-0.000450477
-0.000471212
-0.000492409
-0.000513196
-0.000530958
-0.000546545
0.000759855
0.00219101
0.00199495
0.0018129
0.00164515
0.00149073
0.00134869
0.00121806
0.00109801
0.000987761
0.000886552
0.000793695
0.000708587
0.000630647
0.000559345
0.000494212
0.00043419
0.000380009
0.000330783
0.00028614
0.000245757
0.000209339
0.000175297
0.000145912
0.000121355
0.000100307
8.24928e-05
6.77481e-05
5.59241e-05
4.70057e-05
3.58522e-05
2.33576e-05
9.59635e-06
-5.34952e-06
-2.14055e-05
-3.8445e-05
-5.61699e-05
-7.40588e-05
-9.21935e-05
-0.000110611
-0.000129327
-0.000148289
-0.000167504
-0.000186943
-0.000206582
-0.000226423
-0.000246398
-0.00026416
-0.000283286
0.00152542
0.00236282
0.00215355
0.00196306
0.00178687
0.00162591
0.00147851
0.00134198
0.00121552
0.00109841
0.000989988
0.000889614
0.000796705
0.000710733
0.000631176
0.000557587
0.00048954
0.00042662
0.000368439
0.000314623
0.000264816
0.000218689
0.000175945
0.000137068
0.000100017
7.05272e-05
4.52921e-05
2.45348e-05
8.09878e-06
-4.24683e-06
-1.27181e-05
-1.75387e-05
-1.89096e-05
-1.70469e-05
-1.23158e-05
-5.13345e-06
4.36604e-06
1.61082e-05
-0.000382818
-0.000365198
-0.000337072
-0.000314042
-0.00029593
-0.000282407
-0.000273257
-0.000268243
-0.000267163
-0.000269495
-0.000272721
-0.000273779
0.0014041
0.00279047
0.00285143
0.00263509
0.00243312
0.00224259
0.00206158
0.00189388
0.0017385
0.00159461
0.00146136
0.00133799
0.00122382
0.00111818
0.00102045
0.000930071
0.000846535
0.000769332
0.00069803
0.000632212
0.000571474
0.000515446
0.000463828
0.000415295
0.000372395
0.000333577
0.00029169
0.00025028
0.000210315
0.000171602
0.000134036
9.76026e-05
6.22123e-05
2.78503e-05
-5.52833e-06
-3.79384e-05
-6.94245e-05
-0.000100002
-0.000129685
-0.000158533
-0.000186548
-0.000213772
-0.000240237
-0.000265971
-0.00029099
-0.000315338
-0.000339121
-0.000356004
-0.000371486
-0.000389293
0.0013296
0.0016571
0.00149295
0.00134504
0.00121035
0.00108749
0.000973672
0.000868246
0.000770599
0.000680149
0.000596374
0.000518799
0.00044696
0.000380427
0.00031881
0.000261769
0.000208929
0.000159994
0.000114694
7.27475e-05
3.38852e-05
-2.10106e-06
-3.54052e-05
-6.53565e-05
-9.46075e-05
-0.00011377
-0.000129431
-0.000141725
-0.0001508
-0.000157386
-0.000161558
-0.000163153
-0.000162318
-0.000159279
-0.000154123
-0.000147074
-0.000138208
-0.000127703
-0.000115618
-0.000102043
-8.70973e-05
-7.07805e-05
-5.31971e-05
-3.43472e-05
-1.42902e-05
6.97374e-06
2.94298e-05
5.30332e-05
7.20918e-05
9.25064e-05
0.00205307
0.00316988
0.00302191
0.00283751
0.00266556
0.00250432
0.00235249
0.00221108
0.00208066
0.00196052
0.00184999
0.00174853
0.00165531
0.00156979
0.00149161
0.00142036
0.00135531
0.00129604
0.00124222
0.00119346
0.00114936
0.00110817
0.000993699
0.000951439
0.000906155
0.000865102
0.000825539
0.000785559
0.000744581
0.000702411
0.000659049
0.000614598
0.000569224
0.000523105
0.00047642
0.000429377
0.00038214
0.000334695
0.000287428
0.000239655
0.000192657
0.00014697
0.000102594
5.96046e-05
1.80006e-05
-2.21878e-05
-6.0901e-05
-9.78857e-05
