0
0.000254798
0.000458248
0.000178927
-0.000621696
-0.00157103
-0.00287491
-0.00443677
-0.00560237
-0.00695844
-0.00856125
-0.00982642
-0.0107771
-0.0114209
-0.0117751
-0.0116565
-0.0116555
-0.0117484
-0.0118775
-0.0120316
-0.0122113
-0.0124898
-0.012864
-0.013335
-0.0139046
-0.0144303
-0.0149468
-0.0152463
-0.0154416
-0.0155351
-0.0155273
-0.0154189
-0.0152114
-0.0149802
-0.0147273
-0.014454
-0.0141613
-0.01385
-0.0136577
-0.0135818
-0.0135784
-0.0136501
-0.0137995
-0.0139135
-0.013994
-0.0140438
-0.0140642
-0.0140592
-0.0140382
-0.0140127
-0.0139834
-0.0139471
-0.013895
-0.0138362
-0.0137758
-0.0137166
-0.0136601
-0.0136071
-0.0135581
-0.0135132
-0.0134727
-0.013436
-0.0134025
-0.0133719
-0.0133443
-0.0133202
-0.0133003
-0.0133056
-0.0132861
-0.0132608
-0.0132375
-0.0132153
-0.0131939
-0.013173
-0.0131527
-0.013133
-0.0131173
-0.0130884
-0.0130485
-0.012998
-0.0129359
-0.0128602
-0.0127688
-0.0126592
-0.0125288
-0.012519
-0.0125805
-0.0126999
-0.0128785
-0.0131188
-0.0134365
-0.0137734
-0.0141274
-0.0144971
-0.0148813
-0.0151433
-0.015286
-0.0153082
-0.0153425
-0.0153863
-0.0154384
-0.015494
-0.0155693
-0.0156576
-0.0157551
-0.0158598
-0.0159707
-0.0160871
-0.0162088
-0.0163356
-0.0164673
-0.0166041
-0.0167459
-0.0168927
-0.0170447
-0.017202
-0.0173646
-0.0175328
-0.0177066
-0.0178863
-0.01804
-0.0182463
-0.0184645
-0.0186876
-0.0189158
-0.0191486
-0.0193836
-0.0196435
-0.0199246
-0.0200355
-0.0200488
-0.0200064
-0.019933
-0.0198299
-0.0196987
-0.019541
-0.0193586
-0.0191534
-0.0189838
-0.0188085
-0.0186095
-0.0183719
-0.0181251
-0.0178548
-0.0175511
-0.0172344
-0.0168953
-0.0165321
-0.0161512
-0.0157533
-0.0153388
-0.0149159
-0.01448
-0.014036
-0.0136001
-0.0131647
-0.0127307
-0.0122984
-0.0118679
-0.0114389
-0.0110114
-0.0105849
-0.010158
-0.00973172
-0.00930591
-0.00888023
-0.00845433
-0.0080279
-0.00760062
-0.0071722
-0.00674231
-0.00631068
-0.00587699
-0.00544098
-0.00500234
-0.00456081
-0.00411543
-0.00365118
-0.00317043
-0.00288788
-0.00271601
-0.00264307
-0.00264239
-0.00269905
-0.00281229
-0.00298089
-0.00320349
-0.00347868
-0.00380433
-0.00417981
-0.00461216
-0.00510179
-0.00564802
-0.00625025
-0.006908
-0.00762091
-0.0083887
-0.00921123
-0.0100885
-0.0110205
-0.0120074
-0.0130362
-0.0141326
-0.0153038
-0.0164871
-0.0176848
-0.0188994
-0.0201227
-0.0213551
-0.0225971
-0.0238495
-0.0251132
-0.0263892
-0.0276783
-0.0289815
-0.0302999
-0.0316344
-0.0329861
-0.034356
-0.035745
-0.0371544
-0.0385851
-0.0400381
-0.0415147
-0.0430157
-0.0445424
-0.0460857
-0.0473222
-0.048491
-0.0495919
-0.0506103
-0.0515393
-0.0523766
-0.0531223
-0.0537789
-0.0543461
-0.0548253
-0.0552186
-0.0555284
-0.0557569
-0.0559064
-0.0559789
-0.0559824
-0.0559545
-0.0558969
-0.0558113
-0.0556994
-0.0555626
-0.0554024
-0.0552204
-0.0550181
-0.0548009
-0.054546
-0.0542583
-0.0539411
-0.0536044
-0.05325
-0.0528784
-0.0524899
-0.0520843
-0.0516614
-0.0512208
-0.0507621
-0.0502848
-0.0497883
-0.0492723
-0.048736
-0.0481789
-0.0476004
-0.0469998
-0.0463766
-0.0457299
-0.0450592
-0.0443636
-0.0436426
-0.0428952
-0.0421249
-0.0412973
-0.0404201
-0.0394953
-0.0385223
-0.0374992
-0.0364234
-0.0352919
-0.0341014
-0.0328485
-0.0315297
-0.0301414
-0.0286803
-0.0271427
-0.025525
-0.0238237
-0.0220351
-0.0201556
-0.0181813
-0.0161082
-0.0139275
-0.0119446
-0.0100597
-0.00826971
-0.0065722
-0.00494225
-0.00342406
-0.00201357
-0.000707493
0.000500747
0.00162674
0.00267306
0.00364149
0.00453332
0.00534957
0.00609108
0.00675856
0.00735262
0.00787381
0.00832259
0.00869937
0.00900864
0.00924574
0.00941172
0.00950675
0.00953155
0.00949701
0.00940436
0.00925358
0.00904458
0.00878537
0.00842477
0.00797891
0.00745277
0.00684804
0.00616443
0.00540057
0.00455441
0.00362353
0.00260528
0.00149683
0.000295262
-0.00100246
-0.00239942
-0.00389879
-0.00550379
-0.00721768
-0.00894379
-0.0107636
-0.0126377
-0.0145708
-0.0165681
-0.0186371
-0.0205733
-0.0224342
-0.0242276
-0.0259295
-0.0275465
-0.0290854
-0.030551
-0.031953
-0.0332937
-0.0345748
-0.0357978
-0.036964
-0.0380611
-0.0390922
-0.040058
-0.0409594
-0.041797
-0.042584
-0.0433072
-0.0439686
-0.0445689
-0.0451083
-0.0455875
-0.0460067
-0.0463663
-0.0466666
-0.0469078
-0.0470984
-0.0471914
-0.047201
-0.0471436
-0.0470201
-0.0468299
-0.0466516
-0.0463609
-0.046017
-0.0456172
-0.045159
-0.0446394
-0.0440557
-0.0434052
-0.0426849
-0.0418922
-0.0410243
-0.0400786
-0.0390523
-0.0379429
-0.0367477
-0.035464
-0.0340892
-0.0326205
-0.0310552
-0.0293368
-0.0275815
-0.0257937
-0.0244177
-0.0231516
-0.0219776
-0.0209248
-0.0199542
-0.0190653
-0.0182573
-0.0175291
-0.0168803
-0.0163101
-0.0158183
-0.0154043
-0.0150678
-0.0148084
-0.0146258
-0.0145198
-0.014489
-0.0145355
-0.014634
-0.0147818
-0.014979
-0.0152256
-0.0155226
-0.0158994
-0.016349
-0.01687
-0.0174606
-0.0181209
-0.0188525
-0.0196613
-0.0203318
-0.020893
-0.0213534
-0.0217146
-0.0219785
-0.0221471
-0.0222236
-0.0222353
-0.0221799
-0.0220541
-0.0218585
-0.0215936
-0.0212598
-0.0208574
-0.0203865
-0.0198469
-0.019238
-0.0188018
-0.0183814
-0.0179406
-0.0175227
-0.0171236
-0.0167123
-0.0163155
-0.0159357
-0.0155701
-0.0152173
-0.0148771
-0.0145494
-0.014234
-0.0139306
-0.0136391
-0.0133591
-0.0130905
-0.012833
-0.0125866
-0.012351
-0.0121252
-0.011907
-0.0116952
-0.011488
-0.0112835
-0.0110879
-0.0108817
-0.0109188
-0.0110297
-0.0112324
-0.0115374
-0.0119495
-0.0124704
-0.0131002
-0.0138381
-0.0146826
-0.0156387
-0.016688
-0.017829
-0.0190609
-0.0201482
-0.021119
-0.0219811
-0.0227334
-0.0233736
-0.0239001
-0.0243118
-0.0246074
-0.0247858
-0.0248456
-0.0248255
-0.0247686
-0.024768
-0.0247996
-0.0248569
-0.0249256
-0.0249935
-0.0250755
-0.0251702
-0.0252749
-0.0253896
-0.0255142
-0.0256486
-0.0257926
-0.0259463
-0.0261099
-0.0262833
-0.0264667
-0.0266601
-0.0268637
-0.0270775
-0.0273017
-0.0275364
-0.0277817
-0.0280377
-0.0282993
-0.0285961
-0.0289198
-0.0290571
-0.0291089
-0.0291082
-0.0290534
-0.0289449
-0.0287837
-0.0285707
-0.0283073
-0.0279947
-0.0276341
-0.0272269
-0.0267741
-0.0262768
-0.0257362
-0.025153
-0.024528
-0.0238619
-0.0231553
-0.0224085
-0.0216216
-0.020793
-0.0201282
-0.0196037
-0.0190944
-0.0185622
-0.0180469
-0.0175345
-0.0170066
-0.0164941
-0.0159959
-0.0155049
-0.0150209
-0.0145438
-0.0140732
-0.0136088
-0.0131504
-0.0126976
-0.0122501
-0.0118075
-0.0113695
-0.0109359
-0.0105062
-0.0100803
-0.00965782
-0.00923849
-0.00882203
-0.00840822
-0.00800077
-0.00757654
-0.00739528
-0.00729421
-0.00726459
-0.00731292
-0.00743987
-0.00764605
-0.00793165
-0.00829416
-0.00873234
-0.00924488
-0.00983044
-0.0104877
-0.0112155
-0.0120127
-0.0128783
-0.0138115
-0.0148115
-0.015878
-0.0170103
-0.0182082
-0.0194716
-0.0208006
-0.0221961
-0.0233906
-0.0245496
-0.0257608
-0.0269985
-0.0282539
-0.0295666
-0.0308862
-0.0322095
-0.0335351
-0.0348573
-0.0361899
-0.0375337
-0.0388895
-0.0402652
-0.0416474
-0.0430395
-0.0444475
-0.0458796
-0.0473249
-0.0487832
-0.0502556
-0.0517432
-0.0532466
-0.0547251
-0.0562655
-0.057486
-0.0585776
-0.0596363
-0.0606336
-0.0615529
-0.0623881
-0.0631368
-0.0637987
-0.0643747
-0.0648664
-0.0652756
-0.0656046
-0.0658554
-0.0660302
-0.0661305
-0.066159
-0.06612
-0.0660154
-0.0658547
-0.0656393
-0.0653709
-0.0650511
-0.0646811
-0.0642625
-0.0637966
