0
-0.00300441
-0.00631082
-0.00872953
-0.0105448
-0.0117342
-0.0124145
-0.0125934
-0.0122848
-0.0116755
-0.0108506
-0.00982499
-0.0087848
-0.00824684
-0.00822308
-0.00863465
-0.00915549
-0.00978909
-0.01054
-0.0114082
-0.0123923
-0.0134644
-0.0146211
-0.0158611
-0.0171836
-0.0185984
-0.0200281
-0.0214549
-0.0228942
-0.024346
-0.0258114
-0.0272921
-0.0287928
-0.0302072
-0.0315712
-0.0328723
-0.0341112
-0.0352886
-0.0363981
-0.037453
-0.0384495
-0.0393876
-0.0402678
-0.0410855
-0.0418441
-0.0425439
-0.043186
-0.0437699
-0.0442958
-0.0447639
-0.0451744
-0.0455407
-0.0458722
-0.0461554
-0.0463828
-0.0465504
-0.0466563
-0.0466996
-0.0466799
-0.046597
-0.0464505
-0.0462403
-0.0459659
-0.0456269
-0.0452229
-0.0447532
-0.0442171
-0.0436699
-0.0429415
-0.0422462
-0.0415413
-0.0408122
-0.0400499
-0.0392486
-0.0384044
-0.037514
-0.036581
-0.0355992
-0.034581
-0.0335205
-0.0324134
-0.0312565
-0.0300473
-0.0287834
-0.0274623
-0.02611
-0.0248655
-0.0237058
-0.0226298
-0.0216367
-0.0207253
-0.0198957
-0.0191461
-0.0184759
-0.0178842
-0.0173394
-0.016841
-0.0163886
-0.016016
-0.0157189
-0.0154967
-0.0153879
-0.0154097
-0.0155325
-0.0157351
-0.0160064
-0.0163409
-0.0167359
-0.0171898
-0.0177022
-0.0182725
-0.0189008
-0.019587
-0.0203312
-0.0211334
-0.0219938
-0.0229124
-0.0238895
-0.0249252
-0.0260197
-0.0270914
-0.0277599
-0.0282849
-0.0287389
-0.029162
-0.0295735
-0.029937
-0.0302661
-0.0305743
-0.0308198
-0.0311494
-0.0314357
-0.0316738
-0.0318592
-0.0319893
-0.0320625
-0.0320974
-0.032093
-0.0320014
-0.0318563
-0.0316722
-0.0314623
-0.0312035
-0.030907
-0.0305813
-0.0302101
-0.0298003
-0.0293543
-0.0288674
-0.0283387
-0.0277673
-0.0271803
-0.0265764
-0.0259214
-0.0253593
-0.0248671
-0.0244388
-0.0240711
-0.0237622
-0.0235109
-0.0233164
-0.023178
-0.0230952
-0.0230674
-0.0230793
-0.0231303
-0.0232202
-0.0233489
-0.0235159
-0.0237211
-0.0239643
-0.024245
-0.0245631
-0.0249182
-0.02531
-0.0257381
-0.0262065
-0.0267271
-0.0271565
-0.0275279
-0.0279662
-0.0283271
-0.0286203
-0.028852
-0.0290262
-0.0291447
-0.0292084
-0.0292174
-0.0291711
-0.0290694
-0.0289511
-0.0288229
-0.0286854
-0.0285392
-0.0283848
-0.0282225
-0.028053
-0.0278765
-0.0276935
-0.0275045
-0.0273098
-0.0271371
-0.0269811
-0.0268139
-0.0267273
-0.0267113
-0.026711
-0.0267109
-0.026711
-0.0267114
-0.0267121
-0.0267132
-0.0267148
-0.0267167
-0.026719
-0.0267218
-0.0267251
-0.026729
-0.0267335
-0.0267385
-0.0267442
-0.0267505
-0.0267576
-0.0267654
-0.0267739
-0.0267832
-0.0268058
-0.0271737
-0.0276962
-0.0280891
-0.0283911
-0.0286219
-0.0287918
-0.0289057
-0.0289639
-0.0289819
-0.0289958
-0.0290074
-0.0290177
-0.0290273
-0.0290363
-0.029045
-0.0290535
-0.0290623
-0.0290712
-0.0290801
-0.0290888
-0.0290973
-0.0291055
-0.0291136
-0.0291214
-0.029138
-0.0291643
-0.0291884
-0.0292002
-0.0292074
-0.0292116
-0.0292138
-0.0292146
-0.0292142
-0.0292128
-0.0292104
-0.0292072
-0.0292033
-0.0291985
-0.029193
-0.0291868
-0.0291799
-0.0291723
-0.029164
-0.0291551
-0.0291455
-0.0291352
-0.0291243
-0.0291128
-0.0291006
-0.0290822
-0.0290673
-0.029052
-0.0290355
-0.0290187
-0.0290016
-0.0289843
-0.0289667
-0.0289488
-0.0289307
-0.0289125
-0.0288941
-0.0288756
-0.0288571
-0.0288387
-0.0288203
-0.0288021
-0.0287841
-0.0287664
-0.0287492
-0.0287337
-0.0287317
-0.0287261
-0.0287235
-0.0287227
-0.0287596
-0.0288449
-0.028922
-0.028965
-0.0289706
-0.0289745
-0.0289777
-0.0289806
-0.0289836
-0.0289867
-0.0289901
-0.0289938
-0.028998
-0.0290026
-0.0290076
-0.0290131
-0.0290423
-0.0290489
-0.029056
-0.0290634
-0.0290652
-0.0290739
-0.0290833
-0.0290933
-0.029104
-0.0290997
-0.0291103
-0.0291227
-0.0291361
-0.0291502
-0.0291648
-0.0291799
-0.0291953
-0.0292109
-0.0292268
-0.0292429
-0.029259
-0.0292753
-0.0292917
-0.0293081
-0.0293245
-0.0293409
-0.029356
-0.0293708
-0.0293851
-0.029399
-0.0294129
-0.0294269
-0.0294386
-0.0294489
-0.0294932
-0.0295667
-0.0296333
-0.0296711
-0.029677
-0.0296809
-0.0296833
-0.0296845
-0.0296847
-0.0296839
-0.0296807
-0.029677
-0.0296728
-0.029668
-0.0296627
-0.029657
-0.0296503
-0.0296417
-0.0296327
-0.0296232
-0.0296132
-0.0296028
-0.0295918
-0.0295804
-0.0295685
-0.0295389
-0.0295235
-0.0295085
-0.0294936
-0.0294788
-0.0294647
-0.029453
-0.029438
-0.0294232
-0.0294084
-0.0293936
-0.0293789
-0.0293642
-0.0293497
-0.0293352
-0.029321
-0.0293071
-0.0292935
-0.0292803
-0.0292675
-0.0292552
-0.0292435
-0.0292324
-0.029222
-0.0292124
-0.0297997
-0.0308212
-0.0321082
-0.0331592
-0.0336552
-0.0337601
-0.0338569
-0.0339365
-0.0339946
-0.034033
-0.0340712
-0.0341085
-0.0341439
-0.0341766
-0.0342061
-0.034232
-0.0342541
-0.0342722
-0.0342861
-0.0342882
-0.0342913
-0.0343182
-0.0343736
-0.0344577
-0.0345705
-0.0346978
-0.034879
-0.0351137
-0.0353917
-0.0357114
-0.036073
-0.0364774
-0.0369293
-0.0372862
-0.037632
-0.0379205
-0.0381538
-0.038333
-0.0384587
-0.0385293
-0.0385458
-0.0385133
-0.0384381
-0.0383208
-0.0381616
-0.0379608
-0.0377184
-0.0374345
-0.0371089
-0.0367414
-0.0369175
-0.0374962
-0.0377067
-0.0377853
-0.0376705
-0.0376277
-0.0376499
-0.0376712
-0.03768
-0.0376829
-0.037682
-0.0376787
-0.0376734
-0.0376666
-0.0376585
-0.0376491
-0.0376385
-0.0376268
-0.0376139
-0.0375998
-0.0375847
-0.0375691
-0.0375529
-0.0375363
-0.0375194
-0.0374999
-0.0374834
-0.037795
-0.0381031
-0.0384168
-0.0387638
-0.0391594
-0.0396123
-0.0401273
-0.0407075
-0.0413576
-0.0419521
-0.0424988
-0.0429975
-0.0434482
-0.0437137
-0.0439127
-0.0440368
-0.0440788
-0.0440532
-0.0439675
-0.0438194
-0.0436071
-0.043329
-0.0429835
-0.0430296
-0.0435085
-0.0438111
-0.0438167
-0.0435729
-0.0433225
-0.0431576
-0.0430583
-0.0430246
-0.0430042
-0.0429842
-0.0429652
-0.0429478
-0.0429322
-0.0429183
-0.0429062
-0.0428959
-0.0428874
-0.0428807
-0.0428756
-0.0428722
-0.0428705
-0.0428703
-0.0428718
-0.0428748
-0.0428763
-0.0428829
-0.042891
-0.0430747
-0.0431872
-0.0432717
-0.0433373
-0.0433945
-0.0434489
-0.043504
-0.0435611
-0.0436212
-0.0436843
-0.0437505
-0.0438195
-0.043891
-0.0439648
-0.0440404
-0.0441177
-0.0441962
-0.0442755
-0.0443554
-0.0444351
-0.0445128
-0.0445236
-0.0450602
-0.0459993
-0.0465402
-0.0466803
-0.0467624
-0.0468274
-0.0468651
-0.0468869
-0.0469022
-0.0469139
-0.0469236
-0.0469321
-0.0469397
-0.0469468
-0.0469534
-0.0469596
-0.0469655
-0.046971
-0.0469761
-0.0469809
-0.0469853
-0.0469893
-0.0469928
-0.046996
-0.0469987
-0.0469984
-0.047002
-0.0473411
-0.0476356
-0.0478515
-0.0480049
-0.0481032
-0.0481511
-0.0481594
-0.0481649
-0.0481697
-0.0481753
-0.0481823
-0.0481912
-0.0482022
-0.0482156
-0.0482314
-0.0482497
-0.0482705
-0.048294
-0.0483202
-0.0483491
-0.0483808
-0.0484152
-0.0484524
-0.0490689
-0.050118
-0.0507747
-0.0511708
-0.0512963
-0.0513705
-0.0514064
-0.0514184
-0.051414
-0.0514881
-0.0515624
-0.051638
-0.0517151
-0.0517219
-0.0517866
-0.0518888
-0.0519896
-0.0520177
-0.0520179
-0.0520195
-0.0520229
-0.0520281
-0.0520571
-0.0520543
-0.0520919
-0.052162
-0.0528654
-0.0536913
-0.0544243
-0.0550238
-0.0555324
-0.0559734
-0.0563593
-0.0566972
-0.0569904
-0.0572409
-0.0574492
-0.0576158
-0.0577403
-0.0578234
-0.0578638
-0.0578677
-0.0578597
-0.0578452
-0.0578246
-0.0577978
-0.0577639
-0.0577218
-0.0576703
-0.0576081
