0.0171984
0.00598742
-0.00691797
-0.0151467
-0.0189355
-0.0187692
-0.0186158
-0.0184723
-0.0229573
-0.024377
-0.0241917
-0.024003
-0.0238111
-0.0236118
-0.0234068
-0.0231907
-0.0229777
-0.0227686
-0.0225627
-0.0223601
-0.0221606
-0.0219637
-0.0217694
-0.0215777
-0.0213884
-0.0212017
-0.0210171
-0.0208335
-0.0206518
-0.020472
-0.0202939
-0.0201176
-0.0199429
-0.0197693
-0.0195967
-0.0194252
-0.0192549
-0.0190857
-0.0189177
-0.018751
-0.0185855
-0.0184212
-0.018258
-0.0180958
-0.0179349
-0.017775
-0.0176161
-0.0174584
-0.0173019
-0.0171465
-0.016986
-0.0168329
-0.0166809
-0.0165301
-0.0163805
-0.0162321
-0.0160848
-0.0159386
-0.0157936
-0.0156496
-0.0155068
-0.0153651
-0.0152245
-0.0150849
-0.0149464
-0.014809
-0.0146726
-0.0145375
-0.0143957
-0.0142637
-0.0141325
-0.0140022
-0.0138729
-0.0137445
-0.0136171
-0.0134906
-0.013365
-0.0132404
-0.0131167
-0.012994
-0.0128722
-0.0127512
-0.0126311
-0.0125118
-0.0123933
-0.0122756
-0.0121594
-0.0120446
-0.0119311
-0.011819
-0.0117081
-0.0115986
-0.0114903
-0.0113834
-0.0112776
-0.0111732
-0.0110698
-0.0109676
-0.0108665
-0.0107666
-0.010668
-0.0105705
-0.0104737
-0.0103778
-0.010283
-0.0101892
-0.0100963
-0.0100043
-0.00991333
-0.00982325
-0.00973408
-0.0096458
-0.00955838
-0.00947182
-0.00938608
-0.00930115
-0.00921701
-0.00913365
-0.00905103
-0.00896914
-0.00888788
-0.0087776
-0.00867577
-0.00858084
-0.00849218
-0.00840947
-0.00832762
-0.00824936
-0.00817499
-0.00810486
-0.00803379
-0.00796275
-0.00789186
-0.00782114
-0.00775065
-0.00768042
-0.00761047
-0.00754083
-0.00747078
-0.00740102
-0.00733217
-0.00726398
-0.0071955
-0.00712805
-0.00706108
-0.00699387
-0.00692773
-0.0068621
-0.00679695
-0.00673228
-0.006669
-0.00660729
-0.00654619
-0.00648617
-0.00642698
-0.00636844
-0.0063104
-0.00625281
-0.00619562
-0.0061388
-0.00608235
-0.00602625
-0.00597035
-0.00591473
-0.00585942
-0.00580441
-0.00574969
-0.00569525
-0.00564108
-0.00558717
-0.00553349
-0.00548005
-0.00542682
-0.00537379
-0.00532094
-0.00526823
-0.00521487
-0.0051626
-0.00511095
-0.00506027
-0.00501123
-0.00496149
-0.00491201
-0.00486279
-0.00481388
-0.00476533
-0.00471715
-0.00466937
-0.00462254
-0.00457617
-0.0045302
-0.00448461
-0.00443941
-0.00439459
-0.00435015
-0.00430609
-0.00426242
-0.00421912
-0.0041762
-0.00413366
-0.00409174
-0.00404254
-0.00398692
-0.00393482
-0.00388196
-0.00383398
-0.0037932
-0.00375273
-0.00371258
-0.00367272
-0.00363316
-0.0035939
-0.00355493
-0.00351624
-0.00347784
-0.00343972
-0.00340188
-0.0033643
-0.003327
-0.00328995
-0.00325317
-0.00321665
-0.00318037
-0.00314434
-0.00310856
-0.00307302
-0.00303959
-0.00300396
-0.0029683
-0.00293378
-0.00290018
-0.00286743
-0.00283551
-0.0028038
-0.00277072
-0.00273817
-0.00270592
-0.00267398
-0.00264236
-0.00261104
-0.00258004
-0.00254935
-0.00251896
-0.00248885
-0.00245901
-0.00242943
-0.00240013
-0.00237109
-0.0023423
-0.00231378
-0.00228542
-0.00226338
-0.00224941
-0.00223131
-0.00220409
-0.00217708
-0.00215033
-0.00212381
-0.00209754
-0.00207151
-0.00204572
-0.00202017
-0.00199486
-0.00196979
-0.00194496
-0.00192037
-0.00189601
-0.00187189
-0.00184801
-0.00182437
-0.00180096
-0.0017778
-0.00175487
-0.00173218
-0.00170973
-0.00168752
-0.00166177
-0.00164009
-0.0016187
-0.0015976
-0.00157678
-0.00155624
-0.00153599
-0.00151604
-0.00149639
-0.00147706
-0.00145804
-0.00143936
-0.001421
-0.001403
-0.00138535
-0.00136806
-0.00135115
-0.00133463
-0.0013185
-0.00130278
-0.00128748
-0.00127195
-0.00125655
-0.00124116
-0.00122595
-0.00119248
-0.00114007
-0.00109186
-0.00105987
-0.00104471
-0.00102957
-0.00101442
-0.000999254
-0.000984076
-0.000968878
-0.000953656
-0.000938406
-0.000923124
-0.000907805
-0.000892447
-0.000877045
-0.000861408
-0.000845914
-0.000830367
-0.000814756
-0.000799134
-0.000783412
-0.000767647
-0.000751833
-0.000735968
-0.000730203
-0.000714087
-0.000697813
-0.000681402
-0.000664851
-0.000648153
-0.000631299
-0.000614277
-0.000597075
-0.000579679
-0.000562075
-0.000544249
-0.000526185
-0.000507868
-0.000489282
-0.000470411
-0.000451236
-0.000432036
-0.000412561
-0.000392945
-0.000373158
-0.00035318
-0.000332978
-0.000313173
-0.000293579
-0.000295314
-0.000316508
-0.000334565
-0.000335453
-0.000316817
-0.000298409
-0.00028025
-0.00026234
-0.000244677
-0.000227262
-0.000210166
-0.00019335
-0.000176819
-0.000160575
-0.000144623
-0.000128919
-0.000113519
-9.84441e-05
-8.36682e-05
-6.9194e-05
-5.50244e-05
-4.11631e-05
-2.76132e-05
-1.43778e-05
-1.46078e-06
2.34623e-05
3.55379e-05
4.71603e-05
5.83911e-05
6.92275e-05
7.96649e-05
8.99159e-05
9.96687e-05
0.000109063
0.000118084
0.000126715
0.000134941
0.000142743
0.000150106
0.000157012
0.000163443
0.000169381
0.000174808
0.000179705
0.000184054
0.000187834
0.000191025
0.000193606
0.000195557
0.000196663
0.000203711
0.000210593
0.000217708
0.000191995
0.000209932
0.000290695
0.000362359
0.000427867
0.000488481
0.000544887
0.000597001
0.00064519
0.000689378
0.000729392
0.000765109
0.000796435
0.000823309
0.000845687
0.000863555
0.000870948
0.000878313
0.000886163
0.000894602
0.000903656
0.000913346
0.000909758
0.000913055
0.000925921
0.000940073
0.000955445
0.000972092
0.000990107
0.00100971
0.0010278
0.00104389
0.00105762
0.00106898
0.00107795
0.00108456
0.00109118
0.0010963
0.00109982
0.00110187
0.00110243
0.00110154
0.00109919
0.00109543
0.00109025
0.0010837
0.00107599
0.00103033
0.000955966
0.000834381
0.000743812
0.000688643
0.000658368
0.00063224
0.000627062
0.000637534
0.000647599
0.000657218
0.000666425
0.000675253
0.000683732
0.000691894
0.000699759
0.000707356
0.000714706
0.00072183
0.000728747
0.000735474
0.000742024
0.000748405
0.000754625
0.000760685
0.000774412
0.000780093
0.000774899
0.000776156
0.000784707
0.0007987
0.00081717
0.000839638
0.000865903
0.000895924
0.000929814
0.000964296
0.00099941
0.00103513
0.00107144
0.00110728
0.00112993
0.00114743
0.00116043
0.00116857
0.00117279
0.00117301
0.00116917
0.0011612
0.00114878
0.00114334
0.00113755
0.00116
0.00117273
0.00124128
0.00132038
0.00139123
0.00143663
0.00144717
0.00145745
0.00146716
0.00147635
0.00148507
0.00149336
0.00150126
0.0015088
0.00151603
0.00152296
0.00152964
0.00153608
0.00154231
0.00154836
0.00155425
0.00156
0.00156562
0.00156048
0.00156621
0.00157207
0.0015745
0.00157698
0.00157968
0.00158207
0.00158403
0.0015855
0.00158647
0.00158691
0.00158683
0.00158623
0.00158509
0.00158342
0.00158122
0.00157848
0.0015752
0.00157138
0.00156702
0.0015621
0.00155661
0.00155055
0.00154383
0.00153715
0.00148194
0.00138942
0.00125105
0.00115521
0.00108692
0.00104679
0.00103121
0.0010354
0.0010392
0.00104261
0.00104566
0.00104837
0.00105078
0.0010529
0.00105476
0.00105639
0.0010578
0.001059
0.00106002
0.00106086
0.00106155
0.00106209
0.00106249
0.00106277
0.00106293
0.00107371
0.00107338
0.00107567
0.00107977
0.00109001
0.00110393
0.00111451
0.00112174
0.00112918
0.00113775
0.00114742
0.00115817
0.00117001
0.00118292
0.0011969
0.00121194
0.00122806
0.00124524
0.0012635
0.00128283
0.00130325
0.00132477
0.00134739
0.00137112
0.00139514
0.0014342
0.0014729
0.00149651
0.00157154
0.0017112
0.00183176
0.00193363
0.00200797
0.00204953
0.00208125
0.00211273
0.00214401
0.00217516
0.00220342
0.00223375
0.00226546
0.0022971
0.00232582
0.00235334
0.00238088
0.00240848
0.00243621
0.00246358
0.0024911
0.00252431
0.00258368
0.00265305
0.00271719
0.00278143
0.00284303
0.00290114
0.00295534
0.00300538
0.00305114
0.00309258
0.00312969
0.00316248
0.00319097
0.00321523
0.00323324
0.00324707
0.00324586
0.00324233
0.00323701
0.00322992
0.00322102
0.00321025
0.00319737
0.00318236
0.00317231
