0
-0.00300436
-0.00631049
-0.00872843
-0.0105423
-0.0117293
-0.0124061
-0.0125803
-0.0122656
-0.0116486
-0.0108143
-0.0097775
-0.0087242
-0.0081711
-0.00813008
-0.0085222
-0.00902133
-0.00963089
-0.0103554
-0.0111947
-0.0121475
-0.0131857
-0.014306
-0.0155071
-0.0167881
-0.0181588
-0.0195419
-0.0209194
-0.0223068
-0.023704
-0.0251123
-0.0265332
-0.0279712
-0.0293201
-0.0306154
-0.0318445
-0.0330079
-0.0341061
-0.0351324
-0.0360997
-0.037004
-0.0378452
-0.0386232
-0.0393332
-0.0399782
-0.0405583
-0.0410742
-0.041525
-0.0419106
-0.042231
-0.0424858
-0.0426882
-0.0428474
-0.0429494
-0.0429865
-0.0429544
-0.0428511
-0.0426755
-0.0424271
-0.0421054
-0.0417101
-0.0412408
-0.0406971
-0.0400786
-0.0393847
-0.0386149
-0.0377685
-0.0369006
-0.0358413
-0.034805
-0.033749
-0.0326588
-0.0315255
-0.0303434
-0.0291087
-0.0278183
-0.0264759
-0.0250753
-0.0236293
-0.0221319
-0.020579
-0.0189676
-0.0172952
-0.0155597
-0.0137585
-0.0119177
-0.0101765
-0.00851178
-0.0069227
-0.00540838
-0.00396768
-0.00260075
-0.00130595
-8.25024e-05
0.00107031
0.00218419
0.00325946
0.00429674
0.00526209
0.00615984
0.00699068
0.00771611
0.00831886
0.00882867
0.00926672
0.00964399
0.00996604
0.0102356
0.010454
0.0106218
0.0107393
0.0108064
0.0108231
0.0107892
0.0107045
0.0105687
0.0103816
0.0101428
0.00985202
0.00950887
0.00919487
0.00929006
0.00953462
0.00985596
0.0102137
0.0105883
0.0110162
0.0114833
0.0119761
0.0125362
0.0130167
0.0135448
0.0141251
0.0147623
0.0154589
0.0162162
0.0170158
0.0178585
0.0187921
0.019783
0.0208166
0.0218795
0.0229947
0.024151
0.0253396
0.0265768
0.0278555
0.029173
0.0305338
0.0319385
0.0333878
0.0348543
0.0363396
0.0378781
0.0393262
0.0407071
0.0420271
0.0432895
0.0444965
0.0456493
0.0467489
0.0477959
0.0487911
0.0497349
0.0506428
0.0515152
0.0523525
0.0531547
0.0539221
0.0546548
0.0553531
0.056017
0.0566467
0.0572425
0.0578044
0.0583327
0.0588233
0.0592641
0.0597983
0.0603925
0.0609216
0.0615299
0.0622075
0.062948
0.0637475
0.064604
0.0655167
0.0664851
0.0675101
0.0685914
0.0696902
0.0707996
0.071919
0.0730475
0.0741845
0.0753292
0.0764811
0.0776393
0.0788031
0.0799718
0.0811445
0.0822935
0.0834241
0.0845648
0.0856242
0.0866126
0.0875854
0.0885582
0.0895313
0.0905048
0.091479
0.0924539
0.0934297
0.0944065
0.0953844
0.0963633
0.0973434
0.0983246
0.0993068
0.10029
0.101274
0.102259
0.103245
0.104232
0.105219
0.106207
0.107182
0.107813
0.10829
0.108898
0.109597
0.110368
0.1112
0.112088
0.113032
0.114017
0.115007
0.115998
0.116992
0.117986
0.118981
0.119975
0.12097
0.121965
0.122958
0.123951
0.124943
0.125935
0.126924
0.127913
0.128899
0.129874
0.130837
0.131801
0.132776
0.133755
0.134736
0.135719
0.136703
0.137689
0.138677
0.139666
0.140657
0.14165
0.142645
0.143641
0.14464
0.14564
0.146643
0.147648
0.148654
0.149663
0.150673
0.151686
0.1527
0.153715
0.154738
0.155757
0.156778
0.157801
0.158824
0.159848
0.160872
0.161897
0.162922
0.163948
0.164973
0.165999
0.167026
0.168052
0.169077
0.170103
0.171128
0.172153
0.173176
0.174198
0.175217
0.176222
0.177229
0.17823
0.179228
0.180185
0.181092
0.182005
0.182951
0.183933
0.184917
0.185901
0.186885
0.18787
0.188854
0.18984
0.190825
0.191812
0.192798
0.193786
0.194774
0.19574
0.19673
0.197721
0.198712
0.199711
0.200703
0.201696
0.20269
0.203683
0.204693
0.205688
0.206682
0.207676
0.208669
0.209662
0.210655
0.211647
0.21264
0.213632
0.214624
0.215616
0.216608
0.2176
0.218592
0.219583
0.220574
0.221566
0.222557
0.223549
0.224539
0.225528
0.226516
0.227503
0.22849
0.22944
0.230359
0.231283
0.232235
0.233217
0.234201
0.235186
0.236173
0.23716
0.238149
0.239141
0.240135
0.24113
0.242126
0.243124
0.244124
0.245126
0.246131
0.247138
0.248147
0.249157
0.250169
0.251183
0.252198
0.253214
0.254249
0.255271
0.256293
0.257314
0.258337
0.259359
0.260378
0.261401
0.262424
0.263447
0.26447
0.265494
0.266517
0.267539
0.268562
0.269584
0.270606
0.271626
0.272646
0.273664
0.274681
0.275696
0.276708
0.277718
0.278725
0.279132
0.279103
0.278807
0.278745
0.279238
0.280121
0.281011
0.281919
0.282849
0.283799
0.28475
0.285702
0.286657
0.287616
0.28858
0.289548
0.290521
0.2915
0.292484
0.293481
0.294478
0.295453
0.2964
0.29732
0.298212
0.29909
0.299915
0.300687
0.301416
0.302104
0.30275
0.303353
0.303909
0.304561
0.305223
0.305943
0.306718
0.307547
0.30843
0.309368
0.310359
0.311399
0.312481
0.313605
0.31477
0.315975
0.31722
0.318506
0.319831
0.321196
0.322014
0.322428
0.323208
0.324119
0.325222
0.326253
0.327218
0.328184
0.329163
0.330149
0.331139
0.332132
0.333128
0.334126
0.335127
0.336131
0.337137
0.338145
0.339156
0.340169
0.341185
0.342202
0.343221
0.344241
0.345263
0.346288
0.34731
0.348005
0.348704
0.349398
0.350059
0.350671
0.351226
0.35172
0.352148
0.352506
0.35292
0.353381
0.353891
0.354449
0.355191
0.355999
0.356882
0.357847
0.358878
0.359968
0.361119
0.362333
0.363611
0.364953
0.365902
0.366416
0.367104
0.368087
0.36932
0.370558
0.37171
0.372797
0.373819
0.374827
0.375836
0.376845
0.377853
0.378861
0.379868
0.380874
0.381879
0.382885
0.383889
0.384893
0.385897
0.386901
0.387903
0.388906
0.389907
0.390911
0.391911
0.392909
0.393733
0.394628
0.395551
0.396493
0.397444
0.398398
0.399351
0.400302
0.401251
0.402196
0.403138
0.404077
0.405014
0.405947
0.406879
0.407808
0.408735
0.40966
0.410583
0.411505
0.412427
0.413413
0.413871
0.413925
0.414375
0.415224
0.41613
0.417053
0.418003
0.418969
0.419941
0.420918
0.421897
0.422878
0.423861
0.424846
0.425832
0.42682
0.42781
0.428801
0.429794
0.430788
0.431784
0.432782
0.433781
0.434781
0.435783
0.436789
0.437792
0.438459
0.439172
0.439963
0.440818
0.441727
0.442688
0.443687
0.44469
0.445694
0.446697
0.447698
0.448697
0.449694
0.450689
0.451681
0.45267
0.453655
0.454637
0.455615
0.45659
0.457559
0.458524
0.459484
0.459863
0.459806
0.46014
0.460733
0.461596
0.46251
0.463462
0.464437
0.465429
0.466344
0.467258
0.468172
0.469086
0.470071
0.470999
0.471891
0.472786
0.473754
0.474752
0.47575
0.476747
0.477743
0.478717
0.479723
0.48069
0.481625
0.481928
0.482109
0.482383
0.482791
0.48329
0.483857
0.484479
0.48515
0.485865
0.486623
0.487423
0.488264
0.489148
0.490073
0.491041
0.492044
0.493059
0.49408
0.495106
0.496138
0.497175
0.498218
0.499269
0.500329
