-0.0355023
-0.0298261
-0.023928
-0.0239225
-0.0239116
-0.0239097
-0.0241395
-0.0241667
-0.0264848
-0.0265218
-0.026569
-0.0266159
-0.026662
-0.0267105
-0.0267594
-0.0271495
-0.0273619
-0.0274832
-0.0275514
-0.0275906
-0.027614
-0.0276283
-0.0276369
-0.0276422
-0.0276453
-0.0276581
-0.0276459
-0.0276387
-0.0276324
-0.0276271
-0.0276227
-0.027619
-0.027616
-0.027619
-0.027622
-0.027625
-0.0276279
-0.0276307
-0.0276208
-0.0276219
-0.0276239
-0.0276269
-0.0276307
-0.0276336
-0.0276364
-0.0276392
-0.0276414
-0.0276434
-0.0276454
-0.0276471
-0.025851
-0.0247501
-0.0231336
-0.0212834
-0.0193501
-0.0174138
-0.0155161
-0.0136776
-0.0119075
-0.0102087
-0.00858076
-0.00702161
-0.00552839
-0.00409802
-0.00272737
-0.00141352
-0.000153747
0.0010843
0.00258179
0.00353725
0.00451435
0.00548392
0.00643043
0.00734575
0.00822568
0.00906811
0.00927167
0.00967356
0.00989629
0.0100207
0.0100912
0.0101319
0.0101562
0.0101713
0.0101812
0.0101806
0.0101816
0.0101826
0.0101836
0.0101844
0.010184
0.0101876
0.0101913
0.0101952
0.0101991
0.0102062
0.0102127
0.0102189
0.010221
0.0102231
-0.0276042
-0.0253959
-0.0220205
-0.0181348
-0.0140703
-0.010005
-0.00603283
-0.00220135
0.00146741
0.00496533
0.00829192
0.0114508
0.0144477
0.0172895
0.0199837
0.0225376
0.0249591
0.0272555
0.0294343
0.0315029
0.0335213
0.0361539
0.0382246
0.0399735
0.0415125
0.042902
0.0435736
0.0439762
0.0441099
0.0441094
0.0441089
0.0441069
0.0441053
0.0441038
0.0441027
0.0441018
0.0441011
0.0441006
0.0441008
0.0441011
0.0441014
0.0441017
0.0441021
0.0441026
0.0441029
0.0441035
0.044104
0.0441045
0.044105
0.0441056
0.0105582
0.0130943
0.0169032
0.0213026
0.0259103
0.0305269
0.0350466
0.0394152
0.0436072
0.0476124
0.0514294
0.0550615
0.0585151
0.0617963
0.0649127
0.067872
0.0706815
0.0733486
0.0758806
0.0782845
0.0805669
0.0827345
0.0847938
0.0867508
0.0886116
0.0903822
0.091009
0.0917054
0.0920912
0.0920906
0.0920933
0.0920928
0.0920924
0.0920922
0.092092
0.0920918
0.0920918
0.0920917
0.0920918
0.0920918
0.0920919
0.0920921
0.0920922
0.0920923
0.0920924
0.0920926
0.0920927
0.0920929
0.092093
0.0920932
0.0436953
0.04648
0.050694
0.0555761
0.0607201
0.0658871
0.070968
0.075876
0.0805836
0.0850808
0.0893671
0.0934467
0.0973267
0.101015
0.10452
0.107851
0.111015
0.114021
0.116877
0.11959
0.122168
0.124616
0.126942
0.129151
0.13125
0.133244
0.133989
0.133987
0.133992
0.133992
0.13399
0.133985
0.13398
0.133976
0.133976
0.133976
0.133976
0.133976
0.133976
0.133976
0.133976
0.133976
0.133976
0.133976
0.133976
0.133976
0.133976
0.133976
0.133976
0.133976
0.0903398
0.0932727
0.0976449
0.102707
0.108047
0.113393
0.118624
0.123678
0.128527
0.133158
0.137573
0.141776
0.145772
0.149572
0.153183
0.156614
0.159875
0.162972
0.165915
0.16871
0.171366
0.17389
0.176287
0.178564
0.180727
0.182782
0.183522
0.184322
0.184763
0.185006
0.18514
0.185214
0.185255
0.185278
0.18529
0.185298
0.185302
0.185304
0.185306
0.185307
0.185307
0.185308
0.185308
0.185309
0.185309
0.18531
0.18531
0.18531
0.18531
0.18531
0.133957
0.136781
0.141269
0.146433
0.151886
0.157402
0.162792
0.167998
0.172989
0.177757
0.182301
0.186625
0.190738
0.194647
0.198363
0.201893
0.205247
0.208433
0.21146
0.214336
0.217068
0.219664
0.22213
0.224472
0.226697
0.228811
0.229694
0.230472
0.230901
0.231138
0.231269
0.231342
0.231382
0.231404
0.231417
0.231424
0.231428
0.23143
0.231432
0.231433
0.231434
0.231434
0.231435
0.231435
0.231436
0.231436
0.231437
0.231437
0.231438
0.231438
0.185185
0.188194
0.192675
0.197862
0.203346
0.208892
0.214318
0.21956
0.224588
0.229392
0.233971
0.238329
0.242474
0.246415
0.25016
0.253718
0.2571
0.260312
0.263364
0.266264
0.269019
0.271636
0.274122
0.276484
0.278728
0.280859
0.281618
0.28246
0.282924
0.28318
0.283321
0.283398
0.28344
0.283464
0.283477
0.283485
0.283489
0.283492
0.283493
0.283494
0.283495
0.283495
0.283496
0.283496
0.283497
0.283497
0.283498
0.283498
0.283499
0.283499
0.231349
0.231362
0.23339
0.236846
0.241069
0.246577
0.25304
0.25882
0.264113
0.269033
0.273647
0.278
0.282121
0.286028
0.289739
0.293266
0.296622
0.299814
0.302854
0.305749
0.30852
0.311151
0.313649
0.316021
0.318273
0.320411
0.321325
0.322109
0.322535
0.32277
0.3229
0.322972
0.323012
0.323034
0.323034
0.323034
0.323034
0.323033
0.323032
0.323031
0.323031
0.323031
0.323031
0.323031
0.323031
0.323031
0.323031
0.323032
0.323032
0.323032
0.276873
0.276893
0.279288
0.284222
0.290195
0.296715
0.302704
0.308268
0.313502
0.31845
0.323129
0.327562
0.331767
0.335757
0.339545
0.343142
0.346558
0.349801
0.352881
0.355806
0.358583
0.361221
0.363725
0.366102
0.368359
0.370502
0.371211
0.372065
0.37207
0.372072
0.372073
0.372073
0.372072
0.37207
0.372068
0.372065
0.372061
0.372059
0.372056
0.372052
0.372049
0.372212
0.372146
0.372104
0.37208
0.372065
0.372054
0.372045
0.372035
0.372026
0.319041
0.319057
0.321083
0.325279
0.331452
0.338257
0.344584
0.350333
0.355668
0.360683
0.365402
0.36986
0.374082
0.378085
0.381884
0.38549
0.388915
0.392167
0.395256
0.39819
0.400976
0.403623
0.406137
0.408525
0.410792
0.412946
0.41387
0.414638
0.415061
0.41506
0.41506
0.415059
0.415059
0.415059
0.415059
0.415059
0.415059
0.415059
0.415059
0.415059
0.415059
0.415059
0.415059
0.415059
0.415059
0.415059
0.415059
0.415059
0.415059
0.415059
0.368718
0.368738
0.371128
0.376132
0.382502
0.38887
0.394774
0.400313
0.405542
0.410484
0.415164
0.419601
0.423812
0.427811
0.431607
0.435213
0.438637
0.44189
0.44498
0.447915
0.450703
0.453351
0.455866
0.458255
0.460524
0.46268
0.46339
0.464255
0.464254
0.464253
0.464252
0.46425
0.464249
0.464249
0.464249
0.464249
0.464249
0.464249
0.464249
0.464249
0.464249
0.464249
0.464249
0.464249
0.464249
0.464249
0.464249
0.464249
0.464249
0.464249
0.411094
0.411113
0.413151
0.4174
0.423573
0.43035
0.436496
0.44215
0.447431
0.452411
0.457116
0.461567
0.465785
0.469787
0.473588
0.477195
0.480621
0.483874
0.486967
0.489905
0.492698
0.49535
0.497871
0.500266
0.50261
0.504803
0.504799
0.504818
0.50515
0.505167
0.50518
0.505191
0.505199
0.505207
0.505214
0.50522
0.505226
0.505232
0.505238
0.505243
0.505248
0.505252
0.505252
0.505252
0.505252
0.505252
0.505252
0.505253
0.505253
0.505253
0.459384
