-0.0355023
-0.0281184
-0.0281151
-0.0280801
-0.0300583
-0.0325042
-0.0346904
-0.0359883
-0.0359624
-0.0351202
-0.0334837
-0.0310385
-0.0282488
-0.0264558
-0.0256784
-0.0256802
-0.0256817
-0.0256852
-0.025689
-0.025693
-0.025697
-0.0257011
-0.0257051
-0.0257089
-0.0257125
-0.0257267
-0.0257161
-0.0257201
-0.0257261
-0.025732
-0.025738
-0.0257441
-0.0257504
-0.0257388
-0.0257619
-0.0257799
-0.0257952
-0.025809
-0.0258081
-0.0258103
-0.0258126
-0.025815
-0.0258174
-0.0258188
-0.0258201
-0.0258215
-0.0258281
-0.0258347
-0.0258405
-0.025846
-0.0276487
-0.0276477
-0.0276443
-0.0276397
-0.0276347
-0.0276295
-0.0276245
-0.0276195
-0.0276148
-0.0276103
-0.0276059
-0.0276017
-0.0275978
-0.027594
-0.0275903
-0.0275869
-0.0275837
-0.0275475
-0.0275438
-0.0275427
-0.0275418
-0.0275411
-0.0275408
-0.0275409
-0.0275413
-0.0275423
-0.0275446
-0.0275455
-0.0275459
-0.0275459
-0.0275459
-0.0275457
-0.0275454
-0.0275451
-0.0275447
-0.0275527
-0.0275584
-0.0275638
-0.0275696
-0.027576
-0.0275842
-0.0275888
-0.0275937
-0.0275988
-0.0276043
-0.0276012
-0.0275983
-0.0275956
-0.0275978
-0.0276007
0.0102252
0.0102317
0.0102424
0.0102549
0.010268
0.010281
0.0102936
0.0103056
0.010317
0.0103278
0.010338
0.0103476
0.0103567
0.0103652
0.0103733
0.010381
0.0103883
0.0103953
0.0104019
0.0104083
0.0104665
0.0104746
0.0104794
0.0104833
0.0104861
0.0104879
0.0104874
0.0104873
0.0104871
0.0106927
0.0106238
0.0105869
0.010568
0.0105589
0.0105547
0.0105531
0.0105529
0.0105534
0.0105539
0.0105543
0.0105549
0.0105548
0.0105555
0.0105561
0.0105562
0.0105569
0.0105577
0.0105578
0.0105579
0.010558
0.0441061
0.0441027
0.044099
0.0441072
0.0441154
0.0441236
0.0441316
0.0441391
0.0441462
0.0441527
0.0441587
0.0441641
0.0441687
0.0441726
0.0441761
0.044179
0.0441814
0.0441834
0.0441848
0.0441858
0.0441863
0.0441864
0.0441859
0.044185
0.0441836
0.0441817
0.0441776
0.044175
0.0441728
0.0442571
0.0440173
0.0438787
0.0438014
0.0437575
0.0437319
0.0437164
0.0437064
0.0436993
0.0436975
0.0436967
0.0436963
0.0436961
0.0436959
0.0436958
0.0436957
0.0436957
0.0436956
0.0436955
0.0436954
0.0436953
0.0920934
0.0920814
0.0920582
0.0920389
0.0920574
0.0920682
0.0920683
0.0920682
0.0920682
0.0920682
0.0920682
0.0920682
0.0920682
0.0920682
0.0920681
0.0920681
0.0920681
0.0920681
0.092068
0.092068
0.092068
0.0920679
0.0920679
0.0920678
0.0920678
0.0920677
0.0920642
0.0918556
0.0912021
0.0908342
0.0906236
0.0904998
0.0904236
0.0903774
0.0903592
0.0903496
0.0903444
0.0903416
0.0903402
0.0903395
0.0903392
0.0903391
0.0903391
0.0903391
0.0903392
0.0903393
0.0903394
0.0903395
0.0903396
0.0903397
0.133976
0.133971
0.133962
0.133956
0.133956
0.133956
0.133956
0.133956
0.133956
0.133956
0.133956
0.133956
0.133956
0.133956
0.133956
0.133956
0.133956
0.133956
0.133956
0.133956
0.133956
0.133956
0.133956
0.133956
0.133956
0.133956
0.133958
0.133958
0.133958
0.133958
0.133958
0.133958
0.133958
0.133958
0.133959
0.133959
0.133959
0.133959
0.133958
0.133958
0.133958
0.133958
0.133958
0.133958
0.133958
0.133958
0.133958
0.133962
0.133959
0.133958
0.18531
0.185291
0.185243
0.185201
0.185179
0.185179
0.185179
0.185179
0.185179
0.185179
0.185179
0.185179
0.185179
0.185179
0.185179
0.185179
0.185179
0.185179
0.185179
0.185179
0.185179
0.185179
0.185179
0.185179
0.185179
0.185179
0.185188
0.185188
0.185188
0.185188
0.185188
0.185188
0.185188
0.185188
0.185188
0.185188
0.185188
0.185188
0.185188
0.185188
0.185188
0.185188
0.185188
0.185187
0.185187
0.185187
0.185187
0.185187
0.185187
0.185186
0.231438
0.23142
0.231386
0.231355
0.231338
0.231338
0.231338
0.231338
0.231338
0.231338
0.231338
0.231338
0.231338
0.231338
0.231338
0.231338
0.231338
0.231338
0.231338
0.231338
0.231338
0.231338
0.231338
0.231338
0.231338
0.231338
0.231349
0.23135
0.23135
0.23135
0.23135
0.23135
0.231349
0.231349
0.231349
0.231349
0.231349
0.231349
0.231349
0.231349
0.231349
0.231349
0.231349
0.231349
0.231349
0.231349
0.231349
0.231349
0.231349
0.231349
0.2835
0.282327
0.28014
0.277299
0.27729
0.277254
0.27721
0.277169
0.277132
0.277097
0.277065
0.277036
0.27701
0.276986
0.276965
0.276947
0.276931
0.276919
0.276909
0.276902
0.276902
0.276902
0.276902
0.276902
0.276902
0.276902
0.27691
0.27691
0.27691
0.27691
0.27691
0.276909
0.276909
0.276909
0.276984
0.276938
0.276912
0.276896
0.276885
0.276876
0.276874
0.276872
0.276872
0.276871
0.276871
0.276871
0.276872
0.276872
0.276872
0.276872
0.323032
0.321994
0.320013
0.320038
0.320065
0.320092
0.320113
0.320132
0.32014
0.32014
0.32014
0.32014
0.32014
0.32014
0.32014
0.32014
0.32014
0.32014
0.32014
0.32014
0.32014
0.32014
0.32014
0.32014
0.32014
0.32014
0.320137
0.320137
0.319749
0.319472
0.319319
0.319232
0.319181
0.319151
0.31913
0.319114
0.3191
0.319089
0.319077
0.319064
0.319051
0.319051
0.319051
0.319051
0.319051
0.319051
0.319049
0.319048
0.319046
0.319044
0.372015
0.371066
0.369105
0.369122
0.369153
0.369179
0.369204
0.369226
0.369238
0.369238
0.369238
0.369238
0.369238
0.369238
0.369238
0.369238
0.369238
0.369238
0.369238
0.369238
0.369238
0.369238
0.369238
0.369238
0.369238
0.369238
0.369235
0.369235
0.369235
0.369001
0.368872
0.368801
0.368761
0.36874
0.368728
0.368721
0.368718
0.368716
0.368715
0.368715
0.368715
0.368715
0.368715
0.368716
0.368716
0.368716
0.368717
0.368717
0.368718
0.368718
0.415058
0.414041
0.412078
0.412103
0.41213
0.412157
0.412171
0.412177
0.412177
0.412177
0.412177
0.412177
0.412177
0.412177
0.412177
0.412177
0.412177
0.412177
0.412177
0.412177
0.412177
0.412177
0.412177
0.412177
0.412177
0.412177
0.412174
0.412174
0.411803
0.411489
0.411311
0.411206
0.41115
0.411121
0.411105
0.411097
0.411093
0.41109
0.411089
0.411089
0.411089
0.411089
0.41109
0.41109
0.411091
0.411091
0.411092
0.411092
0.411093
0.411093
0.464249
0.46313
0.460994
0.461022
0.46105
0.46108
0.461103
0.461121
0.461132
0.461135
0.461135
0.461135
0.461135
0.461134
0.461134
0.461134
0.461134
0.461133
0.461133
0.461133
0.461133
0.461133
0.461133
0.461132
0.461199
0.461199
0.461847
0.461336
0.460503
0.459895
0.459571
0.459404
0.459323
0.459289
0.459281
0.459287
0.459299
0.459316
0.459334
0.459353
0.459368
0.459384
0.459385
0.459386
0.459386
0.459386
0.459386
0.459386
0.459385
0.459385
0.505253
