-0.0355023
-0.0354934
-0.028752
-0.0287253
-0.0301316
-0.0333319
-0.0373299
-0.0413747
-0.0452495
-0.0484761
-0.0507754
-0.0507689
-0.0507566
-0.050732
-0.0506941
-0.0506577
-0.0506227
-0.0505886
-0.0505564
-0.050545
-0.0505335
-0.0505221
-0.0505107
-0.0504993
-0.0504879
-0.0504762
-0.0504642
-0.0505631
-0.0506591
-0.0507288
-0.0508851
-0.0509063
-0.0509353
-0.0509722
-0.051012
-0.0510522
-0.0510915
-0.0511294
-0.0511597
-0.0511979
-0.0512362
-0.0512747
-0.0513136
-0.0513509
-0.0513504
-0.0513509
-0.0513523
-0.0513545
-0.0513574
-0.0513609
-0.0507831
-0.0518152
-0.051834
-0.0518245
-0.0518114
-0.0517996
-0.0517905
-0.0517842
-0.0517808
-0.0517794
-0.0517772
-0.0517748
-0.0517724
-0.0517703
-0.0517684
-0.0517668
-0.0517654
-0.0517644
-0.0517636
-0.0517631
-0.0517628
-0.0517629
-0.0517632
-0.0517638
-0.0517666
-0.0517716
-0.0517794
-0.0517879
-0.0517919
-0.0517904
-0.0517825
-0.0517733
-0.051766
-0.0517592
-0.0517529
-0.0517467
-0.0517404
-0.0517338
-0.0517267
-0.0517193
-0.051711
-0.0517023
-0.0516929
-0.051683
-0.0516725
-0.0516614
-0.0516496
-0.0516372
-0.051624
-0.0516102
-0.0175995
-0.0176095
-0.0176293
-0.0176529
-0.017682
-0.0177128
-0.0177295
-0.0177359
-0.0177337
-0.0177238
-0.0177182
-0.0177146
-0.0177111
-0.0177068
-0.0177016
-0.0176956
-0.0176887
-0.0176811
-0.0176728
-0.0176638
-0.0176542
-0.0176438
-0.0176327
-0.0176209
-0.0176026
-0.0175755
-0.0175412
-0.0175167
-0.0175019
-0.0174982
-0.0175044
-0.0174433
-0.0174384
-0.0174378
-0.0174402
-0.0174431
-0.0174737
-0.0174941
-0.0175226
-0.0175497
-0.0175767
-0.0176042
-0.0176326
-0.0176619
-0.0176933
-0.0177259
-0.0177638
-0.0177768
-0.0177709
-0.017766
0.0204941
0.020495
0.0205001
0.0205088
0.0205201
0.020531
0.0205385
0.0205418
0.0205429
0.0205425
0.0205423
0.0205419
0.0205414
0.0205407
0.0205398
0.0205386
0.0205372
0.0205356
0.0205338
0.020532
0.02053
0.0205281
0.0205261
0.0205243
0.0205228
0.0205224
0.0205066
0.0204952
0.0204867
0.0191374
0.017055
0.0141788
0.0121436
0.0108721
0.0103137
0.0103263
0.0103238
0.0103203
0.0103168
0.0103133
0.0103098
0.0103065
0.0103033
0.0103004
0.0102977
0.0102954
0.0102935
0.010292
0.010291
0.0102905
0.0538862
0.0518529
0.0518249
0.0517864
0.0517395
0.0516839
0.0516194
0.0515661
0.0515252
0.0514939
0.0514794
0.0514698
0.0514568
0.0514428
0.0514293
0.0514165
0.0514047
0.0513938
0.0513838
0.0513746
0.0513661
0.0513584
0.0513515
0.0513452
0.0513446
0.0513509
0.0513635
0.0513684
0.0513648
0.0513498
0.051368
0.0501778
0.0486084
0.0478238
0.0475231
0.0474185
0.0474114
0.0474528
0.047518
0.0475948
0.0476772
0.047762
0.0478477
0.0479332
0.0480175
0.0481015
0.048185
0.0482679
0.0483502
0.0484319
0.0941291
0.0927338
0.0927333
0.0927331
0.0927348
0.0927393
0.0927395
0.0927396
0.0927356
0.0927283
0.0927205
0.0927204
0.0927205
0.0927207
0.0927209
0.092721
0.0927212
0.0927213
0.0927214
0.0927214
0.0927215
0.0927215
0.0927214
0.0927215
0.0927185
0.092712
0.0927022
0.0927014
0.0914466
0.0892439
0.0865333
0.0847001
0.0837236
0.0832665
0.0830236
0.0828876
0.082805
0.0827488
0.0827057
0.0826688
0.0826349
0.0826022
0.0825699
0.0825375
0.0825047
0.0824716
0.0824379
0.0824037
0.0823687
0.0823367
0.132143
0.13212
0.132082
0.132039
0.131988
0.131931
0.131878
0.131836
0.131802
0.132666
0.132666
0.132663
0.132663
0.132663
0.132663
0.132664
0.132664
0.132664
0.132664
0.132664
0.132664
0.132664
0.132664
0.132664
0.132661
0.132653
0.132641
0.132502
0.131229
0.12917
0.127565
0.126638
0.126136
0.125846
0.125661
0.12553
0.125424
0.125337
0.125256
0.125178
0.125107
0.125036
0.124966
0.124895
0.124826
0.124756
0.124687
0.124618
0.12455
0.124482
0.172392
0.172354
0.172302
0.172245
0.17218
0.172114
0.172061
0.172018
0.171983
0.171957
0.171935
0.17191
0.171855
0.171833
0.171812
0.171792
0.171772
0.171754
0.171736
0.17172
0.171704
0.171689
0.171674
0.171661
0.171655
0.171656
0.171665
0.171665
0.171655
0.17026
0.167841
0.164676
0.162373
0.160837
0.160029
0.159909
0.160453
0.161034
0.161341
0.161511
0.161612
0.161678
0.161727
0.161766
0.161801
0.161833
0.161863
0.161891
0.161919
0.161945
0.209721
0.209711
0.209686
0.209651
0.209604
0.209546
0.209496
0.209458
0.209431
0.209413
0.209403
0.209403
0.209406
0.209404
0.209402
0.2094
0.209398
0.209398
0.209399
0.209401
0.209444
0.209444
0.209443
0.209442
0.209437
0.209428
0.209414
0.209412
0.209415
0.207941
0.205518
0.202747
0.200971
0.200102
0.19997
0.199882
0.199815
0.199758
0.199706
0.199657
0.199608
0.199559
0.199511
0.199461
0.199412
0.199362
0.199311
0.199262
0.199213
0.199164
0.250489
0.250457
0.25041
0.250357
0.250295
0.25023
0.250177
0.250807
0.250807
0.250808
0.250808
0.25081
0.250811
0.250811
0.250811
0.250811
0.250811
0.250811
0.250812
0.250812
0.250812
0.250812
0.250812
0.250812
0.250809
0.250802
0.250792
0.250791
0.249587
0.247406
0.244766
0.242955
0.242003
0.241542
0.241297
0.24116
0.241078
0.241022
0.240979
0.240943
0.24091
0.240879
0.240848
0.240817
0.240785
0.240754
0.240722
0.240689
0.240657
0.240626
0.288146
0.28812
0.288078
0.287598
0.287539
0.287471
0.287405
0.287384
0.287366
0.287353
0.287345
0.287344
0.287339
0.287332
0.287323
0.287315
0.287307
0.287299
0.287307
0.287315
0.287368
0.287368
0.287368
0.287368
0.287365
0.287356
0.287344
0.287343
0.286136
0.283926
0.281144
0.27937
0.278505
0.278354
0.278275
0.278232
0.278207
0.27819
0.278178
0.278168
0.278158
0.278149
0.278139
0.27813
0.278119
0.278109
0.278098
0.278088
0.278079
0.278071
0.328896
0.328875
0.32884
0.328797
0.328747
0.328694
0.328654
0.328624
0.328602
0.32859
0.328583
0.328573
0.328573
0.328573
0.328574
0.328574
0.328574
0.328574
0.328574
0.328574
0.328575
0.328575
0.328575
0.328575
0.328577
0.328583
0.32922
0.32922
0.328109
0.32605
0.323451
0.321499
0.320287
0.319751
0.319616
0.319538
0.319454
0.319422
0.319396
0.319374
0.319353
0.319333
0.319313
0.319292
0.319274
0.319255
0.319237
0.319219
0.319201
0.319183
0.367427
0.367404
0.367368
0.367325
0.367276
0.367219
0.36716
0.367201
0.367237
0.36727
0.367298
0.367322
0.367344
0.367366
0.367389
0.367413
0.367437
0.36746
0.367484
0.367507
0.367529
0.367551
0.367573
0.367632
0.367653
0.367671
0.367676
0.367472
0.366056
0.363901
0.362217
0.361348
0.360919
0.360692
0.360567
0.360492
0.360441
0.360403
0.36037
0.360339
0.360309
0.360279
0.360248
0.360217
0.360186
0.360158
0.36013
0.360104
0.360077
0.360051
0.409539
