0
0
0
0
0
0
0
0
0
0
0
0
0
0
0
0
0
0
0
0
0
0
0
0
0
0
0
0
0
0
0
0
0
0
0
0
0
0
0
0
0
0
0
0
0
0
0
0
0
0
-0.000169969
-0.000168643
-0.000167313
-0.000165979
-0.000164641
-0.0001633
-0.000161957
-0.000160612
-0.000159265
-0.000157918
-0.00015657
-0.000155222
-0.000153874
-0.000152528
-0.000151183
-0.00014984
-0.000148499
-0.000147164
-0.000145754
-0.000144436
-0.000143119
-0.000141806
-0.000140497
-0.000139193
-0.000137894
-0.0001366
-0.000135311
-0.000134029
-0.000132752
-0.000131483
-0.00013022
-0.000128963
-0.000127713
-0.000126469
-0.000125232
-0.000124002
-0.000122786
-0.000121583
-0.000120393
-0.000119216
-0.000118051
-0.0001169
-0.000115761
-0.000114636
-0.000113524
-0.000112425
-0.000111337
-0.000110262
-0.000109199
-0.000108149
-0.000107111
-0.000106087
-0.000105071
-0.000104066
-0.000103072
-0.000102089
-0.000101117
-0.000100156
-9.92059e-05
-9.82662e-05
-9.7337e-05
-9.64181e-05
-9.55092e-05
-9.46103e-05
-9.3721e-05
-9.28413e-05
-9.19709e-05
-9.11096e-05
-9.02571e-05
-8.94133e-05
-8.85771e-05
-8.74519e-05
-8.6412e-05
-8.54422e-05
-8.45363e-05
-8.3691e-05
-8.28555e-05
-8.20572e-05
-8.12987e-05
-8.0584e-05
-7.98609e-05
-7.91394e-05
-7.84203e-05
-7.77039e-05
-7.69909e-05
-7.62814e-05
-7.55755e-05
-7.48736e-05
-7.41684e-05
-7.34668e-05
-7.27751e-05
-7.20907e-05
-7.1404e-05
-7.07282e-05
-7.00579e-05
-6.93857e-05
-6.87247e-05
-6.80694e-05
-6.74192e-05
-6.67743e-05
-6.61438e-05
-6.55293e-05
-6.49214e-05
-6.43246e-05
-6.37364e-05
-6.3155e-05
-6.2579e-05
-6.20077e-05
-6.14406e-05
-6.08775e-05
-6.03183e-05
-5.97627e-05
-5.92092e-05
-5.86588e-05
-5.81116e-05
-5.75674e-05
-5.70262e-05
-5.64879e-05
-5.59523e-05
-5.54193e-05
-5.48888e-05
-5.43606e-05
-5.38344e-05
-5.33103e-05
-5.27878e-05
-5.22669e-05
-5.17392e-05
-5.12225e-05
-5.07119e-05
-5.0211e-05
-4.97263e-05
-4.92346e-05
-4.87454e-05
-4.82587e-05
-4.77752e-05
-4.7295e-05
-4.68185e-05
-4.63458e-05
-4.58827e-05
-4.5424e-05
-4.49691e-05
-4.45181e-05
-4.40708e-05
-4.36272e-05
-4.31874e-05
-4.27513e-05
-4.23189e-05
-4.18901e-05
-4.14651e-05
-4.10438e-05
-4.06286e-05
-4.01404e-05
-3.95879e-05
-3.90703e-05
-3.85449e-05
-3.80681e-05
-3.76632e-05
-3.72615e-05
-3.68627e-05
-3.64669e-05
-3.60741e-05
-3.56841e-05
-3.5297e-05
-3.49128e-05
-3.45313e-05
-3.41526e-05
-3.37766e-05
-3.34032e-05
-3.30325e-05
-3.26644e-05
-3.22988e-05
-3.19358e-05
-3.15752e-05
-3.12171e-05
-3.08614e-05
-3.0508e-05
-3.01757e-05
-2.98214e-05
-2.94668e-05
-2.91234e-05
-2.87893e-05
-2.84637e-05
-2.81464e-05
-2.78311e-05
-2.75021e-05
-2.71783e-05
-2.68575e-05
-2.65399e-05
-2.62253e-05
-2.59139e-05
-2.56055e-05
-2.53001e-05
-2.49979e-05
-2.46983e-05
-2.44015e-05
-2.41073e-05
-2.38158e-05
-2.35269e-05
-2.32405e-05
-2.29568e-05
-2.26747e-05
-2.24557e-05
-2.23176e-05
-2.21384e-05
-2.18679e-05
-2.15996e-05
-2.13337e-05
-2.10702e-05
-2.08091e-05
-2.05504e-05
-2.0294e-05
-2.00401e-05
-1.97885e-05
-1.95392e-05
-1.92924e-05
-1.90478e-05
-1.88057e-05
-1.85659e-05
-1.83284e-05
-1.80933e-05
-1.78606e-05
-1.76302e-05
-1.74022e-05
-1.71766e-05
-1.69534e-05
-1.67325e-05
-1.64763e-05
-1.62607e-05
-1.60479e-05
-1.58381e-05
-1.5631e-05
-1.54268e-05
-1.52255e-05
-1.50271e-05
-1.48318e-05
-1.46396e-05
-1.44506e-05
-1.42649e-05
-1.40825e-05
-1.39037e-05
-1.37283e-05
-1.35567e-05
-1.33888e-05
-1.32247e-05
-1.30647e-05
-1.29087e-05
-1.27569e-05
-1.26029e-05
-1.24502e-05
-1.22975e-05
-1.21466e-05
-1.18131e-05
-1.12899e-05
-1.08081e-05
-1.04883e-05
-1.03368e-05
-1.01855e-05
-1.00343e-05
-9.88296e-06
-9.73153e-06
-9.57996e-06
-9.42819e-06
-9.27619e-06
-9.12391e-06
-8.97129e-06
-8.81831e-06
-8.66492e-06
-8.5092e-06
-8.35493e-06
-8.20014e-06
-8.04472e-06
-7.8892e-06
-7.73269e-06
-7.57575e-06
-7.41832e-06
-7.26038e-06
-7.20349e-06
-7.04316e-06
-6.88122e-06
-6.71789e-06
-6.55313e-06
-6.38688e-06
-6.21904e-06
-6.04949e-06
-5.8781e-06
-5.70475e-06
-5.52928e-06
-5.35155e-06
-5.1714e-06
-4.98868e-06
-4.80323e-06
-4.61488e-06
-4.42346e-06
-4.23173e-06
-4.03721e-06
-3.84123e-06
-3.6435e-06
-3.44382e-06
-3.24185e-06
-3.04381e-06
-2.84785e-06
-2.86528e-06
-3.07766e-06
-3.25911e-06
-3.26913e-06
-3.08393e-06
-2.90091e-06
-2.72028e-06
-2.54205e-06
-2.36621e-06
-2.19277e-06
-2.02245e-06
-1.85487e-06
-1.69008e-06
-1.52812e-06
-1.36902e-06
-1.21236e-06
-1.05872e-06
-9.08294e-07
-7.60835e-07
-6.16375e-07
-4.74945e-07
-3.36587e-07
-2.01338e-07
-6.92285e-08
5.96953e-08
3.08756e-07
4.29404e-07
5.45497e-07
6.57648e-07
7.65825e-07
8.6998e-07
9.72239e-07
1.06948e-06
1.16311e-06
1.25295e-06
1.33886e-06
1.42067e-06
1.49821e-06
1.5713e-06
1.63978e-06
1.70347e-06
1.76216e-06
1.81571e-06
1.8639e-06
1.90655e-06
1.94346e-06
1.97443e-06
1.99924e-06
2.01769e-06
2.02762e-06
2.09696e-06
2.16465e-06
2.23469e-06
1.97626e-06
2.15425e-06
2.96106e-06
3.67779e-06
4.33367e-06
4.94122e-06
5.5072e-06
6.03067e-06
6.51521e-06
6.96e-06
7.36323e-06
7.72357e-06
8.04005e-06
8.31196e-06
8.53881e-06
8.72042e-06
8.79702e-06
8.87305e-06
8.95364e-06
9.03986e-06
9.13198e-06
9.23024e-06
9.19543e-06
9.22915e-06
9.35838e-06
9.50036e-06
9.65444e-06
9.82121e-06
1.00016e-05
1.01978e-05
1.03789e-05
1.054e-05
1.06774e-05
1.07909e-05
1.08806e-05
1.09463e-05
1.10122e-05
1.10627e-05
1.10973e-05
1.11168e-05
1.11215e-05
1.11113e-05
1.10865e-05
1.10472e-05
1.09938e-05
1.09263e-05
1.08471e-05
1.03879e-05
9.64103e-06
8.42064e-06
7.50919e-06
6.95104e-06
6.64157e-06
6.37352e-06
6.31511e-06
6.41356e-06
6.50841e-06
6.59922e-06
6.68634e-06
6.77006e-06
6.85067e-06
6.92844e-06
7.0036e-06
7.07639e-06
7.14701e-06
7.21566e-06
7.2825e-06
7.34771e-06
7.41138e-06
7.47359e-06
7.5344e-06
7.59381e-06
7.73014e-06
7.78622e-06
7.73364e-06
7.74563e-06
7.8307e-06
7.9704e-06
8.15514e-06
8.38015e-06
8.64346e-06
8.94468e-06
9.28497e-06
9.63155e-06
9.9848e-06
1.03445e-05
1.07103e-05
1.10717e-05
1.13014e-05
1.14797e-05
1.16129e-05
1.16974e-05
1.17425e-05
1.17475e-05
1.17116e-05
1.16341e-05
1.15117e-05
1.14589e-05
1.14023e-05
1.16282e-05
1.17567e-05
1.2444e-05
1.32374e-05
1.39491e-05
1.44066e-05
1.45157e-05
1.46218e-05
1.4722e-05
1.48169e-05
1.49068e-05
1.49922e-05
1.50735e-05
1.5151e-05
1.52251e-05
1.52962e-05
1.53644e-05
1.54301e-05
1.54936e-05
1.55551e-05
1.56147e-05
1.56728e-05
1.57296e-05
1.56785e-05
1.57358e-05
1.57944e-05
1.58185e-05
1.5843e-05
1.58696e-05
1.5893e-05
1.59119e-05
1.59259e-05
1.59347e-05
1.59382e-05
1.59363e-05
1.5929e-05
1.59164e-05
1.58983e-05
1.58748e-05
1.58459e-05
1.58115e-05
1.57716e-05
1.57262e-05
1.56751e-05
1.56183e-05
1.55557e-05
1.54864e-05
1.54175e-05
1.4863e-05
1.39345e-05
1.25461e-05
1.15818e-05
1.08923e-05
1.04841e-05
1.03213e-05
1.03568e-05
1.03888e-05
1.04174e-05
1.04427e-05
1.04651e-05
1.04849e-05
1.05022e-05
1.05173e-05
1.05303e-05
1.05415e-05
1.05509e-05
1.05588e-05
1.05652e-05
1.05703e-05
1.05742e-05
1.0577e-05
1.05787e-05
1.05794e-05
1.06866e-05
1.06832e-05
1.07072e-05
1.07519e-05
1.08623e-05
1.10147e-05
1.11401e-05
1.12388e-05
1.1347e-05
1.14741e-05
1.16203e-05
1.17854e-05
1.19692e-05
1.21715e-05
1.23921e-05
1.26306e-05
1.28867e-05
1.31598e-05
1.34497e-05
1.37559e-05
1.40779e-05
1.44153e-05
1.47678e-05
1.5135e-05
1.55082e-05
1.60348e-05
1.65605e-05
1.69377e-05
1.78314e-05
1.93741e-05
2.07278e-05
2.18956e-05
2.27882e-05
2.33527e-05
2.38182e-05
2.42807e-05
2.47409e-05
2.51992e-05
2.56283e-05
2.60774e-05
2.65396e-05
2.70006e-05
2.74331e-05
2.78549e-05
2.82794e-05
2.8708e-05
2.91422e-05
2.9578e-05
3.00214e-05
3.05282e-05
3.13038e-05
3.21865e-05
3.30235e-05
3.38673e-05
3.46888e-05
3.54775e-05
3.62263e-05
3.69291e-05
3.75812e-05
3.81767e-05
3.87092e-05
3.91725e-05
3.95611e-05
3.98692e-05
4.0069e-05
4.01749e-05
4.0074e-05
3.98884e-05
3.96212e-05
3.92703e-05
3.8835e-05
3.83158e-05
3.77106e-05
3.70183e-05
3.63087e-05
