0
-0.00256344
-0.105239
-0.152245
-0.149205
-0.119811
-0.0912965
-0.0551541
-0.0456065
-0.00116183
0.0148403
0.0305263
0.0320438
-0.00504865
-0.0432685
-0.0800941
-0.0864626
-0.0941409
-0.102847
-0.111928
-0.121132
-0.127785
-0.134248
-0.140727
-0.147221
-0.154855
-0.154563
-0.153265
-0.15316
-0.153149
-0.153314
-0.153699
-0.154607
-0.145309
-0.13914
-0.132034
-0.125026
-0.118094
-0.110544
-0.104349
-0.0977915
-0.091241
-0.0847346
-0.0777823
-0.0711414
-0.064534
-0.0580225
-0.0514517
-0.0448952
-0.0383578
-0.0318257
-0.0164375
0.00268829
0.0148277
0.0231768
0.0295849
0.0350498
0.0400914
0.0449776
0.0498388
0.054743
0.0597223
0.0647886
0.0699449
0.0751896
0.0805184
0.0859262
0.0858703
0.100193
0.0946497
0.0962689
0.0983895
0.100818
0.103433
0.106153
0.108919
0.10641
0.120727
0.128403
0.135253
0.141643
0.147825
0.153964
0.160166
0.166513
0.170261
0.160309
0.152572
0.144911
0.137337
0.12987
0.122405
0.115099
0.107872
0.100721
0.0967267
0.0927503
0.088841
0.0815906
0.074761
0.0679955
0.0836478
0.0950836
0.0960467
0.0918586
0.0850516
0.0769835
0.0683588
0.0595356
0.0506917
0.0419109
0.0332283
0.0246537
0.0161837
0.00780839
-0.000485444
-0.00871293
-0.0168903
-0.025035
-0.033167
-0.0329946
0.000556354
0.00469481
0.00755254
0.00925084
0.0103385
0.00713478
0.0181973
0.0252925
0.0344675
0.031216
0.0370329
0.0426196
0.048278
0.0539794
0.0597175
0.063589
0.0675177
0.0761659
0.0814887
0.0853805
0.0879754
0.0928563
0.0966366
0.0995776
0.104122
0.10798
0.111604
0.115669
0.119812
0.124038
0.149887
0.174159
0.189167
0.183121
0.175825
0.167404
0.158523
0.149519
0.140559
0.13172
0.123035
0.114522
0.10616
0.0994216
0.0928267
0.0863282
0.0799117
0.0735616
0.0672616
0.0609939
0.0547392
0.0484758
0.0421778
0.0358138
0.0293424
0.0136899
0.0162783
0.0277603
0.0332769
0.0297638
0.0377046
0.0445906
0.0507616
0.056518
0.0620625
0.0675109
0.0729297
0.0784311
0.0838967
0.085545
0.086532
0.0874449
0.0882915
0.0890748
0.0897965
0.0904568
0.0910551
0.0915897
0.0920573
0.0924527
0.123193
0.148922
0.161834
0.157377
0.149806
0.145694
0.141953
0.137857
0.133683
0.129571
0.125579
0.121731
0.118026
0.114465
0.111016
0.10767
0.104409
0.101214
0.0980647
0.0949401
0.0918168
0.088669
0.0854669
0.0821756
0.0787521
0.0622307
0.0302034
0.02274
0.0360088
0.0453261
0.0525704
0.0586895
0.0642863
0.0697823
0.0737547
0.0741699
0.0743993
0.0745302
0.074603
0.0746404
0.0746544
0.0746506
0.0745766
0.0745096
0.0744384
0.0743559
0.074257
0.0741378
0.0739947
0.0738245
0.101536
0.125354
0.136259
0.140485
0.140091
0.13771
0.134428
0.130795
0.127084
0.123425
0.119877
0.116459
0.113171
0.110006
0.106948
0.103982
0.10109
0.0982541
0.095454
0.0926694
0.0898775
0.0870533
0.0841678
0.0811868
0.0780681
0.0653254
0.0724024
0.0744736
0.0758507
0.0766099
0.0770456
0.0772997
0.0774503
0.0775422
0.0776001
0.0776368
0.0776597
0.0776714
0.0776734
0.0776654
0.0776474
0.0776164
0.0775702
0.0775047
0.0774122
0.0771832
0.0757441
0.0759785
0.075518
0.0751322
0.105196
0.130691
0.143461
0.150451
0.153468
0.150586
0.146688
0.142397
0.138018
0.133698
0.129504
0.125459
0.121568
0.117819
0.1142
0.110704
0.105007
0.10395
0.100688
0.0974553
0.0948346
0.0909546
0.0876541
0.0842796
0.080779
0.0668996
0.0715024
0.0726661
0.0734144
0.0738264
0.0740213
0.0740935
0.0740962
0.0740605
0.0740034
0.0739344
0.0738578
0.0737756
0.0736882
0.0735949
0.0734945
0.0733852
0.0734225
0.073283
0.0731992
0.0730721
0.0729101
0.0726961
0.0726811
0.0725993
0.0992234
0.121867
0.13349
0.139355
0.141563
0.139017
0.135582
0.131814
0.127982
0.124214
0.120717
0.117178
0.113783
0.110521
0.107378
0.104316
0.101387
0.0986162
0.0957453
0.0928943
0.0900407
0.0871584
0.0842181
0.0811846
0.0780152
0.0657733
0.0720489
0.0739453
0.0751346
0.0758432
0.0761741
0.0762103
0.0766178
0.0766794
0.0767204
0.0767462
0.0767606
0.0767658
0.076762
0.0767488
0.0767251
0.0766895
0.0766402
0.0765752
0.0764925
0.0763894
0.0762635
0.0761121
0.0759322
0.075721
0.0313161
0.0310427
0.0305896
0.0740512
0.119043
0.148573
0.140758
0.135673
0.132131
0.129158
0.124733
0.120734
0.117093
0.113728
0.110571
0.107574
0.104701
0.101923
0.0992125
0.0973557
0.0941198
0.0886295
0.0826294
0.0765406
0.0703325
0.0536395
0.0542084
0.0502288
0.0468538
0.0432611
0.0394367
0.0353812
0.0307746
0.0395054
0.0414476
0.047031
0.0524245
0.0577304
0.0630095
0.0684113
0.0737226
0.0785293
0.082703
0.0868031
0.0908635
0.0948885
0.0988833
0.102854
0.106807
0.110769
0.0686018
0.0683227
0.141764
0.153929
0.163133
0.148629
0.136148
0.130932
0.127477
0.123864
0.120347
0.116956
0.113693
0.110551
0.107517
0.104575
0.101707
0.0988939
0.0961169
0.0933549
0.0905647
0.0877035
0.0847727
0.0817312
0.0785381
0.0645885
0.0722618
0.0408512
0.0430998
0.043365
0.0405413
0.0359944
0.0304804
0.0244131
0.0180065
0.0111226
0.0165181
0.0211597
0.0257967
0.0304387
0.0475412
0.053305
0.061524
0.0700963
0.0769799
0.0829797
0.0891114
0.0953629
0.101731
0.108219
0.0818225
0.0814868
0.137406
0.178194
0.192856
0.182735
0.165939
0.152977
0.141161
0.134966
0.13051
0.126319
0.12234
0.11854
0.114888
0.11136
0.107933
0.104584
0.101292
0.0980354
0.0947894
0.0915286
0.0882237
0.0848405
0.0813373
0.0663001
0.0713937
0.0726308
0.0558404
0.0636206
0.0668478
0.0689865
0.0699979
0.0703726
0.0704004
0.0702484
0.0700111
0.0697415
0.0694679
0.069205
0.0689597
0.0687336
0.0685272
0.0683391
0.0681683
0.0680144
0.0678797
0.067779
0.0678438
0.0742281
0.0336169
0.0333729
0.109298
0.14519
0.14303
0.138151
0.135155
0.131689
0.127814
0.124016
0.120345
0.116817
0.11343
0.110172
0.107027
0.103979
0.101009
0.0980976
0.0952247
0.0923693
0.0895081
0.0866156
0.0836619
0.0806121
0.077423
0.0634136
0.0710481
0.0385957
0.0451704
0.0536574
0.0602063
0.0658518
0.0709195
0.0748268
0.0750993
0.0751216
0.0750071
0.0748082
0.0745565
0.0742694
0.0739566
0.0736224
0.0732688
0.0728956
0.0725015
0.0720851
0.071644
0.0711765
0.0706805
0.0701657
0.0268073
0.0265533
0.0997899
0.137628
0.153457
0.148589
0.144655
0.140806
0.137157
0.12468
0.120232
0.116018
0.111995
0.115244
0.106035
0.0989379
0.0957865
0.099729
0.0993035
0.0960246
0.0927363
0.0894062
0.0838994
0.0839435
0.0762453
0.0477382
-0.00466886
-0.00447607
0.00293802
0.0155316
0.0242229
0.0307588
0.0361145
0.0408333
0.0452182
0.0494382
0.0535873
0.0577186
0.061862
0.0659629
0.0701701
0.073794
0.0750118
0.0756859
0.0762967
0.0769129
0.0776119
0.0784089
0.079307
0.0803058
