0
0
0
0
0
0
0
0
0
0
0
0
0
0
0
0
0
0
0
0
0
0
0
0
0
0
0
0
0
0
0
0
0
0
0
0
0
0
0
0
0
0
0
0
0
0
0
0
0
0
-2.14539e-05
-4.12171e-05
-5.93565e-05
-7.59383e-05
-9.1028e-05
-0.000104691
-0.00011699
-0.000127989
-0.00013775
-0.000146334
-0.000153799
-0.000160205
-0.000165608
-0.000170064
-0.000173628
-0.000176351
-0.000178285
-0.00017948
-0.000179974
-0.000179826
-0.000179081
-0.000177781
-0.000175968
-0.000173683
-0.000170963
-0.000167847
-0.00016437
-0.000160565
-0.000156466
-0.000152103
-0.000147507
-0.000142704
-0.000137722
-0.000132587
-0.000127322
-0.00012195
-0.000116493
-0.000110972
-0.000105407
-9.98157e-05
-9.42157e-05
-8.86228e-05
-8.30519e-05
-7.75169e-05
-7.20305e-05
-6.66046e-05
-6.12497e-05
-5.59757e-05
-5.07916e-05
-4.57055e-05
-4.07249e-05
-3.58564e-05
-3.11053e-05
-2.64766e-05
-2.19747e-05
-1.76034e-05
-1.33657e-05
-9.26445e-06
-5.30157e-06
-1.4787e-06
2.20306e-06
5.74304e-06
9.14099e-06
1.23971e-05
1.55117e-05
1.84859e-05
2.13207e-05
2.40175e-05
2.65781e-05
2.90045e-05
3.12989e-05
3.35012e-05
3.56015e-05
3.75929e-05
3.94699e-05
4.12281e-05
4.287e-05
4.43949e-05
4.5802e-05
4.70905e-05
4.82664e-05
4.93344e-05
5.02988e-05
5.11642e-05
5.19347e-05
5.26145e-05
5.32076e-05
5.37179e-05
5.41503e-05
5.45087e-05
5.47959e-05
5.50152e-05
5.51711e-05
5.5266e-05
5.53034e-05
5.52872e-05
5.52197e-05
5.5104e-05
5.49429e-05
5.47394e-05
5.44949e-05
5.42109e-05
5.389e-05
5.3534e-05
5.31452e-05
5.2726e-05
5.22786e-05
5.18057e-05
5.13095e-05
5.07924e-05
5.02565e-05
4.97041e-05
4.91374e-05
4.85583e-05
4.79687e-05
4.73703e-05
4.6765e-05
4.61543e-05
4.55396e-05
4.49226e-05
4.43044e-05
4.36865e-05
4.30701e-05
4.24563e-05
4.18462e-05
4.1241e-05
4.06425e-05
4.00505e-05
3.94651e-05
3.88862e-05
3.83126e-05
3.77463e-05
3.71879e-05
3.66378e-05
3.60965e-05
3.55643e-05
3.50413e-05
3.45278e-05
3.40232e-05
3.35274e-05
3.30408e-05
3.25632e-05
3.20949e-05
3.16359e-05
3.11861e-05
3.07456e-05
3.03144e-05
2.98924e-05
2.94796e-05
2.90758e-05
2.86807e-05
2.83039e-05
2.79531e-05
2.76231e-05
2.73141e-05
2.70194e-05
2.67297e-05
2.64449e-05
2.6165e-05
2.589e-05
2.56198e-05
2.53545e-05
2.50939e-05
2.48381e-05
2.45869e-05
2.43404e-05
2.40984e-05
2.3861e-05
2.36281e-05
2.33995e-05
2.31753e-05
2.29554e-05
2.27396e-05
2.2528e-05
2.23205e-05
2.2117e-05
2.19151e-05
2.17179e-05
2.15257e-05
2.13371e-05
2.11512e-05
2.09672e-05
2.07843e-05
2.06028e-05
2.04246e-05
2.02494e-05
2.00769e-05
1.99071e-05
1.97397e-05
1.95746e-05
1.94117e-05
1.92508e-05
1.90919e-05
1.89348e-05
1.87794e-05
1.86257e-05
1.84737e-05
1.83231e-05
1.81741e-05
1.80265e-05
1.78804e-05
1.77281e-05
1.75602e-05
1.73834e-05
1.72102e-05
1.70406e-05
1.68744e-05
1.67116e-05
1.6552e-05
1.63955e-05
1.62419e-05
1.6091e-05
1.59427e-05
1.57969e-05
1.56534e-05
1.55122e-05
1.53731e-05
1.52361e-05
1.5101e-05
1.49677e-05
1.48362e-05
1.47064e-05
1.45781e-05
1.44513e-05
1.43259e-05
1.42017e-05
1.40836e-05
1.39661e-05
1.38493e-05
1.37329e-05
1.36169e-05
1.35012e-05
1.33857e-05
1.32703e-05
1.31548e-05
1.30393e-05
1.29234e-05
1.28072e-05
1.26906e-05
1.25733e-05
1.24553e-05
1.23365e-05
1.22167e-05
1.20959e-05
1.19738e-05
1.18504e-05
1.17254e-05
1.15997e-05
1.14734e-05
1.13469e-05
1.12202e-05
1.11167e-05
1.1059e-05
1.1039e-05
1.10336e-05
1.10206e-05
1.10005e-05
1.09738e-05
1.09411e-05
1.09029e-05
1.08597e-05
1.0812e-05
1.07601e-05
1.07046e-05
1.06458e-05
1.05843e-05
1.05203e-05
1.04546e-05
1.03871e-05
1.03183e-05
1.02485e-05
1.01779e-05
1.01069e-05
1.00358e-05
9.96478e-06
9.89409e-06
9.81112e-06
9.72998e-06
9.65095e-06
9.57425e-06
9.50008e-06
9.42866e-06
9.36016e-06
9.29476e-06
9.23266e-06
9.17401e-06
9.11901e-06
9.06781e-06
9.02059e-06
8.97752e-06
8.93876e-06
8.90448e-06
8.87484e-06
8.84964e-06
8.82899e-06
8.81281e-06
8.80105e-06
8.7937e-06
8.79074e-06
8.7914e-06
8.79517e-06
8.77488e-06
8.70763e-06
8.6007e-06
8.47873e-06
8.36768e-06
8.26681e-06
8.17536e-06
8.09261e-06
8.01788e-06
7.95048e-06
7.88971e-06
7.83489e-06
7.78543e-06
7.74071e-06
7.70016e-06
7.6633e-06
7.62958e-06
7.59848e-06
7.56953e-06
7.54227e-06
7.51628e-06
7.49116e-06
7.46654e-06
7.44205e-06
7.41735e-06
7.40771e-06
7.3959e-06
7.38157e-06
7.36443e-06
7.34424e-06
7.32078e-06
7.2941e-06
7.2639e-06
7.2299e-06
7.19182e-06
7.14952e-06
7.10289e-06
7.0518e-06
6.99612e-06
6.93571e-06
6.87046e-06
6.8002e-06
6.72483e-06
6.64418e-06
6.55813e-06
6.46653e-06
6.36923e-06
6.2661e-06
6.15697e-06
6.04145e-06
5.92777e-06
5.81586e-06
5.70619e-06
5.55739e-06
5.42762e-06
5.39524e-06
5.44231e-06
5.55556e-06
5.7241e-06
5.93846e-06
6.18962e-06
6.46952e-06
6.77049e-06
7.08509e-06
7.40621e-06
7.72707e-06
8.04129e-06
8.34285e-06
8.62617e-06
8.87855e-06
9.10143e-06
9.29684e-06
9.46691e-06
9.6137e-06
9.73922e-06
9.82782e-06
9.89046e-06
9.94084e-06
9.98126e-06
1.00138e-05
1.00407e-05
1.00637e-05
1.00853e-05
1.01035e-05
1.01159e-05
1.012e-05
1.01133e-05
1.00935e-05
1.00586e-05
1.00096e-05
9.94586e-06
9.8664e-06
9.77062e-06
9.65799e-06
9.52808e-06
9.38055e-06
9.21513e-06
9.03167e-06
8.83009e-06
8.61064e-06
8.32713e-06
7.94833e-06
7.42193e-06
6.79835e-06
6.13036e-06
5.45404e-06
4.77686e-06
4.12699e-06
3.52396e-06
2.96559e-06
2.44968e-06
1.97412e-06
1.53688e-06
1.13601e-06
7.69665e-07
4.36034e-07
1.33401e-07
-1.39888e-07
-3.85419e-07
-6.04716e-07
-7.99244e-07
-9.70409e-07
-1.11957e-06
-1.24805e-06
-1.35711e-06
-1.4381e-06
-1.50287e-06
-1.56607e-06
-1.61949e-06
-1.65443e-06
-1.66516e-06
-1.64761e-06
-1.59865e-06
-1.51569e-06
-1.39646e-06
-1.23878e-06
-1.04483e-06
-8.16697e-07
-5.56427e-07
-2.66035e-07
5.12112e-08
3.7613e-07
7.00645e-07
1.01801e-06
1.32179e-06
1.60719e-06
1.86971e-06
2.10511e-06
2.30943e-06
2.47862e-06
2.62346e-06
2.74478e-06
2.87955e-06
3.01424e-06
3.21903e-06
3.50204e-06
3.84687e-06
4.21637e-06
4.56394e-06
4.88988e-06
5.19412e-06
5.47672e-06
5.73785e-06
5.97776e-06
6.19681e-06
6.3954e-06
6.57404e-06
6.73325e-06
6.87362e-06
6.99579e-06
7.10041e-06
7.18818e-06
7.25981e-06
7.31603e-06
7.35759e-06
7.37179e-06
7.37414e-06
7.36561e-06
7.34263e-06
7.30628e-06
7.25785e-06
7.19786e-06
7.12669e-06
7.04468e-06
6.9521e-06
6.84925e-06
6.73641e-06
6.61388e-06
6.48194e-06
6.3409e-06
6.19108e-06
6.03276e-06
5.86629e-06
5.69198e-06
5.51016e-06
5.3212e-06
5.12543e-06
4.92326e-06
4.71499e-06
4.50192e-06
4.22308e-06
3.83579e-06
3.29037e-06
2.65254e-06
1.96489e-06
1.26803e-06
5.95273e-07
-2.83482e-08
-6.05107e-07
-1.13724e-06
-1.6269e-06
-2.07615e-06
-2.48699e-06
-2.86132e-06
-3.20095e-06
-3.50755e-06
-3.78263e-06
-4.02741e-06
-4.24266e-06
-4.43068e-06
-4.59428e-06
-4.7349e-06
-4.85387e-06
-4.95238e-06
-5.03064e-06
-5.06994e-06
-5.04431e-06
-4.82935e-06
-4.26571e-06
-3.2194e-06
-1.58883e-06
6.98917e-07
3.70023e-06
7.4597e-06
1.20064e-05
1.7354e-05
2.35031e-05
3.04427e-05
3.81519e-05
4.6602e-05
5.57575e-05
6.55779e-05
7.60187e-05
8.70329e-05
9.85718e-05
0.000110586
0.000123025
0.000135843
0.000148996
0.00016245
0.000176191
0.000190186
0.000204399
0.000218869
0.0002336
0.000248477
0.000263412
0.000278334
0.000293194
0.000307994
0.000322747
0.000337459
0.000352131
0.000366743
0.000381286
0.00039577
0.000410253
0.00042483
0.000439601
0.000454667
0.000470128
0.00048607
0.000502574
0.000519711
0.000537535
0.000556086
0.000575332
0.000595196
0.000615576
0.000636276
0.000657055
0.000677584
0.000697497
0.000716373
0.000733609
0.000748559
0.000760611
0.000769194
0.00077359
0.000773025
0.000767048
0.000755153
0.000736968
0.000712303
0.000680975
0.000643058
0.000598656
0.000547748
0.000490185
0.000425958
