0
2.30707
0.228131
-0.710673
-0.472065
-0.487079
-0.400737
-0.396292
-0.385755
-0.242563
-0.17765
-0.166004
-0.0224861
0.372826
0.382549
0.323548
0.0725294
0.0745716
0.0773357
0.0764515
0.0744125
0.0521461
0.0482179
0.0461015
0.0440474
0.0509142
-0.0145759
-0.0199153
-0.0149657
-0.0163067
-0.0168763
-0.0170945
-0.0149676
-0.0967952
-0.0715723
-0.0825807
-0.0832953
-0.0841202
-0.0900445
-0.0813106
-0.0852057
-0.086258
-0.0869561
-0.0913165
-0.0897398
-0.0902431
-0.0901913
-0.0913189
-0.091794
-0.0921586
-0.0925642
-0.0828087
-0.0759563
-0.0865805
-0.0926966
-0.0958262
-0.0973049
-0.0979333
-0.0981464
-0.0981152
-0.0979837
-0.0977992
-0.0975658
-0.0972984
-0.0970017
-0.096679
-0.096333
-0.0524203
-0.182857
-0.0173796
-0.0487752
-0.058819
-0.0644607
-0.0676122
-0.0693777
-0.0703966
-0.0662083
-0.0695371
-0.0583186
-0.0614201
-0.0629882
-0.0636642
-0.0638688
-0.0638569
-0.0638582
-0.0424267
0.065412
0.0500342
0.0509842
0.0518028
0.0524029
0.0537817
0.0538658
0.054507
0.0550917
0.0319387
0.0327912
0.0333667
0.0602455
0.0578555
0.0581535
0.0882867
0.102105
0.0798873
0.0641471
0.056118
0.0522011
0.0503725
0.0495801
0.0492922
0.0492415
0.0492943
0.049383
0.049474
0.04955
0.0496025
0.0496271
0.049622
0.0495882
0.049537
-0.0155081
-0.301096
-0.104377
-0.0486364
-0.0175074
-0.00218953
-0.0297691
-0.0184839
-0.00764442
-0.0385079
0.0737233
-0.0228963
-0.0258925
-0.0287459
-0.0299166
-0.0302318
-0.015309
-0.0150555
-0.0507838
-0.0240076
-0.0117769
-0.0005187
-0.0170486
-0.00724178
0.000584189
-0.0105341
-0.00381069
-0.000566817
-0.00253492
-0.00163583
-0.000725289
0.0217644
0.0219425
-0.00281035
0.108378
0.092075
0.0886414
0.0872644
0.0869169
0.0870741
0.0874695
0.087968
0.0884042
0.0890091
0.0781249
0.0785776
0.0792653
0.0799235
0.0805516
0.0811486
0.0817135
0.0822452
0.0827419
0.0832037
0.0836342
0.0840494
0.087587
0.097345
-0.0114156
0.01523
0.110426
0.000888975
0.00906204
0.0148384
0.0186158
0.0209997
0.0226074
0.0237904
0.024318
0.0255449
0.0563433
0.0626236
0.0643555
0.0660414
0.0677168
0.0693926
0.0710771
0.0727779
0.0745027
0.076264
0.0780755
0.100637
0.0976421
0.0769024
0.147792
0.140801
0.0993557
0.0885315
0.0893158
0.0901526
0.0910056
0.0918761
0.0927657
0.0936739
0.0945235
0.0955455
0.0965093
0.0974926
0.0984931
0.0995073
0.100537
0.101581
0.10264
0.103713
0.1048
0.1059
0.1164
0.372897
0.225128
0.00921084
0.0393911
0.0553543
0.0643407
0.0688894
0.0702508
0.0830006
0.111648
0.114088
0.115851
0.117306
0.118586
0.119777
0.120929
0.12249
0.123414
0.124448
0.125553
0.126707
0.127899
0.129125
0.13038
0.138437
0.139876
0.131438
0.124269
0.130861
0.132881
0.134338
0.135507
0.136529
0.137482
0.138407
0.139327
0.140252
0.141188
0.14214
0.143107
0.14409
0.145089
0.146104
0.147134
0.148178
0.149236
0.150307
0.15139
0.152485
0.149301
0.157896
0.155993
0.156453
0.158297
0.15943
0.160478
0.161535
0.162599
0.16367
0.164751
0.165839
0.166942
0.168054
0.169181
0.170318
0.171483
0.172671
0.173895
0.175183
0.177322
0.187858
0.175766
0.181933
0.182388
0.210442
0.219515
0.177171
0.158431
0.15633
0.184098
0.185556
0.186684
0.187689
0.188634
0.189555
0.190471
0.191393
0.192326
0.193274
0.19416
0.212882
0.178528
0.197031
0.19808
0.19445
0.205133
0.201361
0.202393
0.203508
0.192499
0.216694
0.207593
0.208071
0.208933
0.209896
0.210827
0.211782
0.212749
0.213724
0.214705
0.215694
0.216693
0.217704
0.21873
0.219771
0.220834
0.2204
0.223554
0.223723
0.225137
0.226446
0.22788
0.227509
0.229162
0.256873
0.254094
0.22739
0.211687
0.209839
0.233096
0.234268
0.235243
0.236161
0.237059
0.236792
0.239105
0.239986
0.240881
0.241797
0.242882
0.243444
0.24368
0.245789
0.246813
0.247848
0.248898
0.249961
0.251038
0.252125
0.240097
0.265629
0.256069
0.257079
0.258077
0.259751
0.261481
0.259318
0.262439
0.263396
0.264425
0.265486
0.266567
0.267668
0.268785
0.26992
0.271072
0.272243
0.273434
0.274645
0.275881
0.277139
0.278423
0.279731
0.281066
0.737075
0.615034
0.486535
0.0949693
-0.144683
-0.0185478
0.275314
0.268918
0.266395
0.268385
0.284307
0.284481
0.284547
0.284818
0.285318
0.285958
0.286692
0.287493
0.28835
0.283456
0.294333
0.312713
0.317377
0.318482
0.319482
0.309508
0.340623
0.341157
0.33412
0.333785
0.334515
0.33589
0.340135
0.232238
0.296667
0.261925
0.264508
0.266215
0.267423
0.267411
0.269201
0.274169
0.280193
0.281916
0.283422
0.284939
0.286462
0.287987
0.289494
0.29086
0.73915
0.634651
0.0410997
0.224245
0.178156
0.381754
0.377135
0.327455
0.319366
0.325261
0.327794
0.329573
0.330961
0.332143
0.333221
0.334251
0.335262
0.336271
0.337286
0.338311
0.339505
0.340849
0.341968
0.343147
0.344323
0.343691
0.349024
0.598954
0.345518
0.353125
0.37514
0.387596
0.394788
0.399087
0.401876
0.40579
0.31067
0.316793
0.317317
0.317823
0.214191
0.305487
0.299968
0.295459
0.307831
0.314806
0.314437
0.314492
0.314787
0.315209
0.667776
0.702177
0.230204
0.141814
0.17943
0.366032
0.437328
0.422933
0.423905
0.384572
0.375613
0.37708
0.378297
0.379367
0.380366
0.381336
0.382298
0.383266
0.384245
0.385236
0.386243
0.387265
0.388302
0.389351
0.390415
0.3891
0.39532
0.393595
0.527955
0.33977
0.373843
0.381865
0.390807
0.396276
0.399679
0.401886
0.403414
0.404561
0.405505
0.406345
0.407139
0.407924
0.408712
0.409514
0.410329
0.41115
0.411958
0.412656
0.412335
0.364176
0.81769
0.725254
0.109878
0.109937
0.372477
0.404443
0.397276
0.40674
0.414859
0.417816
0.419813
0.421301
0.422517
0.423597
0.424609
0.425592
0.426569
0.427548
0.428538
0.429539
0.430554
0.431581
0.432621
0.433673
0.434736
0.433863
0.440265
0.695016
0.404553
0.379413
0.392776
0.399452
0.403981
0.413348
0.442402
0.44521
0.447197
0.448809
0.450196
0.451459
0.452654
0.45382
0.454974
0.456133
0.457305
0.458491
0.459697
0.460919
0.462159
0.463324
0.904609
0.794139
0.160467
0.262762
0.255399
0.423805
0.434347
0.445929
0.452599
0.525872
0.467016
0.468412
0.469603
0.415494
0.514323
0.499726
0.470723
0.417145
0.452494
0.47592
0.477085
0.478311
0.495981
0.453783
0.511853
0.511319
0.964808
0.573999
0.410582
0.380089
0.413282
0.431783
0.442197
0.448149
0.45164
0.453785
0.455202
0.456235
0.457076
0.458408
0.458624
0.464399
0.484285
0.489571
0.491147
0.49223
0.492739
0.493153
0.493558
0.493981
