0
0
0
0
0
0
0
0
0
0
0
0
0
0
0
0
0
0
0
0
0
0
0
0
0
0
0
0
0
0
0
0
0
0
0
0
0
0
0
0
0
0
0
0
0
0
0
0
0
0
-1.17524e-05
-2.29961e-05
-3.37348e-05
-4.39732e-05
-5.3717e-05
-6.29726e-05
-7.17472e-05
-8.00489e-05
-8.78863e-05
-9.52686e-05
-0.000102206
-0.000108707
-0.000114784
-0.000120448
-0.000125709
-0.000130579
-0.00013507
-0.000139194
-0.000142957
-0.000146378
-0.000149468
-0.000152241
-0.000154707
-0.000156879
-0.000158769
-0.000160388
-0.000161749
-0.000162864
-0.000163742
-0.000164397
-0.000164838
-0.000165078
-0.000165126
-0.000164992
-0.000164688
-0.000164222
-0.000163606
-0.000162848
-0.000161959
-0.000160947
-0.000159822
-0.000158591
-0.000157264
-0.000155848
-0.000154351
-0.00015278
-0.000151143
-0.000149446
-0.000147695
-0.000145897
-0.000144058
-0.000142184
-0.000140279
-0.000138348
-0.000136398
-0.000134431
-0.000132452
-0.000130465
-0.000128475
-0.000126484
-0.000124496
-0.000122514
-0.000120541
-0.00011858
-0.000116632
-0.000114702
-0.000112789
-0.000110897
-0.000109028
-0.000107181
-0.000105361
-0.000103545
-0.000101743
-9.99602e-05
-9.8201e-05
-9.64705e-05
-9.47694e-05
-9.31005e-05
-9.14666e-05
-8.98703e-05
-8.83107e-05
-8.67874e-05
-8.53001e-05
-8.38484e-05
-8.24319e-05
-8.1049e-05
-7.97004e-05
-7.83855e-05
-7.71034e-05
-7.58534e-05
-7.46355e-05
-7.34491e-05
-7.22933e-05
-7.11677e-05
-7.00719e-05
-6.90047e-05
-6.79659e-05
-6.69548e-05
-6.59709e-05
-6.50133e-05
-6.40821e-05
-6.31773e-05
-6.22983e-05
-6.14447e-05
-6.0616e-05
-5.98116e-05
-5.90307e-05
-5.82726e-05
-5.75364e-05
-5.68213e-05
-5.61265e-05
-5.54512e-05
-5.47945e-05
-5.41557e-05
-5.35338e-05
-5.29282e-05
-5.23381e-05
-5.17627e-05
-5.12013e-05
-5.06533e-05
-5.01178e-05
-4.95942e-05
-4.90818e-05
-4.858e-05
-4.80881e-05
-4.76054e-05
-4.71308e-05
-4.66643e-05
-4.62057e-05
-4.57549e-05
-4.53124e-05
-4.48772e-05
-4.44486e-05
-4.40264e-05
-4.361e-05
-4.31992e-05
-4.27937e-05
-4.23931e-05
-4.19977e-05
-4.16073e-05
-4.12215e-05
-4.08402e-05
-4.04631e-05
-4.00901e-05
-3.97209e-05
-3.93554e-05
-3.89934e-05
-3.86347e-05
-3.82792e-05
-3.79268e-05
-3.75774e-05
-3.72258e-05
-3.68672e-05
-3.65041e-05
-3.61359e-05
-3.57658e-05
-3.53988e-05
-3.50347e-05
-3.46735e-05
-3.4315e-05
-3.39592e-05
-3.36061e-05
-3.32555e-05
-3.29074e-05
-3.25617e-05
-3.22183e-05
-3.18772e-05
-3.15384e-05
-3.12017e-05
-3.08672e-05
-3.05347e-05
-3.02042e-05
-2.98757e-05
-2.95492e-05
-2.92245e-05
-2.89017e-05
-2.8582e-05
-2.82636e-05
-2.79463e-05
-2.76308e-05
-2.73175e-05
-2.70067e-05
-2.66989e-05
-2.6394e-05
-2.60907e-05
-2.57894e-05
-2.54899e-05
-2.51923e-05
-2.48967e-05
-2.46032e-05
-2.43116e-05
-2.40221e-05
-2.37347e-05
-2.34494e-05
-2.31663e-05
-2.28852e-05
-2.26063e-05
-2.23296e-05
-2.2055e-05
-2.17825e-05
-2.15122e-05
-2.12482e-05
-2.09958e-05
-2.07516e-05
-2.05089e-05
-2.02678e-05
-2.00282e-05
-1.97901e-05
-1.95537e-05
-1.93188e-05
-1.90839e-05
-1.88505e-05
-1.86186e-05
-1.83883e-05
-1.81595e-05
-1.79323e-05
-1.77067e-05
-1.74826e-05
-1.72602e-05
-1.70393e-05
-1.68201e-05
-1.66025e-05
-1.63867e-05
-1.61725e-05
-1.596e-05
-1.57493e-05
-1.55376e-05
-1.5328e-05
-1.51202e-05
-1.49145e-05
-1.47108e-05
-1.45092e-05
-1.43098e-05
-1.41126e-05
-1.39176e-05
-1.37249e-05
-1.35347e-05
-1.33469e-05
-1.31616e-05
-1.29789e-05
-1.27989e-05
-1.26216e-05
-1.24472e-05
-1.22757e-05
-1.21072e-05
-1.19418e-05
-1.17797e-05
-1.16204e-05
-1.14639e-05
-1.13099e-05
-1.11586e-05
-1.09969e-05
-1.08122e-05
-1.0608e-05
-1.03962e-05
-1.01886e-05
-9.98517e-06
-9.78573e-06
-9.5901e-06
-9.39813e-06
-9.20966e-06
-9.02452e-06
-8.84256e-06
-8.6636e-06
-8.48749e-06
-8.31406e-06
-8.14316e-06
-7.97448e-06
-7.80801e-06
-7.64359e-06
-7.48106e-06
-7.32031e-06
-7.16115e-06
-7.00345e-06
-6.84708e-06
-6.69192e-06
-6.54485e-06
-6.3984e-06
-6.25237e-06
-6.1066e-06
-5.96093e-06
-5.81521e-06
-5.66928e-06
-5.52298e-06
-5.37615e-06
-5.22863e-06
-5.08026e-06
-4.93087e-06
-4.78031e-06
-4.62839e-06
-4.47495e-06
-4.31981e-06
-4.1628e-06
-4.00393e-06
-3.84307e-06
-3.68016e-06
-3.51515e-06
-3.34796e-06
-3.1785e-06
-3.00713e-06
-2.83405e-06
-2.67408e-06
-2.54024e-06
-2.42945e-06
-2.32899e-06
-2.22494e-06
-2.11748e-06
-2.00684e-06
-1.89323e-06
-1.77686e-06
-1.65794e-06
-1.53673e-06
-1.41346e-06
-1.28836e-06
-1.16165e-06
-1.03356e-06
-9.04286e-07
-7.74049e-07
-6.43087e-07
-5.11612e-07
-3.79834e-07
-2.47959e-07
-1.1619e-07
1.52731e-08
1.46234e-07
2.765e-07
4.14415e-07
5.50832e-07
6.85488e-07
8.1817e-07
9.48671e-07
1.07679e-06
1.20248e-06
1.32549e-06
1.4482e-06
1.56802e-06
1.68479e-06
1.79836e-06
1.90858e-06
2.01529e-06
2.11833e-06
2.21753e-06
2.31273e-06
2.40376e-06
2.49043e-06
2.57257e-06
2.65e-06
2.72253e-06
2.78996e-06
2.85211e-06
2.90863e-06
2.96391e-06
3.01795e-06
3.07103e-06
3.10055e-06
3.13759e-06
3.22547e-06
3.35623e-06
3.52417e-06
3.72459e-06
3.9534e-06
4.20653e-06
4.4803e-06
4.77105e-06
5.07513e-06
5.3889e-06
5.70877e-06
6.03125e-06
6.35291e-06
6.67045e-06
6.97655e-06
7.2714e-06
7.55554e-06
7.8296e-06
8.09422e-06
8.35004e-06
8.58808e-06
8.81362e-06
9.03366e-06
9.24924e-06
9.4613e-06
9.67084e-06
9.87885e-06
1.00865e-05
1.02927e-05
1.04961e-05
1.06951e-05
1.08884e-05
1.10743e-05
1.12516e-05
1.14205e-05
1.15803e-05
1.17303e-05
1.18698e-05
1.19983e-05
1.2115e-05
1.22196e-05
1.23115e-05
1.23903e-05
1.24556e-05
1.25072e-05
1.25194e-05
1.2474e-05
1.23403e-05
1.21431e-05
1.19094e-05
1.16582e-05
1.13933e-05
1.11303e-05
1.08802e-05
1.06429e-05
1.04179e-05
1.02051e-05
1.00039e-05
9.81415e-06
9.63551e-06
9.46764e-06
9.31024e-06
9.16301e-06
9.02565e-06
8.89786e-06
8.77933e-06
8.66979e-06
8.56892e-06
8.47643e-06
8.39201e-06
8.32079e-06
8.25679e-06
8.19229e-06
8.13181e-06
8.08028e-06
8.04119e-06
8.01722e-06
8.0106e-06
8.02334e-06
8.05733e-06
8.11443e-06
8.19417e-06
8.29606e-06
8.41961e-06
8.56429e-06
8.72883e-06
8.90317e-06
9.08826e-06
9.27575e-06
9.46196e-06
9.64402e-06
9.8191e-06
9.98444e-06
1.01373e-05
1.02749e-05
1.04025e-05
1.052e-05
1.06473e-05
1.07771e-05
1.09479e-05
1.11656e-05
1.14226e-05
1.16999e-05
1.19723e-05
1.22397e-05
1.25015e-05
1.27573e-05
1.3007e-05
1.325e-05
1.34863e-05
1.37157e-05
1.3938e-05
1.41531e-05
1.4361e-05
1.45617e-05
1.47551e-05
1.49414e-05
1.51205e-05
1.52925e-05
1.54577e-05
1.56086e-05
1.57533e-05
1.58921e-05
1.60228e-05
1.61458e-05
1.62614e-05
1.63697e-05
1.64707e-05
1.65644e-05
1.66507e-05
1.67295e-05
1.68007e-05
1.68644e-05
1.69205e-05
1.69688e-05
1.70094e-05
1.70422e-05
1.70671e-05
1.7084e-05
1.70927e-05
1.70931e-05
1.7085e-05
1.70679e-05
1.70416e-05
1.70058e-05
1.69406e-05
1.68107e-05
1.65865e-05
1.63011e-05
1.59761e-05
1.56325e-05
1.52887e-05
1.49586e-05
1.46421e-05
1.43388e-05
1.40484e-05
1.37705e-05
1.35048e-05
1.32508e-05
1.30078e-05
1.2775e-05
1.2551e-05
1.23332e-05
1.21173e-05
1.19318e-05
1.17559e-05
1.15895e-05
1.14318e-05
1.1281e-05
1.11244e-05
1.09002e-05
1.01247e-05
8.05202e-06
4.87834e-06
8.83685e-07
-3.76472e-06
-8.93465e-06
-1.45058e-05
-2.03459e-05
-2.6331e-05
-3.2352e-05
-3.83143e-05
-4.41373e-05
-4.9753e-05
-5.51059e-05
-6.01517e-05
-6.48562e-05
-6.9195e-05
-7.31518e-05
-7.67179e-05
-7.98915e-05
-8.26756e-05
-8.50904e-05
-8.7203e-05
-8.90757e-05
-9.06751e-05
-9.20578e-05
-9.33891e-05
-9.43295e-05
-9.44619e-05
-9.40008e-05
-9.31533e-05
-9.21592e-05
-9.12392e-05
-9.04556e-05
-8.97356e-05
-8.90703e-05
-8.83441e-05
-8.74428e-05
-8.65326e-05
-8.57664e-05
-8.57404e-05
-8.64845e-05
-8.8005e-05
-9.03005e-05
-9.33358e-05
-9.69539e-05
-0.000101213
-0.00010591
-0.000110887
-0.000115658
-0.000119936
-0.000123637
-0.000126343
-0.000127082
-0.000126181
-0.000121977
-0.000115558
-0.000105006
-8.94654e-05
-6.91483e-05
-4.43551e-05
-1.54186e-05
2.02155e-05
6.08133e-05
0.000103245
0.000151178
0.000199221
0.000249963
0.000300685
0.000350186
0.000399239
0.000448931
0.000500176
0.000550037
