-3.84883e-07
-3.04547e-06
-1.00905e-05
-2.34352e-05
-4.48099e-05
-7.5768e-05
-0.000117693
-0.000171807
-0.000239175
-0.000320714
-0.000417198
-0.000529263
-0.000657412
-0.000802021
-0.000963346
-0.00114152
-0.00133657
-0.00154841
-0.00177683
-0.00202155
-0.00228217
-0.00255819
-0.00284901
-0.00315397
-0.00347228
-0.00380309
-0.00414545
-0.00449832
-0.0048606
-0.0052311
-0.00560855
-0.0059916
-0.00637882
-0.00676869
-0.00715963
-0.00754999
-0.00793805
-0.00832201
-0.00870005
-0.00907028
-0.00943094
-0.00978039
-0.0101171
-0.0104398
-0.0107467
-0.0110365
-0.0113072
-0.0115569
-0.0117829
-0.0119822
-0.0121521
-0.0122921
-0.0124024
-0.0124831
-0.0125344
-0.0125563
-0.0125488
-0.012512
-0.0124457
-0.01235
-0.0122246
-0.0120694
-0.0118842
-0.0116688
-0.0114229
-0.0111461
-0.0108381
-0.0104985
-0.0101269
-0.00972269
-0.00928544
-0.00881455
-0.00830941
-0.00776935
-0.00719368
-0.0065826
-0.0059402
-0.00527132
-0.00458061
-0.00387249
-0.00315119
-0.00242076
-0.00168505
-0.00094776
-0.000212391
0.000517731
0.00123946
0.00194982
0.00264602
0.00332545
0.0039857
0.0046246
0.0052402
0.00583072
0.00639457
0.00693028
0.00743649
0.00791195
0.00835543
0.00876575
0.00914199
0.00948408
0.00979218
0.0100664
0.010307
0.0105139
0.0106873
0.0108272
0.0109338
0.0110071
0.0110472
0.0110539
0.0110275
0.0109677
0.0108747
0.0107482
0.0105884
0.010395
0.010168
0.00990725
0.0096125
0.00928362
0.00892037
0.0085225
0.00808975
0.00762235
0.00712268
0.00659371
0.00603838
0.00545967
0.00486056
0.00424405
0.00361311
0.00297075
0.00231998
0.0016638
0.00100522
0.000347241
-0.000307142
-0.000954953
-0.00159328
-0.00221929
-0.00283022
-0.00342337
-0.00399605
-0.00454568
-0.00506971
-0.00556549
-0.00603025
-0.00646097
-0.006855
-0.00721221
-0.00753307
-0.007818
-0.00806738
-0.00828152
-0.00846071
-0.00860518
-0.00871513
-0.00879069
-0.00883196
-0.00883901
-0.00881183
-0.00875039
-0.00865461
-0.00852438
-0.0083595
-0.00815978
-0.00792495
-0.0076547
-0.00734868
-0.00700648
-0.00662767
-0.00621174
-0.00575815
-0.00526714
-0.00474217
-0.00418745
-0.00360702
-0.00300482
-0.00238464
-0.00175019
-0.00110505
-0.00045271
0.000203467
0.00086022
0.0015144
0.00216296
0.00280299
0.00343166
0.00404632
0.00464449
0.00522385
0.00578222
0.00631753
0.00682778
0.00731104
0.00776543
0.00818905
0.00858003
0.00893685
0.00925957
0.00954863
0.00980439
0.0100272
0.0102173
0.010375
0.0105005
0.010594
0.0106555
0.0106852
0.0106831
0.0106491
0.0105833
0.0104856
0.0103558
0.0101938
0.00999926
0.00977207
0.00951187
0.00921833
0.00889107
0.00852965
0.0081336
0.00770241
0.00723613
0.00673726
0.0062089
0.00565415
0.00507609
0.00447781
0.00386238
0.00323286
0.00259232
0.00194381
0.00129036
0.000634997
-1.92614e-05
-0.000669428
-0.00131255
-0.00194573
-0.00256618
-0.0031712
-0.00375813
-0.00432434
-0.00486726
-0.00538437
-0.00587311
-0.00633084
-0.0067547
-0.00714222
-0.0074933
-0.0078084
-0.00808793
-0.00833225
-0.00854169
-0.00871651
-0.00885696
-0.0089632
-0.00903539
-0.00907361
-0.00907791
-0.0090483
-0.00898475
-0.00888716
-0.00875542
-0.00858934
-0.00838872
-0.00815328
-0.00788272
-0.00757669
-0.00723479
-0.00685657
-0.00644153
-0.00598913
-0.00549958
-0.00497627
-0.00442326
-0.00384451
-0.00324386
-0.00262504
-0.00199168
-0.00134732
-0.000695383
-3.92161e-05
0.000617949
0.00127298
0.00192283
0.00256457
0.00319539
0.00381259
0.00441366
0.00499625
0.00555813
0.00609717
0.00661131
0.00709855
0.00755692
0.00798446
0.00837918
0.0087395
0.00906547
0.00935751
0.00961601
0.0098413
0.0100337
0.0101934
0.0103207
0.0104157
0.0104785
0.0105092
0.0105079
0.0104746
0.0104092
0.0103116
0.0101817
0.0100194
0.00982438
0.00959643
0.00933525
0.00904049
0.00871177
0.00834867
0.0079507
0.00751735
0.00704868
0.0065473
0.0060164
0.00545918
0.0048788
0.0042784
0.00366114
0.00303011
0.00238843
0.00173917
0.00108539
0.000430124
-0.000223605
-0.000872817
-0.00151457
-0.00214599
-0.00276433
-0.00336691
-0.00395112
-0.00451439
-0.00505417
-0.00556797
-0.00605328
-0.00650755
-0.00692803
-0.00731238
-0.00766051
-0.00797287
-0.00824988
-0.0084919
-0.00869924
-0.00887217
-0.00901093
-0.00911569
-0.00918658
-0.00922371
-0.00922712
-0.00919682
-0.00913276
-0.00903487
-0.008903
-0.008737
-0.00853665
-0.00830167
-0.00803177
-0.00772659
-0.00738574
-0.00700876
-0.00659516
-0.00614441
-0.0056567
-0.00513533
-0.00458429
-0.00400745
-0.00340861
-0.00279141
-0.00215946
-0.00151624
-0.000865148
-0.000209505
0.000447475
0.00110266
0.00175303
0.00239564
0.00302764
0.00364636
0.00424924
0.0048339
0.00539807
0.00593958
0.00645632
0.00694625
0.00740733
0.00783752
0.00823479
0.00859748
0.00892563
0.00921967
0.00947998
0.00970692
0.00990076
0.0100618
0.0101902
0.0102861
0.0103497
0.0103811
0.0103802
0.0103472
0.0102819
0.0101842
0.0100541
0.00989139
0.00969582
0.00946714
0.00920506
0.00890923
0.00857928
0.00821476
0.00781521
0.00738009
0.0069095
0.0064061
0.00587316
0.00531395
0.0047317
0.00412961
0.00351086
0.0028786
0.00223596
0.00158604
0.000931927
0.00027666
-0.000376743
-0.0010253
-0.00166609
-0.00229625
-0.00291305
-0.00351384
-0.00409605
-0.00465714
-0.00519461
-0.00570598
-0.00618879
-0.00664053
-0.00705856
-0.00744059
-0.00778658
-0.00809697
-0.00837216
-0.00861253
-0.00881837
-0.00898996
-0.00912753
-0.00923126
-0.00930127
-0.00933767
-0.0093405
-0.00930976
-0.00924541
-0.00914738
-0.00901552
-0.00884968
-0.00864962
-0.0084151
-0.0081458
-0.00784136
-0.00750141
-0.00712548
-0.00671308
-0.00626369
-0.00577747
-0.00525769
-0.00470824
-0.00413297
-0.00353558
-0.00291972
-0.00228892
-0.00164664
-0.000996262
-0.000341078
0.00031571
0.000970981
0.0016217
0.00226494
0.00289784
0.00351769
0.00412194
0.00470818
0.0052741
0.00581751
0.00633626
0.00682825
0.00729141
0.00772365
0.00812287
0.00848738
0.00881721
0.00911278
0.00937449
0.00960268
0.00979765
0.00995964
0.0100889
0.0101855
0.0102497
0.0102815
0.010281
0.0102482
0.0101829
0.0100852
0.00995495
0.0097919
0.00959587
0.00936661
0.00910382
0.00880715
0.00847621
0.00811058
0.00770978
0.00727327
0.00680117
0.00629617
0.00576164
0.00520087
0.00461715
0.00401373
0.0033938
0.00276057
0.00211717
0.00146674
0.000812356
0.000157079
-0.000496077
-0.00114413
-0.00178417
-0.00241335
-0.00302895
-0.00362835
-0.004209
-0.00476841
-0.00530409
-0.00581358
-0.00629447
-0.00674427
-0.00716041
-0.00754069
-0.00788504
-0.00819392
-0.00846774
-0.00870685
-0.00891157
-0.00908216
-0.00921884
-0.0093218
-0.00939116
-0.00942703
-0.00942945
-0.00939841
-0.00933388
-0.00923578
-0.00910398
-0.0089383
-0.00873853
-0.0085044
-0.00823561
-0.00793181
-0.00759261
-0.00721755
-0.00680614
-0.00635786
-0.00587287
-0.00535438
-0.00480624
-0.00423223
-0.00363604
-0.00302126
-0.0023914
-0.0017499
-0.00110011
-0.000445318
0.000211294
0.00086661
0.0015176
0.00216131
0.00279491
0.00341565
0.00402097
0.00460845
0.00517575
0.00572066
0.00624098
0.00673461
0.00719941
0.00763327
0.00803404
0.00839998
0.00873113
0.00902792
0.00929073
0.00951991
0.00971576
0.00987853
0.0100084
0.0101057
0.0101703
0.0102025
0.0102022
0.0101695
0.0101043
0.0100066
0.00987612
0.0097128
0.00951641
0.00928668
0.00902331
0.00872596
0.00839424
0.00802772
0.00762591
0.0071883
0.00671498
0.00620871
0.00567289
0.00511088
0.00452599
0.00392149
0.00330063
0.00266662
0.00202262
0.00137177
0.00071717
6.18807e-05
-0.000591081
-0.00123874
-0.00187819
-0.00250659
-0.00312124
-0.00371953
-0.00429895
-0.004857
-0.00539126
-0.00589928
-0.00637865
-0.00682695
-0.00724163
-0.00762054
