0
0.000254413
0.000455203
0.000168836
-0.000645131
-0.00161584
-0.00295068
-0.00455446
-0.00577417
-0.00719761
-0.00888196
-0.0102436
-0.0113064
-0.0120783
-0.0125772
-0.0126199
-0.012797
-0.013085
-0.0134259
-0.0138084
-0.0142329
-0.014772
-0.0154222
-0.016184
-0.0170586
-0.0179026
-0.0187498
-0.0193918
-0.01994
-0.0203957
-0.0207584
-0.0210275
-0.021203
-0.021359
-0.021496
-0.0216137
-0.0217112
-0.021788
-0.0219797
-0.0222819
-0.0226486
-0.023081
-0.0235799
-0.0240306
-0.0244338
-0.0247905
-0.0251007
-0.0253664
-0.025595
-0.0257955
-0.0259656
-0.0260992
-0.0261871
-0.0262386
-0.0262589
-0.026251
-0.0262164
-0.026156
-0.0260701
-0.025959
-0.0258227
-0.0256606
-0.0254719
-0.0252561
-0.0250131
-0.0247431
-0.0244464
-0.0241437
-0.0237846
-0.0233876
-0.0229602
-0.0225008
-0.0220084
-0.0214824
-0.020922
-0.0203266
-0.0196999
-0.0190286
-0.0183198
-0.0175786
-0.0168083
-0.0160114
-0.0151895
-0.0143442
-0.0134766
-0.0127314
-0.0120628
-0.0114604
-0.0109287
-0.0104728
-0.010111
-0.00978775
-0.00950282
-0.00925689
-0.00905054
-0.00874878
-0.00835572
-0.00787173
-0.00743058
-0.00703089
-0.00667266
-0.00635197
-0.00608518
-0.00586537
-0.00568864
-0.00555286
-0.00545683
-0.00539988
-0.00538159
-0.00540175
-0.00546021
-0.00555694
-0.00569194
-0.00586526
-0.006077
-0.00632731
-0.00661635
-0.00694435
-0.00731154
-0.00771822
-0.00813275
-0.00863375
-0.00918084
-0.00976727
-0.0103933
-0.0110589
-0.0117613
-0.0125208
-0.0133309
-0.0139971
-0.0145892
-0.0151458
-0.0156889
-0.0162168
-0.016728
-0.017221
-0.0176948
-0.0181482
-0.0186366
-0.0191156
-0.0195645
-0.0199652
-0.0203444
-0.020685
-0.0209744
-0.0212305
-0.021441
-0.0216018
-0.0217167
-0.0217836
-0.0217997
-0.0217709
-0.0216922
-0.0215691
-0.0214181
-0.021232
-0.0210122
-0.0207591
-0.0204731
-0.0201541
-0.0198021
-0.0194169
-0.018997
-0.0185435
-0.0180563
-0.0175348
-0.0169787
-0.0163874
-0.0157604
-0.0150971
-0.014397
-0.0136594
-0.0128835
-0.0120686
-0.0112141
-0.010319
-0.00938257
-0.00839335
-0.00735788
-0.0064949
-0.00572083
-0.00502771
-0.00439258
-0.0038041
-0.003265
-0.00277743
-0.00234327
-0.00196428
-0.00164136
-0.00137683
-0.0011805
-0.00105547
-0.00100353
-0.0010264
-0.00112578
-0.00130338
-0.00156092
-0.00190019
-0.00232304
-0.0028314
-0.00342736
-0.00409936
-0.00487298
-0.00575513
-0.0066827
-0.00765763
-0.00868211
-0.0097477
-0.0108545
-0.0120031
-0.013194
-0.014428
-0.0157061
-0.0170291
-0.0183982
-0.0198143
-0.0212786
-0.0227923
-0.0243567
-0.025973
-0.0276425
-0.0293667
-0.0311471
-0.032985
-0.0348821
-0.03684
-0.0388496
-0.0405849
-0.0422821
-0.0439377
-0.0455342
-0.0470615
-0.0485142
-0.0498895
-0.0511865
-0.0524023
-0.0535349
-0.0545836
-0.0555477
-0.0564263
-0.0572189
-0.0579246
-0.0585486
-0.0591257
-0.059655
-0.0601357
-0.0605666
-0.0609469
-0.0612755
-0.0615512
-0.0617728
-0.0619431
-0.0620393
-0.0620667
-0.062029
-0.0619367
-0.0617917
-0.0615949
-0.0613468
-0.0610475
-0.0606968
-0.0602944
-0.05984
-0.0593331
-0.0587731
-0.0581594
-0.0574914
-0.0567682
-0.0559891
-0.0551531
-0.0542593
-0.0533066
-0.052294
-0.0512202
-0.0500841
-0.0488843
-0.0476245
-0.0462736
-0.0448434
-0.0433398
-0.0417661
-0.0401242
-0.0384151
-0.0366392
-0.0347968
-0.0328877
-0.0309117
-0.0288685
-0.0267575
-0.0245781
-0.0223296
-0.0200111
-0.0176214
-0.0151593
-0.0126232
-0.010011
-0.0073162
-0.00484601
-0.00250273
-0.000285252
0.00180698
0.00379725
0.00564141
0.00734394
0.00890851
0.010342
0.0116604
0.0128665
0.0139622
0.014949
0.015828
0.0166003
0.0172665
0.0178272
0.018283
0.0186342
0.0188811
0.019028
0.0190701
0.0190082
0.018842
0.018572
0.0182088
0.017753
0.0172043
0.0165619
0.0158341
0.0149721
0.0139953
0.012912
0.0117268
0.0104428
0.00906171
0.00758452
0.00601196
0.00434445
0.00258222
0.000725386
-0.00122606
-0.00327224
-0.00541336
-0.00764979
-0.00998202
-0.0123107
-0.0147147
-0.0171521
-0.019625
-0.022136
-0.0246904
-0.0270808
-0.0293622
-0.03154
-0.03359
-0.0355194
-0.0373352
-0.0390429
-0.0406522
-0.0421658
-0.0435857
-0.0449135
-0.0461506
-0.0472849
-0.0483193
-0.0492549
-0.0500921
-0.0508318
-0.051487
-0.0520442
-0.0525053
-0.0528705
-0.0531401
-0.0533141
-0.0533924
-0.053375
-0.0532617
-0.0530522
-0.0527551
-0.0523267
-0.0517853
-0.0511511
-0.0504287
-0.0496213
-0.0488111
-0.0478771
-0.0468821
-0.0458267
-0.0447115
-0.0435367
-0.0423027
-0.0410095
-0.0396573
-0.0382459
-0.0367751
-0.0352447
-0.0336543
-0.0320033
-0.0302913
-0.0285177
-0.0266818
-0.024783
-0.0228204
-0.0207393
-0.0186559
-0.016574
-0.0149377
-0.0134447
-0.0120769
-0.010863
-0.00976403
-0.0087792
-0.00790765
-0.00714809
-0.00650004
-0.00596298
-0.00553645
-0.00522009
-0.00501365
-0.00491696
-0.00492996
-0.00505268
-0.00528395
-0.00562631
-0.00605474
-0.00656708
-0.00716381
-0.00784548
-0.00861307
-0.00949329
-0.0104758
-0.0115561
-0.0127289
-0.0139913
-0.0153417
-0.0167827
-0.0180958
-0.019307
-0.0204215
-0.0214379
-0.0223552
-0.0231724
-0.0238897
-0.0245316
-0.0250929
-0.0255679
-0.0259546
-0.0262508
-0.0264544
-0.0265634
-0.0265753
-0.0264875
-0.0262966
-0.0262424
-0.0261679
-0.0260376
-0.0258948
-0.0257361
-0.0255306
-0.0253054
-0.0250632
-0.0248014
-0.0245186
-0.0242148
-0.0238899
-0.0235438
-0.0231761
-0.0227864
-0.0223746
-0.0219401
-0.0214826
-0.0210017
-0.0204968
-0.0199666
-0.0194084
-0.0188207
-0.0182011
-0.0175472
-0.0168654
-0.0161394
-0.0156271
-0.0151626
-0.014768
-0.0144571
-0.0142384
-0.014117
-0.0140964
-0.0141792
-0.0143669
-0.0146678
-0.0150662
-0.015564
-0.016163
-0.0166305
-0.016997
-0.0172729
-0.0174593
-0.0175561
-0.0175639
-0.0174835
-0.017316
-0.0170621
-0.0167228
-0.0163381
-0.0159514
-0.0156552
-0.0154251
-0.0152542
-0.015128
-0.0150339
-0.0149866
-0.0149846
-0.0150251
-0.0151081
-0.0152332
-0.0154004
-0.0156096
-0.0158611
-0.0161549
-0.0164914
-0.0168708
-0.0172935
-0.0177598
-0.0182703
-0.0188255
-0.0194258
-0.0200719
-0.0207644
-0.0214981
-0.0222999
-0.0231582
-0.0238563
-0.0244917
-0.0250944
-0.0256596
-0.0261844
-0.0266665
-0.027104
-0.027495
-0.0278376
-0.0281302
-0.028371
-0.0285582
-0.0286902
-0.0287651
-0.0287813
-0.028737
-0.0286303
-0.0284594
-0.0282221
-0.0279161
-0.0275373
-0.0272886
-0.0271444
-0.0269795
-0.0267561
-0.0265147
-0.0262414
-0.0259181
-0.0255762
-0.0252148
-0.0248267
-0.0244121
-0.0239708
-0.0235026
-0.0230073
-0.0224843
-0.0219334
-0.021354
-0.0207458
-0.020108
-0.0194403
-0.0187418
-0.0180121
-0.0172504
-0.016456
-0.0156282
-0.0147661
-0.0138736
-0.0129309
-0.0122015
-0.0115264
-0.0109006
-0.0103342
-0.00983127
-0.00939595
-0.00903176
-0.00873947
-0.00852105
-0.00837827
-0.00831284
-0.00832641
-0.00842061
-0.00859704
-0.00885731
-0.00920302
-0.00963579
-0.0101573
-0.0107693
-0.0114736
-0.0122722
-0.0131674
-0.0141621
-0.0149907
-0.0158185
-0.0167329
-0.0177078
-0.018734
-0.0198508
-0.0210076
-0.0222011
-0.0234295
-0.024687
-0.0259874
-0.0273315
-0.02872
-0.0301609
-0.0316408
-0.0331634
-0.0347347
-0.0363632
-0.0380383
-0.0397599
-0.0415296
-0.043349
-0.0452188
-0.0470992
-0.0490772
-0.050771
-0.0523689
-0.0539634
-0.0555227
-0.0570269
-0.0584666
-0.0598362
-0.0611321
-0.0623521
-0.0634946
-0.0645585
-0.0655427
-0.0664464
-0.0672689
-0.0680086
-0.0686655
-0.0692413
-0.069735
-0.0701536
-0.0704963
-0.0707622
-0.0709503
-0.0710597
-0.0710894
-0.0710382
