-0.099997
-0.0951842
-0.088367
-0.0883635
-0.0883315
-0.0882757
-0.0881848
-0.0880597
-0.0861469
-0.086012
-0.0858469
-0.0856914
-0.0855471
-0.0854102
-0.085282
-0.0867933
-0.0876262
-0.0880828
-0.0883341
-0.0884723
-0.0885483
-0.0885908
-0.0886149
-0.0886291
-0.0886377
-0.0886168
-0.0885861
-0.0885859
-0.0885855
-0.088585
-0.0885843
-0.0885835
-0.0885823
-0.0885867
-0.0885903
-0.088593
-0.0885949
-0.088596
-0.0885912
-0.0885909
-0.0885911
-0.0885918
-0.0885931
-0.0885983
-0.088603
-0.0886072
-0.0886076
-0.0886076
-0.0886077
-0.0886078
0.0613813
0.0613738
0.0613652
0.0613561
0.0613471
0.0613387
0.0613307
0.0613232
0.0613158
0.0613085
0.0613012
0.0612936
0.0612858
0.0612776
0.0612689
0.0612597
0.06125
0.061228
0.0612152
0.061205
0.0611938
0.061182
0.0611695
0.0611564
0.0611426
0.061128
0.0611153
0.0611094
0.0611065
0.0611045
0.0611026
0.0611007
0.0610987
0.0610967
0.0610948
0.061093
0.0610959
0.0610992
0.0611028
0.0611067
0.061111
0.0611155
0.0611202
0.0611252
0.0611304
0.0611316
0.061133
0.0611345
0.0611372
0.0611402
-0.088437
-0.0884428
-0.0884529
-0.0884678
-0.0884876
-0.0885114
-0.0885385
-0.0885679
-0.0885987
-0.0886303
-0.0886621
-0.0886938
-0.0887249
-0.0887551
-0.0887842
-0.0888117
-0.0888375
-0.0888613
-0.0888829
-0.088902
-0.0889041
-0.0889479
-0.0889862
-0.0890132
-0.0890306
-0.0890392
-0.0890251
-0.0890202
-0.0890166
-0.0890161
-0.0890191
-0.089022
-0.0890247
-0.0890272
-0.089029
-0.08903
-0.0890308
-0.0890315
-0.0890314
-0.0890313
-0.0890311
-0.0890308
-0.0890306
-0.0890304
-0.08903
-0.0890298
-0.0890295
-0.0890291
-0.0890287
-0.0890283
0.0615705
0.0615272
0.0614618
0.061399
0.061304
0.0612145
0.0611326
0.0610586
0.0609923
0.0609328
0.0608793
0.060831
0.0607898
0.0607518
0.0607159
0.0606814
0.0606475
0.0606134
0.0605786
0.0605422
0.0605036
0.060462
0.0604169
0.0603677
0.0603135
0.060254
0.0602048
0.0601737
0.0601511
0.0601506
0.0601556
0.0601555
0.0601548
0.0601535
0.0601518
0.0601498
0.0601476
0.0601451
0.0601448
0.0601444
0.0601439
0.0601433
0.0601427
0.0601421
0.0601414
0.0601406
0.0601398
0.060139
0.0601381
0.0601372
-0.0891538
-0.089158
-0.0891501
-0.0891798
-0.0892242
-0.0893049
-0.0894229
-0.0895452
-0.0896696
-0.0897945
-0.0899182
-0.0900394
-0.0901566
-0.0902684
-0.0903735
-0.0904704
-0.0905576
-0.0906337
-0.0906971
-0.0907462
-0.0907793
-0.0907948
-0.0907907
-0.0907654
-0.0907167
-0.0906427
-0.0905239
-0.0905207
-0.0905266
-0.0905274
-0.0905258
-0.0905229
-0.090519
-0.0905158
-0.0905169
-0.090518
-0.090519
-0.0905198
-0.0905205
-0.0905211
-0.0905214
-0.0905216
-0.0905217
-0.0905217
-0.0905216
-0.0905214
-0.0905212
-0.090521
-0.0905207
-0.0905203
0.0600287
0.0599576
0.0597535
0.0595143
0.059288
0.0590647
0.058854
0.0586604
0.0584863
0.0583325
0.0581992
0.0580864
0.0579935
0.0579201
0.0578657
0.0578295
0.0578108
0.0578088
0.0578227
0.0578516
0.0578946
0.0579506
0.0580185
0.0580973
0.0581857
0.0582825
0.0583894
0.0584589
0.0585012
0.0585281
0.0585466
0.0585605
0.0585719
0.058582
0.0585913
0.0586003
0.0586089
0.0586173
0.0586254
0.0586332
0.0586405
0.0586474
0.0586535
0.0586589
0.0586632
0.0586664
0.0586682
0.0586684
0.0586691
0.0586703
-0.0905055
-0.0905004
-0.0904381
-0.0903826
-0.0903639
-0.0903802
-0.0903901
-0.0903959
-0.0903999
-0.0904041
-0.0904105
-0.0904208
-0.0904369
-0.0904599
-0.0904913
-0.090532
-0.0905829
-0.0906444
-0.0907172
-0.0908016
-0.0908977
-0.0910052
-0.0911237
-0.0912526
-0.0913914
-0.0915394
-0.0916503
-0.0917375
-0.091789
-0.0918202
-0.0918404
-0.0918546
-0.0918658
-0.0918756
-0.0918848
-0.0918938
-0.0919029
-0.0919121
-0.0919214
-0.0919307
-0.09194
-0.091949
-0.0919577
-0.0919763
-0.0919809
-0.0919849
-0.0919882
-0.0919908
-0.0919925
-0.0919934
0.0588501
0.0587531
0.0585758
0.0583815
0.0581995
0.0580374
0.05787
0.0577012
0.0575344
0.057372
0.0572162
0.0570695
0.0569334
0.0568096
0.0566993
0.0566036
0.0565232
0.0564594
0.0564128
0.056384
0.0563734
0.0563812
0.0564074
0.0564521
0.056515
0.0565957
0.0566884
0.0567542
0.0567928
0.0568156
0.0568295
0.0568387
0.0568378
0.056843
0.0568478
0.0568526
0.0568577
0.0568631
0.0568691
0.0568755
0.0568824
0.0568898
0.0568977
0.056906
0.0569146
0.0569236
0.0569328
0.0569422
0.0569516
0.0569609
-0.0921721
-0.0921493
-0.0921267
-0.0920998
-0.0921719
-0.0922035
-0.0922369
-0.0923486
-0.0924495
-0.0925424
-0.0926294
-0.092712
-0.0927916
-0.0928692
-0.0929455
-0.093021
-0.0930961
-0.0931709
-0.0932455
-0.0933197
-0.0933905
-0.0934619
-0.0935329
-0.0936032
-0.0936721
-0.0937392
-0.0937682
-0.0938025
-0.0938203
-0.0938308
-0.0938369
-0.0938406
-0.0938429
-0.0938444
-0.0938445
-0.0938457
-0.093846
-0.0938455
-0.0938445
-0.0938428
-0.0938427
-0.0938427
-0.0938426
-0.0938424
-0.0938421
-0.0938418
-0.0938414
-0.093841
-0.0938405
-0.0938399
0.0572889
0.0572605
0.05712
0.0569332
0.0567223
0.0565062
0.0563834
0.0562744
0.0561814
0.0560991
0.0560219
0.0559488
0.0558791
0.0558119
0.0557466
0.0556826
0.0556192
0.0555561
0.0554928
0.0554287
0.0553636
0.0552971
0.0552288
0.0551586
0.0550861
0.055011
0.0549497
0.0549136
0.0549077
0.0549037
0.0549014
0.0549002
0.0548996
0.0548996
0.0549
0.0549009
0.0549023
0.0548968
0.0548905
0.0548836
0.054876
0.0548708
0.0548693
0.0548678
0.0548666
0.0548665
0.0548674
0.0548693
0.0548725
0.0548769
-0.0940605
-0.0940705
-0.0940801
-0.0940996
-0.0941784
-0.0942807
-0.0943792
-0.0944783
-0.0945964
-0.0947324
-0.0948592
-0.0949777
-0.0950886
-0.0951922
-0.0952888
-0.0953785
-0.0954616
-0.0955381
-0.095608
-0.0956714
-0.0957282
-0.0957784
-0.0958218
-0.0958584
-0.0958879
-0.0959101
-0.0958864
-0.0958875
-0.0958886
-0.095888
-0.0958877
-0.0958875
-0.0958873
-0.0958872
-0.095887
-0.0958868
-0.0958866
-0.0958863
-0.095886
-0.0958856
-0.0958853
-0.0958848
-0.0958844
-0.0958839
-0.0958834
-0.0958828
-0.0958822
-0.0958815
-0.0958809
-0.0958802
0.0552635
0.0552359
0.0550985
0.054917
0.0547014
0.0545274
0.0544419
0.0543584
0.0542741
0.0541963
0.0541237
0.0540552
0.0539897
0.0539263
0.0538643
0.0538028
0.0537411
0.0536784
0.053614
0.0535472
0.0534774
0.053404
0.0533262
0.0532435
0.0531553
0.053061
0.0529782
0.0529281
0.0529271
0.0529262
0.052923
0.0529183
0.0529159
0.0529156
0.0529152
0.0529147
0.0529141
0.0529134
0.0529127
0.0529118
0.0529109
0.0529099
0.0529089
0.0529078
0.0529066
0.0529054
0.0529042
0.0529029
0.0529017
0.0529004
-0.0960043
-0.0959795
-0.0959529
-0.0959821
-0.0960653
-0.0961727
-0.0964021
-0.0966241
-0.0968328
-0.0970225
-0.0972
-0.0973708
-0.0975336
-0.0976874
-0.097831
-0.0979627
-0.0980811
-0.098185
-0.0982729
-0.098343
-0.0983937
-0.0984232
-0.09843
-0.0984121
-0.0983588
-0.0982852
-0.0982824
-0.098292
-0.0983261
-0.0983521
-0.0983729
-0.0983905
-0.0984061
-0.0984202
-0.098433
-0.0984447
-0.0984556
-0.0984655
-0.0984747
-0.0984831
-0.0984895
-0.0984953
-0.0984951
-0.0984945
-0.0984937
-0.0984925
-0.0984911
-0.0984894
-0.0984875
-0.0984852
0.0526233
