0.099997
0.0925045
0.0924376
0.0925466
0.0907198
0.0869849
0.0829481
0.0785868
0.0786481
0.0761274
0.0717721
0.068145
0.0652053
0.0629528
0.0613491
0.061348
0.0613454
0.0613453
0.061345
0.0613449
0.061345
0.0613444
0.0613435
0.0613422
0.0613407
0.0613655
0.0613983
0.0613972
0.0613995
0.0614012
0.0614026
0.0614039
0.0614055
0.0614011
0.0613979
0.0613954
0.0613938
0.0613928
0.0613977
0.0613981
0.0613979
0.0613972
0.0613959
0.0613907
0.061386
0.0613817
0.0613814
0.0613815
0.0613814
0.0613814
-0.0886078
-0.0886026
-0.0885922
-0.0885797
-0.0885665
-0.0885537
-0.0885416
-0.0885303
-0.08852
-0.0885107
-0.0885023
-0.0884948
-0.0884883
-0.0884828
-0.0884781
-0.0884743
-0.0884714
-0.0884807
-0.0884791
-0.0884791
-0.0884795
-0.0884803
-0.0884817
-0.0884836
-0.0884861
-0.0884892
-0.0884942
-0.0884973
-0.0884997
-0.0885018
-0.0885037
-0.0885054
-0.0885069
-0.0885083
-0.0885096
-0.0885104
-0.0885063
-0.0885017
-0.0884966
-0.0884909
-0.0884848
-0.0884783
-0.0884714
-0.0884642
-0.0884567
-0.0884544
-0.0884521
-0.0884497
-0.088446
-0.0884417
0.0611435
0.0611573
0.061181
0.061209
0.0612385
0.0612682
0.0612972
0.0613252
0.0613522
0.061378
0.0614027
0.0614263
0.0614488
0.0614703
0.0614909
0.0615106
0.0615294
0.0615474
0.0615646
0.061581
0.0616105
0.0616065
0.0615957
0.0615874
0.0615813
0.0615773
0.061578
0.0615779
0.0615778
0.0615714
0.0615697
0.0615683
0.0615671
0.061566
0.0615653
0.0615652
0.0615653
0.0615653
0.0615652
0.0615653
0.0615655
0.0615664
0.0615666
0.0615668
0.0615677
0.0615679
0.0615681
0.0615689
0.0615696
0.0615701
-0.0890279
-0.0890231
-0.0890177
-0.0890022
-0.0890203
-0.0890385
-0.089056
-0.0890725
-0.0890878
-0.0891019
-0.0891148
-0.0891266
-0.089134
-0.0891404
-0.0891461
-0.0891509
-0.089155
-0.0891583
-0.0891608
-0.0891626
-0.0891636
-0.0891639
-0.0891634
-0.0891621
-0.0891599
-0.0891569
-0.0891497
-0.0891454
-0.0891479
-0.0891426
-0.0891328
-0.0891292
-0.0891278
-0.0891278
-0.0891287
-0.0891301
-0.0891318
-0.0891338
-0.089135
-0.0891362
-0.0891376
-0.0891391
-0.0891407
-0.0891423
-0.089144
-0.0891457
-0.0891474
-0.0891492
-0.0891508
-0.0891524
0.0601362
0.0601616
0.0602105
0.0602478
0.0602867
0.0603083
0.0603071
0.0603058
0.0603044
0.0603028
0.0603012
0.0602994
0.0602974
0.0602954
0.0602932
0.0602908
0.0602883
0.0602856
0.0602827
0.0602797
0.0602765
0.060273
0.0602694
0.0602655
0.0602614
0.0602571
0.0602501
0.0601763
0.0601312
0.0601025
0.0600833
0.0600699
0.0600602
0.0600524
0.0600442
0.0600372
0.0600314
0.0600266
0.0600228
0.06002
0.0600182
0.0600173
0.0600173
0.0600176
0.0600184
0.0600194
0.0600207
0.0600224
0.0600243
0.0600264
-0.0905199
-0.090538
-0.0905678
-0.0905876
-0.0905869
-0.0905862
-0.0905854
-0.0905846
-0.0905837
-0.0905828
-0.0905819
-0.0905809
-0.0905799
-0.0905788
-0.0905777
-0.0905765
-0.0905753
-0.0905741
-0.0905728
-0.0905714
-0.09057
-0.0905686
-0.0905671
-0.0905656
-0.090564
-0.0905624
-0.0905676
-0.0905659
-0.090564
-0.090562
-0.09056
-0.0905578
-0.0905556
-0.0905533
-0.090551
-0.0905485
-0.090546
-0.0905435
-0.0905408
-0.0905382
-0.0905355
-0.0905329
-0.0905302
-0.0905277
-0.0905251
-0.0905227
-0.0905205
-0.0905188
-0.0905156
-0.090511
0.0586719
0.058703
0.0587775
0.0588437
0.0588785
0.058881
0.0588835
0.0588861
0.0588886
0.058891
0.0588934
0.0588956
0.0588978
0.0588997
0.0589015
0.0589031
0.0589045
0.0589058
0.0589068
0.0589075
0.058908
0.0589083
0.0589084
0.0589083
0.058908
0.0589074
0.0589204
0.0589194
0.058918
0.0589164
0.0589146
0.0589125
0.0589101
0.0589076
0.0589048
0.0589019
0.0588987
0.0588954
0.058892
0.0588884
0.0588848
0.0588811
0.0588774
0.058863
0.058862
0.0588608
0.0588593
0.0588576
0.0588557
0.0588535
-0.0919946
-0.092022
-0.092073
-0.0921169
-0.0921414
-0.0921438
-0.0921464
-0.0921491
-0.0921519
-0.0921548
-0.0921577
-0.0921605
-0.0921634
-0.0921662
-0.092169
-0.0921716
-0.0921742
-0.0921767
-0.0921791
-0.0921812
-0.0921833
-0.0921851
-0.0921868
-0.0921882
-0.0921895
-0.0921905
-0.0922034
-0.0922039
-0.092204
-0.0922039
-0.0922034
-0.0922027
-0.0922091
-0.0922083
-0.0922074
-0.0922064
-0.0922052
-0.0922038
-0.0922023
-0.0922006
-0.0921988
-0.0921967
-0.0921946
-0.0921922
-0.0921897
-0.0921871
-0.0921843
-0.0921814
-0.0921784
-0.0921753
0.05697
0.0570071
0.0571112
0.0572561
0.0572719
0.0573344
0.057404
0.0573845
0.0573681
0.057354
0.0573419
0.0573317
0.0573231
0.057316
0.0573103
0.0573057
0.0573023
0.0572997
0.057298
0.057297
0.0572971
0.0572971
0.0572971
0.0572969
0.0572968
0.0572965
0.0572965
0.0572885
0.057288
0.0572874
0.0572868
0.0572862
0.0572856
0.0572849
0.0572824
0.0572828
0.057283
0.0572833
0.0572838
0.0572846
0.0572847
0.0572848
0.0572849
0.0572852
0.0572856
0.057286
0.0572865
0.0572871
0.0572877
0.0572883
-0.0938394
-0.0938279
-0.0938493
-0.0939094
-0.0939782
-0.0940503
-0.0940538
-0.0940589
-0.0940611
-0.094061
-0.0940608
-0.0940607
-0.0940605
-0.0940604
-0.0940602
-0.09406
-0.0940599
-0.0940597
-0.0940595
-0.0940593
-0.0940592
-0.094059
-0.0940588
-0.0940587
-0.0940585
-0.0940583
-0.094064
-0.0940638
-0.0940562
-0.0940529
-0.0940515
-0.0940511
-0.0940509
-0.0940506
-0.0940499
-0.0940486
-0.0940463
-0.0940505
-0.0940549
-0.0940592
-0.0940633
-0.0940643
-0.0940662
-0.0940676
-0.0940685
-0.0940687
-0.0940683
-0.0940673
-0.0940658
-0.0940635
0.0548828
0.0548842
0.0549544
0.0549918
0.0550569
0.0551127
0.0551669
0.0552132
0.0552362
0.0552362
0.0552362
0.0552361
0.0552361
0.055236
0.0552359
0.0552358
0.0552357
0.0552356
0.0552355
0.0552354
0.0552352
0.0552351
0.0552349
0.0552347
0.0552346
0.0552343
0.0552415
0.0552412
0.0552409
0.0552422
0.0552431
0.0552439
0.0552447
0.0552455
0.0552463
0.0552472
0.0552481
0.0552492
0.0552503
0.0552515
0.0552527
0.055254
0.0552553
0.0552566
0.0552579
0.0552592
0.0552603
0.0552614
0.0552624
0.0552632
-0.0958798
-0.095868
-0.0958887
-0.0959462
-0.0960151
-0.0960547
-0.0960286
-0.0960167
-0.0960164
-0.0960161
-0.0960158
-0.0960154
-0.0960151
-0.0960147
-0.0960143
-0.0960139
-0.0960135
-0.096013
-0.0960126
-0.0960121
-0.0960116
-0.0960111
-0.0960106
-0.0960101
-0.0960096
-0.096009
-0.0960145
-0.0960139
-0.0959891
-0.0959734
-0.0959661
-0.0959637
-0.0959629
-0.0959628
-0.0959636
-0.0959651
-0.095967
-0.0959693
-0.0959719
-0.0959747
-0.0959777
-0.0959808
-0.095984
-0.0959871
-0.0959902
-0.0959933
-0.0959961
-0.0959987
-0.096001
-0.0960029
0.0528992
0.0529343
0.0530385
0.0530961
0.0531539
0.0532175
0.0531638
0.0531205
0.0530929
0.053084
0.0530823
0.0530804
0.0530783
0.0530761
0.0530737
0.0530711
0.0530684
0.0530654
0.0530623
0.0530589
0.0530553
0.0530514
0.0530473
0.0530426
0.0530461
0.053043
0.0529676
0.0528491
0.0527802
0.0527352
0.0527032
0.0526792
0.0526602
0.0526448
0.0526319
0.052621
0.0526117
0.052604
0.0525975
0.0525923
0.0525891
0.0525869
0.052588
0.05259
0.0525927
0.0525961
0.0526002
0.0526051
0.0526105
0.0526167
-0.0984828
