0
0
0
0
0
0
0
0
0
0
0
0
0
0
0
0
0
0
0
0
0
0
0
0
0
0
0
0
0
0
0
0
0
0
0
0
0
0
0
0
0
0
0
0
0
0
0
0
0
0
1.85542e-05
1.72611e-05
1.60683e-05
1.49624e-05
1.39337e-05
1.29751e-05
1.20807e-05
1.12454e-05
1.0465e-05
9.73544e-06
9.05311e-06
8.41466e-06
7.81703e-06
7.25736e-06
6.73296e-06
6.24136e-06
5.78025e-06
5.34709e-06
-3.49783e-06
-3.28248e-06
-3.08627e-06
-2.90793e-06
-2.74624e-06
-2.60007e-06
-2.46836e-06
-2.35012e-06
-2.24744e-06
-2.14872e-06
-2.05717e-06
-1.9729e-06
-1.8957e-06
-1.82515e-06
-1.76077e-06
-1.70206e-06
-1.6485e-06
-1.60634e-06
-1.57317e-06
-1.54742e-06
-1.52855e-06
-1.51606e-06
-1.51007e-06
-1.50758e-06
-1.50817e-06
-1.5115e-06
-1.51728e-06
-1.51555e-06
-1.511e-06
-1.50392e-06
-1.50011e-06
-1.49914e-06
-1.50083e-06
-1.18965e-06
-1.2425e-06
-1.29879e-06
-1.3545e-06
-1.40771e-06
-1.45764e-06
-1.5041e-06
-1.54713e-06
-1.58694e-06
-1.62376e-06
-1.65784e-06
-1.68942e-06
-1.71875e-06
-1.74602e-06
-1.77142e-06
-1.79513e-06
-1.81731e-06
-1.83807e-06
-1.85755e-06
-1.87528e-06
-2.0416e-05
-3.42032e-05
-4.40706e-05
-5.03275e-05
-5.31704e-05
-5.59511e-05
-5.6611e-05
-5.50415e-05
-5.1282e-05
-4.77892e-05
-4.45424e-05
-4.15246e-05
-3.87193e-05
-3.61115e-05
-3.36873e-05
-3.14339e-05
-2.93394e-05
-2.7393e-05
-2.55841e-05
-2.39029e-05
-2.23399e-05
-2.08877e-05
-1.95382e-05
-1.82837e-05
-1.71184e-05
-1.60358e-05
-1.50298e-05
-1.40953e-05
-1.32275e-05
-1.24216e-05
-1.16641e-05
-1.09609e-05
-1.03062e-05
-9.69816e-06
-9.13447e-06
-8.61255e-06
-8.12972e-06
-7.68328e-06
-7.27072e-06
-6.88964e-06
-6.53779e-06
-6.2136e-06
-5.91465e-06
-5.63906e-06
-5.38514e-06
-5.15135e-06
-4.93621e-06
-4.73841e-06
-4.55672e-06
-4.38996e-06
-4.23709e-06
-4.0971e-06
-3.96908e-06
-3.8522e-06
-3.74567e-06
-3.65061e-06
-3.56214e-06
-3.48125e-06
-3.40472e-06
-3.33194e-06
-3.26709e-06
-3.20761e-06
-3.15316e-06
-3.1032e-06
-3.05725e-06
-3.01492e-06
-2.97577e-06
-2.93863e-06
-2.90409e-06
-2.87175e-06
-2.84128e-06
-2.81244e-06
-2.78496e-06
-2.75857e-06
-2.73305e-06
-2.70816e-06
-2.68369e-06
-2.65942e-06
-2.63516e-06
-2.61051e-06
-2.59286e-06
-2.57918e-06
-2.55954e-06
-2.53942e-06
-2.51449e-06
-2.48394e-06
-2.45387e-06
-2.4241e-06
-2.39456e-06
-2.36511e-06
-2.33565e-06
-2.30607e-06
-2.27626e-06
-2.24609e-06
-2.21546e-06
-2.18427e-06
-2.15239e-06
-2.11975e-06
-2.0862e-06
-2.05163e-06
-2.01597e-06
-1.97906e-06
-1.94082e-06
-1.90115e-06
-1.85988e-06
-1.817e-06
-1.79801e-06
-1.78209e-06
-1.76766e-06
-1.75683e-06
-1.75065e-06
-1.74953e-06
-1.75375e-06
-1.76349e-06
-1.77806e-06
-1.79733e-06
-1.82102e-06
-1.84895e-06
-1.88078e-06
-1.91641e-06
-1.9555e-06
-1.99741e-06
-2.03899e-06
-2.08026e-06
-2.12111e-06
-2.16154e-06
-2.20144e-06
-2.2408e-06
-2.27955e-06
-2.31712e-06
-2.35684e-06
-2.40016e-06
-2.44245e-06
-2.48172e-06
-2.52059e-06
-2.55899e-06
-2.59693e-06
-2.63447e-06
-2.67159e-06
-2.70839e-06
-2.74499e-06
-2.78141e-06
-2.81771e-06
-2.854e-06
-2.89031e-06
-2.92668e-06
-2.96322e-06
-3.00005e-06
-3.03706e-06
-3.07448e-06
-3.11226e-06
-3.15045e-06
-3.18916e-06
-3.22839e-06
-3.26818e-06
-3.30764e-06
-3.35181e-06
-3.39889e-06
-3.44864e-06
-3.50079e-06
-3.55542e-06
-3.61262e-06
-3.67242e-06
-3.73497e-06
-3.80035e-06
-3.86871e-06
-3.94006e-06
-4.01444e-06
-4.09192e-06
-4.17246e-06
-4.25611e-06
-4.3428e-06
-4.43237e-06
-4.52483e-06
-4.6201e-06
-4.71853e-06
-4.79193e-06
-4.85159e-06
-4.89897e-06
-4.94529e-06
-4.96026e-06
-4.95003e-06
-4.93485e-06
-4.92496e-06
-4.92151e-06
-4.91251e-06
-4.89847e-06
-4.88003e-06
-4.85763e-06
-4.83155e-06
-4.80218e-06
-4.76965e-06
-4.73429e-06
-4.69614e-06
-4.65544e-06
-4.61217e-06
-4.5668e-06
-4.519e-06
-4.46883e-06
-4.41622e-06
-4.36138e-06
-4.305e-06
-4.24724e-06
-4.18789e-06
-4.12708e-06
-4.0708e-06
-4.00198e-06
-3.92836e-06
-3.85031e-06
-3.76792e-06
-3.68102e-06
-3.58932e-06
-3.49245e-06
-3.38996e-06
-3.28132e-06
-3.16617e-06
-3.0439e-06
-2.91399e-06
-2.77577e-06
-2.62864e-06
-2.47192e-06
-2.305e-06
-2.14206e-06
-1.97364e-06
-1.79593e-06
-1.61364e-06
-1.42578e-06
-1.23103e-06
-1.06113e-06
-9.06746e-07
-7.88166e-07
-7.06189e-07
-6.34167e-07
-5.57423e-07
-4.73561e-07
-4.01879e-07
-3.41642e-07
-2.92265e-07
-2.53232e-07
-2.2388e-07
-2.0645e-07
-1.99831e-07
-2.03505e-07
-2.17178e-07
-2.4033e-07
-2.69832e-07
-3.08364e-07
-3.5518e-07
-4.09757e-07
-4.71721e-07
-5.40769e-07
-6.16601e-07
-6.98764e-07
-7.86957e-07
-8.8095e-07
-9.71194e-07
-1.08422e-06
-1.2078e-06
-1.33785e-06
-1.47399e-06
-1.61577e-06
-1.74751e-06
-1.8938e-06
-2.04235e-06
-2.19351e-06
-2.34766e-06
-2.50523e-06
-2.66651e-06
-2.83172e-06
-3.00115e-06
-3.17502e-06
-3.35334e-06
-3.53638e-06
-3.72392e-06
-3.9162e-06
-4.11311e-06
-4.3146e-06
-4.52065e-06
-4.73103e-06
-4.94605e-06
-5.15698e-06
-5.33764e-06
-5.49647e-06
7.57308e-06
2.19072e-05
1.99752e-05
1.81791e-05
1.6522e-05
1.49946e-05
1.35877e-05
1.22921e-05
1.10998e-05
1.0003e-05
8.99473e-06
8.06815e-06
7.21747e-06
6.43709e-06
5.7219e-06
5.06736e-06
4.46306e-06
3.91642e-06
3.41872e-06
2.96634e-06
2.55618e-06
2.18536e-06
1.83808e-06
1.53722e-06
1.28458e-06
1.06705e-06
8.81922e-07
7.27617e-07
6.02689e-07
5.07032e-07
3.8924e-07
2.58234e-07
1.14743e-07
-4.04257e-08
-2.0654e-07
-3.82342e-07
-5.64859e-07
-7.48878e-07
-9.35218e-07
-1.12425e-06
-1.31613e-06
-1.51033e-06
-1.70692e-06
-1.90562e-06
-2.1062e-06
-2.30866e-06
-2.51233e-06
-2.69372e-06
-2.88861e-06
1.52066e-05
2.36051e-05
2.15391e-05
1.96565e-05
1.79131e-05
1.63185e-05
1.48564e-05
1.35002e-05
1.22423e-05
1.10757e-05
9.99397e-06
8.99102e-06
8.06122e-06
7.19947e-06
6.40074e-06
5.66071e-06
4.97529e-06
4.34044e-06
3.75241e-06
3.20759e-06
2.70249e-06
2.23393e-06
1.79901e-06
1.40266e-06
1.0245e-06
7.22011e-07
4.62186e-07
2.47329e-07
7.59364e-08
-5.42482e-08
-1.45339e-07
-1.99532e-07
-2.18804e-07
-2.05291e-07
-1.62621e-07
-9.49532e-08
-3.622e-09
1.10633e-07
-3.88394e-06
-3.71492e-06
-3.43992e-06
-3.21497e-06
-3.03839e-06
-2.907e-06
-2.81875e-06
-2.77132e-06
-2.7628e-06
-2.78803e-06
-2.82188e-06
-2.83373e-06
1.39548e-05
2.78471e-05
2.84927e-05
2.63618e-05
2.43698e-05
2.24877e-05
2.06968e-05
1.90353e-05
1.74936e-05
1.6064e-05
1.4738e-05
1.35085e-05
1.23688e-05
1.13127e-05
1.03339e-05
9.42736e-06
8.58797e-06
7.81087e-06
7.09189e-06
6.42701e-06
5.81234e-06
5.24427e-06
4.71993e-06
4.22615e-06
3.78851e-06
3.39161e-06
2.96395e-06
2.54101e-06
2.13251e-06
1.73655e-06
1.35213e-06
9.7913e-07
6.16682e-07
2.64664e-07
-7.73473e-08
-4.09481e-07
-7.32164e-07
-1.04553e-06
-1.34971e-06
-1.64529e-06
-1.93227e-06
-2.21106e-06
-2.48198e-06
-2.74531e-06
-3.00119e-06
-3.25007e-06
-3.49299e-06
-3.66658e-06
-3.82579e-06
-4.00788e-06
1.31885e-05
1.64834e-05
1.48618e-05
1.33994e-05
1.20664e-05
1.08492e-05
9.72035e-06
8.67338e-06
7.70245e-06
6.80193e-06
5.9668e-06
5.19246e-06
4.47444e-06
3.80856e-06
3.19107e-06
2.61866e-06
2.0877e-06
1.59533e-06
1.13893e-06
7.15753e-07
3.23194e-07
-4.07758e-08
-3.78036e-07
-6.81824e-07
-9.78625e-07
-1.17448e-06
-1.33517e-06
-1.46197e-06
-1.55636e-06
-1.6256e-06
-1.67041e-06
-1.68913e-06
-1.68324e-06
-1.65496e-06
-1.60517e-06
-1.53611e-06
-1.44851e-06
-1.34416e-06
-1.22366e-06
-1.08791e-06
-9.38099e-07
-7.74243e-07
-5.97391e-07
-4.0755e-07
-2.05326e-07
9.27141e-09
2.36082e-07
4.7465e-07
6.68004e-07
8.75112e-07
2.04963e-05
3.16983e-05
3.02563e-05
2.84453e-05
2.67542e-05
2.51658e-05
2.36677e-05
2.22701e-05
2.09794e-05
1.97884e-05
1.8691e-05
1.76819e-05
1.67532e-05
1.58996e-05
1.51177e-05
1.44038e-05
1.37504e-05
1.3154e-05
1.2611e-05
1.21179e-05
1.16706e-05
1.1252e-05
1.00996e-05
9.6684e-06
9.20662e-06
8.78686e-06
8.38178e-06
7.97235e-06
7.55279e-06
7.12118e-06
6.67753e-06
6.22291e-06
5.75898e-06
5.28754e-06
4.81041e-06
4.32968e-06
3.84703e-06
3.36232e-06
2.87946e-06
2.3916e-06
1.91159e-06
1.44482e-06
9.91315e-07
5.51862e-07
1.26484e-07
-2.84494e-07
-6.80452e-07
-1.05883e-06
