0
-0.00044568
0.08418
-0.0166655
-0.0608798
-0.0861685
-0.107289
-0.12461
-0.0449591
-0.0976244
-0.126393
-0.101426
-0.0782573
-0.0558022
-0.0346878
-0.0211297
-0.0262324
-0.0324957
-0.0349516
-0.0373467
-0.0403624
-0.0508901
-0.0612531
-0.0717864
-0.0825049
-0.0791153
-0.07903
-0.0585781
-0.0491438
-0.0398297
-0.0304897
-0.0211302
-0.0118085
-0.00981298
-0.00791026
-0.00601202
-0.00407641
-0.00210245
-0.0135357
-0.0246121
-0.0311545
-0.037834
-0.0446278
-0.0401422
-0.0357498
-0.0314952
-0.0272279
-0.0232491
-0.0200333
-0.0177583
-0.0153251
-0.0124546
-0.00866772
-0.00571721
-0.00322732
-0.000991014
0.00110574
0.00312621
0.00510616
0.00706608
0.00901888
0.0110196
0.0131091
0.0152308
0.0173592
0.0194668
0.0215263
0.0215377
0.0265613
0.0296567
0.0320696
0.0346067
0.0372236
0.0399011
0.0426326
0.0454161
0.0479083
0.0517881
0.0550452
0.0578933
0.0604959
0.0629467
0.0652987
0.0675841
0.0698217
0.0578725
0.0505031
0.0442155
0.0375628
0.0304363
0.0215765
0.0182216
0.0149211
0.0115913
0.00823396
0.0182022
0.0277749
0.037332
0.0337461
0.0303188
0.0269137
0.0235915
0.0186149
0.0144768
0.0108098
0.00740381
0.00414815
0.000980784
-0.00213389
-0.00521709
-0.00828206
-0.0113376
-0.0143901
-0.0174444
-0.0205045
-0.023574
-0.0266561
-0.029754
-0.0328704
-0.0360079
-0.0359772
-0.0437361
-0.0475294
-0.0506134
-0.0537287
-0.0568569
-0.0595746
-0.0649302
-0.0695409
-0.0550226
-0.047444
-0.0436754
-0.0421052
-0.0404089
-0.0386148
-0.0367412
-0.0348064
-0.0328235
-0.0363441
-0.0355676
-0.0327845
-0.0282957
-0.0264767
-0.0230194
-0.0183892
-0.015551
-0.011556
-0.00721682
-0.00329993
0.00078171
0.00505551
0.00838277
0.012151
0.015727
0.0177311
0.02058
0.0233459
0.0260655
0.0287615
0.0314484
0.0341364
0.0368329
0.0396631
0.0423836
0.0451081
0.0478657
0.0506571
0.0534854
0.056354
0.0592663
0.0622259
0.0652364
0.0683015
0.0714248
0.0746103
0.0778619
0.0813289
0.0860753
0.0902158
0.0729367
0.0638591
0.0555611
0.0496438
0.0449117
0.0399786
0.0348937
0.0296822
0.0243567
0.0190073
0.013472
0.00702091
0.000317605
-0.00651364
-0.0134708
-0.0205545
-0.0277675
-0.0351135
-0.0425982
-0.0502287
-0.0580141
-0.065967
-0.0732059
-0.0829696
-0.0932977
-0.097366
-0.101493
-0.105743
-0.109184
-0.112625
-0.116098
-0.119622
-0.123209
-0.126867
-0.130603
-0.134422
-0.138327
-0.142322
-0.146412
-0.150599
-0.154887
-0.159279
-0.163778
-0.168388
-0.173112
-0.177952
-0.182912
-0.186759
-0.160371
-0.156432
-0.152008
-0.145833
-0.138722
-0.131113
-0.123296
-0.115483
-0.107394
-0.0991829
-0.0909493
-0.0826987
-0.0744316
-0.0661465
-0.0578416
-0.0500912
-0.0458206
-0.0415089
-0.0371534
-0.0327519
-0.0283016
-0.0237968
-0.0192298
-0.0145906
-0.0109587
-0.00570533
-0.000197512
0.00538211
0.0101173
0.0147835
0.0194171
0.0240416
0.0286728
0.033322
0.0379982
0.0427086
0.0474598
0.0522576
0.0571076
0.0620152
0.0669857
0.0720242
0.0771361
0.0823264
0.0876004
0.0929634
0.0984206
0.103977
0.109639
0.115098
0.122965
0.129931
0.136539
0.142976
0.149347
0.155711
0.162105
0.168554
0.175075
0.181679
0.188377
0.19518
0.202097
0.209138
0.216316
0.223645
0.231142
0.238831
0.246762
0.255364
0.234037
0.222133
0.210371
0.198704
0.18906
0.175447
0.162159
0.14918
0.136917
0.126316
0.115963
0.105772
0.0956947
0.0857029
0.0757777
0.0659059
0.0560775
0.0462839
0.0365194
0.0267747
0.0174542
0.00765753
-0.00206171
-0.0117859
-0.0214588
-0.030084
-0.0386087
-0.0471634
-0.0557518
-0.0633134
-0.0755973
-0.0860658
-0.0959225
-0.105442
-0.114781
-0.124032
-0.133248
-0.142462
-0.151695
-0.160961
-0.170274
-0.179642
-0.189074
-0.198582
-0.208174
-0.217863
-0.217636
-0.225663
-0.229365
-0.233319
-0.237578
-0.242394
-0.22704
-0.216991
-0.208309
-0.197312
-0.186465
-0.176009
-0.165983
-0.15699
-0.148206
-0.139582
-0.131085
-0.122697
-0.113109
-0.103791
-0.0945433
-0.0853566
-0.0762234
-0.068369
-0.0591929
-0.0501988
-0.0412272
-0.0322753
-0.0233364
-0.014404
-0.00547152
0.00346737
0.012419
0.0207506
0.0325085
0.0427764
0.0512763
0.0594736
0.0674917
0.0674724
0.0795042
0.0853973
0.0912928
0.0972023
0.103135
0.109099
0.115101
0.121149
0.127252
0.133418
0.139654
0.145968
0.152366
0.158855
0.165438
0.172122
0.178912
0.185812
0.198133
0.197978
0.197794
0.154356
0.141701
0.130515
0.115996
0.105428
0.0949156
0.0844654
0.0741215
0.0638164
0.0535533
0.0433282
0.0331343
0.0229642
0.0128112
0.00266814
-0.00747192
-0.0175037
-0.0277418
-0.0355015
-0.0430269
-0.050577
-0.0581552
-0.0656237
-0.0762229
-0.0856912
-0.0948216
-0.103512
-0.11196
-0.120315
-0.128998
-0.116277
-0.10618
-0.0966731
-0.087088
-0.0774553
-0.0677886
-0.0581787
-0.0510448
-0.0434541
-0.0353477
-0.0270797
-0.0186618
-0.0100852
-0.00133972
0.00758921
0.0167288
0.0261422
0.0114263
0.0113856
0.0152513
0.0160988
0.0173827
0.0218283
0.0233368
0.0246816
0.0262024
0.0277226
0.0292339
0.0307487
0.0322756
0.0338205
0.0353876
0.0369802
0.0386013
0.0402538
0.0419401
0.0436629
0.0455093
0.0476008
0.0498523
0.0523057
0.0549994
0.0573457
0.0611055
0.0396152
0.0345137
0.0273622
0.0189038
0.00969352
3.67346e-05
-0.00990022
-0.0200263
-0.0302459
-0.0412583
-0.0506699
-0.0602052
-0.0698832
-0.0567737
-0.046554
-0.0372935
-0.0281162
-0.0189016
-0.00969379
-0.00054427
0.00855246
0.0176017
0.0266081
0.031685
0.0317039
0.0223991
0.0166268
0.0117707
0.00817932
0.00571825
0.00164957
-0.00230456
-0.00569673
-0.00910899
-0.0125118
-0.0159151
-0.0193261
-0.0227498
-0.0261907
-0.0296523
-0.0331382
-0.0366515
-0.0401953
-0.0437726
-0.0473864
-0.0510393
-0.0547339
-0.0584725
-0.0614917
-0.0679051
-0.0730725
-0.0569817
-0.050507
-0.0469943
-0.0430621
-0.0389068
-0.0345839
-0.0301217
-0.0255343
-0.0208283
-0.016006
-0.0110674
-0.00601174
-0.000838311
0.0044543
0.00986912
0.0154107
0.0210858
0.0269038
0.032879
0.0390417
0.0455445
0.0321315
0.0204676
0.0204094
0.0245405
0.025965
0.0288239
0.0336489
0.035189
0.0367411
0.0388263
0.0408967
0.0429692
0.0450544
0.0471598
0.0492908
0.0514517
0.0536465
0.0558786
0.0581516
0.0604687
0.0628332
0.0652482
0.0677171
0.0702431
0.0728293
0.0754789
0.0780776
0.0824685
0.0612284
0.0554785
0.0503317
0.0442614
0.0377894
0.0309799
0.0239055
0.0168133
0.00959004
0.00225028
-0.00519908
-0.0127561
-0.0204208
-0.028194
-0.0360772
-0.0440733
-0.0521867
-0.0604233
-0.0687904
-0.0772974
-0.0859581
-0.0947956
-0.103889
-0.0868152
-0.086668
-0.0955351
-0.100872
-0.105089
-0.113727
-0.117123
-0.120244
-0.12321
-0.125445
-0.128912
-0.132444
-0.136055
-0.14042
-0.143488
-0.146859
-0.150806
-0.155556
-0.159272
-0.162942
-0.166731
-0.170637
-0.174604
-0.174405
-0.183063
-0.154729
-0.144257
-0.144174
-0.140517
-0.134899
-0.128315
-0.121193
-0.113776
-0.106195
-0.0985235
-0.0907987
-0.0830407
-0.0752587
-0.067456
-0.0595794
-0.0517342
-0.0442077
-0.0365409
-0.0296019
-0.0226135
-0.0155798
-0.00850349
-0.00137919
0.00579897
0.0130409
