0
0
0
0
0
0
0
0
0
0
0
0
0
0
0
0
0
0
0
0
0
0
0
0
0
0
0
0
0
0
0
0
0
0
0
0
0
0
0
0
0
0
0
0
0
0
0
0
0
0
2.34196e-06
4.35441e-06
6.06766e-06
7.50898e-06
8.70322e-06
9.67322e-06
1.04401e-05
1.10233e-05
1.1441e-05
1.17098e-05
1.18453e-05
1.18619e-05
1.17727e-05
1.15902e-05
1.13254e-05
1.0989e-05
1.05904e-05
1.01385e-05
8.57617e-06
7.12709e-06
5.78461e-06
4.54245e-06
3.39469e-06
2.33572e-06
1.36023e-06
4.63188e-07
-3.60541e-07
-1.11446e-06
-1.8024e-06
-2.42813e-06
-2.99525e-06
-3.50724e-06
-3.96739e-06
-4.37885e-06
-4.74458e-06
-5.06828e-06
-5.35315e-06
-5.60209e-06
-5.81783e-06
-6.00291e-06
-6.15981e-06
-6.29051e-06
-6.39688e-06
-6.48067e-06
-6.54352e-06
-6.58578e-06
-6.60839e-06
-6.61233e-06
-6.59927e-06
-6.57078e-06
-6.52832e-06
-6.43346e-06
-6.33597e-06
-6.23671e-06
-6.13596e-06
-6.03377e-06
-5.93007e-06
-5.82477e-06
-5.71782e-06
-5.60918e-06
-5.49886e-06
-5.3869e-06
-5.27337e-06
-5.15837e-06
-5.04203e-06
-4.92448e-06
-4.80589e-06
-4.68643e-06
-4.56626e-06
-4.44558e-06
-4.32449e-06
-6.54133e-06
-1.03304e-05
-1.50799e-05
-2.02565e-05
-2.53873e-05
-3.04551e-05
-3.5184e-05
-3.93042e-05
-4.25709e-05
-4.50683e-05
-4.6874e-05
-4.80598e-05
-4.86923e-05
-4.88326e-05
-4.85374e-05
-4.78588e-05
-4.68448e-05
-4.55396e-05
-4.39836e-05
-4.22141e-05
-4.02649e-05
-3.81672e-05
-3.59491e-05
-3.36365e-05
-3.12527e-05
-2.88189e-05
-2.63542e-05
-2.38757e-05
-2.1399e-05
-1.89377e-05
-1.6503e-05
-1.4106e-05
-1.1756e-05
-9.46139e-06
-7.22972e-06
-5.0674e-06
-2.97991e-06
-9.71836e-07
9.53047e-07
2.79174e-06
4.54196e-06
6.20196e-06
7.77068e-06
9.24757e-06
1.06326e-05
1.1926e-05
1.31286e-05
1.42416e-05
1.52662e-05
1.62041e-05
1.70572e-05
1.78277e-05
1.85176e-05
1.91296e-05
1.96661e-05
2.01295e-05
2.05228e-05
2.08491e-05
2.11114e-05
2.1313e-05
2.14567e-05
2.15453e-05
2.15818e-05
2.15692e-05
2.15102e-05
2.14077e-05
2.12647e-05
2.10839e-05
2.08681e-05
2.06199e-05
2.03419e-05
2.00367e-05
1.97066e-05
1.93541e-05
1.89815e-05
1.85909e-05
1.81845e-05
1.77644e-05
1.73325e-05
1.68908e-05
1.644e-05
1.59816e-05
1.55178e-05
1.50502e-05
1.45808e-05
1.41117e-05
1.36438e-05
1.31783e-05
1.2716e-05
1.22579e-05
1.18049e-05
1.13576e-05
1.09169e-05
1.04833e-05
1.00576e-05
9.64034e-06
9.232e-06
8.83311e-06
8.44409e-06
8.06537e-06
7.6973e-06
7.34022e-06
6.99441e-06
6.66014e-06
6.33763e-06
6.02707e-06
5.7254e-06
5.43235e-06
5.14787e-06
4.87162e-06
4.60312e-06
4.34185e-06
4.0873e-06
3.83893e-06
3.59632e-06
3.35908e-06
3.12686e-06
2.89935e-06
2.67629e-06
2.45746e-06
2.24266e-06
2.03178e-06
1.82512e-06
1.62294e-06
1.42547e-06
1.23293e-06
1.04553e-06
8.63436e-07
6.86813e-07
5.15868e-07
3.50361e-07
1.89871e-07
3.45773e-08
-1.15112e-07
-2.59164e-07
-3.97553e-07
-5.30268e-07
-6.57322e-07
-7.78737e-07
-8.94562e-07
-1.00487e-06
-1.10975e-06
-1.20929e-06
-1.30362e-06
-1.39286e-06
-1.47716e-06
-1.55667e-06
-1.63155e-06
-1.70196e-06
-1.76808e-06
-1.83011e-06
-1.8882e-06
-1.94256e-06
-1.99338e-06
-2.04084e-06
-2.08501e-06
-2.12661e-06
-2.16608e-06
-2.2038e-06
-2.24011e-06
-2.27532e-06
-2.30975e-06
-2.3437e-06
-2.37746e-06
-2.41131e-06
-2.44556e-06
-2.48045e-06
-2.51625e-06
-2.55319e-06
-2.5915e-06
-2.63138e-06
-2.673e-06
-2.71651e-06
-2.76203e-06
-2.80968e-06
-2.85959e-06
-2.90831e-06
-2.95408e-06
-2.99544e-06
-3.03246e-06
-3.06138e-06
-3.0795e-06
-3.08691e-06
-3.08498e-06
-3.07516e-06
-3.05733e-06
-3.03145e-06
-2.99756e-06
-2.95581e-06
-2.90637e-06
-2.84947e-06
-2.78537e-06
-2.71435e-06
-2.63673e-06
-2.55281e-06
-2.46291e-06
-2.3674e-06
-2.26659e-06
-2.16079e-06
-2.0503e-06
-1.93542e-06
-1.81654e-06
-1.69406e-06
-1.56833e-06
-1.43969e-06
-1.30922e-06
-1.1758e-06
-1.03934e-06
-8.99835e-07
-7.5728e-07
-6.11668e-07
-4.6296e-07
-3.11082e-07
-1.55914e-07
2.71229e-09
1.64993e-07
3.31178e-07
5.01556e-07
6.76469e-07
8.56302e-07
1.04149e-06
1.23249e-06
1.42794e-06
1.62774e-06
1.83228e-06
2.04131e-06
2.25471e-06
2.47252e-06
2.69078e-06
2.90695e-06
3.11613e-06
3.31367e-06
3.49862e-06
3.67199e-06
3.83504e-06
3.98654e-06
4.12547e-06
4.25098e-06
4.36236e-06
4.45911e-06
4.54047e-06
4.60594e-06
4.65514e-06
4.68782e-06
4.70381e-06
4.70344e-06
4.68667e-06
4.65364e-06
4.60455e-06
4.53969e-06
4.45942e-06
4.36412e-06
4.25427e-06
4.13037e-06
3.99295e-06
3.84375e-06
3.68108e-06
3.50491e-06
3.3158e-06
3.11433e-06
2.90112e-06
2.67877e-06
2.44662e-06
2.20562e-06
1.95665e-06
1.70048e-06
1.4378e-06
1.16924e-06
8.95368e-07
6.16683e-07
3.33639e-07
4.66706e-08
-2.43845e-07
-5.37521e-07
-8.34014e-07
-1.13299e-06
-1.43412e-06
-1.7371e-06
-2.04159e-06
-2.34734e-06
-2.653e-06
-2.95398e-06
-3.24713e-06
-1.86254e-06
1.24101e-06
3.88491e-06
6.11132e-06
7.96094e-06
9.47143e-06
1.06775e-05
1.16112e-05
1.23019e-05
1.27765e-05
1.306e-05
1.3175e-05
1.31424e-05
1.29813e-05
1.2709e-05
1.23416e-05
1.18928e-05
1.13765e-05
1.08049e-05
1.01888e-05
9.53813e-06
8.86185e-06
8.16632e-06
7.46044e-06
6.75273e-06
6.04949e-06
5.35623e-06
4.67787e-06
4.01874e-06
3.38285e-06
2.76738e-06
2.17076e-06
1.59159e-06
1.02863e-06
4.80766e-07
-5.2914e-08
-5.7292e-07
-1.0791e-06
-1.57145e-06
-2.05006e-06
-2.51504e-06
-2.96648e-06
-3.40451e-06
-3.82923e-06
-4.24075e-06
-4.6392e-06
-5.02465e-06
-5.39423e-06
-5.74984e-06
-3.78292e-06
-8.81456e-07
1.5625e-06
3.59747e-06
5.26406e-06
6.60221e-06
7.64786e-06
8.43187e-06
8.98265e-06
9.32636e-06
9.48707e-06
9.48686e-06
9.34601e-06
9.08309e-06
8.71507e-06
8.25746e-06
7.72442e-06
7.12882e-06
6.48231e-06
5.79543e-06
5.07765e-06
4.33745e-06
3.58245e-06
2.82037e-06
2.05587e-06
1.30054e-06
5.61005e-07
-1.56338e-07
-8.45759e-07
-1.50228e-06
-2.1216e-06
-2.7001e-06
-3.23474e-06
-3.72309e-06
-4.16343e-06
-4.55482e-06
-4.89667e-06
-5.18864e-06
-5.95205e-06
-6.62718e-06
-7.20505e-06
-7.69721e-06
-8.11445e-06
-8.46657e-06
-8.76262e-06
-9.01087e-06
-9.2189e-06
-9.39321e-06
-9.53677e-06
-9.64857e-06
-7.60991e-06
-3.93879e-06
-4.28152e-07
2.57392e-06
5.11245e-06
7.22686e-06
8.95253e-06
1.03282e-05
1.13896e-05
1.21698e-05
1.26993e-05
1.30061e-05
1.31161e-05
1.3053e-05
1.28387e-05
1.2493e-05
1.20345e-05
1.14797e-05
1.0844e-05
1.01413e-05
9.38434e-06
8.58448e-06
7.75219e-06
6.89558e-06
6.02551e-06
5.15018e-06
4.26823e-06
3.38287e-06
2.49833e-06
1.6183e-06
7.46103e-07
-1.15222e-07
-9.62971e-07
-1.79468e-06
-2.60813e-06
-3.40134e-06
-4.17256e-06
-4.92022e-06
-5.64293e-06
-6.33956e-06
-7.00909e-06
-7.65069e-06
-8.26373e-06
-8.84768e-06
-9.40217e-06
-9.92698e-06
-1.04221e-05
-1.08796e-05
-1.12991e-05
-1.16851e-05
-9.84533e-06
-7.69162e-06
-5.87134e-06
-4.346e-06
-3.0828e-06
-2.05225e-06
-1.22979e-06
-5.92845e-07
-1.20655e-07
2.05799e-07
4.03957e-07
4.89801e-07
4.77928e-07
3.81645e-07
2.13083e-07
-1.66981e-08
-2.97706e-07
-6.20869e-07
-9.77963e-07
-1.36159e-06
-1.76513e-06
-2.18261e-06
-2.60868e-06
-3.03749e-06
-3.4669e-06
-3.88309e-06
-4.28149e-06
-4.65807e-06
-5.00932e-06
-5.33292e-06
-5.6269e-06
-5.88927e-06
-6.11844e-06
-6.31332e-06
-6.47304e-06
-6.5972e-06
-6.68559e-06
-6.73833e-06
-6.75569e-06
-6.73814e-06
-6.68633e-06
-6.60097e-06
-6.48293e-06
-6.33309e-06
-6.15244e-06
-5.94198e-06
-5.70273e-06
-5.43575e-06
-5.14932e-06
-4.84374e-06
-2.07058e-06
1.93153e-06
5.47255e-06
8.5288e-06
1.11411e-05
1.33466e-05
1.51789e-05
1.6672e-05
1.78589e-05
1.87702e-05
1.94345e-05
1.98781e-05
2.01252e-05
2.01983e-05
2.0118e-05
1.99037e-05
1.95728e-05
1.91411e-05
1.86236e-05
1.80335e-05
1.73831e-05
1.66818e-05
1.58421e-05
1.49666e-05
1.40561e-05
1.31205e-05
1.21657e-05
1.11948e-05
1.021e-05
9.21312e-06
8.20596e-06
7.19031e-06
6.16805e-06
5.14121e-06
4.11191e-06
3.08239e-06
2.05495e-06
1.03171e-06
1.51218e-08
-9.93393e-07
-1.99093e-06
-2.97411e-06
-3.93983e-06
-4.88515e-06
-5.80736e-06
-6.70397e-06
-7.57263e-06
-8.41091e-06
