0
-0.193638
0.0414683
0.370003
0.39926
0.119799
0.27763
0.203219
-0.298454
0.149116
0.191539
-0.255765
-0.239178
-0.233965
-0.221232
-0.361109
0.0900438
0.0716099
0.0270624
0.0179844
0.0177711
0.0729161
0.0694693
0.0691262
0.0691183
-0.0411651
-0.0176079
-0.175115
-0.0916583
-0.091133
-0.0919539
-0.0926162
-0.0927339
-0.0363546
-0.0360457
-0.0363926
-0.0370468
-0.037693
0.0658849
0.0621982
0.0267366
0.02712
0.0272878
-0.0609077
-0.0607713
-0.0602822
-0.0606914
-0.0593257
-0.0540023
-0.0472968
-0.0492051
-0.0539864
-0.0611524
-0.0540773
-0.0500807
-0.0478623
-0.0466284
-0.0459289
-0.0455187
-0.0452628
-0.0450941
-0.045336
-0.045874
-0.0459531
-0.0458103
-0.0454352
-0.0448245
-0.0289504
-0.0667287
-0.0522558
-0.0462783
-0.0469338
-0.0471715
-0.0472167
-0.0471758
-0.04709
-0.0436341
-0.0530791
-0.0470162
-0.0423884
-0.0390263
-0.0364076
-0.0342177
-0.0322937
-0.0305303
0.080899
0.0465459
0.0392042
0.0430286
0.0475724
0.0617652
0.0196659
0.0198121
0.0205414
0.0211929
-0.0817246
-0.0781763
-0.0774123
0.0253241
0.0246599
0.0250208
0.0223858
0.0351314
0.0300221
0.027207
0.0257205
0.0249048
0.0244382
0.0241512
0.0239549
0.0238025
0.0236691
0.0235411
0.0234113
0.0232755
0.0231315
0.0229778
0.0228135
0.0226377
0.0224479
-0.00246408
0.0579274
0.0261206
0.0203429
0.0198743
0.0192639
0.0163156
0.0312228
0.0252668
-0.123845
-0.0713294
-0.042259
-0.0259877
-0.0278563
-0.0295125
-0.0310522
-0.0324598
-0.0337074
0.00813667
-0.0262487
-0.0426456
-0.056764
-0.0367958
-0.0501845
-0.0600701
-0.0467766
-0.056265
-0.0595726
-0.0567589
-0.0585502
-0.060547
-0.0563716
-0.0597294
-0.0556809
-0.0427726
-0.0479947
-0.0468446
-0.0461354
-0.0456589
-0.0453055
-0.0450171
-0.0447632
-0.0454693
-0.0442396
-0.0438528
-0.0436812
-0.043478
-0.0432638
-0.0430419
-0.0428138
-0.0425802
-0.042341
-0.042096
-0.0418449
-0.041587
-0.0413219
-0.0409221
-0.0487887
-0.0427986
0.125136
0.0623145
0.0569449
0.0399496
0.0318743
0.034479
0.0366219
0.038497
0.0402037
0.0412135
0.0432503
0.0509577
0.0534495
0.054866
0.0561591
0.0573583
0.0584826
0.0595475
0.060567
0.0615556
0.0625314
0.0635203
0.0542105
0.0729737
0.0770791
0.0282975
0.0283482
0.0289971
0.0216791
0.0206766
0.0198777
0.0191865
0.0185518
0.0179452
0.017351
0.0167603
0.0161663
0.0155671
0.0149595
0.0143416
0.013712
0.0130692
0.0124117
0.0117383
0.0110473
0.010337
0.00960541
0.000663616
-0.245254
-0.0729011
-0.0769527
-0.0915308
-0.100266
-0.105816
-0.109211
-0.110971
-0.114624
-0.117133
-0.118759
-0.120273
-0.121706
-0.123061
-0.124331
-0.121042
-0.0949462
-0.0961783
-0.0973796
-0.0985409
-0.0996704
-0.100804
-0.101974
-0.103207
-0.10118
-0.118909
-0.114503
-0.111679
-0.103683
-0.102075
-0.101151
-0.100592
-0.100232
-0.0999793
-0.0997848
-0.0996217
-0.0994748
-0.0993355
-0.0991986
-0.099061
-0.0989205
-0.0987755
-0.098625
-0.0984678
-0.0983029
-0.0981294
-0.0979462
-0.0977519
-0.0975448
-0.0934347
-0.11603
-0.105399
-0.099439
-0.09534
-0.0922704
-0.0897846
-0.0876308
-0.0856631
-0.0838007
-0.0819995
-0.0802364
-0.0785004
-0.0767874
-0.0751057
-0.0734752
-0.0719102
-0.0704238
-0.0690659
-0.0680282
-0.0701929
0.163676
0.0946369
0.0960138
0.097664
0.0822237
0.117571
0.115654
0.114248
0.110368
0.0997537
0.0987844
0.0983653
0.0982266
0.0982277
0.0982929
0.0983813
0.0984705
0.0985481
0.0985946
0.0986365
0.0954741
0.0992357
0.0985663
0.0985035
0.0979272
0.0895491
0.0884612
0.0883059
0.0881153
0.0810995
0.117604
0.101742
0.094391
0.0895062
0.0860169
0.0832979
0.0809899
0.0788933
0.0768976
0.0749427
0.0729962
0.0710412
0.0690701
0.0670891
0.0651133
0.0631444
-0.0184876
0.0471122
0.00830379
0.00742944
0.00691999
0.00830851
-0.150301
-0.112829
-0.1111
-0.131526
-0.127749
-0.124077
-0.12158
-0.115919
-0.115377
-0.115258
-0.11536
-0.115572
-0.12583
-0.124661
-0.124945
-0.125218
-0.125474
-0.116174
-0.126926
-0.125975
-0.126173
-0.126312
-0.126426
-0.126513
-0.126571
-0.1266
-0.126596
-0.119665
-0.152789
-0.138178
-0.122115
-0.117817
-0.114695
-0.050545
-0.142997
-0.093509
-0.0919646
-0.0904824
-0.0890354
-0.0876103
-0.0862005
-0.0848093
-0.0834495
-0.0821215
-0.0808129
-0.0795131
-0.0782129
-0.076904
-0.0755789
-0.074231
-0.0728548
-0.0714458
-0.111725
-0.0166437
-0.0119702
0.318748
0.095727
0.0844167
0.106768
0.0781444
0.0785132
0.0787237
0.0784774
0.0787542
0.0788911
0.0789618
0.0789986
0.0790018
0.078971
0.0789067
0.0788091
0.0776295
0.0792999
0.0597475
0.0575756
0.0573508
0.0570841
0.0569829
0.0766404
0.067776
0.0631392
0.0580468
0.0544182
0.051872
0.0525262
-0.115521
-0.0972428
-0.0943837
-0.0964424
-0.0981761
-0.0997046
-0.100281
-0.082147
-0.0866719
-0.0915394
-0.0935456
-0.0953715
-0.0971747
-0.0989579
-0.100761
-0.102694
-0.105048
0.0778145
-0.0405607
-0.0698369
-0.0355123
-0.0381403
-0.0610168
-0.0403367
-0.0379435
-0.0397041
-0.0405252
-0.040238
-0.0400136
-0.0398301
-0.0396681
-0.0395176
-0.0393727
-0.0392307
-0.0390893
-0.0389471
-0.038803
-0.0393132
-0.040742
-0.0414831
-0.0425196
-0.0438238
-0.0381039
-0.0499785
0.147836
0.0213746
0.0384988
0.0495462
0.0561274
0.0602126
0.0628929
0.0647552
0.065762
0.0721306
0.0594959
0.0603115
0.0611908
-0.1165
-0.0941479
-0.0866282
-0.0859232
-0.0861158
-0.0857197
-0.0848763
-0.083998
-0.0830773
-0.0821047
-0.0508591
-0.0175745
0.0537922
0.0354731
0.0303217
0.0190328
0.00932154
0.0206512
0.0193343
0.0174735
0.0173414
0.0169982
0.0167546
0.016564
0.0164001
0.0162483
0.0161001
0.0159508
0.0157977
0.0156389
0.0154731
0.0152994
0.0151168
0.0149242
0.0147205
0.00988452
0.029883
0.0200069
-0.146236
-0.0723977
-0.0501666
-0.0543477
-0.0570342
-0.0592656
-0.0612369
-0.0630503
-0.0647608
-0.0663979
-0.0679768
-0.0694976
-0.0709511
-0.0723414
-0.0736843
-0.0749945
-0.0762898
-0.0775947
-0.0789418
-0.0804552
-0.0830985
0.0718072
0.0526428
-0.0414045
-0.0727213
-0.0406714
-0.0505814
-0.0639736
-0.0397216
-0.0400506
-0.0451671
-0.0447121
-0.0443604
-0.0440661
-0.0438032
-0.0435571
-0.0433205
-0.0430889
-0.0428596
-0.042631
-0.0424017
-0.0421709
-0.0419372
-0.0416997
-0.0414568
-0.041207
-0.0409477
-0.0370019
-0.0514399
0.15052
0.0301586
0.0268481
0.0350666
0.0387333
0.0422458
0.0453396
0.0462113
0.0479342
0.0494431
0.0508029
0.0520529
0.0532059
0.0542584
0.0552153
0.0560925
0.0569035
0.0576612
0.0583804
0.0590795
0.0597906
0.060591
0.0619153
-0.140777
-0.0195758
0.0519696
0.0287023
0.0207439
0.0494437
0.00949262
0.0056791
0.00309824
-0.00242439
0.00681192
0.00599438
0.00528347
0.00980108
-0.00171258
-0.000600909
0.00252272
0.00727701
-0.00232052
-0.00420662
-0.00477884
-0.00541172
-0.00662047
-0.041801
0.0283054
-0.26252
-0.125709
-0.058608
-0.0836809
-0.0997202
-0.108088
-0.113649
-0.117547
-0.120455
-0.122768
-0.124714
-0.126423
-0.127971
-0.129401
-0.131297
-0.131986
-0.131329
-0.132462
-0.127507
-0.128557
-0.129515
-0.130381
-0.131231
-0.132045
-0.132883
