0
0
0
0
0
0
0
0
0
0
0
0
0
0
0
0
0
0
0
0
0
0
0
0
0
0
0
0
0
0
0
0
0
0
0
0
0
0
0
0
0
0
0
0
0
0
0
0
0
0
1.28292e-06
2.43091e-06
3.45415e-06
4.36177e-06
5.16208e-06
5.86279e-06
6.47109e-06
6.99372e-06
7.437e-06
7.80689e-06
8.10898e-06
8.34854e-06
8.53051e-06
8.65956e-06
8.74006e-06
8.77613e-06
8.77161e-06
8.7301e-06
8.07156e-06
7.44463e-06
6.84789e-06
6.28e-06
5.73964e-06
5.22559e-06
4.73667e-06
4.27174e-06
3.82951e-06
3.4095e-06
3.01096e-06
2.63312e-06
2.27521e-06
1.93646e-06
1.61614e-06
1.31355e-06
1.028e-06
7.58363e-07
5.03695e-07
2.63163e-07
3.59768e-08
-1.78615e-07
-3.81368e-07
-5.72823e-07
-7.5349e-07
-9.23856e-07
-1.08439e-06
-1.23486e-06
-1.37539e-06
-1.50613e-06
-1.62764e-06
-1.74044e-06
-1.84504e-06
-1.9201e-06
-1.99188e-06
-2.06078e-06
-2.12695e-06
-2.19036e-06
-2.25096e-06
-2.30866e-06
-2.36341e-06
-2.41516e-06
-2.46387e-06
-2.50953e-06
-2.55215e-06
-2.59177e-06
-2.62841e-06
-2.66212e-06
-2.69298e-06
-2.72105e-06
-2.74641e-06
-2.76915e-06
-2.78932e-06
-4.08785e-06
-6.29078e-06
-9.09353e-06
-1.22227e-05
-1.54275e-05
-1.86977e-05
-2.18807e-05
-2.48224e-05
-2.73767e-05
-2.95731e-05
-3.14392e-05
-3.30009e-05
-3.42825e-05
-3.53068e-05
-3.60953e-05
-3.6668e-05
-3.70437e-05
-3.72402e-05
-3.7274e-05
-3.71605e-05
-3.69141e-05
-3.65485e-05
-3.60761e-05
-3.55087e-05
-3.48574e-05
-3.41322e-05
-3.33428e-05
-3.24979e-05
-3.16057e-05
-3.06738e-05
-2.97086e-05
-2.87166e-05
-2.77038e-05
-2.66755e-05
-2.56371e-05
-2.45933e-05
-2.35484e-05
-2.25063e-05
-2.14708e-05
-2.0445e-05
-1.94319e-05
-1.84342e-05
-1.74542e-05
-1.64939e-05
-1.55553e-05
-1.46399e-05
-1.3749e-05
-1.28839e-05
-1.20455e-05
-1.12347e-05
-1.0452e-05
-9.69811e-06
-8.97325e-06
-8.2777e-06
-7.6116e-06
-6.97509e-06
-6.36793e-06
-5.7899e-06
-5.24053e-06
-4.71928e-06
-4.22587e-06
-3.75982e-06
-3.32059e-06
-2.9076e-06
-2.52023e-06
-2.1578e-06
-1.81961e-06
-1.50488e-06
-1.21285e-06
-9.42758e-07
-6.93812e-07
-4.65211e-07
-2.56144e-07
-6.57946e-08
1.06658e-07
2.62036e-07
4.0116e-07
5.2485e-07
6.33918e-07
7.29184e-07
8.10939e-07
8.79676e-07
9.36564e-07
9.82357e-07
1.01808e-06
1.0448e-06
1.0631e-06
1.07356e-06
1.07676e-06
1.07325e-06
1.06357e-06
1.04825e-06
1.02781e-06
1.00274e-06
9.73523e-07
9.40635e-07
9.04531e-07
8.65651e-07
8.24424e-07
7.81265e-07
7.36573e-07
6.90735e-07
6.44127e-07
5.97108e-07
5.5003e-07
5.03225e-07
4.55243e-07
4.06116e-07
3.55981e-07
3.04816e-07
2.52521e-07
1.98969e-07
1.4401e-07
8.74842e-08
2.92801e-08
-3.07059e-08
-9.25571e-08
-1.56345e-07
-2.22118e-07
-2.8992e-07
-3.59771e-07
-4.31652e-07
-5.05325e-07
-5.80569e-07
-6.57163e-07
-7.34897e-07
-8.13566e-07
-8.92973e-07
-9.72926e-07
-1.05321e-06
-1.13383e-06
-1.21493e-06
-1.29631e-06
-1.37763e-06
-1.45879e-06
-1.53964e-06
-1.62007e-06
-1.69999e-06
-1.77929e-06
-1.8579e-06
-1.93573e-06
-2.01273e-06
-2.08885e-06
-2.16406e-06
-2.23831e-06
-2.31159e-06
-2.38389e-06
-2.4552e-06
-2.52551e-06
-2.59485e-06
-2.66323e-06
-2.73067e-06
-2.79719e-06
-2.86282e-06
-2.92761e-06
-2.99152e-06
-3.05487e-06
-3.11787e-06
-3.18069e-06
-3.24346e-06
-3.30633e-06
-3.36947e-06
-3.433e-06
-3.4971e-06
-3.56191e-06
-3.62758e-06
-3.69428e-06
-3.76216e-06
-3.83136e-06
-3.90202e-06
-3.97429e-06
-4.04829e-06
-4.12414e-06
-4.20193e-06
-4.28178e-06
-4.36379e-06
-4.44612e-06
-4.52778e-06
-4.60792e-06
-4.68648e-06
-4.76133e-06
-4.83083e-06
-4.8948e-06
-4.95381e-06
-5.00846e-06
-5.05853e-06
-5.10384e-06
-5.14426e-06
-5.17972e-06
-5.21014e-06
-5.23553e-06
-5.25586e-06
-5.27115e-06
-5.28145e-06
-5.28678e-06
-5.28721e-06
-5.28281e-06
-5.27365e-06
-5.2598e-06
-5.24131e-06
-5.21828e-06
-5.19082e-06
-5.15907e-06
-5.12315e-06
-5.0832e-06
-5.03975e-06
-4.99213e-06
-4.94026e-06
-4.88406e-06
-4.82348e-06
-4.75845e-06
-4.68889e-06
-4.6147e-06
-4.53575e-06
-4.45189e-06
-4.36294e-06
-4.26869e-06
-4.16891e-06
-4.06334e-06
-3.95166e-06
-3.83356e-06
-3.70866e-06
-3.57761e-06
-3.44038e-06
-3.29666e-06
-3.1465e-06
-2.98988e-06
-2.82669e-06
-2.65902e-06
-2.48824e-06
-2.31709e-06
-2.14825e-06
-1.98245e-06
-1.81941e-06
-1.65864e-06
-1.50103e-06
-1.34735e-06
-1.19833e-06
-1.0546e-06
-9.16717e-07
-7.85382e-07
-6.61171e-07
-5.44595e-07
-4.36118e-07
-3.3614e-07
-2.4482e-07
-1.62485e-07
-8.93897e-08
-2.57311e-08
2.83362e-08
7.26948e-08
1.07263e-07
1.32002e-07
1.46907e-07
1.51998e-07
1.47963e-07
1.33641e-07
1.08765e-07
7.33675e-08
2.75175e-08
-2.86802e-08
-9.4033e-08
-1.69082e-07
-2.53494e-07
-3.46965e-07
-4.49223e-07
-5.60028e-07
-6.79167e-07
-8.06444e-07
-9.41686e-07
-1.08474e-06
-1.23545e-06
-1.39368e-06
-1.5593e-06
-1.73218e-06
-1.91219e-06
-2.09919e-06
-2.29307e-06
-2.49367e-06
-2.70088e-06
-2.91399e-06
-3.13049e-06
-3.34856e-06
-2.65326e-06
-9.89386e-07
4.83085e-07
1.7783e-06
2.91043e-06
3.89278e-06
4.73778e-06
5.457e-06
6.06127e-06
6.56066e-06
6.96456e-06
7.28168e-06
7.52018e-06
7.68763e-06
7.79108e-06
7.8371e-06
7.83137e-06
7.77997e-06
7.68819e-06
7.56094e-06
7.40276e-06
7.21788e-06
7.00931e-06
6.78153e-06
6.53901e-06
6.28517e-06
6.02311e-06
5.75572e-06
5.48568e-06
5.21554e-06
4.9442e-06
4.67122e-06
4.39619e-06
4.11877e-06
3.83867e-06
3.55568e-06
3.26979e-06
2.98136e-06
2.69065e-06
2.39789e-06
2.10329e-06
1.80705e-06
1.50938e-06
1.21047e-06
9.10534e-07
6.09748e-07
3.0833e-07
8.10325e-09
-2.91655e-07
6.73941e-07
2.18975e-06
3.51139e-06
4.65655e-06
5.6395e-06
6.47496e-06
7.17623e-06
7.75452e-06
8.22031e-06
8.58337e-06
8.85288e-06
9.03737e-06
9.1448e-06
9.18263e-06
9.15776e-06
9.07666e-06
8.94534e-06
8.76937e-06
8.55393e-06
8.30379e-06
8.02335e-06
7.71667e-06
7.38748e-06
7.03972e-06
6.67581e-06
6.30205e-06
5.92223e-06
5.54019e-06
5.15948e-06
4.78339e-06
4.41489e-06
4.05671e-06
3.71129e-06
3.38084e-06
3.06718e-06
2.77176e-06
2.49587e-06
2.24065e-06
1.7215e-06
1.23585e-06
7.90342e-07
3.8054e-07
2.20829e-09
-3.48573e-07
-6.7549e-07
-9.81983e-07
-1.27127e-06
-1.54614e-06
-1.80755e-06
-2.05436e-06
-1.12533e-06
7.37634e-07
2.58411e-06
4.22032e-06
5.661e-06
6.91874e-06
8.00468e-06
8.93247e-06
9.71487e-06
1.03639e-05
1.08907e-05
1.13059e-05
1.16192e-05
1.18399e-05
1.19764e-05
1.20369e-05
1.20288e-05
1.19591e-05
1.18342e-05
1.16603e-05
1.14429e-05
1.11874e-05
1.08985e-05
1.05801e-05
1.02376e-05
9.87537e-06
9.49245e-06
9.0905e-06
8.67177e-06
8.2383e-06
7.792e-06
7.33469e-06
6.86805e-06
6.39371e-06
5.91318e-06
5.42791e-06
4.93926e-06
4.4485e-06
3.95686e-06
3.46545e-06
2.97533e-06
2.48748e-06
2.00279e-06
1.52211e-06
1.0462e-06
5.7577e-07
1.1139e-07
-3.42013e-07
-7.83509e-07
-1.21481e-06
-4.34365e-07
5.53863e-07
1.40135e-06
2.12268e-06
2.73009e-06
3.23464e-06
3.64525e-06
3.97024e-06
4.21737e-06
4.39386e-06
4.50641e-06
4.5613e-06
4.56432e-06
4.52088e-06
4.43597e-06
4.31424e-06
4.15998e-06
3.97716e-06
3.76946e-06
3.54028e-06
3.29273e-06
3.02969e-06
2.75382e-06
2.46816e-06
2.17382e-06
1.87838e-06
1.58458e-06
1.29498e-06
1.01193e-06
7.37192e-07
4.72384e-07
2.19171e-07
-2.09651e-08
-2.46767e-07
-4.57107e-07
-6.51073e-07
-8.2786e-07
-9.86837e-07
-1.12746e-06
-1.2493e-06
-1.35203e-06
-1.43537e-06
-1.49915e-06
-1.54321e-06
-1.56748e-06
-1.5719e-06
-1.55646e-06
-1.52117e-06
-1.47004e-06
-1.40283e-06
2.20509e-08
2.17411e-06
4.15146e-06
5.93215e-06
7.52914e-06
8.95405e-06
1.02175e-05
1.13308e-05
1.23054e-05
1.31521e-05
1.38812e-05
1.45023e-05
1.50245e-05
1.54561e-05
1.58051e-05
1.60792e-05
1.62852e-05
1.64296e-05
1.65185e-05
1.65576e-05
1.65523e-05
1.65063e-05
1.63709e-05
1.61996e-05
1.5992e-05
1.5753e-05
1.54853e-05
1.51901e-05
1.48685e-05
1.45211e-05
1.41486e-05
1.37519e-05
1.33318e-05
1.28893e-05
1.24255e-05
1.19416e-05
1.14387e-05
1.09182e-05
1.03814e-05
9.82919e-06
9.26342e-06
8.68609e-06
8.0992e-06
7.5047e-06
6.90445e-06
6.30029e-06
5.69399e-06
5.08744e-06
