-0.000843774
-0.00194983
-0.00328801
-0.00499802
-0.00684819
-0.00875556
-0.0106001
-0.012415
-0.0141581
-0.0156403
-0.0170146
-0.0182469
-0.0191502
-0.0198873
-0.0204222
-0.020722
-0.020461
-0.0200039
-0.0193352
-0.0184456
-0.0173317
-0.0159949
-0.0144413
-0.0126809
-0.0107275
-0.00859808
-0.0063111
-0.00371339
-0.000956849
0.00180375
0.00455583
0.00730286
0.0100007
0.0126016
0.0150851
0.0174632
0.0197069
0.021732
0.0235944
0.0252812
0.0267826
0.0280997
0.0292258
0.0263747
0.0239689
0.015943
0.011592
-9.31263e-05
-0.00551983
-0.0117136
-0.0150339
-0.0137162
-0.0111206
-0.00864628
-0.00621972
-0.00381035
-0.00143317
0.000921519
0.00327468
0.00561333
0.0078802
0.0100768
0.0122
0.0142452
0.0162063
0.0181253
0.0199888
0.0217154
0.0233283
0.0248419
0.0262659
0.0276079
0.0288745
0.0300723
0.0312072
0.0322856
0.0333144
0.0343276
0.0353227
0.0362526
0.0371574
0.0380541
0.038974
0.0399215
0.0409031
0.0419128
0.0429638
0.0440491
0.0451625
0.0462995
0.0474572
0.0486463
0.0499011
0.0512446
0.0526997
0.0542872
0.0560275
0.0579423
0.060123
0.0625662
0.0721579
0.0927079
0.113236
0.152462
0.182993
0.244709
0.172691
0.563428
-0.253416
0.363014
-0.312452
0.396365
-0.191864
0.558208
0.0257822
0.786717
0.291126
1.04276
0.572105
1.30175
0.850292
1.54882
1.11131
1.77764
1.34971
1.98472
1.56272
2.16948
1.74879
2.33499
1.9603
2.37584
2.10746
2.3571
2.20656
2.30241
2.292
2.2419
2.38839
2.20296
2.53632
2.22719
2.74846
2.33422
3.03699
2.53607
3.40447
2.8262
3.8485
3.1847
4.31028
3.61053
4.6987
3.98475
5.0083
4.29189
5.22981
4.48201
5.34794
4.53411
5.33159
4.4534
5.18146
4.26202
4.93498
3.98416
4.62865
3.65886
4.29569
3.31275
3.95592
2.96623
3.62238
2.64588
3.30829
2.36804
3.01779
2.12966
2.76723
1.93106
2.48471
1.88243
2.26444
1.90317
2.09993
1.95757
1.99272
2.01828
1.93713
2.09918
1.94408
2.24602
2.06939
2.50965
2.32714
2.85771
2.63353
3.27634
3.0341
3.70913
3.37096
4.23067
4.04567
3.9355
3.73521
3.62025
3.57696
3.20474
4.27194
4.32908
3.72559
4.93422
5.09326
4.4235
5.75033
