3.84336e-06
1.63297e-05
3.91874e-05
7.44854e-05
0.000123947
0.000188096
0.000266984
0.000360456
0.000468163
0.000589024
0.000721766
0.00086537
0.00101783
0.00117699
0.00134126
0.0015087
0.00167586
0.00183945
0.00199776
0.00214904
0.00229152
0.00242347
0.00254326
0.00264933
0.00274028
0.00281487
0.00287199
0.00291012
0.00292775
0.0029243
0.00289966
0.00285381
0.00278688
0.00269919
0.00259117
0.00246326
0.00231589
0.00214988
0.00196605
0.00176493
0.00154706
0.00131299
0.00106325
0.000804454
0.000533113
0.000253132
-4.10644e-05
-0.000338629
-0.000638909
-0.000964697
-0.00130678
-0.00166367
-0.002036
-0.00242274
-0.00282286
-0.00323588
-0.00366158
-0.0040999
-0.00455085
-0.00501444
-0.00549066
-0.00597945
-0.00648074
-0.00699443
-0.00752042
-0.00805861
-0.00860895
-0.00917132
-0.00974557
-0.0103316
-0.0109292
-0.0115383
-0.0121589
-0.0127909
-0.0134341
-0.0140885
-0.0147541
-0.0154307
-0.0161185
-0.0168173
-0.017527
-0.0182478
-0.0189796
-0.0197225
-0.0204765
-0.0212418
-0.0220184
-0.0228064
-0.0236054
-0.0244152
-0.0252355
-0.0260658
-0.0269058
-0.0277553
-0.0286145
-0.0294833
-0.0303621
-0.0312511
-0.0321506
-0.033061
-0.0339829
-0.03494
-0.0359333
-0.0369933
-0.0381138
-0.0393359
-0.0405807
-0.042072
-0.0433537
-0.0445252
-0.0456806
-0.0468826
-0.0481898
-0.0496303
-0.0512411
-0.0530297
-0.0550207
-0.0572087
-0.0596102
-0.0622111
-0.0650249
-0.068032
-0.0712421
-0.0746352
-0.0782188
-0.0819744
-0.0859074
-0.090001
-0.0942573
-0.0986644
-0.103254
-0.107914
-0.112716
-0.117554
-0.122504
-0.12747
-0.132546
-0.13764
-0.14286
-0.148123
-0.153559
-0.159092
-0.16485
-0.170771
-0.176977
-0.183416
-0.1902
-0.19728
-0.204758
-0.21258
-0.220815
-0.229439
-0.238427
-0.247769
-0.25742
-0.267373
-0.27757
-0.287987
-0.298577
-0.309296
-0.3201
-0.330945
-0.341786
-0.352597
-0.363338
-0.37399
-0.384532
-0.394954
-0.405249
-0.415409
-0.42544
-0.435335
-0.445103
-0.454751
-0.464278
-0.473704
-0.483013
-0.492231
-0.501341
-0.51037
-0.519254
-0.528137
-0.536897
-0.545678
-0.554346
-0.56303
-0.571614
-0.580202
-0.588711
-0.597232
-0.605715
-0.614257
-0.622848
-0.631588
-0.64048
-0.649596
-0.658919
-0.668517
-0.678379
-0.688553
-0.698992
-0.709782
-0.721005
-0.732033
-0.742863
-0.75348
-0.764008
-0.774264
-0.784995
-0.796501
-0.807639
-0.819171
-0.83161
-0.843684
-0.85617
