0.000116969
0.000184363
0.000234535
0.000264106
0.000253426
0.00022023
0.000180025
0.000138805
9.48228e-05
5.81401e-05
3.01398e-05
3.59102e-06
-2.03059e-05
-4.32746e-05
-6.95539e-05
-9.90454e-05
-0.000125925
-0.00015125
-0.000181641
-0.000216467
-0.000255242
-0.000297565
-0.000343101
-0.000391576
-0.000442764
-0.00049648
-0.000551731
-0.000593957
-0.000616684
-0.000634809
-0.000656541
-0.000674437
-0.000682408
-0.000687458
-0.000695383
-0.000700532
-0.000699394
-0.000693042
-0.000685174
-0.000678901
-0.000673077
-0.000666834
-0.000659516
-5.87926e-05
0.00139797
0.00344365
0.00578021
0.0080138
0.0101098
0.0119314
0.0130994
0.0133415
0.0129811
0.0125024
0.0120382
0.0115893
0.0111559
0.010739
0.0103353
0.00994255
0.00956353
0.00920004
0.00885024
0.00851298
0.00818743
0.00787012
0.00755839
0.00725809
0.00697288
0.00670049
0.00643953
0.00618912
0.00594859
0.00571745
0.00549525
0.00528163
0.00507623
0.00487645
0.00468034
0.00449193
0.00431366
0.00414372
0.00397997
0.00382032
0.00366507
0.00351685
0.00337505
0.00323645
0.0031012
0.00296938
0.00284099
0.00271577
0.00259709
0.00248387
0.00237158
0.00226032
0.00215012
0.00204095
0.00193954
0.00184948
0.00231619
0.00377303
0.00603212
0.00917781
0.0131559
0.0181348
0.0167335
0.0363132
0.00729455
-0.00591294
-0.0109407
-0.00902242
-0.00218
0.00851584
0.0221038
0.037704
0.0548909
0.0729854
0.0917905
0.110811
0.129949
0.148866
0.167502
0.185649
0.203247
0.220198
0.236415
0.25188
0.266474
0.280088
0.292525
0.303316
0.312244
0.319064
0.323646
0.325902
0.325741
0.323216
0.318318
0.311178
0.30192
0.290717
0.277723
0.263079
0.24695
0.229446
0.21073
0.191014
0.170819
0.150469
0.130539
0.111307
0.0931211
0.0761139
0.0606392
0.0470409
0.0357469
0.0271826
0.0217791
0.0199648
0.0217658
0.027223
0.0360998
0.0478552
0.0622507
0.0784177
0.0961586
0.114751
0.134061
0.153558
0.173104
0.192351
0.211236
0.229569
0.247215
0.264117
0.280156
0.295357
0.309636
0.323069
0.335616
0.347368
0.35837
0.368682
0.378497
0.387798
0.397118
0.406291
0.416162
0.429493
0.446465
0.470351
0.500714
0.536256
0.576815
0.615663
0.653591
0.693038
0.73436
0.768262
0.796401
0.838931
0.894275
0.868296
0.840199
0.811948
0.796339
0.75839
0.815984
0.910465
0.863576
0.912013
1.02385
0.983627
1.03163
