0.000577738
0.000715504
0.000824891
0.00101322
0.00100806
0.000962025
0.000803132
0.000736518
0.000661701
0.000497606
0.000447856
0.000398932
0.000300938
0.000255358
0.000201802
0.000140227
-1.03868e-05
-6.79067e-05
-0.000136941
-0.000216633
-0.000306362
-0.00040563
-0.000514044
-0.000631303
-0.000757177
-0.000891501
-0.00103254
-0.00134054
-0.00155985
-0.00163795
-0.00172426
-0.00189683
-0.00205775
-0.00211533
-0.00217879
-0.00230464
-0.00240535
-0.00250002
-0.00253351
-0.00256951
-0.00260594
-0.00264115
-0.00267386
-0.0112684
-0.0150822
-0.019789
-0.019268
-0.0182513
-0.0172074
-0.0141896
-0.0076366
-0.000660467
0.00123565
0.00122581
0.00121057
0.00119202
0.00113997
0.00109111
0.00106843
0.00103837
0.000958238
0.000886454
0.000816809
0.000746027
0.000672364
0.00063668
0.00058945
0.000468419
0.000367805
0.000279099
0.000197803
0.00012152
4.8948e-05
-2.06402e-05
-8.76728e-05
-0.000152421
-0.000215073
-0.000243047
-0.000277987
-0.000365063
-0.00043604
-0.000497978
-0.000522093
-0.00054984
-0.000580308
-0.000651873
-0.000677777
-0.000707466
-0.000740441
-0.00077633
-0.00081486
-0.000856287
-0.000953016
-0.0009885
-0.00103013
-0.00107767
-0.00113096
-0.00119002
-0.00132308
-0.00141834
-0.00942936
-0.0157769
-0.0210314
-0.0285722
-0.0330129
-0.0429903
0.0594111
-0.346652
0.763077
-0.576046
0.644858
-0.676774
0.573951
-0.732662
0.532494
-0.761957
0.509873
-0.775262
0.499972
-0.778528
0.498716
-0.775417
0.5033
-0.768392
0.511826
-0.758989
0.523071
-0.74801
0.536376
-0.733669
0.554349
-0.709445
0.582293
-0.678554
0.615625
-0.644466
0.651498
-0.60996
0.686681
-0.577364
0.718016
-0.549177
0.744554
-0.525314
0.766582
-0.505464
0.784613
-0.49144
0.791677
-0.489873
0.78547
-0.500673
0.770245
-0.518416
0.747645
-0.546571
0.713686
-0.587347
0.66709
-0.640556
0.614245
-0.694428
0.564489
-0.736808
0.526272
-0.762872
0.503687
-0.775472
0.493654
-0.778273
0.493447
-0.774032
0.499217
-0.766008
0.509883
-0.755144
0.523054
-0.742944
0.537059
-0.730662
0.550458
-0.719205
0.561746
-0.709446
0.569146
-0.702576
0.568447
-0.701611
0.557621
-0.752999
0.504305
-0.854243
0.409989
-0.93022
0.336896
-0.906471
0.349653
-0.929528
0.321934
-0.823168
0.404702
-1.03248
0.219141
0.143976
0.248706
0.145009
0.0645139
0.467237
-1.31976
-0.0666089
0.726086
-1.44785
-0.191456
0.752626
-1.46995
