-0.00652898
-0.00652617
-0.00652505
-0.0065269
-0.00617846
-0.00618375
-0.00609756
-0.00586541
-0.00554097
-0.00507922
-0.00450115
-0.00385215
-0.00318119
-0.00249125
-0.00178374
-0.00105902
-0.00042706
-7.15855e-05
0.000101654
0.000162202
0.000106346
-7.07891e-05
-0.00037113
-0.000795365
-0.00134371
-0.0020162
-0.00268868
-0.00343025
-0.00437529
-0.00540416
-0.00650481
-0.00763407
-0.00880708
-0.0100301
-0.0113053
-0.0126336
-0.0140148
-0.0153453
-0.0166306
-0.0178713
-0.0190687
-0.0202214
-0.0213287
-0.0224139
-0.0234768
-0.0245463
-0.0256618
-0.0267251
-0.027742
-0.0288021
-0.0297445
-0.0306265
-0.0313489
-0.0319548
-0.0324491
-0.0329433
-0.0333679
-0.033753
-0.0340991
-0.0344061
-0.0346607
-0.0348467
-0.0349633
-0.0350103
-0.0349872
-0.0348858
-0.0347117
-0.0344676
-0.0341541
-0.0337719
-0.0333219
-0.032805
-0.0322223
-0.0315751
-0.0308648
-0.0300931
-0.0292618
-0.0283728
-0.0274283
-0.0264305
-0.0253812
-0.0242799
-0.0231145
-0.0218964
-0.0206317
-0.0194184
-0.0182406
-0.0171016
-0.0160034
-0.0149476
-0.0139352
-0.0127998
-0.0115526
-0.0102387
-0.00893796
-0.00765781
-0.00640529
-0.00518921
-0.00401587
-0.00288917
-0.00181459
-0.000762442
0.000217206
0.00112667
0.0019688
0.00280167
0.00359628
0.00430376
0.00506503
0.00581969
0.0065793
0.00704987
0.00753645
0.00782326
0.00814388
0.00823065
0.00847411
0.00846601
0.00861695
0.00857702
0.00878732
0.00874205
0.00888221
0.00876125
0.00885436
0.00870278
0.00873937
0.00853804
0.00848166
0.00814538
0.00788784
0.00755662
0.00743212
0.00729765
0.00716836
0.00726447
0.00761671
0.00798377
0.00829916
0.00929975
0.0101566
0.010986
0.0116337
0.012222
0.0125494
0.0126545
0.0125236
0.0125283
0.0124097
0.0122118
0.0118724
0.0114206
0.0109636
0.0105011
0.00902404
0.00753513
0.00657704
0.00586562
0.00577753
0.00576189
0.00570081
0.00549438
0.00523598
0.00473415
0.00469007
0.00465092
0.00468309
0.0048294
0.00512854
0.00538537
0.00572087
0.00606391
0.00622623
0.00586337
0.00566542
0.00448889
0.00330749
0.00218406
0.00104983
-0.000170495
-0.00139329
-0.00317737
-0.00529626
-0.00781551
-0.0101207
-0.0120784
-0.0132583
-0.0137969
-0.0135604
-0.013229
-0.0123066
-0.0112137
-0.00982446
-0.00874953
-0.00730987
-0.00624194
-0.00501978
-0.00410197
-0.0030853
-0.00259333
-0.00218432
-0.000845112
0.00056511
0.0019938
0.00278814
0.00351619
0.003988
0.00445949
0.00398057
0.00351436
0.0030514
0.00250493
0.00148131
0.000209616
-0.00132625
