0
0.000738683
0.000609165
0.000169623
0.0347956
-0.000540065
0.00859574
0.0231925
0.032434
0.0461727
0.0578049
0.0648928
0.0670798
0.0689716
0.0707235
0.0724385
0.0631747
0.0355284
0.0173054
0.00604114
-0.0055995
-0.0177267
-0.0300459
-0.0424334
-0.0548412
-0.0672531
-0.0672713
-0.0741291
-0.0944833
-0.102877
-0.110056
-0.112917
-0.117292
-0.12229
-0.127519
-0.132815
-0.138115
-0.133044
-0.128514
-0.124065
-0.119727
-0.115266
-0.11072
-0.108508
-0.106275
-0.106939
-0.11154
-0.106309
-0.10167
-0.105994
-0.0942375
-0.0882029
-0.0722678
-0.0606451
-0.0494764
-0.0495246
-0.0424837
-0.0385363
-0.0346215
-0.0307194
-0.0254645
-0.0185982
-0.0116596
-0.00468362
0.00231217
0.0101509
0.0174144
0.0244208
0.0313578
0.0382241
0.0450076
0.0516938
0.0582677
0.0647123
0.0710109
0.0771464
0.0831016
0.0888592
0.0944037
0.0997158
0.104867
0.110048
0.116529
0.121811
0.126493
0.121358
0.117811
0.113926
0.109836
0.105604
0.101259
0.113553
0.124743
0.131403
0.130094
0.12803
0.125264
0.121617
0.117359
0.1127
0.107495
0.105272
0.0980662
0.0910766
0.0843767
0.0834891
0.0797236
0.0709566
0.0766618
0.075111
0.0760808
0.0465835
0.0489492
0.0284777
0.0324191
0.00870036
0.0247877
-0.000406404
0.0161223
-0.00298834
0.0231506
-0.00255592
0.0176168
-0.00867916
0.014758
-0.0100633
0.0110958
-0.0132015
0.00418715
-0.0240539
-0.0108439
-0.0183354
0.00510938
0.00200092
0.00314734
0.0243216
0.0421191
0.0451397
0.0332896
0.103256
0.0878994
0.0855472
0.0663774
0.0605996
0.0335464
0.0108876
-0.0131092
0.00227991
-0.0117702
-0.0191916
-0.034024
-0.0583212
-0.0607532
-0.0652836
-0.161078
-0.164973
-0.0972887
-0.0743941
-0.010402
-0.00273583
-0.00649901
-0.020402
-0.0247056
-0.0483662
-0.00461002
-0.0046174
0.0021731
0.0132529
0.0287669
0.0248458
0.0337131
0.0366976
0.0177275
-0.0331246
-0.0176114
-0.121223
-0.122079
-0.111455
-0.114097
-0.122609
-0.123416
-0.179486
-0.213756
-0.253977
-0.231661
-0.196919
-0.119641
-0.0540813
0.0233006
0.0323005
0.0913992
0.108136
0.138169
0.106968
0.143315
0.105777
0.121428
0.0906452
0.0999712
0.0470846
0.0387088
0.130085
0.13742
0.140521
0.0767983
0.0711049
0.0452791
0.0444982
-0.051543
-0.0500256
-0.0489568
-0.057829
-0.10511
-0.130949
-0.155686
