0.00428108
0.00816924
0.0116789
0.0148241
0.0176182
0.0200742
0.0222044
0.0240211
0.0255356
0.0267593
0.0277028
0.0283765
0.0287905
0.0289544
0.0288774
0.0285685
0.0280364
0.0272894
0.0263356
0.0251827
0.0238381
0.0223093
0.0206031
0.0187263
0.0166855
0.0144871
0.0121371
0.00964168
0.0070066
0.00411134
0.00124116
-0.00175432
-0.00486525
-0.0080818
-0.011394
-0.014792
-0.0182658
-0.0218052
-0.0254005
-0.0290418
-0.0327202
-0.0362934
-0.0399245
-0.0435201
-0.047084
-0.0506339
-0.0542052
-0.0578548
-0.0616599
-0.0657145
-0.0693999
-0.0727566
-0.0757964
-0.0785303
-0.0809694
-0.0831237
-0.0850034
-0.0866177
-0.0879756
-0.0890858
-0.0899563
-0.0905946
-0.0910078
-0.0912024
-0.0911843
-0.0909587
-0.0905303
-0.0899028
-0.0890793
-0.0880623
-0.0868534
-0.0854538
-0.0838644
-0.0820856
-0.0801182
-0.0779628
-0.0756203
-0.0730921
-0.0703798
-0.0689275
-0.0648183
-0.0605907
-0.0562431
-0.0517738
-0.0471811
-0.0424627
-0.0376168
-0.0326416
-0.0275362
-0.0223007
-0.0169378
-0.0116326
-0.00621313
-0.000680115
0.00496687
0.0107295
0.0166105
0.0226132
0.0287409
0.0349967
0.0369442
0.0386812
0.0402159
0.0415564
0.0427106
0.0436861
0.0444903
0.0451308
0.0456148
0.0459498
0.046143
0.0462021
0.0461348
0.0459492
0.0456541
0.0452586
0.0447727
0.0442075
0.0435748
0.0428887
0.0421729
0.0414384
0.0406959
0.0399558
0.0392282
0.0385222
0.0378462
0.0372079
0.0366139
0.0362578
0.0312435
0.026254
0.0212945
0.0163707
0.0114876
0.00665023
0.00186318
-0.00286955
-0.00754461
-0.0121594
-0.0167121
-0.0211992
-0.0256157
-0.0299654
-0.0342532
-0.0384851
-0.0426679
-0.0468092
-0.0509169
-0.0549991
-0.057679
-0.057679
-0.057679
-0.057679
-0.057679
-0.057679
-0.057679
-0.057679
-0.057679
-0.057679
-0.057679
-0.057679
-0.057679
-0.057679
-0.057679
-0.057679
-0.057679
-0.057679
-0.057679
-0.057679
-0.057679
-0.057679
-0.057679
-0.057679
-0.057679
-0.057679
-0.057679
-0.057679
-0.057679
-0.057679
-0.05228
-0.0470506
-0.0419803
-0.0370594
-0.0322787
-0.0276297
-0.0231051
-0.0186981
-0.0144031
-0.0102155
-0.00613166
-0.00215721
0.00171119
0.00547777
0.00914665
0.0127218
0.0162072
0.0196066
0.0229235
0.0261617
0.0282873
0.0292352
0.0300559
0.0307548
0.0313372
0.0318084
0.0321735
0.0324377
0.0326064
0.0326848
0.0326785
0.0325933
0.0324353
0.0322114
0.0319345
