-0.00652898
-0.0181303
-0.0068823
-0.00252707
-0.253711
0.249742
-0.0723344
-0.11169
-0.0725876
-0.104586
-0.0887537
-0.0551594
-0.018963
-0.0161546
-0.0144415
-0.0134531
0.0666131
0.199974
0.131968
0.0816699
0.08437
0.08771
0.0887968
0.0888642
0.0884612
0.0878156
-0.00243113
0.0463777
0.142947
0.0553531
0.0454511
0.013073
0.0228562
0.0261391
0.0265378
0.0256929
0.024335
-0.0520433
-0.0494151
-0.0500769
-0.050465
-0.0525056
-0.0542222
-0.0384346
-0.0396377
-0.0197586
0.0076275
-0.0646021
-0.0613089
0.00247331
-0.114837
-0.0742987
-0.146385
-0.115945
-0.113258
-0.0322114
-0.084853
-0.0623513
-0.0624647
-0.0626785
-0.0727209
-0.0845626
-0.0851948
-0.0855046
-0.0856169
-0.0916521
-0.0872837
-0.0851687
-0.0843456
-0.0834442
-0.0823868
-0.0811591
-0.0797562
-0.0781667
-0.076394
-0.0744359
-0.0722945
-0.0699703
-0.0674801
-0.0647967
-0.0625784
-0.0617028
-0.070391
-0.060279
-0.0545845
0.0175967
0.00746215
0.0110364
0.0136023
0.0156838
0.0175168
-0.10177
-0.0924868
-0.0584056
0.000552957
0.0073066
0.0136329
0.0212212
0.0266943
0.0308038
0.0358199
0.0151849
0.0520195
0.0515335
0.0502623
0.00898135
0.0304548
0.0681029
-0.0377009
0.0250348
-0.000316883
0.225334
-0.0112868
0.159512
-0.0209552
0.182913
-0.108346
0.192375
-0.113772
0.148051
-0.187507
0.19622
-0.147803
0.200585
-0.173558
0.19049
-0.158652
0.187149
-0.135269
0.214264
-0.117177
0.0627441
-0.175882
0.0394144
-0.00220399
-0.138497
-0.0780796
-0.0238573
0.136237
-0.503384
0.12623
0.028011
0.154545
0.0561548
0.211601
0.183138
0.186906
-0.117119
0.121876
0.0613948
0.123247
0.305266
0.0524451
0.0679775
0.650517
0.0535198
-0.502769
-0.171106
-0.478322
-0.0573633
0.0271657
0.0977128
0.0317782
0.167753
-0.302581
0.00657174
-0.0436919
-0.0758453
-0.11038
0.0295845
-0.0659158
-0.0336962
0.149858
0.358311
-0.103497
0.772858
0.0163102
-0.111332
0.0298942
0.0613106
0.00719191
0.401093
0.245994
0.283356
-0.174989
-0.263446
-0.566917
-0.498397
-0.573509
-0.0669663
-0.442599
-0.128318
-0.230431
0.21629
-0.27198
0.269131
-0.120157
0.220488
-0.0720039
0.382099
0.0579769
-0.621466
-0.0390224
-0.0366339
0.463626
0.0383168
0.187687
0.0080665
0.694152
-0.0232083
-0.0177866
0.0630738
0.334503
0.202889
0.168231
