-0.000332228
-0.00041143
-0.000474053
-0.00058036
-0.000614327
-0.00062037
-0.000620245
-0.000611189
-0.00059199
-0.000523983
-0.000488126
-0.00043735
-0.000316117
-0.000253643
-0.000177487
-8.90669e-05
0.000121342
0.000192457
0.000266686
0.000341684
0.000415472
0.000486339
0.000552848
0.000613814
0.000668257
0.000715362
0.000757358
0.000837665
0.00087798
0.000885648
0.000888717
0.000888032
0.000878555
0.000865732
0.000848015
0.000836162
0.000819284
0.00077681
0.000761667
0.000745601
0.000729696
0.000714763
0.000701388
0.00030524
0.00126916
0.000237941
0.00195517
-0.000615055
0.00196363
0.00133558
0.000907509
0.000709871
0.000595233
0.000532121
0.00050168
0.000487748
0.000483244
0.000484493
0.000485789
0.00048718
0.000489538
0.000490659
0.00049102
0.000491025
0.000490714
0.000490549
0.000490569
0.000491045
0.000491457
0.000491835
0.000492178
0.000492492
0.000492784
0.000493121
0.000493371
0.000493646
0.000493952
0.000493978
0.000494122
0.000494871
0.000495515
0.000496323
0.000497152
0.000498913
0.000501647
0.000505116
0.000502912
0.00049523
0.000481887
0.000462939
0.000438618
0.000416689
0.000399216
0.000392473
0.000389921
0.000389807
0.000390812
0.000392554
0.00039767
0.000402629
-6.28601e-05
0.00159515
-0.000721791
0.00343842
-0.00203601
0.00609121
-0.0030969
0.00646399
0.00124428
0.00118331
0.00121282
0.00124079
0.00124672
0.00126179
0.00123093
0.00125059
0.00125314
0.00127773
0.00126098
0.00131382
0.00134375
0.00139378
0.00141702
0.00150942
0.00156
0.00171515
0.00174359
0.00190204
0.00190172
0.0020611
0.00205607
0.00220782
0.0021923
0.00240811
0.0024396
0.00265229
0.00279358
0.00317963
0.00332861
0.00377924
0.00409983
0.00441093
0.00473468
0.00498093
0.00520556
0.00542362
0.00560582
0.0056668
0.00576899
0.00578386
0.00588419
0.00580978
0.00579652
0.00567358
0.00545726
0.00519743
0.00503406
0.00487533
0.00490707
0.00481857
0.00471243
0.00476027
0.00458631
0.00460709
0.00441546
0.00449237
0.00435602
0.00443916
0.00431737
0.00452958
0.0043389
0.0044563
0.00431134
0.00423413
0.00393273
0.0037668
0.00330745
0.00289451
0.00248349
0.00206299
0.00165513
0.00118899
0.0006796
-0.000137962
-0.000660929
-0.00148717
-0.0018037
-0.00212548
-0.00229628
-0.00227242
-0.00240557
-0.00199579
-0.00201834
-0.00123081
-0.00145186
0.000136225
-0.000499553
-0.000233456
-0.000669129
0.00276901
0.0010276
-0.00107081
-0.00105064
0.00137089
-0.000170375
0.000115087
0.00167813
-0.00070648
0.00122953
0.000545576
-0.000621262
-0.000661463
-0.000927104
-0.00127075
-0.00170354
