0
0.0194205
0.00868203
0.00802301
0.00695824
-0.0112834
-0.0144788
0.000808841
-0.0094961
0.0153756
0.0166428
0.0421144
0.0342048
0.0287171
0.0249406
0.022685
0.0212703
0.0203244
0.0196399
0.0191017
0.0186459
0.0182369
0.0178545
0.0174872
0.0169951
0.0167985
0.0160427
0.0161474
0.0154274
0.0154763
0.012307
0.0123775
0.0124334
0.0124672
0.0124788
0.012469
0.0124389
0.0138691
0.0136637
0.0134422
0.013215
0.0129851
0.012755
0.0125254
0.0122973
0.0120709
0.0118468
0.0116252
0.0114064
0.0111909
0.0109788
0.0107708
0.0105671
0.0103682
0.0101758
0.00998771
0.00980467
0.00962995
0.00946117
0.00929842
0.00913485
0.0089771
0.00882666
0.00868465
0.00855187
0.00836697
0.00827116
0.00818716
0.00811325
0.00804828
0.00799141
0.0223423
0.0391798
0.0514334
0.0631515
0.0612455
0.0569459
0.053777
0.0513
0.0492663
0.047531
0.0460083
0.044648
0.0434187
0.0422996
0.0412767
0.040341
0.0394829
0.0386481
0.036709
0.0362449
0.0357779
0.0352775
0.0348163
0.0343912
0.0339993
0.0336382
0.0333055
0.0329991
0.0327169
0.0324565
0.0322167
0.0319978
0.0317981
0.0316131
0.0314582
0.0313039
0.0311635
0.0310356
0.0308222
0.0258284
0.0243939
0.0241522
0.0239461
0.0237629
0.0235953
0.0234389
0.0232908
0.0231489
0.0230112
0.0228763
-0.00167209
0.00526766
0.00341357
0.00214462
0.00120714
0.000453123
-0.000202783
-0.000809533
-0.00139534
-0.00197695
-0.00402523
-0.00382757
-0.00356766
-0.00327288
-0.00295584
-0.00262197
-0.00317891
0.000954046
0.00193174
0.00283295
-0.0261337
-0.0403063
-0.0543203
-0.0654941
-0.0765862
-0.0878314
-0.0985702
-0.109619
-0.114134
-0.104015
-0.0939326
-0.0836962
-0.0732304
-0.069409
-0.0676473
-0.065736
-0.059385
-0.00111912
-0.00188965
-0.000384532
-0.00034371
-0.000309118
-0.00026368
-0.000194385
-8.83874e-05
6.7144e-05
0.000284717
0.000213249
-0.000286808
-0.000765097
-0.00121967
-0.00164974
-0.00205575
-0.00243812
-0.00279728
-0.00313371
-0.00344792
-0.00374041
-0.00401174
-0.00426245
-0.00449311
-0.00470423
-0.00489638
-0.00721239
-0.0105689
-0.00898417
-0.00812098
-0.00731475
-0.00611687
-0.00483748
-0.00193504
-0.000154307
0.000944992
0.00171218
0.00227754
0.00271463
0.00306398
0.00334768
0.00243642
0.00275792
0.0029338
-0.00173241
-0.00692611
-0.00697384
-0.00695387
-0.0069286
-0.0068978
-0.00686482
-0.00682831
-0.00678882
0.0297349
0.0608969
0.0874982
0.111661
0.111124
0.0920436
0.0719432
0.0635881
0.0564325
0.05013
0.0444897
0.0393896
0.0347456
0.0304956
0.0265903
0.0229884
0.0196536
0.0165512
0.0136384
0.0120825
0.00296664
0.00180573
0.00107672
-0.00381878
-0.00498922
-0.00497102
-0.0048514
-0.00472447
-0.00460469
-0.00448763
-0.00437312
-0.00426102
-0.00415127
-0.0040438
-0.00393855
-0.00383547
-0.00373449
-0.00363559
-0.00353872
-0.00368927
-0.00394845
-0.00416178
-0.00433215
-0.00446204
-0.00455354
-0.00460834
-0.00462767
-0.0046121
-0.00456135
-0.0026673
-0.00260105
-0.00253379
-0.00247216
-0.00136723
-0.000500461
0.000306263
-0.00226775
-0.00223374
-0.00218954
-0.00217718
-0.0021602
-0.00207171
-0.002044
-0.00201655
-0.00199141
-0.00196855
-0.00195029
-0.00193246
-0.00165434
-0.000417364
-0.0448022
-0.084392
-0.1199
-0.149918
-0.176006
-0.172299
-0.141092
-0.1228
-0.10801
-0.0957689
-0.0857474
-0.0768049
-0.0678026
-0.0461946
-0.0232596
-0.00217448
-0.00213758
-0.00212688
-0.0021125
-0.00210088
-0.00208874
-0.00207644
-0.00206408
-0.00205171
-0.00203938
-0.00202715
-0.00201502
-0.00200301
-0.00199113
-0.00197942
-0.00196781
-0.00195632
-0.00194491
-0.00193359
-0.00192233
-0.0019111
-0.00189987
-0.00188859
-0.00187163
-0.00184444
-0.00153645
-0.00123101
-0.000921484
-0.00060049
-0.000259109
0.000114839
0.00054171
0.0010745
0.00131159
-0.00198219
-0.00168981
-0.00168601
-0.00167322
-0.00166008
-0.00164669
-0.00163286
-0.00161843
-0.00160325
-0.00158725
-0.00157032
-0.00155237
-0.00153329
-0.00151302
-0.00149144
-0.00146848
-0.00144402
-0.00141796
-0.00139021
-0.00136065
-0.00132917
0.0304345
0.0636434
0.0854291
0.0922079
0.120102
0.136468
0.143345
0.125882
0.137892
0.156475
0.174885
0.192849
0.204222
0.20257
0.19541
0.178206
0.162187
0.153697
0.14687
0.141263
0.136135
0.12948
0.125756
0.123089
0.119826
0.11791
0.116255
0.114828
0.113604
0.113035
0.0836565
0.0744443
0.0709004
0.0679872
0.0641677
0.0587743
0.0515319
0.0423496
0.0311446
0.0185121
0.00792183
0.00415516
0.00327969
0.00331436
0.00334694
0.00337104
0.00338717
0.00339582
0.00339742
0.00339238
0.00337399
0.00337995
0.00334973
0.00331626
0.00327461
0.00323353
0.00318861
0.00314017
0.00308827
0.00303044
0.00297256
0.00291266
0.00285059
0.00278683
0.00272165
0.0026553
0.00258803
0.00252005
0.00245159
0.00238283
-0.0253675
-0.054405
-0.0731556
-0.0773838
-0.102268
-0.11631
-0.132058
-0.134369
-0.144373
-0.155589
-0.167412
-0.179869
-0.192918
-0.174054
-0.181232
-0.184277
-0.186405
-0.187982
-0.182593
-0.17587
-0.172333
-0.167776
-0.164045
-0.161542
-0.139922
-0.108508
-0.104562
-0.101524
-0.0988969
-0.0915285
-0.0703739
-0.0571782
-0.0494764
-0.041411
-0.0329045
-0.0239642
-0.0146165
-0.00490863
0.00250752
0.00249845
0.00243675
0.00236459
0.00228888
0.00220375
0.0021143
0.00202193
0.0019278
0.00183299
0.00173847
0.00164512
0.00156271
0.000342203
0.00111189
0.00112921
0.00108193
0.000953862
-0.000180196
-0.00120442
-0.00212347
-0.00285913
-0.00215776
-0.000937605
-0.000503846
-0.000145581
0.000150686
0.000389836
0.00042162
0.000462466
0.000536128
0.000607217
0.00893016
0.0210864
0.0307106
0.0399339
0.0293301
0.0165803
0.00527316
0.00112979
0.00113903
0.00115219
0.00116427
0.0011754
0.00118571
0.00119531
0.00120429
0.00121276
0.0012208
0.00122847
0.00123586
0.00124304
0.00125007
0.00125679
0.00126303
0.00126867
0.00127355
0.00127757
0.00128061
0.00128257
0.00128336
0.00128344
0.00128212
0.00127936
0.00127512
0.00126937
0.00126208
0.00125324
0.00124286
0.00123096
0.00121755
0.00120266
0.00118636
0.00116894
0.0011507
0.00113199
0.00111332
0.00109407
0.0010749
0.00105599
0.00103748
0.00101952
0.00100196
0.00098704
0.000970988
0.000955853
0.000941619
0.000928256
0.000915736
0.000904025
0.00089294
0.000882413
0.000872046
0.000862779
0.000854305
0.00100828
0.00120357
0.000628086
0.000212263
-0.000101482
-0.000296739
-0.000281536
-0.0363725
-0.068324
-0.0950636
-0.118633
-0.129193
-0.120946
-0.100883
-0.0881752
-0.0765797
-0.0652358
-0.053993
-0.0400394
-0.0217807
-0.000982768
0.000989415
0.000996309
0.00100089
0.00100574
0.00101061
0.0010156
0.00102019
0.00102485
0.00102938
0.00103377
0.00103799
0.00104203
0.00104587
0.00104953
0.00105299
0.0010563
0.00105971
0.0010624
0.00106513
0.00106776
0.00107014
0.00107227
0.00107417
0.00107585
0.00107733
0.00107861
0.00107972
0.00108069
0.00108153
0.00108228
0.00108295
0.00108355
0.00108409
0.00108458
0.00108502
0.0010854
0.00108648
0.00121088
0.000477561
0.00140409
0.00213521
0.002743
0.000966679
0.000944289
0.000928624
0.000919052
0.000909396
0.000898163
0.000885287
0.000870794
0.000854734
0.000837149
0.000818059
0.000797423
0.000786148
0.000764844
0.0338396
0.0678866
0.07597
0.077974
0.0886089
0.0990094
0.110121
0.121774
0.133797
0.134931
0.124585
0.0760425
0.0630481
0.0500168
0.0475007
0.0457709
0.0440846
0.0426637
0.0413131
0.0400529
0.0388897
0.0378233
0.03685
0.0359645
0.0351611
0.0344342
0.0337783
0.0331881
0.032705
0.0016675
0.00130488
0.000999979
0.000696296
0.000384209
-1.97079e-05
-0.000559204
-0.000558652
-0.000555384
-0.000553157
-0.000551931
-0.000551672
-0.000552332
-0.000553862
-0.000556232
-0.000559406
-0.000563355
-0.00834773
-0.00308164
0.0030131
0.00953458
0.009735
0.00377721
0.00151579
-0.000566933
-0.00103758
-0.00170358
-0.00206711
-0.00236931
-0.00248649
-0.00260988
-0.00267118
-0.00268526
-0.00265602
-0.00258522
-0.000772558
0.000110368
8.32822e-05
5.63252e-05
3.40533e-05
1.80294e-05
-0.0399418
-0.0750508
-0.105431
-0.130823
-0.155298
-0.169033
-0.140031
-0.107156
-0.0775844
-0.0504494
-0.030066
-0.0124672
8.1612e-05
-0.000442496
-0.000447192
0.00341979
0.00692774
0.0101193
0.013032
0.0156994
0.0181531
0.0204299
0.0214749
0.0218604
0.023027
0.0237187
0.0243226
0.0248429
0.0252847
0.0256546
0.0259789
0.0262049
0.0265881
0.00188752
0.0017755
0.00173805
0.00177968
0.00184334
0.00190384
0.00196168
0.00201722
0.00207079
0.0021227
0.00217323
0.00222261
0.00227109
0.00231883
0.00236604
0.000901663
0.00214802
0.00387185
0.00241049
0.00534608
0.00719839
0.00843786
0.00931762
0.00997997
0.0105043
0.0109356
0.0112991
0.0116065
0.011374
0.0115754
0.0117624
0.0119053
0.0073738
0.00578686
0.00600418
0.00618426
0.00300395
0.0435629
0.0794639
0.109045
0.135232
0.110894
0.0937481
0.081407
0.0700732
0.0557397
0.0387159
0.0196438
0.00151852
-0.000562244
-0.000440918
0.00134422
0.00146493
0.00145671
0.00144624
0.00143404
0.00142022
0.00140488
0.00138813
0.00137005
0.00135076
0.00133033
0.00130885
0.00128638
0.00126301
0.00123879
0.00121373
0.00118795
0.00116151
0.00113443
0.00110676
0.00107849
0.0010496
0.00102003
0.000653296
0.000229369
0.000308859
0.0003763
0.000469944
0.000587015
0.000351399
0.000713598
0.000796736
0.000894553
0.00100603
0.000555842
0.000498394
0.000439715
0.000386993
0.000323668
0.00062537
-0.00085089
-0.00550256
-0.00324464
-0.00169194
-0.000511637
0.000446627
0.0012723
8.7165e-05
-0.000863953
-0.00167154
-0.00216434
-0.00246787
-0.00264369
-0.000389502
-0.000186541
-0.000209058
-0.0401997
-0.0754728
-0.105599
-0.130095
-0.152739
-0.168067
-0.138676
-0.116432
-0.0975225
-0.0801341
-0.0634248
-0.0469958
-0.0306328
-0.0142208
8.08309e-05
-0.000406954
-0.000855737
-0.00077128
-0.000690844
-0.000612248
-0.000534601
-0.000458109
-0.000382679
-0.000308161
-0.000234373
-0.000161113
-8.8158e-05
-1.52951e-05
5.77165e-05
0.000130938
0.000204414
0.000278847
0.000892304
0.00145122
0.00196691
0.00246083
0.00309379
0.00303943
0.00305534
0.00305234
0.00303141
0.00299314
0.00293811
0.00286698
0.00228152
0.00226548
0.00218406
0.0020812
0.00195837
0.00181714
0.000818158
-0.00474988
-0.0037012
-0.0016744
-0.000281895
0.000741985
0.00154326
0.00220389
0.0027706
0.00326991
0.00371382
0.0041076
0.00445488
0.00475721
0.00469027
0.00439799
0.00137628
0.00136777
0.00136048
0.00135127
0.041937
0.0780003
0.107718
0.132945
0.121995
0.103462
0.0884957
0.0743203
0.0581704
0.0398055
0.0197825
0.000951525
0.000874974
0.000861668
0.000846842
0.000830298
0.000812094
0.000792275
0.000770893
0.000748259
0.000724444
0.000696493
0.00047324
-0.000888185
-0.00212786
-0.00325782
-0.00428904
-0.00523215
-0.0060986
-0.00690587
-0.00775189
-0.00791355
-0.0081674
-0.00837061
-0.00852365
-0.00874257
-0.00892926
-0.00909685
-0.00391338
-0.00129615
-0.00145691
-0.00158887
-0.00169446
-0.00177595
-0.00183557
-0.00187554
-0.00189806
-0.00194218
-0.00197847
0.00117952
0.000722108
0.0122128
0.00844723
0.00589552
0.00432293
0.00331763
0.0026476
0.00218271
0.00184921
0.00160538
0.00143049
0.00118719
0.00108707
0.00105453
0.0010723
0.00113542
0.00124385
0.000702775
0.000808148
0.00101095
-0.0378868
-0.0716269
-0.10129
-0.127161
-0.150802
-0.165949
-0.139047
-0.116001
-0.0963142
-0.0834968
-0.0733856
-0.063938
-0.0547755
-0.0457248
-0.0366847
-0.018892
-0.00399711
-0.00222114
-0.00206314
