0.0698132
0.0764299
0.0815276
0.0829173
0.0834882
0.0828594
0.0811049
0.0782002
0.0746801
0.0714677
0.0681525
0.0649913
0.0619201
0.0589606
0.056107
0.0533517
0.0506856
0.0480995
0.0455846
0.0431324
0.0407347
0.0383838
0.0360724
0.0337937
0.031542
0.0293096
0.0270939
0.0248848
0.0226811
0.0204736
0.0182619
0.0160376
0.0137957
0.0115313
0.00923956
0.00691519
0.00455143
0.00235371
0.000286494
-0.00165384
-0.00347071
-0.00516733
-0.00674666
-0.00821137
-0.00956388
-0.0108064
-0.0119407
-0.0129688
-0.013892
-0.0147117
-0.0154291
-0.0160451
-0.0165606
-0.016976
-0.0172919
-0.0175087
-0.0176327
-0.0176638
-0.0176017
-0.0174478
-0.0172017
-0.0168628
-0.0164304
-0.0159038
-0.015282
-0.0145638
-0.0137482
-0.0128338
-0.0118192
-0.0107029
-0.00948299
-0.0077581
-0.00612603
-0.00459363
-0.00299036
-0.00150748
-0.000118642
0.00119326
0.00243694
0.00361729
0.00473747
0.00579987
0.0068065
0.00775921
0.00865974
0.00950979
0.010311
0.0110651
0.0117301
0.01231
0.0128079
0.0132267
0.0135702
0.0138395
0.0140357
0.0141597
0.0142124
0.0141943
0.0141061
0.0139481
0.0137207
0.0134237
0.0130572
0.0126205
0.012112
0.0115329
0.0108845
0.0101665
0.00937816
0.00857724
0.00765245
0.00686449
0.00613528
0.00544487
0.00478225
0.00414124
0.00351833
0.00291151
0.00231958
0.00174186
0.00117796
3.51328e-05
-0.000774239
-0.00169982
-0.00271996
-0.00382319
-0.00500349
-0.00625785
-0.00758488
-0.00898428
-0.0104568
-0.0119434
-0.013346
-0.0146638
-0.0158964
-0.0170435
-0.0181048
-0.0191234
-0.0202065
-0.0212014
-0.0220479
-0.0219353
-0.0218417
-0.0218606
-0.0219609
-0.0221618
-0.0224486
-0.0226069
-0.0226381
-0.0225657
-0.0228798
-0.023679
-0.0249973
-0.0268396
-0.0288695
-0.030899
-0.0328752
-0.0343809
-0.035451
-0.036019
-0.0363273
-0.0363794
-0.0361967
-0.0357924
-0.0351747
-0.0343481
-0.0333146
-0.0320745
-0.0307644
-0.0295414
-0.0284162
-0.0273745
-0.0264098
-0.0255167
-0.0246899
-0.0239248
-0.0232168
-0.022562
-0.0219566
-0.0213969
-0.0208798
-0.0204022
-0.0199613
-0.0195545
-0.0195873
-0.0194297
-0.0192843
-0.0191405
-0.0189925
-0.0188372
-0.0187065
-0.0186943
-0.0187761
-0.0189014
-0.0190408
-0.0191765
-0.0192974
-0.0193962
-0.0194676
-0.0195079
-0.0195146
-0.0194898
-0.0194327
-0.0193551
-0.0192838
-0.0192193
-0.019161
-0.0191085
-0.0190615
-0.0190184
-0.0189777
-0.018875
-0.0187965
-0.018763
-0.018683
-0.0185721
-0.0184667
-0.0183291
-0.0181581
-0.0179511
-0.0177051
-0.0174172
-0.0170847
-0.016705
-0.0162751
-0.0157922
-0.015253
-0.014654
-0.013991
-0.0132577
-0.0125727
-0.0120171
-0.0115254
-0.0111976
-0.0110084
-0.0109425
-0.0109562
-0.0110312
-0.0111058
-0.01118
-0.0112536
-0.0113265
-0.0113989
-0.0114709
-0.0115427
-0.0116143
-0.0116859
-0.0117575
-0.0118292
-0.0119012
-0.0119735
-0.0120464
-0.0121222
-0.0122033
-0.0122923
-0.0123916
-0.0125042
-0.0126329
-0.0127811
-0.0129528
-0.0131515
-0.0133581
-0.0135666
-0.0136348
-0.013712
-0.0138182
-0.0139807
-0.0140108
-0.0140398
-0.0140685
-0.0140986
-0.0141651
-0.0141908
-0.0142161
-0.0142414
-0.0142667
-0.014292
-0.0143171
-0.0143451
-0.0146652
-0.0148682
-0.0149612
-0.0150421
-0.0151443
-0.0151654
-0.0151741
-0.0151942
-0.0153796
-0.0156351
-0.0158995
-0.0161279
-0.0162867
-0.0163497
-0.0162965
-0.016239
-0.0161869
-0.0161398
-0.0160978
-0.0160603
-0.0160343
-0.0160122
-0.0159936
-0.0159783
-0.015966
-0.0159565
-0.0159495
-0.0159449
-0.0159425
-0.0159421
-0.0159436
-0.0159467
-0.0159514
-0.0159576
-0.015965
-0.0159737
-0.0159835
-0.0159943
-0.0160061
-0.0160187
-0.0160321
-0.0160435
-0.0160489
-0.0160439
-0.0160237
-0.015983
-0.0159159
-0.0158151
-0.0156713
-0.0154685
-0.0152799
-0.0152288
-0.0152426
-0.0152702
-0.015298
-0.0153261
-0.0153543
-0.0153828
-0.0154116
-0.0154407
-0.0154702
-0.0155001
-0.0155305
-0.0155613
-0.0155926
-0.0156244
-0.0156568
-0.0156898
-0.0157234
-0.0157577
-0.0157926
-0.0158282
-0.0149975
-0.0133077
-0.0108231
-0.00762249
-0.00356872
0.00126566
0.00589844
0.0104869
0.0150733
0.019647
0.0242056
0.0287508
0.0332889
0.0346534
0.0328693
0.0301388
0.0275101
0.0251291
0.0227963
0.0204957
0.0182355
0.0160139
0.01386
0.0117903
0.00975018
0.0077188
0.00568923
0.00365453
0.00160771
-0.000428646
-0.00267205
-0.00483515
-0.00683565
-0.00863646
-0.0102199
-0.0115773
-0.012704
-0.0135973
-0.0142532
-0.0146593
-0.0149225
-0.0151497
-0.0153609
-0.0155575
-0.0157404
-0.0159106
-0.016069
-0.0162164
-0.0163537
-0.0164815
-0.0166005
-0.0167115
-0.0168146
-0.0169105
-0.0169998
-0.0170831
-0.0171597
-0.0172303
-0.0172951
-0.0173545
-0.0174106
-0.017462
-0.0175089
-0.0175516
-0.0175903
-0.0176251
-0.0176564
-0.0176842
-0.0177087
-0.0177302
-0.0168234
-0.0149931
-0.0123089
-0.00886481
-0.00451904
0.000655749
0.00666438
0.0125514
0.0185227
0.0245896
0.0307369
0.03696
0.0432603
0.0494387
0.053424
0.0543802
0.0527755
0.0490218
0.0446621
0.0407811
0.0374469
0.0342425
0.0311711
0.0281407
0.0251252
0.0225647
0.0201972
0.0179595
0.0158159
0.0137388
0.0116997
0.00978051
0.00799853
0.00634409
0.00480788
0.00338125
0.00205616
0.000825125
-0.000318785
-0.00138191
-0.00237019
-0.00329262
-0.00417691
-0.00502814
-0.00585071
-0.00664866
-0.00742579
-0.00818559
-0.00893136
-0.00966619
-0.0103935
-0.0111253
-0.0118627
-0.0126078
-0.0133643
-0.0140612
-0.0147677
-0.0153246
-0.0157432
-0.0160357
-0.016279
-0.0164633
-0.0165978
-0.0166749
-0.0166876
-0.0166286
-0.0165649
-0.0166874
-0.0168026
-0.0169104
-0.0169074
-0.0168944
-0.0169261
-0.0169437
-0.0170703
-0.0172261
-0.0173503
-0.0174515
-0.017546
-0.0176344
-0.0177171
-0.0177946
-0.0178672
-0.0179353
-0.0179992
-0.0180593
-0.0181157
-0.0181689
-0.0182189
-0.0182661
-0.0183107
-0.0183528
-0.0183926
-0.0184303
-0.0184661
-0.0185
-0.0185323
-0.018563
-0.0185923
-0.0186203
-0.0186471
-0.0186726
-0.0186972
-0.0187207
-0.0187434
-0.0187652
-0.0187863
-0.0188066
-0.0188263
-0.0188454
-0.0188638
-0.0188818
-0.0188993
-0.0189163
-0.0189329
-0.0189491
-0.0189649
-0.0189804
-0.0189956
-0.0190105
-0.0190252
-0.0190393
-0.0190531
-0.0190665
-0.0190795
-0.0190921
-0.0191043
-0.019116
-0.0191274
-0.0191384
-0.0191488
-0.0191716
-0.0191855
-0.019191
-0.0191745
-0.0190895
-0.0190427
-0.0190104
-0.018966
-0.0188659
-0.0185963
-0.0183277
-0.0181234
-0.017933
-0.0169842
-0.0166184
-0.0166741
-0.0167742
-0.0168643
-0.0169398
-0.0170088
-0.0170721
-0.0171307
-0.0171855
-0.0172371
-0.0172859
-0.0173321
-0.0173759
-0.0174174
-0.0174569
-0.0174943
-0.01753
-0.017564
-0.0175965
-0.0176276
-0.0176573
-0.0176857
-0.0177131
-0.0177394
-0.0177647
-0.0177892
-0.0178128
-0.0178356
-0.0178578
-0.0178792
-0.0179
-0.0179202
-0.0179399
-0.017959
-0.0179776
-0.0179958
-0.0180136
-0.018031
-0.0180481
-0.0180648
-0.0180813
-0.0180974
-0.0181133
-0.018129
-0.0181444
-0.0181597
-0.0184186
-0.0185634
-0.0187175
-0.0188568
-0.0189666
-0.0190396
-0.0190687
-0.0190933
-0.019119
-0.0191455
-0.0191725
-0.0191998
-0.0192273
-0.0192549
-0.0192825
-0.01931
-0.0193374
-0.0193653
-0.0193933
-0.0185581
-0.0168825
-0.0152644
-0.0136698
-0.0121745
-0.010779
-0.00948553
-0.00829551
-0.00720018
-0.00722419
-0.00764664
-0.00834267
-0.00908966
-0.00980029
-0.0103307
-0.0108116
-0.0112821
-0.0117463
-0.0122196
-0.0127107
-0.0132246
-0.0137648
-0.0143337
-0.0149332
-0.0155651
-0.0162316
-0.016935
-0.0176796
-0.0184436
-0.0194328
-0.0203406
-0.0210985
-0.0216728
-0.0220467
-0.0222056
-0.022152
-0.0221021
-0.0220563
-0.0220142
-0.0219756
-0.0219402
-0.0219077
-0.0218778
-0.0218505
-0.0218254
-0.0218024
-0.0224101
-0.0229717
-0.0233182
-0.0234437
-0.0235478
-0.0238492
-0.0242332
-0.0246834
-0.0251521
-0.0256103
-0.026039
-0.0264281
-0.0267717
-0.0270655
-0.0273117
-0.0275075
-0.0276504
-0.0277381
-0.0277692
-0.0277411
-0.027689
-0.0276299
-0.0275644
-0.0274925
-0.0273527
-0.0272383
-0.0271575
-0.0270459
-0.0268795
-0.0266878
-0.0267561
-0.0269671
-0.0272034
-0.0273763
-0.0274457
-0.027401
-0.0272341
-0.0269355
-0.0265664
-0.0261493
-0.0256926
-0.0251985
-0.024666
-0.0240917
-0.0234702
-0.0227915
-0.0221638
-0.0216916
-0.0212808
-0.0209429
-0.0206797
-0.0204916
-0.0203784
-0.0203393
-0.0203694
-0.0204704
-0.0205974
-0.0208833
-0.0210691
-0.0211123
-0.0210591
-0.0210103
-0.020966
-0.0209261
-0.0208901
-0.0208578
-0.0208289
-0.0208034
-0.0207808
-0.0207611
-0.0207441
-0.0207296
-0.0213294
-0.021748
-0.0221531
-0.022413
-0.0227984
-0.023238
-0.0236916
-0.0241361
-0.0245581
-0.0249493
-0.0253041
-0.0256186
-0.0258897
-0.0261149
-0.0262918
-0.0264227
-0.0265053
-0.02654
-0.0265388
-0.0265228
-0.0264884
-0.0264377
-0.0263011
-0.0261739
-0.026054
-0.0259216
-0.0259713
-0.0260412
-0.0260926
-0.0261395
-0.0261814
-0.0262181
-0.0262489
-0.0262735
-0.0262918
-0.0263038
-0.0263062
-0.0262985
-0.0262806
-0.0262525
-0.0262138
-0.0261645
-0.0261043
-0.0260329
-0.02595
-0.0258553
-0.0257484
-0.0256289
-0.0254965
-0.0253507
-0.0251909
-0.0250167
-0.0248275
-0.0246226
-0.0244015
-0.0241633
-0.0239073
-0.0236324
-0.0233376
-0.0230123
-0.022631
-0.0223131
-0.0220536
-0.0218516
-0.0217062
-0.0215749
-0.021546
-0.0215718
-0.0216512
-0.021783
-0.0219663
-0.0221895
-0.0224182
-0.0226538
-0.0228965
-0.0231306
-0.0238945
-0.0247418
-0.0254424
-0.0260212
-0.026492
-0.026863
-0.0271388
-0.0274093
-0.0276772
-0.0279252
-0.0281402
-0.0283139
-0.0284407
-0.0285186
-0.0285495
-0.0285794
-0.0285279
-0.0284906
-0.0285041
-0.0285196
-0.0285354
-0.0285916
-0.0288626
-0.0292298
-0.0296319
-0.0300255
-0.0303784
-0.0306656
-0.0308674
-0.0309679
-0.0309537
-0.0308119
-0.0305634
-0.0303107
-0.0300582
-0.029803
-0.0295442
-0.029281
-0.0290125
-0.028738
-0.0284565
-0.0281674
-0.0278698
-0.0275631
-0.0272465
-0.0269182
-0.0265743
-0.0262107
-0.0258234
-0.0254071
-0.0249549
-0.0244563
-0.0238666
-0.0233665
-0.0229345
-0.0225698
-0.0222712
-0.0220379
-0.0218688
-0.0217628
-0.0217186
-0.0217261
-0.0217824
-0.0218888
-0.0220468
-0.0222579
-0.0230872
-0.0235554
-0.0240152
-0.0245221
-0.0250381
-0.0255416
-0.0260197
-0.0264645
-0.0268709
-0.0272351
-0.0275542
-0.0278254
-0.0280462
-0.0282141
-0.0283269
-0.0283836
-0.0283886
-0.0283874
-0.0283836
-0.0283743
-0.0282728
-0.0281762
-0.02809
-0.0279862
-0.0279843
-0.0280053
-0.0280028
-0.0279941
-0.0279786
-0.0279557
-0.0279247
-0.0278849
-0.0278362
-0.0277787
-0.0277126
-0.027638
-0.0275548
-0.0274631
-0.027363
-0.0272522
-0.0271272
-0.0269846
-0.026821
-0.0266337
-0.0264188
-0.0261722
-0.0258891
-0.0255642
-0.0251903
-0.0247561
-0.0241988
-0.0237126
-0.0232883
-0.0229248
-0.0226207
-0.0223894
-0.0222193
-0.0221098
-0.0220586
-0.0220645
-0.022086
-0.0221256
-0.0221856
-0.0222685
-0.0223768
-0.0225129
-0.0226797
-0.0229076
-0.0231977
-0.0240401
-0.0251237
-0.0255811
-0.0261961
-0.0268959
-0.0276259
-0.0283554
-0.0290671
-0.0297506
-0.0303994
-0.0310095
-0.0315777
-0.0321012
-0.0325791
-0.0330098
-0.0333913
-0.0337214
-0.033998
-0.0342186
-0.0343842
-0.034495
-0.0345435
-0.0346223
-0.0347568
-0.0348175
-0.0348471
-0.0348501
-0.035102
-0.0354779
-0.0358584
-0.0361891
-0.0364482
-0.0366191
-0.0366877
-0.0366422
-0.0364721
-0.036266
-0.0360444
-0.0358106
-0.0355648
