0
0.661678
0.509768
0.138968
0.0570865
-0.0628969
-0.175468
-0.290471
-0.351983
-0.321219
-0.331502
-0.316129
-0.307157
-0.296012
-0.28543
-0.275617
-0.266712
-0.258718
-0.25161
-0.245352
-0.239905
-0.235228
-0.231281
-0.228026
-0.225317
-0.223403
-0.221707
-0.221058
-0.220503
-0.220883
-0.221301
-0.222567
-0.224324
-0.226572
-0.229314
-0.232574
-0.236517
-0.219957
-0.206928
-0.194256
-0.181918
-0.169901
-0.158179
-0.146725
-0.135512
-0.124516
-0.113716
-0.103088
-0.0926134
-0.082272
-0.072045
-0.0619143
-0.0518626
-0.0418731
-0.0319296
-0.0220163
-0.0127407
-0.00346075
0.00586936
0.0150252
0.024239
0.0335059
0.0428405
0.0522575
0.0617704
0.0714116
0.0811543
0.0910284
0.101048
0.111228
0.121584
0.172812
0.163346
0.153268
0.16029
0.14812
0.13868
0.13096
0.124116
0.117764
0.11173
0.105935
0.100341
0.0949324
0.0896986
0.0846345
0.079736
0.0750005
0.0660661
0.0575498
0.0493397
0.0414253
0.0338909
0.0264745
0.0191631
0.0119439
0.00480466
-0.00226674
-0.00928197
-0.0162612
-0.0232161
-0.0301637
-0.0371343
-0.0441527
-0.0513575
-0.0584173
-0.0653513
-0.0723306
-0.0793639
-0.0806079
-0.0930517
-0.0794067
-0.0735702
-0.0697294
-0.0669921
-0.0648733
-0.0631066
-0.0615436
-0.0601001
-0.0587266
-0.0573932
-0.11405
-0.0805093
-0.0919176
-0.101082
-0.109061
-0.116423
-0.123475
-0.130391
-0.13728
-0.144247
-0.145294
-0.136563
-0.127761
-0.118926
-0.11007
-0.10119
-0.0966383
-0.103341
-0.0947425
-0.08012
0.0155708
0.013794
0.00254746
-0.00571026
-0.015904
-0.0246532
-0.011983
0.000536005
0.0106882
-0.0281691
-0.076879
-0.12895
-0.181511
-0.20038
-0.200458
-0.195245
-0.148308
-0.104756
-0.0545237
-0.0285567
-0.00294321
0.0205457
0.0426984
0.0640436
0.0849407
0.105637
0.126305
0.133318
0.124609
0.114836
0.106502
0.0988063
0.0916663
0.0850408
0.0788923
0.0731861
0.0678904
0.0629754
0.0584139
0.0541804
0.0502514
0.046605
0.0432211
-0.00113831
0.017712
0.0163197
0.0159993
0.0162698
0.0168646
0.0142635
0.00228814
-0.00709246
-0.0114862
-0.0129446
-0.0126425
-0.0112369
-0.00909544
-0.0064225
-0.00338836
-8.22463e-05
0.00299834
0.00616903
0.00814965
0.00745901
0.00673602
0.00605828
0.0054258
0.00483816
0.00440745
0.0041277
0.0102663
0.00779802
0.00322865
0.00781274
0.0108445
0.0102689
0.013383
0.0166479
0.0201689
0.0240041
0.0281168
0.032497
0.0371475
0.0420779
0.047304
0.0528487
0.0587482
0.0650711
0.0720095
0.0672091
0.0540934
0.0476539
0.0311975
0.0173024
0.00491979
-0.00308701
-0.00927865
-0.00929369
-0.00930634
-0.00928974
-0.00928686
-0.00929782
-0.00932199
-0.00935947
-0.00941025
-0.00947444
-0.00955213
-0.00964348
-0.00974867
-0.00986845
-0.0100065
-0.0103897
-0.0110174
-0.0118948
-0.0130326
-0.0144479
-0.0161659
-0.0182239
-0.0206767
-0.0234978
-0.0243957
-0.0247756
-0.0109365
-0.0120186
-0.0150921
-0.0209362
-0.00790224
-0.00800225
-0.00818985
-0.0083306
-0.0123206
-0.00842276
-0.00857855
-0.00878861
-0.00901175
-0.00925203
-0.00948495
-0.0100629
-0.0387352
-0.0268062
-0.0153735
-0.0136264
-0.0151604
-0.00642231
-0.00454538
-0.00509267
-0.0213837
-0.0279471
-0.0284598
-0.0245349
-0.0172995
-0.0074921
0.00433575
0.0049076
0.00447887
0.00401986
0.00355261
0.00311793
0.00200069
0.00164052
0.00131292
0.00101261
0.000737536
0.000485804
0.000255641
4.5418e-05
-0.000146362
-0.000321111
-0.000480102
-0.000624528
-0.000755572
-0.0008742
-0.000981298
-0.00107778
-0.00116446
-0.00124205
-0.00131118
-0.00137238
-0.00142487
-0.00120279
-0.000575397
0.000490084
0.00203371
0.00410632
0.00677955
0.0101679
0.0144939
0.0204224
0.0189982
0.00528586
-0.00118575
-0.00253077
-0.00253271
-0.00252866
-0.00252662
-0.00252747
-0.00253149
-0.0025388
-0.00254926
-0.00256277
-0.00257925
-0.0025987
-0.00262105
-0.00264624
-0.00267419
-0.00270486
-0.00273818
-0.00277427
-0.00281303
-0.00285463
0.0838485
0.169917
0.249624
0.321494
0.40722
0.48577
0.466022
0.462101
0.462262
0.461459
0.460476
0.459724
0.459657
0.143286
-0.170533
-0.26552
-0.254977
-0.229946
-0.224911
-0.221523
-0.217339
-0.213193
-0.206369
-0.197911
-0.195221
-0.194404
-0.194302
-0.194911
-0.196235
-0.194912
-0.215756
-0.20767
-0.191696
-0.172017
-0.150587
-0.128311
-0.105602
-0.082644
-0.0593301
-0.0348303
-0.0209703
-0.0177458
-0.0165164
-0.0154234
-0.0144247
-0.0135163
-0.0126948
-0.0119542
-0.0112897
-0.0106961
-0.0101737
-0.00986294
-0.0095559
-0.00930247
-0.00911709
-0.00899302
-0.00879215
-0.00865467
-0.00857371
-0.00854657
-0.00870538
-0.0087391
-0.00881717
-0.00894039
-0.00910741
-0.00931697
-0.00956753
-0.00985816
-0.0101878
-0.0105552
0.0814368
0.173321
0.258354
0.334392
0.423889
0.506403
0.589422
0.577628
0.58675
0.597039
0.605707
0.613855
0.622148
0.609834
0.391091
0.0886251
-0.16701
-0.381472
-0.441673
-0.393412
-0.338352
-0.324964
-0.311268
-0.306766
-0.304253
-0.25836
-0.238732
-0.225469
-0.215798
-0.208914
-0.204935
-0.192828
-0.178966
-0.166094
-0.154171
-0.143128
-0.132904
-0.123438
-0.114672
-0.106542
-0.0990063
-0.0923732
-0.0885137
-0.0851626
-0.0822491
-0.0797415
-0.0776107
-0.0758309
-0.0743789
-0.0732365
-0.0724321
-0.0728223
-0.0733082
-0.0740236
-0.0750935
-0.0691197
-0.070174
-0.0552994
-0.0415389
-0.0289965
-0.0241539
-0.0183124
-0.0134047
-0.00772185
-0.0013353
0.00576964
0.00625572
-0.0123887
-0.0116581
-0.0109151
0.000165376
0.00114425
-0.00333278
-0.0019396
-0.0128349
-0.0157347
-0.0125745
-0.0102659
-0.00959928
-0.00898556
-0.00841683
-0.00788964
-0.00740093
-0.00694783
-0.0065276
-0.00613802
-0.00577686
-0.00544203
-0.00513165
-0.00484388
-0.00457713
-0.00432985
-0.0041006
-0.0038881
-0.00369112
-0.0035085
-0.00333919
-0.0031822
-0.00303665
-0.00290156
-0.00277631
-0.00266029
-0.00255295
-0.00245381
-0.00236183
-0.00227652
-0.00219737
-0.00212391
-0.00205576
-0.00199251
-0.0019338
-0.00187931
-0.00182873
-0.00178177
-0.00173814
-0.00169763
-0.00166
-0.00162504
-0.00159256
-0.00156237
-0.00153319
-0.0015016
-0.0014724
-0.00144596
-0.00142194
-0.00140028
-0.00138105
-0.00136438
-0.00135048
-0.00133958
-0.00131123
-0.00258209
-0.00174427
-0.000943448
0.00121671
0.0080951
0.00436979
0.00301632
0.00430921
0.00996813
0.0270423
0.0269989
0.0206018
0.019229
0.0950189
0.0367052
-0.00552701
-0.00999492
-0.00902552
-0.00758705
-0.00694529
-0.0063951
-0.0059313
-0.00555367
-0.00524022
-0.00495765
-0.00469529
-0.00445167
-0.00422551
-0.00401564
-0.00382091
-0.00364034
-0.00347296
-0.00331791
-0.00317433
-0.00304145
-0.00291858
-0.00280502
-0.00270018
-0.00260365
-0.00251492
-0.00243326
-0.00235827
-0.00228661
-0.0022165
-0.00215073
-0.00208963
-0.00203301
-0.00198053
-0.00193194
-0.00188693
-0.00184522
-0.00180651
-0.00177062
-0.00173734
-0.0017065
-0.00167793
-0.00165145
-0.00162699
-0.0016044
-0.00158483
-0.0258828
-0.0144576
-0.0153755
-0.0138581
-0.0108967
-0.00719963
-0.00278389
-0.00231191
-0.00240295
-0.00246197
-0.00249497
-0.00251147
-0.002516
-0.00251059
-0.00249779
-0.00247765
-0.00245336
-0.00248489
-0.00249036
0.0837473
0.167709
0.161881
0.159439
0.149406
0.139332
0.129005
0.118537
0.108927
-0.00315654
-0.0431385
-0.0707383
-0.0758844
-0.0723221
-0.0543675
-0.0494917
-0.0485042
-0.0479513
-0.0489205
-0.0507594
-0.0531175
-0.0558099
-0.0587445
-0.0618787
-0.0652004
-0.0687227
-0.0724951
-0.0766858
-0.0786654
-0.101212
-0.0930912
-0.0781311
-0.0597955
-0.0397893
-0.0183111
0.00290339
0.00250507
0.00205902
0.00164481
0.00125825
0.000896108
0.000555869
0.000235544
-6.6661e-05
-0.000352241
-0.000622602
-0.0630352
-0.0579845
-0.0361831
-0.0137815
-0.0116329
-0.0310794
-0.0392534
-0.0457275
-0.0474104
-0.0461677
-0.043036
-0.0389103
-0.0342018
-0.0290561
-0.0241568
-0.0189884
-0.0135778
-0.00793702
-0.00215311
0.00387927
0.00639821
0.00720159
0.007959
0.0086995
0.0156511
0.0132292
0.00990256
0.0129574
0.0183517
0.0206841
-0.00559108
-0.0199563
-0.0225322
-0.0162578
-0.00593246
0.00548252
0.0177226
0.0309345
0.0380206
0.042841
0.0468569
0.0506455
0.0545458
0.0587871
0.0635902
0.0693886
0.0643238
0.0488492
0.0427696
0.0355465
0.0281492
0.0207146
0.0133123
0.0059884
-0.000869103
-0.00791882
-0.0104602
-0.0263299
-0.0163331
-0.00209919
0.00754323
0.00708138
0.00661551
0.00618316
0.00578139
0.00540771
0.00506009
0.00473667
0.00443578
0.00415588
0.00389557
0.00365354
-0.0581536
-0.0402308
-0.0390197
-0.0245207
-0.0371168
-0.042605
-0.0440738
-0.0432491
-0.041074
-0.0380636
-0.0345037
-0.0305525
-0.0262828
-0.0217604
-0.0170005
-0.0124761
-0.00769938
-0.00298153
0.000539191
0.0019597
0.00373552
0.0053001
0.0137802
0.0127192
0.0118833
0.0130052
-0.00527198
-0.0071854
-0.00543825
-0.0050848
-0.00471206
-0.00430061
-0.00383989
-0.00332646
-0.00279544
-0.00226404
-0.00138121
-0.000471751
0.000447914
0.00138067
0.0023294
0.00329684
0.00428584
0.00529913
0.00633933
0.00740926
0.00851157
0.00964932
0.0108252
0.0120427
0.0133045
0.0146173
0.0159838
0.0174054
0.0188878
0.020439
0.0220676
0.0237831
0.025606
0.0284816
0.0339034
0.0273918
0.0213974
0.015476
0.00963603
0.00823238
-0.0022568
-0.00785092
-0.013335
-0.0187063
-0.0239998
-0.0281488
-0.0288585
-0.0297727
-0.0307169
-0.029877
-0.0819357
-0.0898968
-0.0749239
-0.0624383
-0.0513527
-0.0410856
-0.0312934
-0.0305146
-0.0299979
-0.0277631
-0.0242226
-0.0198511
-0.0149273
-0.0098179
-0.00489216
-0.00459473
0.0038879
0.00280932
-0.00197813
-0.00193118
-0.00177895
-0.00566918
-0.0272741
-0.0367855
-0.0401919
-0.0392864
-0.0351567
-0.0285392
-0.0199529
-0.00977279
0.00174634
0.0145586
0.025274
0.0257516
0.0257918
0.0261127
0.0265231
0.02702
0.0276016
0.0282653
0.0290088
0.0298297
0.030726
0.0316958
0.0327374
0.0339658
0.0355848
0.0376085
0.0400388
0.0429997
0.0466396
0.0513445
0.0605194
0.0515567
0.0447285
0.0380085
0.0313867
0.0248623
0.0184431
0.0121359
0.00596032
0.000791667
-0.00408553
-0.0090942
-0.0142427
-0.0195482
-0.0816979
-0.0456725
-0.0449082
-0.0496865
-0.0506841
-0.0495097
-0.0470552
-0.043808
-0.0400386
-0.0358967
-0.0314509
-0.0267306
-0.021755
-0.0165314
-0.011088
-0.00553329
-0.000426973
0.000130703
0.000347145
0.000848942
0.00998463
0.00940544
0.00824064
0.00985834
-0.000432256
-0.00274248
-0.000542511
-5.78835e-05
0.00046953
0.00106562
0.00173954
0.00249523
0.00327996
0.00404283
0.00479323
0.00553411
0.00626885
0.00699771
0.0077226
0.00866966
0.00995391
0.0115825
0.0135476
0.015784
0.0184024
0.0214381
0.0249403
0.0289889
0.0337382
0.03962
0.0517838
0.0445427
0.0382117
0.0319888
0.0258985
0.0186168
0.012492
0.00643662
0.000585163
-0.00516356
-0.00675582
-0.00860253
-0.0106968
-0.0130374
-0.0156282
-0.0184793
-0.0216075
-0.027754
-0.0340297
-0.0885452
-0.112233
-0.0495255
-0.0652399
-0.0735998
-0.07646
-0.0762466
-0.0742802
-0.0712802
-0.0676438
-0.0635908
-0.0592285
-0.0545996
-0.0498855
-0.0450043
-0.0399335
-0.0346562
-0.0291704
-0.0234324
-0.0178082
-0.0122099
-0.00577569
-0.00858303
-0.013976
-0.00644366
-0.00320253
-0.000426571
-0.0253679
-0.0376867
-0.0380711
-0.0330618
-0.0258562
-0.0170063
-0.00676805
0.00466438
0.0171412
0.0207615
0.0223174
0.0235666
0.0247824
