0
0.000206874
0.00029353
0.000371658
0.000440152
0.000281673
3.14987e-05
-5.05052e-05
-0.000269528
-0.000187851
-9.1421e-05
0.000275834
0.000563986
0.000800157
0.00100166
0.00118424
0.00135608
0.00152165
0.00168334
0.00184243
0.00199956
0.00215504
0.00230897
0.00246137
0.00261188
0.0027619
0.00290855
0.00305695
0.00320144
0.00334713
0.0034624
0.00357955
0.00369831
0.0038184
0.00393952
0.0040614
0.00418381
0.00432098
0.00445699
0.00459176
0.00472519
0.00485721
0.00498776
0.00511681
0.0052443
0.0053702
0.00549448
0.00561713
0.00573812
0.00585744
0.00597506
0.00609098
0.00620519
0.00631769
0.00642847
0.00653754
0.00664474
0.00675012
0.00685373
0.0069559
0.00705646
0.00715541
0.00725273
0.00734844
0.00744257
0.00753439
0.00762474
0.00771367
0.00780124
0.00788751
0.00797251
0.00819243
0.00858304
0.00909716
0.0097288
0.0103416
0.0109112
0.0114489
0.0119615
0.0124535
0.0129279
0.0133868
0.0138318
0.0142643
0.0146854
0.0150959
0.0154969
0.015889
0.0162725
0.0166364
0.0169956
0.0173499
0.0176992
0.0180439
0.0183844
0.0187209
0.0190538
0.0193835
0.0197101
0.020034
0.0203553
0.0206743
0.0209912
0.0213062
0.0216193
0.0219311
0.0222414
0.0225505
0.0228585
0.0231646
0.0234208
0.0236628
0.0239025
0.0241402
0.0243763
0.0246108
0.0248439
0.0250757
0.0253062
0.0255355
0.0257637
0.025747
0.0257996
0.0258335
0.0258542
0.0258647
0.0258665
0.0258603
0.0258462
0.0258238
0.025793
0.0257383
0.025682
0.0256246
0.0255663
0.025507
0.025447
0.0253772
0.0253485
0.0253292
0.0253191
0.0250201
0.0245778
0.0239947
0.0232997
0.0224936
0.0215746
0.0205478
0.0194102
0.0182273
0.0171456
0.0161639
0.0152827
0.0145033
0.0137583
0.0130266
0.0123097
0.0116526
0.0115741
0.0114847
0.011409
0.0113329
0.0112568
0.0111812
0.0111066
0.0110339
0.0109641
0.010898
0.0108332
0.0107656
0.0106952
0.0106218
0.0105458
0.010467
0.0103856
0.0103016
0.0102152
0.0101263
0.0100352
0.00994189
0.00984644
0.00974895
0.00964953
0.00954826
0.00943196
0.00928565
0.00915843
0.00904297
0.00893859
0.00884912
0.00877525
0.00873303
0.00870825
0.008695
0.00869047
0.00869289
0.00870111
0.00871431
0.00873183
0.00874175
0.00875634
0.00877414
0.00874669
0.00866866
0.00859142
0.00851559
0.00844113
0.00836803
0.00829626
0.00822577
0.00815654
0.00845384
0.00906413
0.00994148
0.0110614
0.0121766
0.0131009
0.0138255
0.0144672
0.0150379
0.0155462
0.0159985
0.0164004
0.0167562
0.01707
0.017345
0.0175843
0.0177905
0.0179658
0.0181121
0.018242
0.0182815
0.0183093
0.0183298
0.0183014
0.0182615
0.0182221
0.0181844
0.0181483
0.0181138
0.018081
0.0180497
0.0180201
0.017992
0.0179655
0.0179407
0.0179174
0.0178957
0.0178757
0.0178572
0.017838
0.0178168
0.0177943
0.0177708
0.0177469
0.0177229
0.0176993
0.0176765
0.0176548
0.0176348
0.017635
0.0176371
0.0176418
0.0176488
0.0176684
0.0176982
0.0177381
0.017754
0.0177719
0.0177921
0.0178125
0.0178358
0.0178616
0.0178892
0.0179188
0.0179504
0.0179841
0.0180201
0.0180585
0.018096
0.0181448
0.0177473
0.0169513
0.0157978
0.014342
0.0126233
0.01094
0.00957152
0.00838495
0.00734536
0.0064271
0.00560796
0.00487693
0.00423438
0.00380625
0.00360584
0.00361469
0.0036225
0.00362906
0.00363445
0.00363867
0.00364176
0.00364375
0.00364466
0.00364452
0.00364335
0.00364116
0.00363796
0.00363378
0.00362861
0.00362247
0.00361535
0.00360727
0.00359823
0.00358822
0.00357726
0.00356532
0.0035524
0.0035385
0.00352366
0.00350798
0.00349424
0.00348242
0.00347255
0.00346474
0.00345919
0.00345624
0.00345644
0.00346088
0.00346798
0.00344019
0.00341445
0.00338747
0.00335939
0.00333023
0.00329995
0.00326852
0.00323586
0.00320192
0.00316664
0.00312994
0.00309177
0.00305206
0.00301072
0.00296771
0.00292294
0.00287634
0.00282785
0.0027774
0.00272492
0.00267032
0.00293173
0.00352723
0.00434555
0.00524004
0.00642332
0.0077842
0.00922929
0.0105153
0.0119358
0.0135568
0.0153764
0.01739
0.0195318
0.0216707
0.0237413
0.0256185
0.0273252
0.0289377
0.0304731
0.0319442
0.0333563
0.0346956
0.0359907
0.0372529
0.0384757
0.039674
0.0408507
0.0420084
0.0431496
0.0442811
0.0451148
0.0458523
0.046551
0.0472179
0.0478445
0.0484158
0.0489138
0.0493197
0.0496137
0.0497821
0.0498456
0.0498722
0.049891
0.0499111
0.0499325
0.0499552
0.049979
0.050004
0.0500301
0.0500573
0.0500853
0.0501151
0.0501461
0.0501783
0.0502117
0.0502464
0.0502821
0.050319
0.0503571
0.0503964
0.0504369
0.0504784
0.0505213
0.0505654
0.0506108
0.0506577
0.050706
0.0507559
0.0508074
0.0508605
0.0506379
0.0501238
0.049419
0.0486659
0.0476574
0.0464986
0.0451693
0.043803
0.0423238
0.0407205
0.038987
0.0371171
0.0351049
0.0332605
0.031333
0.0293667
0.0273778
0.0253776
0.0234397
0.0215781
0.0197601
0.0179953
0.0162752
0.0145873
0.0131357
0.0120064
0.0109234
0.00987679
0.00886175
0.00792509
0.00720407
0.00661811
0.00611256
0.00569051
0.00535589
0.00511259
0.00496429
0.00491422
0.00493915
0.00496453
0.00498958
0.00501397
0.0050375
0.0050599
0.00508098
0.00510055
0.00511844
0.00513451
0.00514862
0.00516064
0.00517052
0.00516642
0.00516809
0.00516782
0.00516472
0.00515906
0.00514404
0.00512041
0.00508944
0.00505312
0.00502579
0.00501268
0.00500595
0.00500482
0.00500863
0.00501676
0.00502504
0.00503415
0.00504399
0.00505448
0.00514836
0.00536413
0.0056763
0.00608079
0.00637895
0.00654888
0.00660567
0.00662092
0.00663623
0.00665162
0.00666708
0.0066826
0.00669817
0.00671379
0.00672945
0.00674514
0.00676085
0.00677659
0.00679235
0.00680812
0.00682391
0.00683971
0.00685552
0.00687134
0.00688714
0.00690293
0.0069187
0.00693444
0.00695013
0.00696576
0.00698134
0.00699683
0.00701223
0.00702752
0.00704269
0.00705771
0.00707259
0.0070873
0.00710183
0.00711616
0.00713028
0.00714418
0.00715786
0.0071713
0.00718451
0.00719749
0.00721023
0.00722274
0.00723503
0.0072471
0.00725898
0.00727103
0.00728322
0.00729561
0.00730825
0.00732122
0.0073346
0.00734847
0.0073629
0.00737797
0.00739376
0.00741037
0.00742793
0.00744806
0.00747124
0.00748792
0.00749789
0.00750241
0.00750273
0.00750102
0.00713518
0.00644812
0.00549221
0.004299
0.00300026
0.00178177
0.00076742
-0.000119606
-0.000890442
-0.0015476
-0.00209212
-0.00249713
-0.00271965
-0.0027343
-0.00272922
-0.00272405
-0.0027188
-0.00271347
-0.00270808
-0.00270261
-0.00269708
-0.00269149
-0.00268584
-0.00268015
-0.00267441
-0.00266864
-0.00266284
-0.00265703
-0.0026512
-0.00264538
-0.00263957
-0.00263379
-0.00262805
-0.00262228
-0.00261646
-0.00261058
-0.00260464
-0.00259865
-0.0025926
-0.00258651
-0.00258036
-0.00257417
-0.00256793
-0.00256164
-0.0025553
-0.00254892
-0.00254249
-0.00253601
-0.00252949
-0.00252293
-0.00251634
-0.00250387
-0.00249746
-0.00248029
-0.00245412
-0.00242011
-0.00240207
-0.00238249
-0.00236133
-0.00233856
-0.00231422
-0.00228835
-0.002261
-0.00223222
-0.00220204
-0.00217051
-0.00213766
-0.00210352
-0.002068
-0.00203118
-0.00166889
-0.000969819
-0.000191004
0.000606153
0.00150695
0.00250978
0.00362214
0.00484962
0.00619606
0.0075533
0.00880728
0.0095776
0.0102186
0.0107301
0.0112173
0.011688
0.0121424
0.0125833
0.0130113
0.0134275
0.0138329
0.0142284
0.014615
0.0149938
0.0153656
0.0157312
0.0160915
0.0164473
0.016799
0.0168417
0.0168822
0.016921
0.016958
0.0169927
0.0170241
0.0170504
0.0170771
0.0171041
0.0171316
0.0171594
0.0171878
0.0172166
0.017246
0.017276
0.0173065
0.0173377
0.0172832
0.0172765
0.0173272
0.0174391
0.0175528
0.0176034
0.0176303
0.0176346
0.0176319
0.01762
0.0176018
0.0175782
0.017551
0.01752
0.0174862
0.0174502
0.0174123
0.0173731
0.0173502
0.0173342
0.0173161
0.0172959
0.0172737
0.0172497
0.0168234
0.0160431
0.0149568
0.0136145
0.0120255
0.0102988
0.00886389
0.00775556
0.00693899
0.00639254
0.00604749
0.00587623
0.0058285
0.00577393
0.00571796
0.00569947
0.00571496
0.00576138
0.00583605
0.00593664
0.00606117
0.00620803
0.00636729
0.0065305
0.00670587
0.00688845
0.00707712
0.0072708
0.00746842
0.00766897
0.0078728
0.00807879
0.00828859
0.00825078
0.00821136
0.00817136
0.00813185
0.00809316
0.00805519
0.00801784
0.00798101
0.00794461
0.00790857
0.00787281
0.00783725
0.00780184
0.00776651
0.00773121
0.00769066
0.00766634
0.00766231
0.00764367
0.00765512
0.00768641
0.00773179
0.00778787
0.00785262
0.00792476
0.00800342
0.00808795
0.00817781
0.00826761
0.00836167
0.00845983
0.00856163
0.00862029
0.00866522
0.00871436
0.00876724
0.00879018
0.00922229
0.0100169
0.0111101
0.0124675
0.0135825
0.0145236
0.0153428
0.0160503
0.0166159
0.017013
0.017221
0.0172495
0.0172586
0.0172703
0.0173012
0.0173348
0.0173696
0.0174057
0.0174431
0.0174818
0.0175218
0.0175631
0.0176056
0.0176494
0.0176945
0.0177408
0.0177884
0.0178373
0.0178874
0.0179388
0.0179914
0.0180453
0.0181004
0.0181567
0.0182142
0.0182728
0.0183327
0.0183902
0.0184448
0.0185014
0.0185597
0.0186202
0.0186832
0.0187433
0.0188096
0.0188778
0.0189485
0.0190218
0.0190926
0.0191648
0.0192389
0.0193155
0.0193946
0.0194775
0.019536
0.0195456
0.0195757
0.0196188
0.0196709
0.0197295
0.019793
0.0198416
0.0198776
0.0199024
0.0199191
0.0199297
0.0199353
0.0199603
0.0199843
0.020005
0.0196212
0.0188801
0.0178339
0.0165393
0.0150155
0.0133358
0.0119531
0.0107905
0.00981498
0.00901121
0.00837238
0.00789564
0.00758026
0.0074267
0.00741386
0.00739407
0.00736773
0.00733998
0.00731085
0.00728039
0.00724862
0.00721555
0.00718118
0.00714552
0.00710857
0.00707035
0.00703086
0.00699011
0.00694814
0.00690495
0.00686059
0.00681511
0.00677398
0.00673671
0.00670297
0.00667265
0.00664738
0.0066228
0.00659947
0.00657699
0.00655498
0.00653305
0.00651084
0.00648799
0.00645915
0.00642985
0.00639927
0.00636703
0.00633277
0.00629612
0.00625992
0.00616961
0.00609086
0.0060341
0.00599347
0.00596556
0.00594835
0.00594055
0.00594132
0.00595003
0.00596618
0.00598926
0.0060188
0.00605433
0.00609211
0.00612985
0.00614025
0.00615334
0.00616876
0.00618603
0.00661253
0.00740295
0.00849336
0.00983867
0.0110753
0.0121256
0.0130281
0.0137908
0.0143939
0.0148154
0.0150387
0.0150757
0.0151139
0.0151538
0.0151955
0.0152389
0.015284
0.0153309
0.0153794
0.0154297
0.0154817
0.0155354
0.0155887
0.0156302
0.0156613
0.0156827
0.0156956
0.0157008
0.0156987
0.01569
0.0156739
0.0156571
0.0156387
0.0156194
0.0156
0.0155777
0.0155531
0.0155266
0.0155519
0.0156036
0.0156541
0.0157038
0.015753
0.0158022
0.0158516
0.0159016
0.0159526
0.0160041
0.0160565
0.0161316
0.016198
0.0163792
0.0165226
0.0166397
0.0167397
0.0168279
0.0169076
0.0169806
0.017048
0.0171106
0.0171692
0.0172228
0.017273
0.0173204
0.0173655
0.0174087
0.0174505
0.0174845
0.0175171
0.0175493
0.0171889
0.0164872
0.0154858
0.0142229
0.012721
0.0110653
0.00968083
0.00852458
0.00756283
0.00672708
0.00599035
0.00534597
0.00479106
0.00432449
0.00394617
0.00374347
0.00368747
0.00364721
0.00360653
