0
0.0172252
-0.000335802
-0.00259727
-0.00132821
-0.0547291
-0.128232
-0.11287
-0.162039
-0.0985357
-0.100153
-0.0807995
-0.0846925
-0.0840768
-0.0829169
-0.0805069
-0.0781317
-0.0758547
-0.0736404
-0.0714972
-0.0694325
-0.0674518
-0.0655603
-0.063762
-0.0589337
-0.0584308
-0.0481794
-0.0496498
-0.0404376
-0.0413186
-0.0395061
-0.037887
-0.0365102
-0.0353629
-0.0344409
-0.0337677
-0.0336415
-0.0429692
-0.0466013
-0.0488012
-0.0491281
-0.0494127
-0.0496748
-0.0499161
-0.0501363
-0.050319
-0.0505372
-0.0507812
-0.0510377
-0.051298
-0.0515582
-0.0518127
-0.0520563
-0.0522853
-0.0524967
-0.0526866
-0.0520032
-0.0514015
-0.0510473
-0.0525466
-0.0533555
-0.0540691
-0.0546909
-0.0552275
-0.0556837
-0.0551733
-0.0545402
-0.0538093
-0.0530247
-0.0522127
-0.051393
0.0392058
0.0158302
0.0025367
-0.00459566
-0.0175373
-0.0198517
-0.021284
-0.0222275
-0.0229031
-0.0234347
-0.0238921
-0.0243149
-0.024726
-0.0251389
-0.025562
-0.0260007
-0.0264586
-0.0274206
-0.0271926
-0.027172
-0.0269537
-0.0263851
-0.0258433
-0.0253282
-0.0248397
-0.024378
-0.0239429
-0.0235343
-0.0231758
-0.0228936
-0.0226901
-0.0225594
-0.0225445
-0.0229879
-0.0227301
-0.0226207
-0.0225715
-0.0225781
-0.0215039
-0.023466
-0.0250319
-0.0264157
-0.027835
-0.0292792
-0.0307443
-0.0322293
-0.0337348
-0.0352615
-0.0368104
-0.0383825
0.0105044
0.01764
0.02599
0.0373526
0.0501958
0.0636962
0.0774152
0.0911227
0.104709
0.118124
0.132724
0.145674
0.158362
0.170824
0.183089
0.19518
0.206764
0.197098
0.188559
0.180039
0.170888
0.17897
0.182517
0.182922
0.182954
0.182864
0.18278
0.182963
0.183512
0.183308
0.183466
0.183796
0.184221
0.18573
0.18748
0.189103
0.189673
0.193952
0.197797
0.198935
0.199827
0.200958
0.202291
0.203806
0.205494
0.207347
0.209364
0.211354
0.213312
0.215483
0.217884
0.220475
0.223266
0.226274
0.229509
0.23298
0.236696
0.240662
0.244882
0.249358
0.25409
0.259072
0.264295
0.225712
0.208027
0.192927
0.17815
0.163648
0.149447
0.135674
0.122261
0.124097
0.120566
0.114249
0.106623
0.0984756
0.090231
0.0821161
0.0741743
0.0665561
0.0591553
0.0519449
0.0451618
0.0387339
0.0326512
0.0268999
0.0214672
0.0163418
0.0115474
0.00702593
0.000162103
-0.00707826
-0.0126083
-0.0175359
-0.0215129
-0.0208895
-0.0285429
-0.0321238
-0.0357101
-0.0393146
-0.0429448
-0.0466075
-0.0503082
-0.054052
-0.0578435
-0.0616867
-0.0655847
-0.0695376
-0.0735314
-0.0721171
-0.0803012
-0.0838028
-0.0863198
-0.088508
-0.0912414
-0.09436
-0.0976755
-0.100731
-0.103816
-0.107042
-0.110406
-0.113886
-0.117498
-0.121261
-0.125185
-0.129282
-0.13356
-0.138025
-0.142682
-0.147531
-0.152572
-0.157791
-0.163179
-0.168728
-0.174431
-0.18028
-0.186269
-0.192392
-0.198647
-0.205087
-0.212102
-0.22219
-0.233204
-0.243065
-0.25293
-0.2643
-0.275724
-0.287069
-0.298993
-0.299105
-0.318095
-0.327904
-0.338307
-0.349424
-0.361276
-0.373902
-0.387396
-0.402557
-0.371851
-0.358558
-0.338738
-0.318801
-0.301557
-0.286337
-0.272152
-0.26184
-0.277147
-0.266861
-0.25673
-0.246037
-0.236361
-0.226809
-0.217338
-0.207893
-0.198507
-0.189277
-0.181097
-0.173072
-0.165192
-0.157449
-0.149833
-0.142336
-0.13495
-0.127664
-0.120472
-0.113364
-0.106333
-0.0993705
-0.092468
-0.0856
-0.0787605
-0.0719651
-0.0651942
-0.0584269
-0.051648
-0.0448447
-0.0380067
-0.0311253
-0.0241944
-0.0172068
-0.0101621
-0.00305988
0.00409239
0.0112883
0.0185223
0.0257895
0.0330857
0.040409
0.0390391
0.0522591
0.057999
0.0663524
0.0742312
0.0820427
0.0900265
0.0983159
0.106984
0.116072
0.125593
0.135549
0.14596
0.156844
0.168203
0.180038
0.192352
0.205147
0.218426
0.232193
0.246452
0.261208
0.278315
0.288661
0.297187
0.297603
0.314805
0.326555
0.320764
0.327669
0.319956
0.317897
0.315929
0.31395
0.312384
0.33021
0.348973
0.308485
0.301332
0.293298
0.285149
0.27712
0.26926
0.267146
0.258961
0.251012
0.236047
0.227382
0.218934
0.210682
0.202604
0.203888
0.196943
0.194748
0.185325
0.176102
0.166848
0.157463
0.147903
0.138148
0.128138
0.117189
0.107923
0.100265
0.0927248
0.0852562
0.0778603
0.0705371
0.0632879
0.0561145
0.0490146
0.0419807
0.0347889
0.0248157
0.0153531
0.0060078
-0.00343858
-0.0131052
-0.022186
-0.0316186
-0.0414133
-0.0515709
-0.06114
-0.0711144
-0.0814848
-0.0922518
-0.103417
-0.114981
-0.126946
-0.139315
-0.152091
-0.165277
-0.184202
-0.197069
-0.208818
-0.212575
-0.232206
-0.247279
-0.263225
-0.261774
-0.25393
-0.244817
-0.238624
-0.233819
-0.229475
-0.244873
-0.236549
-0.231733
-0.228227
-0.226309
-0.228192
-0.23178
-0.234977
-0.236583
-0.238163
-0.239731
-0.192282
-0.182105
-0.172118
-0.162231
-0.152383
-0.142886
-0.134303
-0.130665
-0.120178
-0.109683
-0.0991623
-0.0886017
-0.0779899
-0.0673184
-0.0566528
-0.0461263
-0.0355361
-0.0258015
-0.0166912
-0.00755344
0.00162053
0.0108291
0.0200715
0.0293479
0.0386644
0.0480339
0.0576391
0.0703401
0.0825746
0.0948614
0.107561
0.111173
0.0920716
0.077292
0.0628583
0.0488157
0.0356972
0.0228821
0.010315
-0.00192258
-0.013829
-0.0254111
-0.0244955
-0.0269435
-0.026692
-0.0261464
-0.0270364
-0.0290254
-0.0299527
-0.0303683
-0.0285328
-0.0239701
-0.0233564
-0.0226769
-0.0222966
-0.0219191
-0.0215436
-0.0211704
-0.0207999
-0.0204322
-0.0200676
-0.0197061
-0.0193479
-0.0189933
-0.0186422
-0.0182949
-0.0179515
-0.0176119
-0.0172764
-0.0169448
-0.0166174
-0.0162941
-0.015975
-0.0156602
-0.0153497
-0.0150439
-0.0147425
-0.014445
-0.0141515
-0.0138618
-0.0135767
-0.0132962
-0.0130202
-0.0127488
-0.0124819
-0.0122194
-0.0119615
-0.0117079
-0.0114589
-0.0112143
-0.0109742
-0.0107386
-0.0105076
-0.0102811
-0.0100592
-0.00984192
-0.0097917
-0.0114078
-0.0130264
-0.0148267
-0.0169077
-0.0193221
-0.0220972
-0.0252458
-0.0287639
-0.0326416
-0.0368896
-0.0416395
-0.0469773
-0.0523641
-0.0581174
-0.0543916
-0.04119
-0.0291075
-0.0173433
-0.0059343
0.0110766
0.0205377
0.0288115
0.0380811
0.0386685
0.0536477
0.0331675
0.0315351
0.0299547
0.0284049
0.027032
0.0270639
0.0275203
0.0281108
0.0279533
0.0277096
0.0274789
0.0272626
0.0270628
0.0268818
0.0267221
0.0265866
0.0264779
0.0263985
0.0263511
0.0263383
0.0263624
0.026426
0.0265314
0.0266994
0.0269302
0.0272024
0.0275304
0.0274968
0.0272952
0.0270584
0.0268161
0.0265742
0.0263336
0.026094
0.0258547
0.0256143
0.0253718
0.0251271
0.0248805
0.0246322
0.0243822
0.0241308
0.0238791
0.0236288
0.0235512
-0.00203386
-0.00885733
-0.0168262
-0.0256567
-0.0348168
-0.0440891
-0.0532268
-0.0622125
-0.0710417
-0.0796896
-0.0881407
-0.0964028
-0.104488
-0.11241
-0.120188
-0.127841
-0.135397
-0.142903
-0.150502
-0.125758
-0.113791
-0.118815
-0.120413
-0.113993
-0.111192
-0.110455
-0.110049
-0.109951
-0.109991
-0.109028
-0.123124
-0.119403
-0.11982
-0.120901
-0.121575
-0.122296
-0.123104
-0.123988
-0.12496
-0.126026
-0.127193
-0.128465
-0.129846
-0.131341
-0.132956
-0.134697
-0.136592
-0.135251
-0.135548
-0.136674
-0.137871
-0.139184
-0.140642
-0.142291
-0.144129
-0.145755
-0.14758
-0.1496
-0.151813
-0.154212
-0.156789
-0.159532
-0.162431
-0.165475
-0.168656
-0.13022
-0.105195
-0.0881296
-0.0708217
-0.0694488
-0.0535126
-0.048094
-0.039845
-0.0298881
-0.019406
-0.00907374
0.000316109
0.00956244
0.0185796
0.0264045
0.0339498
0.0412178
0.0482157
0.0550083
0.0615265
0.0682062
0.0748762
0.0813587
0.0876618
0.0980066
0.108751
0.117356
0.125603
0.133301
0.135545
0.129597
0.13703
0.150486
0.153842
0.161934
0.169793
0.177592
0.184916
0.192231
0.19962
0.207184
0.214926
0.222849
0.230965
0.239286
0.247848
0.246419
0.252285
0.255205
0.258374
0.261897
0.265796
0.270113
0.274985
0.274893
0.274562
0.273187
0.273505
0.272636
0.272067
0.271694
0.271465
0.271537
0.271903
0.272558
0.273492
0.274691
0.276143
0.277837
0.279764
0.281914
0.284278
0.236086
0.212922
0.195042
0.191988
0.186113
0.177062
0.166537
0.155437
0.14424
0.133198
0.122434
0.111999
0.101935
0.0922499
0.0829191
0.0739042
0.0652601
0.0568562
0.0487425
0.0410909
0.0337714
0.026763
0.0132259
-0.000184327
-0.0103933
-0.0197921
-0.0233229
-0.01385
-0.0196953
-0.025546
-0.0315498
-0.0377177
-0.0440463
-0.0504213
-0.0560897
-0.0613053
-0.0664633
-0.0717235
-0.0770603
-0.0824777
-0.0879832
-0.0935844
-0.0992894
-0.105106
-0.111041
-0.117102
-0.123296
-0.129632
-0.136117
-0.142759
-0.149568
-0.156571
-0.163776
-0.171168
-0.178771
-0.18661
-0.19471
-0.203093
-0.211791
-0.220729
-0.229881
-0.238302
-0.24622
-0.254403
-0.26285
-0.261533
-0.274157
-0.279539
-0.28522
-0.291202
-0.297464
-0.304159
-0.311714
-0.322138
-0.332761
-0.332611
-0.283368
-0.263673
-0.247772
-0.232144
-0.216874
-0.202001
-0.187558
-0.174319
-0.161504
-0.148793
-0.1364
-0.12437
-0.11271
-0.101352
-0.0903994
-0.0797351
-0.0638658
-0.0478137
-0.0343113
-0.0222128
-0.012421
-0.0033501
-0.01391
-0.0055829
0.00154574
0.0085084
0.0154562
0.0224622
0.0295673
0.0367947
0.0440564
0.0507523
0.057764
0.0656221
0.0733982
0.0811029
0.0888392
0.0966502
0.104563
0.112595
0.120763
0.129077
0.13755
0.146192
0.155015
0.164032
0.17322
0.182566
0.19209
0.201819
0.211764
0.221932
0.232171
0.232432
0.232415
0.232652
0.233145
0.233885
0.23486
0.236061
0.237514
0.23914
0.240968
0.242979
0.245169
0.247539
0.196235
0.183848
0.175721
0.165135
0.152884
0.13996
0.126886
0.113933
0.101232
0.0888415
0.0768025
0.0651375
0.0538428
0.0429092
0.0323147
0.0220147
0.0118799
0.00206619
-0.00639568
-0.0132622
-0.0252234
-0.0369835
-0.0470538
-0.0566417
-0.0596732
-0.055907
-0.0626227
-0.0695003
-0.0765387
-0.0837633
-0.0911682
-0.0986727
-0.105593
-0.112599
-0.119699
-0.126902
-0.134216
-0.141651
-0.149216
-0.156903
-0.164714
-0.172656
-0.180739
-0.18897
-0.19737
-0.205946
-0.214706
-0.223658
-0.232811
-0.242194
-0.251795
-0.260812
-0.269828
-0.279244
-0.289297
-0.289997
-0.290209
-0.290729
-0.291846
-0.293167
-0.294645
-0.29641
-0.29845
-0.300756
-0.303315
-0.306119
-0.309158
-0.310903
-0.312704
-0.266642
-0.238873
-0.232033
-0.22657
-0.217615
-0.206928
-0.19554
-0.184002
-0.172601
-0.161479
-0.150698
-0.140305
-0.13033
-0.120734
-0.111532
-0.102722
-0.0942943
-0.0862387
-0.078567
-0.071167
-0.0640502
-0.0533583
-0.041917
-0.032825
-0.0249294
-0.0175674
-0.0108131
-0.0169634
-0.0103025
-0.0036045
0.00240076
0.00807941
0.0137847
0.0195465
0.0253837
0.0313087
0.0377893
0.0442282
0.050132
0.0560696
