0
0.0001734
0.000171311
0.000145714
0.000132618
-0.0004168
-0.00170372
-0.00283598
-0.00446055
-0.00544781
-0.00645132
-0.0072614
-0.00811132
-0.00895565
-0.00978877
-0.0105981
-0.0113838
-0.012147
-0.0128883
-0.0136083
-0.0143078
-0.0149878
-0.015649
-0.0162924
-0.0168878
-0.0174784
-0.0179667
-0.0184699
-0.0188813
-0.0193018
-0.0197045
-0.0200912
-0.0204646
-0.0208267
-0.02118
-0.021527
-0.0218732
-0.0223122
-0.0227873
-0.0232841
-0.0237839
-0.0242861
-0.0247907
-0.0252973
-0.0258057
-0.0263155
-0.0268271
-0.0273406
-0.0278563
-0.0283741
-0.028894
-0.0294159
-0.0299397
-0.0304653
-0.0309923
-0.0315207
-0.0320416
-0.0325559
-0.0330661
-0.0335906
-0.0341225
-0.0346609
-0.0352048
-0.0357533
-0.0363056
-0.036852
-0.0373913
-0.0379225
-0.0384449
-0.0389583
-0.0394626
-0.0390566
-0.0388846
-0.0388457
-0.0388765
-0.039037
-0.0392208
-0.039419
-0.0396267
-0.0398414
-0.0400615
-0.0402865
-0.040516
-0.0407499
-0.0409882
-0.0412312
-0.041479
-0.0417318
-0.0419954
-0.0422578
-0.0425212
-0.0427837
-0.0430415
-0.0432952
-0.043545
-0.0437912
-0.044034
-0.0442739
-0.044511
-0.044746
-0.0449796
-0.0452126
-0.0454459
-0.0456807
-0.0459215
-0.0461615
-0.0464021
-0.046644
-0.0468878
-0.0471213
-0.0473776
-0.0476465
-0.0479281
-0.0482231
-0.0485321
-0.0488553
-0.0491931
-0.0495457
-0.0499134
-0.0502963
-0.0506947
-0.0506191
-0.0504635
-0.0502274
-0.0498801
-0.0494065
-0.0487999
-0.0480579
-0.0471807
-0.0461693
-0.0450257
-0.0437362
-0.0423149
-0.0407645
-0.039087
-0.0372846
-0.0353589
-0.0333161
-0.0313716
-0.0295103
-0.0277303
-0.0260176
-0.0242246
-0.022399
-0.0205712
-0.0187453
-0.0169221
-0.0150967
-0.0132669
-0.0114296
-0.00960134
-0.00777925
-0.00596125
-0.00414567
-0.00231616
-0.000467555
0.00139954
0.00327942
0.00520782
0.00718062
0.00916787
0.011167
0.0131801
0.015209
0.0172553
0.0193208
0.021407
0.0235154
0.0256444
0.0277918
0.0299597
0.0321506
0.0343665
0.0366095
0.0388817
0.0411855
0.0435233
0.0458977
0.0483111
0.0507662
0.0532656
0.0558118
0.0584075
0.061055
0.0633123
0.0653945
0.0673256
0.0691088
0.070747
0.0722432
0.0736013
0.0748243
0.0760649
0.0772697
0.0784112
0.0794765
0.0804604
0.0813621
0.0821828
0.0829244
0.08359
0.0841819
0.084702
0.0851544
0.0855424
0.0858696
0.0861391
0.0863543
0.0865181
0.086634
0.0867046
0.0867071
0.086637
0.0865112
0.0863366
0.0861227
0.0859151
0.0856314
0.0853125
0.0849584
0.0845689
0.0841439
0.0836831
0.0831861
0.0826527
0.0820824
0.0814748
0.0808294
0.0801457
0.0794234
0.0787145
0.0779215
0.0770922
0.0762349
0.075353
0.0744416
0.0734976
0.0725192
0.0715103
0.0704706
0.0693986
0.068293
0.0671525
0.065976
0.0647618
0.0635084
0.062214
0.0608768
0.0594949
0.0580665
0.0565896
0.0550622
0.0534826
0.051849
0.0501597
0.0484132
0.046608
0.0447426
0.0428156
0.0408256
0.0387708
0.0366456
0.0344195
0.0320857
0.029653
0.0271212
0.0244747
0.0217162
0.0188442
0.015853
0.0128607
0.00967772
0.00639737
0.00301297
-0.000482634
-0.0040968
-0.00783726
-0.0117127
-0.0157398
-0.0194651
-0.0230554
-0.0264453
-0.0296356
-0.0326536
-0.0355179
-0.0382401
-0.0408592
-0.0436331
-0.0463044
-0.0488742
-0.0513365
-0.0537014
-0.0559702
-0.0581436
-0.0602226
-0.0622078
-0.0641006
-0.0659117
-0.0676425
-0.0692946
-0.0708692
-0.0723677
-0.0737912
-0.0751408
-0.0764176
-0.0776224
-0.0787562
-0.0798197
-0.0808135
-0.0817383
-0.0825944
-0.0833822
-0.0841019
-0.084754
-0.0853384
-0.0858549
-0.0863035
-0.0866837
-0.086995
-0.087237
-0.0874091
-0.0875108
-0.0875414
-0.0875004
-0.0873873
-0.0872019
-0.0869436
-0.0866122
-0.0862073
-0.0858163
-0.0852934
-0.0847134
-0.0840499
-0.0833076
-0.0824872
-0.0815869
-0.0806037
-0.0795338
-0.078373
-0.077117
-0.0757615
-0.0743018
-0.0727332
-0.0710511
-0.0692506
-0.0673269
-0.0652753
-0.0630908
-0.0607687
-0.058304
-0.0556916
-0.0529058
-0.0500135
-0.0470316
-0.04404
-0.0408682
-0.0375683
-0.0343211
-0.0309988
-0.0277473
-0.0245093
-0.021283
-0.0180674
-0.0148577
-0.0115249
-0.00807283
-0.00505294
-0.00210695
0.000761191
0.00354542
0.00624678
0.00886749
0.0114653
0.0139806
0.0164168
0.0187018
0.020898
0.0230074
0.0250317
0.0269724
0.0289242
0.0307952
0.0326463
0.0344091
0.0360876
0.0376827
0.0391938
0.0406199
0.0419592
0.0432098
0.0443631
0.0454306
0.0464233
0.0473413
0.0481852
0.0489557
0.0496535
0.0502794
0.0508339
0.0513179
0.0517319
0.0520743
0.0523172
0.0524658
0.0525211
0.0524822
0.0523468
0.0521207
0.0518006
0.0513826
0.0508631
0.050248
0.0495333
0.0487149
0.0477889
0.0467513
0.0455981
0.0443252
0.0429286
0.0414042
0.039748
0.0379494
0.0360682
0.034111
0.0321516
0.0300363
0.0278046
0.0254451
0.0230867
0.0208021
0.0186034
0.0164596
0.0143554
0.0122851
0.0100438
0.00780287
0.00551017
0.0031781
0.000812118
-0.00157954
-0.00398749
-0.00640854
-0.00883685
-0.0112728
-0.0137182
-0.0156837
-0.0175376
-0.0192864
-0.0209324
-0.0224766
-0.0239231
-0.0252817
-0.0266017
-0.0278149
-0.0289216
-0.0299217
-0.0308152
-0.0316018
-0.0322811
-0.0328533
-0.0333198
-0.0336801
-0.0339427
-0.0341141
-0.0341939
-0.0341819
-0.0340776
-0.0338809
-0.0335913
-0.0332085
-0.0327319
-0.0321592
-0.0314595
-0.0306375
-0.0296927
-0.0286209
-0.0275126
-0.0265954
-0.0258253
-0.0251988
-0.024712
-0.0243562
-0.0241283
-0.0240258
-0.0240454
-0.0241838
-0.0244376
-0.0246823
-0.0249524
-0.0252199
-0.025482
-0.0257524
-0.0260426
-0.0263424
-0.0266462
-0.0269324
-0.0271731
-0.0274075
-0.027635
-0.0278586
-0.0280785
-0.0282945
-0.0285067
-0.0287153
-0.0289201
-0.0291212
-0.0293187
-0.0295126
-0.029703
-0.0298898
-0.0300731
-0.0302529
-0.0304294
-0.0306024
-0.0307722
-0.0309386
-0.0311018
-0.0312618
-0.0314187
-0.0315724
-0.0317231
-0.0318707
-0.0320154
-0.0321571
-0.0322959
-0.0324318
-0.032565
-0.0326954
-0.032823
-0.032948
-0.0330704
-0.0331901
-0.0333074
-0.0334221
-0.0335344
-0.0336443
-0.0337518
-0.033857
-0.03396
-0.0340607
-0.0341592
-0.0342573
-0.0343715
-0.0345019
-0.0346503
-0.0348195
-0.0350128
-0.0352339
-0.0354865
-0.0357743
-0.0361009
-0.0364699
-0.0368866
-0.0373565
-0.0378803
-0.0384615
-0.0390049
-0.0394165
-0.0397074
-0.0398806
-0.0399392
-0.0398264
-0.0396192
-0.0393298
-0.038948
-0.0385578
-0.0380203
-0.0376887
-0.0373733
-0.0370737
-0.0367895
-0.036519
-0.0362482
-0.0359728
-0.0356915
-0.0354118
-0.0351345
-0.0348596
-0.0345868
-0.034316
-0.034047
-0.0337797
-0.0335137
-0.0332487
-0.0329846
-0.032721
-0.0324575
-0.0321937
-0.0319294
-0.0316639
-0.0313968
-0.0311274
-0.0308553
-0.0305799
-0.0303048
-0.0300318
-0.0297611
-0.0294928
-0.029227
-0.0289636
-0.0287025
-0.0284439
-0.0281877
-0.0279339
-0.0276825
-0.0274336
-0.0271872
-0.0269433
-0.0267019
-0.026463
-0.0262267
-0.0259911
-0.0260108
-0.026099
-0.0262669
-0.0265232
-0.0268711
-0.0273119
-0.0278442
-0.0284664
-0.0291769
-0.0299739
-0.0308554
-0.0318195
-0.0328646
-0.0339888
-0.0351909
-0.0364694
-0.0378236
-0.0392529
-0.0407581
-0.0420175
-0.0431578
-0.044347
-0.0455509
-0.0466894
-0.0477986
-0.0488992
-0.0499947
-0.0510882
-0.0521884
-0.0532822
-0.0545199
-0.0557214
-0.0569272
-0.0581422
-0.0593636
-0.0605923
-0.0618292
-0.0630754
-0.0643317
-0.0655992
-0.0668789
-0.068172
-0.0694797
-0.070803
-0.0721432
-0.0735017
-0.0748802
-0.0762458
-0.0776183
-0.0790009
-0.0803929
-0.081795
-0.0832083
-0.0846344
-0.0860754
-0.0875326
-0.0890082
-0.0905041
-0.0920222
-0.0935643
-0.0951322
-0.0967276
-0.0983521
-0.100007
-0.101694
-0.103007
-0.104069
-0.104957
-0.105668
-0.106364
-0.106905
-0.107393
-0.107799
-0.108107
-0.108309
-0.108407
-0.108411
-0.108321
-0.10814
-0.107881
-0.107544
-0.107134
-0.106654
-0.106104
-0.105488
-0.104804
-0.104054
-0.103239
-0.102361
-0.101378
-0.100288
-0.0991124
-0.0978542
-0.0965184
-0.0951603
-0.0938644
-0.0924953
-0.0909916
-0.0894537
-0.0878342
-0.0861353
-0.0843577
-0.0825061
-0.080581
-0.0785817
-0.0765065
-0.0743537
-0.0721214
-0.0698076
-0.0674103
-0.0649269
-0.0624581
-0.0599316
-0.0573761
-0.0547895
-0.052168
-0.0495081
-0.0468055
-0.0440547
-0.0413053
-0.0385599
-0.0358284
-0.033095
-0.0303695
-0.0276485
-0.0249304
-0.0222147
-0.0194982
-0.0167782
-0.0140517
-0.0113158
-0.00856798
-0.00580566
-0.00302643
-0.000227947
0.00259202
0.00543561
0.00779244
0.00991901
0.0118668
0.0137853
0.015644
0.0174118
0.0190741
0.0206256
0.0220651
0.0233945
0.0246164
0.0257343
0.0267518
0.0276728
0.0285008
0.029239
0.0298912
0.0304597
0.0309473
0.0313585
0.0316966
0.0319648
0.0320984
0.0320977
0.031995
0.0317986
0.0315646
0.0314251
0.0312273
0.0309709
0.0306546
0.0302766
0.0298354
0.0293305
0.0287691
0.0281555
0.0274905
0.026773
0.0260024
0.0251777
0.0242981
0.0233626
0.0223703
0.02132
0.0202105
0.0190405
0.0178089
0.016514
0.0151546
0.0137289
0.0122354
0.010672
0.00903689
0.00732811
0.00554357
0.00368093
0.0017376
-0.00028922
-0.00240267
-0.00460495
-0.00689772
-0.00927587
-0.0117343
-0.0142756
-0.0169025
-0.0195164
-0.0222586
-0.0250556
-0.0279105
-0.0308262
-0.0338056
-0.0368528
-0.0399756
-0.043203
-0.0465368
-0.0498689
-0.0527189
-0.0553734
-0.0578661
-0.0602001
-0.0623793
-0.0644077
-0.0662898
-0.0680393
-0.0696606
-0.0711544
-0.0725235
-0.0737714
-0.0749017
-0.0759174
-0.0768225
-0.077621
-0.078259
-0.0787367
-0.0790802
-0.0793028
-0.0794273
-0.0794616
-0.0796042
-0.0796642
-0.0796529
-0.0795715
-0.0794199
-0.0791975
-0.0789033
-0.0785359
-0.078095
-0.0775862
-0.0770064
-0.076348
-0.0756118
-0.0747985
-0.0739079
-0.072939
-0.071891
-0.0707626
-0.0695524
-0.068259
-0.0668808
-0.0654162
-0.0638632
-0.06222
-0.0604847
-0.0586559
-0.0567317
-0.05471
-0.0525886
-0.0503652
-0.0480388
-0.0457105
-0.0433828
-0.0410532
-0.0387192
-0.0363782
-0.0340279
-0.0316659
-0.0292899
-0.0268979
-0.024488
-0.0220583
-0.0196069
-0.0171322
-0.0151745
-0.0133384
-0.0115835
-0.00993472
-0.00840849
-0.00701143
-0.00574497
-0.00460788
-0.00359759
-0.00271101
-0.00194458
-0.00129457
-0.000757244
-0.000328988
-6.39165e-06
0.000213502
0.00033232
0.000352998
0.000289038
0.000156418
-9.52729e-05
-0.000464587
-0.000934641
-0.00150035
-0.00209733
-0.0026569
-0.00328339
-0.00397861
-0.00474416
-0.00558187
-0.00649355
-0.00748017
-0.00853589
-0.00966158
-0.0108582
-0.0121267
-0.0134682
-0.014884
-0.0163754
-0.0179435
-0.0195895
-0.0213147
-0.0231204
-0.0250081
-0.0269794
-0.0290359
-0.0311795
-0.033412
-0.0357353
-0.0381515
-0.0406617
-0.0432633
-0.045956
-0.0487439
-0.0516332
-0.0545306
-0.0574312
-0.0603378
-0.0632566
-0.0661894
-0.0691372
-0.072103
-0.0750896
-0.0780996
-0.0811356
-0.0842001
-0.0872955
-0.0904094
-0.0935423
-0.0962234
-0.0986307
-0.100959
-0.103236
-0.105425
-0.107508
-0.109476
-0.111329
-0.113068
-0.114695
-0.116213
-0.117627
-0.11894
-0.120156
-0.12128
-0.122315
-0.123264
-0.124132
-0.124922
-0.125637
-0.12628
-0.126815
-0.127236
-0.127566
-0.127817
-0.127993
-0.128101
-0.128273
-0.12838
-0.128419
-0.128397
-0.128318
-0.128181
-0.127986
-0.127732
-0.127418
-0.127039
-0.126595
-0.126093
-0.125531
