-0.00109952
-0.00260092
-0.00419277
-0.00575238
-0.00723888
-0.00863181
-0.00992691
-0.0111259
-0.0122329
-0.0132521
-0.0141881
-0.0150456
-0.015829
-0.0165424
-0.0171898
-0.017775
-0.0183016
-0.0187729
-0.0191922
-0.0195625
-0.0198866
-0.0201672
-0.020407
-0.0206083
-0.0207734
-0.0209046
-0.0210038
-0.0210731
-0.0211143
-0.0211292
-0.0211194
-0.0210865
-0.021032
-0.0209573
-0.0208638
-0.0207528
-0.0206253
-0.0204827
-0.020326
-0.0201561
-0.019974
-0.0197806
-0.0195767
-0.0193632
-0.0191407
-0.01891
-0.0186718
-0.0184267
-0.0181753
-0.0179183
-0.017656
-0.0173892
-0.0171181
-0.0168435
-0.0165655
-0.0162848
-0.0160017
-0.0157165
-0.0154297
-0.0151415
-0.0148523
-0.0145624
-0.0142721
-0.0139817
-0.0136915
-0.0134016
-0.0131123
-0.0128239
-0.0125365
-0.0122503
-0.0119643
-0.0116793
-0.0114021
-0.0111305
-0.0108618
-0.0105952
-0.0103303
-0.0100672
-0.00980595
-0.00954664
-0.00928943
-0.00903445
-0.00878184
-0.00853173
-0.00828425
-0.00803951
-0.00779764
-0.00755872
-0.00732287
-0.00709018
-0.00686075
-0.00663464
-0.00641192
-0.00619263
-0.00597683
-0.00576456
-0.00555588
-0.00535082
-0.00514942
-0.0049518
-0.00475788
-0.0045677
-0.00438131
-0.00419875
-0.00402005
-0.00384523
-0.00367431
-0.00350727
-0.0033441
-0.00318475
-0.00302253
-0.00286171
-0.00270408
-0.00255037
-0.00240086
-0.00225564
-0.00211472
-0.00197806
-0.00184563
-0.00171738
-0.00159432
-0.00147628
-0.00136311
-0.00125468
-0.00115086
-0.00105153
-0.000956554
-0.000865805
-0.000779119
-0.000696364
-0.000617459
-0.000542253
-0.00047061
-0.000402398
-0.000337491
-0.000275762
-0.000217091
-0.000161352
-9.91865e-05
-2.7498e-05
3.97085e-05
0.000102944
0.000159
0.000194865
0.000212247
0.00021776
0.000218956
0.000218978
0.00021911
0.000219831
0.000235211
0.000283365
0.000383191
0.000553384
0.00080266
0.00113335
0.00154612
0.00197429
0.00242066
0.0028961
0.00338569
0.00387984
0.00437148
0.00485472
0.00532433
0.00577538
0.00620313
0.0066029
0.00697176
0.00730945
0.00761706
0.00789597
0.00814771
0.00837379
0.00857565
0.00875468
0.0089122
0.00904942
0.00916752
0.00926758
0.00935065
0.00941769
0.00946963
0.00950734
0.00953159
0.00954314
0.00954271
0.009531
0.00950865
0.00947631
0.0094345
0.00938379
0.00932474
0.0092579
0.00918377
0.00910284
0.00901556
0.00892238
0.00882369
0.00871989
0.00861139
0.00849853
0.00838168
0.00826119
0.00813737
0.00801053
0.00788098
0.00774898
0.00761481
0.00747873
0.00734069
0.00719789
0.00705026
0.00689981
0.00674775
0.0065947
0.00644158
0.00628836
0.0061351
0.00598192
0.00582897
0.00567637
0.00552426
0.00537274
0.00522194
0.00507196
0.0049229
0.00477485
0.00462788
0.00448209
0.00433755
0.00418889
0.00403976
0.00389168
0.00374534
0.00360103
0.00345889
0.00331897
0.00318129
0.0030459
0.00291277
0.0027819
0.0026533
0.00252694
0.00240285
0.002281
0.0021614
0.00204406
0.00192895
0.00181608
0.00170546
0.00159708
0.00149097
0.00138713
0.00128557
0.00118629
0.00108929
0.000994576
0.000902137
0.000811964
0.000723924
0.000638002
0.000554181
0.000472429
0.000392724
0.000315045
0.000239369
0.000165665
9.39036e-05
2.40559e-05
-4.38899e-05
-0.000109491
-0.000173087
-0.000234835
-0.000294817
-0.000353084
-0.000409678
-0.000464634
-0.000517987
-0.000569731
-0.000614686
-0.000659644
-0.000706225
-0.000752312
-0.000796982
-0.000839961
-0.00088102
-0.000918116
-0.000949577
-0.000974626
-0.000993406
-0.00100686
-0.00101657
-0.00102467
-0.00103215
-0.00103943
-0.00104669
-0.00105395
-0.00106119
-0.00106839
-0.00107549
-0.00108245
-0.00108924
-0.00109582
-0.00110216
-0.00110823
-0.00111401
-0.00111947
-0.0011246
-0.00112937
-0.00113378
-0.00113781
-0.00114145
-0.0011447
-0.00114754
-0.00114997
-0.00115198
-0.00115358
-0.00115476
-0.00115552
-0.00115587
-0.0011558
-0.00115531
-0.00115442
-0.00115313
-0.00115144
-0.00114936
-0.0011469
-0.00114405
-0.00114084
-0.0011381
-0.00113528
-0.00113215
-0.00112864
-0.00112472
-0.00112038
-0.00111564
-0.00111049
-0.00110496
-0.00109905
-0.00109279
-0.00108617
-0.00107921
-0.00107191
-0.0010643
-0.00105637
-0.00104813
-0.0010396
-0.00103078
-0.00102167
-0.00101227
-0.00100264
-0.000992851
-0.000982977
-0.000973064
-0.000963169
-0.000953336
-0.00102404
-0.00122793
-0.00157679
-0.00206989
-0.00270316
-0.0034723
-0.00437378
-0.00535255
-0.00633524
-0.0072768
-0.00816069
-0.0089824
-0.00974209
-0.0104419
-0.0110846
-0.0116734
-0.0122113
-0.0127013
-0.0131461
-0.0135483
-0.0139105
-0.014235
-0.0145239
-0.0147794
-0.0149913
-0.0151583
-0.0152821
-0.0153659
-0.0154132
-0.0154278
-0.0154133
-0.0153738
-0.0153133
-0.0152364
-0.0151471
-0.0150472
-0.0149381
-0.0148204
-0.0146949
-0.0145622
-0.0144228
-0.0142772
-0.0141259
-0.0139694
-0.0138079
-0.013642
-0.0134722
-0.0132986
-0.0131219
-0.0129423
-0.0127601
-0.0125757
-0.0123895
-0.0122016
-0.0120124
-0.0118223
-0.0116314
-0.0114399
-0.0112482
-0.0110565
-0.0108649
-0.0106736
-0.010483
-0.0102927
-0.0101031
-0.00991449
-0.00972711
-0.00954113
-0.00935682
-0.00917437
-0.00899399
-0.00893737
-0.00904891
-0.00934465
-0.00983003
-0.0105067
-0.0113751
-0.0124276
-0.0136239
-0.0149011
-0.0161949
-0.0174468
-0.018622
-0.0197096
-0.0207083
-0.0216165
-0.0224333
-0.0231692
-0.0238175
-0.0243914
-0.0248992
-0.0253465
-0.0257376
-0.0260762
-0.0263656
-0.026609
-0.0268091
-0.0269686
-0.0270901
-0.0271759
-0.0272282
-0.027249
-0.0272405
-0.0272043
-0.0271423
-0.027056
-0.0269471
-0.026817
-0.0266672
-0.026499
-0.0263138
-0.0261127
-0.0258969
-0.0256675
-0.0254257
-0.0251724
-0.0249087
-0.0246353
-0.0243532
-0.0240591
-0.0237564
-0.0234469
-0.0231318
-0.0228119
-0.022488
-0.0221607
-0.0218305
-0.021498
-0.0211636
-0.0208277
-0.0204909
-0.0201536
-0.0198161
-0.0194781
-0.0191435
-0.0188137
-0.018487
-0.0181629
-0.0178402
-0.017518
-0.0171964
-0.0168755
-0.0165558
-0.0162375
-0.0159209
-0.0156061
-0.0152934
-0.0149829
-0.0146749
-0.0143696
-0.014067
-0.0137674
-0.0134708
-0.0131775
-0.0128875
-0.0126009
-0.0123177
-0.0120381
-0.011762
-0.0114897
-0.011221
-0.0109562
-0.0106952
-0.010438
-0.0101848
-0.00993544
-0.00969003
-0.0094486
-0.00921115
-0.00897772
-0.00874831
-0.00852295
-0.00830164
-0.00808439
-0.00787125
-0.00766225
-0.00745741
-0.00725675
-0.0070603
-0.00686806
-0.00668003
-0.00649622
-0.00631662
-0.00614122
-0.00597002
-0.005803
-0.00564014
-0.00548142
-0.00532682
-0.0051763
-0.00502983
-0.00488736
-0.00474885
-0.0046143
-0.00448365
-0.00435688
-0.00423393
-0.00411476
-0.00399933
-0.00388756
-0.00377938
-0.00367472
-0.00357349
-0.0034754
-0.00338619
-0.00330699
-0.00323496
-0.00316627
-0.00309936
-0.0030385
-0.00298042
-0.00292377
-0.00286808
-0.00281334
-0.00275961
-0.00270703
-0.00265572
-0.00260586
-0.00255751
-0.00251071
-0.00246547
-0.00242179
-0.00237967
-0.0023391
-0.00230006
-0.00226254
-0.00222652
-0.00219198
-0.00215889
-0.00212724
-0.00209701
-0.00206817
-0.00204071
-0.00201458
-0.00198978
-0.00196626
-0.00194402
-0.00192301
-0.00190323
-0.00188463
-0.0018672
-0.00185091
-0.00183574
-0.00182166
-0.00180865
-0.00179668
-0.00178574
-0.00177578
-0.0017668
-0.00175876
-0.00175164
-0.00174541
-0.00174005
-0.00173553
-0.00173183
-0.00172895
-0.00172688
-0.00172562
-0.00172515
-0.00172547
-0.00172656
-0.0017284
-0.00173099
-0.0017343
-0.00173832
-0.00174304
-0.00174843
-0.00175449
-0.00176119
-0.00176851
-0.00177644
-0.00178496
-0.00179405
-0.00180371
-0.00181402
-0.00182513
-0.0018732
-0.00196949
-0.00211319
-0.00229924
-0.00252112
-0.00277181
-0.00304449
-0.00331568
-0.00356437
-0.00378346
-0.00397417
-0.00414107
-0.0042917
-0.00442961
-0.00455662
-0.00467382
-0.00478196
-0.00488164
-0.00497337
-0.00505764
-0.00513486
-0.00520544
-0.00526978
-0.00532821
-0.00538108
-0.00542871
-0.00547138
-0.00550052
-0.00551454
-0.0055146
-0.00550288
-0.00548192
-0.00545472
-0.00542492
-0.00539406
-0.00536279
-0.00533137
-0.00529991
-0.00526847
-0.00523707
-0.00520572
-0.00517445
-0.00514325
-0.00511214
-0.00508104
-0.00504992
-0.0050188
-0.00498768
-0.00495659
-0.00492548
-0.00489434
-0.00486314
-0.00483189
-0.00480057
-0.00476919
-0.00473774
-0.00470622
-0.00467465
-0.00464304
-0.0046114
-0.00457974
-0.00454808
-0.00451644
-0.00448484
-0.00445329
-0.00442182
-0.00439043
-0.00435911
-0.00433052
-0.00430451
-0.00427884
-0.00425249
-0.00422499
-0.00419614
-0.00415948
-0.00411129
-0.00405156
-0.00398297
-0.00390858
-0.00383094
-0.00375249
-0.00367564
-0.00360157
-0.00353068
-0.00346305
-0.00339861
-0.00333726
-0.00327887
-0.0032233
-0.00317042
-0.00312009
-0.00307123
-0.00302435
-0.00297963
-0.00293705
-0.00289658
-0.00285813
-0.00282162
-0.00278695
-0.00275405
-0.00272283
-0.00268977
-0.00265445
-0.00261825
-0.00258283
-0.00254884
-0.00251648
-0.00248583
-0.00245685
-0.0024295
-0.00240371
-0.00237942
-0.00235657
-0.0023351
-0.00231494
-0.00229604
-0.00227837
-0.00226194
-0.00224675
-0.00223274
-0.0022199
-0.0022082
-0.00219762
-0.00218812
-0.00217969
-0.0021723
-0.00216591
-0.00216052
-0.00215608
-0.00215258
-0.00214998
-0.00214826
-0.00214739
-0.00214731
-0.002148
-0.00214941
-0.00215152
-0.00215429
-0.00216081
-0.00217162
-0.00218634
-0.00220499
-0.00222548
-0.00224668
-0.00226819
-0.0022898
-0.00231136
-0.00233272
-0.00235376
-0.00237435
-0.00239445
-0.00241407
-0.00243325
-0.002452
-0.00247038
-0.0024884
-0.00250609
-0.00252348
-0.0025406
-0.00255747
-0.00257411
-0.00259055
-0.0026068
-0.00262288
-0.00263881
-0.00265461
-0.00267029
-0.00268587
-0.00270136
-0.00271677
-0.00273213
-0.00274743
-0.0027627
-0.00277795
-0.00279318
-0.00280841
-0.00282365
-0.0028389
-0.00285416
-0.00286945
-0.00288477
-0.0029001
-0.00291546
-0.00293083
-0.00294623
-0.00296165
-0.0029771
-0.00299255
-0.00300803
-0.00302354
-0.00303908
-0.00305466
-0.00307018
-0.00308555
-0.00310072
-0.00311568
-0.00313038
-0.00314481
-0.00315894
-0.00317275
-0.00318621
-0.00319929
-0.00321197
-0.00322422
-0.00323605
-0.00324744
-0.00325839
-0.00326894
-0.00328194
-0.00329759
-0.00331379
-0.00332946
-0.00334404
-0.00335676
-0.0033651
-0.0033671
-0.00336157
-0.00334806
-0.00332677
-0.00329845
-0.00326431
-0.0032259
-0.00318509
-0.00314392
-0.0031043
-0.00306692
-0.00303197
-0.00299942
-0.00296917
-0.0029411
-0.00291506
-0.00289091
-0.00286853
-0.00284779
-0.00282859
-0.00281081
-0.00279436
-0.00277913
-0.00276505
-0.00275203
-0.00273999
-0.00272886
-0.00271858
-0.0027091
-0.00270034
-0.00269228
-0.00268487
-0.00267808
-0.00267189
-0.00266626
-0.00266116
-0.00265656
-0.00265243
-0.00264875
-0.00264549
-0.00264261
-0.00264009
-0.00263791
-0.00263608
-0.00263461
-0.00263351
-0.00263277
-0.00263243
-0.00263249
-0.00263298
-0.0026339
-0.00263526
-0.00263706
-0.00263933
-0.00264205
-0.00264523
-0.00264887
-0.00265296
-0.00265751
-0.00266248
-0.00266786
-0.00267365
-0.00267983
-0.00268931
-0.00270242
-0.00271833
-0.00273691
-0.00275695
-0.0027776
-0.00279862
-0.00281984
-0.00284107
-0.00286218
-0.00288299
-0.00290337
-0.00292326
-0.00294269
-0.00296167
-0.00298023
-0.00299841
-0.00301624
-0.00303374
-0.00305095
-0.00306789
-0.00308459
-0.00310108
-0.00311738
-0.00313349
-0.00314944
-0.00316523
-0.00318088
-0.00319639
-0.0032118
-0.0032271
-0.00324233
-0.00325748
-0.00327257
-0.00328762
-0.00330261
-0.00331756
-0.00333245
-0.0033473
-0.00336214
-0.00337696
-0.00339177
-0.00340656
-0.00342132
-0.00343605
-0.00345074
-0.00346539
-0.00348
-0.00349457
-0.00350901
-0.00352326
-0.00353735
-0.00355124
-0.00356492
-0.00357833
-0.00359145
-0.00360424
-0.00361668
-0.00362874
-0.0036404
-0.00365165
-0.00366247
-0.00367285
-0.00368278
-0.00369226
-0.00370129
-0.00370986
-0.00371797
-0.00372563
-0.00373286
-0.00374245
-0.0037545
-0.00376644
-0.00377707
-0.00378584
-0.0037925
-0.00379143
-0.00377977
-0.00375846
-0.0037291
-0.00369311
-0.00365207
-0.0036077
-0.00356197
-0.00351705
-0.00347411
-0.00343363
-0.0033957
-0.00336029
