0.000199604
0.000348181
0.000448996
0.000529376
0.000549448
0.000541684
0.000521938
0.000467259
0.000397774
0.000304331
0.000201346
8.41161e-05
-4.78747e-05
-0.00019412
-0.000353928
-0.000526547
-0.000711194
-0.00090708
-0.00111342
-0.00132943
-0.00155434
-0.00178741
-0.00202791
-0.00227514
-0.00252802
-0.00278587
-0.00304699
-0.00331067
-0.00357534
-0.0038403
-0.0041049
-0.00436855
-0.00463074
-0.00489101
-0.00514896
-0.00540427
-0.00565672
-0.00590687
-0.00615485
-0.00640054
-0.00664383
-0.00688465
-0.00712293
-0.00735862
-0.00759168
-0.00782209
-0.00804984
-0.00827495
-0.00849743
-0.00871732
-0.00893464
-0.00914943
-0.00936174
-0.00957162
-0.00977911
-0.00998427
-0.0101872
-0.0103881
-0.0105873
-0.0107849
-0.0109809
-0.0111753
-0.0113679
-0.0115588
-0.0117478
-0.0119347
-0.0121196
-0.0123023
-0.0124828
-0.012661
-0.0127941
-0.0128993
-0.0129839
-0.0130513
-0.0131032
-0.0131403
-0.0131632
-0.0131724
-0.0131684
-0.0131515
-0.0131221
-0.0130807
-0.0130277
-0.0129635
-0.0128885
-0.0128032
-0.0127082
-0.0126037
-0.0124903
-0.0123685
-0.0122387
-0.0121014
-0.0119572
-0.0118064
-0.0116495
-0.0114871
-0.0113196
-0.0111474
-0.010971
-0.0107908
-0.0106074
-0.010421
-0.0102322
-0.0100414
-0.00984892
-0.00965523
-0.00946071
-0.00926571
-0.00907061
-0.00887575
-0.00868144
-0.00848798
-0.00829565
-0.00810471
-0.00791543
-0.00772805
-0.0075428
-0.00735991
-0.00717959
-0.00700204
-0.00682753
-0.00665632
-0.00648855
-0.00632439
-0.00616399
-0.00600752
-0.00585509
-0.00570684
-0.00556287
-0.00542328
-0.00528816
-0.00515757
-0.00503153
-0.00491007
-0.00479316
-0.00468079
-0.00457294
-0.00446959
-0.00437073
-0.00427636
-0.00418636
-0.00410047
-0.00401853
-0.00394042
-0.0038661
-0.00379551
-0.00372863
-0.00366534
-0.00360553
-0.00354908
-0.0034959
-0.00344588
-0.00339893
-0.00335488
-0.00331359
-0.00327485
-0.00323846
-0.00320481
-0.00317388
-0.00314546
-0.00311953
-0.00309603
-0.00307487
-0.00305595
-0.00303916
-0.0030244
-0.00301157
-0.00300057
-0.00299131
-0.00298372
-0.00297769
-0.00297315
-0.00297002
-0.00296821
-0.00296764
-0.00296823
-0.00296989
-0.00297256
-0.00297614
-0.00298056
-0.00298575
-0.00299162
-0.0029981
-0.00300513
-0.00301268
-0.00302067
-0.00302903
-0.00303767
-0.00304655
-0.00305558
-0.00306471
-0.00307391
-0.00308314
-0.00309235
-0.0031015
-0.00311054
-0.00311941
-0.00312807
-0.00313646
-0.00314453
-0.00315223
-0.00315951
-0.00316633
-0.00317263
-0.00317837
-0.00318353
-0.00318808
-0.00319199
-0.00319525
-0.00319784
-0.00319976
-0.00320108
-0.00320185
-0.00320214
-0.003202
-0.00320142
-0.00320039
-0.00319887
-0.0031968
-0.00319416
-0.00319092
-0.00318707
-0.00318257
-0.00317742
-0.00317161
-0.0031651
-0.00315791
-0.00315002
-0.00314142
-0.00313211
-0.0031221
-0.00311138
-0.00309998
-0.00308794
-0.00307531
-0.00306212
-0.00304839
-0.00303418
-0.0030195
-0.00300437
-0.00298883
-0.00297289
-0.00295658
-0.00293992
-0.00292292
-0.00290563
-0.00288805
-0.00287021
-0.00285213
-0.00283383
-0.00281535
-0.00279668
-0.00277787
-0.00275891
-0.00273985
-0.00272069
-0.00270146
-0.00268217
-0.00266286
-0.00264354
-0.00262424
-0.002605
-0.00258582
-0.00256671
-0.00254769
-0.00252877
-0.00250998
-0.00249132
-0.0024728
-0.00245442
-0.0024362
-0.00241816
-0.0024003
-0.00238264
-0.00236518
-0.00234794
-0.00233092
-0.00231413
-0.00229759
-0.00228133
-0.00226536
-0.0022496
-0.00223394
-0.00221829
-0.00220254
-0.00218662
-0.00217049
-0.00215421
-0.00213784
-0.00212141
-0.00210498
-0.00208858
-0.00207225
-0.00205604
-0.00204001
-0.00202424
-0.00200879
-0.00199371
-0.00197902
-0.00196471
-0.0019508
-0.00193729
-0.00192417
-0.00191145
-0.00189912
-0.00188719
-0.00187565
-0.00186449
-0.00185372
-0.00184333
-0.00183331
-0.00182366
-0.00181438
-0.00180545
-0.00179688
-0.00178865
-0.00178075
-0.00177319
-0.00176594
-0.00175901
-0.00175238
-0.00174605
-0.00174001
-0.00173424
-0.00172874
-0.00172349
-0.00171848
-0.00171369
-0.00170911
-0.00170473
-0.00170056
-0.00169659
-0.00169281
-0.00168922
-0.00168581
-0.00168257
-0.00167949
-0.00167656
-0.00167377
-0.00167112
-0.0016686
-0.00166619
-0.0016639
-0.0016617
-0.0016596
-0.00165759
-0.00165566
-0.00165379
-0.00165199
-0.00165025
-0.00164855
-0.00164688
-0.00164521
-0.0016435
-0.00164167
-0.00163968
-0.00163748
-0.00163546
-0.00163352
-0.00163129
-0.00162829
-0.00162399
-0.00161782
-0.00160919
-0.00159846
-0.00158667
-0.00157472
-0.00156316
-0.00155231
-0.00154237
-0.0015335
-0.0015258
-0.00151935
-0.0015142
-0.00151038
-0.0015079
-0.00150676
-0.00150696
-0.00150849
-0.00151132
-0.00151543
-0.00152122
-0.00152877
-0.00153801
-0.00154882
-0.00156103
-0.00157445
-0.00158888
-0.00160409
-0.00161985
-0.00163586
-0.00165191
-0.00166784
-0.00168358
-0.00169907
-0.00171427
-0.00172913
-0.00174363
-0.00175773
-0.00177141
-0.00178463
-0.00179738
-0.00180963
-0.00182137
-0.00183258
-0.00184325
-0.00185337
-0.00186293
-0.00187192
-0.00188033
-0.00188817
-0.00189543
-0.00190211
-0.0019082
-0.00191372
-0.00191867
-0.00192304
-0.00192685
-0.0019301
-0.0019328
-0.00193494
-0.00193637
-0.00193691
-0.00193633
-0.00193445
-0.00193108
-0.00192599
-0.00191896
-0.00190563
-0.00188475
-0.00185627
-0.00182061
-0.00177844
-0.00173052
-0.00167739
-0.00162134
-0.00156517
-0.00151135
-0.00146185
-0.0014175
-0.00137831
-0.00134393
-0.00131398
-0.00128807
-0.00126573
-0.00124657
-0.00123003
-0.00121575
-0.00120347
-0.00119295
-0.00118403
-0.00117653
-0.0011703
-0.00116522
-0.00116119
-0.00115812
-0.00115593
-0.00115456
-0.00115396
-0.00115408
-0.00115488
-0.00115632
-0.00115837
-0.001161
-0.00116417
-0.00116786
-0.00117205
-0.00117671
-0.00118182
-0.00118734
-0.00119327
-0.00119959
-0.00120626
-0.00121327
-0.0012206
-0.00122823
-0.00123612
-0.00124424
-0.00125257
-0.00126107
-0.00126968
-0.00127839
-0.00128716
-0.00129597
-0.00130479
-0.00131358
-0.00132233
-0.00133102
-0.00133964
-0.0013482
-0.00135662
-0.00136492
-0.00137311
-0.00138122
-0.00138925
-0.00139721
-0.00140504
-0.00141271
-0.00142018
-0.00142744
-0.00143446
-0.00144124
-0.00144778
-0.00145406
-0.00146008
-0.00146584
-0.00147134
-0.00147656
-0.00148152
-0.0014862
-0.00149061
-0.00149475
-0.00149861
-0.0015022
-0.0015055
-0.00150854
-0.0015113
-0.00151378
-0.001516
-0.00151795
-0.00151964
-0.00152107
-0.00152224
-0.00152317
-0.00152385
-0.00152429
-0.0015245
-0.00152448
-0.00152425
-0.0015238
-0.00152316
-0.00152232
-0.0015213
-0.0015201
-0.00151875
-0.00151724
-0.0015156
-0.00151382
-0.00151192
-0.00150991
-0.00150779
-0.00150558
-0.00150329
-0.00150092
-0.00149849
-0.00149599
-0.00149344
-0.00149085
-0.00148822
-0.00148557
-0.00148289
-0.00148019
-0.00147749
-0.00147479
-0.0014721
-0.00146941
-0.00146673
-0.00146405
-0.00146138
-0.00145873
-0.00145608
-0.00145335
-0.00145043
-0.00144723
-0.00144364
-0.00143952
-0.00143494
-0.00142998
-0.00142471
-0.0014192
-0.00141351
-0.00140769
-0.0014018
-0.00139591
-0.00139011
-0.00138444
-0.00137893
-0.00137359
-0.00136842
-0.00136344
-0.00135865
-0.00135406
-0.00134966
-0.00134546
-0.00134146
-0.00133767
-0.00133409
-0.00133071
-0.00132754
-0.00132458
-0.00132183
-0.00131928
-0.00131694
-0.0013148
-0.00131287
-0.00131114
-0.00130961
-0.00130828
-0.00130713
-0.00130618
-0.00130542
-0.00130484
-0.00130443
-0.00130421
-0.00130415
-0.00130426
-0.00130454
-0.00130497
-0.00130555
-0.00130628
-0.00130715
-0.00130816
-0.00130933
-0.00131065
-0.00131213
-0.00131375
-0.00131551
-0.00131739
-0.00131939
-0.00132148
-0.00132366
-0.00132594
-0.00132829
-0.00133072
-0.00133322
-0.00133578
-0.00133841
-0.00134108
-0.00134381
-0.00134659
-0.0013494
-0.00135222
-0.00135501
-0.00135821
-0.0013619
-0.00136602
-0.00137048
-0.00137517
-0.00138
-0.00138489
-0.00138985
-0.00139493
-0.00140017
-0.00140562
-0.00141128
-0.00141711
-0.00142312
-0.00142927
-0.00143556
-0.00144198
-0.00144853
-0.00145519
-0.00146197
-0.00146887
-0.00147588
-0.00148299
-0.00149022
-0.00149754
-0.00150498
-0.00151252
-0.00152016
-0.00152789
-0.00153565
-0.00154338
-0.00155101
-0.00155847
-0.00156568
-0.00157261
-0.00157924
-0.00158556
-0.00159158
-0.00159729
-0.0016027
-0.00160779
-0.00161259
-0.00161708
-0.00162128
-0.00162524
-0.00162902
-0.00163262
-0.00163601
-0.0016392
-0.00164221
-0.00164503
-0.00164768
-0.00165018
-0.00165252
-0.0016547
-0.00165671
-0.00165855
-0.00166021
-0.00166169
-0.00166297
-0.00166405
-0.00166492
-0.00166559
-0.00166603
-0.00166626
-0.00166628
-0.0016661
-0.00166571
-0.001665
-0.00166383
-0.0016621
-0.00165969
-0.0016565
-0.00165244
-0.00164757
-0.00164202
-0.00163592
-0.00162941
-0.00162262
-0.00161566
-0.00160861
-0.00160151
-0.00159436
-0.0015872
-0.00158004
-0.0015729
-0.0015658
-0.00155875
-0.00155178
-0.00154489
-0.0015381
-0.00153144
-0.00152495
-0.00151865
-0.00151258
-0.00150676
-0.00150121
-0.00149596
-0.00149102
-0.00148642
-0.00148216
-0.0014782
-0.0014745
-0.00147103
-0.00146778
-0.00146473
-0.00146189
-0.00145924
-0.0014568
-0.00145455
-0.00145251
-0.00145067
-0.00144902
-0.00144757
-0.00144631
-0.00144524
-0.00144443
-0.00144387
-0.00144358
-0.00144353
-0.00144373
-0.0014442
-0.00144493
-0.00144593
-0.00144719
-0.0014487
-0.00145046
-0.00145245
-0.00145466
-0.00145707
-0.00145967
-0.00146245
-0.00146537
-0.00146843
-0.00147159
-0.00147484
-0.00147816
-0.00148154
-0.00148506
-0.00148885
-0.00149303
-0.00149772
-0.00150293
-0.00150861
-0.0015147
-0.00152113
-0.00152782
-0.00153471
-0.00154168
-0.00154866
-0.00155558
-0.00156241
-0.00156914
-0.00157577
-0.00158228
-0.00158866
-0.0015949
-0.001601
-0.00160694
-0.00161272
-0.00161834
-0.00162378
-0.00162904
-0.00163412
-0.001639
-0.00164369
-0.00164819
-0.00165248
-0.00165656
-0.00166043
-0.0016641
-0.00166754
-0.00167077
-0.00167377
-0.00167656
-0.00167911
-0.00168143
-0.00168352
-0.00168539
-0.00168705
-0.00168854
-0.00168984
-0.00169099
-0.00169201
-0.00169292
-0.00169373
-0.00169446
-0.00169512
-0.00169574
-0.00169631
-0.00169684
-0.00169734
-0.00169789
-0.00169852
-0.00169923
-0.00170001
-0.00170084
-0.00170171
-0.0017026
-0.0017035
-0.0017044
-0.00170529
-0.00170617
-0.00170702
-0.00170783
-0.00170861
-0.00170933
-0.00171
-0.00171046
-0.00171057
-0.00171022
-0.00170927
-0.00170763
-0.00170522
-0.00170212
-0.00169844
-0.00169429
-0.00168976
-0.00168493
-0.00167988
-0.00167469
-0.00166945
-0.00166423
-0.00165905
-0.00165392
-0.00164884
-0.00164383
-0.00163888
-0.00163401
-0.00162921
-0.0016245
-0.00161988
-0.00161535
-0.00161091
-0.00160657
-0.00160234
-0.00159821
-0.00159418
-0.00159025
-0.00158644
-0.00158272
-0.00157911
-0.0015756
-0.00157219
-0.00156886
-0.00156563
-0.00156251
-0.00155952
-0.00155668
-0.00155399
-0.00155149
-0.00154917
-0.00154707
-0.00154518
-0.00154352
-0.00154209
-0.00154091
-0.00153998
-0.00153938
-0.00153908
-0.00153906
-0.00153933
-0.00153988
-0.00154072
-0.00154184
-0.00154323
-0.00154489
-0.00154679
-0.00154893
-0.0015513
-0.00155386
-0.00155662
-0.00155955
-0.00156263
-0.00156583
-0.00156914
-0.00157255
-0.00157604
-0.00157973
-0.00158375
-0.00158826
-0.00159338
-0.00159913
-0.00160546
-0.0016123
-0.00161956
-0.00162715
-0.00163497
-0.0016429
-0.00165085
-0.00165874
-0.00166656
-0.00167427
-0.00168187
-0.00168935
-0.00169668
-0.00170387
-0.0017109
-0.00171777
-0.00172446
-0.00173096
-0.00173726
-0.00174335
-0.00174921
-0.00175481
-0.00176015
-0.00176521
-0.00176996
-0.00177438
-0.00177847
-0.00178223
-0.00178568
-0.00178883
-0.00179171
-0.00179431
-0.00179668
-0.00179884
-0.00180082
-0.00180266
-0.00180435
-0.00180591
-0.00180735
-0.00180869
-0.00180993
-0.0018111
-0.0018122
-0.00181326
-0.00181439
-0.00181567
-0.00181708
-0.00181862
-0.0018203
-0.00182213
-0.00182409
-0.0018262
-0.00182843
-0.00183078
-0.00183323
-0.00183578
-0.0018384
-0.00184108
-0.0018438
-0.00184656
-0.00184932
-0.00185209
-0.00185483
-0.00185752
-0.00186017
-0.00186262
-0.0018647
-0.00186627
-0.0018672
-0.00186733
-0.00186656
-0.00186493
-0.00186257
-0.00185957
-0.00185603
-0.00185202
-0.0018476
-0.00184283
-0.00183776
-0.00183244
-0.00182698
-0.00182147
-0.00181595
-0.00181045
