9.98019e-07
3.73694e-06
7.72283e-06
1.26147e-05
1.80088e-05
2.34645e-05
2.87826e-05
3.37286e-05
3.80537e-05
4.15643e-05
4.40926e-05
4.552e-05
4.57012e-05
4.44912e-05
4.17509e-05
3.73486e-05
3.11599e-05
2.30685e-05
1.2966e-05
7.51795e-07
-1.3667e-05
-3.03758e-05
-4.94525e-05
-7.09677e-05
-9.49835e-05
-0.000121553
-0.000150717
-0.000182506
-0.000216936
-0.000254014
-0.00029374
-0.000336107
-0.000381103
-0.000428712
-0.000478912
-0.000531678
-0.000586983
-0.000644801
-0.00070511
-0.000767887
-0.000833109
-0.000900751
-0.000970789
-0.0010432
-0.00111795
-0.00119502
-0.00127438
-0.001356
-0.00143986
-0.00152594
-0.0016142
-0.00170462
-0.00179717
-0.00189184
-0.00198859
-0.00208741
-0.00218827
-0.00229114
-0.00239602
-0.00250288
-0.00261171
-0.00272249
-0.00283521
-0.00294984
-0.00306637
-0.00318479
-0.00330506
-0.00342717
-0.00355109
-0.00367681
-0.00380409
-0.00393255
-0.00406197
-0.00419215
-0.00432292
-0.00445414
-0.00458565
-0.00471733
-0.00484903
-0.00498063
-0.005112
-0.00524302
-0.00537356
-0.00550351
-0.00563277
-0.00576123
-0.00588879
-0.00601535
-0.00614082
-0.00626511
-0.00638815
-0.00650985
-0.00663014
-0.00674896
-0.00686624
-0.00698192
-0.00709596
-0.00720829
-0.00731888
-0.00742769
-0.00753468
-0.00763982
-0.00774309
-0.00784446
-0.00794391
-0.00804143
-0.00813701
-0.00823064
-0.00832232
-0.00841205
-0.00849984
-0.00858569
-0.00866961
-0.00875161
-0.00883171
-0.00890993
-0.00898628
-0.00906079
-0.00913349
-0.0092044
-0.00927355
-0.00934097
-0.00940669
-0.00947076
-0.0095332
-0.00959405
-0.00965337
-0.00971118
-0.00976753
-0.00982246
-0.00987601
-0.00992824
-0.00997919
-0.0100289
-0.0100774
-0.0101248
-0.0101711
-0.0102163
-0.0102605
-0.0103037
-0.010346
-0.0103874
-0.010428
-0.0104678
-0.0105069
-0.0105452
-0.0105828
-0.0106198
-0.0106561
-0.0106919
-0.0107271
-0.0107618
-0.0107961
-0.0108298
-0.0108632
-0.0108961
-0.0109287
-0.0109609
-0.0109928
-0.0110244
-0.0110557
-0.0110868
-0.0111176
-0.0111483
-0.0111788
-0.0112091
-0.0112393
-0.0112693
-0.0112993
-0.0113292
-0.011359
-0.0113887
-0.0114184
-0.0114481
-0.0114778
-0.0115075
-0.0115372
-0.0115669
-0.0115966
-0.0116264
-0.0116562
-0.0116861
-0.0117161
-0.0117461
-0.0117762
-0.0118064
-0.0118366
-0.0118669
-0.0118974
-0.0119279
-0.0119585
-0.0119892
-0.0120199
-0.0120508
-0.0120818
-0.0121129
-0.012144
-0.0121752
-0.0122066
-0.012238
-0.0122695
-0.012301
-0.0123326
-0.0123643
-0.0123961
-0.0124279
-0.0124598
-0.0124917
-0.0125236
-0.0125556
-0.0125876
-0.0126196
-0.0126516
-0.0126836
-0.0127156
-0.0127476
-0.0127796
-0.0128116
-0.0128436
-0.0128756
-0.0129075
-0.0129394
-0.0129712
-0.013003
-0.0130348
-0.0130665
-0.0130981
-0.0131296
-0.0131611
-0.0131924
-0.0132237
-0.0132549
-0.0132859
-0.0133169
-0.0133477
-0.0133784
-0.0134089
-0.0134393
-0.0134696
-0.0134997
-0.0135297
-0.0135595
-0.0135892
-0.0136186
-0.0136479
-0.0136771
-0.0137061
-0.0137348
-0.0137635
-0.0137919
-0.0138201
-0.0138482
-0.0138761
-0.0139038
-0.0139312
-0.0139586
-0.0139857
-0.0140126
-0.0140393
-0.0140658
-0.0140922
-0.0141183
-0.0141443
-0.01417
-0.0141956
-0.014221
-0.0142462
-0.0142712
-0.014296
-0.0143206
-0.0143451
-0.0143694
-0.0143935
-0.0144174
-0.0144411
-0.0144647
-0.0144881
-0.0145113
-0.0145344
-0.0145573
-0.01458
-0.0146026
-0.014625
-0.0146472
-0.0146694
-0.0146913
-0.0147131
-0.0147347
-0.0147562
-0.0147775
-0.0147986
-0.0148196
-0.0148404
-0.014861
-0.0148815
-0.0149018
-0.014922
-0.014942
-0.0149619
-0.0149816
-0.0150011
-0.0150206
-0.0150399
-0.0150591
-0.0150781
-0.0150971
-0.0151159
-0.0151346
-0.0151532
-0.0151716
-0.01519
-0.0152083
-0.0152265
-0.0152446
-0.0152626
-0.0152805
-0.0152984
-0.0153162
-0.0153339
-0.0153515
-0.015369
-0.0153865
-0.015404
-0.0154213
-0.0154386
-0.0154559
-0.0154731
-0.0154903
-0.0155074
-0.0155245
-0.0155415
-0.0155585
-0.0155754
-0.0155923
-0.0156092
-0.015626
-0.0156429
-0.0156596
-0.0156764
-0.0156931
-0.0157098
-0.0157265
-0.0157431
-0.0157598
-0.0157764
-0.015793
-0.0158095
-0.0158261
-0.0158426
-0.0158591
-0.0158756
-0.0158921
-0.0159085
-0.015925
-0.0159414
-0.0159578
-0.0159742
-0.0159906
-0.0160069
-0.0160232
-0.0160395
-0.0160558
-0.016072
-0.0160881
-0.0161042
-0.0161201
-0.0161359
-0.0161516
-0.0161672
-0.0161827
-0.016198
-0.0162133
-0.0162286
-0.0162437
-0.0162588
-0.0162739
-0.016289
-0.0163041
-0.0163192
-0.0163343
-0.0163494
-0.0163646
-0.0163798
-0.0163952
-0.0164106
-0.0164261
-0.0164418
-0.0164576
-0.0164736
-0.0164897
-0.016506
-0.0165224
-0.016539
-0.0165558
-0.0165727
-0.0165898
-0.016607
-0.0166244
-0.0166419
-0.0166595
-0.0166773
-0.0166952
-0.0167132
-0.0167314
-0.0167497
-0.016768
-0.0167865
-0.0168051
-0.0168238
-0.0168425
-0.0168614
-0.0168803
-0.0168993
-0.0169183
-0.0169374
-0.0169566
-0.0169758
-0.0169951
-0.0170143
-0.0170337
-0.017053
-0.0170724
-0.0170917
-0.0171111
-0.0171304
-0.0171498
-0.0171691
-0.0171883
-0.0172074
-0.0172264
-0.0172451
-0.0172634
-0.0172814
-0.017299
-0.017316
-0.0173325
-0.0173485
-0.0173638
-0.0173787
-0.0173931
-0.0174071
-0.0174207
-0.017434
-0.017447
-0.0174598
-0.0174723
-0.0174847
-0.0174969
-0.017509
-0.017521
-0.0175329
-0.0175447
-0.0175564
-0.0175681
-0.0175797
-0.0175913
-0.0176029
-0.0176145
-0.017626
-0.0176375
-0.0176491
-0.0176606
-0.0176722
-0.0176838
-0.0176954
-0.0177071
-0.0177188
-0.0177305
-0.0177423
-0.0177542
-0.0177661
-0.017778
-0.0177901
-0.0178022
-0.0178143
-0.0178266
-0.0178389
-0.0178513
-0.0178638
-0.0178764
-0.017889
-0.0179018
-0.0179146
-0.0179275
-0.0179405
-0.0179536
-0.0179668
-0.01798
-0.0179934
-0.0180068
-0.0180204
-0.018034
-0.0180477
-0.0180614
-0.0180753
-0.0180892
-0.0181032
-0.0181173
-0.0181315
-0.0181457
-0.01816
-0.0181744
-0.0181889
-0.0182034
-0.0182179
-0.0182326
-0.0182472
-0.018262
-0.0182768
-0.0182916
-0.0183065
-0.0183214
-0.0183364
-0.0183514
-0.0183664
-0.0183815
-0.0183966
-0.0184117
-0.0184269
-0.018442
-0.0184572
-0.0184724
-0.0184877
-0.0185029
-0.0185181
-0.0185334
-0.0185486
-0.0185638
-0.0185791
-0.0185943
-0.0186096
-0.0186248
-0.01864
-0.0186552
-0.0186704
-0.0186856
-0.0187008
-0.0187159
-0.018731
-0.0187461
-0.0187612
-0.0187763
-0.0187913
-0.0188064
-0.0188214
-0.0188363
-0.0188513
-0.0188662
-0.0188811
-0.018896
-0.0189108
-0.0189256
-0.0189404
-0.0189552
-0.0189699
-0.0189846
-0.0189993
-0.019014
-0.0190286
-0.0190432
-0.0190578
-0.0190723
-0.0190868
-0.0191013
-0.0191158
-0.0191302
-0.0191445
-0.0191589
-0.0191731
-0.0191874
-0.0192015
-0.0192156
-0.0192297
-0.0192437
-0.0192576
-0.0192715
-0.0192853
-0.0192991
-0.0193128
-0.0193264
-0.01934
-0.0193536
-0.0193671
-0.0193806
-0.019394
-0.0194074
-0.0194208
-0.0194341
-0.0194474
-0.0194607
-0.0194739
-0.0194871
-0.0195003
-0.0195134
-0.0195266
-0.0195397
-0.0195528
-0.0195659
-0.019579
-0.019592
-0.0196051
-0.0196181
-0.0196312
-0.0196442
-0.0196573
-0.0196703
-0.0196834
-0.0196964
-0.0197095
-0.0197225
-0.0197356
-0.0197487
-0.0197617
-0.0197748
-0.019788
-0.0198011
-0.0198142
-0.0198274
-0.0198406
-0.0198538
-0.019867
-0.0198803
-0.0198935
-0.0199068
-0.0199201
-0.0199335
-0.0199469
-0.0199603
-0.0199737
-0.0199871
-0.0200006
-0.0200141
-0.0200277
-0.0200412
-0.0200548
-0.0200685
-0.0200822
-0.0200959
-0.0201097
-0.0201235
-0.0201374
-0.0201513
-0.0201653
-0.0201793
-0.0201934
-0.0202075
-0.0202217
-0.020236
-0.0202503
-0.0202647
-0.0202791
-0.0202937
-0.0203082
-0.0203229
-0.0203376
-0.0203524
-0.0203673
-0.0203822
-0.0203972
-0.0204123
-0.0204275
-0.0204427
-0.020458
-0.0204734
-0.0204889
-0.0205045
-0.0205201
-0.0205358
-0.0205515
-0.0205673
-0.0205832
-0.0205992
-0.0206152
-0.0206312
-0.0206473
-0.0206635
-0.0206797
-0.0206959
-0.0207122
-0.0207285
-0.0207448
-0.0207612
-0.0207776
-0.020794
-0.0208105
-0.020827
-0.0208435
-0.02086
-0.0208766
-0.0208932
-0.0209098
-0.0209264
-0.020943
-0.0209596
-0.0209763
-0.0209929
-0.0210096
-0.0210263
-0.0210429
-0.0210596
-0.0210762
-0.0210929
-0.0211095
-0.0211262
-0.0211428
-0.0211594
-0.0211759
-0.0211924
-0.0212089
-0.0212252
-0.0212416
-0.0212578
-0.021274
-0.0212901
-0.0213062
-0.0213222
-0.0213381
-0.0213539
-0.0213697
-0.0213854
-0.021401
-0.0214166
-0.021432
-0.0214475
-0.0214628
-0.0214781
-0.0214933
-0.0215085
-0.0215236
-0.0215386
-0.0215536
-0.0215685
-0.0215834
-0.0215982
-0.021613
-0.0216278
-0.0216425
-0.0216572
-0.0216719
-0.0216865
-0.0217011
-0.0217157
-0.0217303
-0.0217448
-0.0217593
-0.0217738
-0.0217883
-0.0218028
-0.0218172
-0.0218317
-0.0218461
-0.0218606
-0.021875
-0.0218894
-0.0219039
-0.0219183
-0.0219328
-0.0219472
-0.0219617
-0.0219762
-0.0219907
-0.0220053
-0.0220198
-0.0220344
-0.022049
-0.0220636
-0.0220783
-0.022093
-0.0221077
-0.0221225
-0.0221373
-0.0221521
-0.022167
-0.0221819
-0.0221969
-0.0222119
-0.0222269
-0.0222421
-0.0222572
-0.0222725
-0.0222878
-0.0223032
-0.0223186
-0.0223341
-0.0223497
-0.0223654
-0.0223811
-0.0223969
-0.0224128
-0.0224287
-0.0224447
-0.0224607
-0.0224768
-0.022493
-0.0225092
-0.0225254
-0.0225417
-0.0225581
-0.0225745
-0.022591
-0.0226075
-0.022624
-0.0226406
-0.0226572
-0.0226739
-0.0226906
-0.0227073
-0.0227241
-0.0227408
-0.0227576
-0.0227745
-0.0227913
-0.0228082
-0.0228251
-0.0228419
-0.0228589
-0.0228758
-0.0228927
-0.0229096
-0.0229266
-0.0229435
-0.0229605
-0.0229774
-0.0229944
-0.0230114
-0.0230283
-0.0230453
-0.0230623
-0.0230793
-0.0230963
-0.0231133
-0.0231303
-0.0231474
-0.0231644
-0.0231815
-0.0231985
-0.0232156
-0.0232327
-0.0232497
-0.0232668
-0.0232839
-0.023301
-0.0233181
-0.0233352
-0.0233523
-0.0233694
-0.0233865
-0.0234035
-0.0234205
-0.0234375
-0.0234544
-0.0234713
-0.0234881
-0.0235049
-0.0235216
-0.0235383
-0.0235549
-0.0235715
-0.023588
-0.0236044
-0.0236208
-0.0236372
-0.0236535
-0.0236698
-0.023686
-0.0237022
-0.0237183
-0.0237344
-0.0237505
-0.0237665
-0.0237824
-0.0237983
-0.0238142
-0.0238301
-0.0238459
-0.0238617
-0.0238774
-0.0238931
-0.0239088
-0.0239244
-0.02394
-0.0239556
-0.0239712
-0.0239867
-0.0240022
-0.0240177
-0.0240331
-0.0240486
-0.024064
-0.0240794
-0.0240948
-0.0241102
-0.0241256
-0.024141
-0.0241564
-0.0241718
-0.0241872
-0.0242026
-0.024218
-0.0242335
-0.0242489
-0.0242644
-0.0242799
-0.0242954
-0.024311
-0.0243266
-0.0243422
-0.0243578
-0.0243735
-0.0243892
-0.0244049
-0.0244207
-0.0244365
-0.0244524
-0.0244683
-0.0244843
-0.0245003
-0.0245164
-0.0245325
-0.0245488
-0.0245651
-0.0245815
-0.0245979
-0.0246145
-0.0246311
-0.0246478
-0.0246646
-0.0246815
-0.0246984
-0.0247154
-0.0247325
-0.0247496
-0.0247668
-0.0247841
-0.0248014
-0.0248188
-0.0248363
-0.0248538
-0.0248714
-0.024889
-0.0249067
-0.0249244
-0.0249422
-0.02496
-0.0249778
-0.0249957
-0.0250136
-0.0250315
-0.0250495
-0.0250675
-0.0250855
-0.0251035
-0.0251215
-0.0251396
-0.0251576
-0.0251757
-0.0251938
-0.0252119
-0.02523
-0.0252482
-0.0252663
-0.0252844
-0.0253026
-0.0253208
-0.025339
-0.0253572
-0.0253754
-0.0253937
-0.025412
-0.0254302
-0.0254486
-0.0254669
-0.0254853
-0.0255037
-0.0255221
-0.0255406
-0.025559
-0.0255775
-0.0255961
-0.0256146
-0.0256332
-0.0256518
-0.0256705
-0.0256891
-0.0257078
-0.0257265
-0.0257451
-0.0257638
-0.0257824
-0.0258011
-0.0258196
-0.0258382
-0.0258567
-0.0258751
-0.0258935
-0.0259119
-0.0259302
-0.0259484
-0.0259666
-0.0259847
