0.00101789
0.00237419
0.00377365
0.00512847
0.00640633
0.00759664
0.00870269
0.00973035
0.0106845
0.0115651
0.0123758
0.0131189
0.0137972
0.0144135
0.0149708
0.0154721
0.0159201
0.0163179
0.016668
0.0169734
0.0172368
0.0174606
0.0176475
0.0177999
0.0179202
0.0180108
0.0180739
0.0181115
0.018126
0.0181193
0.0180931
0.0180492
0.0179893
0.017915
0.0178278
0.017729
0.0176201
0.017502
0.0173758
0.0172422
0.0171022
0.0169562
0.0168047
0.0166485
0.0164878
0.0163232
0.0161551
0.0159837
0.0158096
0.0156328
0.0154538
0.0152727
0.0150898
0.0149053
0.0147193
0.0145321
0.0143436
0.014154
0.0139634
0.0137718
0.0135796
0.0133866
0.0131931
0.0129991
0.0128045
0.0126094
0.0124137
0.0122175
0.0120206
0.0118232
0.0116166
0.0114054
0.0111956
0.0109853
0.0107722
0.0105558
0.0103364
0.0101138
0.00988854
0.00966074
0.00943071
0.00919872
0.00896505
0.00872995
0.00849367
0.00825646
0.00801854
0.00778014
0.00754154
0.00730303
0.00706484
0.00682709
0.00658987
0.00635329
0.00611744
0.00588243
0.00564836
0.00541535
0.00518348
0.00495365
0.00472507
0.00449792
0.00427254
0.00404919
0.00382813
0.00360953
0.00339349
0.00318001
0.00296902
0.00276038
0.0025473
0.002334
0.00212233
0.00191313
0.00170679
0.00150352
0.00130341
0.00110655
0.000912985
0.000722759
0.000544127
0.000377337
0.000222254
7.85332e-05
-5.41331e-05
-0.000176046
-0.000287518
-0.000388875
-0.000480731
-0.000563466
-0.000637079
-0.000702056
-0.000758854
-0.000807925
-0.000849718
-0.000884677
-0.000913237
-0.000935846
-0.000959732
-0.000987372
-0.00101164
-0.00103247
-0.00104784
-0.00104922
-0.00103808
-0.00101909
-0.000997476
-0.000975416
-0.000953834
-0.000933108
-0.000922823
-0.000935538
-0.000984858
-0.00108505
-0.00124417
-0.00146609
-0.00175369
-0.00205895
-0.00238237
-0.00273013
-0.00309021
-0.00345539
-0.00382034
-0.00418064
-0.00453233
-0.00487168
-0.00519503
-0.00549875
-0.00578032
-0.00603873
-0.0062753
-0.00649102
-0.00668699
-0.00686431
-0.00702401
-0.00716705
-0.00729434
-0.0074067
-0.00750489
-0.00758963
-0.00766158
-0.00772129
-0.00776933
-0.0078063
-0.00783266
-0.00784901
-0.00785602
-0.00785433
-0.00784456
-0.00782731
-0.00780271
-0.00777129
-0.00773359
-0.00769012
-0.00764136
-0.00758775
-0.00752973
-0.00746771
-0.00740197
-0.00733286
-0.00726083
-0.00718622
-0.00710932
-0.00703045
-0.00694991
-0.00686803
-0.00678509
-0.00670139
-0.0066172
-0.00653278
-0.00644626
-0.00635613
-0.00626239
-0.00616631
-0.00606869
-0.00596994
-0.00587064
-0.00577075
-0.00567028
-0.00556928
-0.00546779
-0.00536588
-0.00526359
-0.00516098
-0.00505808
-0.00495494
-0.00485159
-0.00474805
-0.00464436
-0.00454054
-0.00443662
-0.00432912
-0.00422067
-0.00411236
-0.00400472
-0.00389802
-0.0037924
-0.00368792
-0.00358459
-0.00348259
-0.00338168
-0.00328187
-0.00318312
-0.00308544
-0.00298881
-0.00289325
-0.00279876
-0.00270536
-0.00261309
-0.00252198
-0.00243208
-0.00234357
-0.00225662
-0.00217139
-0.00208804
-0.00200669
-0.00192747
-0.00185051
-0.0017759
-0.0017037
-0.00163307
-0.00156407
-0.00149675
-0.00143108
-0.00136711
-0.00130489
-0.00124449
-0.00118585
-0.00112897
-0.00107386
-0.00102057
-0.000969473
-0.000920323
-0.000873032
-0.000827561
-0.00078389
-0.000742007
-0.000701899
-0.000663555
-0.000626976
-0.000595104
-0.000563617
-0.000531453
-0.000499938
-0.000469662
-0.00044082
-0.000413565
-0.000389219
-0.00036886
-0.000352977
-0.000341464
-0.000333697
-0.000328627
-0.00032486
-0.000321727
-0.000318933
-0.000316343
-0.000313912
-0.000311632
-0.000309508
-0.00030755
-0.000305765
-0.000304157
-0.000302729
-0.000301485
-0.000300426
-0.000299553
-0.000298867
-0.000298369
-0.000298103
-0.000298016
-0.000298113
-0.000298408
-0.000298908
-0.000299619
-0.000300544
-0.000301685
-0.000303042
-0.000304614
-0.0003064
-0.000308396
-0.000310595
-0.000312989
-0.000315574
-0.000318343
-0.00032129
-0.000324412
-0.000327704
-0.000331167
-0.000334795
-0.000338134
-0.00034157
-0.000345253
-0.000349228
-0.000353501
-0.000358059
-0.000362883
-0.000367953
-0.000373249
-0.000378753
-0.000384446
-0.000390309
-0.000396326
-0.000402482
-0.000408763
-0.000415153
-0.000421642
-0.000428216
-0.000434864
-0.000441574
-0.000448442
-0.000455382
-0.000462285
-0.000469079
-0.000475736
-0.000482176
-0.00048835
-0.000453936
-0.000357884
-0.00020143
8.11917e-06
0.000262396
0.000553423
0.000873946
0.00121085
0.00154933
0.00187703
0.00218919
0.00248466
0.0027621
0.00302077
0.00326085
0.00348273
0.003687
0.00387439
0.00404535
0.00420043
0.00434024
0.00446538
0.00457592
0.00467348
0.00475445
0.00481831
0.00486561
0.00489726
0.00491432
0.00491788
0.00490912
0.00488929
0.00485978
0.00482242
0.00477881
0.00472991
0.00467632
0.00461852
0.00455695
0.00449201
0.00442408
0.00435353
0.00428073
0.00420537
0.00412784
0.00404854
0.00396785
0.00388612
0.00380372
0.00372098
0.00363823
0.0035556
0.00347336
0.003392
0.00331177
0.00323293
0.00315568
0.00308023
0.00300678
0.00293551
0.00286656
0.00280009
0.00273623
0.00267218
0.00260964
0.00255042
0.00249578
0.00244648
0.00240393
0.00236911
0.00234299
0.00234353
0.00236602
0.00239733
0.00242096
0.00241883
0.00237164
0.0022653
0.0021014
0.00189736
0.00167704
0.00146484
0.00127433
0.00110996
0.000973549
0.00086391
0.000779377
0.000716339
0.000670888
0.000637863
0.000614251
0.000597867
0.000586166
0.000578854
0.000574809
0.000573259
0.000573543
0.000575044
0.000577183
0.000579416
0.000581229
0.000582145
0.000581714
0.000579528
0.000575297
0.000568851
0.000560147
0.000549242
0.000536273
0.000521443
0.000505015
0.000487294
0.000468624
0.000449672
0.000430859
0.000412633
0.000395437
0.000379714
0.000365907
0.000353672
0.000343331
0.000334953
0.000328755
0.000325449
0.00032513
0.000327868
0.000333746
0.000342813
0.000355079
0.000370519
0.000389236
0.000411916
0.000438667
0.00046381
0.00048784
0.00051074
0.000532316
0.000552701
0.00057206
0.000590535
0.000608134
0.000624894
0.000640892
0.000656203
0.000670898
0.000685049
0.000698723
0.000711985
0.000724897
0.00073752
0.00074991
0.00076212
0.000774203
0.000786207
0.000797956
0.000809282
0.00082003
0.000830055
0.000839228
0.000847429
0.000854551
0.000860499
0.00086572
0.000869535
0.000871887
0.000872729
0.000872027
0.000869756
0.000865906
0.000860474
0.000853473
0.000844925
0.000834864
0.000823337
0.000810653
0.000797098
0.000782928
0.000768381
0.000753669
0.000738983
0.000724496
0.00071036
0.000696712
0.00068375
0.000671586
0.000660317
0.000650024
0.000640776
0.000632627
0.000625618
0.000619782
0.000614998
0.000611254
0.000608758
0.000607505
0.000607492
0.000608692
0.00061107
0.000614577
0.000619122
0.000624712
0.000631331
0.000638933
0.00064577
0.00065192
0.000657402
0.000662367
0.000667009
0.000671721
0.00067609
0.000680293
0.000684415
0.000688471
0.00069246
0.000696377
0.000700214
0.000703958
0.000707591
0.000711109
0.000714515
0.000717815
0.000721013
0.000724116
0.000727129
0.000730025
0.000732783
0.000735384
0.000737811
0.000740053
0.000742101
0.000743947
0.000745589
0.000747071
0.000748339
0.000749397
0.000750245
0.00075089
0.000751339
0.000751603
0.000751693
0.000751622
0.000751404
0.000751054
0.000750589
0.000750039
0.00074943
0.000748783
0.000748115
0.000747436
0.000746756
0.000746078
0.000745405
0.000744736
0.000744109
0.000743533
0.000743012
0.000742551
0.000742151
0.000741811
0.000741531
0.00074131
0.000741144
0.000741031
0.000740966
0.000740941
0.000740948
0.000740976
0.000741017
0.000741058
0.00074109
0.000741099
0.000741073
0.000741001
0.000740969
0.000740877
0.000740596
0.000736172
0.000725492
0.000707986
0.000683997
0.00065448
0.000620797
0.000584482
0.000550725
0.000522669
0.000500454
0.000483093
0.00046936
0.000457959
0.000448229
0.000439789
0.000432409
0.000425925
0.000420216
0.000415256
0.000411024
0.000407499
0.000404658
0.000402479
0.000400937
0.000400011
0.000399675
0.000399819
0.00040143
0.000404591
0.000409046
0.000414428
0.000420349
0.000426425
0.000432305
0.000437874
0.000443091
0.000447939
0.000452416
0.000456562
0.000460418
0.000464018
0.000467397
0.000470584
0.000473608
0.000476511
0.000479453
0.000482525
0.000485657
0.000488883
0.000492194
0.000495612
0.000499155
0.000502842
0.000506689
0.000510708
0.00051488
0.000519209
0.000523741
0.000528487
0.000533454
0.000538648
0.000544074
0.000549738
0.000555643
0.000561803
0.000568237
0.000574964
0.000581464
0.000587244
0.000592342
0.000597205
0.000602039
0.000606941
0.000611952
0.0006183
0.00062664
0.000636914
0.000648604
0.000661152
0.0006741
0.00068703
0.000699558
0.00071152
0.000722873
0.000733623
0.00074379
0.0007534
0.000762481
0.000771011
0.000778975
0.000786363
0.0007934
0.00080004
0.000806282
0.000812142
0.00081764
0.000822857
0.000827741
0.000832307
0.000836559
0.000840482
0.000844355
0.000848143
0.000851697
0.000854904
0.000857749
0.000860243
0.000862403
0.000864288
0.000865946
0.000867417
0.000868733
0.000869919
0.000870993
0.00087197
0.000872856
0.000873654
0.000874377
0.000875015
0.000875592
0.000876087
0.00087648
0.000876758
0.000876912
0.000876934
0.000876812
0.000876541
0.000876131
0.000875581
0.000874888
0.000874052
0.00087307
0.000871942
0.000870676
0.000869277
0.000867746
0.000866078
0.000864257
0.000861577
0.000857895
0.000853264
0.000847644
0.000841479
0.000835036
0.000828421
0.000821707
0.000814952
0.000808216
0.000801565
0.000795056
0.000788716
0.000782552
0.000776558
0.000770731
0.000765065
0.000759556
0.000754199
0.000748992
0.000743944
0.000739063
0.000734359
0.000729838
0.000725507
0.000721372
0.000717438
0.00071371
0.000710144
0.000706799
0.000703675
0.00070077
0.000698081
0.000695608
0.00069335
0.000691309
0.000689484
0.000687876
0.00068649
0.000685313
0.000684315
0.000683465
0.000682734
0.0006821
0.000681527
0.000680989
0.000680462
0.000679923
0.000679349
0.000678694
0.000677948
0.000677102
0.000676147
0.000675071
0.000673837
0.000672466
0.000670951
0.000669305
0.000667526
0.000665593
0.000663509
0.000661284
0.000658936
0.000656478
0.000653925
0.000651291
0.000648591
0.000645837
0.000643044
0.00064041
0.00063721
0.000633398
0.000629504
0.000625777
0.000622342
0.000619372
0.000617464
0.000617079
0.000618496
0.000621813
0.000626962
0.00063374
0.000641842
0.000650879
0.000660405
0.000669949
0.000679089
0.0006877
0.000695762
0.000703291
0.000710296
0.000716795
0.000722811
0.000728368
0.000733492
0.000738211
0.000742551
0.00074654
0.000750226
0.000753608
0.000756711
0.000759555
0.000762159
0.000764543
0.000766726
0.000768726
0.000770562
0.000772256
0.000773824
0.00077528
0.000776644
0.000777931
0.000779149
0.000780304
0.000781396
0.000782421
0.000783372
0.000784237
0.000785003
0.000785611
0.000786027
0.00078628
0.00078638
0.00078633
0.000786128
0.000785777
0.000785279
0.000784637
0.000783854
0.000782935
0.000781885
0.000780707
0.000779404
0.00077798
0.000776438
0.000774782
0.000773021
0.000771155
0.000769184
0.000767139
0.000764247
0.000760428
0.00075589
0.000750656
0.000745047
0.000739287
0.000733456
0.000727616
0.000721822
0.000716128
0.000710587
0.000705246
0.00070012
0.000695205
0.000690496
0.000685985
0.000681663
0.000677521
0.00067355
0.000669742
0.000666103
0.000662638
0.000659353
0.000656252
0.000653342
0.000650626
0.000648108
0.000645789
0.000643621
0.00064166
0.000639909
0.000638343
0.000636943
0.000635696
0.000634585
0.000633598
0.000632724
0.000631953
0.000631281
0.000630705
0.000630208
0.000629772
0.000629381
0.000629015
0.000628661
0.000628303
0.000627928
0.000627522
0.000627078
0.000626564
0.000626019
0.00062537
0.000624625
0.000623795
0.000622887
0.000621905
0.000620854
0.00061975
0.000618598
0.000617378
0.000616093
0.000614745
0.000613341
0.000611883
0.000610379
0.000608833
0.000607252
0.000605643
0.000604013
0.000602544
0.000600268
0.000597096
0.000593819
0.000590757
0.000588029
0.000585667
0.000585452
0.000588288
0.000593897
0.0006018
0.000611561
0.000622709
0.000634716
0.000646997
0.000658912
0.000670152
0.000680613
0.00069029
0.000699215
