-5.49762e-06
-2.39999e-05
-5.79683e-05
-0.000107694
-0.00017265
-0.000252004
-0.000344797
-0.000450062
-0.000566856
-0.000694281
-0.000831482
-0.00097765
-0.00113202
-0.00129388
-0.00146254
-0.00163736
-0.00181775
-0.00200312
-0.00219295
-0.00238672
-0.00258396
-0.00278423
-0.0029871
-0.00319218
-0.00339909
-0.00360748
-0.00381702
-0.0040274
-0.00423834
-0.00444956
-0.0046608
-0.00487183
-0.00508242
-0.00529237
-0.00550148
-0.00570956
-0.00591645
-0.00612199
-0.00632603
-0.00652844
-0.00672909
-0.00692787
-0.00712465
-0.00731935
-0.00751187
-0.00770213
-0.00789003
-0.00807553
-0.00825854
-0.00843901
-0.00861688
-0.0087921
-0.00896464
-0.00913445
-0.00930149
-0.00946574
-0.00962718
-0.00978577
-0.0099415
-0.0100944
-0.0102443
-0.0103914
-0.0105356
-0.0106768
-0.0108152
-0.0109507
-0.0110832
-0.0112129
-0.0113397
-0.0114637
-0.0115847
-0.0117029
-0.0118184
-0.011931
-0.012041
-0.0121483
-0.0122529
-0.0123549
-0.0124542
-0.012551
-0.0126452
-0.0127368
-0.0128259
-0.0129125
-0.0129965
-0.0130782
-0.0131573
-0.0132341
-0.0133085
-0.0133806
-0.0134504
-0.0135178
-0.0135831
-0.0136461
-0.0137069
-0.0137656
-0.0138222
-0.0138768
-0.0139293
-0.0139798
-0.0140283
-0.014075
-0.0141197
-0.0141626
-0.0142037
-0.014243
-0.0142806
-0.0143165
-0.0143508
-0.0143834
-0.0144145
-0.0144439
-0.0144717
-0.014498
-0.0145227
-0.014546
-0.0145679
-0.0145883
-0.0146075
-0.0146253
-0.0146418
-0.0146572
-0.0146714
-0.0146845
-0.0146965
-0.0147075
-0.0147176
-0.0147267
-0.0147349
-0.0147423
-0.0147488
-0.0147546
-0.0147597
-0.0147641
-0.0147678
-0.0147708
-0.0147733
-0.0147752
-0.0147765
-0.0147771
-0.0147771
-0.0147763
-0.014775
-0.0147733
-0.0147712
-0.0147691
-0.0147669
-0.0147647
-0.0147625
-0.0147603
-0.0147581
-0.0147555
-0.0147521
-0.0147474
-0.0147407
-0.014731
-0.0147176
-0.0147
-0.014678
-0.0146514
-0.01462
-0.0145837
-0.0145424
-0.0144963
-0.0144454
-0.0143899
-0.01433
-0.014266
-0.0141981
-0.0141267
-0.0140521
-0.0139745
-0.0138943
-0.0138117
-0.0137269
-0.0136403
-0.0135519
-0.0134621
-0.0133711
-0.0132789
-0.0131858
-0.0130919
-0.0129975
-0.0129026
-0.0128074
-0.0127121
-0.0126166
-0.0125213
-0.0124261
-0.0123311
-0.0122366
-0.0121425
-0.0120489
-0.011956
-0.0118638
-0.0117724
-0.0116818
-0.0115921
-0.0115034
-0.0114157
-0.011329
-0.0112435
-0.0111591
-0.0110758
-0.0109938
-0.0109131
-0.0108337
-0.0107555
-0.0106787
-0.0106032
-0.0105291
-0.0104564
-0.0103852
-0.0103154
-0.0102472
-0.0101805
-0.0101153
-0.0100517
-0.00998954
-0.00992895
-0.0098699
-0.00981237
-0.00975637
-0.00970188
-0.00964891
-0.00959744
-0.00954746
-0.00949898
-0.00945196
-0.00940641
-0.00936231
-0.00931968
-0.00927854
-0.00923888
-0.0092007
-0.00916396
-0.00912866
-0.00909478
-0.00906227
-0.00903114
-0.00900134
-0.00897287
-0.0089457
-0.00891979
-0.00889515
-0.00887173
-0.00884951
-0.00882849
-0.00880862
-0.0087899
-0.00877229
-0.00875578
-0.00874034
-0.00872595
-0.00871258
-0.00870022
-0.00868884
-0.00867843
-0.00866894
-0.00866037
-0.00865269
-0.00864588
-0.00863992
-0.00863479
-0.00863046
-0.00862692
-0.00862415
-0.00862213
-0.00862083
-0.00862024
-0.00862034
-0.0086211
-0.00862252
-0.00862456
-0.00862721
-0.00863044
-0.00863426
-0.00863863
-0.00864354
-0.00864898
-0.0086549
-0.00866128
-0.00866811
-0.0086754
-0.00868314
-0.00869133
-0.00869993
-0.00870893
-0.00871827
-0.00872789
-0.00873773
-0.00874773
-0.00875785
-0.00876805
-0.00877834
-0.0087887
-0.00879913
-0.00880963
-0.00882021
-0.00883085
-0.00884157
-0.00885236
-0.00886322
-0.00887415
-0.00888514
-0.00889619
-0.0089073
-0.00891847
-0.00892969
-0.00894096
-0.00895227
-0.00896363
-0.00897503
-0.00898646
-0.00899792
-0.00900941
-0.00902092
-0.00903244
-0.00904399
-0.00905554
-0.00906709
-0.00907865
-0.00909021
-0.00910176
-0.00911329
-0.00912482
-0.00913632
-0.0091478
-0.00915926
-0.00917068
-0.00918208
-0.00919344
-0.00920478
-0.00921608
-0.00922735
-0.00923858
-0.00924976
-0.00926089
-0.00927196
-0.00928298
-0.00929394
-0.00930484
-0.00931567
-0.00932642
-0.0093371
-0.00934771
-0.00935823
-0.00936867
-0.00937902
-0.00938928
-0.00939945
-0.00940952
-0.0094195
-0.00942938
-0.00943916
-0.00944884
-0.00945843
-0.00946831
-0.00947957
-0.0094936
-0.00951183
-0.00953569
-0.00956657
-0.0096058
-0.00965443
-0.00971287
-0.00978093
-0.00985812
-0.00994384
-0.0100375
-0.0101384
-0.010246
-0.0103598
-0.0104792
-0.0106038
-0.010733
-0.0108665
-0.0110038
-0.0111445
-0.0112883
-0.0114348
-0.0115837
-0.0117344
-0.0118866
-0.0120399
-0.0121938
-0.012348
-0.0125022
-0.0126561
-0.0128095
-0.0129623
-0.0131142
-0.0132652
-0.0134151
-0.0135639
-0.0137115
-0.0138578
-0.0140027
-0.0141462
-0.0142882
-0.0144287
-0.0145676
-0.0147048
-0.0148404
-0.0149742
-0.0151063
-0.0152367
-0.0153652
-0.0154919
-0.0156167
-0.0157396
-0.0158607
-0.0159799
-0.0160972
-0.0162125
-0.0163259
-0.0164375
-0.0165471
-0.0166548
-0.0167606
-0.0168644
-0.0169664
-0.0170665
-0.0171647
-0.0172611
-0.0173555
-0.0174482
-0.017539
-0.0176287
-0.0177186
-0.0178106
-0.0179065
-0.0180082
-0.0181176
-0.0182366
-0.0183668
-0.0185095
-0.0186649
-0.0188331
-0.0190135
-0.0192051
-0.0194072
-0.0196189
-0.0198391
-0.0200671
-0.0203021
-0.0205431
-0.0207896
-0.0210408
-0.0212962
-0.0215553
-0.0218175
-0.0220824
-0.0223494
-0.0226183
-0.0228886
-0.02316
-0.023432
-0.0237044
-0.0239768
-0.024249
-0.0245208
-0.0247918
-0.0250618
-0.0253306
-0.025598
-0.0258638
-0.0261279
-0.02639
-0.0266501
-0.0269079
-0.0271634
-0.0274164
-0.0276668
-0.0279145
-0.0281594
-0.0284015
-0.0286406
-0.0288766
-0.0291095
-0.0293392
-0.0295657
-0.0297889
-0.0300089
-0.0302255
-0.0304388
-0.0306488
-0.0308554
-0.0310586
-0.0312585
-0.0314549
-0.031648
-0.0318378
-0.0320243
-0.0322076
-0.0323876
-0.0325644
-0.032738
-0.0329083
-0.0330755
-0.0332395
-0.0334002
-0.0335579
-0.0337124
-0.0338638
-0.034012
-0.0341573
-0.0342995
-0.0344386
-0.0345748
-0.0347081
-0.0348384
-0.0349658
-0.0350904
-0.0352122
-0.0353312
-0.0354475
-0.035561
-0.0356719
-0.0357802
-0.0358858
-0.0359889
-0.0360895
-0.0361877
-0.0362834
-0.0363767
-0.0364676
-0.0365562
-0.0366426
-0.0367267
-0.0368086
-0.0368884
-0.0369661
-0.0370417
-0.0371153
-0.0371868
-0.0372565
-0.0373242
-0.0373901
-0.0374542
-0.0375165
-0.037577
-0.0376359
-0.0376931
-0.0377487
-0.0378027
-0.0378553
-0.0379063
-0.0379559
-0.0380041
-0.0380509
-0.0380964
-0.0381406
-0.0381835
-0.0382253
-0.0382658
-0.0383053
-0.0383436
-0.0383809
-0.0384171
-0.0384524
-0.0384867
-0.0385201
-0.0385528
-0.0385848
-0.0386162
-0.0386469
-0.038677
-0.0387065
-0.0387354
-0.0387638
-0.0387917
-0.038819
-0.0388459
-0.0388722
-0.038898
-0.0389233
-0.0389482
-0.0389726
-0.0389966
-0.0390202
-0.0390434
-0.0390662
-0.0390887
-0.0391108
-0.0391325
-0.039154
-0.0391751
-0.0391959
-0.0392165
-0.0392367
-0.0392568
-0.0392765
-0.0392961
-0.0393154
-0.0393346
-0.0393535
-0.0393723
-0.0393908
-0.0394093
-0.0394276
-0.0394457
-0.0394637
-0.0394817
-0.0394995
-0.0395172
-0.0395348
-0.0395524
-0.0395698
-0.0395873
-0.0396046
-0.039622
-0.0396393
-0.0396566
-0.0396738
-0.0396911
-0.0397083
-0.0397256
-0.0397429
-0.0397602
-0.0397775
-0.0397949
-0.0398123
-0.0398297
-0.0398472
-0.0398648
-0.0398825
-0.0399002
-0.039918
-0.0399359
-0.0399539
-0.039972
-0.0399902
-0.0400087
-0.0400279
-0.0400483
-0.0400703
-0.0400944
-0.0401209
-0.04015
-0.0401818
-0.0402162
-0.0402529
-0.0402917
-0.0403323
-0.0403745
-0.0404181
-0.040463
-0.0405092
-0.0405564
-0.0406047
-0.040654
-0.0407042
-0.0407551
-0.0408068
-0.0408592
-0.0409122
-0.0409658
-0.0410198
-0.0410743
-0.0411292
-0.0411842
-0.0412394
-0.0412945
-0.0413494
-0.0414041
-0.0414585
-0.0415126
-0.0415664
-0.0416198
-0.041673
-0.0417258
-0.0417784
-0.0418306
-0.0418825
-0.0419341
-0.0419853
-0.0420363
-0.042087
-0.0421373
-0.0421873
-0.0422371
-0.0422865
-0.0423356
-0.0423843
-0.0424328
-0.042481
-0.0425288
-0.0425764
-0.0426236
-0.0426705
-0.0427171
-0.0427634
-0.0428093
-0.0428549
-0.0429003
-0.0429453
-0.04299
-0.0430343
-0.0430784
-0.0431222
-0.0431656
-0.0432088
-0.0432517
-0.0432943
-0.0433367
-0.0433788
-0.0434206
-0.043462
-0.0435028
-0.043543
-0.0435824
-0.0436211
-0.043659
-0.0436962
-0.0437326
-0.0437682
-0.0438032
-0.0438375
-0.0438712
-0.0439043
-0.0439368
-0.0439687
-0.0440002
-0.0440311
-0.0440616
-0.0440916
-0.0441212
-0.0441504
-0.0441792
-0.0442076
-0.0442356
-0.0442633
-0.0442907
-0.0443178
-0.0443445
-0.0443708
-0.0443969
-0.0444225
-0.0444478
-0.0444729
-0.0444976
-0.044522
-0.0445462
-0.0445701
-0.0445938
-0.0446172
-0.0446405
-0.0446635
-0.0446864
-0.0447091
-0.0447316
-0.044754
-0.0447763
-0.0447984
-0.0448205
-0.0448424
-0.0448642
-0.044886
-0.0449077
-0.0449293
-0.0449509
-0.0449724
-0.044994
-0.0450155
-0.0450369
-0.0450584
-0.0450799
-0.0451014
-0.0451229
-0.0451444
-0.045166
-0.0451876
-0.0452094
-0.0452314
-0.0452535
-0.0452759
-0.0452985
-0.0453213
-0.0453443
-0.0453675
-0.0453909
-0.0454146
-0.0454384
-0.0454624
-0.0454867
-0.0455111
-0.0455357
-0.0455605
-0.0455855
-0.0456106
-0.045636
-0.0456614
-0.0456871
-0.0457129
-0.0457389
-0.0457651
-0.0457914
-0.0458178
-0.0458445
-0.0458712
-0.0458982
-0.0459253
-0.0459525
-0.0459799
-0.0460075
-0.0460352
-0.046063
-0.046091
-0.0461192
-0.0461475
-0.046176
-0.0462046
-0.0462334
-0.0462623
-0.0462914
-0.0463206
-0.04635
-0.0463795
-0.0464092
-0.0464391
-0.0464691
-0.0464992
-0.0465295
-0.04656
-0.0465906
-0.0466214
-0.0466523
-0.0466834
-0.0467146
-0.046746
-0.0467775
-0.0468092
-0.046841
-0.0468729
-0.046905
-0.0469372
-0.0469695
-0.0470019
-0.0470344
-0.047067
-0.0470998
-0.0471327
-0.0471658
-0.047199
-0.0472323
-0.0472658
-0.0472995
-0.0473331
-0.0473668
-0.0474003
-0.0474337
-0.0474668
-0.0474996
-0.0475321
-0.0475641
-0.0475958
-0.047627
-0.0476579
-0.0476884
-0.0477185
-0.0477484
-0.0477779
-0.0478072
-0.0478362
-0.047865
-0.0478936
-0.047922
-0.0479502
-0.0479782
-0.0480061
-0.0480338
-0.0480614
-0.0480888
-0.0481162
-0.0481434
-0.0481706
-0.0481976
-0.0482246
-0.0482515
-0.0482783
-0.048305
-0.0483317
-0.0483583
-0.0483849
-0.0484115
-0.048438
-0.0484645
-0.0484909
-0.0485173
-0.0485437
-0.0485701
-0.0485964
-0.0486228
-0.0486491
-0.0486754
-0.0487017
-0.0487281
-0.0487544
-0.0487808
-0.0488071
-0.0488335
-0.0488599
-0.0488863
-0.0489128
-0.0489393
-0.0489659
-0.0489925
-0.0490191
-0.0490458
-0.0490726
-0.0490994
-0.0491264
-0.0491535
-0.0491808
-0.0492083
-0.0492359
-0.0492638
-0.0492919
-0.0493202
-0.0493487
-0.0493774
-0.0494064
-0.0494355
-0.0494648
-0.0494944
-0.0495241
-0.049554
-0.049584
-0.0496143
-0.0496447
-0.0496753
-0.0497061
-0.049737
-0.0497681
-0.0497993
-0.0498308
-0.0498623
-0.0498941
-0.0499259
-0.049958
-0.0499902
-0.0500225
-0.050055
-0.0500877
-0.0501205
-0.0501534
-0.0501865
-0.0502198
-0.0502532
-0.0502867
-0.0503204
-0.0503543
-0.0503883
-0.0504224
-0.0504567
-0.0504911
-0.0505257
-0.0505604
-0.0505953
-0.0506303
-0.0506655
-0.0507008
-0.0507362
-0.0507718
-0.0508075
-0.0508434
-0.0508794
-0.0509155
-0.0509517
-0.050988
-0.0510245
-0.0510611
-0.0510977
-0.0511345
-0.0511714
-0.0512084
-0.0512454
-0.0512826
-0.0513198
-0.0513571
-0.0513944
-0.0514319
-0.0514695
-0.0515072
-0.0515451
-0.051583
-0.0516209
-0.0516587
-0.0516964
-0.0517339
-0.051771
-0.0518077
-0.051844
-0.0518798
-0.0519152
-0.0519502
-0.0519847
-0.0520189
-0.0520527
