5.08947e-06
2.20499e-05
5.2789e-05
9.72996e-05
0.000154974
0.000224989
0.000306485
0.00039865
0.000500725
0.000611973
0.000731678
0.000859151
0.000993732
0.00113479
0.00128171
0.00143392
0.00159088
0.00175207
0.001917
0.00208521
0.00225626
0.00242975
0.00260529
0.00278252
0.00296113
0.00314078
0.0033212
0.00350213
0.00368332
0.00386454
0.00404561
0.00422632
0.00440651
0.00458603
0.00476475
0.00494253
0.00511928
0.00529489
0.00546928
0.00564237
0.00581409
0.00598438
0.00615318
0.00632045
0.00648613
0.00665019
0.00681258
0.00697327
0.00713224
0.00728945
0.00744488
0.00759852
0.00775033
0.00790031
0.00804843
0.00819469
0.00833906
0.00848155
0.00862214
0.00876081
0.00889757
0.0090324
0.0091653
0.00929626
0.00942528
0.00955235
0.00967746
0.00980062
0.00992181
0.010041
0.0101582
0.0102733
0.0103863
0.0104972
0.010606
0.0107127
0.0108171
0.0109194
0.0110194
0.0111171
0.0112126
0.0113057
0.0113966
0.011485
0.0115712
0.0116549
0.0117363
0.0118153
0.0118919
0.0119661
0.012038
0.0121074
0.0121745
0.0122392
0.0123016
0.0123616
0.0124192
0.0124745
0.0125275
0.0125782
0.0126266
0.0126727
0.0127166
0.0127582
0.0127976
0.0128348
0.0128698
0.0129026
0.0129334
0.012962
0.0129886
0.013013
0.0130353
0.0130554
0.0130735
0.0130896
0.0131036
0.0131157
0.0131258
0.013134
0.0131403
0.0131449
0.0131479
0.0131494
0.0131495
0.0131484
0.013146
0.0131427
0.0131383
0.0131331
0.0131271
0.0131204
0.0131131
0.0131053
0.013097
0.0130883
0.0130793
0.0130701
0.0130606
0.0130509
0.0130409
0.0130306
0.0130202
0.0130097
0.0129993
0.012989
0.0129789
0.0129691
0.0129594
0.01295
0.0129407
0.0129314
0.0129218
0.0129115
0.0128998
0.0128863
0.0128702
0.0128511
0.0128289
0.0128033
0.0127742
0.0127415
0.0127051
0.0126651
0.0126216
0.0125745
0.0125242
0.0124707
0.0124144
0.0123553
0.0122937
0.0122299
0.012164
0.0120962
0.0120268
0.0119558
0.0118835
0.01181
0.0117354
0.01166
0.0115837
0.0115068
0.0114293
0.0113515
0.0112733
0.0111949
0.0111163
0.0110378
0.0109593
0.0108809
0.0108028
0.0107249
0.0106474
0.0105703
0.0104936
0.0104175
0.0103419
0.0102669
0.0101925
0.0101189
0.0100459
0.00997367
0.00990219
0.00983149
0.00976159
0.0096925
0.00962423
0.0095568
0.00949021
0.00942446
0.00935956
0.00929555
0.00923246
0.00917031
0.00910914
0.00904895
0.00898974
0.00893154
0.00887433
0.00881813
0.00876295
0.00870878
0.00865563
0.00860351
0.00855241
0.00850235
0.00845332
0.00840532
0.00835836
0.00831243
0.00826755
0.00822372
0.00818097
0.0081393
0.00809872
0.0080592
0.00802075
0.00798335
0.00794699
0.00791165
0.00787733
0.00784401
0.00781169
0.00778035
0.00774997
0.00772056
0.0076921
0.00766458
0.00763799
0.00761232
0.00758755
0.00756367
0.00754067
0.00751853
0.00749723
0.00747676
0.00745708
0.00743819
0.00742006
0.00740266
0.00738598
0.00736999
0.00735469
0.00734005
0.00732606
0.0073127
0.00729995
0.0072878
0.00727623
0.00726521
0.00725474
0.00724479
0.00723534
0.00722638
0.00721787
0.00720982
0.00720219
0.00719497
0.00718814
0.00718169
0.00717558
0.00716978
0.00716431
0.00715915
0.0071543
0.00714975
0.00714548
0.00714146
0.00713767
0.00713406
0.00713059
0.00712722
0.0071239
0.00712064
0.0071174
0.0071142
0.00711102
0.00710787
0.00710475
0.00710164
0.00709855
0.00709549
0.00709244
0.0070894
0.00708638
0.00708337
0.00708037
0.00707738
0.0070744
0.00707141
0.00706843
0.00706545
0.00706247
0.00705948
0.00705649
0.00705349
0.00705048
0.00704745
0.00704442
0.00704136
0.00703829
0.00703519
0.00703207
0.00702893
0.00702576
0.00702256
0.00701933
0.00701607
0.00701278
0.00700945
0.00700609
0.00700269
0.00699925
0.00699578
0.00699227
0.00698871
0.0069851
0.00698145
0.00697774
0.00697398
0.00697017
0.00696629
0.00696236
0.00695837
0.00695431
0.00695019
0.00694601
0.00694176
0.00693744
0.00693306
0.00692861
0.00692409
0.0069195
0.00691485
0.00691012
0.00690533
0.00690048
0.00689577
0.00689171
0.00688891
0.00688795
0.0068893
0.00689338
0.00690051
0.00691094
0.00692474
0.00694187
0.0069622
0.00698557
0.00701181
0.00704072
0.00707213
0.00710585
0.00714169
0.0071795
0.0072191
0.00726033
0.00730303
0.00734706
0.00739227
0.00743851
0.00748565
0.00753352
0.00758194
0.00763075
0.00767981
0.00772897
0.00777811
0.0078271
0.00787584
0.00792425
0.00797226
0.0080198
0.00806683
0.00811331
0.00815919
0.00820443
0.00824901
0.0082929
0.00833607
0.0083785
0.00842017
0.00846105
0.00850113
0.0085404
0.00857885
0.00861647
0.00865327
0.00868924
0.00872438
0.00875871
0.00879223
0.00882495
0.0088569
0.00888808
0.00891851
0.00894822
0.00897723
0.00900557
0.00903325
0.00906029
0.0090867
0.0091125
0.00913773
0.00916244
0.00918669
0.00921056
0.00923412
0.00925755
0.0092811
0.00930492
0.00932901
0.00935321
0.00937716
0.00940034
0.00942218
0.00944217
0.00946004
0.00947575
0.00948945
0.00950137
0.00951179
0.00952097
0.00952919
0.00953667
0.00954361
0.00955015
0.00955641
0.00956247
0.00956839
0.00957422
0.00957998
0.00958572
0.00959146
0.0095972
0.00960296
0.00960875
0.00961455
0.00962037
0.00962618
0.00963199
0.00963777
0.00964349
0.00964913
0.00965468
0.00966011
0.00966539
0.00967053
0.00967549
0.00968027
0.00968486
0.00968926
0.00969348
0.00969752
0.0097014
0.00970512
0.00970872
0.00971221
0.0097156
0.00971892
0.00972219
0.00972544
0.0097287
0.00973201
0.0097354
0.00973889
0.00974251
0.00974631
0.00975032
0.00975457
0.00975908
0.00976384
0.00976883
0.00977405
0.00977947
0.0097851
0.00979091
0.0097969
0.00980307
0.0098094
0.00981588
0.00982252
0.0098293
0.00983622
0.00984327
0.00985046
0.00985777
0.00986521
0.00987277
0.00988045
0.00988825
0.00989617
0.00990421
0.00991235
0.0099206
0.00992895
0.00993738
0.00994589
0.00995447
0.0099631
0.00997178
0.00998048
0.00998921
0.00999793
0.0100066
0.0100153
0.0100239
0.0100325
0.010041
0.0100494
0.0100577
0.0100659
0.0100739
0.0100818
0.0100896
0.0100972
0.0101046
0.010112
0.0101191
0.0101262
0.0101331
0.0101398
0.0101465
0.0101531
0.0101595
0.0101659
0.0101722
0.0101784
0.0101846
0.0101907
0.0101968
0.0102029
0.010209
0.010215
0.0102211
0.0102273
0.0102334
0.0102397
0.0102459
0.0102523
0.0102587
0.0102652
0.0102717
0.0102783
0.010285
0.0102917
0.0102984
0.0103052
0.010312
0.0103189
0.0103258
0.0103327
0.0103397
0.0103467
0.0103538
0.0103609
0.010368
0.0103752
0.0103824
0.0103896
0.0103969
0.0104041
0.0104115
0.0104188
0.0104262
0.0104336
0.010441
0.0104484
0.0104558
0.0104633
0.0104708
0.0104783
0.0104858
0.0104933
0.0105008
0.0105083
0.0105158
0.0105233
0.0105309
0.0105384
0.0105459
0.0105534
0.0105609
0.0105684
0.0105758
0.0105833
0.0105908
0.0105983
0.0106057
0.0106132
0.0106206
0.0106281
0.0106355
0.0106429
0.0106503
0.0106578
0.0106652
0.0106726
0.01068
0.0106874
0.0106948
0.0107022
0.0107096
0.010717
0.0107245
0.0107319
0.0107393
0.0107467
0.0107541
0.0107615
0.0107689
0.0107763
0.0107837
0.0107911
0.0107984
0.0108056
0.0108126
0.0108193
0.0108256
0.0108317
0.0108373
0.0108427
0.0108478
0.0108527
0.0108575
0.0108621
0.0108667
0.0108711
0.0108755
0.0108798
0.010884
0.0108882
0.0108923
0.0108964
0.0109004
0.0109045
0.0109085
0.0109125
0.0109165
0.0109205
0.0109245
0.0109285
0.0109326
0.0109367
0.0109409
0.0109451
0.0109494
0.0109538
0.0109582
0.0109626
0.0109671
0.0109717
0.0109763
0.0109809
0.0109855
0.0109902
0.010995
0.0109997
0.0110045
0.0110093
0.0110141
0.011019
0.0110239
0.0110289
0.0110338
0.0110388
0.0110439
0.011049
0.0110541
0.0110593
0.0110645
0.0110697
0.0110751
0.0110804
0.0110858
0.0110913
0.0110968
0.0111024
0.0111081
0.0111138
0.0111196
0.0111254
0.0111313
0.0111373
0.0111432
0.0111493
0.0111554
0.0111615
0.0111678
0.0111741
0.0111805
0.0111871
0.0111937
0.0112005
0.0112075
0.0112145
0.0112217
0.011229
0.0112364
0.0112439
0.0112514
0.0112591
0.0112669
0.0112747
0.0112826
0.0112905
0.0112986
0.0113067
0.0113148
0.011323
0.0113313
0.0113396
0.0113479
0.0113563
0.0113647
0.0113732
0.0113817
0.0113902
0.0113988
0.0114074
0.011416
0.0114246
0.0114333
0.0114419
0.0114506
0.0114593
0.011468
0.0114767
0.0114855
0.0114942
0.0115029
0.0115117
0.0115204
0.0115292
0.0115379
0.0115467
0.0115555
0.0115643
0.011573
0.0115818
0.0115906
0.0115993
0.0116081
0.0116168
0.0116255
0.0116343
0.011643
0.0116517
0.0116604
0.011669
0.0116777
0.0116863
0.0116949
0.0117035
0.011712
0.0117204
0.0117288
0.0117371
0.0117454
0.0117536
0.0117617
0.0117697
0.0117777
0.0117856
0.0117935
0.0118013
0.011809
0.0118167
0.0118243
0.0118319
0.0118394
0.0118469
0.0118543
0.0118616
0.011869
0.0118762
0.0118835
0.0118907
0.0118978
0.0119049
0.011912
0.0119191
0.0119261
0.0119331
0.0119401
0.011947
0.0119539
0.0119608
0.0119677
0.0119746
0.0119815
0.0119883
0.0119951
0.012002
0.0120088
0.0120156
0.0120224
0.0120292
0.012036
0.0120428
0.0120496
0.0120564
0.0120632
0.0120699
0.0120767
0.0120834
0.0120902
0.0120969
0.0121036
0.0121103
0.0121169
0.0121236
0.0121302
0.0121368
0.0121434
0.0121499
0.0121565
0.012163
0.0121694
0.0121759
0.0121823
0.0121887
0.012195
0.0122014
0.0122076
0.0122139
0.0122201
0.0122263
0.0122324
0.0122386
0.0122448
0.0122511
0.0122574
0.0122637
0.0122702
0.0122768
0.0122834
0.0122902
0.012297
0.0123039
0.0123109
0.012318
0.0123251
0.0123323
0.0123396
0.0123469
0.0123542
0.0123616
0.0123691
0.0123766
0.0123841
0.0123916
0.0123992
0.0124068
0.0124145
0.0124221
0.0124298
0.0124375
0.0124452
0.0124529
0.0124607
0.0124684
0.0124762
0.012484
0.0124918
0.0124996
0.0125074
0.0125153
0.0125231
0.0125309
0.0125388
0.0125467
0.0125545
0.0125624
0.0125702
0.0125781
0.012586
0.0125938
0.0126017
0.0126095
0.0126173
0.0126252
0.012633
0.0126408
0.0126486
0.0126563
0.0126641
0.0126718
0.0126796
0.0126873
0.0126949
0.0127026
0.0127102
0.0127178
0.0127253
0.0127328
0.0127402
0.0127476
0.0127549
0.0127622
0.0127693
0.0127765
0.0127836
0.0127906
0.0127976
0.0128045
0.0128114
0.0128182
0.012825
0.0128318
0.0128385
0.0128452
0.0128518
0.0128584
0.012865
0.0128715
0.0128781
0.0128845
0.012891
0.0128975
0.0129039
0.0129103
0.0129167
0.0129231
0.0129294
0.0129358
0.0129421
0.0129485
0.0129548
0.0129611
0.0129674
0.0129737
0.01298
0.0129863
0.0129926
0.0129989
0.0130052
0.0130114
0.0130177
0.013024
0.0130303
0.0130365
0.0130428
0.013049
0.0130553
0.0130615
0.0130677
0.013074
0.0130802
0.0130863
0.0130925
0.0130987
0.0131048
0.013111
0.0131171
0.0131232
0.0131293
0.0131354
0.0131415
0.0131475
0.0131535
0.0131596
0.0131655
0.0131715
0.0131774
0.0131833
0.0131892
0.013195
0.0132009
0.0132068
0.0132128
0.0132189
0.013225
0.0132313
0.0132377
0.0132443
0.0132509
0.0132577
0.0132645
0.0132715
