0.087224
0.0825371
0.0765673
0.0710513
0.0665248
0.0617371
0.0572999
0.0531637
0.0493454
0.0457877
0.0424971
0.0394372
0.0365984
0.0339642
0.0315195
0.0292507
0.0271451
0.0251909
0.0233772
0.0216939
0.0201317
0.0186817
0.0173359
0.0160868
0.0149273
0.013851
0.0128517
0.0119243
0.011063
0.0102637
0.00952101
0.00883158
0.00819155
0.00759738
0.00704577
0.00653366
0.00605823
0.00561782
0.00520937
0.00483049
0.0044788
0.00415234
0.00384931
0.00356801
0.00330689
0.00306448
0.00283945
0.00263056
0.00243664
0.00225663
0.00208953
0.00193442
0.00179043
0.00165678
0.00153272
0.00141757
0.00131055
0.00121106
0.00111858
0.0010329
0.000953528
0.000879988
0.000811863
0.000748759
0.000690315
0.00063605
0.000585682
0.000538926
0.000495522
0.000455233
0.000417435
0.000379343
0.000875318
0.000951097
0.000895155
0.000844211
0.000795629
0.000749556
0.000706015
0.000664968
0.000626338
0.000590032
0.000555952
0.000523992
0.000494054
0.000466037
0.000439845
0.000415388
0.000392612
0.000370863
0.000350608
0.000331719
0.000314042
0.000297511
0.000282066
0.000267648
0.000254198
0.000241665
0.000229997
0.000219149
0.000209081
0.000199757
0.000191141
0.000183208
0.000175979
0.00016931
0.000163182
0.00015757
0.000152446
0.000147592
-0.000380988
-0.000348669
-0.000318402
-0.000290033
-0.000263421
-0.000238435
-0.00021496
-0.000192887
-0.000172115
-0.000152553
-0.000134112
-0.000131843
-0.000128604
-0.000127327
-0.000128154
-0.00013106
-0.000135944
-0.000142666
-0.000151076
-0.000161028
-0.000172379
-0.000185641
-0.000199756
-0.000214597
-0.00023006
-0.000246053
-0.000262493
-0.000279519
-0.00105023
-0.0017468
-0.00115534
-0.00110842
-0.000773781
0.000523577
0.00123221
0.00146035
0.00130152
0.00115157
0.00100977
0.000877299
-0.00039154
-0.00265327
-0.00582742
-0.00986442
-0.0139508
-0.0179117
-0.0218365
-0.0203097
-0.0213484
-0.0232034
-0.0234803
-0.0235007
-0.0232864
-0.0228508
-0.022202
-0.0213444
-0.0202801
-0.0190094
-0.0176692
-0.0164253
-0.0152709
-0.0141994
-0.0132051
-0.0122823
-0.0114258
-0.010631
-0.00989342
-0.00920895
-0.00857379
-0.00798442
-0.00743756
-0.00693018
-0.00645944
-0.00602274
-0.00561293
-0.00523072
-0.00487346
-0.0045396
-0.00422753
-0.0039357
-0.00366274
-0.00340706
-0.00316944
-0.0029481
-0.00274166
-0.00254896
-0.002369
-0.00220091
-0.00204388
-0.0018974
-0.00176053
-0.00163265
-0.00151407
-0.00140427
-0.0013017
-0.0012059
-0.00111641
-0.00103285
-0.000954815
-0.000881969
-0.000813941
-0.000496379
-0.000267554
-0.000200802
-0.000159578
-0.000121453
-0.000132765
-0.0001033
-7.73417e-05
-5.44125e-05
-3.4133e-05
-1.61845e-05
-2.97092e-07
1.37705e-05
2.62251e-05
3.72529e-05
4.70169e-05
5.56633e-05
6.33188e-05
7.00932e-05
7.57994e-05
0.000529428
0.00050143
0.000475356
0.00045043
0.000427183
0.000405709
0.000385918
0.000367663
0.00035084
0.000335359
0.000321141
0.000308104
0.000296177
0.000285299
0.000275407
0.00026645
0.000258376
0.000251143
0.000244707
0.000238997
0.000233967
0.000229593
0.000225853
0.000222726
0.00022019
0.000218227
0.000216817
0.000215944
0.000215592
0.00021599
0.000216889
0.000218515
0.000220882
0.000223996
0.000227784
0.000232324
0.00023712
0.000242509
0.000248505
0.000254088
0.000222229
0.000232162
0.000242293
0.000252678
0.000263374
0.000274441
0.000285938
0.000297995
0.000306707
-0.000117932
0.000200995
0.000414264
0.000394139
0.000370545
0.000355843
0.000330385
0.000142905
-0.000112529
-0.000375209
-0.000600582
-0.000755275
-0.000813282
-0.000754029
-0.000688566
-0.000625928
-0.000566137
-0.000511404
-0.000461356
-0.000415645
-0.000373944
-0.000335954
-0.000301398
-0.000270018
-0.000241576
-0.000215852
-0.000192641
-0.000171754
-0.000153017
-0.000136269
-0.000121362
-0.000108158
-9.65297e-05
-8.63587e-05
-7.75382e-05
-6.99693e-05
-6.35609e-05
-5.82309e-05
-5.39022e-05
-5.05019e-05
-4.79659e-05
-4.61983e-05
-4.51459e-05
-4.47566e-05
-4.49773e-05
-4.57643e-05
-4.70662e-05
-4.88376e-05
-5.10262e-05
-5.28824e-05
1.34232e-05
4.99375e-06
-3.51481e-06
-1.20448e-05
-2.05832e-05
-2.91374e-05
-3.77242e-05
-4.63668e-05
-5.50877e-05
-6.39074e-05
-7.28462e-05
-8.19229e-05
-9.11523e-05
-0.000100553
-0.000110138
-0.000119915
-0.000129897
-0.000140088
-0.000150494
-0.000161121
-0.000172002
-0.000179527
-0.000183243
-0.000184564
-0.000184733
-0.000182725
-0.000179576
0.00660697
0.0150203
0.0226095
0.0297673
0.036664
0.0433965
0.0500446
0.0520028
0.0495867
0.0460108
0.0426917
0.0396118
0.0367541
0.0341027
0.031643
0.0293602
0.0272426
0.0252783
0.0234568
0.0217675
0.0202006
0.0187476
0.0174
0.0161497
0.0139417
0.0119784
0.0102282
0.00867088
0.00729781
0.00610652
0.00509765
0.00427341
0.0036463
0.00326608
0.00302532
0.00280178
0.00259467
0.00240294
0.00222549
0.00206129
0.00190939
0.00176892
0.00163904
0.00151901
0.00140812
0.00130598
0.00121192
0.00112536
0.00104578
0.000972709
0.000905639
0.000844181
0.000787975
0.000736685
0.000689924
0.000647405
0.000608876
0.000574099
0.000542846
0.000514919
0.000490125
0.000468295
0.000449263
0.000432989
0.00041379
0.000391182
0.000367206
0.000343978
0.000318917
0.000293799
0.000268389
0.0110056
0.0212377
0.0313543
0.0414842
0.0516995
0.0620478
0.07179
0.0781351
0.0801696
0.0786702
0.0742117
0.068863
0.0638986
0.0592906
0.0546267
0.0499821
0.0463733
0.0418145
0.0387372
0.0359407
0.0333447
0.0309346
0.0286982
0.0266262
0.0247056
0.0229239
0.0212712
0.0197383
0.0183168
0.0169989
0.0157773
0.0146445
0.0135924
0.0126152
0.0117075
0.0108644
0.0100811
0.00935348
0.0086774
0.00804916
0.00746533
0.0069227
0.00641828
0.00594931
0.00551263
0.00510651
0.00472854
0.00437663
0.00369142
0.00341517
0.00315986
0.00292397
0.00270613
0.00250535
0.00232053
0.00215027
0.00199349
0.00184917
0.00171637
0.00159306
0.00147876
0.00137269
0.00127267
0.00150263
0.00170013
0.00168433
0.00168545
0.00157436
0.00143039
0.00131453
0.00122043
0.00113307
0.00105197
0.000976687
0.000906795
0.000841906
0.000781665
0.000725731
0.000673803
0.000625584
0.000580814
0.000539241
0.000500638
0.000464791
0.0004315
0.000400584
0.000371872
0.000345206
0.000320438
0.000297431
0.000276061
0.000256209
0.000237769
0.000220636
0.00020472
0.00018993
0.000176188
0.000163417
0.000151552
0.000140524
0.000130273
0.000120746
0.000111889
0.000103656
9.60026e-05
8.88873e-05
8.22712e-05
7.6117e-05
7.03949e-05
6.50715e-05
6.01206e-05
5.55143e-05
5.12302e-05
4.72572e-05
4.37405e-05
4.06448e-05
3.79588e-05
3.56808e-05
3.38145e-05
3.23672e-05
3.13446e-05
3.0756e-05
3.06051e-05
3.08976e-05
3.16445e-05
3.28906e-05
3.46694e-05
3.7007e-05
3.86517e-05
3.86853e-05
3.73889e-05
3.49432e-05
3.16128e-05
0.000552112
0.000957778
0.00106426
0.000936456
0.000814289
0.00114736
0.00102065
0.000900133
0.000794148
0.00070706
0.000630727
0.0005653
0.000511635
0.000469871
0.000431901
0.000396697
0.000364054
0.000333788
0.000305723
0.000279702
0.000255574
0.000233199
0.000212448
0.000193201
0.000175348
0.000158781
0.000143407
0.000129133
0.000115879
0.000103561
9.21078e-05
8.14516e-05
7.15274e-05
6.23222e-05
5.37988e-05
4.59086e-05
3.86126e-05
3.18643e-05
2.56225e-05
1.98558e-05
1.45249e-05
9.60007e-06
5.04963e-06
8.53091e-07
-3.02307e-06
-6.59563e-06
-9.89065e-06
-1.2923e-05
-1.57151e-05
-1.82837e-05
-2.06642e-05
-2.04537e-05
-1.97235e-05
-1.78646e-05
-1.49142e-05
-1.0943e-05
-6.95512e-06
-2.2538e-06
3.06591e-06
8.93883e-06
1.53147e-05
2.21469e-05
2.93851e-05
3.69921e-05
4.4927e-05
5.3158e-05
6.16573e-05
7.04024e-05
7.93785e-05
8.84812e-05
0.000108544
0.000140339
0.00347748
0.00645196
0.0089225
0.010966
0.0126092
0.0138642
0.0147692
0.0137717
0.0117727
0.00996062
0.00854863
0.00751849
0.00700848
0.00653466
0.00609441
0.00568545
0.00530554
0.00495265
0.00462486
0.00432044
0.00403775
0.00377527
0.0035316
0.00330544
0.00309557
0.00290085
0.0027199
0.00174056
0.000950197
0.000325756
-0.000145778
-0.000471497
-0.000623079
-0.000562157
-0.000505403
-0.000452496
-0.00040313
-0.000357026
-0.00031393
-0.000273595
-0.000235807
-0.000200357
-0.000167064
-0.000135746
-0.000115065
-9.66415e-05
-7.8883e-05
-6.15921e-05
-4.56031e-05
-3.5394e-05
-2.761e-05
-2.23387e-05
-1.88947e-05
-1.72816e-05
-1.72108e-05
-1.84178e-05
-2.07126e-05
-2.39871e-05
-2.79937e-05
-3.26205e-05
-3.77633e-05
-4.3327e-05
-4.84996e-05
-5.36647e-05
-5.92563e-05
-6.52522e-05
-7.15926e-05
-7.54166e-05
0.000164548
0.000286302
0.000204526
0.0001166
2.346e-05
-6.9201e-05
-0.000751279
-0.00152632
-0.00215613
-0.00253766
-0.00274564
-0.00283753
-0.00280789
-0.00265265
-0.00248544
-0.00232928
-0.00218354
-0.00204762
-0.00192093
-0.00180294
-0.00169311
-0.00159093
-0.00149537
-0.00149798
-0.00140934
-0.00132708
-0.00125081
-0.00118019
-0.00111491
-0.00105466
-0.000998588
-0.000946412
-0.000897637
-0.00116873
-0.00133892
-0.0013667
-0.00129821
-0.00123456
-0.00117545
-0.00112058
-0.00106967
-0.00102248
-0.000978768
-0.000938309
-0.0009009
-0.000866344
-0.000834461
-0.00080508
-0.000774302
-0.000742735
-0.000710919
-0.000681639
-0.000652736
-0.00062428
-0.000596328
-0.000568915
-0.000542074
-0.00051583
-0.000490194
-0.000465175
-0.000440788
-0.000417253
-0.00039435
-0.000372063
-0.000350403
-0.000331454
-0.000313733
-0.000296401
-0.000279473
-0.000264831
4.06411e-05
0.00027453
0.00045283
0.000649989
0.000652863
0.00063361
0.000624031
0.000610657
0.000592401
0.000568395
0.00053812
0.000502454
0.000469031
0.000438655
0.000411872
0.000387676
0.000365842
0.000346212
0.00032864
0.000312999
0.000299163
0.000287022
0.000276474
0.000267424
0.000259783
0.000253474
0.000248425
0.000244567
0.00024184
0.000240194
0.000239581
0.000239955
0.000241278
0.000243515
0.000246642
0.000250632
0.000255471
0.000260986
0.000267159
0.000273999
0.00028142
0.000289442
0.00029809
0.000306059
0.000315255
0.00032467
0.000334352
0.000344343
0.000354409
0.00036481
0.000375671
0.000387331
0.000399774
0.000411795
0.000415936
0.000415342
0.000414202
0.000412185
0.00040916
0.000405097
0.000400022
0.000393117
0.000384655
0.000374822
0.000363901
0.000352096
0.000339573
0.000327555
0.000315087
0.000302697
0.000557145
0.000717655
0.000672363
0.000612132
0.00054094
0.000421764
9.69395e-05
-0.000309303
-0.00075008
-0.00118648
-0.00158636
-0.00192493
-0.00218256
-0.0023434
-0.00239509
-0.00233074
-0.00217212
-0.00202592
-0.00189123
-0.0017672
-0.00165306
-0.00154811
-0.00145169
-0.00136319
-0.00128206
-0.00120777
-0.00113985
-0.00107784
-0.00102134
-0.000969967
-0.000923352
-0.000881158
-0.00084281
-0.000808069
-0.000776699
-0.000748459
-0.000722999
-0.000699418
-0.000677494
-0.000657162
-0.000638355
-0.000621008
-0.000605064
-0.000590459
-0.000577381
-0.000565467
-0.000554685
-0.000544995
-0.000536354
-0.000528729
-0.000516886
-0.00050672
-0.000495844
-0.000483615
-0.000470195
-0.000455741
-0.0004404
-0.000424301
-0.000407564
-0.000390291
-0.000372583
-0.00035453
-0.000336215
-0.000317711
-0.000299245
-0.000280956
-0.000264186
-0.000247447
-0.000230895
-0.000214955
7.38781e-05
0.000277361
0.000392448
0.000528648
0.000555653
0.00055455
0.000563772
0.000566274
0.000561567
0.000549082
0.000528561
0.000501176
0.000476634
0.000454774
0.000435425
0.000418425
0.000403628
0.000390898
0.00038011
0.000371149
0.000363914
0.000358308
0.000354143
0.000350781
0.000348257
0.000346601
0.000345832
0.00034597
0.000347026
0.000349013
0.000351939
0.000355801
0.000360515
0.000366123
0.000372697
0.000378905
0.000384739
0.000390286
0.000398349
0.000407495
0.000416324
0.000424908
0.00043332
0.00044162
0.000449862
0.000458101
0.000466378
0.000474477
0.000482423
0.00048445
0.000482082
0.000485638
0.000486225
0.000484228
0.000480121
0.000474248
0.000466876
0.00045822
0.000448467
0.000437774
0.000426287
0.000414077
0.000401309
0.000388112
0.000374593
0.000360848
0.00034697
0.000332691
0.000318408
0.000305105
0.000553168
0.000700679
0.000601223
0.000494385
0.000381876
0.000268582
-0.000362968
-0.0010397
-0.00151483
-0.00187925
-0.0021729
-0.00237964
-0.00248566
-0.00247901
-0.00234926
-0.0021975
-0.00204989
-0.00191282
-0.00178639
