0.0171984
0.00599254
0.00384196
0.00384022
-0.000359344
-0.000516961
-0.000518482
-0.00294661
-0.00293704
-0.00438863
-0.00435258
-0.00521491
-0.00596485
-0.00666671
-0.00734217
-0.00799347
-0.00862095
-0.00922566
-0.00980841
-0.0103702
-0.010912
-0.0114351
-0.0119406
-0.0124298
-0.0128725
-0.0133125
-0.013652
-0.0140097
-0.0142776
-0.0145583
-0.0148244
-0.0150781
-0.015322
-0.0155588
-0.015791
-0.016021
-0.0162538
-0.0165496
-0.0168453
-0.0171342
-0.0174275
-0.0177252
-0.0180271
-0.0183331
-0.0186438
-0.0189596
-0.0192807
-0.0196072
-0.019939
-0.0202761
-0.0206183
-0.0209655
-0.0213175
-0.0216741
-0.0220351
-0.0224003
-0.0227748
-0.023162
-0.0235647
-0.023973
-0.0243768
-0.0247761
-0.0251708
-0.025561
-0.0259466
-0.0263275
-0.0267038
-0.0270753
-0.0274421
-0.0278041
-0.0247003
-0.0244547
-0.0242154
-0.0239775
-0.0237403
-0.0235068
-0.0232763
-0.0230489
-0.0228242
-0.0226023
-0.0223831
-0.0221666
-0.0219528
-0.0217416
-0.0215329
-0.0213269
-0.0211234
-0.0209224
-0.0207245
-0.0205297
-0.0203379
-0.020149
-0.0199631
-0.0197801
-0.0195999
-0.0194225
-0.019248
-0.0190762
-0.0189072
-0.018741
-0.0185774
-0.0184165
-0.0182583
-0.0181028
-0.0179498
-0.0177996
-0.0176518
-0.0175067
-0.017364
-0.0172229
-0.017089
-0.0169496
-0.0168106
-0.0166723
-0.0165348
-0.0163983
-0.0162628
-0.0161282
-0.0159948
-0.0158623
-0.0157309
-0.0156075
-0.0154807
-0.0153566
-0.015235
-0.0151157
-0.0149984
-0.0148832
-0.01477
-0.0146587
-0.0145493
-0.0144407
-0.0143316
-0.0142221
-0.0141121
-0.0140017
-0.0138908
-0.0137801
-0.0136796
-0.0135779
-0.0134634
-0.0133365
-0.0132064
-0.0130687
-0.0129389
-0.0128156
-0.0126968
-0.0125757
-0.0124526
-0.0123282
-0.0122145
-0.012109
-0.0120101
-0.0119166
-0.0118215
-0.0117219
-0.0116177
-0.0115118
-0.0114166
-0.0113143
-0.0112118
-0.0111071
-0.0110007
-0.0108927
-0.0107834
-0.0106729
-0.0105613
-0.0104486
-0.0103365
-0.0102266
-0.0101189
-0.0100135
-0.00990996
-0.00980838
-0.00970862
-0.00961059
-0.00951421
-0.00941942
-0.00932615
-0.00923432
-0.00914388
-0.00905479
-0.00896698
-0.0088804
-0.00879948
-0.00871662
-0.00863504
-0.00855446
-0.00847478
-0.00839601
-0.0083185
-0.00824351
-0.00817046
-0.0080987
-0.00802782
-0.0079576
-0.00788792
-0.00781866
-0.00774979
-0.00768108
-0.00761271
-0.00754467
-0.0074763
-0.00740766
-0.00733973
-0.00727253
-0.00720603
-0.00714023
-0.00707512
-0.00701066
-0.0069467
-0.00688785
-0.00683363
-0.00678368
-0.00673691
-0.00669024
-0.00664184
-0.00659089
-0.00653907
-0.00648653
-0.00643337
-0.00637965
-0.00632542
-0.00627072
-0.0062156
-0.00616006
-0.00610413
-0.00604781
-0.0059911
-0.00593397
-0.00587762
-0.00581666
-0.00576208
-0.00570932
-0.00565758
-0.00560719
-0.0055579
-0.00550956
-0.00546163
-0.00541411
-0.00536699
-0.00532028
-0.00527397
-0.00522806
-0.00518255
-0.00513744
-0.00509272
-0.00504839
-0.00500446
-0.00496091
-0.00491771
-0.00487485
-0.00483236
-0.00479024
-0.00474854
-0.00470726
-0.00466643
-0.00462609
-0.00458626
-0.00454697
-0.0045085
-0.00447045
-0.00443277
-0.0043943
-0.00435641
-0.0043192
-0.00428291
-0.00424552
-0.00420846
-0.00417174
-0.00413536
-0.00409999
-0.00406421
-0.00402876
-0.00399364
-0.00395885
-0.00392438
-0.00389024
-0.00385644
-0.00382545
-0.00379752
-0.00375593
-0.00371011
-0.0036618
-0.00360885
-0.00355235
-0.0034969
-0.00344781
-0.00340181
-0.00335782
-0.00331528
-0.00327385
-0.0032335
-0.00319439
-0.00315902
-0.00312756
-0.00309966
-0.00307202
-0.00304462
-0.00301754
-0.00299071
-0.00296411
-0.00293775
-0.00291162
-0.00288573
-0.00286006
-0.00283462
-0.0028094
-0.00278441
-0.00275963
-0.00273507
-0.00271072
-0.00268658
-0.00266265
-0.00263892
-0.0026154
-0.00259208
-0.00256896
-0.00254603
-0.0025233
-0.00250075
-0.00247836
-0.00245612
-0.00243398
-0.00241189
-0.0023898
-0.00236767
-0.00234543
-0.00232295
-0.00230084
-0.00228001
-0.00225948
-0.00223924
-0.00221917
-0.00219927
-0.00217954
-0.00215997
-0.00214056
-0.00212131
-0.00210221
-0.00208328
-0.00206449
-0.00204586
-0.00202738
-0.00200905
-0.00199086
-0.00197281
-0.00195491
-0.00193715
-0.00191952
-0.00190201
-0.00188312
-0.00186332
-0.00184144
-0.00181582
-0.00178897
-0.00175971
-0.00172268
-0.00165976
-0.00157841
-0.00147748
-0.00135473
-0.00120772
-0.00103587
-0.000927413
-0.000905387
-0.000925719
-0.000957539
-0.000995112
-0.00103823
-0.00108553
-0.00113583
-0.00118847
-0.00124199
-0.00129557
-0.0013493
-0.00140285
-0.00145599
-0.00150852
-0.00156029
-0.001611
-0.0017004
-0.00178232
-0.00185651
-0.00192289
-0.00198108
-0.00203051
-0.00207045
-0.00210011
-0.0021183
-0.00212229
-0.00211768
-0.00211154
-0.00210445
-0.00209663
-0.00208814
-0.00207904
-0.00206938
-0.00205921
-0.00204858
-0.00203754
-0.00202611
-0.00201435
-0.00200227
-0.00198992
-0.00197732
-0.0019645
-0.00195148
-0.00193829
-0.00192494
-0.00191146
-0.00189788
-0.00188421
-0.00187045
-0.00185663
-0.00184275
-0.00182884
-0.0018149
-0.00180093
-0.00178696
-0.00177362
-0.00174686
-0.00170701
-0.00165621
-0.00159754
-0.00152589
-0.00144342
-0.00134936
-0.000875203
-0.000460915
-9.20556e-05
0.000234125
0.000517527
0.000756593
0.000978876
0.00103803
0.00096149
0.000791607
0.00056106
0.000333214
0.000138538
-2.70829e-05
-0.00017341
-0.000300549
-0.000404313
-0.000493806
-0.000554163
-0.000603857
-0.000645032
-0.000678999
-0.00070628
-0.000726894
-0.000742419
-0.000754053
-0.00076252
-0.000768468
-0.000772495
-0.000775144
-0.0007769
-0.000778129
-0.000778828
-0.000779031
-0.000778805
-0.000778379
-0.000777783
-0.00077704
-0.000776172
-0.000775203
-0.000774153
-0.000773035
-0.000771867
-0.000770669
-0.000769392
-0.000768268
-0.000767218
-0.000766249
-0.000763625
-0.000762157
-0.000759296
-0.000755172
-0.000749927
-0.000744438
-0.000738708
-0.000732701
-0.000726346
-0.000719575
-0.00071232
-0.00070508
-0.000699468
-0.000693848
-0.000687428
-0.0006833
-0.000680957
-0.000679925
-0.000680331
-0.000679709
-0.000677221
-0.000672661
-0.000667267
-0.00066185
-0.000656422
-0.000650987
-0.000645544
-0.000640102
-0.000634655
-0.00062922
-0.000623792
-0.000618372
-0.000612967
-0.000607576
-0.000602204
-0.000596855
-0.000591524
-0.000586219
-0.000580937
-0.000575684
-0.000570457
-0.000565261
-0.000560094
-0.00055496
-0.000549857
-0.000544786
-0.00053975
-0.000534751
-0.000529785
-0.000524856
-0.000519965
-0.000515107
-0.00051029
-0.000505514
-0.000500772
-0.000496071
-0.000491407
-0.000486784
-0.000482202
-0.00047766
-0.00047316
-0.000468701
-0.000464287
-0.000459909
-0.000455573
-0.000451278
-0.000447035
-0.000442829
-0.000438672
-0.000434559
-0.000430498
-0.000426479
-0.000422508
-0.000418585
-0.000414714
-0.000410888
-0.000407234
-0.00040355
-0.000399876
-0.000396095
-0.000391603
-0.000387393
-0.000383276
-0.000379022
-0.000374287
-0.000362366
-0.000344913
-0.000322901
-0.000296038
-0.000260159
-0.000234786
-0.000213914
-0.000195738
-0.00017966
-0.00016569
-0.000153825
-0.000144593
-0.000138815
-0.000136975
-0.000135534
-0.00013411
-0.000132717
-0.000131343
-0.00012999
-0.00012866
-0.000127356
-0.000126068
-0.000124801
-0.000123553
-0.000122327
-0.000121117
-0.000119925
-0.000118755
-0.000117596
-0.000116456
-0.000115335
-0.000114232
-0.000113141
-0.000112068
-0.00011101
-0.000109963
-0.000108939
-0.000107929
-0.000106931
-0.000105951
-0.000104982
-0.000104032
-0.000103094
-0.000102166
-0.000101257
-0.000100359
-9.94764e-05
-9.86047e-05
-9.77479e-05
-9.69023e-05
-9.60678e-05
-9.76808e-05
-9.80757e-05
-9.87761e-05
-9.951e-05
-0.000100117
-0.00010005
-9.95956e-05
-9.91374e-05
-9.87276e-05
-9.83588e-05
-9.8031e-05
-9.77367e-05
-9.74834e-05
-9.72599e-05
-9.70662e-05
-9.69023e-05
-9.67681e-05
-9.66638e-05
-9.65856e-05
-9.43542e-05
-9.02526e-05
-0.000121769
-0.000145655
-0.000162955
-0.000174701
-0.000181716
-0.00018483
-0.000185084
-0.000188977
-0.00019725
-0.000208706
-0.000221975
-0.000234719
-0.000245731
-0.000256289
-0.000266768
-0.000277191
-0.0002877
-0.000298351
-0.000309188
-0.000320226
-0.000331476
-0.000342954
-0.000354677
-0.000366658
-0.000378922
-0.000391509
-0.000404194
-0.000418257
-0.000430178
-0.000439357
-0.000445515
-0.000448532
-0.0004481
-0.00044404
-0.000440069
-0.000436198
-0.000432421
-0.00042874
-0.000425149
-0.000421643
-0.00041822
-0.000414874
-0.000411604
-0.000408404
-0.000410642
-0.000413395
-0.000414941
-0.000415307
-0.000415474
-0.000416573
-0.000418104
-0.000419904
-0.000421755
-0.000423282
-0.000424337
-0.000424825
-0.00042472
-0.000423975
-0.000422653
-0.000420723
-0.00041819
-0.000415035
-0.000411622
-0.00040774
-0.000403583
-0.000399344
-0.00039503
-0.00039158
-0.00037672
-0.000355564
-0.000329386
-0.00029758
-0.000260063
-0.000219468
-0.000186127
-0.000159562
-0.00013927
-0.000125211
-0.000115562
-0.00010949
-0.000105832
-0.000101417
-9.63695e-05
-9.17055e-05
-8.74251e-05
-8.34763e-05
-7.97845e-05
-7.62604e-05
-7.27996e-05
-6.92755e-05
-6.6556e-05
-6.50994e-05
-6.4984e-05
-6.57402e-05
-6.73607e-05
-6.98045e-05
-7.3038e-05
-7.70241e-05
-8.16993e-05
-8.70414e-05
-9.26293e-05
-9.36352e-05
-9.37581e-05
-9.26666e-05
-9.07741e-05
-8.89413e-05
-8.71718e-05
-8.54619e-05
-8.38079e-05
-8.22023e-05
-8.06488e-05
-7.91401e-05
-7.76686e-05
-7.62381e-05
-7.48448e-05
-7.34851e-05
-7.75009e-05
-8.01124e-05
-8.29659e-05
-8.4132e-05
-8.70675e-05
-9.0871e-05
-9.50396e-05
-9.93013e-05
-0.000103485
-0.000107501
-0.000111282
-0.000114795
-0.000117999
-0.00012077
-0.000123177
-0.000125248
-0.000126958
-0.000127267
-0.000126943
-0.000126589
-0.000126157
-0.000124678
-0.000131357
-0.000145957
-0.000166893
-0.000192903
-0.000215847
-0.000235219
-0.00025161
-0.000265457
-0.000276119
-0.00028301
-0.000285693
-0.000284374
-0.00028256
-0.00028073
-0.000279218
-0.000277665
-0.000276033
-0.00027433
-0.000272546
-0.000270691
-0.00026875
-0.000266731
-0.00026463
-0.000262439
-0.000260159
-0.000257786
-0.000255309
-0.000252731
-0.000250041
-0.000247233
-0.000244297
-0.000241227
-0.000238016
-0.000234652
-0.000231121
-0.000227414
-0.00022351
-0.000219226
-0.00021426
-0.000209991
-0.000206362
-0.000203386
-0.000201065
-0.000198852
-0.000197869
-0.000197548
-0.000197876
-0.00019886
-0.000200368
-0.00020238
-0.0002045
-0.000206761
-0.000209171
-0.000211604
-0.000219781
-0.000227883
-0.000234794
-0.00024062
-0.000245422
-0.000249229
-0.000252061
-0.000254512
-0.000256665
-0.000258345
-0.000259474
-0.000259981
-0.000259839
-0.000259578
-0.000258755
-0.000257231
-0.000244156
-0.000224024
-0.000199053
-0.000168636
-0.000133161
-9.47714e-05
-6.55577e-05
-4.18648e-05
-2.22065e-05
-5.93439e-06
7.16001e-06
1.70805e-05
2.37338e-05
2.7027e-05
2.74852e-05
2.8979e-05
3.13446e-05
3.38256e-05
3.63663e-05
3.89852e-05
4.16897e-05
4.44837e-05
4.73708e-05
5.03585e-05
5.34505e-05
5.66505e-05
5.99623e-05
6.33895e-05
6.69323e-05
7.06129e-05
7.44648e-05
7.85291e-05
8.27089e-05
8.70749e-05
9.17092e-05
9.6716e-05
0.000102557
0.0001073
0.000111189
0.000114258
0.000116535
0.000118058
0.000118852
0.000118956
0.000118528
0.000117552
0.000116091
0.00011415
0.000111736
0.000108849
9.94802e-05
9.54941e-05
9.14074e-05
8.63746e-05
8.09617e-05
7.54669e-05
7.00802e-05
6.4902e-05
5.99958e-05
5.54025e-05
5.11669e-05
4.73075e-05
4.38578e-05
4.08553e-05
3.83966e-05
3.65488e-05
3.59379e-05
3.53307e-05
3.47085e-05
3.42131e-05
2.38158e-05
5.13345e-06
-2.03103e-05
-5.12786e-05
-8.03918e-05
-0.000105146
-0.000125919
-0.000143141
-0.000156358
-0.000165056
-0.000168841
-0.000168018
-0.000167113
-0.00016614
-0.000165105
-0.000164002
-0.00016284
-0.000161611
-0.000160322
-0.00015894
-0.000157434
-0.000155754
-0.000153817
-0.000151318
-0.000148229
-0.000144534
-0.000140194
-0.000135165
-0.000129368
-0.000122681
-0.000114329
-0.000106771
-9.98937e-05
-9.37022e-05
-8.82074e-05
-8.35545e-05
-7.96206e-05
-7.64132e-05
-7.5236e-05
-7.54483e-05
-7.58395e-05
-7.64504e-05
-7.73259e-05
-7.8503e-05
-8.00304e-05
-8.19452e-05
-8.42959e-05
-8.7481e-05
-9.15267e-05
-0.000103615
-0.000118736
-0.000128344
-0.000139099
-0.000150312
-0.000161476
-0.00017231
-0.000182662
-0.00019243
-0.000201553
-0.000210006
-0.000217743
-0.000224724
-0.000230968
-0.000236474
-0.000241227
-0.000245221
-0.000248436
-0.000250682
-0.000252154
-0.000253208
-0.000242546
-0.000224203
-0.000199642
-0.000167567
-0.000129096
-8.64454e-05
-5.1178e-05
-2.17855e-05
2.08616e-06
2.29776e-05
4.18909e-05
5.88372e-05
7.37198e-05
8.64007e-05
9.67644e-05
0.00010233
0.000104036
0.000105552
0.000107333
