0
0.000252377
0.000250024
0.000202868
0.000171611
-0.000161351
-0.000890088
-0.00136829
-0.00211956
-0.00240276
-0.00277313
-0.00290713
-0.00295646
-0.00298569
-0.00301333
-0.00304736
-0.00308625
-0.00312907
-0.00317531
-0.00322464
-0.00327686
-0.00333181
-0.00338937
-0.00344946
-0.00351189
-0.00357667
-0.00364341
-0.00371232
-0.00378295
-0.00385562
-0.00392865
-0.00400372
-0.00408097
-0.00416039
-0.00424196
-0.00432552
-0.00441038
-0.00447374
-0.00451044
-0.00452547
-0.00453971
-0.00455326
-0.00456604
-0.00457805
-0.00458968
-0.00460161
-0.00461364
-0.00462559
-0.00463731
-0.00464871
-0.0046597
-0.0046702
-0.00468016
-0.00468952
-0.00469827
-0.00470637
-0.00472374
-0.00475215
-0.00479191
-0.00482286
-0.00484279
-0.00485224
-0.00485179
-0.00484201
-0.00482347
-0.00480307
-0.00478166
-0.00475993
-0.00473826
-0.00471688
-0.00469583
-0.00419472
-0.00381349
-0.00349375
-0.00320254
-0.00296421
-0.00273304
-0.00250409
-0.00227463
-0.00204315
-0.00180881
-0.00157111
-0.00132976
-0.00108454
-0.000835294
-0.000581882
-0.000324162
-6.19918e-05
0.000196424
0.0004569
0.000718479
0.000979717
0.00123817
0.00149402
0.00174745
0.00199867
0.00224786
0.00249524
0.00274099
0.00298547
0.00322908
0.00347244
0.00371616
0.00396098
0.00420957
0.00445875
0.00470839
0.00495894
0.00521086
0.00544358
0.00572544
0.00602295
0.00633246
0.00665385
0.00698713
0.0073324
0.00768982
0.00805954
0.00844175
0.00883663
0.00924438
0.00934204
0.00936079
0.00930986
0.00917144
0.00893674
0.00860201
0.00816623
0.00762983
0.00699399
0.00626026
0.00542014
0.00448501
0.00345636
0.00233565
0.00112427
-0.000176523
-0.00156319
-0.0028817
-0.0041414
-0.00534243
-0.00656369
-0.00779032
-0.00904048
-0.0102968
-0.0115593
-0.0128289
-0.0141079
-0.0153983
-0.0167005
-0.0180011
-0.0193006
-0.0205982
-0.0218929
-0.0231949
-0.0245077
-0.0258314
-0.0271273
-0.0284442
-0.0297801
-0.0311223
-0.0324706
-0.033826
-0.0351894
-0.0365621
-0.0379454
-0.0393405
-0.040749
-0.0421706
-0.0436044
-0.0450517
-0.046514
-0.047993
-0.04949
-0.0510067
-0.0525447
-0.0541057
-0.0556915
-0.0573039
-0.0589448
-0.0606162
-0.0623199
-0.0640579
-0.0658321
-0.06743
-0.0689238
-0.0703264
-0.0716384
-0.0728614
-0.073997
-0.0750468
-0.0760104
-0.0769079
-0.0777337
-0.0784871
-0.0791692
-0.0797821
-0.0803284
-0.0808111
-0.0812333
-0.0815976
-0.0819057
-0.0821612
-0.0823661
-0.0825229
-0.0826342
-0.0827024
-0.0827298
-0.0827187
-0.0826716
-0.0825906
-0.0824691
-0.082299
-0.0820899
-0.0818451
-0.0815678
-0.0812402
-0.0809046
-0.0805421
-0.0801532
-0.0797382
-0.0792973
-0.0788306
-0.078338
-0.0778196
-0.0772753
-0.0767047
-0.0761077
-0.0754839
-0.074833
-0.0742107
-0.073526
-0.0728221
-0.0721002
-0.0713561
-0.0705917
-0.0698054
-0.0689962
-0.0681659
-0.0673146
-0.0664417
-0.0655461
-0.0646268
-0.0636831
-0.0627139
-0.0617181
-0.0606945
-0.0596417
-0.0585585
-0.0574435
-0.0562951
-0.0551118
-0.0538923
-0.0526352
-0.0513391
-0.0500028
-0.048625
-0.0472046
-0.0457403
-0.0442312
-0.0426766
-0.0410739
-0.0394031
-0.0376581
-0.0358481
-0.0339732
-0.0320231
-0.0299946
-0.0278903
-0.025706
-0.0235226
-0.0212149
-0.0188423
-0.0164004
-0.0138843
-0.0112887
-0.00860833
-0.00583716
-0.00296355
-0.00031312
0.00224185
0.00471599
0.00710761
0.00942906
0.0116824
0.0138679
0.0159694
0.0178645
0.0196903
0.0214477
0.0231412
0.0247678
0.0263286
0.0278254
0.0292632
0.0306441
0.0319692
0.0332361
0.0344457
0.0355992
0.0366973
0.0377411
0.0387313
0.0396687
0.0405541
0.041388
0.042171
0.0429038
0.0435866
0.0442201
0.0448045
0.04534
0.0458267
0.0462649
0.0466548
0.0469962
0.047289
0.047533
0.0477279
0.0478733
0.0479688
0.0480139
0.048008
0.0479507
0.0478416
0.0476801
0.0474661
0.0471992
0.0468793
0.0465868
0.0461787
0.0457307
0.0452255
0.0446672
0.0440564
0.043392
0.0426718
0.0418931
0.0410527
0.0401475
0.039174
0.0381292
0.0370095
0.0358116
0.0345321
0.0331675
0.0317142
0.030169
0.0285283
0.0267886
0.0249464
0.0229718
0.020871
0.0186653
0.0164311
0.014038
0.011539
0.0090618
0.00667639
0.00426051
0.0018381
-0.000592833
-0.00303319
-0.0054796
-0.00783885
-0.0101346
-0.0124636
-0.0147268
-0.0169266
-0.0190646
-0.0211422
-0.0231604
-0.0250909
-0.026967
-0.0287886
-0.0305739
-0.0322974
-0.03396
-0.035563
-0.0371074
-0.0386778
-0.0400515
-0.041324
-0.0425363
-0.0436891
-0.0447837
-0.0458213
-0.046803
-0.04773
-0.0486034
-0.0494271
-0.0501994
-0.0509191
-0.0515862
-0.0522005
-0.0527616
-0.0532696
-0.0537246
-0.0541267
-0.0544763
-0.0547736
-0.0550195
-0.0551962
-0.0553074
-0.0553544
-0.0553362
-0.0552513
-0.0551038
-0.054891
-0.0546103
-0.0542586
-0.0538404
-0.0533525
-0.0527923
-0.0521566
-0.0514427
-0.0506477
-0.0497686
-0.0488025
-0.0477466
-0.0465979
-0.0453553
-0.0440283
-0.0426229
-0.0412037
-0.0396672
-0.0380532
-0.0363598
-0.0346941
-0.0330317
-0.0313647
-0.0297013
-0.0280451
-0.0263969
-0.0249146
-0.023416
-0.0219227
-0.0204349
-0.018954
-0.0174786
-0.0160077
-0.0145421
-0.0130897
-0.0116498
-0.0101859
-0.00884707
-0.00762392
-0.00648494
-0.00542762
-0.00445047
-0.00355458
-0.00274531
-0.0020492
-0.00142869
-0.000883189
-0.000412263
-1.56023e-05
0.000306979
0.000555556
0.000729939
0.000829516
0.000854023
0.000809623
0.000700776
0.00052726
0.000288785
-1.4926e-05
-0.00038415
-0.000819165
-0.00132025
-0.00188775
-0.00252096
-0.00323918
-0.00403971
-0.00492209
-0.00588901
-0.00687608
-0.00772067
-0.0084549
-0.00908094
-0.00960157
-0.0100233
-0.0103479
-0.0105774
-0.0107143
-0.0107609
-0.0107194
-0.0106948
-0.0106315
-0.0105649
-0.0104971
-0.0104267
-0.0103554
-0.0102878
-0.0102252
-0.010159
-0.010079
-0.0100062
-0.00993794
-0.00987008
-0.00980258
-0.00973548
-0.00966878
-0.0096025
-0.00953662
-0.00947116
-0.00940612
-0.0093415
-0.0092773
-0.00921351
-0.00915013
-0.00908716
-0.00902458
-0.0089624
-0.00890061
-0.0088392
-0.00877816
-0.00871749
-0.00865717
-0.00859719
-0.00853771
-0.00847865
-0.00841992
-0.00836154
-0.00830362
-0.00824622
-0.00818939
-0.00813318
-0.00807759
-0.00802262
-0.00796823
-0.00791437
-0.00786091
-0.00780769
-0.00775456
-0.00770132
-0.00764782
-0.00759387
-0.00753931
-0.007484
-0.00742787
-0.007372
-0.0073065
-0.00723189
-0.00714713
-0.00705031
-0.00693909
-0.00681089
-0.006663
-0.00649267
-0.0062972
-0.00607398
-0.00581947
-0.00552946
-0.00520356
-0.00483907
-0.00450345
-0.00426337
-0.00411133
-0.00404525
-0.00406279
-0.00415244
-0.00435202
-0.00464729
-0.00503439
-0.00538805
-0.00565637
-0.00600667
-0.00634233
-0.00666356
-0.00696998
-0.00726234
-0.00754857
-0.0078286
-0.00810112
-0.00837108
-0.00863892
-0.00890466
-0.0091684
-0.00943024
-0.00969032
-0.00994879
-0.0102058
-0.0104617
-0.0107165
-0.0109706
-0.0112241
-0.0114775
-0.011731
-0.0119849
-0.0122394
-0.0124953
-0.0127528
-0.0130123
-0.0132712
-0.0135283
-0.0137833
-0.014036
-0.0142866
-0.0145351
-0.0147814
-0.0150257
-0.0152682
-0.015509
-0.0157482
-0.015986
-0.0162226
-0.0164581
-0.0166928
-0.0169268
-0.01716
-0.0173916
-0.0174506
-0.0174509
-0.0173881
-0.0172574
-0.0170569
-0.0167868
-0.0164476
-0.0160407
-0.0155674
-0.0150292
-0.0144275
-0.0137638
-0.0130393
-0.0122554
-0.0114132
-0.0105136
-0.00955746
-0.00854511
-0.00747601
-0.00657451
-0.0057699
-0.0049776
-0.0041881
-0.00336165
-0.00252077
-0.00167547
-0.000825469
3.11226e-05
0.000886247
0.00173824
0.00253548
0.00335591
0.00417816
0.00500709
0.00584219
0.00668356
0.00753166
0.00838695
0.00924999
0.0101214
0.0110018
0.0118919
0.0127925
0.0137042
0.0146278
0.0155641
0.0165136
0.0174369
0.0184038
0.0193768
0.0203573
0.0213466
0.0223458
0.0233564
0.02438
0.0254148
0.0264623
0.0275238
0.0286006
0.0296943
0.0308062
0.0319375
0.0330895
0.0342634
0.0354603
0.0364672
0.037316
0.0380467
0.0386571
0.0392404
0.0396939
0.0400751
0.0403761
0.0405928
0.0407255
0.0407779
0.0407581
0.040668
0.0405099
0.0402923
0.0400174
0.0396874
0.0393043
0.0388702
0.038387
0.0378532
0.037269
0.0366357
0.0359548
0.0352335
0.0344624
0.033648
0.0327862
0.0318773
0.0308936
0.0298111
0.0286885
0.0275515
0.0263442
0.0250935
0.0237995
0.0224603
0.0210717
0.0196321
0.0181406
0.0165964
0.0149984
0.0133459
0.0116377
0.00987278
0.00805056
0.00625577
0.00437965
0.00248318
0.000564332
-0.0013792
-0.00334992
-0.00535062
-0.00738493
-0.00941645
-0.0114455
-0.0134486
-0.0154456
-0.017435
-0.019419
-0.0213996
-0.0233779
-0.025356
-0.027336
-0.02932
-0.03131
-0.0333081
-0.0353161
-0.0373359
-0.0393693
-0.041418
-0.0434836
-0.0452841
-0.0469408
-0.0484823
-0.0499623
-0.0513711
-0.0526969
-0.0539352
-0.0550853
-0.0561484
-0.0571269
-0.0580235
-0.058841
-0.0595824
-0.0602506
-0.0608486
-0.0613783
-0.0618426
-0.0622446
-0.0625871
-0.0628718
-0.0631011
-0.0632772
-0.0634144
-0.0635033
-0.0635543
-0.0635672
-0.0635171
-0.063348
-0.0631404
-0.0628941
-0.0626101
-0.0622891
-0.0619319
-0.0615387
-0.061106
-0.0606366
-0.0601304
-0.059587
-0.0590058
-0.0583862
-0.0577275
-0.0570292
-0.0562904
-0.0555104
-0.0546883
-0.0538231
-0.0529141
-0.05196
-0.0509599
-0.0499126
-0.048817
-0.0476718
-0.0464755
-0.0452268
-0.043924
-0.0425658
-0.0411502
-0.0396755
-0.0381393
-0.0365401
-0.0348767
-0.0331534
-0.0313742
-0.0295373
-0.0276404
-0.025767
-0.0237927
-0.0217796
-0.0197258
-0.0176289
-0.0154866
-0.013296
-0.0110534
-0.00874054
-0.00635663
-0.00399138
-0.00196667
-8.62814e-05
0.00167812
0.00332809
0.0048661
0.00629513
0.00761836
0.00884386
0.00997469
0.0110117
0.0119571
0.0128135
0.0135836
0.0142703
0.0148758
0.0154022
0.0158564
0.0162275
0.0165244
0.0167505
0.0169192
0.0170284
0.0169885
0.0168961
0.0167595
0.0165804
0.0163599
0.0160986
0.0157969
0.0154551
0.0150726
0.0146447
0.0141686
0.0136369
0.0130502
0.0124089
0.0117129
0.0109615
0.0101541
0.00928985
0.00836773
0.00738672
0.00634571
0.00524351
0.00407884
0.00285052
0.0015573
0.000198007
-0.00122852
-0.00272351
-0.00428827
-0.00592408
-0.00763035
-0.00934061
-0.0110503
-0.0127613
-0.0144756
-0.016195
-0.0179213
-0.0196563
-0.0214014
-0.0231584
-0.024929
-0.0267146
-0.0285165
-0.030336
-0.0318437
-0.0332449
-0.0345725
-0.0358134
-0.0369589
-0.038006
-0.0389544
-0.0398057
-0.0405621
-0.041226
-0.0418002
-0.0422871
-0.0426897
-0.0430106
-0.0432523
-0.0434172
-0.0435074
-0.0435243
-0.0434778
-0.0433793
-0.0432423
-0.0430585
-0.0428286
-0.0425494
-0.0421955
-0.0417408
-0.0412409
-0.040695
-0.0401036
-0.0394671
-0.038786
-0.0380601
-0.0372855
-0.0364615
-0.0355873
-0.0346621
-0.0336851
-0.0326554
-0.0315722
-0.0304346
-0.0292416
-0.0279925
-0.0266862
-0.0253216
-0.0238976
-0.0224132
-0.0208673
-0.0192587
-0.0175862
-0.0158488
-0.0140496
-0.0121728
-0.0102327
-0.00822655
-0.00615017
-0.00407014
-0.00198922
9.46737e-05
0.0021816
0.00427455
0.00637738
0.0084922
0.0106211
0.012766
0.0149289
0.0171117
0.019316
0.0215333
0.0237638
0.0257298
0.027521
0.0292396
0.0308935
0.0324672
0.0339536
0.0353508
0.0366595
0.0378817
0.0390201
0.0400776
0.0410572
0.041962
0.0427948
0.0435585
0.0442561
0.0448904
0.0454641
0.0459799
0.0464399
0.0468463
0.0471958
0.0474798
0.0477098
0.0478901
0.0480225
0.048106
0.0480935
0.0480433
0.0479517
0.0478207
0.0476517
0.0474455
0.0472026
0.0469235
0.0466083
0.0462548
0.045863
0.04543
0.0449554
