0
-0.00312929
-0.00609862
-0.00737442
-0.00850424
-0.00910863
-0.00916186
-0.00874382
-0.00808944
-0.0076727
-0.00726478
-0.00698149
-0.00679098
-0.00668228
-0.00665185
-0.00669693
-0.00681491
-0.00700314
-0.00725903
-0.00758015
-0.00796428
-0.00840945
-0.00891388
-0.00947602
-0.0100937
-0.0107669
-0.0114921
-0.0122715
-0.0131018
-0.013985
-0.0149219
-0.0159104
-0.0169506
-0.0180429
-0.0191879
-0.0203867
-0.0216415
-0.022802
-0.0238938
-0.0249174
-0.0258736
-0.0267627
-0.0275855
-0.0283423
-0.0290336
-0.0296599
-0.0302214
-0.0307184
-0.0311511
-0.0315196
-0.031824
-0.0320641
-0.0322399
-0.0323512
-0.0323979
-0.0323795
-0.0323001
-0.0321594
-0.0319564
-0.0316921
-0.0313656
-0.0309764
-0.0305235
-0.0300062
-0.0294236
-0.0287744
-0.0280578
-0.0272725
-0.0264173
-0.0254909
-0.0244921
-0.0237682
-0.0228481
-0.0217218
-0.0204429
-0.0192439
-0.0181087
-0.0170276
-0.0159957
-0.0150103
-0.0140696
-0.0131721
-0.0123165
-0.0115016
-0.0107262
-0.00998922
-0.00928938
-0.00862559
-0.00802623
-0.00748807
-0.0070108
-0.00659238
-0.00623008
-0.005923
-0.00567034
-0.00547139
-0.00532551
-0.00523216
-0.00519087
-0.00520139
-0.0052636
-0.00537738
-0.0055428
-0.0057602
-0.00603166
-0.00635338
-0.0067261
-0.00715008
-0.00762567
-0.00810537
-0.00847733
-0.00888193
-0.00929304
-0.00970307
-0.010108
-0.0105059
-0.0108957
-0.0112771
-0.0116501
-0.0120147
-0.0123711
-0.012874
-0.0135607
-0.014255
-0.0149748
-0.0157308
-0.0165291
-0.0173736
-0.0182666
-0.0192098
-0.0202049
-0.0211224
-0.0220106
-0.0228696
-0.0236987
-0.0244974
-0.0252646
-0.0259827
-0.0264265
-0.0267046
-0.0268445
-0.027721
-0.0285546
-0.0291795
-0.0296557
-0.02995
-0.0300561
-0.0300724
-0.030004
-0.0298674
-0.0295453
-0.0289736
-0.0281278
-0.0270013
-0.0256763
-0.0242233
-0.0226719
-0.0212076
-0.0202175
-0.0197493
-0.0194566
-0.0192083
-0.0189983
-0.0188201
-0.0186679
-0.0185375
-0.0184252
-0.0183286
-0.0182888
-0.0183281
-0.0184154
-0.0185216
-0.0186336
-0.0187446
-0.0188513
-0.0189521
-0.0190462
-0.0191334
-0.0192139
-0.0192878
-0.0193556
-0.0194174
-0.0194738
-0.019525
-0.0199034
-0.0205536
-0.0211708
-0.0217611
-0.0223245
-0.0228574
-0.0233457
-0.02374
-0.0240954
-0.0244177
-0.0247099
-0.0249729
-0.0252067
-0.0254106
-0.0255839
-0.0257248
-0.0258334
-0.0259121
-0.0259579
-0.0259779
-0.0259949
-0.0260107
-0.026026
-0.0260413
-0.0260568
-0.0260719
-0.0260859
-0.0262526
-0.0264118
-0.0265191
-0.0265975
-0.0266632
-0.0267046
-0.0267176
-0.0266962
-0.0266372
-0.0265389
-0.0264005
-0.026221
-0.0259992
-0.0257341
-0.0254243
-0.0250681
-0.0246635
-0.0242081
-0.0236979
-0.0231525
-0.0228004
-0.0225714
-0.0223913
-0.0222707
-0.0222166
-0.0222079
-0.0222374
-0.0222639
-0.022289
-0.0223136
-0.0223381
-0.0223628
-0.0223877
-0.0224131
-0.0224388
-0.0224649
-0.0224914
-0.0225184
-0.0225458
-0.0225735
-0.0226014
-0.0226312
-0.0226648
-0.0227041
-0.022751
-0.0228076
-0.0228762
-0.0229594
-0.0230602
-0.0231827
-0.0233122
-0.0234447
-0.0234783
-0.0235209
-0.0235866
-0.0236955
-0.0237082
-0.0237213
-0.0237356
-0.0237527
-0.0237815
-0.0237914
-0.0238057
-0.0238234
-0.0238435
-0.0238657
-0.0238895
-0.0239174
-0.0240243
-0.0241081
-0.0243813
-0.0246741
-0.0248853
-0.0250749
-0.0252949
-0.025511
-0.0257427
-0.0259453
-0.0261046
-0.0262202
-0.0262977
-0.0263433
-0.0263622
-0.0263874
-0.0264062
-0.0264107
-0.0264153
-0.0264199
-0.0264295
-0.0264389
-0.026448
-0.0264569
-0.0264654
-0.0264737
-0.0264817
-0.0264892
-0.0264963
-0.026503
-0.0265092
-0.0265149
-0.0265201
-0.0265248
-0.0265288
-0.0265321
-0.0265347
-0.0265365
-0.0265376
-0.0265378
-0.0265372
-0.0265338
-0.0265245
-0.0265062
-0.0264755
-0.0264288
-0.0263618
-0.0262697
-0.0261457
-0.0259783
-0.0258107
-0.0257611
-0.0257712
-0.0257812
-0.0257862
-0.0257887
-0.0257903
-0.0257917
-0.0257935
-0.0257959
-0.0257992
-0.0258034
-0.0258085
-0.0258148
-0.0258223
-0.0258311
-0.0258412
-0.0258526
-0.0258655
-0.0258797
-0.0258955
-0.0259127
-0.0266154
-0.0280423
-0.02995
-0.0321168
-0.0348988
-0.0380802
-0.040833
-0.0434532
-0.0460216
-0.0485185
-0.0509377
-0.0532806
-0.0555561
-0.0567092
-0.0567486
-0.0564599
-0.0560163
-0.0554353
-0.0549164
-0.0544974
-0.0541818
-0.0539697
-0.0538389
-0.0537721
-0.0538185
-0.0539674
-0.054217
-0.0545652
-0.0550106
-0.055455
-0.055764
-0.0559637
-0.0560925
-0.0561688
-0.0562011
-0.0561932
-0.0561464
-0.0560608
-0.0559384
-0.0557911
-0.0556641
-0.0555799
-0.0555282
-0.0554962
-0.0554763
-0.0554644
-0.0554583
-0.0554567
-0.055459
-0.0554648
-0.0554739
-0.0554871
-0.0555031
-0.0555218
-0.0555429
-0.0555664
-0.055591
-0.055617
-0.0556442
-0.0556725
-0.0557028
-0.0557339
-0.0557659
-0.0557986
-0.055832
-0.055866
-0.0559005
-0.0559354
-0.0559706
-0.056006
-0.0567598
-0.0582732
-0.0603136
-0.0626395
-0.065586
-0.0689595
-0.0727796
-0.0763179
-0.0799652
-0.0837392
-0.0876103
-0.0915672
-0.0956096
-0.099342
-0.102173
-0.103912
-0.104638
-0.104431
-0.103674
-0.102612
-0.101304
-0.0999433
-0.0985199
-0.0970849
-0.0959028
-0.0950216
-0.0943123
-0.0937462
-0.0933059
-0.0929775
-0.0927459
-0.0925471
-0.0923626
-0.0921886
-0.0920222
-0.0918611
-0.0917033
-0.091547
-0.0913936
-0.0912501
-0.091116
-0.0909931
-0.090897
-0.0908275
-0.0907842
-0.0907667
-0.0907748
-0.090808
-0.0908661
-0.0909489
-0.0910565
-0.0911966
-0.0913658
-0.0915647
-0.0917942
-0.0918658
-0.0918999
-0.0919471
-0.0919994
-0.0920489
-0.0920618
-0.0920388
-0.0919887
-0.0919076
-0.0917909
-0.0916333
-0.0914744
-0.0914637
-0.091456
-0.0914506
-0.091605
-0.0917416
-0.0917647
-0.0917827
-0.0917952
-0.0918093
-0.0918037
-0.0917907
-0.0917794
-0.0917693
-0.0917602
-0.0917517
-0.0917438
-0.0917364
-0.0917295
-0.091723
-0.0917169
-0.0917112
-0.0917058
-0.0917008
-0.0916962
-0.0916919
-0.0916878
-0.0916839
-0.0916801
-0.0916763
-0.0916724
-0.0916683
-0.091664
-0.0916595
-0.0916546
-0.0916494
-0.0916437
-0.0916374
-0.0916304
-0.0916229
-0.0916146
-0.0916055
-0.0915957
-0.091585
-0.0915735
-0.0915613
-0.0915483
-0.0915347
-0.0915207
-0.0915063
-0.0914916
-0.0914767
-0.0914618
-0.091447
-0.0914322
-0.0914177
-0.0914034
-0.0913896
-0.0913763
-0.0913636
-0.0913516
-0.0913404
-0.0913299
-0.0913203
-0.0913114
-0.0913127
-0.0913092
-0.0913013
-0.0912794
-0.0912096
-0.0911682
-0.091138
-0.0911
-0.0910231
-0.0912491
-0.0914712
-0.0915758
-0.0915483
-0.0918123
-0.0918187
-0.0918095
-0.0918198
-0.09182
-0.0918133
-0.0918055
-0.0917973
-0.0917893
-0.0917819
-0.091776
-0.0917715
-0.091768
-0.0917654
-0.0917637
-0.0917627
-0.0917625
-0.0917631
-0.0917642
-0.0917659
-0.0917681
-0.0917707
-0.0917736
-0.0917768
-0.0917802
-0.0917838
-0.0917875
-0.0917912
-0.0917949
-0.0917984
-0.0918016
-0.0918046
-0.0918073
-0.0918097
-0.0918117
-0.0918133
-0.0918145
-0.0918152
-0.0918157
-0.0918161
-0.0918163
-0.0918167
-0.0918172
-0.0918181
-0.0918193
-0.0918211
-0.0918236
-0.0919938
-0.0921891
-0.0923491
-0.0924759
-0.0925701
-0.0926303
-0.0926563
-0.092678
-0.0927004
-0.0927238
-0.0927483
-0.0927741
-0.0928011
-0.0928293
-0.0928585
-0.0928889
-0.0929202
-0.092953
-0.0929869
-0.093682
-0.0950705
-0.0963148
-0.0974785
-0.0984222
-0.0991435
-0.0996354
-0.0998936
-0.099932
-0.0993661
-0.0985855
-0.0978516
-0.0972286
-0.0967533
-0.0964355
-0.0962269
-0.0961016
-0.0960328
-0.0960139
-0.0960409
-0.0961112
-0.0962232
-0.0963758
-0.0965683
-0.0968005
-0.0970722
-0.0973842
-0.0977382
-0.0980762
-0.0982983
-0.098409
-0.0984404
-0.0984088
-0.0983222
-0.0981923
-0.0980469
-0.0979669
-0.0979227
-0.0978976
-0.0978826
-0.0978727
-0.0978652
-0.0978587
-0.0978524
-0.0978462
-0.0978398
-0.0977746
-0.0980301
-0.0984938
-0.0991821
-0.099877
-0.100431
-0.100931
-0.101374
-0.101771
-0.102129
-0.102446
-0.102726
-0.102967
-0.10317
-0.103338
-0.103469
-0.103562
-0.103616
-0.103628
-0.103599
-0.103552
-0.103501
-0.103447
-0.103389
-0.103506
-0.103624
-0.103671
-0.103727
-0.103774
-0.103802
-0.103746
-0.103624
-0.103471
-0.10332
-0.103166
-0.102995
-0.102808
-0.102615
-0.102418
-0.102204
-0.101965
-0.101695
-0.101392
-0.10105
-0.100666
-0.100233
-0.0997645
-0.0994411
-0.0991777
-0.0989679
-0.0988097
-0.0987014
-0.0986421
-0.0986306
-0.0986772
-0.0987704
-0.0988478
-0.0989518
-0.0989693
-0.098928
-0.0988727
-0.0988442
-0.0988301
-0.0988233
-0.0988199
-0.098818
-0.0988163
-0.0988145
-0.0988123
-0.0988097
-0.0988066
-0.0988033
-0.0990402
-0.0995727
-0.100064
-0.100613
-0.101096
-0.101531
-0.101929
-0.102295
-0.102631
-0.102937
-0.103213
-0.103458
-0.103671
-0.103851
-0.103997
-0.10411
-0.104189
-0.10423
-0.104243
-0.104246
-0.104237
-0.104213
-0.104357
-0.104496
-0.104632
-0.104799
-0.104959
-0.105097
-0.105208
-0.105301
-0.105375
-0.105426
-0.105453
-0.105456
-0.105444
-0.105424
-0.105398
-0.105365
-0.105327
-0.105282
-0.105232
-0.105176
-0.105114
-0.105045
-0.10497
-0.104888
-0.104798
-0.1047
-0.104594
-0.10448
-0.104356
-0.104223
-0.104079
-0.103925
-0.10376
-0.103583
-0.103394
-0.103191
-0.102974
-0.102736
-0.102456
-0.102223
-0.10203
-0.101879
-0.101769
-0.101657
-0.101629
-0.10164
-0.101689
-0.101777
-0.1019
-0.102053
-0.102211
-0.102374
-0.102544
-0.102727
-0.103162
-0.103494
-0.103849
-0.104213
-0.104575
-0.10493
-0.105273
-0.105567
-0.105808
-0.106007
-0.106167
-0.106289
-0.106375
-0.10642
-0.106431
-0.106441
-0.106635
-0.106837
-0.106977
-0.107135
-0.107314
-0.107508
-0.107707
-0.107882
-0.108012
-0.108092
-0.108122
-0.108109
-0.108056
-0.107967
-0.107847
-0.10771
-0.107569
-0.107456
-0.107356
-0.107258
-0.107155
-0.107046
-0.106928
-0.1068
-0.106661
-0.106512
-0.106352
-0.10618
-0.105996
-0.1058
-0.105588
-0.105358
-0.105107
-0.104831
-0.104525
-0.104183
-0.103772
-0.103424
-0.103123
-0.102866
-0.102655
-0.102488
-0.102366
-0.102286
-0.102249
-0.102248
-0.102281
-0.102349
-0.102452
-0.102593
-0.10297
-0.103475
-0.103971
-0.104424
-0.104842
-0.105229
-0.105587
-0.105915
-0.106213
-0.106481
-0.106717
-0.10692
-0.107088
-0.10722
-0.107313
-0.107367
-0.107381
-0.107392
-0.107402
-0.107408
-0.107573
-0.107723
-0.107848
-0.107999
-0.108126
-0.10823
-0.108304
-0.108359
-0.108392
-0.108401
-0.108384
-0.10834
-0.108285
-0.108222
-0.108153
-0.108078
-0.107999
-0.107915
-0.107826
-0.107731
-0.107628
-0.107513
-0.107385
-0.10724
-0.107074
-0.106886
-0.106672
-0.106427
-0.106147
-0.105824
-0.105413
-0.105053
-0.104738
-0.104465
-0.104234
-0.104063
-0.103934
-0.103846
-0.103801
-0.103796
-0.103801
-0.103818
-0.103849
-0.103895
-0.103959
-0.104042
-0.104147
-0.104296
-0.104488
-0.104933
-0.105431
-0.106183
-0.10686
-0.107479
-0.108052
-0.108589
-0.109093
-0.109565
-0.110007
-0.110417
-0.110797
-0.111144
-0.111458
-0.111739
-0.111986
-0.112196
-0.11237
-0.112504
-0.112601
-0.112659
-0.112905
-0.113164
-0.113339
-0.113488
-0.113645
-0.113807
-0.113908
-0.113974
-0.114041
-0.114097
-0.114131
-0.114142
-0.11413
-0.114098
-0.114046
-0.113996
-0.113937
-0.113867
-0.113784
