0
-0.00312929
-0.00609862
-0.00737442
-0.00850424
-0.00910863
-0.00916186
-0.00874382
-0.00808944
-0.0076727
-0.00726478
-0.00698149
-0.00679098
-0.00668228
-0.00665185
-0.00669693
-0.00681491
-0.00700314
-0.00725903
-0.00758015
-0.00796428
-0.00840945
-0.00891388
-0.00947602
-0.0100937
-0.0107669
-0.0114921
-0.0122715
-0.0131018
-0.013985
-0.0149219
-0.0159103
-0.0169502
-0.0180415
-0.0191845
-0.0203795
-0.0216284
-0.0227799
-0.0238589
-0.0248653
-0.0257988
-0.0266589
-0.0274454
-0.0281579
-0.028796
-0.0293595
-0.0298479
-0.030261
-0.0305984
-0.0308597
-0.0310445
-0.0311524
-0.031183
-0.0311358
-0.0310104
-0.0308061
-0.0305269
-0.0301723
-0.0297412
-0.0292345
-0.0286515
-0.0279913
-0.0272533
-0.0264366
-0.0255402
-0.0245633
-0.0235048
-0.0223637
-0.0211389
-0.0198293
-0.0184337
-0.0172997
-0.0159563
-0.0143938
-0.0126659
-0.0110054
-0.00939644
-0.0078295
-0.00630002
-0.00480552
-0.00334444
-0.00191563
-0.000518079
0.000849147
0.00218693
0.00349614
0.00477761
0.00603216
0.00723105
0.00837721
0.00947059
0.0105129
0.0115065
0.0124521
0.0133502
0.0142015
0.0150066
0.015766
0.0164805
0.0171504
0.0177761
0.0183579
0.0188961
0.0193908
0.0198406
0.0202498
0.0206184
0.0209466
0.021235
0.0215318
0.0219496
0.0223489
0.0227566
0.0231811
0.0236269
0.0240966
0.0245914
0.025112
0.0256585
0.0262309
0.0268291
0.0272981
0.0276006
0.0279124
0.0282151
0.0284978
0.0287538
0.0289786
0.0291692
0.0293233
0.0294385
0.0296435
0.0298893
0.0301749
0.0304998
0.0308639
0.0312668
0.0317253
0.0324634
0.0333713
0.0344204
0.034735
0.0350943
0.0356647
0.0363862
0.0372922
0.0383892
0.0395787
0.0408559
0.0422043
0.0437411
0.0455305
0.0475969
0.049947
0.0524984
0.0551804
0.0579636
0.060662
0.0628886
0.0645954
0.0661286
0.0676191
0.0690729
0.0704963
0.0718949
0.073273
0.0746343
0.0759813
0.0772731
0.0784877
0.0796565
0.0808087
0.0819579
0.0831112
0.0842726
0.0854444
0.0866279
0.0878238
0.0890329
0.0902556
0.0914923
0.0927435
0.0940096
0.0952908
0.0962554
0.0969591
0.097707
0.0984931
0.0993176
0.100184
0.101106
0.102133
0.10321
0.104329
0.105489
0.106687
0.107922
0.109195
0.110506
0.111855
0.113241
0.114662
0.116119
0.117604
0.119093
0.120583
0.122073
0.12356
0.125042
0.12652
0.127992
0.129303
0.130615
0.131971
0.133349
0.134734
0.136137
0.137563
0.139018
0.140506
0.142028
0.143586
0.145181
0.146813
0.148485
0.150198
0.151954
0.153753
0.1556
0.157498
0.159427
0.161159
0.162764
0.164316
0.165805
0.167224
0.168593
0.169922
0.17125
0.172578
0.173903
0.175227
0.17655
0.177872
0.179193
0.180515
0.181838
0.183163
0.184491
0.185822
0.187157
0.188499
0.189844
0.191194
0.192545
0.193898
0.195249
0.196598
0.197941
0.199276
0.200598
0.201922
0.203252
0.20469
0.206126
0.207547
0.208931
0.210418
0.21191
0.213406
0.214903
0.216391
0.217901
0.219407
0.220911
0.222411
0.223907
0.225397
0.22688
0.228277
0.229691
0.230906
0.232094
0.233357
0.234633
0.235873
0.23711
0.238326
0.239566
0.240843
0.242159
0.243509
0.244885
0.246284
0.247673
0.249063
0.250464
0.25186
0.253253
0.254637
0.256016
0.257392
0.258764
0.260132
0.261497
0.262858
0.264215
0.26557
0.266922
0.268272
0.26962
0.270967
0.272313
0.273659
0.275006
0.276354
0.277704
0.279057
0.280414
0.281775
0.283144
0.284525
0.285921
0.287337
0.288776
0.290244
0.291746
0.293289
0.294885
0.296489
0.297985
0.29943
0.300884
0.302351
0.303829
0.305315
0.306808
0.308307
0.309811
0.311318
0.312829
0.314342
0.315856
0.31737
0.318883
0.320394
0.321901
0.323404
0.324901
0.32639
0.32787
0.328657
0.328712
0.328278
0.327578
0.326256
0.324529
0.323224
0.322046
0.320915
0.31985
0.318858
0.317938
0.317081
0.317342
0.318712
0.320406
0.322251
0.32423
0.326142
0.32795
0.329651
0.331245
0.332752
0.334192
0.335515
0.336731
0.337844
0.338855
0.339766
0.340675
0.341719
0.34287
0.344091
0.345365
0.346683
0.348043
0.349444
0.350887
0.35237
0.353884
0.355382
0.356844
0.358281
0.359706
0.361127
0.362549
0.363974
0.365404
0.366839
0.368279
0.369725
0.371176
0.372632
0.374094
0.375561
0.377032
0.378508
0.379988
0.381472
0.382958
0.384446
0.385936
0.387425
0.388915
0.390402
0.391887
0.393368
0.394844
0.396314
0.397776
0.398512
0.39848
0.397913
0.397054
0.395568
0.393649
0.391276
0.389181
0.386971
0.384629
0.382185
0.379651
0.377027
0.374708
0.373286
0.372954
0.373629
0.375233
0.377384
0.379836
0.382528
0.385271
0.388071
0.390879
0.39343
0.395677
0.397748
0.399673
0.40147
0.403153
0.404736
0.406286
0.407821
0.409345
0.410862
0.412375
0.413887
0.4154
0.416915
0.418424
0.41993
0.421431
0.422912
0.424374
0.425819
0.427246
0.428657
0.430052
0.431431
0.432795
0.434143
0.435466
0.43677
0.438051
0.439309
0.440732
0.442199
0.443658
0.445116
0.446582
0.448087
0.449631
0.451202
0.452805
0.454443
0.45612
0.457794
0.459315
0.460828
0.462331
0.463666
0.465011
0.466462
0.467911
0.469359
0.470799
0.472252
0.473708
0.475156
0.476599
0.478035
0.479466
0.480892
0.482314
0.48373
0.485143
0.48655
0.487953
0.489352
0.490746
0.492136
0.493522
0.494903
0.49628
0.497653
0.499022
0.500388
0.501751
0.503112
0.504471
0.505828
0.507184
0.50854
0.509896
0.511253
0.512613
0.513976
0.515342
0.516713
0.518089
0.519472
0.520862
0.522261
0.523667
0.525082
0.526507
0.527941
0.529383
0.530836
0.532297
0.533767
0.535245
0.536732
0.538226
0.539727
0.541234
0.542747
0.544264
0.545786
0.547311
0.548838
0.550357
0.551882
0.553412
0.554955
0.556543
0.5581
0.559641
0.561184
0.562759
0.564022
0.565282
0.566651
0.568145
0.569342
0.570789
0.572246
0.573679
0.575116
0.576555
0.57799
0.579421
0.580847
0.582268
0.583684
0.585094
0.586499
0.587899
0.589294
0.590685
0.59207
0.593451
0.594827
0.596198
0.597565
0.598928
0.600287
0.601643
0.602996
0.604346
0.605695
0.607042
0.608388
0.609735
0.611082
0.612431
0.613783
0.615138
0.616497
0.617861
0.619231
0.620608
0.621993
0.623386
0.624787
0.626196
0.627615
0.629042
0.630478
0.631923
0.633376
0.634669
0.635946
0.637267
0.638627
0.640028
0.641468
0.642948
0.644438
0.64593
0.647425
0.648921
0.650417
0.651912
0.653405
0.654894
0.656379
0.657859
0.659331
0.660795
0.661589
0.661682
0.661912
0.662215
0.662732
0.663464
0.664421
0.665605
0.667004
0.669002
0.67121
0.673366
0.675408
0.677297
0.679024
0.680639
0.682165
0.683632
0.685044
0.686406
0.687721
0.688991
0.690215
0.691396
0.692533
0.693626
0.694676
0.695681
0.6967
0.697832
0.699073
0.700393
0.701774
0.703211
0.704692
0.706189
0.707623
0.709025
0.710411
0.711792
0.713173
0.714559
0.71595
0.717349
0.718757
0.720173
0.721658
0.72283
0.723804
0.724562
0.725322
0.726232
0.727204
0.728242
0.729332
0.730469
0.731652
0.732879
0.734148
0.735461
0.736811
0.738201
0.739629
0.741097
0.742606
0.744154
0.745716
0.747278
0.748837
0.750393
0.751765
0.753129
0.754555
0.755967
0.75738
0.758806
0.76031
0.761875
0.763465
0.765048
0.766629
0.768223
0.769828
0.771435
0.773042
0.774662
0.776302
0.777969
0.779666
0.781397
0.783166
0.784981
0.786826
0.788523
0.790155
0.791731
0.793251
0.794718
0.796134
0.797499
0.798805
0.800063
0.801335
0.802581
0.803915
0.805308
0.806718
0.808103
0.809478
0.810851
0.812226
0.813606
0.814993
0.816387
0.817791
0.819203
0.820625
0.822057
0.823257
0.824171
0.825135
0.82605
0.82704
0.828084
0.829174
0.830303
0.831468
0.832668
0.833903
0.835173
0.836478
0.837818
0.839194
0.840603
0.842045
0.843523
0.845025
0.846533
0.848048
0.849569
0.850915
0.852257
0.853595
0.854894
0.856195
0.857511
0.858848
0.860197
0.861561
0.862941
0.864342
0.865762
0.867192
0.868626
0.870062
0.8715
0.87294
0.874382
0.875826
0.877271
0.878719
0.880168
0.881621
0.883076
0.884535
0.885998
0.887466
0.88894
0.89042
0.891907
0.893403
0.894908
0.896423
0.89795
0.89949
0.901045
0.902616
0.904212
0.905852
0.907452
0.909015
0.910544
0.91204
0.913545
0.914974
0.916373
0.917743
0.919084
0.920397
0.921691
0.922989
0.924289
0.925592
0.926888
0.927942
0.929104
0.930249
0.931392
0.932541
0.933701
0.934876
0.936102
0.937383
0.938706
0.940067
0.941463
0.942894
0.944359
0.945853
0.947341
0.948636
0.949916
0.95125
0.952558
0.95384
0.9551
0.956349
0.957616
0.958924
0.960276
0.961673
0.963109
0.964581
0.966084
0.967613
0.969156
0.970698
0.972208
0.973702
0.97519
0.976678
0.978168
0.979663
0.981164
0.982672
0.984186
0.985709
0.98724
0.98878
0.99033
0.991894
0.993475
0.995076
0.996702
0.998359
1.00005
1.00182
1.00352
1.00519
1.00681
1.00839
1.00994
1.01144
1.01292
1.01435
1.01576
1.01715
1.01851
1.01985
1.02115
1.02223
1.02319
1.02416
1.02519
1.02626
1.02737
1.02851
1.02969
1.0309
1.03215
1.03343
1.03475
1.0361
1.03749
1.03892
1.04039
1.04189
1.04339
1.04488
1.04637
1.0477
1.04903
1.05038
1.0517
1.05303
1.05438
1.05575
1.05714
1.05854
1.05997
1.06141
1.06288
1.06435
1.06583
1.06731
1.06879
1.07027
1.07175
1.07323
1.07472
1.0762
1.0777
1.07921
1.08072
1.08226
1.08381
1.08539
1.08699
1.08863
1.09031
1.09207
1.09378
1.09545
1.09707
1.09865
1.10017
1.10166
1.1031
1.10451
1.10588
1.10724
1.10861
1.10996
1.11131
1.11264
1.11397
1.11528
1.11656
1.11781
1.11881
1.11977
1.12048
1.12127
1.12214
1.12305
1.12401
1.12501
1.12604
1.12711
1.12821
1.12935
1.13053
1.13173
1.13297
1.13425
1.13556
1.1369
1.13827
1.13968
1.14112
1.14237
1.14359
1.14489
1.14621
1.14751
1.1488
1.15015
1.15152
1.15289
1.15427
1.15566
1.15708
1.15851
1.15995
1.16141
1.16287
1.16433
1.1658
1.16727
