-0.0355023
-0.0286828
-0.0217092
-0.0183946
-0.0183885
-0.0193686
-0.0201509
-0.0201643
-0.0196879
-0.0196881
-0.0195464
-0.0195254
-0.0195105
-0.0195021
-0.0194963
-0.0194922
-0.0194893
-0.0194871
-0.0194857
-0.0194847
-0.0194842
-0.0194841
-0.0194844
-0.0194849
-0.0194857
-0.0194868
-0.0194881
-0.0194894
-0.0194909
-0.0194925
-0.0194958
-0.0194989
-0.0195019
-0.0195047
-0.0195073
-0.0195097
-0.0195118
-0.0195127
-0.0195138
-0.019515
-0.0195162
-0.0195176
-0.019519
-0.0195204
-0.0195217
-0.019523
-0.0195242
-0.0195253
-0.0195263
-0.0195272
-0.0195279
-0.0195284
-0.0195288
-0.0195289
-0.019529
-0.0195288
-0.0195284
-0.0195278
-0.0195271
-0.0195262
-0.0195251
-0.0195239
-0.0195225
-0.019521
-0.0195194
-0.0195177
-0.0195159
-0.0195141
-0.0195122
-0.0195102
-0.0203201
-0.0209556
-0.0209421
-0.020923
-0.020899
-0.0208765
-0.0208553
-0.0208352
-0.0208159
-0.0207972
-0.020779
-0.0207612
-0.0207438
-0.0207268
-0.0207102
-0.0206938
-0.0206777
-0.0206619
-0.020645
-0.0206272
-0.0206097
-0.0205924
-0.0205755
-0.0205588
-0.0205424
-0.0205264
-0.0205105
-0.020495
-0.0204797
-0.0204647
-0.0204501
-0.0204357
-0.0204218
-0.0204082
-0.0203959
-0.0203821
-0.0203684
-0.0203549
-0.0203415
-0.0203219
-0.0203084
-0.0202999
-0.0202913
-0.0202827
-0.020274
-0.0202652
-0.0202563
-0.0202474
-0.0202385
-0.0202294
-0.0202204
-0.0199754
-0.0201414
-0.0202328
-0.0202829
-0.0203102
-0.0203252
-0.0203336
-0.0203387
-0.0203422
-0.0203453
-0.0202616
-0.0202068
-0.0201814
-0.0201852
-0.0202178
-0.0202784
-0.0203195
-0.0203193
-0.0203187
0.0770835
0.0761131
0.0761281
0.0761467
0.0761706
0.0761996
0.0762337
0.0762725
0.0763159
0.0763613
0.0764048
0.0764459
0.0764842
0.0765196
0.0765533
0.0765861
0.0766182
0.0783405
0.078343
0.0783439
0.0783441
0.0783442
0.0783442
0.0783441
0.078344
0.0783438
0.0783435
0.0783432
0.0783429
0.0783426
0.0783424
0.0783421
0.0783419
0.0783417
0.0783415
0.0783414
0.0783412
0.078341
0.0783409
0.0783407
0.0783406
0.0783405
0.0783403
0.0783402
0.0782994
0.0778354
0.0773883
0.076948
0.0765122
0.0760832
0.0756989
0.0754732
0.0753367
0.0752505
0.0751923
0.0751498
0.0751159
0.0750869
0.0750605
0.075038
0.0750161
0.0749944
0.0749838
0.074985
0.0749859
0.0749865
0.0749868
0.074987
0.0749871
0.0749871
0.173153
0.173126
0.173076
0.173005
0.172917
0.172829
0.172758
0.172702
0.172651
0.172606
0.172565
0.17253
0.172498
0.17247
0.172446
0.172426
0.172408
0.172394
0.172382
0.172373
0.172431
0.17243
0.172429
0.172427
0.172428
0.172428
0.172428
0.172428
0.172428
0.172428
0.172427
0.172427
0.172427
0.172427
0.172427
0.172426
0.172426
0.172426
0.172426
0.172425
0.172425
0.172425
0.172426
0.172426
0.172426
0.172427
0.172427
0.172428
0.172428
0.172429
0.172428
0.172427
0.172426
0.172426
0.172425
0.172424
0.172421
0.172421
0.172421
0.172421
0.172419
0.172418
0.172418
0.172418
0.172418
0.172418
0.172417
0.172417
0.172417
0.172541
0.270977
0.270944
0.27088
0.270788
0.270673
0.270539
0.270407
0.2703
0.270207
0.270125
0.270053
0.269988
0.26993
0.26988
0.269847
0.269831
0.269831
0.269831
0.269831
0.269831
0.269831
0.269831
0.269831
0.269831
0.269831
0.269831
0.269831
0.269831
0.269831
0.269831
0.269831
0.269831
0.269831
0.269831
0.269831
0.269831
0.269832
0.269832
0.269832
0.269832
0.269832
0.269832
0.269833
0.269834
0.269835
0.269836
0.269839
0.269841
0.269845
0.269858
0.269858
0.269858
0.269858
0.269858
0.269858
0.269858
0.269858
0.269858
0.269858
0.269858
0.269858
0.269858
0.269857
0.269857
0.269857
0.269857
0.269857
0.269857
0.269856
0.269856
0.369041
0.367773
0.365196
0.361582
0.357196
0.351603
0.345059
0.345009
0.345014
0.344984
0.344964
0.344956
0.344965
0.345003
0.345076
0.345146
0.345039
0.344943
0.344851
0.344764
0.34468
0.344598
0.34452
0.344443
0.344368
0.344279
0.344191
0.344105
0.344019
0.343935
0.343924
0.343857
0.343793
0.343733
0.343676
0.343623
0.343575
0.343533
0.3435
0.343476
0.343463
0.34346
0.343459
0.343459
0.343459
0.34346
0.34346
0.34346
0.34346
0.34346
0.34346
0.34346
0.34346
0.34346
0.34346
0.34346
0.34346
0.34346
0.34346
0.343459
0.343459
0.343459
0.343459
0.343459
0.343458
0.343458
0.343458
0.343457
0.343457
0.343457
0.437098
0.435756
0.433024
0.429167
0.424475
0.418543
0.4116
0.403623
0.403637
0.403682
0.403733
0.403788
0.403847
0.403912
0.403967
0.404033
0.404101
0.404172
0.404245
0.404317
0.404387
0.404456
0.404525
0.404592
0.405069
0.404984
0.404918
0.404854
0.404792
0.404732
0.404676
0.404632
0.404597
0.404566
0.404539
0.404518
0.404502
0.404492
0.404487
0.404487
0.404487
0.404487
0.404487
0.404487
0.404487
0.404487
0.404487
0.404487
0.404487
0.404486
0.404486
0.404486
0.404485
0.404485
0.404484
0.404484
0.404484
0.404633
0.404716
0.404732
0.404688
0.404666
0.404654
0.404648
0.404645
0.404644
0.404644
0.404651
0.404651
0.404652
0.504071
0.50407
0.504077
0.504089
0.504104
0.504115
0.504121
0.504123
0.504123
0.504123
0.504123
0.504123
0.504123
0.504123
0.504123
0.504123
0.504123
0.504123
0.504123
0.504123
0.504123
0.504123
0.504123
0.504123
0.504123
0.504123
0.504123
0.504123
0.504123
0.504123
0.504123
0.504123
0.504123
0.504123
0.504123
0.504123
0.504123
0.504123
0.504123
0.504123
0.504123
0.504123
0.504123
0.504123
0.504123
0.504123
0.504123
0.504123
0.504123
0.504123
0.504123
0.504123
0.504123
0.504123
0.504123
0.504123
0.504123
0.504123
0.504123
0.504123
0.504123
0.504123
0.504123
0.504122
0.504122
0.504122
0.504122
0.504121
0.504119
0.504117
0.604493
0.604472
0.604431
0.604372
0.6043
0.603391
0.603458
0.603513
0.603561
0.603603
0.603638
0.603668
0.60369
0.603702
0.603703
0.603703
0.603703
0.603704
0.603704
0.603704
0.603704
0.603704
0.603704
0.603704
0.603704
0.603704
0.603704
0.603704
0.603704
0.603704
0.603704
0.603704
0.603704
0.603704
0.603704
0.603704
0.603704
0.603704
0.603704
0.603704
0.603704
0.603704
0.603704
0.603704
0.603704
0.603704
0.603704
0.603704
0.603704
0.603704
0.603704
0.603704
0.60371
0.603611
0.603555
0.603523
0.603503
0.603494
0.603489
0.603487
0.603485
0.603485
0.603484
0.603484
0.603484
0.603485
0.603485
0.603485
0.603485
0.603485
0.701564
0.700312
0.697791
0.697818
0.697846
0.69788
0.697918
0.697961
0.69801
0.698063
0.698118
0.69817
0.698202
0.698229
0.698249
0.698267
0.698285
0.698303
0.698319
0.698335
0.698351
0.698366
0.69838
0.698394
0.698408
0.698421
0.698434
0.698447
0.698459
0.698513
0.698513
0.698513
0.698513
0.698513
0.698513
0.698513
0.698513
0.698513
0.698513
0.698513
0.698513
0.698513
0.698513
0.698513
0.698513
0.698513
0.698512
0.699001
0.69914
0.698924
0.698331
0.697715
0.697368
0.69713
0.696994
0.696916
0.696871
0.696843
0.696825
0.696814
0.696806
0.696799
0.696794
0.696789
0.696785
0.696785
0.696787
0.696789
0.69679
0.696791
0.796005
0.795976
0.79592
0.795842
0.795744
0.795628
0.795528
0.795456
0.7954
0.795359
0.795331
0.795315
0.795308
0.795309
0.795309
0.79531
0.795313
0.795318
0.795325
0.795334
0.795344
0.795356
0.795369
0.795446
0.795447
0.795448
0.795449
0.79545
0.795452
0.795454
0.795457
0.795446
0.795436
0.795456
0.795456
0.795456
0.795456
0.795456
0.795456
0.795456
0.795456
0.795456
0.795456
0.795456
0.795456
0.795456
0.795456
0.795456
0.795456
0.795651
0.795423
0.795225
0.794868
0.794662
0.794539
0.794463
0.794411
0.794374
0.794344
0.794318
0.794295
0.794272
0.794251
0.79423
0.794209
0.794188
0.794178
0.794171
0.794164
0.794156
0.893978
0.893947
0.89389
0.89381
0.893711
0.893629
0.893568
0.893515
0.893469
0.893434
0.893409
0.893397
0.893397
0.893398
0.8934
0.8934
0.8934
0.893401
0.893401
0.893401
0.893402
0.893402
0.893403
0.893403
0.893404
0.893404
0.893405
0.893406
0.893406
0.893407
0.893408
0.893409
0.89341
0.89341
0.893411
0.893412
0.893413
0.893414
0.893416
0.893418
0.893419
0.89342
0.893421
0.893421
0.893432
0.893432
0.893432
0.893432
0.893431
0.893431
0.893431
0.893431
0.89343
0.89343
0.89341
0.893507
0.89376
0.893887
0.89392
0.893878
0.893773
0.893613
0.893497
0.893431
0.893393
0.89337
0.893355
0.893345
0.893343
0.893343
0.992324
0.9923
0.992254
0.99219
0.992111
0.992018
0.991917
0.991866
0.991822
0.991786
0.991755
0.991731
0.991712
0.9917
0.991695
0.991695
0.991695
0.991696
0.991696
0.991696
0.991696
0.991697
0.991697
0.991697
0.991698
0.991698
0.991699
0.991699
0.991699
0.9917
0.9917
0.991701
0.991701
0.991702
0.991703
0.991704
0.991706
0.991708
0.991707
0.991707
0.991706
0.991706
0.991705
0.991705
0.991704
0.991704
0.991703
0.991703
0.991702
0.991702
0.991701
0.991906
0.991733
0.991564
0.991469
0.991417
0.991386
0.991368
0.991356
0.991348
0.991341
0.991334
0.991328
0.991321
0.991314
0.991307
0.991301
0.991303
0.991303
0.991304
1.09047
1.09044
1.09038
1.0903
1.0902
1.09013
1.09008
1.09003
1.09
1.08997
1.08995
1.08994
1.08994
1.08994
1.08994
1.08994
1.08994
1.08994
1.08994
1.08994
1.08994
1.08994
1.08994
1.08994
1.08995
1.08995
1.08995
1.08995
1.08996
1.08996
1.08997
1.08997
1.08998
1.08998
1.08999
1.08999
1.08999
1.08999
1.08998
1.08998
1.08998
1.08998
1.08998
1.08998
1.08998
1.08998
1.08998
1.08997
1.08997
1.08997
1.09011
1.09035
1.08992
1.08966
1.08952
1.08945
1.08941
1.08939
1.08938
1.08937
1.08937
1.08938
1.08938
1.08938
1.08939
1.08939
1.0894
1.0894
1.08941
1.08942
1.18906
1.18903
1.18897
1.1889
1.1888
1.18869
1.18857
1.18848
1.1884
1.18833
1.18827
1.18822
1.18818
1.18814
1.18811
1.18809
1.18808
1.18808
1.18808
1.18808
