-0.0355023
-0.0302543
-0.022935
-0.0194476
-0.0194658
-0.0194845
-0.0195053
-0.0202531
-0.0202032
-0.0204167
-0.020386
-0.020385
-0.0203737
-0.0203615
-0.0203491
-0.0203372
-0.0203264
-0.0203168
-0.0203084
-0.0203012
-0.0202951
-0.0202902
-0.0202862
-0.0202832
-0.020281
-0.0202795
-0.0202785
-0.0202781
-0.0202781
-0.0202786
-0.0202855
-0.020292
-0.0202981
-0.0203037
-0.0203089
-0.0203137
-0.0203181
-0.0203189
-0.0203199
-0.0203211
-0.0203225
-0.0203239
-0.0203255
-0.020327
-0.0203285
-0.02033
-0.0203314
-0.0203327
-0.0203339
-0.0203349
-0.0203359
-0.0203366
-0.0203372
-0.0203376
-0.0203378
-0.0203378
-0.0203377
-0.0203373
-0.0203368
-0.0203361
-0.0203352
-0.0203342
-0.020333
-0.0203317
-0.0203303
-0.0203288
-0.0203273
-0.0203256
-0.0203238
-0.020322
-0.0195083
-0.0194811
-0.0166884
-0.0112667
-0.00328497
0.00433218
0.0108847
0.0166639
0.021845
0.026538
0.0308159
0.0347306
0.0383212
0.0416189
0.0446499
0.0474371
0.0500004
0.0523579
0.0545266
0.0565229
0.0583572
0.0600421
0.0615891
0.0630089
0.0643112
0.0655051
0.0665988
0.0676
0.0685157
0.0693525
0.0701163
0.0708128
0.071447
0.0720237
0.0725466
0.0730224
0.0734534
0.0738434
0.0741955
0.0745204
0.0750144
0.0751924
0.0753847
0.0755755
0.0757571
0.075926
0.0760808
0.0762214
0.0763484
0.0764626
0.0765649
0.0765631
0.0765642
0.0765649
0.076565
0.0765647
0.076564
0.0765628
0.0765614
0.0765596
0.0765575
0.0765545
0.0765518
0.0765493
0.076547
0.0765449
0.0765431
0.0765411
0.0768446
0.0770037
-0.0203177
-0.0202769
-0.0174538
-0.0122433
-0.00479658
0.00482195
0.0165838
0.0304563
0.0464317
0.06318
0.0776379
0.089675
0.0992285
0.106274
0.112315
0.117928
0.12316
0.127591
0.132601
0.136535
0.139628
0.142598
0.145394
0.147992
0.150387
0.152581
0.154582
0.156399
0.158094
0.159721
0.161254
0.162685
0.164012
0.165239
0.166372
0.167415
0.168376
0.169261
0.170075
0.170824
0.171514
0.172149
0.172733
0.17327
0.173268
0.17327
0.17327
0.173268
0.173266
0.173262
0.173256
0.173246
0.173237
0.173228
0.173219
0.173209
0.1732
0.173191
0.173182
0.173173
0.173165
0.173157
0.173153
0.173153
0.173153
0.173153
0.173153
0.173153
0.173153
0.173153
0.0749871
0.079684
0.0877337
0.0986493
0.112202
0.125745
0.137921
0.148948
0.159001
0.168201
0.176642
0.184395
0.191523
0.198082
0.204118
0.209675
0.214792
0.219507
0.22385
0.227853
0.231602
0.234963
0.238112
0.240998
0.243655
0.246097
0.248341
0.250402
0.2523
0.254045
0.255651
0.257128
0.258486
0.259736
0.260885
0.261942
0.262914
0.263808
0.26463
0.265386
0.266082
0.266722
0.267312
0.267854
0.268354
0.268813
0.269236
0.269625
0.269983
0.270313
0.270612
0.270775
0.270868
0.270922
0.27095
0.270963
0.270966
0.270972
0.270975
0.270977
0.270975
0.270991
0.270984
0.270981
0.270979
0.270977
0.270977
0.270976
0.270976
0.270976
0.172606
0.176644
0.183517
0.192813
0.204331
0.217979
0.23245
0.244812
0.255625
0.265246
0.273904
0.281749
0.28889
0.295409
0.301447
0.307051
0.312254
0.317041
0.321447
0.3255
0.32923
0.332661
0.335817
0.338721
0.341393
0.343851
0.346112
0.348192
0.350106
0.351867
0.353487
0.354977
0.356348
0.35761
0.35877
0.359838
0.36082
0.361724
0.362556
0.363321
0.364025
0.364673
0.365271
0.365822
0.366331
0.3668
0.367234
0.367635
0.368006
0.368357
0.368654
0.368823
0.368918
0.368972
0.369002
0.36902
0.369029
0.369035
0.369038
0.369039
0.36904
0.369041
0.369041
0.369041
0.369041
0.369041
0.369041
0.369041
0.369041
0.369041
0.269856
0.26989
0.269976
0.270118
0.272584
0.272756
0.272956
0.274819
0.279206
0.286146
0.295643
0.307701
0.322314
0.33946
0.354966
0.368626
0.379249
0.386835
0.392379
0.396932
0.400811
0.404201
0.407218
0.409927
0.412375
0.414579
0.416576
0.418388
0.42003
0.421517
0.422936
0.424615
0.425982
0.427139
0.428147
0.42904
0.429841
0.430565
0.431226
0.431831
0.432374
0.4329
0.433434
0.433949
0.434436
0.434891
0.435313
0.435703
0.436063
0.436395
0.436701
0.436869
0.436967
0.437023
0.437056
0.437074
0.437085
0.437091
0.437095
0.437097
0.437098
0.437099
0.437099
0.437099
0.437099
0.437099
0.437099
0.437099
0.437099
0.437099
0.343456
0.343488
0.343567
0.343698
0.345778
0.345953
0.346153
0.346373
0.348153
0.35197
0.357967
0.36612
0.376413
0.388835
0.403385
0.417071
0.429267
0.440159
0.449963
0.457756
0.463482
0.467954
0.471776
0.475113
0.478096
0.480877
0.482731
0.484478
0.486123
0.487649
0.489065
0.490401
0.491649
0.492806
0.493879
0.494878
0.49581
0.496682
0.497502
0.498271
0.498977
0.499628
0.500225
0.500774
0.501278
0.501741
0.502167
0.502558
0.502917
0.503247
0.503551
0.503717
0.50381
0.503864
0.503895
0.503912
0.504059
0.504059
0.504059
0.50406
0.504062
0.504063
0.504063
0.504064
0.504064
0.504064
0.504064
0.504071
0.504071
0.504071
0.404652
0.409364
0.417443
0.428407
0.442003
0.456244
0.468916
0.48032
0.490672
0.500122
0.508775
0.516712
0.524002
0.530702
0.536862
0.542526
0.547736
0.552529
0.556938
0.560993
0.564725
0.568157
0.571315
0.57422
0.576893
0.579351
0.581613
0.583695
0.585609
0.587371
0.588991
0.590482
0.591853
0.593115
0.594276
0.595344
0.596327
0.597231
0.598062
0.598828
0.599531
0.600179
0.600775
0.601323
0.601827
0.602291
0.602718
0.603111
0.603472
0.603805
0.604111
0.604279
0.604374
0.604427
0.604457
0.604474
0.604484
0.604489
0.604492
0.604494
0.604495
0.604495
0.604495
0.604495
0.604495
0.604495
0.604495
0.604495
0.604494
0.604494
0.504115
0.508063
0.514845
0.524054
0.535501
0.549063
0.563565
0.576261
0.5873
0.597101
0.605922
0.613935
0.621257
0.627975
0.634155
0.639833
0.64505
0.649847
0.654259
0.658316
0.662049
0.665482
0.66864
0.671546
0.674219
0.676678
0.67894
0.681021
0.682935
0.684696
0.686316
0.687806
0.689177
0.690438
0.691598
0.692665
0.693646
0.694549
0.695379
0.696143
0.696845
0.697491
0.698085
0.698632
0.699134
0.699596
0.70002
0.700411
0.70077
0.701099
0.701403
0.701568
0.701566
0.701564
0.701564
0.701563
0.701563
0.701563
0.701563
0.701563
0.701563
0.701563
0.701563
0.701563
0.701563
0.701563
0.701563
0.701564
0.701564
0.701564
0.603486
0.603517
0.603596
0.606262
0.611412
0.619071
0.629245
0.641947
0.657181
0.674941
0.692199
0.706673
0.718102
0.726459
0.731916
0.736999
0.741871
0.746458
0.750734
0.754699
0.758361
0.761736
0.764842
0.7677
0.770325
0.772738
0.774953
0.776987
0.778853
0.780607
0.782523
0.784133
0.785529
0.786764
0.78787
0.788853
0.789714
0.790551
0.791346
0.792091
0.792784
0.793425
0.794018
0.794564
0.795068
0.795531
0.795958
0.795953
0.79595
0.795951
0.795956
0.796038
0.796037
0.796035
0.796031
0.796028
0.796024
0.79602
0.796017
0.796014
0.796011
0.796009
0.796007
0.796005
0.796003
0.796003
0.796003
0.796004
0.796004
0.796004
0.696792
0.700757
0.707546
0.716747
0.728159
0.741704
0.756561
0.769324
0.780421
0.790207
0.79895
0.806876
0.814132
0.820784
0.826869
0.832486
0.83768
0.842477
0.846906
0.850993
0.854765
0.858246
0.861459
0.864485
0.867235
0.869721
0.872017
0.874135
0.876087
0.877887
0.879546
0.881062
0.882457
0.883772
0.885045
0.886145
0.887096
0.887948
0.88875
0.889498
0.890192
0.890833
0.891424
0.891969
0.89247
0.892931
0.893355
0.893744
0.894103
0.8941
0.894096
0.89409
0.894088
0.894083
0.894077
0.894071
0.894063
0.894056
0.894048
0.894039
0.894031
0.894023
0.894015
0.894006
0.893999
0.893991
0.893987
0.893984
0.893981
0.893978
0.794155
0.798869
0.80695
0.817894
0.831468
0.845192
0.857503
0.868641
0.878795
0.888097
0.89665
0.904536
0.911817
0.918514
0.924673
0.930334
0.935541
0.940332
0.944739
0.948794
0.952524
0.955957
0.959116
0.962022
0.964697
0.967158
0.969423
0.971508
0.973427
0.975193
0.976819
0.978316
0.979693
0.980962
0.98213
0.983205
0.984195
0.985106
0.985946
0.986722
0.987433
0.988085
0.988684
0.989233
0.989748
0.99021
0.990634
0.991023
0.99138
0.99171
0.992013
0.992179
0.992273
0.992327
0.992337
0.992337
0.992334
0.992332
0.992331
0.992331
0.992332
0.992333
0.992332
0.992331
0.99233
0.992328
0.992326
0.992324
0.992324
0.992324
0.893343
0.897304
0.904084
0.913273
0.92467
0.938194
0.953111
0.965778
0.976794
0.986569
0.99536
1.00333
1.01061
1.01727
1.02338
1.029
1.03414
1.03886
1.04323
1.04726
1.05098
1.0544
1.05756
1.06046
1.06314
1.0656
1.06787
1.06995
1.07187
1.07364
1.07527
1.07677
1.07815
1.07942
1.08059
1.08167
1.08267
1.08359
1.08443
1.08521
1.08592
1.08657
1.08717
1.08772
1.08823
1.08869
1.08911
1.0895
1.08986
1.09019
1.09049
1.09049
1.09049
1.09049
1.09049
1.09049
1.09049
1.09049
1.09049
1.09049
1.09049
1.09048
1.09048
1.09048
1.09047
1.09047
1.09047
1.09047
1.09047
1.09047
0.991304
0.996022
1.00411
1.01506
1.02864
1.04234
1.05465
1.06578
1.07593
1.08524
1.09379
1.10168
1.10896
1.11566
1.12181
1.12748
1.13269
1.13748
1.14189
1.14594
1.14968
1.15311
1.15627
1.15918
1.16186
1.16433
1.16661
1.16871
1.17064
1.17243
1.17407
1.17559
1.17699
1.17828
1.17947
1.18056
1.18156
1.18248
1.18332
1.18409
1.18479
1.18544
1.18603
1.18658
1.18708
1.18754
1.18797
1.18836
1.18872
1.18905
1.18905
1.18904
1.18905
1.18905
1.18906
1.18906
1.18906
1.18906
1.18906
1.18906
1.18906
1.18905
1.18905
1.18905
1.18905
1.18905
1.18905
1.18905
1.18905
1.18905
1.08942
1.09338
1.10016
1.10934
1.12074
1.13427
1.14915
1.16188
1.17291
1.1826
1.19128
1.19916
1.20633
1.21289
1.2189
1.22441
1.22953
1.23429
1.23868
1.24272
