0.000172078
6.00649e-05
3.85146e-05
3.84672e-05
-3.56551e-06
-5.17517e-06
-5.2033e-06
-2.9501e-05
-2.94186e-05
-4.39438e-05
-4.35881e-05
-5.22125e-05
-5.97143e-05
-6.67349e-05
-7.34907e-05
-8.00043e-05
-8.62793e-05
-9.23265e-05
-9.81542e-05
-0.000103772
-0.000109192
-0.000114425
-0.000119483
-0.00012438
-0.000128813
-0.000133221
-0.000136627
-0.000140215
-0.00014291
-0.000145734
-0.000148416
-0.000150978
-0.000153446
-0.000155847
-0.000158206
-0.000160548
-0.000162924
-0.000165934
-0.000168949
-0.000171902
-0.000174904
-0.000177956
-0.000181056
-0.000184203
-0.000187402
-0.000190659
-0.000193976
-0.000197352
-0.000200789
-0.000204284
-0.000207837
-0.000211447
-0.000215111
-0.000218828
-0.000222596
-0.000226412
-0.000230329
-0.000234379
-0.00023859
-0.000242865
-0.000247102
-0.000251301
-0.000255461
-0.000259582
-0.000263664
-0.000267705
-0.000271707
-0.000275669
-0.000279589
-0.000283469
-0.000252678
-0.000250471
-0.000248344
-0.000246242
-0.000244156
-0.000242114
-0.000240111
-0.000238143
-0.000236211
-0.000234312
-0.000232447
-0.000230614
-0.000228813
-0.000227044
-0.000225306
-0.000223598
-0.00022192
-0.000220271
-0.000218658
-0.000217078
-0.000215533
-0.00021402
-0.000212539
-0.000211089
-0.000209671
-0.000208282
-0.000206924
-0.000205594
-0.000204293
-0.000203021
-0.000201776
-0.000200558
-0.000199367
-0.000198202
-0.000197063
-0.00019595
-0.000194862
-0.000193798
-0.000192757
-0.000191731
-0.000190775
-0.000189762
-0.00018875
-0.000187743
-0.000186742
-0.000185748
-0.000184761
-0.00018378
-0.000182807
-0.000181841
-0.000180881
-0.000179999
-0.000179079
-0.000178182
-0.000177306
-0.000176449
-0.000175609
-0.000174785
-0.000173977
-0.000173184
-0.000172405
-0.00017163
-0.000170846
-0.000170053
-0.000169251
-0.000168441
-0.000167621
-0.000166799
-0.000166074
-0.000165334
-0.000164461
-0.000163459
-0.000162422
-0.000161303
-0.00016026
-0.000159277
-0.000158335
-0.000157367
-0.000156374
-0.000155365
-0.000154458
-0.00015363
-0.000152865
-0.00015215
-0.000151414
-0.000150631
-0.000149798
-0.000148945
-0.000148196
-0.000147372
-0.000146543
-0.000145689
-0.000144815
-0.000143922
-0.000143013
-0.000142089
-0.000141151
-0.000140201
-0.000139253
-0.000138325
-0.000137417
-0.000136529
-0.000135658
-0.000134804
-0.000133967
-0.000133145
-0.000132337
-0.000131543
-0.000130763
-0.000129996
-0.000129241
-0.000128498
-0.000127766
-0.000127045
-0.000126379
-0.000125693
-0.000125018
-0.000124352
-0.000123694
-0.000123043
-0.000122405
-0.00012179
-0.000121194
-0.00012061
-0.000120034
-0.000119464
-0.000118899
-0.000118337
-0.000117778
-0.00011722
-0.000116665
-0.000116112
-0.000115556
-0.000114997
-0.000114444
-0.000113898
-0.000113359
-0.000112826
-0.0001123
-0.000111779
-0.000111264
-0.000110799
-0.000110381
-0.000110005
-0.00010966
-0.000109316
-0.000108955
-0.000108568
-0.000108172
-0.000107768
-0.000107358
-0.000106942
-0.000106521
-0.000106095
-0.000105664
-0.000105229
-0.00010479
-0.000104347
-0.000103899
-0.000103448
-0.000103004
-0.000102513
-0.000102086
-0.000101677
-0.000101278
-0.000100893
-0.000100518
-0.000100152
-9.97903e-05
-9.94324e-05
-9.90782e-05
-9.87278e-05
-9.83811e-05
-9.80381e-05
-9.76988e-05
-9.73631e-05
-9.7031e-05
-9.67025e-05
-9.63775e-05
-9.6056e-05
-9.57377e-05
-9.54223e-05
-9.51102e-05
-9.48015e-05
-9.44964e-05
-9.41952e-05
-9.38981e-05
-9.36053e-05
-9.33172e-05
-9.30341e-05
-9.27587e-05
-9.2487e-05
-9.22184e-05
-9.19416e-05
-9.16699e-05
-9.14046e-05
-9.11479e-05
-9.08797e-05
-9.06142e-05
-9.03516e-05
-9.00919e-05
-8.98417e-05
-8.95869e-05
-8.93348e-05
-8.90854e-05
-8.88388e-05
-8.85948e-05
-8.83535e-05
-8.8115e-05
-8.79041e-05
-8.77232e-05
-8.74052e-05
-8.70441e-05
-8.66575e-05
-8.62238e-05
-8.5754e-05
-8.5294e-05
-8.48972e-05
-8.45308e-05
-8.41839e-05
-8.3851e-05
-8.35286e-05
-8.32165e-05
-8.29163e-05
-8.26528e-05
-8.2428e-05
-8.22382e-05
-8.20505e-05
-8.18646e-05
-8.16814e-05
-8.14999e-05
-8.13203e-05
-8.11425e-05
-8.09665e-05
-8.07922e-05
-8.06196e-05
-8.04487e-05
-8.02794e-05
-8.01119e-05
-7.99459e-05
-7.97816e-05
-7.96188e-05
-7.94576e-05
-7.9298e-05
-7.91399e-05
-7.89833e-05
-7.88283e-05
-7.86747e-05
-7.85226e-05
-7.8372e-05
-7.82225e-05
-7.80744e-05
-7.79273e-05
-7.77806e-05
-7.76341e-05
-7.74872e-05
-7.73393e-05
-7.71899e-05
-7.70378e-05
-7.6889e-05
-7.67525e-05
-7.66187e-05
-7.64874e-05
-7.63575e-05
-7.62289e-05
-7.61016e-05
-7.59755e-05
-7.58508e-05
-7.57273e-05
-7.56051e-05
-7.54842e-05
-7.53645e-05
-7.5246e-05
-7.51287e-05
-7.50126e-05
-7.48977e-05
-7.4784e-05
-7.46714e-05
-7.45599e-05
-7.44496e-05
-7.43403e-05
-7.42168e-05
-7.40841e-05
-7.39303e-05
-7.37389e-05
-7.35349e-05
-7.33066e-05
-7.30003e-05
-7.24348e-05
-7.16844e-05
-7.07379e-05
-6.95726e-05
-6.81643e-05
-6.65072e-05
-6.54839e-05
-6.53257e-05
-6.55918e-05
-6.59733e-05
-6.64124e-05
-6.69069e-05
-6.74431e-05
-6.80092e-05
-6.85983e-05
-6.9196e-05
-6.97941e-05
-7.03933e-05
-7.09905e-05
-7.15832e-05
-7.21695e-05
-7.27481e-05
-7.33156e-05
-7.42701e-05
-7.51497e-05
-7.59518e-05
-7.66754e-05
-7.73169e-05
-7.78705e-05
-7.83288e-05
-7.86841e-05
-7.89243e-05
-7.90224e-05
-7.90343e-05
-7.90306e-05
-7.90175e-05
-7.89972e-05
-7.89701e-05
-7.8937e-05
-7.88985e-05
-7.8855e-05
-7.8807e-05
-7.8755e-05
-7.86995e-05
-7.86407e-05
-7.8579e-05
-7.85147e-05
-7.84482e-05
-7.83797e-05
-7.83095e-05
-7.82377e-05
-7.81647e-05
-7.80905e-05
-7.80157e-05
-7.79401e-05
-7.78641e-05
-7.77875e-05
-7.77108e-05
-7.76338e-05
-7.75569e-05
-7.748e-05
-7.74033e-05
-7.73331e-05
-7.7129e-05
-7.6794e-05
-7.63495e-05
-7.58265e-05
-7.51737e-05
-7.44127e-05
-7.3536e-05
-6.88563e-05
-6.47734e-05
-6.11448e-05
-5.79437e-05
-5.51712e-05
-5.28431e-05
-5.06836e-05
-5.01566e-05
-5.09886e-05
-5.27557e-05
-5.51306e-05
-5.74788e-05
-5.94949e-05
-6.12196e-05
-6.27503e-05
-6.40881e-05
-6.51911e-05
-6.61503e-05
-6.68171e-05
-6.73762e-05
-6.78492e-05
-6.82494e-05
-6.85818e-05
-6.88469e-05
-6.90603e-05
-6.92341e-05
-6.93756e-05
-6.94913e-05
-6.95872e-05
-6.96688e-05
-6.97409e-05
-6.98072e-05
-6.98677e-05
-6.99228e-05
-6.99731e-05
-7.0021e-05
-7.00668e-05
-7.01108e-05
-7.01531e-05
-7.01941e-05
-7.02339e-05
-7.02728e-05
-7.03108e-05
-7.03483e-05
-7.03847e-05
-7.04224e-05
-7.04606e-05
-7.04995e-05
-7.05215e-05
-7.0555e-05
-7.05744e-05
-7.0581e-05
-7.05763e-05
-7.0569e-05
-7.05592e-05
-7.05465e-05
-7.05304e-05
-7.051e-05
-7.04847e-05
-7.04596e-05
-7.04507e-05
-7.04419e-05
-7.0425e-05
-7.04311e-05
-7.04551e-05
-7.04923e-05
-7.05439e-05
-7.05854e-05
-7.06082e-05
-7.06104e-05
-7.06043e-05
-7.05981e-05
-7.05919e-05
-7.05858e-05
-7.05796e-05
-7.05736e-05
-7.05677e-05
-7.05621e-05
-7.05566e-05
-7.05514e-05
-7.05465e-05
-7.05418e-05
-7.05375e-05
-7.05336e-05
-7.053e-05
-7.05268e-05
-7.0524e-05
-7.05217e-05
-7.05197e-05
-7.05182e-05
-7.05172e-05
-7.05166e-05
-7.05165e-05
-7.05168e-05
-7.05177e-05
-7.0519e-05
-7.05208e-05
-7.05231e-05
-7.05259e-05
-7.05292e-05
-7.0533e-05
-7.05373e-05
-7.0542e-05
-7.05473e-05
-7.0553e-05
-7.05593e-05
-7.0566e-05
-7.05733e-05
-7.0581e-05
-7.05893e-05
-7.0598e-05
-7.06072e-05
-7.06169e-05
-7.0627e-05
-7.06377e-05
-7.06488e-05
-7.06604e-05
-7.06726e-05
-7.06852e-05
-7.06984e-05
-7.0712e-05
-7.07261e-05
-7.07408e-05
-7.07559e-05
-7.07728e-05
-7.07893e-05
-7.0806e-05
-7.08216e-05
-7.083e-05
-7.08413e-05
-7.08534e-05
-7.08642e-05
-7.08702e-05
-7.08042e-05
-7.06828e-05
-7.05157e-05
-7.03e-05
-6.9994e-05
-6.9793e-05
-6.96371e-05
-6.95082e-05
-6.94002e-05
-6.93134e-05
-6.92476e-05
-6.9208e-05
-6.9203e-05
-6.92374e-05
-6.92757e-05
-6.93141e-05
-6.93528e-05
-6.93915e-05
-6.94303e-05
-6.94693e-05
-6.95084e-05
-6.95475e-05
-6.95868e-05
-6.96261e-05
-6.96655e-05
-6.97049e-05
-6.97444e-05
-6.9784e-05
-6.98236e-05
-6.98633e-05
-6.9903e-05
-6.99428e-05
-6.99826e-05
-7.00224e-05
-7.00623e-05
-7.01022e-05
-7.01422e-05
-7.01822e-05
-7.02222e-05
-7.02623e-05
-7.03024e-05
-7.03425e-05
-7.03827e-05
-7.04229e-05
-7.04632e-05
-7.05035e-05
-7.05439e-05
-7.05843e-05
-7.06247e-05
-7.06652e-05
-7.07058e-05
-7.07707e-05
-7.08234e-05
-7.08792e-05
-7.09351e-05
-7.09898e-05
-7.10377e-05
-7.10816e-05
-7.11254e-05
-7.11697e-05
-7.12144e-05
-7.12594e-05
-7.13048e-05
-7.13505e-05
-7.13966e-05
-7.14429e-05
-7.14895e-05
-7.15364e-05
-7.15835e-05
-7.1631e-05
-7.16569e-05
-7.16641e-05
-7.20277e-05
-7.23151e-05
-7.25367e-05
-7.27027e-05
-7.28214e-05
-7.2901e-05
-7.29519e-05
-7.30393e-05
-7.31705e-05
-7.33337e-05
-7.35151e-05
-7.36913e-05
-7.38502e-05
-7.40047e-05
-7.41584e-05
-7.43117e-05
-7.44659e-05
-7.46216e-05
-7.47792e-05
-7.4939e-05
-7.5101e-05
-7.52653e-05
-7.54323e-05
-7.56019e-05
-7.57745e-05
-7.59504e-05
-7.61275e-05
-7.63185e-05
-7.64882e-05
-7.66306e-05
-7.67429e-05
-7.68239e-05
-7.68705e-05
-7.6881e-05
-7.68925e-05
-7.69052e-05
-7.6919e-05
-7.69339e-05
-7.69499e-05
-7.6967e-05
-7.69851e-05
-7.70042e-05
-7.70243e-05
-7.70452e-05
-7.71208e-05
-7.72017e-05
-7.72707e-05
-7.73282e-05
-7.73838e-05
-7.74489e-05
-7.75185e-05
-7.7591e-05
-7.76642e-05
-7.77344e-05
-7.77999e-05
-7.786e-05
-7.79143e-05
-7.79623e-05
-7.80047e-05
-7.80412e-05
-7.80718e-05
-7.80963e-05
-7.81184e-05
-7.81359e-05
-7.81508e-05
-7.8165e-05
-7.81786e-05
-7.8201e-05
-7.81093e-05
-7.79547e-05
-7.77498e-05
-7.74888e-05
-7.71706e-05
-7.68217e-05
-7.65454e-05
-7.63371e-05
-7.61917e-05
-7.61088e-05
-7.60701e-05
-7.60674e-05
-7.60888e-05
-7.61028e-05
-7.61104e-05
-7.61219e-05
-7.61372e-05
-7.61558e-05
-7.6177e-05
-7.61998e-05
-7.62231e-05
-7.62458e-05
-7.62765e-05
-7.63197e-05
-7.63763e-05
-7.64415e-05
-7.65153e-05
-7.65973e-05
-7.6687e-05
-7.67842e-05
-7.68882e-05
-7.69987e-05
-7.71116e-05
-7.71785e-05
-7.72364e-05
-7.7282e-05
-7.73195e-05
-7.73574e-05
-7.73958e-05
-7.74347e-05
-7.74741e-05
-7.75138e-05
-7.75539e-05
-7.75943e-05
-7.7635e-05
-7.76759e-05
-7.77172e-05
-7.77586e-05
-7.78538e-05
-7.79348e-05
-7.80181e-05
-7.80844e-05
-7.81684e-05
-7.82609e-05
-7.8357e-05
-7.84539e-05
-7.85499e-05
-7.86442e-05
-7.87361e-05
-7.88252e-05
-7.89112e-05
-7.89927e-05
-7.90705e-05
-7.9145e-05
-7.92157e-05
-7.92724e-05
-7.93227e-05
-7.93727e-05
-7.94218e-05
-7.94605e-05
-7.95807e-05
-7.97803e-05
-8.00433e-05
-8.03571e-05
-8.06403e-05
-8.08878e-05
-8.11054e-05
-8.12976e-05
-8.14578e-05
-8.15804e-05
-8.16608e-05
-8.17012e-05
-8.17366e-05
-8.1772e-05
-8.18106e-05
-8.18489e-05
-8.18864e-05
-8.19234e-05
-8.19596e-05
-8.19953e-05
-8.20302e-05
-8.20644e-05
-8.20979e-05
-8.21307e-05
-8.21627e-05
-8.21939e-05
-8.22242e-05
-8.22536e-05
-8.2282e-05
-8.23094e-05
-8.23357e-05
-8.23607e-05
-8.23845e-05
-8.24069e-05
-8.24277e-05
-8.2447e-05
-8.24644e-05
-8.24781e-05
-8.24852e-05
-8.24993e-05
-8.25201e-05
-8.25474e-05
-8.25815e-05
-8.26168e-05
-8.26645e-05
-8.2719e-05
-8.27801e-05
-8.28479e-05
-8.29211e-05
-8.29994e-05
-8.30789e-05
-8.316e-05
-8.32426e-05
-8.33255e-05
-8.34661e-05
-8.3606e-05
-8.3734e-05
-8.38513e-05
-8.39585e-05
-8.40557e-05
-8.41432e-05
-8.4227e-05
-8.43079e-05
-8.43841e-05
-8.44549e-05
-8.45195e-05
-8.45777e-05
-8.46348e-05
-8.46863e-05
-8.47308e-05
-8.46598e-05
-8.45183e-05
-8.43283e-05
-8.40838e-05
-8.37887e-05
-8.34645e-05
-8.32321e-05
-8.30551e-05
-8.29185e-05
-8.2816e-05
-8.27453e-05
-8.27065e-05
-8.27004e-05
-8.2728e-05
-8.2784e-05
-8.28297e-05
-8.28666e-05
-8.29023e-05
-8.29375e-05
-8.29718e-05
-8.30052e-05
-8.30376e-05
-8.30691e-05
-8.30995e-05
-8.31288e-05
-8.3157e-05
-8.3184e-05
-8.32097e-05
-8.32342e-05
-8.32573e-05
-8.32786e-05
-8.32976e-05
-8.33154e-05
-8.33313e-05
-8.33444e-05
-8.33536e-05
-8.33545e-05
-8.33662e-05
-8.33863e-05
-8.34146e-05
-8.34507e-05
-8.34943e-05
-8.35451e-05
-8.36026e-05
-8.36655e-05
-8.37337e-05
-8.38066e-05
-8.38843e-05
-8.39666e-05
-8.40535e-05
-8.42052e-05
-8.4303e-05
-8.44017e-05
-8.45098e-05
-8.46216e-05
-8.47341e-05
-8.48454e-05
-8.49546e-05
-8.5061e-05
-8.51642e-05
-8.52637e-05
-8.53594e-05
-8.5451e-05
-8.5538e-05
-8.56195e-05
-8.56949e-05
-8.57578e-05
-8.58207e-05
-8.58837e-05
-8.59454e-05
-8.61062e-05
-8.63499e-05
-8.66613e-05
-8.70281e-05
-8.73764e-05
-8.76811e-05
-8.79459e-05
-8.81752e-05
-8.83644e-05
-8.85083e-05
-8.86031e-05
-8.86518e-05
-8.86997e-05
-8.8747e-05
-8.87937e-05
-8.88399e-05
-8.88855e-05
-8.89306e-05
-8.89752e-05
-8.9019e-05
-8.90617e-05
-8.91028e-05
-8.91415e-05
-8.91747e-05
-8.92021e-05
-8.92236e-05
-8.92388e-05
-8.92472e-05
-8.92481e-05
-8.92403e-05
-8.9216e-05
-8.91998e-05
-8.91905e-05
-8.91883e-05
-8.91932e-05
-8.92067e-05
-8.92276e-05
-8.92559e-05
-8.93047e-05
-8.93676e-05
-8.94324e-05
-8.94996e-05
-8.95696e-05
-8.96427e-05
-8.97195e-05
-8.98003e-05
-8.98856e-05
-8.99794e-05
-9.00819e-05
-9.0265e-05
-9.04786e-05
-9.06372e-05
-9.08074e-05
-9.09823e-05
-9.11567e-05
-9.1328e-05
-9.14946e-05
-9.16553e-05
-9.18098e-05
-9.19576e-05
-9.20983e-05
-9.22316e-05
-9.23575e-05
-9.24762e-05
-9.25874e-05
-9.26911e-05
-9.27871e-05
-9.28735e-05
-9.29523e-05
-9.30269e-05
-9.29845e-05
-9.28652e-05
-9.26837e-05
-9.24271e-05
-9.21065e-05
-9.17441e-05
-9.14557e-05
-9.12262e-05
-9.10521e-05
-9.0908e-05
-9.07839e-05
-9.06795e-05
-9.05959e-05
-9.05344e-05
-9.04961e-05
-9.05059e-05
-9.05544e-05
-9.06049e-05
-9.06528e-05
