0
-0.00392795
-0.00258988
-0.000635844
-0.0732355
-0.0588617
-0.0289744
-0.0078647
0.0141761
-0.00777327
-0.00665865
-0.0158752
-0.0225243
-0.0279703
-0.0331261
-0.0381356
-0.043038
-0.0478317
-0.0525224
-0.0571209
-0.0616398
-0.0660926
-0.0704927
-0.0748532
-0.0791055
-0.0834418
-0.0875317
-0.0918983
-0.0960365
-0.100433
-0.104997
-0.109407
-0.113872
-0.118402
-0.12301
-0.127722
-0.132665
-0.122568
-0.114981
-0.10741
-0.0998516
-0.0923045
-0.0847663
-0.0772357
-0.0697106
-0.0621889
-0.0546679
-0.0471444
-0.0396151
-0.0320763
-0.0245244
-0.0169553
-0.00936501
-0.00174922
0.00589642
0.0135764
0.0208505
0.0281714
0.0355652
0.0428682
0.0502403
0.0576776
0.0651875
0.0727761
0.0804491
0.088217
0.0960794
0.104043
0.112114
0.1203
0.128611
0.110375
0.161298
0.202284
0.239008
0.228786
0.213884
0.202288
0.192626
0.184173
0.176539
0.169506
0.162949
0.15679
0.150976
0.145472
0.140249
0.135285
0.127597
0.120346
0.113216
0.106376
0.0998864
0.0935566
0.087377
0.0813382
0.0754313
0.069648
0.0639804
0.0584093
0.0529193
0.047502
0.0421494
0.0368389
0.0314004
0.0264208
0.0214522
0.0165399
0.0116779
0.0117613
0.0212877
0.0181392
0.0193743
0.0208829
0.0225435
0.0242831
0.0260578
0.0278412
0.0296167
0.0313735
0.0331041
0.0173535
0.00552789
0.00775007
0.00743443
0.00563819
0.00296466
-0.000247477
-0.00381231
-0.00763377
-0.0116878
-0.00345058
0.000620207
0.00461887
0.00858601
0.0125401
0.0164893
0.0218229
0.0473009
0.0609513
0.0736008
0.02566
0.0764834
0.118627
0.153533
0.188891
0.223995
0.253293
0.28203
0.295293
0.281064
0.269853
0.259812
0.250135
0.253114
0.258614
0.262986
0.263045
0.22436
0.177558
0.156121
0.153803
0.151349
0.149111
0.147222
0.14571
0.144559
0.143737
0.138485
0.130027
0.123722
0.11991
0.117262
0.115305
0.113789
0.112575
0.111586
0.110776
0.110119
0.109598
0.109203
0.108925
0.108751
0.108663
0.0714038
0.0480783
0.0511553
0.0537876
0.0564986
0.0595624
0.0637111
0.0715274
0.0785192
0.0838028
0.0881486
0.0920041
0.0956189
0.0991324
0.102623
0.106174
0.109658
0.11281
0.1162
0.118736
0.118937
0.11889
0.118691
0.118364
0.117918
0.117439
0.116927
0.15338
0.189035
0.219167
0.244198
0.243862
0.232059
0.222846
0.21587
0.210445
0.206136
0.202738
0.200125
0.198213
0.196947
0.196288
0.196209
0.196702
0.197784
0.199568
0.199535
0.177244
0.164183
0.155048
0.14568
0.136121
0.129048
0.122983
0.121293
0.119608
0.118
0.116471
0.115052
0.113749
0.112563
0.111494
0.11054
0.109699
0.108968
0.108344
0.107839
0.107445
0.106974
0.106409
0.105728
0.10491
0.10393
0.102756
0.101352
0.0996661
0.097551
0.0959603
0.0991523
0.111276
0.111849
0.110579
0.107035
0.117247
0.117663
0.11792
0.11793
0.116871
0.118846
0.11854
0.118228
0.117885
0.117477
0.117002
0.116201
0.107064
0.109138
0.145041
0.17997
0.213691
0.23936
0.257763
0.264498
0.237065
0.220529
0.20984
0.202277
0.1964
0.191592
0.187587
0.181085
0.176058
0.172073
0.166807
0.161949
0.156943
0.152787
0.148927
0.145337
0.141998
0.138894
0.136013
0.13334
0.130865
0.128578
0.126469
0.124518
0.12272
0.121083
0.119599
0.118264
0.117071
0.116015
0.115093
0.1143
0.113633
0.113281
0.113359
0.113859
0.114789
0.116171
0.118039
0.120463
0.123592
0.127895
0.127863
0.116027
0.10925
0.112428
0.114975
0.1166
0.117684
0.118443
0.118993
0.119398
0.119697
0.119911
0.120041
0.120081
0.12003
0.119888
0.119652
0.11932
0.118889
0.118357
0.11772
0.116976
0.0657919
0.0140381
-0.022179
-0.0226775
-0.0905624
-0.123566
-0.0162179
0.0148216
0.0399818
0.0662942
0.0926639
0.118765
0.144113
0.18146
0.216466
0.201017
0.185653
0.178829
0.164858
0.150725
0.138016
0.126241
0.117255
0.110325
0.098593
0.0880039
0.0776849
0.0675965
0.0576932
0.0578589
0.0675931
0.0745281
0.0803136
0.0856527
0.0908796
0.0961592
0.101572
0.107157
0.112731
0.11744
0.117538
0.114729
0.112325
0.110909
0.110094
0.109617
0.109328
0.109138
0.108995
0.108865
0.107754
0.110929
0.112924
0.114206
0.115057
0.115648
0.116166
0.116549
0.116835
0.117043
0.117078
0.117142
0.11712
0.117008
0.116807
0.116514
0.116126
0.115642
0.115057
0.114369
0.062884
0.0108319
-0.0270427
-0.0275712
-0.0946386
-0.128225
-0.16316
-0.0682932
-0.054027
-0.0391673
-0.0237459
-0.00832329
0.00663899
0.0512419
0.0863153
0.121171
0.156867
0.193004
0.206108
0.210984
0.220756
0.219648
0.220996
0.221222
0.194198
0.164857
0.151594
0.140028
0.129317
0.11954
0.111045
0.108767
0.108231
0.108016
0.108049
0.108296
0.108737
0.109354
0.109829
0.109547
0.109354
0.10899
0.107073
0.105184
0.103336
0.101518
0.099716
0.0979201
0.0961174
0.0942943
0.0911974
0.0919393
0.0917418
0.0907219
0.0891505
0.105291
0.10847
0.109227
0.110352
0.111949
0.116044
0.120014
0.12299
0.126276
0.129915
0.133968
0.133961
0.118975
0.118337
0.11764
0.154641
0.191541
0.226616
0.249068
0.251707
0.235723
0.224827
0.214844
0.205387
0.197041
0.189573
0.182826
0.17669
0.171083
0.16594
0.161209
0.156846
0.152812
0.149075
0.145603
0.14237
0.139357
0.136551
0.133939
0.131512
0.129258
0.12717
0.125241
0.123463
0.121819
0.120304
0.118929
0.117689
0.116578
0.115594
0.114731
0.113988
0.113361
0.112847
0.112442
0.112144
0.111942
0.111818
0.111759
0.11175
0.111778
0.111831
0.111898
0.111968
0.112029
0.11109
0.114478
0.116619
0.118029
0.119005
0.119713
0.120244
0.120647
0.12095
0.121174
0.121329
0.120474
0.121025
0.121452
0.122747
0.127318
0.124199
0.122697
0.122978
0.126266
0.153505
0.190274
0.226363
0.259817
0.259558
0.28872
0.263145
0.241553
0.227683
0.216526
0.206758
0.198265
0.190743
0.183972
0.177633
0.171842
0.166537
0.161653
0.157141
0.15296
0.149074
0.145457
0.142093
0.138964
0.136056
0.133357
0.130856
0.128541
0.126404
0.124426
0.122599
0.120933
0.11942
0.118057
0.116838
0.115755
0.114805
0.113983
0.113284
0.112706
0.112243
0.111885
0.111613
0.111411
0.111265
0.111161
0.111086
0.111028
0.110974
0.110913
0.109627
0.0954501
0.0963853
0.101249
0.10554
0.109551
0.113522
0.117417
0.118235
0.11848
0.118617
0.118659
0.118613
0.118482
0.118265
0.117961
0.117568
0.11708
0.116452
0.115741
0.0668091
0.0177772
0.0791605
0.106584
0.143277
0.179455
0.215848
0.252434
0.28789
0.315478
0.303319
0.268874
0.232003
0.194772
0.179696
0.168658
0.158716
0.15076
0.143154
0.13587
0.128877
0.122143
0.11564
0.109339
0.103209
0.097213
0.0912942
0.0853163
0.085383
0.0928571
0.099932
0.106123
0.111937
0.117641
0.122669
0.125432
0.119703
0.116293
0.114239
0.112975
0.112193
0.111712
0.111422
0.111259
0.111179
0.111155
0.112743
0.0808653
0.0629964
0.0434615
0.04347
0.059212
0.0662819
0.073011
0.0783558
0.0830126
0.0874943
0.0917648
0.0959642
0.100128
0.103902
0.107706
0.111554
0.115452
0.119473
0.123524
0.124893
0.124924
0.124816
0.124586
0.161174
0.19741
0.23001
0.252615
0.274618
0.28826
0.268018
0.25214
0.238607
0.226527
0.218007
0.212388
0.207683
0.20282
0.198145
0.194881
0.192453
0.190756
0.189736
0.189384
0.189754
0.191094
0.191055
0.173189
0.164035
0.156096
0.148465
0.141113
0.13402
0.127188
0.11947
0.113041
0.113049
0.10799
0.114248
0.119086
0.120245
0.117366
0.115528
0.114329
0.113532
0.112996
0.112634
0.11239
0.112229
0.112126
0.112061
0.112018
0.0837781
0.0574159
0.061191
0.0609258
0.0688509
0.0745386
0.0790269
0.0828764
0.0864031
0.0897844
0.0931211
0.096471
0.099864
0.103335
0.106815
0.110018
0.113298
0.116854
0.119262
0.119892
0.120637
0.121393
0.157212
0.19265
0.219046
0.23851
0.23613
0.223657
0.214025
0.205215
0.197873
0.19178
0.186744
0.182421
0.177499
0.17262
0.168122
0.164018
0.160256
0.156817
0.15368
0.150825
0.148231
0.14588
0.143762
0.141867
0.140187
0.138714
0.13744
0.13636
0.135469
0.134755
0.134213
0.133855
0.133679
0.133687
0.13388
0.134261
0.134842
0.136336
0.13979
0.134689
0.130092
0.125648
0.121348
0.121332
0.112786
0.108847
0.105013
0.101277
0.0976525
0.0948151
0.0934364
0.0962273
0.0977639
0.0978129
0.0740096
0.0825044
0.0818694
0.0823284
0.0834155
0.084919
0.0867129
0.0915794
0.0966789
0.100696
0.104361
0.107868
0.111312
0.114875
0.117851
0.117339
0.153424
0.18915
0.22093
0.242183
0.26119
0.271858
0.243232
0.224625
0.213087
0.205388
0.199845
0.195625
0.192301
0.189648
0.187381
0.184447
0.180754
0.174119
0.168809
0.164704
0.161306
0.15841
0.155901
0.15371
0.151795
0.150127
0.148686
0.147459
0.146435
0.145676
0.145324
0.145398
0.145955
0.147013
0.148675
0.151214
0.15708
0.149779
0.144348
0.139094
0.134014
0.129099
0.124339
0.119725
0.115238
0.111534
0.108061
0.10451
0.100864
0.0971001
0.0703077
0.0630148
0.0667927
0.0722643
0.0766394
0.0804381
0.083947
0.087328
0.0906736
0.0940372
0.097446
0.100915
0.104453
0.108069
0.11178
0.1155
0.119102
0.119067
0.118671
0.118368
0.154885
0.191033
0.218998
0.238823
0.238863
0.226574
0.217293
0.208754
0.201686
0.195813
0.191033
0.18691
0.181809
0.176958
0.172428
0.168232
0.164366
0.160812
0.157546
0.154708
0.152357
0.150479
0.149075
0.148186
0.14776
0.147807
0.14835
0.149438
0.151175
0.153854
0.161179
0.154551
0.148808
0.143278
0.137995
0.131067
0.12596
0.121016
0.116156
0.111559
0.11015
0.108658
0.107071
0.105372
0.103546
0.101573
0.0994295
0.0951278
0.0907658
0.0643896
0.0556174
0.0389871
0.0479761
0.0548772
0.0601365
0.0644839
0.0683344
0.0719232
0.075384
0.0787934
0.0821914
0.0855942
0.0889271
0.0922642
0.0956295
0.0990391
0.102495
0.105969
0.109299
0.112513
0.148117
0.183293
0.216987
0.243017
0.263603
0.275491
0.25293
0.23436
0.218039
0.20732
0.200069
0.194382
0.189771
0.185964
0.182803
0.178042
0.174229
0.170583
0.167398
