1.65183e-05
1.19308e-05
7.61162e-06
5.62781e-06
6.58673e-07
-1.4399e-06
-2.10719e-06
-4.45492e-06
-5.02188e-06
-6.20545e-06
-6.13267e-06
-6.38054e-06
-6.61673e-06
-6.77676e-06
-6.86762e-06
-6.90785e-06
-6.91953e-06
-6.92742e-06
-6.95756e-06
-7.03695e-06
-7.19332e-06
-7.45489e-06
-7.85018e-06
-8.40791e-06
-9.12661e-06
-1.00646e-05
-1.1167e-05
-1.25436e-05
-1.41506e-05
-1.60852e-05
-1.83752e-05
-2.10472e-05
-2.41277e-05
-2.76419e-05
-3.1614e-05
-3.6067e-05
-4.10248e-05
-4.65643e-05
-5.26625e-05
-5.93111e-05
-6.65249e-05
-7.43169e-05
-8.26988e-05
-9.16812e-05
-0.000101275
-0.000111489
-0.000122333
-0.000133815
-0.000145942
-0.00015872
-0.000172155
-0.000186252
-0.000201016
-0.000216451
-0.000232559
-0.000249344
-0.000266813
-0.000284974
-0.000303832
-0.000323383
-0.000343613
-0.000364518
-0.000386097
-0.000408351
-0.00043128
-0.000454885
-0.000479165
-0.000504122
-0.000529754
-0.000556062
-0.000579721
-0.00060556
-0.000632755
-0.000660936
-0.000689936
-0.000719674
-0.000750106
-0.000781199
-0.000812929
-0.000845271
-0.000878202
-0.000911697
-0.000945731
-0.000980281
-0.00101532
-0.00105082
-0.00108675
-0.0011231
-0.00115982
-0.0011969
-0.0012343
-0.00127199
-0.00130995
-0.00134816
-0.00138657
-0.00142517
-0.00146392
-0.00150279
-0.00154177
-0.00158081
-0.0016199
-0.00165901
-0.00169812
-0.00173719
-0.0017762
-0.00181514
-0.00185397
-0.00189267
-0.00193123
-0.00196961
-0.00200781
-0.00204579
-0.00208354
-0.00212104
-0.00215827
-0.00219522
-0.00223187
-0.00226821
-0.00230422
-0.00233989
-0.00237521
-0.00241018
-0.00244477
-0.00247898
-0.0025128
-0.00254622
-0.00257924
-0.00261184
-0.00264403
-0.00267579
-0.00270713
-0.00273804
-0.0027685
-0.00279854
-0.00282813
-0.00285728
-0.00288599
-0.00291426
-0.00294211
-0.00296952
-0.00299649
-0.00302302
-0.00304911
-0.00307476
-0.00310001
-0.00312485
-0.00314929
-0.00317333
-0.00319698
-0.00322024
-0.00324312
-0.00326564
-0.00328779
-0.0033096
-0.00333105
-0.00335214
-0.00337289
-0.0033933
-0.00341338
-0.00343315
-0.0034526
-0.00347174
-0.00349059
-0.00350914
-0.00352741
-0.00354541
-0.00356314
-0.00358061
-0.00359783
-0.00361481
-0.00363157
-0.0036481
-0.00366441
-0.00368052
-0.00369643
-0.00371215
-0.00372768
-0.00374303
-0.00375821
-0.00377322
-0.00378807
-0.00380277
-0.00381732
-0.00383174
-0.00384602
-0.00386018
-0.00387421
-0.00388812
-0.00390192
-0.00391562
-0.00392921
-0.00394271
-0.00395612
-0.00396945
-0.00398269
-0.00399586
-0.00400895
-0.00402197
-0.00403493
-0.00404782
-0.00406066
-0.00407343
-0.00408616
-0.00409883
-0.00411146
-0.00412404
-0.00413659
-0.00414909
-0.00416156
-0.00417399
-0.00418639
-0.00419876
-0.00421111
-0.00422344
-0.00423574
-0.00424802
-0.00426027
-0.00427249
-0.00428469
-0.00429686
-0.004309
-0.00432112
-0.00433322
-0.0043453
-0.00435735
-0.00436938
-0.00438139
-0.00439338
-0.00440534
-0.00441729
-0.00442921
-0.0044411
-0.00445298
-0.00446484
-0.00447668
-0.0044885
-0.00450029
-0.00451206
-0.0045238
-0.00453551
-0.0045472
-0.00455885
-0.00457048
-0.00458207
-0.00459364
-0.00460516
-0.00461666
-0.00462812
-0.00463954
-0.00465092
-0.00466227
-0.00467357
-0.00468484
-0.00469606
-0.00470724
-0.00471837
-0.00472947
-0.00474051
-0.00475151
-0.00476246
-0.00477337
-0.00478422
-0.00479503
-0.00480578
-0.00481649
-0.00482714
-0.00483773
-0.00484828
-0.00485877
-0.0048692
-0.00487958
-0.00488991
-0.00490018
-0.00491039
-0.00492054
-0.00493064
-0.00494069
-0.00495067
-0.0049606
-0.00497047
-0.00498029
-0.00499003
-0.00499971
-0.00500933
-0.00501888
-0.00502837
-0.00503781
-0.00504719
-0.00505651
-0.00506579
-0.00507501
-0.00508418
-0.00509329
-0.00510235
-0.00511135
-0.0051203
-0.0051292
-0.00513804
-0.00514682
-0.00515555
-0.00516421
-0.00517282
-0.00518137
-0.00518987
-0.0051983
-0.00520668
-0.00521501
-0.00522327
-0.00523148
-0.00523964
-0.00524774
-0.00525579
-0.00526379
-0.00527173
-0.00527962
-0.00528746
-0.00529525
-0.00530299
-0.00531068
-0.00531832
-0.00532592
-0.00533347
-0.00534097
-0.00534843
-0.00535584
-0.00536321
-0.00537054
-0.00537783
-0.00538507
-0.00539228
-0.00539945
-0.00540658
-0.00541367
-0.00542073
-0.00542775
-0.00543474
-0.00544169
-0.00544861
-0.0054555
-0.00546236
-0.00546918
-0.00547598
-0.00548275
-0.00548949
-0.0054962
-0.00550289
-0.00550955
-0.00551618
-0.00552279
-0.00552937
-0.00553593
-0.00554247
-0.00554899
-0.00555548
-0.00556194
-0.00556838
-0.0055748
-0.00558119
-0.00558753
-0.00559383
-0.00560008
-0.00560629
-0.00561245
-0.00561856
-0.00562471
-0.00563095
-0.00563727
-0.0056436
-0.00564994
-0.00565627
-0.00566258
-0.00566887
-0.00567514
-0.00568138
-0.00568759
-0.00569377
-0.00569992
-0.00570604
-0.00571213
-0.0057182
-0.00572423
-0.00573028
-0.00573631
-0.00574232
-0.00574829
-0.00575423
-0.00576015
-0.00576603
-0.00577188
-0.00577771
-0.00578352
-0.0057893
-0.00579508
-0.00580086
-0.00580664
-0.00581243
-0.00581823
-0.00582405
-0.00582987
-0.00583571
-0.00584157
-0.00584745
-0.00585334
-0.00585926
-0.0058652
-0.00587116
-0.00587714
-0.00588315
-0.00588918
-0.00589524
-0.00590132
-0.00590742
-0.00591356
-0.00591972
-0.0059259
-0.00593211
-0.00593835
-0.00594461
-0.0059509
-0.00595722
-0.00596355
-0.0059699
-0.00597626
-0.00598262
-0.00598899
-0.00599537
-0.00600175
-0.00600813
-0.00601417
-0.00602015
-0.00602618
-0.00603228
-0.00603848
-0.00604478
-0.00605114
-0.00605768
-0.00606441
-0.0060713
-0.00607828
-0.00608525
-0.00609215
-0.00609895
-0.00610565
-0.00611224
-0.00611872
-0.0061251
-0.00613137
-0.00613754
-0.00614363
-0.00614964
-0.00615557
-0.00616142
-0.0061672
-0.00617292
-0.00617857
-0.00618417
-0.0061897
-0.00619518
-0.00620061
-0.00620598
-0.00621131
-0.0062166
-0.00622184
-0.00622703
-0.00623219
-0.00623731
-0.0062424
-0.00624745
-0.00625246
-0.00625745
-0.00626241
-0.00626734
-0.00627225
-0.00627713
-0.006282
-0.00628684
-0.00629166
-0.00629647
-0.00630126
-0.00630604
-0.00631081
-0.00631556
-0.00632031
-0.00632505
-0.00632979
-0.00633452
-0.00633925
-0.00634397
-0.0063487
-0.00635343
-0.00635817
-0.00636291
-0.00636766
-0.00637241
-0.00637718
-0.00638195
-0.00638673
-0.00639151
-0.0063963
-0.0064011
-0.00640592
-0.00641074
-0.00641558
-0.00642043
-0.00642529
-0.00643017
-0.00643506
-0.00643996
-0.00644488
-0.00644982
-0.00645477
-0.00645973
-0.00646471
-0.00646971
-0.00647472
-0.00647974
-0.00648478
-0.00648984
-0.00649491
-0.00649999
-0.00650509
-0.0065102
-0.00651533
-0.00652047
-0.00652562
-0.00653079
-0.00653597
-0.00654116
-0.00654636
-0.00655157
-0.0065568
-0.00656203
-0.00656728
-0.00657253
-0.00657779
-0.00658306
-0.00658834
-0.00659363
-0.00659892
-0.00660422
-0.00660953
-0.00661484
-0.00662015
-0.00662547
-0.0066308
-0.00663613
-0.00664146
-0.00664679
-0.00665212
-0.00665746
-0.0066628
-0.00666814
-0.00667348
-0.00667882
-0.00668416
-0.0066895
-0.00669484
-0.00670017
-0.00670551
-0.00671084
-0.00671617
-0.00672149
-0.0067268
-0.0067321
-0.00673738
-0.00674266
-0.00674794
-0.00675322
-0.0067585
-0.00676379
-0.00676907
-0.00677435
-0.00677963
-0.00678491
-0.00679018
-0.00679545
-0.00680071
-0.00680597
-0.00681121
-0.00681644
-0.00682166
-0.00682687
-0.00683207
-0.00683725
-0.00684243
-0.00684759
-0.00685274
-0.00685788
-0.006863
-0.00686811
-0.00687321
-0.0068783
-0.00688338
-0.00688844
-0.00689349
-0.00689853
-0.00690356
-0.00690858
-0.00691359
-0.00691858
-0.00692356
-0.00692854
-0.0069335
-0.00693845
-0.0069434
-0.00694833
-0.00695325
-0.00695817
-0.00696308
-0.00696798
-0.00697287
-0.00697775
-0.00698264
-0.00698751
-0.00699238
-0.00699724
-0.0070021
-0.00700695
-0.00701179
-0.00701663
-0.00702147
-0.00702631
-0.00703114
-0.00703597
-0.00704079
-0.00704562
-0.00705044
-0.00705527
-0.00706009
-0.00706492
-0.00706974
-0.00707456
-0.00707938
-0.00708424
-0.0070891
-0.00709396
-0.00709881
-0.00710366
-0.00710851
-0.00711335
-0.00711819
-0.00712305
-0.00712791
-0.00713279
-0.00713767
-0.00714256
-0.00714745
-0.00715235
-0.00715725
-0.00716217
-0.00716709
-0.00717202
-0.00717697
-0.00718192
-0.00718689
-0.00719186
-0.00719685
-0.00720185
-0.00720687
-0.0072119
-0.00721694
-0.007222
-0.00722707
-0.00723215
-0.00723724
-0.00724234
-0.00724745
-0.00725258
-0.00725773
-0.0072629
-0.00726808
-0.00727329
-0.00727851
-0.00728376
-0.00728902
-0.00729431
-0.00729961
-0.00730494
-0.00731029
-0.00731566
-0.00732105
-0.00732645
-0.00733187
-0.00733732
-0.00734278
-0.00734825
-0.00735375
-0.00735926
-0.00736479
-0.00737033
-0.00737589
-0.00738146
-0.00738704
-0.00739264
-0.00739826
-0.00740389
-0.00740953
-0.00741518
-0.00742085
-0.00742653
-0.00743222
-0.00743791
-0.00744361
-0.00744931
-0.00745501
-0.00746071
-0.00746642
-0.00747214
-0.00747788
-0.00748364
-0.00748942
-0.00749521
-0.00750101
-0.00750682
-0.00751263
-0.00751845
-0.00752426
-0.00753007
-0.00753588
-0.00754168
-0.00754748
-0.00755328
-0.00755907
-0.00756485
-0.00757063
-0.0075764
-0.00758217
-0.00758792
-0.00759367
-0.00759941
-0.00760513
-0.00761085
-0.00761656
-0.00762225
-0.00762793
-0.00763359
-0.00763924
-0.00764487
-0.00765049
-0.00765609
-0.00766169
-0.00766727
-0.00767284
-0.0076784
-0.00768395
-0.00768948
-0.007695
-0.00770051
-0.00770601
-0.00771151
-0.00771699
-0.00772247
-0.00772793
-0.00773338
-0.00773883
-0.00774426
-0.00774969
-0.00775511
-0.00776052
-0.00776592
-0.00777132
-0.0077767
-0.00778209
-0.00778746
-0.00779283
-0.00779819
-0.00780355
-0.0078089
-0.00781425
-0.0078196
-0.00782494
-0.00783029
-0.00783565
-0.00784102
-0.0078464
-0.00785177
-0.00785715
-0.00786252
-0.00786789
-0.00787325
-0.00787861
-0.00788397
-0.00788933
-0.0078947
-0.00790006
-0.00790544
-0.00791082
-0.00791622
-0.00792162
-0.00792704
-0.00793246
-0.0079379
-0.00794335
-0.00794881
-0.00795428
-0.00795977
-0.00796527
-0.00797078
-0.00797631
-0.00798185
-0.00798741
-0.00799297
-0.00799856
-0.00800415
-0.00800976
-0.00801539
-0.00802103
-0.00802668
-0.00803234
-0.00803802
-0.00804372
-0.00804942
-0.00805515
-0.00806088
-0.00806663
-0.0080724
-0.00807817
-0.00808396
-0.00808977
-0.00809558
-0.00810141
-0.00810725
-0.00811309
-0.00811895
-0.00812482
-0.0081307
-0.00813659
-0.0081425
-0.0081484
-0.00815432
-0.00816024
-0.00816616
-0.0081721
-0.00817804
-0.00818398
-0.00818994
-0.00819589
-0.00820186
-0.00820783
-0.00821381
-0.00821979
-0.00822576
-0.00823174
-0.00823771
-0.00824368
-0.00824964
-0.00825561
-0.0082616
-0.0082676
-0.00827361
-0.00827963
-0.00828567
-0.00829171
-0.00829776
-0.00830381
-0.00830987
-0.00831593
-0.00832199
-0.00832805
-0.0083341
-0.00834014
-0.00834619
-0.00835223
-0.00835826
-0.00836429
-0.00837031
-0.00837632
-0.00838233
-0.00838833
-0.00839432
-0.0084003
-0.00840628
-0.00841224
-0.0084182
-0.00842415
-0.00843009
-0.00843601
-0.00844193
-0.00844784
-0.00845374
-0.00845964
-0.00846552
-0.0084714
-0.00847727
-0.00848312
-0.00848897
-0.00849481
-0.00850065
-0.00850647
-0.00851228
-0.00851808
-0.00852388
-0.00852967
-0.00853545
-0.00854122
-0.00854698
-0.00855273
-0.00855848
-0.00856422
-0.00856994
-0.00857567
-0.00858138
-0.00858709
-0.00859279
-0.00859849
-0.00860418
-0.00860987
-0.00861555
-0.00862123
-0.00862691
-0.00863258
-0.00863827
-0.00864396
-0.00864967
-0.00865538
-0.0086611
-0.00866681
-0.00867252
-0.00867823
-0.00868393
-0.00868962
-0.00869532
-0.00870101
-0.00870671
-0.00871241
-0.00871813
-0.00872385
-0.00872958
-0.00873533
-0.00874109
-0.00874686
-0.00875264
-0.00875844
-0.00876425
-0.00877007
-0.00877591
-0.00878176
-0.00878763
-0.00879351
-0.00879941
-0.00880532
-0.00881125
-0.00881719
-0.00882315
-0.00882913
-0.00883513
-0.00884114
-0.00884717
-0.00885322
-0.00885929
-0.00886537
-0.00887147
-0.00887759
-0.00888372
-0.00888986
-0.00889602
-0.0089022
-0.00890838
-0.00891458
-0.00892079
-0.00892703
-0.00893328
-0.00893954
-0.0089458
-0.00895208
-0.00895837
-0.00896467
-0.00897098
-0.00897729
-0.00898362
-0.00898995
-0.00899629
-0.00900264
-0.009009
-0.00901537
-0.00902174
-0.00902812
-0.00903451
-0.00904091
-0.00904732
-0.00905374
-0.00906015
-0.00906657
-0.00907298
-0.00907939
-0.00908581
-0.00909223
-0.00909866
-0.00910512
-0.00911159
-0.00911808
-0.00912458
-0.0091311
-0.00913762
-0.00914416
-0.0091507
-0.00915725
-0.00916382
-0.00917038
-0.00917695
