0
2.27766
-0.118983
-1.23757
-0.118911
-0.388919
-0.408759
-0.350578
-0.179388
0.163906
-0.000954737
0.0831065
0.0604634
0.0526059
0.0500591
0.0480112
0.0460063
0.0438808
0.041744
0.0396659
0.0376762
0.0357863
0.033998
0.0323085
0.0301322
0.0293909
0.026183
0.0269125
0.0237493
0.0243
0.0239387
0.021405
0.020279
0.019191
0.0181671
0.0172961
0.0173101
-0.0923315
-0.0762877
-0.0774623
-0.0785966
-0.0797225
-0.0807737
-0.0817338
-0.0826133
-0.0834147
-0.0841452
-0.0848061
-0.0854
-0.0859293
-0.0863958
-0.086801
-0.0871462
-0.0874326
-0.0876609
-0.0878318
-0.0847234
-0.0848241
-0.0850296
-0.0839619
-0.08393
-0.0837706
-0.0835971
-0.0833884
-0.0831377
-0.082874
-0.0825227
-0.0821241
-0.0816818
-0.0812027
-0.0806855
0.172473
-0.167614
-0.173012
-0.132298
0.0370858
0.0279044
0.0226272
0.0208344
0.0205413
0.0208742
0.0214556
0.0221253
0.0228195
0.0235133
0.024198
0.0248709
0.0255355
0.0474926
0.0465594
0.0476908
0.0474952
0.0467519
0.0472472
0.047694
0.0480975
0.04846
0.048783
0.0490683
0.0494021
0.0497808
0.050135
0.0504431
0.0508398
0.0523878
0.0496355
0.0500587
0.0500847
0.050093
0.0143295
-0.0644564
0.0358472
0.0166637
0.0110783
0.00818857
0.00685085
0.00641017
0.006494
0.00689157
0.00748445
0.00820614
0.123139
0.147237
0.0205657
0.0343587
0.0427225
0.047946
0.0513764
0.0538038
0.0556984
0.057483
-0.0351733
0.000429497
0.00138188
0.00203582
0.00258337
0.00311296
-0.00848923
-0.169602
-0.0895574
-0.0677772
0.56668
0.00260986
-0.117039
-0.0729083
-0.0961368
-0.0997843
-0.0272303
-0.0225219
-0.00917616
-0.0927679
-0.13761
-0.153464
-0.156083
-0.0934347
-0.0393544
-0.0151778
0.120292
0.406228
0.441419
0.191842
0.0985275
0.0956573
0.0924938
0.0898567
0.0879691
0.0867913
0.0861982
0.117231
0.134361
0.112904
0.0927935
0.0842187
0.0801464
0.0784248
0.0779744
0.0782053
0.0787949
0.0795686
0.0804332
0.0813406
0.0822668
0.083262
0.0843825
0.325365
0.285618
0.0656551
0.0708437
0.0715077
0.0698334
0.0607706
0.0263094
0.0673449
0.0730582
0.0766045
0.0789483
0.0806676
0.0820591
0.0832831
0.0841035
0.0859838
0.0899679
0.0898046
0.0974642
0.116061
0.119772
0.122704
0.125438
0.128066
0.130057
0.132053
0.245425
0.130584
0.0995099
0.117361
0.130207
0.122965
0.121096
0.118068
0.116869
0.117158
0.117814
0.118582
0.11935
0.120066
0.1207
0.12122
0.121562
0.121565
0.120592
0.137694
0.302904
0.254665
0.202575
0.211637
0.217965
0.20401
0.199877
0.171142
0.173419
0.175017
0.176461
0.177549
0.178512
0.179397
0.180228
0.181021
0.181788
0.182535
0.18327
0.183878
0.184524
0.186492
0.188608
0.190875
0.193302
0.19591
0.198733
0.201822
0.205264
0.209801
0.200384
0.19911
0.127023
0.206861
0.218846
0.235198
0.136223
0.208237
0.210748
0.21393
0.222581
0.202558
0.221727
0.223128
0.224854
0.226907
0.229009
0.233018
0.290271
0.218096
0.372896
0.251317
0.179038
0.223697
0.262361
0.239171
0.254986
0.223042
0.213722
0.214527
0.219657
0.225356
0.230402
0.255711
0.247811
0.243336
0.254923
0.256152
0.261165
0.258773
0.260167
0.261565
0.262903
0.264184
0.265411
0.266587
0.267715
0.268797
0.269836
0.270935
0.271989
0.272869
0.273724
0.274554
0.27536
0.276142
0.276905
0.277651
0.278375
0.277706
0.276199
0.274708
0.273165
0.271493
0.269571
0.267169
0.263719
0.256906
0.289949
0.376746
0.336085
0.29455
0.292664
0.296313
0.299235
0.301758
0.304082
0.306316
0.308473
0.310567
0.312746
0.315033
0.317341
0.319673
0.322031
0.324415
0.326824
0.329257
0.331712
0.334188
0.830112
0.858604
0.682711
0.525159
0.774603
0.619737
0.00950772
0.226672
0.287213
0.271491
0.266015
0.265919
0.271644
-0.491899
-0.483944
0.08797
0.213519
0.228023
0.374184
0.403427
0.407565
0.409463
0.394752
0.383499
0.42046
0.413768
0.413185
0.412598
0.412134
0.338852
0.248315
0.265062
0.293486
0.307527
0.314487
0.317975
0.319772
0.320751
0.323007
0.332481
0.366106
0.383045
0.376619
0.368265
0.363881
0.362038
0.361644
0.362082
0.363018
0.364262
0.365633
0.3678
0.368733
0.370231
0.371959
0.373758
0.374914
0.376948
0.378921
0.380855
0.383583
0.384909
0.387112
0.389335
0.391579
0.393847
0.396139
0.398458
0.400801
0.403167
0.923915
0.954226
0.78566
0.613896
0.848042
0.708692
0.720453
0.179534
0.469417
0.479949
0.456153
0.445356
0.442588
0.148457
-0.27481
-0.414667
-0.356232
-0.296767
-0.0182803
0.162548
0.208314
0.348933
0.345919
0.381116
0.585472
0.617111
0.524745
0.505623
0.494611
0.485829
0.47629
0.431213
0.418748
0.417012
0.415942
0.415201
0.414666
0.414285
0.416117
0.422228
0.422602
0.42485
0.437068
0.437944
0.438731
0.439612
0.440588
0.441654
0.442812
0.444072
0.445643
0.452644
0.451765
0.453774
0.456061
0.321577
0.41087
0.449084
0.4454
0.441587
0.419327
0.421892
0.430762
0.430185
0.429327
0.428087
0.459414
0.5699
0.467198
0.469258
0.585287
0.457925
0.389701
0.469251
0.470335
0.476502
0.462309
0.472402
0.480257
0.481123
0.482162
0.483316
0.484541
0.485812
0.487116
0.488445
0.489795
0.491162
0.492544
0.493941
0.495351
0.496736
0.498055
0.499314
0.500519
0.501675
0.502783
0.503847
0.504869
0.505955
0.506998
0.507866
0.508713
0.509538
0.510338
0.511118
0.511879
0.512625
0.513361
0.51409
0.514817
0.515609
0.516528
0.51756
0.518697
0.519931
0.521256
0.522669
0.524164
0.52574
0.52739
0.529105
0.530918
0.532792
0.534723
0.53671
0.53875
0.540842
0.542934
0.545007
0.547082
0.556041
0.547509
0.550093
0.545506
0.52346
0.58104
0.571038
0.559827
0.539783
0.789142
0.56826
0.487098
0.477794
0.786543
0.387764
0.565473
0.591833
0.571721
0.575204
0.580706
0.582595
0.584205
0.585787
0.587902
0.589045
0.590215
0.591483
0.592812
0.59418
0.595575
0.596951
0.598265
0.59952
0.600723
0.601875
0.60298
0.60404
0.605058
0.606137
0.607173
0.608034
0.608873
0.609672
0.610451
0.611226
0.61198
0.612717
0.613441
0.614157
0.614872
0.615651
0.616559
0.617582
0.618711
0.619939
0.621259
0.622668
0.624161
0.625733
0.627357
0.750196
0.647861
0.605967
0.609185
0.611381
0.612466
0.614187
0.637878
0.643509
0.64584
0.648134
0.650402
0.652667
0.65494
0.657238
0.659555
0.661909
0.664601
0.666882
1.14582
1.1701
0.562611
0.609101
0.508243
0.507185
0.502781
0.500591
0.511905
0.235275
0.519192
0.710502
0.758937
0.787326
0.796127
0.762681
0.745492
0.727404
0.724096
0.722563
0.722065
0.722158
0.722583
0.723217
0.724011
0.724979
0.726243
0.728373
0.685843
0.616516
0.619902
0.64406
0.65672
0.663423
0.672927
0.693976
0.753329
0.732746
0.721515
0.715671
0.712791
0.711606
0.711445
0.71189
0.71271
0.713776
0.673408
0.948973
0.867749
0.880283
0.723515
0.617799
0.682508
0.680684
0.690802
0.69638
0.69859
0.701253
0.703025
0.704617
0.708877
0.710157
0.711402
0.712643
0.713443
0.714878
0.736073
0.747575
0.750383
0.753044
0.884705
0.758883
0.709946
0.766419
0.757141
0.749378
0.703702
0.717993
0.745428
0.769983
0.767455
0.759534
0.761512
0.769935
0.773375
0.764963
0.76122
0.759125
0.75783
0.756758
0.755327
0.752059
0.765698
0.895208
0.836348
0.833186
0.832964
0.833113
0.833422
0.833695
0.842201
0.834805
0.790242
0.82252
0.740897
0.761781
0.794922
0.825384
0.817079
0.812724
0.810662
0.809924
0.810007
0.810586
0.811477
0.812581
0.813839
0.815219
0.992009
1.0315
0.789039
0.860873
0.772714
0.78801
0.796694
0.801876
0.805104
0.807253
0.808794
0.809996
0.811067
0.81196
0.81339
0.816969
0.818012
0.817741
0.827556
0.842172
0.843145
0.84492
0.977515
0.854872
0.856788
0.882202
0.856199
0.846302
0.843791
0.851516
0.851312
0.850663
0.850104
0.851077
0.860579
0.865879
0.868168
0.869974
0.871647
0.873155
0.874562
0.87592
0.877252
0.878537
0.879742
0.880879
0.881955
0.882974
0.883942
0.884858
0.885728
0.886638
0.887502
0.888197
0.888852
0.889455
0.890001
0.890492
0.890872
0.886114
0.873842
0.936894
0.935003
0.935548
0.936136
0.906969
0.96991
0.938229
0.93896
0.939713
0.940335
0.936045
0.919806
0.922377
0.924045
0.93098
1.10518
0.850608
0.942444
0.933097
0.928255
0.925556
0.924155
0.898535
0.897923
0.908214
0.912847
0.915878
0.918128
0.919049
0.924994
0.952071
1.0873
0.961204
0.911775
0.971135
0.973551
0.970528
0.964626
0.944891
0.930219
0.927499
0.930093
0.934416
0.939029
0.943357
0.94838
0.959824
0.971173
0.994886
0.985978
0.97928
0.976821
0.976121
0.97633
0.977014
0.977939
0.978974
0.98005
0.981131
0.982196
0.982739
0.982196
0.981414
0.980179
0.978746
0.976544
0.972354
0.950583
1.04704
1.03571
1.03631
1.03687
1.03742
1.038
1.0386
1.03929
1.03524
1.03511
1.03718
1.03934
1.04162
1.18817
1.10994
1.01061
0.988187
0.995479
0.999849
1.00263
1.00453
1.00592
1.00703
1.00804
1.00903
1.00999
1.01097
1.01185
1.01342
1.01599
1.04399
1.04835
1.0494
1.16762
1.04434
1.03806
1.0752
1.04089
1.04262
1.03872
1.04696
1.04661
1.04641
1.04569
1.04721
1.05942
1.06318
1.06583
1.06792
1.06969
1.07132
1.07286
1.0732
1.07295
1.07263
1.07217
1.07131
1.07066
1.06986
1.06881
1.06735
1.06508
1.0607
1.02979
1.13194
1.12775
1.12824
1.1284
1.14205
1.13072
1.13123
1.13209
1.1318
1.11046
1.11252
1.11467
1.11691
1.11927
1.12176
1.1244
1.14135
1.14314
1.29676
1.15331
1.2972
1.06044
1.07328
1.0851
1.09216
1.09653
1.09939
1.10139
1.10291
1.10422
1.10547
1.10733
1.10868
1.10991
1.11106
1.11223
1.11365
1.11633
1.11881
1.28387
1.15875
1.08909
1.13262
1.1578
1.15771
1.11069
1.12954
1.1585
1.15002
1.14297
1.14375
1.14574
1.14817
1.15067
1.16657
1.16074
1.1612
1.16105
