0.000104932
8.14692e-05
5.79931e-05
4.75951e-05
1.71826e-05
2.85305e-06
-3.58099e-06
-2.13989e-05
-2.91824e-05
-4.15134e-05
-4.66542e-05
-5.41191e-05
-6.18245e-05
-6.92608e-05
-7.63362e-05
-8.30205e-05
-8.92993e-05
-9.51695e-05
-0.000100632
-0.000105692
-0.000110356
-0.000114633
-0.000118534
-0.00012207
-0.000125063
-0.000127705
-0.000129482
-0.000130901
-0.000131522
-0.000131787
-0.000131722
-0.000131354
-0.000130717
-0.000129844
-0.000128769
-0.000127525
-0.000126163
-0.000125074
-0.000124046
-0.000122948
-0.000121799
-0.000120606
-0.000119379
-0.00011812
-0.00011684
-0.000115547
-0.00011425
-0.000112955
-0.000111667
-0.000110392
-0.000109131
-0.000107888
-0.000106666
-0.000105465
-0.000104289
-0.000103137
-0.000102044
-0.000101046
-0.000100177
-9.93931e-05
-9.86146e-05
-9.78083e-05
-9.69609e-05
-9.60674e-05
-9.51267e-05
-9.41393e-05
-9.31061e-05
-9.20289e-05
-9.09092e-05
-8.97487e-05
-6.74328e-05
-5.35114e-05
-4.32967e-05
-3.47489e-05
-2.69929e-05
-1.9676e-05
-1.2649e-05
-5.8512e-06
7.39676e-07
7.12947e-06
1.33172e-05
1.92993e-05
2.50715e-05
3.06294e-05
3.5969e-05
4.1087e-05
4.59803e-05
5.06466e-05
5.50801e-05
5.92784e-05
6.32399e-05
6.69641e-05
7.04516e-05
7.37032e-05
7.672e-05
7.95038e-05
8.20566e-05
8.43809e-05
8.64795e-05
8.83557e-05
9.00128e-05
9.14549e-05
9.26861e-05
9.37106e-05
9.4533e-05
9.51583e-05
9.55919e-05
9.58393e-05
9.5906e-05
9.58034e-05
9.5506e-05
9.50826e-05
9.45309e-05
9.38512e-05
9.30461e-05
9.21196e-05
9.10767e-05
8.99227e-05
8.86635e-05
8.73049e-05
8.58531e-05
8.42708e-05
8.26162e-05
8.08794e-05
7.90619e-05
7.71686e-05
7.52059e-05
7.31802e-05
7.10979e-05
6.89653e-05
6.67885e-05
6.45796e-05
6.23546e-05
6.01232e-05
5.78921e-05
5.56667e-05
5.3452e-05
5.1249e-05
4.89988e-05
4.67478e-05
4.45898e-05
4.25638e-05
4.06319e-05
3.88073e-05
3.7001e-05
3.51858e-05
3.33637e-05
3.15769e-05
2.98446e-05
2.81704e-05
2.6485e-05
2.4773e-05
2.30396e-05
2.12949e-05
1.95869e-05
1.79534e-05
1.64124e-05
1.49538e-05
1.34975e-05
1.21183e-05
1.08068e-05
9.57084e-06
8.41143e-06
7.32765e-06
6.31795e-06
5.38081e-06
4.51484e-06
3.71878e-06
2.98248e-06
2.291e-06
1.637e-06
1.01829e-06
4.34291e-07
-1.15058e-07
-6.29606e-07
-1.10921e-06
-1.5538e-06
-1.96337e-06
-2.33806e-06
-2.67804e-06
-2.98362e-06
-3.25521e-06
-3.49326e-06
-3.69833e-06
-3.89824e-06
-4.05924e-06
-4.18711e-06
-4.28336e-06
-4.34875e-06
-4.38434e-06
-4.39348e-06
-4.38592e-06
-4.36319e-06
-4.32255e-06
-4.26113e-06
-4.17707e-06
-4.06944e-06
-3.938e-06
-3.78303e-06
-3.60412e-06
-3.40282e-06
-3.18053e-06
-2.93452e-06
-2.66474e-06
-2.37796e-06
-2.07781e-06
-1.76652e-06
-1.44564e-06
-1.11648e-06
-7.80108e-07
-4.36738e-07
-1.1513e-07
1.74685e-07
4.30038e-07
6.56134e-07
8.73462e-07
1.10168e-06
1.35384e-06
1.62482e-06
1.91108e-06
2.21012e-06
2.52001e-06
2.83915e-06
3.16621e-06
3.49997e-06
3.83939e-06
4.18351e-06
4.53149e-06
4.8826e-06
5.23636e-06
5.58483e-06
5.95722e-06
6.29867e-06
6.61312e-06
6.90687e-06
7.18049e-06
7.43551e-06
7.67339e-06
7.89785e-06
8.1104e-06
8.31159e-06
8.50161e-06
8.68046e-06
8.84811e-06
9.0045e-06
9.1496e-06
9.28339e-06
9.40588e-06
9.5171e-06
9.61709e-06
9.70614e-06
9.7845e-06
9.85221e-06
9.9092e-06
9.95537e-06
9.99066e-06
1.0015e-05
1.00281e-05
1.00301e-05
1.00208e-05
9.99844e-06
9.96505e-06
9.92189e-06
9.87667e-06
9.82459e-06
9.76299e-06
9.68957e-06
9.61577e-06
9.53793e-06
9.45457e-06
9.36522e-06
9.26573e-06
9.16315e-06
9.05617e-06
8.94438e-06
8.82778e-06
8.70654e-06
8.58091e-06
8.45101e-06
8.30204e-06
8.12628e-06
8.02258e-06
7.97602e-06
7.96951e-06
8.00886e-06
8.08975e-06
8.18216e-06
8.24063e-06
8.26552e-06
8.26357e-06
8.24116e-06
8.20305e-06
8.15159e-06
8.08675e-06
7.99348e-06
7.86433e-06
7.69843e-06
7.51576e-06
7.32516e-06
7.13024e-06
6.93319e-06
6.73516e-06
6.53682e-06
6.33869e-06
6.14113e-06
5.9445e-06
5.74912e-06
5.5553e-06
5.36331e-06
5.17342e-06
4.98589e-06
4.80096e-06
4.61886e-06
4.43978e-06
4.26395e-06
4.09153e-06
3.92271e-06
3.75765e-06
3.59648e-06
3.43935e-06
3.2865e-06
3.13806e-06
2.99432e-06
2.85573e-06
2.72275e-06
2.59588e-06
2.47568e-06
2.3628e-06
2.25822e-06
2.15865e-06
2.05716e-06
1.95664e-06
1.85846e-06
1.76389e-06
1.67348e-06
1.58743e-06
1.50581e-06
1.42862e-06
1.35585e-06
1.28743e-06
1.22333e-06
1.16346e-06
1.10777e-06
1.05618e-06
1.00861e-06
9.64973e-07
9.25184e-07
8.89155e-07
8.56788e-07
8.27982e-07
8.02737e-07
7.90184e-07
7.91186e-07
8.13161e-07
8.69385e-07
9.50012e-07
1.05779e-06
1.22643e-06
1.5808e-06
2.12889e-06
2.88065e-06
3.85353e-06
5.06885e-06
6.53815e-06
7.72658e-06
8.26277e-06
8.25618e-06
7.9428e-06
7.45974e-06
6.86786e-06
6.20234e-06
5.48627e-06
4.73435e-06
3.96247e-06
3.1832e-06
2.40221e-06
1.62449e-06
8.54337e-07
9.54069e-08
-6.4929e-07
-1.37593e-06
-2.32504e-06
-3.31726e-06
-4.27321e-06
-5.15762e-06
-5.95255e-06
-6.64629e-06
-7.22914e-06
-7.69204e-06
-8.02375e-06
-8.20303e-06
-8.25525e-06
-8.23478e-06
-8.16915e-06
-8.07186e-06
-7.94956e-06
-7.80593e-06
-7.64334e-06
-7.46358e-06
-7.26817e-06
-7.05849e-06
-6.83579e-06
-6.60132e-06
-6.35624e-06
-6.10168e-06
-5.83873e-06
-5.56848e-06
-5.29191e-06
-5.00998e-06
-4.72364e-06
-4.43376e-06
-4.14135e-06
-3.84718e-06
-3.552e-06
-3.25656e-06
-2.96157e-06
-2.66771e-06
-2.37564e-06
-2.08595e-06
-1.79922e-06
-1.51982e-06
-1.16421e-06
-6.98784e-07
-1.22668e-07
5.45075e-07
1.32676e-06
2.21807e-06
3.22082e-06
6.58334e-06
1.05824e-05
1.45607e-05
1.82489e-05
2.15275e-05
2.43331e-05
2.68049e-05
2.81081e-05
2.80517e-05
2.68142e-05
2.4675e-05
2.21449e-05
1.96336e-05
1.72953e-05
1.514e-05
1.3174e-05
1.1428e-05
9.86145e-06
8.54952e-06
7.41304e-06
6.40601e-06
5.50161e-06
4.68594e-06
3.95358e-06
3.29317e-06
2.69298e-06
2.14397e-06
1.63863e-06
1.17037e-06
7.3327e-07
3.22024e-07
-6.77188e-08
-4.37671e-07
-7.88677e-07
-1.12142e-06
-1.43754e-06
-1.73786e-06
-2.02287e-06
-2.29292e-06
-2.54828e-06
-2.78923e-06
-3.01601e-06
-3.22886e-06
-3.42808e-06
-3.61355e-06
-3.78673e-06
-3.94783e-06
-4.09709e-06
-4.22409e-06
-4.34167e-06
-4.4399e-06
-4.51546e-06
-4.56794e-06
-4.60273e-06
-4.62233e-06
-4.62782e-06
-4.61942e-06
-4.59703e-06
-4.56042e-06
-4.51275e-06
-4.46546e-06
-4.41371e-06
-4.35077e-06
-4.29286e-06
-4.24409e-06
-4.20351e-06
-4.17167e-06
-4.13393e-06
-4.07905e-06
-4.00114e-06
-3.90546e-06
-3.79943e-06
-3.68656e-06
-3.5686e-06
-3.4465e-06
-3.32097e-06
-3.19246e-06
-3.06148e-06
-2.92842e-06
-2.79365e-06
-2.65755e-06
-2.52047e-06
-2.38275e-06
-2.24475e-06
-2.10673e-06
-1.96904e-06
-1.83194e-06
-1.69574e-06
-1.56068e-06
-1.42704e-06
-1.29505e-06
-1.16496e-06
-1.03697e-06
-9.11298e-07
-7.88135e-07
-6.67687e-07
-5.50106e-07
-4.35566e-07
-3.24217e-07
-2.16171e-07
-1.11584e-07
-1.05822e-08
8.67772e-08
1.80379e-07
2.7016e-07
3.56041e-07
4.37964e-07
5.1589e-07
5.89792e-07
6.59655e-07
7.25453e-07
7.87229e-07
8.4499e-07
8.98758e-07
9.48499e-07
9.94313e-07
1.03621e-06
1.07425e-06
1.10845e-06
1.13893e-06
1.16574e-06
1.18894e-06
1.2086e-06
1.22484e-06
1.23698e-06
1.24602e-06
1.25221e-06
1.25643e-06
1.26279e-06
1.26707e-06
1.26863e-06
1.26868e-06
1.26988e-06
1.31433e-06
1.40999e-06
1.55424e-06
1.74758e-06
2.01541e-06
2.24926e-06
2.43895e-06
2.59101e-06
2.71185e-06
2.80413e-06
2.86902e-06
2.90384e-06
2.90249e-06
2.85951e-06
2.79431e-06
2.71773e-06
2.63451e-06
2.54692e-06
2.45606e-06
2.36258e-06
2.26687e-06
2.16932e-06
2.07019e-06
1.96977e-06
1.86827e-06
1.76598e-06
1.66313e-06
1.55991e-06
1.4566e-06
1.35337e-06
1.25043e-06
1.14795e-06
1.04617e-06
9.45236e-07
8.45325e-07
7.46624e-07
6.49228e-07
5.53301e-07
4.59009e-07
3.66448e-07
2.75768e-07
1.87048e-07
1.00422e-07
1.59989e-08
-6.61736e-08
-1.45987e-07
-2.23381e-07
-2.98272e-07
-3.70618e-07
-4.40353e-07
-5.07426e-07
-5.86665e-07
-6.62033e-07
-7.3591e-07
-8.07635e-07
-8.75928e-07
-9.36883e-07
-9.90572e-07
-1.03937e-06
-1.08463e-06
-1.12691e-06
-1.16644e-06
-1.20332e-06
-1.23765e-06
-1.26942e-06
-1.29865e-06
-1.32538e-06
-1.34967e-06
-1.37155e-06
-1.39106e-06
-1.39496e-06
-1.37932e-06
-1.57129e-06
-1.80429e-06
-2.01282e-06
-2.17486e-06
-2.28587e-06
-2.34897e-06
-2.3719e-06
-2.39771e-06
-2.44949e-06
-2.5298e-06
-2.63138e-06
-2.73676e-06
-2.83102e-06
-2.91554e-06
-2.99319e-06
-3.06534e-06
-3.13347e-06
-3.19855e-06
-3.26128e-06
-3.32209e-06
-3.38122e-06
-3.43889e-06
-3.49533e-06
-3.55073e-06
-3.60532e-06
-3.6595e-06
-3.71206e-06
-3.7703e-06
-3.81591e-06
-3.8374e-06
-3.82817e-06
-3.78481e-06
-3.70409e-06
-3.58373e-06
-3.44568e-06
-3.29964e-06
-3.14997e-06
-2.99877e-06
-2.8471e-06
-2.69557e-06
-2.54461e-06
-2.39455e-06
-2.2457e-06
-2.0983e-06
-1.98537e-06
-1.89115e-06
-1.7984e-06
-1.69997e-06
-1.59885e-06
-1.50332e-06
-1.41395e-06
-1.33004e-06
-1.25002e-06
-1.17097e-06
-1.09076e-06
-1.00797e-06
-9.21857e-07
-8.31869e-07
-7.38207e-07
-6.40831e-07
-5.39803e-07
-4.35097e-07
-3.28992e-07
-2.2123e-07
-1.1294e-07
-5.84768e-09
9.92096e-08
1.96098e-07
3.57041e-07
5.81717e-07
8.61979e-07
1.19775e-06
1.58915e-06
2.01979e-06
2.41919e-06
2.75966e-06
3.03218e-06
3.23302e-06
3.37171e-06
3.45746e-06
3.50145e-06
3.52798e-06
3.54686e-06
3.55624e-06
3.55547e-06
3.54473e-06
3.5247e-06
3.49638e-06
3.461e-06
3.42e-06
3.36889e-06
3.3031e-06
3.22038e-06
3.1228e-06
3.01154e-06
2.88754e-06
2.75165e-06
2.60467e-06
2.44758e-06
2.28115e-06
2.10853e-06
1.96074e-06
1.82873e-06
1.71076e-06
1.6037e-06
1.50106e-06
1.40014e-06
1.2999e-06
1.20004e-06
1.10055e-06
1.00152e-06
9.03116e-07
8.05544e-07
7.08954e-07
6.13515e-07
5.19394e-07
3.94142e-07
2.65308e-07
1.34794e-07
1.52996e-08
-1.08735e-07
-2.38405e-07
-3.71018e-07
-5.03664e-07
-6.33958e-07
-7.60251e-07
-8.81354e-07
-9.96491e-07
-1.10503e-06
-1.2059e-06
-1.29903e-06
-1.38455e-06
-1.46234e-06
-1.52601e-06
-1.57752e-06
-1.62143e-06
-1.65943e-06
-1.68639e-06
-1.7563e-06
-1.89091e-06
-2.08976e-06
-2.34474e-06
-2.60247e-06
-2.83668e-06
-3.03958e-06
-3.21037e-06
-3.34474e-06
-3.43727e-06
-3.483e-06
-3.48118e-06
-3.453e-06
-3.4107e-06
-3.36171e-06
-3.30718e-06
-3.24757e-06
-3.18324e-06
-3.11446e-06
-3.04155e-06
-2.96471e-06
-2.88423e-06
-2.80036e-06
-2.71331e-06
-2.62331e-06
-2.53058e-06
-2.4353e-06
-2.33769e-06
-2.23793e-06
-2.13618e-06
-2.03258e-06
-1.9273e-06
-1.82047e-06
-1.71221e-06
-1.60259e-06
-1.49173e-06
-1.37964e-06
-1.26533e-06
-1.14664e-06
-1.03117e-06
-9.21935e-07
-8.20395e-07
-7.27266e-07
-6.39578e-07
-5.62945e-07
-4.96364e-07
-4.39333e-07
-3.91694e-07
-3.52584e-07
-3.21488e-07
-2.95756e-07
-2.74436e-07
-2.57141e-07
-2.42903e-07
-2.66192e-07
-3.06224e-07
-3.47147e-07
-3.82723e-07
-4.10569e-07
-4.29787e-07
-4.40067e-07
-4.44882e-07
-4.46202e-07
-4.43785e-07
-4.37033e-07
-4.25249e-07
-4.07968e-07
-3.88223e-07
-3.64617e-07
-3.35717e-07
-2.34711e-07
-6.04653e-08
1.7375e-07
4.65649e-07
8.1155e-07
1.19639e-06
1.53955e-06
1.82839e-06
2.06636e-06
2.25878e-06
2.40915e-06
2.51897e-06
2.58834e-06
2.61682e-06
2.60753e-06
2.58557e-06
2.56088e-06
2.53324e-06
2.50233e-06
2.46827e-06
2.43126e-06
2.39155e-06
2.34936e-06
2.30498e-06
2.25866e-06
2.21064e-06
2.16117e-06
2.11047e-06
2.05876e-06
2.00637e-06
1.95374e-06
1.90141e-06
1.84911e-06
1.79726e-06
1.74661e-06
1.6982e-06
1.65538e-06
1.60784e-06
1.55274e-06
1.48914e-06
1.41687e-06
1.33622e-06
1.24755e-06
1.15138e-06
1.04899e-06
9.40953e-07
8.28026e-07
7.10669e-07
5.89244e-07
4.64021e-07
2.98573e-07
1.49818e-07
8.88735e-09
-1.33085e-07
-2.76342e-07
-4.19057e-07
-5.59184e-07
-6.9513e-07
-8.25738e-07
-9.50186e-07
-1.06778e-06
-1.17805e-06
-1.28056e-06
-1.37484e-06
-1.46009e-06
-1.53554e-06
-1.59704e-06
-1.65037e-06
-1.69812e-06
-1.7406e-06
-1.83915e-06
-2.01019e-06
-2.25131e-06
-2.55367e-06
-2.86815e-06
-3.15808e-06
-3.40981e-06
-3.61996e-06
-3.78424e-06
-3.89764e-06
-3.95566e-06
-3.95833e-06
-3.93345e-06
-3.89323e-06
-3.84313e-06
-3.78563e-06
-3.72203e-06
-3.653e-06
-3.57905e-06
-3.50037e-06
-3.41703e-06
-3.3289e-06
-3.23559e-06
-3.13526e-06
-3.02711e-06
-2.91086e-06
-2.78634e-06
-2.6534e-06
-2.51166e-06
-2.36042e-06
-2.19482e-06
-2.02799e-06
-1.86509e-06
-1.70851e-06
-1.55953e-06
-1.41971e-06
-1.2891e-06
-1.16789e-06
-1.06419e-06
-9.77651e-07
-9.00786e-07
-8.30653e-07
-7.66295e-07
-7.0755e-07
-6.5466e-07
-6.07965e-07
-5.6791e-07
-5.3711e-07
-5.1683e-07
-5.51404e-07
-6.2919e-07
-6.92877e-07
-7.58368e-07
-8.28192e-07
-9.00234e-07
-9.71751e-07
-1.04056e-06
-1.10498e-06
-1.16387e-06
-1.21648e-06
-1.26218e-06
-1.30039e-06
-1.33093e-06
-1.3537e-06
-1.36855e-06
-1.37535e-06
-1.37395e-06
-1.36312e-06
-1.34355e-06
-1.31774e-06
-1.21785e-06
-1.03953e-06
-7.90099e-07
-4.65116e-07
-6.99075e-08
3.79247e-07
8.04299e-07
1.18052e-06
1.49913e-06
1.77168e-06
2.00909e-06
2.216e-06
2.39373e-06
2.54196e-06
2.65983e-06
2.73187e-06
2.75721e-06
2.75803e-06
2.74676e-06
