0
0.000252095
0.000247785
0.000195428
0.000154283
-0.000194588
-0.000946474
-0.00145618
-0.00224833
-0.0025827
-0.00301538
-0.00322355
-0.0033596
-0.00348868
-0.00362983
-0.00379146
-0.00397243
-0.00417214
-0.00439032
-0.00462686
-0.0048817
-0.00515479
-0.00544606
-0.00575543
-0.00608267
-0.00642769
-0.00679
-0.00716965
-0.00756597
-0.00797906
-0.00840695
-0.00885099
-0.00931096
-0.00978648
-0.010277
-0.0107819
-0.0112996
-0.0118067
-0.0122971
-0.0127748
-0.0132597
-0.0137508
-0.0142469
-0.0147468
-0.0152499
-0.0157558
-0.0162633
-0.016771
-0.017278
-0.0177832
-0.0182855
-0.0187838
-0.0192774
-0.0197652
-0.0202463
-0.0207199
-0.021195
-0.0216727
-0.0221524
-0.0226132
-0.0230522
-0.0234693
-0.0238642
-0.0242369
-0.0245872
-0.0249213
-0.0252392
-0.0255411
-0.0258267
-0.0260954
-0.0263466
-0.0260995
-0.0259537
-0.0258509
-0.025758
-0.0256992
-0.0256289
-0.0255421
-0.0254358
-0.0253086
-0.0251594
-0.0249878
-0.0247934
-0.0245757
-0.0243347
-0.0240699
-0.0237812
-0.0234682
-0.0231391
-0.0227877
-0.022415
-0.0220222
-0.0216116
-0.0211826
-0.020735
-0.0202683
-0.0197819
-0.0192756
-0.0187487
-0.0182005
-0.0176305
-0.0170378
-0.0164215
-0.0157805
-0.0151117
-0.0144181
-0.0136998
-0.0129562
-0.0121865
-0.0114112
-0.0105614
-0.00966998
-0.00873991
-0.00777042
-0.00676061
-0.00570944
-0.00461579
-0.00347847
-0.00229624
-0.00106781
0.000208164
0.00120895
0.00216213
0.0030725
0.00391789
0.00468537
0.00536711
0.00595815
0.00645511
0.00685551
0.00715748
0.00734918
0.00743864
0.00742404
0.00730364
0.00707569
0.00673844
0.0062925
0.00588902
0.0055159
0.00517027
0.00477096
0.00433209
0.00383518
0.00329729
0.00271819
0.00209685
0.00143063
0.000717438
-4.30153e-05
-0.000837708
-0.00166698
-0.00253016
-0.00342622
-0.00436533
-0.00535098
-0.0063833
-0.00742329
-0.00851996
-0.00967114
-0.0108639
-0.0120982
-0.0133747
-0.0146944
-0.0160584
-0.0174679
-0.018924
-0.0204282
-0.0219801
-0.0235787
-0.025225
-0.0269204
-0.0286664
-0.0304642
-0.0323153
-0.034221
-0.0361826
-0.0382014
-0.040279
-0.0424167
-0.0446161
-0.0468786
-0.0492061
-0.0516002
-0.0538486
-0.0560238
-0.0581392
-0.0601958
-0.0621961
-0.0641427
-0.0660382
-0.0678826
-0.0696922
-0.0714575
-0.0731734
-0.0748367
-0.0764459
-0.0779995
-0.0794967
-0.0809371
-0.0823197
-0.083643
-0.0849071
-0.0861107
-0.0872531
-0.0883335
-0.0893512
-0.0903055
-0.0911957
-0.0920213
-0.0927816
-0.0934676
-0.0940704
-0.0945996
-0.0950584
-0.0954497
-0.0957557
-0.0960187
-0.0962196
-0.0963591
-0.0964374
-0.0964546
-0.0964111
-0.0963067
-0.0961415
-0.0959155
-0.0956285
-0.0952804
-0.094871
-0.0943999
-0.093923
-0.0933495
-0.0927225
-0.0920434
-0.0913082
-0.0905187
-0.0896735
-0.0887716
-0.087815
-0.0868039
-0.0857376
-0.0846155
-0.0834368
-0.0822005
-0.0809057
-0.0795517
-0.0781376
-0.0766624
-0.0751252
-0.0735249
-0.0718605
-0.0701306
-0.0683342
-0.0664696
-0.0645356
-0.0625304
-0.0604523
-0.0582993
-0.0560694
-0.0537606
-0.0513712
-0.0488982
-0.0463252
-0.0436504
-0.0408872
-0.0380399
-0.0351022
-0.0320746
-0.0289638
-0.025769
-0.0225746
-0.0192589
-0.0158845
-0.0124506
-0.00895529
-0.00539679
-0.0017728
0.00191959
0.00568902
0.00920696
0.0125982
0.015875
0.0190351
0.0220905
0.0250431
0.0278932
0.0306245
0.0331144
0.0355002
0.0377825
0.039966
0.0420475
0.0440285
0.0459104
0.0476985
0.0493949
0.0510009
0.052514
0.0539354
0.0552661
0.0565071
0.0576596
0.0587243
0.0597022
0.060594
0.0614006
0.0621224
0.0627603
0.0633147
0.0637861
0.064175
0.0644819
0.064707
0.0648506
0.0649129
0.0648941
0.0647944
0.0646141
0.0643531
0.0640114
0.063589
0.0630856
0.062501
0.0618345
0.0610857
0.0602537
0.0593377
0.0583367
0.0572497
0.0561561
0.0549117
0.053592
0.0521834
0.050694
0.0491289
0.047491
0.045782
0.0440032
0.0421552
0.0402384
0.0382531
0.0361993
0.0340769
0.0318861
0.0296266
0.0272983
0.0249007
0.0224335
0.0198962
0.0172883
0.0146092
0.0118313
0.00896143
0.00602119
0.00308711
2.88483e-05
-0.00310045
-0.00617298
-0.00911878
-0.01206
-0.0149729
-0.0178592
-0.02072
-0.023552
-0.026262
-0.0288737
-0.0314839
-0.0339937
-0.0364055
-0.0387211
-0.0409419
-0.0430691
-0.0450744
-0.0469913
-0.0488196
-0.0505778
-0.0522404
-0.0538084
-0.0552832
-0.0566658
-0.058041
-0.0591864
-0.0601974
-0.0611153
-0.0619408
-0.0626754
-0.0633207
-0.0638782
-0.0643495
-0.0647361
-0.065042
-0.0652661
-0.0654071
-0.0654653
-0.0654401
-0.0653308
-0.065137
-0.0648581
-0.0644932
-0.0640418
-0.0635029
-0.0628774
-0.0621506
-0.061331
-0.0604237
-0.0594321
-0.0583585
-0.057211
-0.0559908
-0.0546986
-0.0533352
-0.051908
-0.0504176
-0.0488645
-0.0472489
-0.0455714
-0.043832
-0.0420311
-0.0401685
-0.0382445
-0.0362589
-0.0342131
-0.0321171
-0.0299772
-0.0278581
-0.0256566
-0.0234123
-0.0211236
-0.0188976
-0.0167098
-0.0145525
-0.0124337
-0.0103571
-0.00832337
-0.0064904
-0.00467588
-0.00290141
-0.00116705
0.000525864
0.00217884
0.00379291
0.00536744
0.0068946
0.00837523
0.00984597
0.0111576
0.0123199
0.0133642
0.0142933
0.0151086
0.0158093
0.0163902
0.0168248
0.0171509
0.017369
0.01748
0.0174844
0.0173827
0.0171756
0.016863
0.0164449
0.0159211
0.0152981
0.0145803
0.0137672
0.0128584
0.0118528
0.0107497
0.00954767
0.00824557
0.00684192
0.00533719
0.00371559
0.00198413
0.000147508
-0.00179288
-0.00376862
-0.00561321
-0.00735495
-0.00899237
-0.0105248
-0.0119555
-0.0132826
-0.0145051
-0.0156218
-0.016632
-0.0175349
-0.0184321
-0.0192654
-0.0200669
-0.0208359
-0.0215688
-0.0222665
-0.0229333
-0.0235706
-0.0241695
-0.0247197
-0.0252422
-0.0257343
-0.0261918
-0.0266147
-0.027003
-0.0273567
-0.027676
-0.0279608
-0.0282112
-0.0284273
-0.0286093
-0.0287571
-0.0288708
-0.0289507
-0.0289966
-0.0290089
-0.0289874
-0.0289324
-0.0288438
-0.0287219
-0.0285666
-0.028378
-0.0281562
-0.0279015
-0.0276141
-0.0272939
-0.0269411
-0.0265558
-0.0261384
-0.0256893
-0.0252089
-0.0246976
-0.0241557
-0.0235836
-0.0229814
-0.0223493
-0.0216872
-0.0209945
-0.0202709
-0.0195155
-0.0187276
-0.0179061
-0.0170498
-0.0161575
-0.0152301
-0.0142612
-0.0132557
-0.0122167
-0.0111464
-0.0100465
-0.00891833
-0.00776293
-0.00658122
-0.00537394
-0.00414182
-0.00288472
-0.00160183
-0.000296053
0.0010321
0.00231203
0.00347401
0.00452252
0.00545673
0.00627608
0.00698969
0.00755907
0.00799829
0.00831104
0.00862247
0.00898439
0.0092294
0.00945409
0.00965821
0.00984215
0.0100052
0.0101394
0.0102449
0.010323
0.0103689
0.0103823
0.0103631
0.0103114
0.0102271
0.0101102
0.0099607
0.00977844
0.00956333
0.00931526
0.00903407
0.00871957
0.00837158
0.00798986
0.00757417
0.00712433
0.00664014
0.00612121
0.00556722
0.00498094
0.00436389
0.00371666
0.00303969
0.00233335
0.001598
0.000833925
4.13181e-05
-0.000779774
-0.0016295
-0.00250821
-0.00341643
-0.00435485
-0.00532437
-0.00632602
-0.00736096
-0.00843039
-0.00953352
-0.0104958
-0.0114271
-0.0123186
-0.0131613
-0.0139495
-0.0146793
-0.0153477
-0.0159521
-0.0164907
-0.0169614
-0.0173623
-0.0176914
-0.0179468
-0.0181266
-0.0182287
-0.018251
-0.0181913
-0.0180471
-0.0178149
-0.0177166
-0.017681
-0.0176232
-0.0175335
-0.0173722
-0.0171615
-0.0169115
-0.0166219
-0.0162906
-0.0159259
-0.0155293
-0.0151525
-0.0147176
-0.014246
-0.0137329
-0.013179
-0.0125842
-0.0119481
-0.0112704
-0.0105505
-0.00978809
-0.00898247
-0.00813307
-0.00723928
-0.00630044
-0.00531589
-0.00428498
-0.00320722
-0.00212209
-0.00095994
0.000241394
0.00148336
0.00276711
0.00409366
0.00546423
0.00688008
0.0083391
0.00984231
0.0113907
0.0129853
0.0146273
0.0163177
0.018058
0.0198495
0.0216939
0.0235926
0.0253334
0.0269492
0.0284809
0.0299275
0.0313823
0.0327391
0.0340513
0.0353065
0.0364966
0.0376181
0.0386705
0.0396581
0.0405795
0.0414331
0.0422245
0.0429522
0.0436151
0.0442118
0.0447414
0.0452025
0.0455906
0.0459029
0.0461377
0.0462936
0.0463757
0.0463735
0.0462936
0.0461316
0.0458878
0.0455344
0.0450472
0.0444849
0.0438733
0.0431564
0.0423611
0.0414874
0.0405338
0.0394959
0.0383722
0.0371618
0.0358641
0.0344782
0.0330032
0.0314382
0.0297823
0.0280348
0.0262808
0.0244114
0.0224878
0.0205081
0.0184699
0.0163709
0.0142084
0.0119789
0.00971897
0.00742852
0.00513095
0.00280655
0.000457241
-0.00191909
-0.00432386
-0.00675792
-0.00922295
-0.0117207
-0.014253
-0.0168216
-0.0194286
-0.0220761
-0.0247663
-0.0275016
-0.0302842
-0.0331168
-0.0357183
-0.0382112
-0.0406242
-0.0430075
-0.0453473
-0.0476273
-0.049839
-0.0519778
-0.054041
-0.056027
-0.0579349
-0.0597643
-0.0615145
-0.0631853
-0.0647762
-0.0662858
-0.0677138
-0.0690601
-0.0703245
-0.0715057
-0.0726031
-0.073616
-0.0745565
-0.0754144
-0.0761999
-0.0769127
-0.0775277
-0.0779888
-0.0783765
-0.0786905
-0.0789318
-0.0791012
-0.0791994
-0.0792266
-0.0791794
-0.0790607
-0.0788705
-0.0786082
-0.0782735
-0.0778659
-0.0773849
-0.0768297
-0.0761999
-0.0754947
-0.0747133
-0.0738549
-0.0729187
-0.0719037
-0.070809
-0.0696335
-0.068376
-0.0670356
-0.065611
-0.0641007
-0.0625036
-0.060818
-0.0590424
-0.0571754
-0.055215
-0.0531601
-0.0510097
-0.0487687
-0.0464413
-0.0440257
-0.0415199
-0.039007
-0.0363622
-0.0336474
-0.0308596
-0.0279957
-0.0250524
-0.0220257
-0.0189115
-0.0156953
-0.0123804
-0.00906095
-0.00606279
-0.00319372
-0.000429327
0.00222816
0.00477755
0.00721839
0.00955052
0.0117786
0.0139023
0.0159192
0.0178283
0.019629
0.021321
0.0229041
0.0243778
0.0257411
0.0269986
0.0281386
0.02917
0.0300959
0.0309297
0.0316692
0.0322246
0.0326925
0.0330812
0.0333925
0.0336274
0.0337865
0.0338704
0.0338792
0.0338127
0.0336659
0.0334364
0.0331167
0.0327075
0.0322095
0.0316224
0.0309458
0.0301791
0.0293216
0.0283724
0.0273304
0.0261948
0.0249644
0.0236379
0.0222143
0.0206927
0.019072
0.017351
0.0155287
0.0136039
0.0115758
0.00944538
0.00727937
0.00508276
0.00285398
0.000591423
-0.0017066
-0.00404189
-0.00641635
-0.0088318
-0.0112907
-0.0137953
-0.0163478
-0.0189507
-0.0216063
-0.0239856
-0.0262902
-0.0285487
-0.0307438
-0.0328628
-0.0348985
-0.036847
-0.0387058
-0.0404735
-0.0421493
-0.0437323
-0.0452219
-0.0466174
-0.0479181
-0.0491234
-0.0502327
-0.0512448
-0.0521582
-0.0529798
-0.0537182
-0.0543844
-0.0549696
-0.0554742
-0.0558948
-0.056206
-0.0563815
-0.056477
-0.0564914
-0.0564253
-0.0562792
-0.0560535
-0.055748
-0.055359
-0.0548857
-0.0543273
-0.0536833
-0.0529529
-0.0521352
-0.0512295
-0.0502351
-0.0491511
-0.0479768
-0.0467112
-0.0453533
-0.0439022
-0.0423569
-0.0407164
-0.0389795
-0.0371452
-0.0352126
-0.033185
-0.0310468
-0.0288122
-0.0264787
-0.0240424
-0.0215701
-0.0190649
-0.0165253
-0.0139515
-0.0113408
-0.00868968
-0.00599624
-0.00325838
-0.000473938
0.00235937
0.00524393
0.00818224
0.0111665
0.014198
0.0170002
0.0196629
0.0222849
0.0248697
0.0273976
0.0298575
0.0322434
0.0345521
0.0367818
0.0389315
0.0410009
0.0429894
0.0448967
0.0467224
0.048466
0.0501273
0.0517059
0.0532015
0.0546138
0.0559419
0.0571852
0.0583379
0.0593909
0.0603554
0.0612355
0.062033
0.0627468
0.0633296
0.0638397
0.0642735
0.0646328
0.0649192
0.0651335
0.0652761
0.0653476
0.0653483
0.065276
0.0651308
0.0649098
0.0646127
