0.099997
0.0925052
0.0842448
0.0788074
0.0788494
0.0766623
0.0741682
0.0741943
0.072082
0.072082
0.0709961
0.070976
0.0709613
0.070954
0.0709486
0.0709445
0.0709412
0.0709384
0.070936
0.0709339
0.0709321
0.0709305
0.0709292
0.070928
0.070927
0.0709261
0.0709254
0.0709247
0.0709242
0.0709237
0.0709249
0.0709259
0.0709269
0.0709278
0.0709285
0.0709292
0.0709299
0.0709301
0.0709303
0.0709306
0.0709308
0.070931
0.0709313
0.0709315
0.0709316
0.0709318
0.070932
0.0709321
0.0709323
0.0709324
0.0709326
0.0709327
0.0709328
0.0709329
0.070933
0.0709331
0.0709331
0.0709332
0.0709332
0.0709332
0.0709333
0.0709333
0.0709334
0.0709334
0.0709335
0.0709334
0.0709334
0.0709334
0.0709334
0.0709334
-0.0800459
-0.0800347
-0.0800099
-0.0799736
-0.0799265
-0.079975
-0.0800197
-0.0800615
-0.0801012
-0.0801391
-0.0801755
-0.0802106
-0.0802445
-0.0802775
-0.0803095
-0.0803407
-0.0803712
-0.080401
-0.080442
-0.0804796
-0.0805168
-0.0805537
-0.0805901
-0.0806262
-0.0806621
-0.0806976
-0.0807331
-0.0807683
-0.0808034
-0.0808385
-0.0808736
-0.0809087
-0.0809439
-0.0809792
-0.0810153
-0.0810503
-0.0810854
-0.0811206
-0.081156
-0.0812044
-0.0812187
-0.0812275
-0.0812363
-0.0812452
-0.0812542
-0.0812633
-0.0812726
-0.081282
-0.0812916
-0.0813012
-0.081311
-0.0812725
-0.0812659
-0.0812659
-0.0812695
-0.0812751
-0.0812817
-0.081289
-0.0812965
-0.081304
-0.0813112
-0.0813174
-0.0813236
-0.0813297
-0.0813356
-0.0813411
-0.081346
-0.08135
-0.0813511
-0.0813511
0.0696567
0.0695653
0.0695371
0.0694995
0.0694522
0.0693957
0.0693304
0.0692566
0.0691743
0.0690882
0.0690092
0.0689373
0.0688728
0.0688157
0.0687608
0.0687061
0.0686506
0.0686281
0.0686273
0.0686266
0.0686258
0.0686248
0.0686237
0.0686224
0.068621
0.0686194
0.0686177
0.0686158
0.0686137
0.0686113
0.0686087
0.0686057
0.0686024
0.0685988
0.0685949
0.0685906
0.0685859
0.0685808
0.0685753
0.0685693
0.0685628
0.0685559
0.0685483
0.0685403
0.0684382
0.0683174
0.0681819
0.0680339
0.0678739
0.0677023
0.0675211
0.0673302
0.067215
0.0671431
0.0670957
0.0670628
0.0670384
0.0670194
0.0670039
0.0669905
0.0669788
0.0669686
0.0669598
0.0669539
0.0669491
0.0669454
0.0669428
0.0669413
0.0669409
0.0669414
-0.0824808
-0.0824723
-0.0824543
-0.082427
-0.0823919
-0.0823558
-0.0822752
-0.0822486
-0.0822238
-0.0822004
-0.0821784
-0.0821576
-0.0821379
-0.0821192
-0.0821014
-0.0820844
-0.0820682
-0.0820528
-0.0820378
-0.0820232
-0.0820258
-0.0820237
-0.0820275
-0.08203
-0.0820257
-0.08202
-0.0820141
-0.082008
-0.0820018
-0.0819956
-0.0819892
-0.0819827
-0.0819761
-0.0819694
-0.0819626
-0.0819558
-0.0819487
-0.0819416
-0.0819344
-0.0819271
-0.0819196
-0.0819118
-0.0819038
-0.0818956
-0.0818871
-0.0818785
-0.0818696
-0.0818606
-0.0818515
-0.0818422
-0.0818342
-0.0818262
-0.081818
-0.0818099
-0.0818024
-0.0817957
-0.0817904
-0.0817826
-0.0817748
-0.0817671
-0.0817566
-0.0817526
-0.0817486
-0.0817446
-0.0817407
-0.0817369
-0.0817332
-0.0817297
-0.0817264
-0.0817235
0.0692094
0.0692579
0.0693512
0.0694853
0.0696534
0.0698511
0.0700453
0.0699407
0.0698508
0.0697729
0.0697142
0.0696625
0.0696173
0.0695786
0.069555
0.0695474
0.0695545
0.0695615
0.0695685
0.0695755
0.0695823
0.069589
0.0695955
0.0696019
0.0696081
0.069614
0.0696197
0.0696252
0.0696304
0.0696353
0.06964
0.0696443
0.0696483
0.069652
0.0696554
0.0696584
0.0696611
0.0696634
0.0696654
0.069667
0.0696681
0.0696688
0.0696691
0.0696689
0.0696683
0.0696674
0.0696661
0.0696645
0.069663
0.0696799
0.0696775
0.0696751
0.0696723
0.0696692
0.0696657
0.069662
0.0696579
0.0696535
0.0696487
0.0696436
0.0696382
0.0696324
0.0696262
0.0696197
0.0696128
0.0696057
0.0695982
0.0695904
0.0695824
0.0695741
-0.0808113
-0.0808374
-0.0809072
-0.0810187
-0.0811583
-0.0813312
-0.0815262
-0.0817228
-0.0817715
-0.0818981
-0.0820371
-0.0821886
-0.0823522
-0.082522
-0.08251
-0.0823416
-0.0825107
-0.0826665
-0.0828158
-0.0829597
-0.0830991
-0.0832342
-0.0832964
-0.0833619
-0.083429
-0.0835655
-0.0837017
-0.0838375
-0.0839733
-0.0841093
-0.0842637
-0.084299
-0.0842429
-0.0841903
-0.0841407
-0.0840947
-0.0840535
-0.0840186
-0.0839912
-0.0839731
-0.0839725
-0.0839785
-0.0839831
-0.0839872
-0.0839912
-0.0839949
-0.0839984
-0.0840017
-0.0840047
-0.0840075
-0.08401
-0.0840122
-0.0840141
-0.0840155
-0.0840165
-0.0840171
-0.0840172
-0.0840169
-0.0840162
-0.084015
-0.0840134
-0.0840114
-0.0840089
-0.0840059
-0.0840025
-0.0839986
-0.0839943
-0.0839895
-0.0839842
-0.0839784
0.0698202
0.0697915
0.0697593
0.0697373
0.0697248
0.0697075
0.0696822
0.0696438
0.0698594
0.0699957
0.0701362
0.0702822
0.0704353
0.0705986
0.0704545
0.0703561
0.0702386
0.0701163
0.0699915
0.0698686
0.0697473
0.0696247
0.0695006
0.069373
0.069276
0.0694076
0.0695085
0.0696063
0.0697018
0.0697953
0.0698822
0.0699498
0.0699351
0.0699235
0.0699146
0.0699082
0.069904
0.0699018
0.0699011
0.0699015
0.0699018
0.0699019
0.0699019
0.0699019
0.0699017
0.0699015
0.0699011
0.0699007
0.0699001
0.0698995
0.0698988
0.0698981
0.0698982
0.0698975
0.0698967
0.0698959
0.0698948
0.0698952
0.0698956
0.0698964
0.0698976
0.0698985
0.0698993
0.0699
0.0699007
0.0699014
0.0699022
0.069887
0.0698875
0.0698881
-0.0804941
-0.0805009
-0.0805189
-0.0805459
-0.0805814
-0.0806072
-0.0805945
-0.0805911
-0.0805911
-0.0805911
-0.0805911
-0.0805911
-0.0805911
-0.0805912
-0.0805912
-0.0805912
-0.0805912
-0.0805913
-0.0805913
-0.0805913
-0.0805913
-0.0805914
-0.0805914
-0.0805914
-0.0805914
-0.0805915
-0.0805915
-0.0805915
-0.0805915
-0.0805916
-0.0805916
-0.0805916
-0.0805916
-0.0805917
-0.0805917
-0.0805917
-0.0805917
-0.0805917
-0.0805918
-0.0805918
-0.0805918
-0.0805918
-0.0805918
-0.0805918
-0.0805918
-0.0805918
-0.0805918
-0.0805918
-0.0805918
-0.0805918
-0.0805918
-0.0805918
-0.0805917
-0.0805917
-0.0805917
-0.0805916
-0.0805915
-0.0805914
-0.0805913
-0.0805912
-0.0805911
-0.0805909
-0.0805907
-0.0805904
-0.0805902
-0.08059
-0.0805897
-0.0805888
-0.0805878
-0.080587
0.0691605
0.069194
0.0691736
0.0691086
0.0690121
0.0689529
0.0690876
0.0690073
0.068937
0.0688758
0.0688235
0.0687801
0.0687478
0.0687298
0.0687284
0.0687285
0.0687285
0.0687286
0.0687287
0.0687287
0.0687288
0.0687288
0.0687289
0.0687289
0.0687289
0.0687289
0.068729
0.068729
0.068729
0.0687289
0.0687289
0.0687289
0.0687288
0.0687288
0.0687287
0.0687287
0.0687286
0.0687285
0.0687284
0.0687283
0.0687282
0.0687281
0.068728
0.0687278
0.0687277
0.0687275
0.0687274
0.0687272
0.068727
0.0687269
0.0687267
0.0687265
0.0687145
0.0687105
0.0687091
0.0687091
0.0687098
0.0687111
0.0687127
0.0687146
0.0687165
0.0687186
0.0687207
0.0687229
0.0687251
0.0687272
0.0687292
0.0687311
0.0687329
0.0687343
-0.0825283
-0.0825081
-0.0824928
-0.0825577
-0.0826244
-0.0825977
-0.0825301
-0.082448
-0.0823545
-0.0822511
-0.082146
-0.0820448
-0.0821129
-0.0821341
-0.0821588
-0.0821848
-0.0822103
-0.0822352
-0.0822596
-0.0822834
-0.0823068
-0.0823297
-0.0823522
-0.0823743
-0.0823962
-0.0824179
-0.0824396
-0.0824614
-0.0824838
-0.0825236
-0.082522
-0.0825204
-0.0825186
-0.0825167
-0.0825146
-0.0825125
-0.0825103
-0.0825079
-0.0825054
-0.0825026
-0.0824997
-0.0824966
-0.0824933
-0.0824897
-0.0824859
-0.0824819
-0.0824776
-0.0823914
-0.0822903
-0.0821902
-0.0820915
-0.082009
-0.0819394
-0.0819003
-0.0818793
-0.0818692
-0.0818656
-0.081866
-0.0818689
-0.0818734
-0.0818791
-0.0818857
-0.081893
-0.0819009
-0.0819092
-0.0819182
-0.0819275
-0.0819373
-0.0819474
-0.0819579
0.0683249
0.0683406
0.0683693
0.0684057
0.0684475
0.0684927
0.0684795
0.0683475
0.0682438
0.0682316
0.0681796
0.0681464
0.068129
0.0681233
0.0681176
0.0681119
0.0681069
0.0681027
0.0680994
0.0680971
0.0680961
0.0680967
0.0680997
0.0681188
0.0680979
0.0680756
0.0680525
0.068029
0.0680049
0.0679805
0.0679558
0.067932
0.067907
0.067897
0.0678962
0.067895
0.0678934
0.0678914
0.0678889
0.067886
0.0678826
0.0678787
0.0678743
0.0678695
0.0678641
0.0678582
0.0678518
0.0678448
0.0678372
0.0677552
0.0676542
0.0675402
0.067463
0.0674101
0.0673715
0.0673414
0.0673166
0.0672952
0.0672762
0.0672591
0.0672433
0.0672288
0.0672154
0.0672025
0.0671906
0.0671796
0.0671704
0.067161
0.0671524
0.0671446
-0.0825628
-0.0826074
-0.0826863
-0.0827912
-0.0829185
-0.0830214
-0.0829474
-0.082883
-0.0828275
-0.082783
-0.0827517
-0.0827352
-0.0827328
-0.082731
-0.082729
-0.0827258
-0.0827224
-0.0827186
-0.0827147
-0.0827105
-0.0827061
-0.0827014
-0.0826965
-0.0826914
-0.0826861
-0.0826806
-0.0826749
-0.082669
-0.0826629
-0.0826566
-0.0826502
-0.0826436
-0.0826369
-0.0826301
-0.0826232
-0.0826162
-0.0826092
-0.0826021
-0.0825951
-0.0825882
-0.0825807
-0.0825733
-0.0825661
-0.082559
-0.0825662
-0.0825624
-0.0825588
-0.0825553
-0.0825521
-0.0825486
-0.0825452
-0.0825421
-0.0825391
-0.0825363
-0.0825467
-0.0825432
-0.0825393
-0.0825359
-0.0825327
-0.0825294
-0.0825259
-0.0825221
-0.0825175
-0.0825126
-0.0825073
-0.082502
-0.0824967
-0.0824916
-0.0824871
-0.082483
0.0681397
0.0681683
0.068215
0.0682739
0.0683432
0.0684213
0.0685044
0.0683813
0.0682774
0.06819
0.0681177
0.0680601
0.068017
0.0679885
0.0679746
0.0679736
0.0679725
0.0679712
0.0679698
0.0679682
0.0679665
0.0679647
0.0679627
0.0679606
0.0679585
0.0679562
0.0679538
0.0679514
0.0679489
0.0679464
0.0679439
0.0679414
0.067939
0.0679365
0.0679342
0.0679322
0.0679304
0.06793
0.0679265
0.0679226
0.0679185
0.0679141
0.0679095
0.0679047
0.0678997
0.0678951
0.0678903
0.0678852
0.0678799
0.0678745
0.0678689
0.067811
0.0677718
0.0677447
0.0677247
0.0677091
0.0676964
0.0676857
0.0676764
0.0676684
0.0676613
0.0676552
0.06765
0.0676456
0.067642
0.0676392
0.0676371
0.0676363
0.0676362
0.0676369
-0.0827524
-0.0827851
-0.0828415
-0.0829143
-0.0830005
-0.0830421
-0.0829666
-0.0829016
-0.0828464
-0.0828027
-0.0827719
-0.0827555
-0.0827526
-0.0827495
-0.0827463
-0.082743
-0.0827395
-0.0827359
-0.0827322
-0.0827284
-0.0827245
-0.0827205
-0.0827165
-0.0827124
-0.0827083
-0.0827043
-0.0827004
-0.0826967
-0.0826934
-0.0826907
-0.0826889
-0.0826926
-0.0826819
-0.0826711
-0.0826603
-0.0826495
-0.0826389
-0.0826278
-0.0826161
-0.0826088
-0.0826041
-0.0825989
-0.0825932
-0.082587
-0.0825803
-0.0825731
-0.0825653
-0.0825571
-0.0825479
-0.0825382
-0.0824686
-0.0823762
-0.0823086
-0.0822618
-0.0822271
-0.0821996
-0.0821767
-0.0821568
-0.0821389
-0.0821226
-0.0821075
-0.0820934
-0.0820804
-0.0820682
-0.0820569
-0.0820463
-0.0820366
-0.0820275
-0.0820191
-0.0820114
0.0678852
0.0678948
0.0679074
0.0679208
0.0679346
0.0679488
0.0679624
0.0678612
0.0677832
0.0677183
0.067662
0.0676122
0.0675688
0.0675316
0.0675006
0.067476
0.0674632
0.0674606
0.0674578
0.0674546
