-0.099997
-0.095172
-0.0883892
-0.0836495
-0.0836033
-0.0835409
-0.0834567
-0.0817444
-0.0816479
-0.0810283
-0.0809748
-0.0807577
-0.0807396
-0.0807192
-0.0806979
-0.0806768
-0.0806566
-0.0806374
-0.0806194
-0.0806026
-0.0805869
-0.0805723
-0.0805587
-0.080546
-0.0804594
-0.0804483
-0.0802362
-0.0802265
-0.0800486
-0.0800401
-0.0800324
-0.0800253
-0.0800187
-0.0800126
-0.080007
-0.0800017
-0.0799967
-0.0800011
-0.0800052
-0.0800089
-0.0800123
-0.0800154
-0.0800183
-0.0800209
-0.0800234
-0.0800256
-0.0800277
-0.0800296
-0.0800313
-0.0800329
-0.0800343
-0.0800356
-0.0800368
-0.080038
-0.080039
-0.0800399
-0.0800407
-0.0800415
-0.0800422
-0.0800428
-0.0800434
-0.0800438
-0.0800442
-0.0800446
-0.0800449
-0.0800452
-0.0800454
-0.0800456
-0.0800457
-0.0800458
0.0709334
0.0709618
0.0705232
0.0702909
0.0701781
0.0700421
0.0699556
0.0698991
0.0698616
0.0698368
0.0698209
0.0698113
0.0698067
0.069806
0.0698084
0.0698133
0.0698203
0.069829
0.0698273
0.0698286
0.0698306
0.0698331
0.0698358
0.0698386
0.0698413
0.0698437
0.0698456
0.069847
0.0698476
0.0698474
0.0698463
0.0698441
0.0698407
0.069836
0.0698294
0.0698226
0.0698142
0.0698044
0.0697928
0.0697663
0.0697694
0.0697727
0.0697743
0.069774
0.0697714
0.0697662
0.0697584
0.0697477
0.0697339
0.0697169
0.0696964
0.0696936
0.0696904
0.0696882
0.0696864
0.0696848
0.0696832
0.0696814
0.0696796
0.0696777
0.0696757
0.0696722
0.0696688
0.0696655
0.0696623
0.0696592
0.0696562
0.0696524
0.069653
0.0696543
-0.0813501
-0.0813933
-0.081344
-0.0812738
-0.0812009
-0.0811327
-0.0810779
-0.0810466
-0.0810489
-0.0810929
-0.0811721
-0.0812754
-0.0813923
-0.0815141
-0.0816421
-0.0817771
-0.0819186
-0.0820308
-0.0820949
-0.0821601
-0.082223
-0.0822847
-0.0823448
-0.0824028
-0.0824583
-0.0825109
-0.0825604
-0.0826063
-0.0826481
-0.082685
-0.0827168
-0.082743
-0.0827631
-0.0827767
-0.0827834
-0.0827826
-0.0827739
-0.0827566
-0.0827302
-0.0826941
-0.0826477
-0.0825902
-0.0825211
-0.0824394
-0.0824479
-0.0824576
-0.0824678
-0.082477
-0.082485
-0.082491
-0.0824947
-0.0824946
-0.0824947
-0.0824943
-0.0824935
-0.0824921
-0.08249
-0.0824871
-0.0824835
-0.0824806
-0.0824771
-0.0824729
-0.0824726
-0.0824751
-0.0824772
-0.0824788
-0.08248
-0.0824807
-0.0824811
-0.0824811
0.0669429
0.0668864
0.0667173
0.066516
0.066329
0.066171
0.0660893
0.0659806
0.0658907
0.0658174
0.0657589
0.0657135
0.0656799
0.065657
0.0656439
0.0656397
0.0656439
0.065656
0.0656758
0.0657032
0.0657196
0.0657447
0.0657684
0.065801
0.0658438
0.0658935
0.0659495
0.0660116
0.0660797
0.0661538
0.0662339
0.0663198
0.0664115
0.0665087
0.0666113
0.066719
0.0668315
0.0669486
0.0670699
0.067195
0.0673234
0.0674546
0.0675881
0.0677235
0.0678603
0.0679977
0.0681353
0.0682722
0.0684079
0.0685415
0.0686726
0.0687989
0.0688788
0.0689332
0.068974
0.0690071
0.069035
0.0690602
0.0690837
0.0691057
0.0691289
0.0691449
0.0691592
0.0691721
0.0691834
0.0691929
0.0692003
0.0692055
0.0692081
0.0692077
-0.0817187
-0.0815729
-0.0813043
-0.080948
-0.0805422
-0.0801174
-0.0797383
-0.0797057
-0.0796873
-0.0796758
-0.0796578
-0.0796414
-0.0796245
-0.0796046
-0.0795691
-0.0795131
-0.0794354
-0.0793579
-0.0792815
-0.0792071
-0.0791353
-0.0790669
-0.0790026
-0.078943
-0.0788886
-0.0788399
-0.0787974
-0.0787615
-0.0787326
-0.0787111
-0.0786972
-0.0786912
-0.0786933
-0.0787038
-0.0787227
-0.0787502
-0.0787863
-0.0788311
-0.0788847
-0.078947
-0.0790178
-0.079097
-0.0791844
-0.0792797
-0.0793828
-0.0794933
-0.0796108
-0.0797349
-0.0798649
-0.0799808
-0.0801257
-0.0802736
-0.0803615
-0.0804159
-0.0804521
-0.0804786
-0.0805002
-0.0805195
-0.0805382
-0.0805568
-0.080576
-0.080596
-0.0806168
-0.0806385
-0.0806611
-0.0806846
-0.0807088
-0.0807337
-0.0807592
-0.0807851
0.0695656
0.0695249
0.0694346
0.0692877
0.0690981
0.0688438
0.0685439
0.0682404
0.0680973
0.06788
0.0676768
0.0675146
0.0674176
0.0674091
0.067596
0.0679456
0.0679509
0.0679361
0.067902
0.0678615
0.0678178
0.0677732
0.0677951
0.0678115
0.0678257
0.0677715
0.0677186
0.0676673
0.067618
0.0675705
0.0675048
0.0675641
0.0677001
0.067829
0.0679541
0.0680755
0.0681915
0.0682995
0.0683968
0.0684797
0.068538
0.0685871
0.0686439
0.0687089
0.0687824
0.0688639
0.0689534
0.0690508
0.0691559
0.0692688
0.0693892
0.0695124
0.0695807
0.0696182
0.0696388
0.0696505
0.0696579
0.0696635
0.0696686
0.0696743
0.0696808
0.0696885
0.0696975
0.0697078
0.0697195
0.0697327
0.0697474
0.0697635
0.069781
0.0698
-0.0839722
-0.0839453
-0.0838845
-0.0837701
-0.083537
-0.0833217
-0.0830611
-0.0827631
-0.082416
-0.082064
-0.0816412
-0.0811694
-0.08067
-0.0801619
-0.0799543
-0.0797883
-0.0796975
-0.0796647
-0.0796807
-0.0797472
-0.0798544
-0.0799877
-0.0801366
-0.0802999
-0.080442
-0.0803605
-0.0802939
-0.0802346
-0.0801822
-0.0801367
-0.0800981
-0.0800666
-0.0801097
-0.0801482
-0.0801817
-0.0802096
-0.0802315
-0.0802469
-0.0802554
-0.0802594
-0.0802665
-0.0802765
-0.0802891
-0.0803037
-0.0803201
-0.0803377
-0.0803562
-0.0803751
-0.0803937
-0.0804116
-0.0804281
-0.0804421
-0.0804518
-0.0804582
-0.0804625
-0.0804654
-0.0804676
-0.0804681
-0.0804696
-0.0804718
-0.0804746
-0.0804768
-0.0804778
-0.0804784
-0.0804787
-0.0804788
-0.0804786
-0.0804943
-0.0804942
-0.0804941
0.0698886
0.0698506
0.0697706
0.0696687
0.0695563
0.0694692
0.0694361
0.0694033
0.0693714
0.0693422
0.0693153
0.0692906
0.069268
0.0692471
0.0692281
0.0692106
0.0691947
0.0691802
0.069167
0.0691551
0.0691443
0.0691347
0.0691261
0.0691185
0.0691118
0.0691059
0.0691009
0.0690967
0.0690932
0.0690904
0.0690882
0.0690867
0.0690857
0.0690853
0.0690854
0.069086
0.069087
0.0690885
0.0690904
0.0690927
0.0690953
0.0690983
0.0691017
0.0691054
0.0691094
0.0691136
0.0691182
0.069123
0.069128
0.0691333
0.0691387
0.0691447
0.0691494
0.0691526
0.0691548
0.0691562
0.0691572
0.0691578
0.0691583
0.0691587
0.0691591
0.0691594
0.0691598
0.0691602
0.0691606
0.0691612
0.0691613
0.0691616
0.0691616
0.0691613
-0.0805867
-0.0805201
-0.0804875
-0.0805014
-0.0805679
-0.0806477
-0.0805776
-0.0807435
-0.0809102
-0.0810747
-0.0812338
-0.0813848
-0.0815225
-0.0816397
-0.0817303
-0.0818126
-0.0818892
-0.0819605
-0.0820268
-0.0820886
-0.082146
-0.0821995
-0.0822491
-0.0822952
-0.082338
-0.0823776
-0.0824142
-0.082448
-0.082479
-0.0825074
-0.0825333
-0.0825567
-0.0825778
-0.0825966
-0.0826131
-0.0826273
-0.0826392
-0.0826488
-0.0826561
-0.0826612
-0.082664
-0.0826646
-0.082663
-0.0826592
-0.0826531
-0.0826447
-0.0826341
-0.0826212
-0.0826061
-0.0825886
-0.0825688
-0.0825452
-0.0825436
-0.0825432
-0.0825423
-0.0825409
-0.0825389
-0.0825385
-0.082538
-0.0825375
-0.0825369
-0.0825363
-0.0825356
-0.0825348
-0.082534
-0.0825331
-0.0825322
-0.0825312
-0.0825303
-0.0825293
0.0687355
0.068692
0.0685934
0.0684183
0.0682248
0.0681072
0.0680238
0.06796
0.067926
0.0679339
0.0679901
0.0680912
0.068051
0.068071
0.0680939
0.0681201
0.0681513
0.0681865
0.0682252
0.0682666
0.06831
0.0683547
0.0684001
0.0684457
0.068491
0.0685355
0.0685787
0.06862
0.0686585
0.0686767
0.0687071
0.0687323
0.0687526
0.0687681
0.0687787
0.068784
0.0687839
0.0687779
0.0687659
0.0687474
0.068722
0.0686895
0.0686494
0.0686012
0.0685445
0.0684789
0.0684038
0.0684078
0.0684088
0.0684071
0.0684013
0.0683694
0.0683744
0.0683771
0.0683771
0.0683762
0.0683743
0.0683718
0.0683687
0.0683654
0.0683617
0.0683577
0.0683534
0.068349
0.0683443
0.068341
0.0683383
0.0683353
0.0683321
0.0683286
-0.081969
-0.0818813
-0.0816832
-0.081441
-0.0811989
-0.0809833
-0.0808735
-0.0809408
-0.0810172
-0.0810264
-0.0810886
-0.0811418
-0.0811852
-0.0812206
-0.0812611
-0.0813081
-0.0813588
-0.0814126
-0.0814687
-0.0815266
-0.0815856
-0.081645
-0.0817035
-0.0817452
-0.0818288
-0.0819121
-0.0819952
-0.0820777
-0.0821592
-0.0822392
-0.0823173
-0.0823905
-0.0824604
-0.0825101
-0.0825682
-0.0826209
-0.0826676
-0.0827082
-0.082742
-0.0827686
-0.0827872
-0.0827973
-0.0827982
-0.0827893
-0.0827698
-0.0827391
-0.0826964
-0.082641
-0.0825721
-0.082573
-0.0825724
-0.0825718
-0.082577
-0.08258
-0.0825817
-0.0825825
-0.0825826
-0.082582
-0.0825808
-0.0825791
-0.0825767
-0.0825738
-0.0825708
-0.0825677
-0.0825641
-0.08256
-0.0825591
-0.0825604
-0.0825612
-0.0825615
0.0671395
0.0670279
0.0667824
0.066482
0.0661732
0.0659344
0.065899
0.0658761
0.0658631
0.0658544
0.0658441
0.0658261
0.0657975
0.065772
0.0657514
0.0657375
0.0657294
0.0657274
0.0657317
0.0657424
0.0657596
0.0657835
0.065814
0.0658513
0.0658951
0.0659455
0.0660023
0.0660653
0.0661344
0.0662092
0.0662895
0.0663749
0.0664651
0.0665597
0.066658
0.0667597
0.066864
0.0669705
0.0670781
0.0671857
0.0672936
0.0673999
0.0675038
0.0676042
0.0676841
0.0677711
0.0678513
0.067924
0.0679881
0.0680427
0.0680867
0.0681183
0.0681355
0.0681444
0.0681357
0.0681341
0.0681289
0.0681261
0.0681253
0.0681259
0.0681277
0.0681305
0.0681325
0.0681336
0.0681343
0.0681346
0.0681347
0.0681347
0.0681364
0.0681381
-0.0824791
-0.0823684
-0.0821614
-0.0819073
-0.0816421
-0.0813893
-0.0811711
-0.0812117
-0.0812679
-0.0813317
-0.0813971
-0.081459
-0.0815131
-0.0815557
-0.0815835
-0.0815963
-0.081611
-0.0816284
-0.0816499
-0.0816752
-0.0817042
-0.081737
-0.0817735
-0.0818136
-0.0818572
-0.0819043
-0.0819546
-0.0820079
-0.082064
-0.0821225
-0.082183
-0.0822451
-0.0823083
-0.0823715
-0.0824341
-0.0824953
-0.0825543
-0.0826092
-0.0826621
-0.0827096
-0.0827511
-0.0827862
-0.0828144
-0.0828353
-0.0828482
-0.0828525
-0.0828479
-0.0828336
-0.0828092
-0.0827739
-0.0827271
-0.0827245
-0.0827297
-0.0827357
-0.0827407
-0.0827449
-0.0827485
-0.0827514
-0.0827537
-0.0827554
-0.0827565
-0.082757
-0.0827568
-0.0827561
-0.0827548
-0.0827533
-0.0827519
-0.0827524
-0.0827527
-0.0827527
0.0676381
0.0675268
0.0673027
0.0670305
0.0667508
0.0665571
0.0665197
0.0665027
0.0665004
0.0665062
0.0665132
0.0665147
0.0665071
0.066505
0.0665084
0.0665176
0.0665327
0.0665535
0.0665801
0.0666124
0.0666502
0.0666934
0.0667416
0.0667947
0.0668512
0.066911
0.0669733
0.0670378
0.0671038
0.0671706
0.0672372
0.0672983
0.0673735
0.0674476
0.0675198
0.0675891
0.0676527
0.0677104
0.0677619
0.0678066
0.0678434
0.0678722
0.0678923
0.067903
0.0679036
0.0678932
0.0678713
0.0678368
0.0677894
0.067728
0.0677281
0.0677257
0.0677421
0.067755
0.0677661
0.0677761
0.0677856
0.0677947
0.0678034
0.0678119
0.06782
0.067828
0.0678355
0.0678427
0.0678497
0.0678564
0.067863
0.0678693
0.0678748
0.0678801
-0.0820043
-0.0819198
-0.0817256
-0.0814892
-0.0812562
-0.0810534
-0.0808962
-0.0809011
-0.0809095
-0.080921
-0.0809384
-0.0809616
-0.0809885
-0.0810169
-0.0810448
-0.0810704
-0.0810855
-0.0810904
-0.0811
-0.0811151
