0.00087273
0.000826429
0.000766937
0.000711825
0.000666549
0.000618638
0.000574225
0.000532822
0.000494603
0.000458997
0.000426069
0.000395455
0.000367062
0.000340722
0.000316286
0.000293616
0.000272587
0.000253079
0.000234986
0.000218204
0.00020264
0.000188207
0.000174823
0.000162413
0.000150906
0.00014024
0.000130349
0.000121183
0.000112686
0.000104814
9.75146e-05
9.07533e-05
8.44915e-05
7.86935e-05
7.3326e-05
6.83583e-05
6.3762e-05
5.952e-05
5.56017e-05
5.1983e-05
4.86398e-05
4.55523e-05
4.27021e-05
4.00722e-05
3.76468e-05
3.5411e-05
3.33513e-05
3.14549e-05
2.97103e-05
2.81064e-05
2.66331e-05
2.5281e-05
2.40412e-05
2.29058e-05
2.18671e-05
2.0918e-05
2.00507e-05
1.9259e-05
1.85375e-05
1.78841e-05
1.72935e-05
1.67611e-05
1.62823e-05
1.58532e-05
1.547e-05
1.51279e-05
1.48238e-05
1.45548e-05
1.43182e-05
1.41115e-05
1.39285e-05
1.37411e-05
1.88958e-05
1.98482e-05
1.94798e-05
1.91583e-05
1.8858e-05
1.85806e-05
1.83266e-05
1.80955e-05
1.78865e-05
1.76987e-05
1.7531e-05
1.73824e-05
1.72518e-05
1.71382e-05
1.70405e-05
1.69579e-05
1.68897e-05
1.68294e-05
1.67817e-05
1.67452e-05
1.67184e-05
1.67006e-05
1.66912e-05
1.66896e-05
1.66952e-05
1.67074e-05
1.67257e-05
1.67498e-05
1.67791e-05
1.68133e-05
1.68521e-05
1.68953e-05
1.69429e-05
1.69936e-05
1.70473e-05
1.71036e-05
1.71623e-05
1.72212e-05
1.20375e-05
1.24599e-05
1.28615e-05
1.32427e-05
1.36043e-05
1.39474e-05
1.4273e-05
1.45823e-05
1.48763e-05
1.51559e-05
1.54219e-05
1.55239e-05
1.56332e-05
1.57207e-05
1.57849e-05
1.58262e-05
1.58455e-05
1.58443e-05
1.58241e-05
1.57865e-05
1.57329e-05
1.56582e-05
1.5573e-05
1.54786e-05
1.53762e-05
1.52666e-05
1.51508e-05
1.50274e-05
7.36121e-06
4.29995e-07
6.38292e-06
6.89363e-06
1.02813e-05
2.33019e-05
3.04379e-05
3.27642e-05
3.12139e-05
2.9747e-05
2.83586e-05
2.70616e-05
1.4393e-05
-8.21915e-06
-3.99722e-05
-8.03707e-05
-0.000121275
-0.000160932
-0.000200231
-0.000184987
-0.000195378
-0.000213939
-0.000216719
-0.000216926
-0.000214783
-0.000210423
-0.000203929
-0.000195346
-0.000184695
-0.000171977
-0.000158564
-0.000146116
-0.000134566
-0.000123849
-0.000113907
-0.000104684
-9.61285e-05
-8.81936e-05
-8.08347e-05
-7.40107e-05
-6.76837e-05
-6.18182e-05
-5.63814e-05
-5.13427e-05
-4.6674e-05
-4.23488e-05
-3.82956e-05
-3.45215e-05
-3.09998e-05
-2.77148e-05
-2.46504e-05
-2.1791e-05
-1.91227e-05
-1.66296e-05
-1.43193e-05
-1.2174e-05
-1.01796e-05
-8.32458e-06
-6.59878e-06
-4.99332e-06
-3.50007e-06
-2.11374e-06
-8.24874e-07
3.72808e-07
1.47633e-06
2.49102e-06
3.43238e-06
4.30529e-06
5.11419e-06
5.86328e-06
6.5564e-06
7.19719e-06
7.78938e-06
1.0878e-05
1.30803e-05
1.3661e-05
1.39853e-05
1.4278e-05
1.40759e-05
1.42815e-05
1.44524e-05
1.45933e-05
1.47081e-05
1.47999e-05
1.48716e-05
1.49257e-05
1.49641e-05
1.49889e-05
1.50018e-05
1.50042e-05
1.49975e-05
1.49828e-05
1.49582e-05
1.94163e-05
1.90595e-05
1.87209e-05
1.83941e-05
1.80848e-05
1.77942e-05
1.75215e-05
1.72653e-05
1.70245e-05
1.67984e-05
1.65861e-05
1.63869e-05
1.62001e-05
1.6025e-05
1.58611e-05
1.57078e-05
1.55647e-05
1.54313e-05
1.53072e-05
1.51917e-05
1.50844e-05
1.49849e-05
1.48931e-05
1.48088e-05
1.47318e-05
1.46618e-05
1.45987e-05
1.45423e-05
1.44925e-05
1.44515e-05
1.44168e-05
1.43908e-05
1.43734e-05
1.43648e-05
1.43643e-05
1.43725e-05
1.43847e-05
1.44039e-05
1.44306e-05
1.44543e-05
1.41046e-05
1.4174e-05
1.42468e-05
1.43233e-05
1.44042e-05
1.44899e-05
1.45811e-05
1.4679e-05
1.47445e-05
1.04752e-05
1.36438e-05
1.57601e-05
1.5543e-05
1.52911e-05
1.51286e-05
1.48594e-05
1.29698e-05
1.04001e-05
7.75779e-06
5.48917e-06
3.92862e-06
3.33676e-06
3.9198e-06
4.56695e-06
5.18715e-06
5.77985e-06
6.32278e-06
6.81958e-06
7.27366e-06
7.68826e-06
8.06635e-06
8.41068e-06
8.72381e-06
9.00811e-06
9.26575e-06
9.49876e-06
9.70905e-06
9.89829e-06
1.00681e-05
1.022e-05
1.03553e-05
1.04752e-05
1.0581e-05
1.06736e-05
1.07541e-05
1.08234e-05
1.08823e-05
1.09314e-05
1.09717e-05
1.10036e-05
1.10281e-05
1.10458e-05
1.10571e-05
1.10626e-05
1.10627e-05
1.10579e-05
1.10487e-05
1.10355e-05
1.10258e-05
1.16984e-05
1.16239e-05
1.15485e-05
1.1473e-05
1.13975e-05
1.13219e-05
1.12462e-05
1.11701e-05
1.10934e-05
1.10158e-05
1.09371e-05
1.08572e-05
1.07759e-05
1.0693e-05
1.06083e-05
1.05217e-05
1.04333e-05
1.03428e-05
1.02502e-05
1.01554e-05
1.00582e-05
9.99458e-06
9.96916e-06
9.96777e-06
9.97796e-06
1.001e-05
1.00535e-05
7.79691e-05
0.000162208
0.000238233
0.000309951
0.00037906
0.000446528
0.000513152
0.000532853
0.000508758
0.000473017
0.00043982
0.000409009
0.000380421
0.0003539
0.000329299
0.000306475
0.000285307
0.000265678
0.000247483
0.000230614
0.000214978
0.000200484
0.000187052
0.000174597
0.000152566
0.00013298
0.00011553
0.000100013
8.6346e-05
7.4503e-05
6.44908e-05
5.63313e-05
5.01497e-05
4.64439e-05
4.41392e-05
4.20119e-05
4.0053e-05
3.82514e-05
3.65956e-05
3.50753e-05
3.36806e-05
3.24026e-05
3.12329e-05
3.01637e-05
2.9188e-05
2.83016e-05
2.74977e-05
2.67703e-05
2.6114e-05
2.55241e-05
2.49954e-05
2.45237e-05
2.41054e-05
2.3737e-05
2.34145e-05
2.31349e-05
2.28956e-05
2.26941e-05
2.25279e-05
2.23951e-05
2.22936e-05
2.22217e-05
2.21774e-05
2.21605e-05
2.21139e-05
2.20327e-05
2.19372e-05
2.18485e-05
2.17408e-05
2.16317e-05
2.15188e-05
0.000129092
0.000231683
0.000333148
0.000434758
0.000537231
0.00064104
0.000738791
0.00080255
0.000823159
0.000808373
0.000763942
0.000710567
0.000661018
0.000615028
0.000568481
0.000522127
0.00048614
0.000440658
0.000409998
0.000382159
0.000356335
0.000332379
0.000310168
0.000289608
0.00027057
0.000252927
0.000236581
0.000221441
0.000207421
0.000194443
0.000182433
0.000171318
0.000161015
0.000151466
0.000142617
0.000134419
0.000126824
0.00011979
0.000113275
0.000107243
0.000101658
9.64888e-05
9.17047e-05
8.72781e-05
8.3177e-05
7.9384e-05
7.58746e-05
7.26278e-05
6.60479e-05
6.35588e-05
6.1282e-05
5.92013e-05
5.73022e-05
5.55746e-05
5.40073e-05
5.25861e-05
5.12998e-05
5.01382e-05
4.90917e-05
4.81398e-05
4.72776e-05
4.6497e-05
4.57762e-05
4.8356e-05
5.06123e-05
5.07339e-05
5.10223e-05
5.01863e-05
4.90187e-05
4.81301e-05
4.74573e-05
4.68503e-05
4.6304e-05
4.58139e-05
4.53757e-05
4.49855e-05
4.46395e-05
4.43344e-05
4.4067e-05
4.38343e-05
4.36336e-05
4.34625e-05
4.33184e-05
4.31994e-05
4.31032e-05
4.30281e-05
4.29723e-05
4.29342e-05
4.29123e-05
4.29052e-05
4.29116e-05
4.29303e-05
4.29602e-05
4.30003e-05
4.30496e-05
4.31073e-05
4.31724e-05
4.32444e-05
4.33224e-05
4.34058e-05
4.3494e-05
4.35864e-05
4.36826e-05
4.37821e-05
4.38844e-05
4.39891e-05
4.40959e-05
4.42044e-05
4.43142e-05
4.44252e-05
4.4537e-05
4.46493e-05
4.47621e-05
4.48751e-05
4.49899e-05
4.51061e-05
4.52236e-05
4.53425e-05
4.54628e-05
4.55846e-05
4.5708e-05
4.58331e-05
4.596e-05
4.60888e-05
4.62196e-05
4.63529e-05
4.6489e-05
4.66284e-05
4.67584e-05
4.68699e-05
4.69657e-05
4.70478e-05
4.71187e-05
5.24286e-05
5.6591e-05
5.77585e-05
5.65781e-05
5.54498e-05
5.88735e-05
5.76974e-05
5.65795e-05
5.56043e-05
5.4816e-05
5.41336e-05
5.35585e-05
5.30995e-05
5.2758e-05
5.2453e-05
5.2174e-05
5.19192e-05
5.16867e-05
5.14747e-05
5.12817e-05
5.11063e-05
5.0947e-05
5.08026e-05
5.0672e-05
5.05541e-05
5.04478e-05
5.03522e-05
5.02665e-05
5.01898e-05
5.01214e-05
5.00605e-05
5.00065e-05
4.99589e-05
4.99174e-05
4.98817e-05
4.98515e-05
4.98262e-05
4.98056e-05
4.97891e-05
4.97766e-05
4.97676e-05
4.97618e-05
4.97591e-05
4.97591e-05
4.97616e-05
4.97664e-05
4.97734e-05
4.97823e-05
4.97929e-05
4.98052e-05
4.98188e-05
4.98577e-05
4.99013e-05
4.99556e-05
5.00204e-05
5.00949e-05
5.01691e-05
5.025e-05
5.03366e-05
5.04284e-05
5.05248e-05
5.06253e-05
5.07296e-05
5.08372e-05
5.09478e-05
5.1061e-05
5.11765e-05
5.12943e-05
5.14141e-05
5.15349e-05
5.17651e-05
5.21126e-05
8.55319e-05
0.000115345
0.000140124
0.00016063
0.000177128
0.000189739
0.000198845
0.000188911
0.000168943
0.000150832
0.00013672
0.000126429
0.000121346
0.00011663
0.000112253
0.00010819
0.00010442
0.000100921
9.76744e-05
9.46628e-05
9.18698e-05
8.92803e-05
8.688e-05
8.4656e-05
8.25961e-05
8.0689e-05
7.89206e-05
6.9165e-05
6.12957e-05
5.50862e-05
5.0408e-05
4.71908e-05
4.57181e-05
4.63742e-05
4.69915e-05
4.7572e-05
4.8118e-05
4.86323e-05
4.91171e-05
4.95749e-05
5.00077e-05
5.04176e-05
5.08064e-05
5.11759e-05
5.14393e-05
5.16804e-05
5.19152e-05
5.21456e-05
5.23633e-05
5.25234e-05
5.26594e-05
5.27704e-05
5.28633e-05
5.29381e-05
5.29975e-05
5.30442e-05
5.30802e-05
5.31064e-05
5.31253e-05
5.31381e-05
5.31457e-05
5.31491e-05
5.31564e-05
5.31637e-05
5.31668e-05
5.31657e-05
5.31612e-05
5.31817e-05
5.56414e-05
5.69199e-05
5.61618e-05
5.53407e-05
5.44666e-05
5.35969e-05
4.68293e-05
3.91274e-05
3.28759e-05
2.91082e-05
2.70782e-05
2.62112e-05
2.65615e-05
2.81697e-05
2.98988e-05
3.15179e-05
3.30326e-05
3.44488e-05
3.57721e-05
3.70081e-05
3.8162e-05
3.92388e-05
4.02489e-05
4.02763e-05
4.12155e-05
4.20908e-05
4.29058e-05
4.36637e-05
4.43679e-05
4.50211e-05
4.5632e-05
4.62035e-05
4.67403e-05
4.40762e-05
4.24191e-05
4.2186e-05
4.29165e-05
4.35991e-05
4.42362e-05
4.48306e-05
4.53849e-05
4.59016e-05
4.63829e-05
4.68313e-05
4.72486e-05
4.76369e-05
4.7998e-05
4.83336e-05
4.86828e-05
4.90394e-05
4.9398e-05
4.9731e-05
5.00597e-05
5.03835e-05
5.0702e-05
5.10146e-05
5.13212e-05
5.16215e-05
5.19153e-05
5.22026e-05
5.24832e-05
5.2755e-05
5.30201e-05
5.32788e-05
5.35309e-05
5.37556e-05
5.39677e-05
5.41757e-05
5.43794e-05
5.45599e-05
5.76501e-05
6.00259e-05
6.18456e-05
6.38537e-05
6.39178e-05
6.37591e-05
6.36963e-05
6.35951e-05
6.34449e-05
6.32369e-05
6.29661e-05
6.26411e-05
6.23384e-05
6.20661e-05
6.18297e-05
6.16192e-05
6.14323e-05
6.12675e-05
6.11232e-05
6.09984e-05
6.08916e-05
6.08018e-05
6.0728e-05
6.06692e-05
6.06246e-05
6.05934e-05
6.05749e-05
6.05684e-05
6.05732e-05
6.0589e-05
6.06152e-05
6.06513e-05
6.06971e-05
6.07521e-05
6.08161e-05
6.08889e-05
6.09703e-05
6.10585e-05
6.11535e-05
6.12552e-05
6.13629e-05
6.14768e-05
6.1597e-05
6.17106e-05
6.18366e-05
6.19649e-05
6.20961e-05
6.22305e-05
6.23657e-05
6.25045e-05
6.2648e-05
6.27997e-05
6.29593e-05
6.31149e-05
6.31918e-05
6.32215e-05
6.32458e-05
6.32614e-05
6.32671e-05
6.32625e-05
6.3248e-05
6.32152e-05
6.31671e-05
6.31054e-05
6.30329e-05
6.29518e-05
6.28636e-05
6.27806e-05
6.26932e-05
6.26068e-05
6.51904e-05
6.68361e-05
6.6423e-05
6.58592e-05
6.51853e-05
6.40311e-05
6.08189e-05
5.67906e-05
5.24156e-05
4.80837e-05
4.41168e-05
4.07636e-05
3.82207e-05
3.66469e-05
3.61662e-05
3.68478e-05
3.84738e-05
3.99769e-05
4.13653e-05
4.26471e-05
4.383e-05
4.49209e-05
4.59264e-05
4.68525e-05
4.77047e-05
4.84883e-05
4.92081e-05
4.98685e-05
5.04737e-05
5.10275e-05
5.15335e-05
5.19951e-05
5.24181e-05
5.28048e-05
5.31576e-05
5.34789e-05
5.37723e-05
5.40467e-05
5.43044e-05
5.45461e-05
5.47723e-05
5.49838e-05
5.51811e-05
5.53649e-05
5.55332e-05
5.56898e-05
5.5835e-05
5.5969e-05
5.60925e-05
5.62057e-05
5.6361e-05
5.64994e-05
5.66448e-05
5.68037e-05
5.69744e-05
5.71553e-05
5.73451e-05
5.75424e-05
5.7746e-05
5.79549e-05
5.81681e-05
5.83847e-05
5.86039e-05
5.88249e-05
5.90454e-05
5.92642e-05
5.94677e-05
5.96708e-05
5.9872e-05
6.00671e-05
6.29926e-05
6.50659e-05
6.62551e-05
6.7655e-05
6.79623e-05
6.79876e-05
6.81158e-05
6.81765e-05
6.81651e-05
6.80758e-05
6.7906e-05
6.76675e-05
6.74574e-05
6.72742e-05
6.71162e-05
6.69817e-05
6.68694e-05
6.67779e-05
6.6706e-05
6.66524e-05
6.66162e-05
6.65965e-05
6.65913e-05
6.65943e-05
6.66058e-05
6.66261e-05
6.66555e-05
6.6694e-05
6.67419e-05
6.67993e-05
6.68662e-05
6.69426e-05
6.70277e-05
6.71219e-05
6.72259e-05
6.73264e-05
6.74233e-05
6.75176e-05
6.76371e-05
6.77677e-05
6.78952e-05
6.80205e-05
6.81442e-05
6.8267e-05
6.83893e-05
6.85118e-05
6.86348e-05
6.87562e-05
6.88763e-05
6.89373e-05
6.89544e-05
6.90309e-05
6.90779e-05
6.90993e-05
6.90996e-05
6.90825e-05
6.90504e-05
6.90057e-05
6.89502e-05
6.88854e-05
6.88128e-05
6.87331e-05
6.8648e-05
6.85587e-05
6.84664e-05
6.8372e-05
6.82764e-05
6.8177e-05
6.80776e-05
6.79882e-05
7.05141e-05
7.20359e-05
7.10868e-05
7.00625e-05
6.89808e-05
6.7891e-05
6.16157e-05
5.48849e-05
5.01693e-05
4.6562e-05
4.36638e-05
4.1636e-05
4.06169e-05
4.07261e-05
4.20685e-05
4.36322e-05
4.51554e-05
4.65733e-05
4.78849e-05
