0
-0.000318913
-0.000223358
-0.000131633
-0.00209391
-0.037906
-0.0635102
-0.00755292
-0.0595763
-0.00726086
-0.0301827
-0.00338935
0.000756028
0.00125336
0.000113056
-0.0018628
-0.00373285
-0.0055373
-0.00730948
-0.00906139
-0.0107971
-0.0125171
-0.01422
-0.0159034
-0.017198
-0.019481
-0.0201345
-0.0234716
-0.0242778
-0.0272964
-0.028743
-0.0302412
-0.0316915
-0.033083
-0.0344038
-0.0356346
-0.0366789
-0.0345883
-0.0327149
-0.0313703
-0.031895
-0.0323483
-0.0327106
-0.0329864
-0.0332119
-0.0334136
-0.0335127
-0.0335131
-0.0334231
-0.0332484
-0.0329913
-0.0326557
-0.0322454
-0.0317636
-0.031213
-0.0305957
-0.0308325
-0.031137
-0.0313684
-0.0296579
-0.0278058
-0.0259562
-0.0241064
-0.0222553
-0.0204018
-0.0191808
-0.0179847
-0.0168019
-0.0156024
-0.0143683
-0.0130864
0.0147757
0.00647727
0.00713767
0.008695
0.0064418
0.00810324
0.00988918
0.011741
0.0136298
0.0155413
0.0174691
0.0194112
0.0213675
0.0233394
0.0253287
0.0273375
0.0293679
0.0305866
0.0323629
0.0340879
0.0356789
0.0370347
0.0384226
0.0398443
0.0413015
0.0427959
0.0443293
0.0459034
0.047533
0.049226
0.050989
0.0528366
0.0547879
0.0570305
0.0589643
0.0608961
0.0628809
0.0649226
0.0648962
0.0716777
0.0752307
0.0784821
0.0817893
0.085168
0.0886278
0.0921751
0.0958152
0.0995525
0.103391
0.107336
0.0784731
0.0734376
0.0687353
0.0618713
0.0537853
0.0449983
0.0357973
0.0263392
0.0167125
0.00696975
-0.00392135
-0.0138826
-0.0239448
-0.0341093
-0.0443797
-0.054761
-0.0650327
-0.0601643
-0.0564827
-0.0530333
-0.057488
-0.0603944
-0.0657326
-0.0693557
-0.0730217
-0.0768207
-0.0808826
-0.0852136
-0.0895218
-0.0922721
-0.09504
-0.0977131
-0.100256
-0.103958
-0.108024
-0.112071
-0.111904
-0.115835
-0.120896
-0.124384
-0.127872
-0.131445
-0.135113
-0.138885
-0.142768
-0.146767
-0.150889
-0.154962
-0.158945
-0.163024
-0.16723
-0.171566
-0.17603
-0.180621
-0.185339
-0.190187
-0.195166
-0.200279
-0.205529
-0.210922
-0.216461
-0.222155
-0.228011
-0.212902
-0.204698
-0.197762
-0.190945
-0.184355
-0.178007
-0.171901
-0.165811
-0.162504
-0.157974
-0.152828
-0.147362
-0.141737
-0.136038
-0.13031
-0.124627
-0.118886
-0.113071
-0.107412
-0.101706
-0.0958925
-0.0900733
-0.0842487
-0.078417
-0.072576
-0.0667473
-0.0608936
-0.0546624
-0.0479355
-0.0414634
-0.0349453
-0.0287993
-0.0210636
-0.017604
-0.0120004
-0.00643619
-0.000902872
0.00460891
0.0101075
0.0156003
0.0210942
0.0265951
0.032109
0.0376411
0.043197
0.0487841
0.0487345
0.0577181
0.0624291
0.067124
0.0720518
0.0769003
0.0819147
0.0870391
0.0919516
0.0968552
0.101821
0.106855
0.11197
0.117167
0.122446
0.12781
0.133261
0.138802
0.144439
0.150176
0.156016
0.161968
0.168034
0.174223
0.180545
0.187007
0.193618
0.200387
0.207321
0.214427
0.221706
0.229251
0.238193
0.24758
0.255856
0.26382
0.272505
0.281171
0.289311
0.297582
0.297217
0.309675
0.315632
0.321741
0.328089
0.334695
0.341587
0.348832
0.356974
0.332903
0.320938
0.310551
0.299744
0.289852
0.280024
0.270103
0.258926
0.235877
0.226426
0.21703
0.208103
0.198817
0.189661
0.180671
0.172499
0.16457
0.156733
0.148138
0.139645
0.131247
0.12294
0.114718
0.106577
0.0985111
0.0905146
0.0825821
0.0747082
0.0668873
0.0591139
0.0513824
0.0436929
0.0360392
0.0284083
0.0207983
0.0132076
0.00563317
-0.00192912
-0.00948394
-0.0170366
-0.0245931
-0.032162
-0.039748
-0.0473625
-0.0550154
-0.0627159
-0.0704727
-0.0782932
-0.0861827
-0.0941332
-0.0940786
-0.108558
-0.115389
-0.122975
-0.130133
-0.137055
-0.143861
-0.150617
-0.157364
-0.164126
-0.170925
-0.177776
-0.184685
-0.191657
-0.1987
-0.205821
-0.21303
-0.220331
-0.227734
-0.235244
-0.242869
-0.250615
-0.260728
-0.269877
-0.2771
-0.276781
-0.289656
-0.297122
-0.29173
-0.279989
-0.279861
-0.277056
-0.27429
-0.271494
-0.268489
-0.257572
-0.249194
-0.250744
-0.242226
-0.23364
-0.225004
-0.21645
-0.207984
-0.196767
-0.188757
-0.180688
-0.174429
-0.165606
-0.156896
-0.148298
-0.139818
-0.139642
-0.11862
-0.106052
-0.0974046
-0.0888104
-0.0803534
-0.0720642
-0.0639514
-0.0560139
-0.0482494
-0.0409026
-0.0333922
-0.0256297
-0.017841
-0.0100015
-0.00213066
0.00576907
0.0137003
0.0216688
0.0296803
0.0377398
0.0457209
0.0548414
0.0633914
0.071607
0.0796204
0.0875052
0.0946801
0.101817
0.108938
0.116059
0.122491
0.128939
0.135401
0.141886
0.1484
0.15495
0.161542
0.168183
0.174879
0.181637
0.188638
0.194599
0.200078
0.199812
0.208649
0.214121
0.219725
0.21661
0.211471
0.208331
0.20474
0.200884
0.196924
0.177821
0.175316
0.170698
0.166497
0.162479
0.159238
0.156381
0.153454
0.149881
0.146337
0.146169
0.131971
0.118852
0.107989
0.0973337
0.0868015
0.0762824
0.0656085
0.0520684
0.0420726
0.0321379
0.0222609
0.0124352
0.00265307
-0.00709454
-0.016894
-0.0269028
-0.0369127
-0.0462813
-0.0551922
-0.0641292
-0.073112
-0.0821529
-0.0912644
-0.100459
-0.10975
-0.119148
-0.128526
-0.139612
-0.150058
-0.160143
-0.170174
-0.17347
-0.160251
-0.149927
-0.139538
-0.129155
-0.119137
-0.109015
-0.098862
-0.0886847
-0.0784913
-0.0682836
-0.0683089
-0.0625121
-0.0600155
-0.0574952
-0.05503
-0.0523771
-0.0500183
-0.0477515
-0.0448949
-0.0409768
-0.0391536
-0.0369048
-0.0341381
-0.0313728
-0.0286109
-0.0258536
-0.0231017
-0.020356
-0.0176172
-0.0148861
-0.0121629
-0.0094482
-0.00674216
-0.00404495
-0.00135663
0.00132281
0.00399346
0.00665551
0.00930927
0.0119551
0.0145935
0.017225
0.0198503
0.0224518
0.025032
0.0276157
0.0301916
0.0327467
0.0352747
0.0377714
0.0402346
0.0426645
0.0450635
0.0474364
0.0497908
0.0521398
0.0544999
0.0568867
0.0593147
0.0617983
0.0643512
0.066987
0.069714
0.0725348
0.0753151
0.0788162
0.0819377
0.0848383
0.0876067
0.0902937
0.0929289
0.0955305
0.0981128
0.100687
0.103256
0.105905
0.108702
0.111276
0.113862
0.109465
0.0981839
0.0874174
0.0766316
0.0658549
0.0556221
0.0414178
0.0284984
0.0158513
0.015861
0.0213848
0.0107606
0.00968659
0.00857531
0.0075095
0.00638315
0.00454397
0.00282732
0.00132074
-0.00111557
-0.00363917
-0.00616602
-0.00869775
-0.011236
-0.0137822
-0.0163381
-0.0189054
-0.0214859
-0.0240817
-0.0266946
-0.0293266
-0.0319799
-0.0346565
-0.0373587
-0.040083
-0.0428325
-0.0456169
-0.0484349
-0.0509751
-0.0533689
-0.0557072
-0.058009
-0.0602787
-0.0625191
-0.064735
-0.0669333
-0.0691261
-0.0713288
-0.0735567
-0.0758245
-0.0781463
-0.0805359
-0.0830067
-0.0855678
-0.0882228
-0.0908231
-0.0763055
-0.072805
-0.0684554
-0.0632766
-0.0575977
-0.0516625
-0.045458
-0.039087
-0.0325824
-0.0259525
-0.0191971
-0.0123169
-0.00530918
0.00183084
0.00911014
0.0165386
0.0241312
0.0319165
0.0399918
0.0260803
0.0192314
0.0203953
0.0231498
0.0300327
0.0346322
0.0382717
0.0419957
0.0459544
0.0490746
0.0515457
0.0477686
0.0527173
0.0555253
0.0590402
0.0624858
0.0659237
0.0693971
0.0729029
0.0764498
0.0800443
0.0836911
0.0873938
0.0911554
0.0949783
0.0988635
0.10281
0.106801
0.106687
0.112969
0.116207
0.119581
0.123062
0.126639
0.130334
0.134148
0.137765
0.141478
0.145291
0.149204
0.153223
0.157353
0.161601
0.165976
0.170484
0.175132
0.158503
0.145099
0.135917
0.126593
0.126498
0.116458
0.111671
0.105649
0.0988607
0.0917624
0.0847044
0.0781497
0.0715127
0.0648032
0.0587075
0.0525553
0.0463481
0.0400852
0.0338126
0.0274539
0.0206966
0.0137117
0.00663136
-0.000545743
-0.00675106
-0.0139083
-0.0210518
-0.0289305
-0.0369977
-0.0478415
-0.0604191
-0.0669382
-0.0708708
-0.0803888
-0.0873153
-0.0942676
-0.101479
-0.109409
-0.117472
-0.125517
-0.133644
-0.14186
-0.15017
-0.158575
-0.167071
-0.175624
-0.175436
-0.186674
-0.191485
-0.196479
-0.201691
-0.20714
-0.212855
-0.218917
-0.22132
-0.22369
-0.223433
-0.226207
-0.227995
-0.229985
-0.232102
-0.234292
-0.236646
-0.239166
-0.241856
-0.244722
-0.24777
-0.251009
-0.254444
-0.258082
-0.261931
-0.265995
-0.242399
-0.230498
-0.221535
-0.218306
-0.213546
-0.207205
-0.200057
-0.192507
-0.184768
-0.176952
-0.16912
-0.161302
-0.15351
-0.145758
-0.138031
-0.130241
-0.122474
-0.114851
-0.107219
-0.0994851
-0.091756
-0.0840737
-0.0778593
-0.0708216
-0.0642527
-0.0573611
-0.0486374
-0.0340513
-0.0274484
-0.020833
-0.0144041
-0.00815319
-0.00205172
0.00404054
0.0108663
0.0174708
0.0241279
0.0307798
0.0374762
0.0442248
0.0510295
0.0578952
0.0648268
0.0718291
0.0789067
0.0860644
0.0933073
0.10064
0.108069
0.115599
0.123236
0.13098
0.138841
0.14683
0.154951
0.163209
0.171612
0.180172
0.188907
0.197749
0.206669
0.215128
0.223117
0.231272
0.239605
0.239293
0.252048
0.258261
0.264732
0.271475
0.278508
0.285899
0.293709
0.303133
0.312332
0.311929
0.279841
0.26652
0.255827
0.244999
0.234133
0.223296
0.212517
0.202241
0.192015
0.181624
0.171219
0.160834
0.15048
0.140219
0.129928
0.119611
0.110108
0.0993881
0.089128
0.0789964
0.0700314
0.0608158
0.0433065
0.0354357
0.0284113
0.0215765
0.014862
0.00822998
0.0016571
-0.00487282
-0.0114933
-0.0189265
-0.0266264
-0.0350413
-0.0433931
-0.0516891
-0.0600013
-0.0683594
-0.0767816
-0.0852805
-0.0938652
-0.102544
-0.111323
-0.120211
-0.129213
-0.138319
-0.147515
-0.156812
-0.166201
-0.175691
-0.18528
-0.194958
-0.204522
-0.207443
-0.209781
-0.212269
-0.214911
-0.217711
-0.220677
-0.223816
-0.227124
-0.23064
-0.234353
-0.238262
-0.242373
-0.24669
-0.218542
-0.210678
-0.205582
-0.198799
-0.190817
-0.182213
-0.173294
-0.164222
-0.155085
-0.14593
-0.136774
-0.127624
-0.118481
-0.109346
-0.100226
-0.0911005
-0.081969
-0.0727088
-0.064186
-0.0565773
-0.0504152
-0.043309
-0.0358178
-0.0277888
-0.0175667
-0.00477313
0.00248568
0.0098021
0.0169887
0.0240371
0.030969
0.0379223
0.0457267
0.053607
0.0615579
0.0695802
0.0776769
0.0858525
0.0941118
0.102448
0.11086
0.119353
0.127928
0.136574
0.145312
0.154148
0.163086
0.172127
0.181272
0.190497
0.19938
0.209867
0.218875
0.228123
0.237768
0.240734
0.243296
0.246026
0.248854
0.251872
0.255167
0.258646
0.262313
0.266178
0.270245
0.274523
0.279017
0.282707
0.286472
0.263102
0.248148
0.243824
0.239509
0.233319
0.226106
0.218387
0.210434
0.20239
0.19433
0.186295
0.178299
0.17034
0.162407
0.154513
0.146659
0.138844
0.131065
0.123297
0.115528
0.107748
0.099925
0.0914639
0.083449
0.0754921
0.0675043
0.0594056
0.0471831
0.0407851
0.0339945
0.0273086
0.0207371
0.0142433
0.00781004
0.00142384
-0.00492628
-0.011277
-0.0176892
-0.0246837
-0.0317291
