8.67367e-05
0.000120737
0.000131042
0.000131691
0.000129218
0.000125209
0.000120975
0.000117063
0.000113758
0.000111154
0.000109327
0.000108294
0.000108075
0.000108678
0.000110105
0.000112356
0.000115425
0.000119306
0.00012399
0.000129465
0.000135717
0.000142733
0.000150494
0.000158984
0.000168184
0.000178073
0.000188632
0.000199838
0.000211669
0.000224104
0.000237119
0.000250691
0.000264797
0.000279414
0.000294517
0.000310084
0.000326091
0.000342515
0.000359333
0.000376523
0.00039406
0.000411923
0.000430089
0.000448536
0.000467243
0.000486188
0.000505352
0.000524714
0.000544254
0.000563952
0.000583791
0.000603752
0.000623816
0.000643966
0.000664186
0.000684459
0.000704769
0.0007251
0.000745438
0.000765768
0.000786076
0.000806349
0.000826574
0.000846739
0.00086683
0.000886837
0.000906749
0.000926554
0.000946243
0.000965805
0.000985231
0.00100451
0.00102416
0.00104347
0.00106239
0.00108106
0.0010995
0.00111774
0.00113578
0.00115362
0.00117125
0.00118867
0.00120588
0.00122287
0.00123964
0.00125618
0.00127249
0.00128857
0.00130441
0.00132001
0.00133538
0.0013505
0.00136538
0.00138001
0.00139439
0.00140852
0.0014224
0.00143603
0.00144941
0.00146254
0.00147542
0.00148804
0.00150041
0.00151253
0.0015244
0.00153602
0.00154738
0.0015585
0.00156938
0.00158
0.00158986
0.00159981
0.00160964
0.0016193
0.00162873
0.00163794
0.00164692
0.00165566
0.00166417
0.00167245
0.0016805
0.00168831
0.0016959
0.00170326
0.0017104
0.00171732
0.00172403
0.00173053
0.00173682
0.00174291
0.0017488
0.00175449
0.00175999
0.0017653
0.00177043
0.00177538
0.00178015
0.00178475
0.00178843
0.00179169
0.00179594
0.00179999
0.00180416
0.00180926
0.00181412
0.00181832
0.00182178
0.00182487
0.00182772
0.00183042
0.00183184
0.00183164
0.00182974
0.00182613
0.00182159
0.00181663
0.00181137
0.00181125
0.00181071
0.00180906
0.00180837
0.00180823
0.00180843
0.00180888
0.00180951
0.0018103
0.00181123
0.00181228
0.00181332
0.00181412
0.00181457
0.00181464
0.00181432
0.00181361
0.0018125
0.00181099
0.00180911
0.00180684
0.00180421
0.00180121
0.00179787
0.00179418
0.00179016
0.00178583
0.00178118
0.00177624
0.00177102
0.00176552
0.00175976
0.00175374
0.00174749
0.00174101
0.00173432
0.00172741
0.00172031
0.00171302
0.00170556
0.00169793
0.00169015
0.00168223
0.00167419
0.00166602
0.00165773
0.00164935
0.00164088
0.00163232
0.00162369
0.001615
0.00160626
0.00159747
0.00158864
0.00158004
0.00157144
0.00156269
0.00155386
0.00154499
0.00153607
0.00152719
0.00151833
0.00150951
0.00150072
0.00149198
0.00148329
0.00147465
0.00146607
0.00145756
0.00144911
0.00144075
0.00143246
0.00142425
0.00141614
0.00140856
0.00140079
0.00139301
0.00138529
0.00137765
0.00137011
0.00136269
0.00135538
0.00134818
0.00134111
0.00133417
0.00132735
0.00132065
0.00131409
0.00130765
0.00130134
0.00129517
0.00128913
0.00128322
0.00127745
0.00127181
0.0012663
0.00126093
0.0012557
0.00125059
0.00124563
0.00124079
0.0012361
0.00123153
0.0012271
0.0012228
0.00121863
0.00121459
0.00121068
0.0012069
0.00120326
0.00119973
0.00119633
0.00119306
0.00118991
0.00118685
0.00118392
0.00118113
0.00117846
0.00117591
0.00117347
0.00117115
0.00116894
0.00116684
0.00116441
0.00116264
0.0011611
0.00115949
0.00115791
0.00115641
0.00115498
0.00115348
0.00115192
0.00115039
0.00114894
0.00114765
0.00114657
0.00114573
0.00114506
0.00114449
0.00114402
0.00114361
0.00114328
0.00114301
0.0011428
0.00114265
0.00114255
0.00114251
0.00114253
0.00114259
0.00114271
0.00114287
0.00114309
0.00114334
0.00114365
0.00114399
0.00114438
0.0011448
0.00114527
0.00114577
0.00114631
0.00114688
0.00114748
0.00114812
0.00114879
0.00114949
0.00115022
0.00115098
0.00115176
0.00115257
0.00115341
0.00115427
0.00115515
0.00115605
0.00115705
0.00115802
0.00115899
0.00115997
0.00116096
0.00116197
0.001163
0.00116404
0.00116509
0.00116616
0.00116724
0.00116833
0.00116943
0.00117054
0.00117166
0.00117279
0.00117393
0.00117507
0.00117622
0.00117738
0.00117854
0.00117971
0.00118088
0.00118207
0.00118326
0.00118446
0.00118566
0.00119361
0.00120619
0.00122009
0.0012343
0.00124855
0.00126283
0.00127723
0.00128722
0.00129112
0.00129135
0.00129032
0.00128907
0.00128807
0.00128749
0.00128744
0.00128794
0.00128902
0.00129069
0.00129294
0.00129578
0.00129921
0.00130321
0.00130778
0.00131291
0.00131756
0.00132243
0.00132782
0.00133382
0.00134047
0.00134776
0.00135571
0.00136431
0.00137357
0.00138354
0.00139412
0.00140515
0.00141655
0.00142827
0.0014403
0.00145259
0.00146515
0.00147794
0.00149096
0.00150418
0.00151759
0.00153117
0.00154492
0.00155881
0.00157283
0.00158697
0.00160122
0.00161556
0.00162997
0.00164446
0.00165899
0.00167358
0.00168819
0.00170282
0.00171747
0.00173212
0.00174676
0.00176139
0.00177598
0.00179055
0.00180507
0.00181952
0.00183392
0.00184825
0.00186249
0.00187666
0.00189074
0.00191543
0.00194428
0.00197496
0.00200658
0.00203887
0.00207176
0.00210451
0.00213405
0.00215811
0.00217645
0.00218949
0.00219943
0.00220849
0.0022176
0.0022268
0.00223619
0.00224684
0.00225726
0.00226925
0.00228239
0.00229646
0.00231135
0.00232699
0.00234338
0.00236048
0.00237827
0.00239674
0.00241586
0.00243562
0.00245598
0.00247694
0.00249846
0.00252052
0.0025431
0.00256618
0.00258972
0.00261371
0.00263813
0.00266294
0.00268812
0.00271365
0.00273951
0.00276567
0.00279211
0.00281881
0.00284574
0.00287288
0.0029002
0.00292734
0.00295486
0.00298259
0.00301047
0.00303846
0.00306652
0.00309464
0.00312279
0.00315095
0.00317911
0.00320725
0.00323535
0.0032634
0.00329138
0.00331928
0.0033474
0.00337552
0.00340334
0.00343098
0.00345833
0.00348542
0.00351234
0.00353908
0.00356565
0.00359202
0.0036182
0.00364417
0.00366993
0.00369546
0.00372077
0.00374584
0.00377068
0.00379526
0.00381959
0.00384366
0.00386747
0.00389102
0.00391429
0.00393729
0.00396001
0.00398245
0.00400461
0.00402647
0.00404805
0.00406934
0.00409034
0.00411104
0.00413145
0.00415157
0.00417138
0.0041909
0.00421012
0.00422905
0.00424767
0.004266
0.00428404
0.00430177
0.00431922
0.00433637
0.00435322
0.00436979
0.00438606
0.00440205
0.00441775
0.00443317
0.00444831
0.00446316
0.00447774
0.00449205
0.00450608
0.00451984
0.00453334
0.00454657
0.00455954
0.00457226
0.00458472
0.00459693
0.00460889
0.0046206
0.00463208
0.00464332
0.00465432
0.00466509
0.00467562
0.00468593
0.00469655
0.00470706
0.00471712
0.00472664
0.00473581
0.00474518
0.00475407
0.00476265
0.004771
0.00477917
0.00478718
0.00479502
0.00480271
0.00481025
0.00481763
0.00482487
0.00483196
0.00483889
0.00484569
0.00485234
0.00485886
0.00486524
0.00487149
0.00487762
0.00488362
0.00488949
0.00489525
0.00490089
0.00490642
0.00491184
0.00491716
0.00492236
0.00492747
0.00493248
0.00493739
0.00494221
0.00494694
0.00495158
0.00495613
0.0049606
0.00496499
0.00496931
0.00497354
0.0049777
0.0049818
0.00498582
0.00498977
0.00499366
0.00499749
0.00500126
0.00500497
0.00500862
0.00501223
0.00501578
0.00501928
0.00502273
0.00502614
0.00502951
0.00503283
0.00503611
0.00503936
0.00504257
0.00504574
0.00504887
0.00505198
0.00505505
0.0050581
0.00506112
0.00506411
0.00506707
0.00507002
0.00507297
0.00507919
0.0050865
0.00509382
0.00510077
0.00510721
0.00511308
0.0051184
0.00512163
0.00512297
0.00512368
0.00512453
0.00512581
0.00512781
0.0051302
0.00513282
0.00513561
0.00513854
0.00514162
0.00514482
0.00514814
0.0051516
0.00515518
0.00515888
0.0051627
0.00516664
0.0051707
0.00517487
0.00517835
0.00518176
0.00518533
0.00518917
0.00519329
0.00519776
0.00520263
0.0052077
0.00521289
0.00521818
0.00522353
0.00522895
0.00523442
0.00523994
0.0052455
0.00525111
0.00525676
0.00526244
0.00526814
0.00527388
0.00527964
0.00528543
0.00529124
0.00529707
0.00530291
0.00530877
0.00531463
0.00532051
0.0053264
0.00533229
0.00533819
0.00534409
0.00534999
0.0053559
0.0053618
0.00536771
0.00537361
0.0053795
0.00538539
0.00539127
0.00539714
0.00540325
0.00540934
0.00541521
0.00542098
0.00542669
0.00543236
0.00543741
0.00544209
0.00544673
0.00545158
0.00545666
0.00546194
0.00546741
0.00547307
0.00547881
0.00548455
0.00549027
0.00549595
0.00550158
0.00550716
0.00551269
0.00551817
0.0055236
0.00552888
0.00553416
0.00553941
0.00554462
0.00554977
0.00555488
0.00555992
0.00556492
0.00556986
0.00557474
0.00557926
0.0055837
0.0055882
0.0055928
0.00559741
0.005602
0.00560655
0.00561105
0.0056155
0.0056199
0.00562425
0.00562855
0.0056328
0.00563701
0.00564116
0.00564528
0.00564935
0.00565338
0.00565737
0.00566132
0.00566524
0.00566911
0.00567294
0.00567674
0.0056805
0.00568423
0.00568793
0.00569159
0.00569521
0.00569881
0.00570238
0.00570591
0.00570942
0.0057129
0.00571635
0.00571978
0.00572318
0.00572684
0.00573054
0.0057342
0.00573784
0.00574129
0.00574462
0.00574789
0.00575114
0.00575436
0.00575756
0.00576074
0.0057639
0.00576705
0.00577019
0.00577334
0.00577648
0.00577963
0.00578278
0.00578593
0.00578908
0.00579224
0.00579541
0.00579858
0.00580176
0.00580494
0.00580813
0.00581133
0.00581454
0.00581776
0.00582099
0.00582423
0.00582747
0.00583073
0.005834
0.00583728
0.00584057
0.00584388
0.0058472
0.00585053
0.00585387
0.00585723
0.0058606
0.00586398
0.00586738
0.00587079
0.00587421
0.00587765
0.00588111
0.00588458
0.00588806
0.00589156
0.00589507
0.0058986
0.00590215
0.00590571
0.00590927
0.00591284
0.00591643
0.00592003
0.00592364
0.00592727
0.00593091
0.00593457
0.00593824
0.00594192
0.00594561
0.00594933
0.00595305
0.00595679
0.00596055
0.00596459
0.00596867
0.00597257
0.00597639
0.00598018
0.00598391
0.00598742
0.00599076
0.00599399
0.00599718
0.00600038
0.00600366
0.00600704
0.00601057
0.00601427
0.00601815
0.00602222
0.00602636
0.00603051
0.00603467
0.00603881
0.00604295
0.00604707
0.00605117
0.00605525
0.00605932
0.00606337
0.0060674
0.00607141
0.00607541
0.00607938
0.00608334
0.00608728
0.0060912
0.00609511
0.00609899
0.00610286
0.00610672
0.00611056
0.00611438
0.00611819
0.00612198
0.00612576
0.00612953
0.00613328
0.00613702
0.00614075
0.00614446
0.00614816
0.00615185
0.00615553
0.0061592
0.00616286
0.00616652
0.00617016
0.0061738
0.00617744
0.00618106
0.00618469
0.0061883
0.00619191
0.00619552
0.00619911
0.00620271
0.0062063
0.00620988
0.00621346
0.00621703
0.0062206
0.00622416
0.00622799
0.00623186
0.00623566
0.00623944
0.00624312
0.00624673
0.00625031
0.00625389
0.00625744
0.00626099
0.00626453
0.00626807
0.0062716
0.00627514
0.00627869
0.00628225
0.00628583
0.00628941
0.00629301
0.00629662
0.00630025
0.00630389
0.00630754
0.00631121
0.00631489
0.00631859
0.0063223
0.00632602
0.00632976
0.00633352
0.00633729
0.00634108
0.00634488
0.0063487
0.00635254
0.00635639
0.00636026
0.00636414
0.00636805
0.00637197
0.0063759
0.00637985
0.00638382
0.00638781
0.00639181
0.00639582
0.00639986
0.00640391
0.00640797
0.00641205
0.00641614
0.00642025
0.00642437
0.00642851
0.00643266
0.00643682
0.006441
0.00644519
0.0064494
0.00645362
0.00645785
0.0064621
0.00646637
0.00647065
0.00647495
0.00647926
0.00648358
0.00648793
0.00649228
0.00649666
0.0065013
0.00650598
0.00651044
0.0065148
0.00651913
0.00652344
0.00652724
0.00653077
0.00653438
0.00653813
0.00654201
0.00654603
0.00655021
0.00655457
0.00655913
0.00656381
0.00656853
0.00657326
0.00657798
