0
-0.181734
0.185772
0.0348261
-0.00808063
0.222229
0.29145
-0.176472
0.202412
-0.333936
0.0681428
-0.165697
-0.0554937
-0.00850565
0.00511855
0.0110469
0.0100261
0.00939564
0.0089862
0.00866645
0.00836734
0.0080571
0.00771902
0.00734397
0.00685888
0.00645036
0.00571539
0.00538811
0.00449591
0.00417461
0.00228554
0.0028432
0.00222389
0.00147714
0.000606109
-0.00041929
-0.00194498
-0.0197047
-0.0244038
-0.0219535
-0.00806772
-0.00927868
-0.0106436
-0.0119671
-0.0129701
-0.0137552
-0.0151578
-0.0165348
-0.017852
-0.0191262
-0.0203814
-0.021602
-0.0227898
-0.0239469
-0.0250746
-0.0261786
-0.0200786
-0.0198544
-0.0206933
-0.0362949
-0.0388359
-0.0393508
-0.039862
-0.0403506
-0.0408198
-0.0366632
-0.0368843
-0.0371789
-0.0376755
-0.0382831
-0.0389692
-0.387018
0.047211
0.00495002
-0.0188505
-0.000921136
-0.033913
-0.0374768
-0.0394063
-0.0404334
-0.0409612
-0.0412103
-0.0413045
-0.0413112
-0.0412674
-0.0411929
-0.0410983
-0.0409898
-0.0348254
-0.0387777
-0.03785
-0.0365483
-0.0345121
-0.0343716
-0.0342266
-0.0340771
-0.0339225
-0.0337627
-0.0335976
-0.0335206
-0.0334528
-0.0334169
-0.0334992
-0.0336779
-0.035154
-0.032302
-0.0316042
-0.0312864
-0.030985
-0.0152409
-0.0648044
-0.0397571
-0.0367468
-0.0362982
-0.0359526
-0.0356524
-0.0353691
-0.0350888
-0.0348045
-0.0345127
-0.0342117
0.200712
0.0365512
0.0339349
0.050822
0.0609746
0.0673249
0.0715201
0.0744769
0.076665
0.0783339
0.0873069
0.0814303
0.0827255
0.0838722
0.0848993
0.0858258
0.0848771
-0.0242219
-0.0164718
-0.0147713
0.0410588
0.0343223
0.0473446
0.0330763
0.0327544
0.0329433
0.034124
0.0349298
0.0343127
0.0234896
0.0230356
0.0216984
0.0200131
0.0268433
0.0284163
0.0273695
-0.00454369
0.0345095
0.0310532
0.0195215
0.0180244
0.0173105
0.0166765
0.0160912
0.0155342
0.0149919
0.0144552
0.0125327
0.01022
0.0092941
0.00855931
0.00784556
0.00705472
0.0061793
0.00524122
0.00425207
0.00321954
0.00215148
0.00105595
-5.88635e-05
-0.00118378
-0.00229801
-0.003387
-0.154639
-0.108321
-0.101496
-0.102689
-0.102971
-0.103023
-0.103148
-0.105006
-0.0963526
-0.104428
-0.109438
-0.113057
-0.115872
-0.118249
-0.120374
-0.122076
-0.124177
-0.126533
-0.127748
-0.129818
-0.131597
-0.133197
-0.134721
-0.136179
-0.137578
-0.138743
-0.140104
-0.147553
-0.154566
-0.148159
-0.146365
-0.144241
-0.157318
-0.126971
-0.141036
-0.140842
-0.140687
-0.14055
-0.140414
-0.140268
-0.140105
-0.139921
-0.139713
-0.139481
-0.139228
-0.138968
-0.0971355
-0.16429
-0.131396
-0.129794
-0.131806
-0.129788
-0.129956
-0.129839
-0.127376
-0.126286
-0.125644
-0.125007
-0.124462
-0.123855
-0.123173
-0.122439
-0.121662
-0.120848
-0.120007
-0.119147
-0.118304
-0.117448
-0.116546
-0.115679
-0.114839
-0.114021
-0.113222
-0.112437
-0.111662
-0.110869
-0.109738
-0.109296
-0.118668
-0.117182
-0.104892
-0.0988367
-0.100291
-0.0971644
-0.0891323
-0.0863758
-0.0180408
-0.11178
-0.0582582
-0.0554196
-0.0531583
-0.050974
-0.0489423
-0.0473196
-0.0493804
0.18566
0.104302
0.0991133
0.104129
0.098468
0.0998688
0.102411
0.11664
0.207521
0.110878
0.112738
0.111394
0.115861
0.116776
0.117456
0.115426
0.115608
0.116247
0.119788
0.120371
0.120902
0.121396
0.121832
0.122225
0.122576
0.122886
0.123157
0.123389
0.123584
0.123741
0.123863
0.123874
0.123859
0.123909
0.123876
0.123754
0.123568
0.123328
0.123043
0.122723
0.122377
0.122028
0.121689
0.121341
0.12102
0.120719
0.120431
0.120148
0.119849
0.119443
0.0604597
0.164684
0.108065
0.116583
0.109113
0.103965
0.100184
0.0971634
0.0945613
0.0921883
0.0899775
0.0878762
0.085754
0.0835872
0.0814289
0.0792693
0.0771024
0.0749236
0.0727296
0.0705174
0.0682847
0.0660289
0.0835834
0.0750526
0.0559431
-0.00527613
0.0924208
0.0482682
-0.042791
-0.0984583
-0.0154163
-0.0356774
-0.0371667
-0.0393857
-0.0446856
-0.117275
-0.103708
-0.0312067
-0.106922
-0.10756
-0.108258
-0.109345
-0.110658
-0.133075
-0.110856
-0.112796
-0.101117
-0.121364
-0.122096
-0.122721
-0.12322
-0.0662925
-0.222898
-0.157409
-0.128571
-0.128768
-0.128464
-0.127954
-0.127349
-0.126691
-0.125971
-0.123204
-0.124405
-0.125503
-0.125435
-0.125831
-0.126144
-0.126355
-0.126512
-0.126644
-0.126746
-0.126801
-0.125601
-0.135432
-0.128563
-0.123892
-0.12045
-0.117668
-0.110731
-0.108659
-0.106734
-0.104911
-0.0980269
-0.0961799
-0.0942692
-0.0923618
-0.0904521
-0.0885357
-0.0866096
-0.084671
-0.0827176
-0.0807474
-0.0779773
-0.0682605
-0.061362
-0.010104
-0.0872828
-0.0545334
-0.0537493
0.0226414
0.0104357
0.00702996
0.0151296
0.0197988
0.022371
0.13771
0.0112308
0.0292592
0.0307319
0.0331576
0.0324566
0.0325923
0.0345225
0.0414768
0.042322
0.0203136
0.121419
0.119039
0.0983944
0.0975436
0.0972622
0.0986314
0.10275
0.122496
0.0957141
0.0953949
0.0949985
0.0945408
0.094033
0.093486
0.0930555
0.0929069
0.0923672
0.0871517
0.0832015
0.0826758
0.0822318
0.0818128
0.0814193
0.0810528
0.0806961
0.0803296
0.0784815
0.0882904
0.0814528
0.0762247
0.0732568
0.0219395
-0.100194
-0.0818078
-0.0845097
-0.0865137
-0.0856623
-0.0882329
-0.0903056
-0.0921183
-0.0937463
-0.0952368
-0.0221306
-0.0659664
-0.0430167
-0.0443863
-0.0477272
-0.0479094
-0.0454061
-0.0450166
-0.0518826
-0.0598061
-0.0451515
-0.0477034
-0.0512566
-0.0516708
-0.052037
-0.0523613
-0.0526436
-0.0528845
-0.053085
-0.053246
-0.0533687
-0.0534541
-0.0535033
-0.0535173
-0.0534971
-0.0534432
-0.0533564
-0.0532378
-0.0530882
-0.0529086
-0.0526998
-0.0524625
-0.0521977
-0.0517393
-0.0512729
-0.0509973
-0.0505866
-0.0500262
-0.049374
-0.0486513
-0.0478783
-0.0470752
-0.0462624
-0.0454628
-0.0447029
-0.0440306
-0.0434784
-0.0430361
-0.0426967
-0.0424539
-0.0423044
-0.0422437
-0.0422245
-0.0421928
-0.0406362
-0.0442871
-0.0397849
-0.0364491
-0.0337756
-0.0314795
-0.0294012
-0.0274519
-0.0256193
-0.0238809
-0.0221234
-0.0209551
-0.0202695
-0.0168604
-0.0151595
0.0371864
0.0888332
0.0866533
0.0881963
0.0894092
0.0837696
0.112223
0.102595
0.100277
0.00857505
-0.0264804
0.0936477
0.0239946
0.0244224
0.0243379
0.0250302
0.0308413
0.0308369
0.0298903
0.0336806
0.0339577
0.033914
0.0338581
0.0337871
0.0336988
0.033593
0.0334711
0.0333326
0.0331777
0.0330064
0.0328191
0.032616
0.0323973
0.0321632
0.0318375
0.0315059
0.0312587
0.0309473
0.0283444
0.0266411
0.0255526
0.0245667
0.023584
0.0225978
0.0216249
0.0206897
0.0198357
0.0190959
0.0184656
0.0179389
0.0175104
0.0171757
0.0169309
0.0167335
0.016532
0.014851
-0.112423
-0.0339232
-0.0410603
-0.0484199
-0.0534039
-0.0568472
-0.0598304
-0.0621854
-0.0641752
-0.0660506
-0.0678728
-0.0696043
-0.0712654
-0.0728705
-0.0744341
-0.0759756
-0.0775313
-0.0791957
-0.0814688
0.0786268
0.028758
-0.0340987
-0.040644
-0.0696615
-0.0531485
-0.045772
-0.0457902
-0.0468809
-0.0413115
-0.0384579
-0.000397978
-0.0564631
-0.0405092
-0.0436713
-0.0426697
-0.0421077
-0.041755
-0.0413574
-0.0409711
-0.0405838
-0.040185
-0.0397679
-0.0393277
-0.0388599
-0.0383565
-0.0377963
-0.0370787
-0.00554669
-0.0582631
-0.0281748
-0.0279602
-0.0275026
-0.026899
-0.026432
-0.025939
-0.0228973
-0.0221211
-0.0213019
-0.0204578
-0.0196084
-0.0187786
-0.0179844
-0.0172218
-0.016488
-0.0157802
0.137606
0.116579
0.0893234
0.0916088
0.0263707
0.103626
0.0668389
0.0767037
0.0837304
0.0873937
0.0886503
0.0865135
0.0885689
0.0904451
0.08731
0.0889797
0.0905567
0.0920581
0.0933218
0.0947578
0.0983961
0.100798
0.102149
0.103422
0.100194
0.107623
0.102936
0.105793
0.105286
0.125061
0.141531
0.0985319
0.0792723
0.119081
0.0989018
0.0980288
0.0982974
0.100503
0.100489
0.0997685
0.0990057
0.0982248
0.0973954
0.0964946
0.0954753
0.0941271
0.0276081
0.112082
0.0617168
0.0611023
0.0606761
0.0603216
0.0601274
0.0604076
0.0322307
0.0295111
0.00644767
0.0262674
0.0185184
0.0177013
0.0162885
0.0144093
0.0131667
0.0119219
0.0106857
0.00947905
0.00831545
0.00718932
0.00609644
0.0050333
0.00399678
0.00298388
-0.19694
-0.115686
-0.098502
-0.0666035
-0.078438
-0.0916848
-0.0997504
-0.105076
-0.108927
-0.111963
-0.114496
-0.116706
-0.118789
-0.120755
-0.122627
-0.125099
-0.126852
-0.128127
-0.129575
-0.131739
-0.133247
-0.134695
-0.127376
-0.135479
-0.128912
-0.129729
-0.148052
-0.189216
-0.131433
-0.131879
-0.131452
-0.130981
-0.130532
-0.130473
-0.132937
-0.13083
-0.130703
-0.130693
-0.130687
-0.13064
-0.130551
-0.130425
-0.130263
-0.130065
-0.129829
-0.129554
-0.129243
-0.128895
-0.128513
-0.128096
-0.127646
-0.127093
-0.126521
-0.12601
-0.125427
-0.124771
-0.124075
-0.123371
-0.122705
-0.121536
-0.119993
-0.114576
-0.108875
-0.107793
-0.106726
-0.0404403
-0.135869
-0.0842674
-0.0835853
-0.0829541
-0.0824846
-0.082281
-0.0820384
-0.089487
-0.0835336
-0.00760711
0.219126
0.0897932
0.0755395
0.0797307
0.0830989
0.0858363
0.0882761
0.0872626
0.0896076
0.0933472
0.0959202
0.0981017
0.100079
0.101693
0.103639
0.105624
0.103962
0.113482
0.108154
0.106604
0.0977617
0.100081
0.165094
0.0958947
0.0902482
0.0893195
0.0888095
0.0884752
0.0882104
0.0879653
0.0882487
0.0916932
0.0933992
0.098347
0.0974588
0.0965368
0.0960454
0.0956842
0.0953696
0.0950601
0.0947335
0.0943784
0.0939889
0.0935629
0.0931002
0.0924396
0.0915857
0.0907763
0.0898565
0.0888015
0.0876328
0.0862829
0.083357
0.03405
0.0271901
0.0260971
0.0249994
0.0239251
0.0228928
0.0218993
0.0207951
0.0201139
0.01923
0.0183322
0.0174402
0.0165274
-0.218754
-0.0810578
-0.0633152
-0.0774703
-0.0884881
-0.0954393
-0.100172
-0.103679
-0.106453
-0.108773
-0.110889
-0.112889
-0.114754
-0.116511
-0.118138
-0.119783
-0.121581
-0.123545
-0.119432
-0.113944
-0.106906
-0.113992
-0.114155
-0.116806
-0.135324
-0.154404
-0.114346
-0.114964
-0.11455
-0.114021
-0.113453
-0.113271
-0.115821
-0.115888
-0.115831
-0.11569
-0.115483
-0.115222
-0.114911
-0.114466
-0.113928
-0.113342
-0.112719
-0.112102
-0.111314
-0.110479
-0.109588
-0.10863
-0.107577
-0.106237
-0.101717
-0.111493
-0.0984499
-0.0979011
-0.0983544
-0.0487181
-0.0427687
-0.0414675
-0.0387061
-0.0379761
-0.0378919
-0.0366081
-0.0353573
-0.0341409
-0.0329541
-0.0317926
-0.0306528
-0.0222246
-0.0199008
0.17669
0.118446
0.0536024
0.0538807
0.0697309
0.0797668
0.0861786
0.0906524
0.0940744
0.0968712
0.0992785
0.101521
0.103696
0.10588
0.107866
0.109747
0.111536
0.113253
0.114986
0.116848
0.118611
0.124109
0.131956
0.124735
0.122577
0.122045
0.123456
0.157959
0.116291
0.11933
0.118359
0.117646
0.117289
0.117008
0.116757
0.116513
0.117891
0.117775
0.119756
0.119604
