0.00235421
0.0161424
0.0202917
0.0184642
0.286236
0.253609
0.225833
0.195685
0.167543
0.141062
0.116141
0.125099
0.128269
0.130475
0.123146
0.130141
0.136643
0.143751
0.150948
0.158383
0.165938
0.173658
0.181347
0.18945
0.174318
0.167065
0.155328
0.143141
0.12939
0.115067
0.100141
0.084643
0.0691443
0.0529571
0.0365651
0.00650908
-0.00956682
-0.0261361
-0.0430886
-0.0594557
-0.0755994
-0.0914459
-0.106497
-0.127511
-0.14279
-0.158073
-0.172593
-0.186611
-0.2002
-0.21345
-0.226713
-0.239935
-0.262162
-0.277015
-0.273016
-0.267901
-0.26149
-0.253756
-0.245289
-0.236236
-0.226775
-0.217015
-0.207043
-0.196922
-0.186706
-0.176457
-0.166171
-0.157
-0.14782
-0.138786
-0.129867
-0.121062
-0.11237
-0.103793
-0.0953337
-0.0869953
-0.0787802
-0.0706898
-0.0627227
-0.0548784
-0.0471146
-0.0393522
-0.0785893
-0.0942992
-0.120247
-0.114552
-0.125214
-0.133863
-0.144394
-0.170568
-0.190437
-0.200756
-0.212765
-0.232147
-0.248957
-0.265641
-0.282142
-0.298464
-0.315317
-0.31068
-0.309218
-0.310585
-0.309498
-0.304313
-0.298011
-0.290487
-0.282883
-0.276997
-0.271568
-0.265853
-0.260802
-0.255559
-0.250742
-0.245816
-0.24121
-0.236669
-0.232257
-0.227956
-0.223777
-0.244711
-0.256451
-0.272061
-0.28545
-0.296466
-0.308395
-0.321701
-0.334225
-0.348412
-0.352083
-0.337152
-0.333882
-0.34068
-0.350499
-0.350751
-0.358395
-0.350069
-0.349283
-0.358373
-0.365319
-0.366525
-0.373322
-0.373713
-0.376617
-0.38173
-0.384426
-0.38943
-0.390378
-0.396321
-0.397718
-0.401184
-0.405404
-0.391342
-0.394493
-0.478943
-0.459844
-0.453304
-0.444573
-0.438308
-0.442011
-0.437865
-0.443824
-0.439934
-0.447842
-0.443609
-0.453323
-0.448373
-0.459756
-0.454756
-0.466037
-0.461272
-0.472841
-0.468287
-0.479687
-0.475296
-0.486758
-0.482518
-0.493802
-0.489681
-0.500921
-0.496845
-0.508088
-0.49834
-0.523994
-0.522857
-0.525242
-0.515221
-0.513017
-0.520514
-0.52396
-0.526347
-0.526934
-0.531173
-0.559469
-0.556831
-0.566042
-0.568527
-0.578136
-0.63503
-0.580763
-0.58311
-0.525932
-0.610453
-0.638573
-0.647021
-0.681695
-0.716045
-0.728636
-0.706685
-0.679339
-0.660426
-0.668504
-0.665925
-0.662287
-0.657416
-0.652411
-0.647178
-0.642242
-0.637285
-0.632702
-0.628113
-0.623814
-0.619468
-0.614657
-0.639312
-0.657125
-0.749489
-0.807932
-0.871541
-0.927371
-0.834047
-0.801627
-0.77617
-0.554926
-0.535157
-0.477254
-0.462319
-0.487534
-0.533493
-0.413359
-0.413461
-0.405772
-0.403085
-0.402241
-0.402636
-0.403741
-0.405263
-0.407029
-0.408946
-0.410968
-0.413078
-0.414964
-0.43815
-0.456318
-0.428885
-0.422543
-0.415757
-0.408583
-0.400922
-0.391983
-0.383827
-0.407635
-0.282347
-0.278202
-0.275181
-0.198414
-0.214252
-0.210707
-0.247243
-0.248682
-0.287788
-0.325137
-0.369401
-0.414853
-0.461849
-0.581682
-0.681615
-0.691957
-0.690914
-0.731853
-0.781175
-0.828502
-0.903219
-0.916297
-0.98098
-1.04253
-1.04691
-1.06108
-1.1403
-1.2435
-1.34611
-1.45234
-1.54011
-1.66096
-1.96071
-2.05857
-2.23111
-2.40391
-2.56651
-2.71621
-2.81898
-2.91915
-3.05925
-3.14633
-3.21421
-3.33964
-3.4368
-3.64265
-3.77217
-3.82965
-3.95663
-4.09519
-4.1273
-4.26847
-4.41265
-4.59395
-4.81596
-4.98353
-5.15844
-5.33005
-5.50295
-5.6611
-5.84648
-6.03297
-6.16458
-6.29938
-6.45005
-6.60179
-6.73402
-6.80978
-6.88172
-6.96204
-7.13915
-7.18558
-7.26007
-7.35054
-7.4334
-7.61767
-7.65284
-7.59639
-7.91054
-8.76652
-8.97654
-9.21995
-9.40315
-10.1635
-10.254
-10.3461
-10.486
-10.7241
-10.9202
-11.1324
-11.2775
-11.43
-11.5955
-11.7605
-11.9369
-12.1754
-12.4559
-12.7614
-13.1231
-13.4067
-13.623
-13.8994
-14.2168
-14.5877
-14.8032
-15.1148
-15.3805
-15.6628
-15.9395
-16.2207
-16.5404
-16.7947
-17.0914
-17.3645
-17.5797
-17.7855
-18.0051
-18.2208
-18.4507
-18.7142
-18.9411
-19.2022
-19.4705
-19.7338
-19.9475
-20.157
-20.3639
-20.5902
-20.8128
-21.0205
-21.2873
-21.5231
-21.768
-22.0103
-22.2394
-22.8521
-23.1911
-23.4815
-23.6526
-23.7715
-23.9664
-24.1422
-24.3161
-24.5415
-24.7591
-25.0285
-25.3411
-25.5845
-25.797
-26.0251
-26.2594
-26.7489
-26.9407
-27.2615
-27.5263
-27.8009
-28.0568
-28.3105
-28.567
-28.8061
-29.041
-29.2719
-29.5065
-29.8514
-29.9826
-30.2569
-30.4741
-30.6984
-30.9276
-31.1559
-31.3932
-31.6128
-31.8383
-32.1743
-32.4735
-32.745
-33.0394
-32.7679
-32.9782
-33.1807
-33.3962
-33.6181
-33.7647
-33.8931
-34.0645
-34.2915
-34.4805
-34.702
-34.9525
-35.1864
-35.9186
-36.3786
-36.6406
-36.897
-37.1562
-37.4522
-37.7576
-38.0717
-38.3651
-38.6652
-38.9834
-39.2292
-39.4783
-39.7158
-39.9864
-40.2131
-40.4466
-40.7087
