1.19602e-05
6.58454e-05
0.000170728
0.000314413
0.000816888
0.00139226
0.00183856
0.00259077
0.00362028
0.00485355
0.00626244
0.00784643
0.00958945
0.0112741
0.0126154
0.0136043
0.014398
0.0150459
0.0155278
0.0158436
0.015991
0.0159689
0.0157761
0.015412
0.0151667
0.0153867
0.0158928
0.0164818
0.0171819
0.0179867
0.0188928
0.0198496
0.0208279
0.0218515
0.0229285
0.0239141
0.0246864
0.0252485
0.0255837
0.0256889
0.0255479
0.0251484
0.024472
0.023708
0.0230302
0.0224302
0.0219366
0.0215637
0.0213216
0.0212152
0.0212463
0.0213939
0.0216928
0.0221758
0.0226959
0.0231752
0.0236386
0.0240603
0.0244299
0.024737
0.024974
0.0251346
0.0252141
0.0252089
0.0251164
0.0249357
0.0246651
0.0243043
0.023854
0.023315
0.0226887
0.0219772
0.0211827
0.0203082
0.0193571
0.0183331
0.0172403
0.0160833
0.0148672
0.0135957
0.0122746
0.0109144
0.00953503
0.00820486
0.00687916
0.00544372
0.00390374
0.00226417
0.000563101
-0.00105573
-0.00250496
-0.00376719
-0.00491489
-0.00604548
-0.00717274
-0.00830648
-0.00944339
-0.0105893
-0.0117154
-0.0127586
-0.0137907
-0.0148602
-0.0158876
-0.0169132
-0.0179675
-0.0190152
-0.020065
-0.0211198
-0.0221696
-0.0232113
-0.0242437
-0.0252631
-0.0262691
-0.0272603
-0.0282369
-0.0291966
-0.0301403
-0.0310686
-0.0319825
-0.0329388
-0.034004
-0.0351381
-0.0363097
-0.0375252
-0.0387943
-0.0401193
-0.0415029
-0.0429416
-0.0443646
-0.0457884
-0.0472481
-0.0487361
-0.050285
-0.0519024
-0.0535819
-0.0551856
-0.0566749
-0.0581953
-0.059794
-0.0614701
-0.0632274
-0.0650798
-0.0669596
-0.0688156
-0.0706948
-0.0726552
-0.0746433
-0.0766162
-0.0786708
-0.0807622
-0.0828288
-0.0849389
-0.0871378
-0.0892426
-0.0912493
-0.0932994
-0.0953617
-0.0974456
-0.0995433
-0.101664
-0.10381
-0.105983
-0.108184
-0.110414
-0.112668
-0.114948
-0.117246
-0.119564
-0.121904
-0.124265
-0.126646
-0.129045
-0.131466
-0.133907
-0.136367
-0.138846
-0.141346
-0.143866
-0.146406
-0.148966
-0.15154
-0.154119
-0.156682
-0.159216
-0.161731
-0.164339
-0.167081
-0.169786
-0.172423
-0.175029
-0.177586
-0.180125
-0.182693
-0.185272
-0.187862
-0.190467
-0.193079
-0.195768
-0.19852
-0.201283
-0.204129
-0.206981
-0.20979
-0.212644
-0.215531
-0.218443
-0.221377
-0.224331
-0.227302
-0.230311
-0.233354
-0.236423
-0.239521
-0.24265
-0.24581
-0.248998
-0.252215
-0.25546
-0.258733
-0.26203
-0.265352
-0.268692
-0.272046
-0.275541
-0.279178
-0.282881
-0.286689
-0.290594
-0.294596
-0.298464
-0.302236
-0.306086
-0.309901
-0.313641
-0.317477
-0.321521
-0.325658
-0.330016
-0.334383
-0.338582
-0.342795
-0.347007
-0.351213
-0.355413
-0.359608
-0.363801
-0.367997
-0.372198
-0.37641
-0.380638
-0.384885
-0.389241
-0.393753
-0.39851
-0.403482
-0.408535
-0.413688
-0.418932
-0.424258
-0.429727
-0.435351
-0.441285
-0.447511
-0.453928
-0.460637
-0.467677
-0.475275
-0.483325
-0.491715
-0.500431
-0.509735
-0.519667
-0.529774
-0.540006
-0.54862
-0.55458
-0.560852
-0.56736
-0.572514
-0.577239
-0.581794
-0.586223
-0.590318
-0.593918
-0.597027
-0.599594
-0.601606
-0.603551
-0.605393
-0.606648
-0.607309
-0.607806
-0.608067
-0.609268
-0.611352
-0.613951
-0.617373
-0.620814
-0.624187
-0.627204
-0.63
-0.632362
-0.633951
-0.635379
-0.63756
-0.641196
-0.646689
-0.653622
-0.66039
-0.665908
-0.670866
-0.676669
-0.683445
-0.690288
-0.696671
-0.701939
-0.706062
-0.709256
-0.711532
-0.712936
-0.713932
-0.714098
-0.71347
-0.712934
-0.712376
-0.711723
-0.710948
-0.709977
-0.708925
-0.707822
-0.706626
-0.705543
-0.703993
-0.701565
-0.699967
-0.700555
-0.702248
-0.705582
-0.715071
-0.730195
-0.747591
-0.766446
-0.785387
-0.803792
-0.822135
-0.841271
-0.860458
-0.878928
-0.897936
-0.918769
-0.941294
-0.963843
-0.985652
-1.00735
-1.02963
-1.05244
-1.07507
-1.09746
-1.11957
-1.14165
-1.16454
-1.18949
-1.21668
-1.24536
-1.2751
-1.3055
-1.33573
-1.36537
-1.39478
-1.42365
-1.45151
-1.4777
-1.50307
-1.52761
-1.55143
-1.57607
-1.60169
-1.62845
-1.65563
-1.68308
-1.7102
-1.73695
-1.76425
-1.79174
-1.81923
-1.84669
-1.87398
-1.90089
-1.92738
-1.95329
-1.97828
-2.00268
-2.02788
-2.05396
-2.0802
-2.10606
-2.1384
-2.17892
-2.22077
-2.26251
-2.30343
-2.34321
-2.38236
-2.42125
-2.46046
-2.49979
-2.53963
-2.58034
-2.61977
-2.65738
-2.6937
-2.72871
-2.76439
-2.80076
-2.83334
-2.86237
-2.89073
-2.91844
-2.94502
-2.97044
-2.99514
-3.01944
-3.04317
-3.06674
-3.09224
-3.11764
-3.14418
-3.17502
-3.20629
-3.23953
-3.27558
-3.30879
-3.33821
-3.36596
-3.39421
-3.42359
-3.45324
-3.48371
-3.50819
-3.52472
-3.5387
-3.55014
-3.55939
-3.56501
-3.56706
-3.56747
-3.56684
-3.56547
-3.56306
-3.55947
-3.55541
-3.55668
-3.56638
-3.58048
-3.59603
-3.612
-3.62792
-3.64339
-3.65839
-3.67312
-3.68771
-3.702
-3.71737
-3.73447
-3.75184
-3.76884
-3.78499
-3.79986
-3.81312
