-0.00239938
-0.0103196
-0.01483
-0.017244
-0.156221
-0.0996611
-0.11409
-0.132424
-0.141495
-0.148103
-0.153356
-0.173561
-0.186837
-0.164796
-0.121644
-0.0993475
-0.0901546
-0.0768093
-0.0636991
-0.0501012
-0.0362362
-0.0221071
-0.00756752
0.00705585
-0.0298443
-0.0814296
-0.0833624
-0.0923355
-0.100247
-0.108181
-0.115942
-0.113533
-0.115738
-0.119334
-0.124084
-0.0958143
-0.0745709
-0.0485664
-0.0244068
0.00153757
0.0284994
0.0564696
0.0869364
0.0715576
0.0628883
0.0494609
0.034067
0.0170968
-0.000874781
-0.0194436
-0.0383462
-0.0530635
-0.0831759
-0.106003
-0.0952079
-0.0935911
-0.0867889
-0.0784366
-0.0683898
-0.0571141
-0.0448647
-0.0318698
-0.0183133
-0.00435004
0.00988811
0.0241342
0.038675
0.0524316
0.0661503
0.0796201
0.0928138
0.105671
0.118137
0.130159
0.141682
0.152654
0.163022
0.172736
0.181744
0.190442
0.197944
0.203931
0.19316
0.178032
0.182519
0.19691
0.204523
0.215995
0.216281
0.196927
0.179293
0.15731
0.15623
0.15757
0.161388
0.165922
0.170458
0.177662
0.177852
0.164623
0.1729
0.172377
0.164348
0.169133
0.165099
0.161473
0.158636
0.156344
0.152434
0.149651
0.145657
0.142373
0.138441
0.135055
0.13128
0.127684
0.124199
0.12088
0.11775
0.136366
0.153482
0.161395
0.172414
0.17981
0.192267
0.200906
0.214124
0.222249
0.217302
0.218278
0.218422
0.225145
0.235644
0.242085
0.250145
0.226226
0.224722
0.233214
0.241875
0.24965
0.258673
0.269304
0.264074
0.263075
0.267613
0.278436
0.272036
0.27326
0.286814
0.279204
0.278859
0.291806
0.301339
0.240879
0.257478
0.2589
0.265321
0.268539
0.269023
0.273377
0.273539
0.278174
0.277815
0.282822
0.2809
0.286359
0.282399
0.288068
0.284746
0.290219
0.286127
0.291609
0.287835
0.293246
0.289044
0.294498
0.290413
0.295875
0.291505
0.297061
0.292159
0.296841
0.28547
0.284521
0.281483
0.304303
0.310123
0.296667
0.295358
0.290292
0.285183
0.286806
0.293464
0.29079
0.29692
0.295206
0.30064
0.3244
0.313076
0.314998
0.31648
0.32355
0.336728
0.343026
0.355166
0.366627
0.372199
0.36841
0.363462
0.364586
0.368002
0.371796
0.372495
0.376627
0.376882
0.38031
0.380801
0.384279
0.384969
0.387616
0.388527
0.38966
0.390088
0.425198
0.430928
0.462391
0.485907
0.509829
0.5336
0.471482
0.485138
0.478884
0.447104
0.433998
0.464794
0.479366
0.486491
0.532124
0.493333
0.497067
0.498052
0.497763
0.496972
0.496071
0.495351
0.495014
0.495195
0.495986
0.497443
0.499598
0.502822
0.528662
0.542732
0.618287
0.630083
0.652185
0.671343
0.691069
0.707979
0.751874
0.765404
0.906092
0.922027
0.988898
1.06824
1.15054
1.31735
1.34862
1.46954
1.49535
1.7439
1.79202
1.81794
1.84382
0.937551
0.400214
1.10215
0.518589
0.340797
0.262432
0.231381
0.179277
0.0262728
-0.12219
-0.274644
-0.459964
-0.625797
-0.494865
-0.679812
-0.867082
-1.05933
-0.956845
-1.20377
-0.241431
-0.538385
0.16651
0.0978793
0.224796
0.0863701
-0.00808074
-0.053293
-0.305834
-0.611587
-0.408754
-0.00549222
0.749097
1.47992
1.92119
1.37217
0.955982
0.960795
1.65661
1.76323
1.74439
1.4252
0.874993
0.521243
0.136505
-0.216171
-0.571829
-0.544435
-1.26472
-1.21343
-1.1915
-1.24235
-1.2885
-1.3692
-1.48536
-1.46203
-1.54991
-1.56623
-1.50165
-2.03039
-2.31791
-1.32789
-0.392954
-0.419467
1.03828
5.29
6.16732
6.94137
7.09888
6.83196
6.40893
6.36755
6.79712
6.33534
6.00247
6.68618
7.57319
8.1442
7.43457
7.29217
7.19361
7.70769
7.5843
7.35082
7.14265
6.84242
6.8394
7.4048
8.69373
9.43895
9.96743
10.2438
10.4342
9.89841
9.66874
9.49745
8.95645
8.33852
7.10824
7.36121
6.13746
6.48334
6.82989
7.35955
7.85968
7.68082
8.02539
7.2378
7.56218
7.71609
7.66944
7.65234
7.59206
7.44611
7.19513
7.00828
6.60427
6.07801
6.02979
6.90995
6.95568
7.10291
6.61932
13.8008
15.0516
15.2731
15.0379
14.5056
13.9508
13.9831
13.7913
14.4438
14.0716
15.1404
15.1856
14.0847
13.5446
12.9769
12.436
14.0119
13.4904
10.4434
10.213
10.0649
9.84321
9.2214
8.95285
8.78454
8.8238
8.48841
8.94009
10.7771
9.13585
12.183
13.7732
12.9068
16.0578
16.0575
13.5243
12.5432
12.1642
13.4312
13.757
14.1028
15
8.05232
6.92832
5.75028
4.63743
3.82581
1.18279
0.364264
-0.308422
-0.44831
-0.834859
-1.27461
-1.78527
-1.50158
4.28902
7.93154
9.27183
9.74193
10.0146
10.0159
9.93573
9.91324
10.0412
10.1583
10.1431
11.6637
12.2844
12.2904
12.2712
11.7758
11.2869
10.49
