1.1771e-05
0.000104254
0.000286425
0.000480204
0.0020037
0.00470293
0.00710014
0.00920772
0.0110239
0.0125669
0.0138529
0.0150591
0.016326
0.0176197
0.0188878
0.0201542
0.0214881
0.0228901
0.0243636
0.0259102
0.0275318
0.0292298
0.0310049
0.0328588
0.0346777
0.0363846
0.0379966
0.0394889
0.0408516
0.0420738
0.0431499
0.0440738
0.0448427
0.0454533
0.0459009
0.0461162
0.0461009
0.0459224
0.0455763
0.0450636
0.0443883
0.0435531
0.0425634
0.0413933
0.0400418
0.0385375
0.0368842
0.0350882
0.0331541
0.0310859
0.028885
0.0265518
0.0240413
0.0213454
0.0185953
0.0158907
0.0132437
0.0106675
0.00817228
0.00576466
0.0034496
0.00123065
-0.000889641
-0.00290947
-0.00482761
-0.00664342
-0.00835656
-0.00997241
-0.0114965
-0.0129295
-0.0142728
-0.0155275
-0.0166946
-0.0177754
-0.0187711
-0.0196827
-0.0205116
-0.0212589
-0.021926
-0.022514
-0.023024
-0.0234563
-0.024046
-0.0249104
-0.0259832
-0.0271572
-0.028356
-0.0296514
-0.0310427
-0.0326175
-0.0344225
-0.0363785
-0.0384461
-0.0406706
-0.0430761
-0.0456491
-0.0483881
-0.0512911
-0.05436
-0.05749
-0.0605895
-0.0636885
-0.0667889
-0.069858
-0.0728696
-0.0758121
-0.0786789
-0.0814783
-0.0842211
-0.0869082
-0.0895415
-0.0921233
-0.0946548
-0.0971376
-0.0995728
-0.101962
-0.104307
-0.106608
-0.108867
-0.111209
-0.113715
-0.116357
-0.119145
-0.122054
-0.125079
-0.128229
-0.131509
-0.134922
-0.138425
-0.141871
-0.145226
-0.148599
-0.152055
-0.155561
-0.159107
-0.162649
-0.166146
-0.169684
-0.173302
-0.176962
-0.180661
-0.184396
-0.188148
-0.191939
-0.19577
-0.199639
-0.203538
-0.207472
-0.211442
-0.215437
-0.21947
-0.223453
-0.227383
-0.23175
-0.236444
-0.241009
-0.245499
-0.249913
-0.254315
-0.258714
-0.263123
-0.267541
-0.27198
-0.276438
-0.280922
-0.285431
-0.289971
-0.294544
-0.299148
-0.303784
-0.308455
-0.313161
-0.3179
-0.322675
-0.327486
-0.332332
-0.337214
-0.342131
-0.347084
-0.352073
-0.357098
-0.36213
-0.367241
-0.372476
-0.377716
-0.382918
-0.38806
-0.393227
-0.39845
-0.403701
-0.408968
-0.414258
-0.419711
-0.425293
-0.430907
-0.43658
-0.442313
-0.448379
-0.454458
-0.460278
-0.465823
-0.471505
-0.47775
-0.484178
-0.490821
-0.49781
-0.505033
-0.51221
-0.51914
-0.525839
-0.532484
-0.539156
-0.545797
-0.552395
-0.558944
-0.565442
-0.57189
-0.578287
-0.584637
-0.590941
-0.597201
-0.603417
-0.609588
-0.615858
-0.62234
-0.629373
-0.63716
-0.645557
-0.654552
-0.663359
-0.671537
-0.679426
-0.686082
-0.691532
-0.696594
-0.701292
-0.706042
-0.711147
-0.715881
-0.720015
-0.724111
-0.728155
-0.732182
-0.736206
-0.740238
-0.744283
-0.748345
-0.752425
-0.756524
-0.760645
-0.764785
-0.76905
-0.773523
-0.777949
-0.782206
-0.786397
-0.790519
-0.794566
-0.798531
-0.80241
-0.806367
-0.809817
-0.81262
-0.815387
-0.817755
-0.819818
-0.821943
-0.824233
-0.826712
-0.829395
-0.832459
-0.835932
-0.839853
-0.844237
-0.849455
-0.855771
-0.862639
-0.869553
-0.876667
-0.884232
-0.892281
-0.900939
-0.910037
-0.919523
-0.929641
-0.940088
-0.950628
-0.961635
-0.973554
-0.986502
-1.00049
-1.01546
-1.03146
-1.04957
-1.06967
-1.09111
-1.11429
-1.13914
-1.16556
-1.19323
-1.22192
-1.25181
-1.28284
-1.31464
-1.34741
-1.3813
-1.41669
-1.45377
-1.49178
-1.53071
-1.57097
-1.61208
-1.65406
-1.69746
-1.7425
-1.78955
-1.83854
-1.88925
-1.9417
-1.99586
-2.05168
-2.10922
-2.16862
-2.2296
-2.29192
-2.35567
-2.42093
-2.48761
-2.55533
-2.62379
-2.693
-2.76351
-2.83513
-2.90736
-2.98042
-3.05434
-3.12959
-3.20594
-3.28219
-3.35972
-3.44311
-3.53182
-3.62281
-3.71592
-3.81376
-3.91584
-4.01884
-4.123
-4.22906
-4.33728
-4.44754
-4.55959
-4.67313
-4.78825
-4.90503
-5.02352
-5.14408
-5.26724
-5.39333
-5.52275
-5.6554
-5.79055
-5.92816
-6.06874
-6.21276
-6.35972
-6.50931
-6.66178
-6.817
-6.97501
-7.13581
-7.29962
-7.46629
-7.63572
-7.808
-7.98272
-8.15955
-8.3385
-8.51963
-8.70299
-8.88882
-9.07709
-9.26781
-9.46117
-9.65719
-9.8556
-10.0561
-10.2587
-10.4635
-10.6705
-10.8797
-11.0912
-11.3053
-11.5217
-11.7406
-11.9619
-12.1873
-12.4175
-12.6509
-12.8866
-13.1237
-13.3624
-13.6029
-13.8452
-14.0895
-14.336
-14.5849
-14.8368
-15.0914
-15.3483
-15.6074
-15.8689
-16.1339
-16.4024
-16.6734
-16.9473
-17.2239
-17.5032
-17.7851
-18.0695
-18.3563
-18.6456
-18.9371
-19.231
-19.5278
-19.827
-20.1282
-20.4318
-20.7377
-21.0458
-21.3562
-21.669
-21.984
-22.3013
-22.6213
-22.9446
-23.2707
-23.5996
-23.9286
-24.2574
-24.5881
-24.921
-25.2561
-25.593
-25.9313
-26.2711
-26.6129
-26.9567
-27.3026
-27.6509
-28.0016
-28.3571
-28.7186
-29.0837
-29.4514
-29.8217
-30.1947
-30.5708
-30.9499
-31.3321
-31.7172
-32.1055
-32.4966
-32.8901
-33.2861
-33.6846
-34.0856
-34.4889
-34.8946
