-0.0355023
-0.0288704
-0.0184756
-0.0115273
-0.0115388
-0.0123241
-0.0132401
-0.0139627
-0.0143454
-0.0143186
-0.0138366
-0.0136917
-0.0137225
-0.0136073
-0.0135173
-0.0134549
-0.0134047
-0.0133598
-0.0133224
-0.0132921
-0.013269
-0.0132537
-0.0132455
-0.0132445
-0.0132514
-0.0132614
-0.013304
-0.0133792
-0.013468
-0.0135698
-0.0136833
-0.0138075
-0.0139489
-0.0140951
-0.0142448
-0.0141881
-0.0141457
-0.0141312
-0.0141217
-0.0141172
-0.0141182
-0.0141257
-0.0141479
-0.0140813
-0.0139738
-0.0138635
-0.0137636
-0.0136842
-0.0136319
-0.0136108
-0.00911192
-0.00913559
-0.00917182
-0.00922445
-0.00917951
-0.00913686
-0.00909401
-0.00905302
-0.00901467
-0.00897974
-0.0089488
-0.00892232
-0.00890066
-0.00888409
-0.00887281
-0.0088676
-0.0088679
-0.00887372
-0.00888477
-0.00890104
-0.00892243
-0.00894881
-0.00898003
-0.00901592
-0.00905628
-0.0091009
-0.00914952
-0.00920187
-0.00925768
-0.00931663
-0.00937855
-0.00944298
-0.00939971
-0.00936133
-0.00897088
-0.0089216
-0.00900574
-0.00919915
-0.00950889
-0.00946187
-0.00943989
-0.0094419
-0.0095787
-0.00962206
-0.00963316
-0.00963654
-0.0096352
-0.00963194
-0.00962559
-0.00962281
-0.0124664
-0.0124667
-0.0124634
-0.0124611
-0.0124568
-0.0124535
-0.0124515
-0.0124504
-0.0124501
-0.0124511
-0.012453
-0.0124564
-0.0124609
-0.0124667
-0.0124738
-0.0124821
-0.0124917
-0.0125026
-0.0125145
-0.0124966
-0.0124998
-0.0124982
-0.0124947
-0.0124883
-0.0124809
-0.0124698
-0.0124572
-0.0124406
-0.0124515
-0.0124382
-0.0124291
-0.0124276
-0.0124262
-0.0124246
-0.012423
-0.0124592
-0.0124641
-0.0124594
-0.0124599
-0.012458
-0.012456
-0.012454
-0.0124499
-0.0124476
-0.0124452
-0.0124429
-0.0124361
-0.0124325
-0.0124301
-0.0124224
-0.00941803
-0.00942738
-0.0105807
-0.0105765
-0.0105471
-0.0105245
-0.0105029
-0.0104946
-0.0104942
-0.0104938
-0.0104934
-0.0104931
-0.0104929
-0.0104927
-0.0104926
-0.0104926
-0.0104926
-0.0104927
-0.0104929
-0.0104931
-0.0104935
-0.0104939
-0.0104945
-0.0104951
-0.0104958
-0.0104966
-0.0104976
-0.0104985
-0.0104996
-0.0105007
-0.0105019
-0.0105031
-0.0105044
-0.0105008
-0.0104969
-0.0105584
-0.0105774
-0.0105744
-0.0105728
-0.01057
-0.0105647
-0.0105765
-0.0105757
-0.0105765
-0.0105752
-0.0105758
-0.0105744
-0.00513344
-0.000983987
0.00285896
0.0624246
0.0624608
0.0624979
0.0625387
0.0625864
0.0626443
0.0627088
0.0627732
0.0628328
0.0628882
0.0629445
0.0630021
0.0630601
0.0631176
0.0631751
0.0632316
0.0632878
0.0633429
0.0633978
0.0634515
0.0635047
0.0635567
0.0636076
0.0636486
0.0636962
0.0637103
0.0637881
0.0638772
0.0639766
0.0648702
0.0649744
0.0651087
0.0672973
0.0712404
0.0711844
0.0712233
0.0712565
0.0707948
0.0684877
0.0660118
0.0630268
0.0596949
0.0560663
0.0521722
0.0480248
0.0436251
0.0389662
0.0340366
0.028821
0.0233018
0.22385
0.222726
0.222731
0.221385
0.219898
0.21828
0.216527
0.214636
0.212595
0.2104
0.209656
0.209437
0.209229
0.208973
0.210078
0.211291
0.212015
0.213182
0.212701
0.213652
0.214671
0.215742
0.216365
0.216879
0.218773
0.222632
0.223895
0.224938
0.22496
0.225027
0.224808
0.224314
0.223538
0.222118
0.220291
0.218685
0.217217
0.216017
0.214977
0.214077
0.213283
0.212556
0.211787
0.211287
0.210452
0.207999
0.206258
0.20492
0.204017
0.203112
0.0851857
0.0817593
0.0777606
0.0766726
0.0752913
0.072783
0.0721736
0.0714003
0.0696606
0.0677854
0.0647335
0.061214
0.0582867
0.0551499
0.0514239
0.0494385
0.0477257
0.0460645
0.0444658
0.0428922
0.0395021
0.0377214
0.0361249
0.0342652
0.0321081
0.0297258
0.0270821
0.0240914
0.0208094
0.0172281
0.0132115
0.00890115
0.00323407
-0.00179467
-0.00534774
-0.00785631
-0.00877576
-0.0120904
-0.0159451
-0.0207135
-0.0199888
-0.0201659
-0.0204476
-0.0213059
-0.0186
-0.0155583
-0.0134478
-0.0119801
-0.0115432
-0.0123167
-0.221837
-0.224592
-0.230129
-0.240742
-0.255267
-0.271456
-0.288182
-0.297136
-0.305007
-0.311412
-0.316979
-0.322172
-0.326176
-0.327897
-0.326731
-0.325158
-0.321595
-0.317026
-0.313218
-0.310425
-0.308393
-0.301421
-0.29286
-0.277402
-0.261706
-0.253531
-0.251116
-0.248892
-0.246821
-0.245962
-0.241742
-0.239077
-0.23636
-0.230175
-0.224417
-0.219408
-0.215297
-0.212325
-0.210749
-0.210415
-0.21181
-0.216326
-0.226401
-0.239711
-0.256093
-0.276089
-0.276296
-0.277077
-0.278663
-0.280872
-0.272481
-0.286366
-0.299969
-0.315733
-0.332507
-0.350626
-0.370203
-0.39127
-0.408258
-0.427274
-0.446993
-0.466206
-0.469621
-0.473071
-0.476104
-0.478934
-0.481227
-0.483508
-0.482068
-0.477443
-0.471826
-0.466918
-0.461094
-0.457839
-0.45879
-0.4614
-0.464112
-0.459186
-0.453697
-0.447612
-0.441245
-0.434323
-0.427207
-0.419977
-0.413068
-0.405434
-0.397487
-0.385748
-0.38591
-0.385975
-0.386437
-0.387019
-0.387675
-0.388383
-0.3892
-0.39019
-0.391288
-0.392544
-0.393919
-0.395385
-0.329961
-0.33039
-0.332717
-0.336511
-0.340314
-0.343844
-0.347159
-0.350268
-0.35134
-0.351819
-0.351679
-0.351504
-0.351302
-0.351381
-0.352453
-0.353178
-0.357236
-0.364203
-0.372655
