0.00113517
0.00112531
0.00112637
0.00113082
0.000634723
0.000589896
0.00045443
0.00034569
0.000254769
0.000182461
0.00012754
2.93512e-05
-5.29335e-05
-0.000138965
-0.000210313
-0.000306592
-0.000402823
-0.000506405
-0.000616496
-0.000733851
-0.000858583
-0.000991133
-0.00113148
-0.00128076
-0.00139441
-0.00152203
-0.00163656
-0.00174577
-0.00184625
-0.00193916
-0.00202375
-0.00209993
-0.00216816
-0.00222712
-0.00227745
-0.00229461
-0.00232374
-0.00233883
-0.00234479
-0.00234316
-0.0023333
-0.0023156
-0.00229119
-0.00224687
-0.00220306
-0.00214873
-0.00208729
-0.00201842
-0.0019423
-0.00185898
-0.00176796
-0.00166941
-0.00154608
-0.00142491
-0.00132677
-0.00122828
-0.00113717
-0.0010542
-0.000979187
-0.00091253
-0.000854331
-0.000804708
-0.000763725
-0.000731426
-0.00070784
-0.000692936
-0.000686789
-0.000687306
-0.000696191
-0.0007128
-0.000737194
-0.000769345
-0.000809246
-0.000856899
-0.000912314
-0.000975509
-0.00104652
-0.00112537
-0.00121214
-0.00130688
-0.00140975
-0.00152099
-0.0015535
-0.00161977
-0.00164974
-0.0017255
-0.00176665
-0.00181252
-0.00185047
-0.00185489
-0.00185991
-0.00186803
-0.00186498
-0.00184268
-0.00181609
-0.00177892
-0.00173215
-0.00167581
-0.0016084
-0.00157008
-0.00152423
-0.00147712
-0.00143665
-0.00140597
-0.00138153
-0.00136565
-0.00135707
-0.00135295
-0.00135496
-0.00136376
-0.00137753
-0.00139778
-0.00142323
-0.00145484
-0.00149178
-0.00153451
-0.00158286
-0.0016369
-0.00169661
-0.00171619
-0.0017491
-0.00176549
-0.00177865
-0.00178814
-0.00178981
-0.00178308
-0.00177125
-0.00174932
-0.00174014
-0.00176021
-0.00176609
-0.0017628
-0.0017554
-0.00176212
-0.00175433
-0.00177471
-0.00178491
-0.00178303
-0.00178465
-0.00179366
-0.00179217
-0.00180228
-0.00180752
-0.00181022
-0.00181713
-0.00181976
-0.00182931
-0.00183033
-0.00184007
-0.00184555
-0.00185078
-0.00189011
-0.00190519
-0.00177346
-0.00180365
-0.00178975
-0.0017921
-0.00179825
-0.00179422
-0.00180829
-0.0018066
-0.00182511
-0.00182384
-0.0018462
-0.00184422
-0.00187003
-0.00186667
-0.00189396
-0.00189163
-0.0019194
-0.0019174
-0.00194549
-0.00194437
-0.00197274
-0.00197211
-0.00200076
-0.00200097
-0.00202996
-0.00203086
-0.00206034
-0.002062
-0.00210283
-0.00208101
-0.00210571
-0.00211824
-0.00215676
-0.00218725
-0.00220738
-0.00223662
-0.00226712
-0.0023023
-0.00233514
-0.00232309
-0.00235979
-0.00236926
-0.00239207
-0.0024013
-0.00232252
-0.00242699
-0.00243114
-0.00256825
-0.00246897
-0.00246591
-0.00246207
-0.00239997
-0.00232547
-0.00226867
-0.00226171
-0.00227207
-0.00228883
-0.00227628
-0.00229063
-0.0023085
-0.00233464
-0.00236777
-0.00240881
-0.00245685
-0.0025127
-0.00257549
-0.00264602
-0.00272367
-0.00280912
-0.00290322
-0.00295166
-0.00300938
-0.00291813
-0.00285338
-0.00272784
-0.00257523
-0.00265657
-0.00264603
-0.00267159
-0.0030842
-0.00322438
-0.00352932
-0.00379066
-0.00401174
-0.00419801
-0.00466975
-0.00495857
-0.00531385
-0.00567238
-0.00604148
-0.00642037
-0.00680951
-0.00720938
-0.00762054
-0.00804362
-0.00847924
-0.00892809
-0.00939111
-0.00982383
-0.0102703
-0.0108072
-0.0113244
-0.0118728
-0.0124449
-0.0130418
-0.013665
-0.0143136
-0.0149268
-0.0158399
-0.016591
-0.0174148
-0.0184066
-0.0192838
-0.0202511
-0.0211668
-0.0221716
-0.0231225
-0.0241049
-0.0250779
-0.0260555
-0.0270352
-0.0278731
-0.0287335
-0.0297505
-0.0307747
-0.0317843
-0.0328085
-0.0338642
-0.0348924
-0.0360476
-0.0371349
-0.0382567
-0.039498
-0.0407633
-0.0419734
-0.0431652
-0.0443591
-0.0455399
-0.0467602
-0.047916
-0.0487664
-0.0498894
-0.0508233
-0.0517266
-0.0526078
-0.0534666
-0.0543817
-0.0552941
-0.0561315
-0.0570583
-0.0580241
-0.0589317
-0.0599178
-0.0607169
-0.0616433
-0.0626602
-0.0635844
-0.0645259
-0.0656697
-0.0666553
-0.0676797
-0.0686358
-0.0694988
-0.0704205
-0.0712918
-0.0721519
-0.0729914
-0.0738559
-0.0746437
-0.0754345
-0.0763032
-0.077168
-0.0780277
-0.0789022
-0.0798231
-0.0808673
-0.0819639
-0.0831186
-0.0841746
-0.0854875
-0.0868035
-0.0882006
-0.0896897
-0.0910603
-0.0927764
-0.0947009
-0.0960742
-0.0964007
-0.0976556
-0.0986037
-0.0996455
-0.0995399
-0.100485
-0.101247
-0.102005
-0.102668
-0.103419
-0.104145
-0.104979
-0.105802
-0.106663
-0.107583
-0.108525
-0.109396
-0.11021
-0.110949
-0.111555
-0.112243
-0.11298
-0.113599
-0.114132
-0.114498
-0.115071
-0.115418
-0.115833
-0.116176
-0.116494
-0.116769
-0.116948
-0.117207
-0.117327
-0.117484
-0.117689
-0.117913
-0.118103
-0.118316
-0.118512
-0.118658
-0.118875
-0.119028
-0.119159
-0.119281
-0.119467
-0.119654
-0.119858
-0.12005
-0.120259
-0.120504
-0.120675
-0.120925
-0.121143
-0.121369
-0.121607
-0.121297
-0.121273
-0.121177
-0.121248
-0.121416
-0.121524
-0.121736
-0.121991
-0.122214
-0.12246
-0.122657
-0.122764
-0.122956
-0.123184
-0.123394
-0.123607
-0.123396
-0.123616
-0.1235
-0.123513
-0.123466
-0.123434
-0.123388
-0.123335
-0.123305
-0.123283
-0.12327
-0.123275
-0.12311
-0.123253
-0.123221
-0.1233
-0.123338
-0.123465
-0.123558
-0.123625
-0.123752
-0.123878
-0.123847
-0.123844
-0.123846
-0.12379
-0.124637
-0.12486
-0.125276
-0.125696
-0.126136
-0.126708
-0.127389
-0.128073
-0.128743
-0.129523
-0.130285
-0.131035
-0.131847
-0.13185
-0.132169
-0.132599
-0.132974
-0.133352
-0.133667
-0.133956
-0.134208
-0.134471
-0.134697
-0.134873
-0.135178
-0.135466
-0.13579
-0.136078
-0.136454
-0.136837
-0.137193
