1.66852e-05
6.55983e-05
0.000144521
0.000251366
0.000384171
0.000541089
0.000720389
0.000920446
0.00113974
0.00137684
0.00163041
0.00189921
0.00218208
0.00247794
0.00278578
0.00310467
0.00343373
0.00377219
0.00411929
0.00447437
0.0048368
0.00520602
0.00558152
0.00596283
0.00634954
0.00674128
0.00713772
0.00753857
0.0079436
0.00835221
0.00876426
0.00918002
0.00959937
0.0100222
0.0104482
0.0108774
0.0113094
0.0117442
0.0121815
0.012621
0.0130626
0.0135059
0.0139506
0.0143966
0.0148435
0.015291
0.0157389
0.0161869
0.0166344
0.0170814
0.0175142
0.0179203
0.0183013
0.0186588
0.0189943
0.019309
0.0196045
0.0198818
0.0201424
0.0203872
0.0206175
0.0208343
0.0210387
0.0212315
0.0214138
0.0215864
0.0217502
0.0219061
0.0220548
0.0221971
0.0223337
0.0224654
0.0225928
0.0227166
0.0228374
0.0229559
0.0230726
0.0231881
0.0233031
0.0234176
0.0235323
0.023648
0.0237653
0.0238846
0.0240063
0.0241307
0.024258
0.0243885
0.0245224
0.0246598
0.0248008
0.0249454
0.0250968
0.0252631
0.0254537
0.0256772
0.0259411
0.0262523
0.0266165
0.0270341
0.0274797
0.0279298
0.0283834
0.0288398
0.0292981
0.0297577
0.030218
0.0306784
0.0311383
0.0315974
0.032055
0.0325109
0.0329647
0.0334161
0.0338649
0.0343107
0.0347534
0.0351928
0.0356287
0.0360612
0.0364901
0.0369153
0.0373368
0.0377546
0.0381689
0.0385795
0.0389866
0.0393902
0.0397906
0.0401853
0.0405747
0.0409633
0.041354
0.0417497
0.0421531
0.0425672
0.0429944
0.0434376
0.0439002
0.0443872
0.0449048
0.0454592
0.046056
0.0467009
0.0473993
0.0481563
0.048977
0.0498661
0.050828
0.0518668
0.0529464
0.0540306
0.0551229
0.0562271
0.0573465
0.0584842
0.0596432
0.0608264
0.0620362
0.0632751
0.0645453
0.0658488
0.0671873
0.0685626
0.0699762
0.0714293
0.0729231
0.0744586
0.0760368
0.0776585
0.0793244
0.0810352
0.0827914
0.0845937
0.0864425
0.0883384
0.0902819
0.0922735
0.0943138
0.0964241
0.0985457
0.100601
0.102594
0.104528
0.106408
0.108236
0.110017
0.111753
0.113449
0.115107
0.11673
0.118322
0.119886
0.121424
0.122939
0.124434
0.125912
0.127375
0.128827
0.130269
0.131654
0.13294
0.134137
0.135256
0.136307
0.137298
0.13824
0.139142
0.140014
0.140865
0.141702
0.142533
0.143362
0.144196
0.145035
0.14588
0.146731
0.147589
0.148453
0.149324
0.150202
0.151086
0.151976
0.152871
0.15377
0.154672
0.155575
0.156477
0.157376
0.158252
0.159104
0.159948
0.160784
0.161608
0.162416
0.163204
0.163965
0.164692
0.165376
0.166008
0.166577
0.16707
0.167476
0.16778
0.167968
0.168025
0.167935
0.167682
0.167248
0.166616
0.165885
0.165169
0.164483
0.163839
0.16325
0.162727
0.16228
0.16192
0.161655
0.161492
0.161439
0.161501
0.161682
0.161985
0.16241
0.162958
0.163626
0.16441
0.165302
0.166296
0.16738
0.168543
0.169776
0.171068
0.172407
0.173784
0.175188
0.176607
0.178031
0.179431
0.180796
0.182133
0.183433
0.184682
0.185867
0.186974
0.187986
0.188886
0.189655
0.190273
0.190718
0.190967
0.190997
0.190785
0.190302
0.189524
0.18842
0.186962
0.185118
0.182854
0.180487
0.178347
0.176434
0.174747
0.173284
0.172046
0.171029
0.170232
0.169652
0.169284
0.169125
0.169164
0.169389
0.169787
0.170344
0.171049
0.171888
0.172852
0.173928
0.175105
0.176373
0.17772
0.179135
0.180607
0.182125
0.183678
0.185252
0.186837
0.188419
0.189966
0.191467
0.192926
0.19433
0.195661
0.196904
0.198039
0.199047
0.199907
0.200595
0.201088
0.201362
0.201387
0.201134
0.200572
0.199666
0.198378
0.196667
0.194488
0.191794
0.188533
0.185147
0.182106
0.179403
0.177031
0.174984
0.173255
0.171838
0.170724
0.1699
0.169349
0.169054
0.168997
0.169164
0.169538
0.170105
0.170851
0.171762
0.172824
0.174024
0.175349
0.176787
0.178323
0.179945
0.18164
0.183394
0.185194
0.187024
0.18887
0.190716
0.192528
0.19429
0.196003
0.197649
0.199209
0.200666
0.201998
0.203183
0.2042
0.205021
0.205621
0.205968
0.206029
0.205765
0.205136
0.204094
0.202584
0.200543
0.197897
0.194564
0.190473
0.186239
0.182494
0.179219
0.176388
0.173975
0.171957
0.170312
0.169018
0.168053
0.167399
0.167036
0.166946
0.167111
0.167515
0.16814
0.168972
0.169994
0.171192
0.17255
0.174054
0.175689
0.177441
0.179294
0.181234
0.183244
0.18531
0.187414
0.189538
0.191665
0.193757
0.195797
0.197785
0.199702
0.201531
0.20325
0.20484
0.206277
0.207537
0.20859
0.209404
0.209938
0.210144
0.209962
0.209319
0.208125
0.20626
0.203637
0.200241
0.196077
0.191178
0.186223
0.181842
0.178006
0.174684
0.171847
0.169469
0.167522
0.165983
0.164828
0.164033
0.163576
0.163438
0.163597
0.164034
0.16473
0.165667
0.166827
0.168192
0.169746
