0
-0.00416827
-0.00513977
-0.00227149
-0.200384
-0.176074
-0.154618
-0.131601
-0.11025
-0.0902151
-0.0713863
-0.0776384
-0.0797822
-0.0816271
-0.0766406
-0.0822272
-0.0874939
-0.0933977
-0.0995309
-0.106021
-0.112791
-0.119888
-0.12718
-0.135008
-0.125321
-0.121583
-0.11508
-0.10835
-0.100604
-0.092561
-0.0841844
-0.0755616
-0.0669914
-0.057973
-0.0488544
-0.0298823
-0.0212376
-0.0122711
-0.00300181
0.00583548
0.0145249
0.0230226
0.0309557
0.0437773
0.0523679
0.0610905
0.069367
0.0773967
0.0852396
0.092968
0.100824
0.108738
0.123601
0.133131
0.128651
0.123462
0.117388
0.110422
0.102989
0.0951893
0.0871428
0.0789202
0.0705743
0.0621421
0.0536507
0.0451369
0.0365833
0.0288403
0.0210614
0.0133507
0.00567466
-0.00197745
-0.00961646
-0.0172516
-0.0248914
-0.0325441
-0.0402186
-0.0479246
-0.0556739
-0.0634819
-0.071384
-0.0794487
-0.0526229
-0.0432674
-0.0264614
-0.0333274
-0.0280896
-0.0244286
-0.0193148
-0.00245734
0.00973191
0.0149075
0.0211735
0.0329472
0.0428763
0.0528106
0.0627348
0.0726476
0.0831873
0.078088
0.0751592
0.0745344
0.0721157
0.0666139
0.0604051
0.0533037
0.0461415
0.0402474
0.0346974
0.0289044
0.0235857
0.0180795
0.0128487
0.00747668
0.0022803
-0.00294317
-0.00815327
-0.0133726
-0.0186036
-0.00543149
0.000869252
0.0101145
0.0176799
0.0235197
0.0299786
0.0375065
0.0444371
0.0526859
0.0529743
0.0400444
0.0353814
0.0381288
0.043047
0.0409267
0.0442894
0.0362026
0.0333505
0.037749
0.0406016
0.0392439
0.0420471
0.0401222
0.0402479
0.0420103
0.0419804
0.0436561
0.0425543
0.0451393
0.0443077
0.045284
0.0467392
0.0344526
0.034709
0.0967647
0.081065
0.0747032
0.0666939
0.0605398
0.0618095
0.0572609
0.0602505
0.0559285
0.0604083
0.0558742
0.0617524
0.0567306
0.0639148
0.0589065
0.066062
0.061282
0.0687136
0.0641442
0.0715032
0.0671108
0.0745758
0.0703496
0.0777384
0.0736567
0.0810721
0.0771195
0.0845215
0.0762181
0.0941171
0.0920479
0.0925209
0.0835683
0.0802794
0.084315
0.0851721
0.0852132
0.0838313
0.0844216
0.103945
0.100005
0.104707
0.104456
0.10938
0.149346
0.107062
0.10658
0.0616119
0.121533
0.139712
0.143093
0.166123
0.189069
0.195991
0.177312
0.154533
0.137902
0.141284
0.136743
0.131402
0.125072
0.118629
0.111924
0.105396
0.0987401
0.0922957
0.0857222
0.0792634
0.0726385
0.0655272
0.0798886
0.0893294
0.154264
0.193639
0.237214
0.275389
0.203616
0.176432
0.154669
-0.0128057
-0.031631
-0.0795921
-0.0960586
-0.0831589
-0.0553623
-0.150349
-0.157558
-0.171079
-0.181529
-0.19127
-0.200781
-0.210484
-0.220629
-0.231378
-0.242835
-0.25507
-0.268135
-0.28207
-0.27866
-0.280288
-0.318975
-0.341331
-0.364725
-0.389016
-0.414296
-0.440899
-0.467957
-0.470743
-0.588656
-0.616068
-0.64423
-0.728869
-0.744662
-0.777522
-0.779916
-0.81146
-0.814257
-0.823112
-0.825542
-0.82811
-0.831032
-0.775173
-0.738931
-0.783291
-0.825585
-0.84349
-0.85365
-0.870783
-0.869154
-0.91417
-0.921694
-0.932067
-0.98656
-1.03658
-1.04095
-1.02756
-1.01665
-1.0051
-1.01323
-0.995247
-0.855342
-0.857356
-0.810271
-0.761833
-0.723891
-0.695308
-0.703422
-0.715009
-0.691869
-0.710394
-0.745272
-0.747205
-0.772399
-0.717262
-0.719568
-0.767652
-0.767581
-0.763758
-0.841634
-0.840909
-0.838687
-0.807255
-0.744238
-0.723034
-0.697496
-0.675663
-0.653901
-0.649476
-0.61733
-0.592878
-0.609332
-0.624305
-0.629212
-0.634302
-0.65477
-0.718763
-0.786271
-0.850173
-0.846819
-0.93392
-1.00564
-1.07699
-1.15598
-1.15602
-1.27852
-1.4663
-1.38076
-0.857595
-0.847284
-0.811125
-0.82234
-0.3819
-0.464234
-0.541434
-0.587654
-0.573435
-0.58915
-0.594556
-0.63311
-0.662848
-0.698357
-0.742372
-0.778162
-0.767699
-0.728415
-0.668171
-0.572963
-0.539079
-0.549482
-0.520033
-0.459069
-0.350212
-0.361374
-0.295711
-0.268715
-0.230125
-0.193641
-0.154522
-0.0885777
-0.0734433
-0.0176704
0.0102076
0.0022276
-0.0172502
-0.0182077
-0.0287793
-0.0291961
-0.00732514
-0.0150273
-0.000351759
0.024221
0.0443231
0.0291864
0.011662
-0.00737777
-0.0148969
-0.0239767
-0.0446756
-0.0285363
-0.0427807
-0.0441329
-0.0462315
-0.0546344
0.165431
0.225431
0.25638
0.199678
0.108185
0.0694853
0.0146671
-0.0397183
-0.0607685
-0.078074
-0.0698099
-0.0237435
-0.0214965
-0.0434754
-0.0547655
-0.060824
0.108662
0.0705863
0.142717
0.157717
0.179467
0.1881
0.197584
0.207066
0.203534
0.195877
0.187695
0.176446
0.238217
0.166176
0.167343
0.137729
0.130142
0.0955435
0.0842806
0.0934839
0.0810512
0.0696793
0.127031
0.164359
0.180853
0.210858
-0.127509
-0.149677
-0.177942
-0.197825
-0.216159
-0.278979
-0.369422
-0.431294
-0.457528
-0.512088
-0.544327
-0.556594
-0.586218
-0.284501
-0.16853
-0.182439
-0.196084
-0.206455
-0.187803
-0.160993
-0.129132
-0.113437
-0.0927757
-0.0592733
-0.0878807
-0.109798
-0.13572
-0.137075
-0.167855
-0.194144
-0.197486
