-4.88674e-06
-0.0012396
-0.00065966
4.20724e-05
-0.0389945
-0.0153064
-0.0134854
-0.0110454
-0.00909435
-0.00724413
-0.00550563
-0.00857803
-0.00842523
-0.00861121
-0.0074896
-0.00909997
-0.009628
-0.0103141
-0.0109845
-0.0117036
-0.012444
-0.0132221
-0.0140075
-0.01488
-0.0122672
-0.0125014
-0.0116258
-0.0109706
-0.0101397
-0.00934832
-0.00852059
-0.0076774
-0.00686795
-0.00596612
-0.00508804
-0.00228611
-0.00246014
-0.00157709
-0.000665438
0.000131974
0.00094197
0.00172849
0.00242266
0.00412814
0.00453517
0.00537503
0.00611429
0.00684824
0.00756942
0.00828623
0.00904325
0.00980254
0.0119232
0.0123271
0.0104894
0.00988047
0.00915972
0.00835135
0.0075387
0.00670052
0.00585079
0.00499149
0.00412615
0.00325686
0.0023852
0.00151578
0.000641538
-6.90221e-05
-0.000864121
-0.00164177
-0.0024187
-0.00319384
-0.00396835
-0.00474306
-0.00551882
-0.0062965
-0.00707709
-0.0078617
-0.00865178
-0.00944916
-0.0102595
-0.0110928
-0.00506147
-0.00582034
-0.00344043
-0.0064144
-0.00473745
-0.00453721
-0.0039013
-0.00109796
-0.000343892
-0.00051926
0.000197382
0.00188617
0.00267923
0.00364678
0.00460725
0.00556134
0.00663275
0.00456318
0.00444179
0.00454981
0.00409891
0.00320456
0.00246813
0.00162624
0.000858336
0.000345305
-0.000222537
-0.000870705
-0.0014024
-0.0020162
-0.00255775
-0.00315317
-0.00370028
-0.00426927
-0.00483268
-0.00539884
-0.00596604
-0.00291893
-0.00299097
-0.00182734
-0.00127525
-0.000900639
-0.000234776
0.000579693
0.00117476
0.0020856
0.00133549
-0.00133265
-0.00100639
-5.66929e-05
0.000610005
-0.000322051
0.00050114
-0.00146658
-0.00127584
-0.00018328
-9.7435e-05
-0.000691933
-6.53682e-05
-0.000772898
-0.00062924
-0.00036367
-0.000614188
-0.000363027
-0.000832411
-0.000312853
-0.000827341
-0.000670379
-0.000585553
-0.00324257
-0.00209884
0.00986871
0.000740485
0.000899117
-0.000178743
-0.000735609
-1.64724e-05
-0.00116008
-0.000264173
-0.00153539
-0.000375953
-0.00184007
-0.00039353
-0.00209616
-0.000354639
-0.00218871
-0.000462775
-0.00225797
-0.000508913
-0.00229819
-0.000592904
-0.00234958
-0.00065005
-0.00239355
-0.00073469
-0.00245202
-0.000811791
-0.00252211
-0.000893867
-0.00344002
0.000691016
-0.00163113
-0.00152091
-0.00351017
-0.00345116
-0.0025171
-0.00290359
-0.00314233
-0.00357641
-0.0034262
8.45861e-05
-0.00266773
-0.00151194
-0.00216363
-0.00131746
0.00590568
-0.00638862
-0.00255311
-0.0114577
0.00452903
0.0022002
0.00102901
0.00510387
0.00728887
0.00634768
0.00193216
-0.000820076
-0.00197484
0.000205424
-0.00109481
-0.00178804
-0.00259925
-0.00333915
-0.00411926
-0.00484111
-0.00560487
-0.00631635
-0.0070734
-0.00779672
-0.00856385
-0.00941069
-0.0059949
-0.00561376
0.00610522
0.00755072
0.0122071
0.0154045
-0.00245081
-0.000968734
-0.00272243
-0.0335693
-0.0211992
-0.0288768
-0.0275638
-0.0235118
-0.01938
-0.0408007
-0.0330853
-0.0350996
-0.0358884
-0.0368249
-0.0377731
-0.0387681
-0.039817
-0.0409256
-0.042097
-0.0433335
-0.0446362
-0.0460406
-0.0441881
-0.0446953
-0.0518754
-0.0525772
-0.0549837
-0.0574773
-0.0600917
-0.0629057
-0.0656539
-0.0637142
-0.0863736
-0.0805142
-0.0834375
-0.0973592
-0.0925193
-0.097456
-0.0949496
-0.100907
-0.098668
-0.100088
-0.0999506
-0.10037
-0.100822
-0.0896273
-0.0879447
-0.0999421
-0.10436
-0.103734
-0.10451
-0.106689
-0.104839
-0.113963
-0.11132
-0.112858
-0.122653
-0.127258
-0.123528
-0.120504
-0.119686
-0.118482
-0.121019
-0.116785
-0.0909754
-0.104803
-0.0955249
-0.0901359
-0.0871838
-0.0849958
-0.0890905
-0.0903641
-0.0849613
-0.0905011
-0.0956856
-0.0918994
-0.0966994
-0.0834269
-0.0889514
-0.098296
-0.0935218
-0.0927256
-0.108762
-0.100663
-0.100326
-0.0945155
-0.0853399
-0.0874541
-0.0845744
-0.082879
-0.080845
-0.0819729
-0.0765401
-0.0748071
-0.0806194
-0.0821149
-0.081757
-0.0824482
-0.086154
-0.0969905
-0.104252
-0.110415
-0.103531
-0.121482
-0.127147
-0.134362
-0.143097
-0.135498
-0.159753
-0.187361
-0.150278
-0.0592937
-0.104076
-0.0978925
-0.103294
-0.018225
-0.0745587
-0.0814936
-0.0826897
-0.0747912
-0.0792891
-0.0782198
-0.0857944
-0.0884782
-0.0910295
-0.0958167
-0.0981009
-0.0925405
-0.08563
-0.0777812
-0.0644885
-0.0671224
-0.0735734
-0.0660599
-0.0570055
-0.0422291
-0.0545261
-0.0407377
-0.0416874
-0.0368525
-0.0335287
-0.0294187
-0.019824
-0.0242076
-0.0147626
-0.0149413
-0.02008
-0.0230468
-0.0223453
-0.0234187
-0.023027
-0.0178587
-0.0222055
-0.0183675
-0.0154346
-0.0139603
-0.0191435
-0.0212837
-0.023435
-0.0229478
-0.0240679
-0.0271822
-0.0217182
-0.0260043
-0.0248824
-0.0252744
-0.0265094
0.0178195
0.00867687
0.00936666
-0.00410408
-0.0163694
-0.014451
-0.0214047
-0.0265858
-0.02539
-0.0268003
-0.0231436
-0.0146309
-0.0184743
-0.0232387
-0.023229
-0.0234261
0.0102791
-0.0133871
0.00473751
0.000210466
0.00293122
0.00240066
0.00333862
0.00409948
0.00227347
0.000893339
-0.00013397
-0.00173257
0.0111769
-0.00909896
-0.00221876
-0.00847416
-0.00724426
-0.0133634
-0.0125939
-0.00948806
-0.0132742
-0.0146078
-0.00229387
-0.000692544
-0.00117656
0.00295757
-0.066061
-0.0380565
-0.0415229
-0.0427076
-0.0443381
-0.0547462
-0.066334
-0.0694756
-0.06833
-0.0761063
-0.0766688
-0.0754031
-0.0797163
-0.0173498
-0.023341
-0.036989
-0.0379252
-0.0384373
-0.0336119
-0.0300897
-0.026246
-0.0262076
-0.0236411
-0.0189187
-0.0280673
-0.0294885
-0.0326028
-0.0304902
-0.0365422
-0.0388916
-0.0371725
