0.099997
0.0923823
0.0836942
0.0785732
0.0785507
0.077087
0.076427
0.0766734
0.077332
0.0781705
0.0790844
0.0800477
0.0809776
0.0808517
0.0807506
0.0806781
0.0806181
0.0805638
0.0805175
0.0804789
0.0804485
0.0804269
0.0804138
0.0804095
0.0804214
0.0812505
0.0819569
0.0825697
0.0831305
0.0836572
0.0841595
0.0844573
0.084648
0.0847881
0.084905
0.0849926
0.0850612
0.0851127
0.0851438
0.0851565
0.0851498
0.0851231
0.0850758
0.0850214
0.0849818
0.0849507
0.0849301
0.0849206
0.0849226
0.0849363
-0.102471
-0.102436
-0.102387
-0.102316
-0.102412
-0.102501
-0.10259
-0.102674
-0.102751
-0.102822
-0.102883
-0.102936
-0.102978
-0.10301
-0.103032
-0.10304
-0.103038
-0.103027
-0.103007
-0.102977
-0.102938
-0.10289
-0.102833
-0.102768
-0.102694
-0.102613
-0.102523
-0.102426
-0.102322
-0.10221
-0.102092
-0.101966
-0.102089
-0.102203
-0.102244
-0.102332
-0.102393
-0.10246
-0.102566
-0.102631
-0.10266
-0.102655
-0.10263
-0.102604
-0.102587
-0.10258
-0.10258
-0.102583
-0.102589
-0.102585
0.08095
0.0809542
0.0809617
0.0809668
0.0809768
0.0809844
0.0809882
0.0809905
0.0809915
0.0809903
0.0809875
0.0809823
0.0809751
0.0809655
0.0809539
0.08094
0.0809238
0.0809054
0.0808849
0.080913
0.0809233
0.0809236
0.0809214
0.0809148
0.0809071
0.0808938
0.0808787
0.080857
0.0808998
0.0809295
0.0809497
0.0809523
0.0809551
0.0809584
0.0809615
0.080966
0.0809526
0.0809597
0.0809595
0.0809626
0.0809658
0.0809691
0.0809689
0.0809723
0.0809757
0.0809791
0.0809912
0.0809969
0.0810005
0.0810135
-0.0926941
-0.092704
-0.0926085
-0.0926125
-0.0926803
-0.0927305
-0.0927725
-0.092786
-0.0927816
-0.092777
-0.0927724
-0.0927678
-0.0927631
-0.0927583
-0.0927535
-0.0927486
-0.0927437
-0.0927387
-0.0927337
-0.0927286
-0.0927235
-0.0927184
-0.0927132
-0.0927081
-0.0927028
-0.0926977
-0.0926924
-0.0926872
-0.092682
-0.0926768
-0.0926715
-0.0926664
-0.0926612
-0.0926671
-0.0926734
-0.0926581
-0.0926371
-0.0926303
-0.0926277
-0.0926276
-0.0926343
-0.0926568
-0.09265
-0.0926427
-0.0926394
-0.0926307
-0.0926258
-0.0924852
-0.0924895
-0.0925034
0.074848
0.0749349
0.0750254
0.075126
0.0752437
0.075385
0.0755416
0.0756969
0.0758408
0.0759283
0.0760188
0.0761115
0.0762055
0.0762993
0.0763941
0.076488
0.0765824
0.0766759
0.0767702
0.0768638
0.0769582
0.0770533
0.0771553
0.0770776
0.0769861
0.0769472
0.0768469
0.0767275
0.0765741
0.0768133
0.0770094
0.0772648
0.0771867
0.0771801
0.0770877
0.0769726
0.0768623
0.0766976
0.0769679
0.0772694
0.0775413
0.0778102
0.0780892
0.0783841
0.0786984
0.0790342
0.0793938
0.0797798
0.0801952
0.0806434
-0.0833991
-0.0826255
-0.0821138
-0.0820357
-0.0820169
-0.0819819
-0.0819424
-0.0818933
-0.0818348
-0.0817399
-0.0814005
-0.081263
-0.0813476
-0.081443
-0.0814306
-0.0813429
-0.0816427
-0.0816186
-0.0820787
-0.0807346
-0.0812571
-0.0803768
-0.0783613
-0.0765685
-0.0726747
-0.0653986
-0.0655839
-0.0666429
-0.0661599
-0.0665294
-0.0669304
-0.0673215
-0.0675722
-0.0676315
-0.0675473
-0.0672344
-0.0667739
-0.0661344
-0.0657007
-0.0651559
-0.0645418
-0.0637652
-0.0631214
-0.0622036
-0.0620209
-0.0616083
-0.0617394
-0.061684
-0.0616428
-0.0614053
0.076782
0.0806124
0.0830458
0.0817871
0.0802457
0.078058
0.0750795
0.0729381
0.0677081
0.0657916
0.0660138
0.0656928
0.0670476
0.068136
0.0682683
0.0684821
0.0690445
0.069693
0.0704893
0.0714462
0.0706366
0.0717336
0.073164
0.0746764
0.0761485
0.0776423
0.0791608
0.0807425
0.0824249
0.0841122
0.0858561
0.0867106
0.0883698
0.0904026
0.0927781
0.0951588
0.102733
0.105583
0.109137
0.113505
0.119883
0.126019
0.133878
0.143309
0.152908
0.155028
0.159389
0.166349
0.17584
0.187587
-0.0294293
-0.0283029
-0.0192469
-0.0096759
-0.00148686
0.00341524
0.00470331
-0.000681279
-0.00876979
-0.0194321
-0.0348931
-0.057489
-0.0791518
-0.0991466
-0.119074
-0.139525
-0.157849
-0.175825
-0.193997
-0.212325
-0.231233
-0.246309
-0.26057
-0.266532
-0.267677
-0.263001
-0.268744
-0.282414
-0.297781
-0.313968
-0.326458
-0.338601
-0.347482
-0.347599
-0.346212
-0.342492
-0.335795
-0.325531
-0.3116
-0.292768
-0.269187
-0.241272
-0.216681
-0.189605
-0.158672
-0.124536
-0.123363
-0.122602
-0.122064
-0.121546
0.0031937
-0.0126709
-0.0228664
-0.0337036
-0.0437558
-0.0541553
-0.0649303
-0.0729081
-0.0689385
-0.0622468
-0.0518635
-0.0358604
-0.0255629
-0.0138934
-0.00107923
0.0114033
0.0232517
0.0345527
0.0459416
0.0569302
0.0673707
0.0770471
0.0879527
0.0952616
0.0996937
0.102968
0.103687
0.104764
0.104246
0.0980735
0.0882447
0.0760219
0.0614269
0.0444933
0.0279565
0.0100564
-0.00921563
-0.0311376
-0.0330169
-0.033906
-0.0344732
-0.0345066
-0.0345558
-0.0346747
-0.0351049
-0.0356825
-0.0360498
-0.0364827
-0.0369531
-0.0374318
-0.0675368
-0.0693576
-0.0718303
-0.0754802
-0.0793337
-0.0831213
-0.0868647
-0.0905982
-0.0934258
-0.0957279
-0.0975231
-0.0991843
-0.100428
-0.104738
-0.108971
-0.113344
-0.116789
-0.119391
-0.12084
