-0.00029579
-0.00115642
-0.00252979
-0.00436645
-0.00661951
-0.00924445
-0.012199
-0.0154432
-0.0189388
-0.0226498
-0.0265419
-0.0305823
-0.0347402
-0.038986
-0.0432917
-0.0476305
-0.0519771
-0.0563071
-0.0605974
-0.0648259
-0.0689714
-0.0730136
-0.0769333
-0.0807117
-0.084331
-0.0877739
-0.0910238
-0.0940647
-0.0968812
-0.0994494
-0.101757
-0.103799
-0.105563
-0.107036
-0.108206
-0.109061
-0.109593
-0.109791
-0.109648
-0.109157
-0.108311
-0.107113
-0.105566
-0.103665
-0.101413
-0.0988091
-0.0958501
-0.0925245
-0.0888118
-0.0846787
-0.0801279
-0.0752012
-0.0699366
-0.0643696
-0.0585342
-0.0524622
-0.0461841
-0.0397284
-0.0331222
-0.0263912
-0.0195599
-0.0126513
-0.00568761
0.00131024
0.00832209
0.0153286
0.0223111
0.0292515
0.0361321
0.0429354
0.0496443
0.0562415
0.0627099
0.0690323
0.0751912
0.0811692
0.0869486
0.0925116
0.0978403
0.103017
0.107951
0.112458
0.116529
0.120151
0.123313
0.126002
0.128205
0.129906
0.13109
0.131741
0.131841
0.131387
0.130373
0.128783
0.126598
0.1238
0.120368
0.116282
0.111518
0.106053
0.100167
0.0941655
0.0880679
0.0818933
0.0756595
0.0693831
0.0630796
0.0567635
0.0504481
0.0441458
0.0378681
0.0316252
0.0254266
0.0192807
0.0131945
0.00717438
0.00122502
-0.00465003
-0.0104487
-0.0161708
-0.0218183
-0.0273957
-0.032909
-0.0383653
-0.0437732
-0.0491426
-0.0544843
-0.0598106
-0.0651343
-0.0704825
-0.0755569
-0.0800446
-0.0839555
-0.0872995
-0.0900866
-0.0923266
-0.0940292
-0.0952039
-0.0958602
-0.0960072
-0.0956533
-0.0948071
-0.0934767
-0.0916698
-0.0893928
-0.0866507
-0.083447
-0.0797833
-0.0756601
-0.0710754
-0.0661219
-0.0610745
-0.0561115
-0.051226
-0.0464114
-0.0416608
-0.0369679
-0.032326
-0.0277288
-0.0231699
-0.018643
-0.0141419
-0.0096603
-0.00519207
-0.000731023
0.00372902
0.00819421
0.0126707
0.0171647
0.0216825
0.0262302
0.0308142
0.0354407
0.0401162
0.0448471
0.04964
0.0545016
0.0594384
0.0644573
0.0695654
0.0743965
0.0785961
0.0821926
0.0852125
0.0876797
0.0896166
0.0910436
0.0919792
0.0924406
0.0924438
0.0920032
0.0911329
0.0898467
0.0881572
0.0860757
0.0836126
0.0807773
0.0775779
0.0740217
0.0701148
0.0659342
0.0616324
0.0572936
0.0529289
0.0485488
0.0441631
0.0397805
0.0354095
0.0310575
0.0267313
0.0224371
0.0181802
0.0139653
0.009796
0.00567486
0.0016027
-0.00242095
-0.00639776
-0.0103306
-0.0142238
-0.018083
-0.0219156
-0.0257306
-0.029539
-0.0333533
-0.0371873
-0.0410562
-0.0449762
-0.0489583
-0.053008
-0.0568401
-0.0601726
-0.0630179
-0.0653884
-0.0672964
-0.0687542
-0.0697744
-0.0703692
-0.0705508
-0.0703315
-0.069723
-0.068737
-0.0673853
-0.0656791
-0.0636286
-0.0612429
-0.0585295
-0.0554945
-0.0521426
-0.0484768
-0.0444499
-0.0402476
-0.0361009
-0.0320042
-0.0279516
-0.0239377
-0.0199569
-0.0160036
-0.0120725
-0.00815804
-0.00425485
-0.000357543
0.00353927
0.00744097
0.011353
0.0152806
0.0192294
0.0232048
0.0272122
0.0312572
0.0353455
0.0394825
0.0436742
0.0479261
0.0522443
0.0566347
0.0611034
0.0656565
0.0703003
0.0750413
0.0794432
0.0830932
0.0860426
0.0883393
0.0900285
0.0911522
0.0917497
0.091858
0.0915117
0.0907433
0.0895835
0.0880616
0.0862058
0.0840433
0.0815994
0.0788982
0.075962
0.0728121
0.0694683
0.0659491
0.062216
0.0582376
0.0540461
0.0496718
0.0451434
0.0404878
0.0357307
0.0308959
0.0260061
0.0210826
0.016145
0.011212
0.0063007
0.00142688
-0.00339507
-0.00815224
-0.0128333
-0.0174285
-0.0219302
-0.0263323
-0.0306312
-0.0348261
-0.0389191
-0.042914
-0.0468164
-0.050633
-0.0543722
-0.0580434
-0.0616573
-0.0652523
-0.0686234
-0.0715362
-0.0739985
-0.0760184
-0.0776042
-0.0787642
-0.0795074
-0.0798423
-0.079778
-0.0793233
-0.0784869
-0.0772778
-0.0757047
-0.0737764
-0.0715005
-0.0688836
-0.065931
-0.0626464
-0.0590324
-0.0550899
-0.0509206
-0.0467226
-0.0425892
-0.0385146
-0.0344933
-0.0305196
-0.0265881
-0.0226933
-0.0188299
-0.0149926
-0.0111759
-0.00737466
-0.00358362
0.000202462
0.00398882
0.0077807
0.0115833
0.015402
0.0192419
0.0231084
0.0270068
0.0309426
0.0349211
0.0389479
0.0430285
0.0471685
0.0513737
0.0556499
0.0600031
0.0644391
0.0686155
0.0722022
0.0752288
0.0777228
0.0797095
0.081212
0.0822516
0.082848
0.0830191
0.0827814
0.0821503
0.08114
0.0797645
0.0780371
0.0759697
0.0735736
0.0708586
0.0678336
0.0645067
0.060885
0.0570378
0.0530427
0.0489215
0.0446948
0.0403823
0.036002
0.0315711
0.0271056
0.0226205
0.0181298
0.0136462
0.00918169
0.00474695
0.00035167
-0.00399567
-0.00828783
-0.012519
-0.0166848
-0.0207839
-0.0248168
-0.0287859
-0.0326951
-0.0365501
-0.0403579
-0.0441273
-0.0478684
-0.0515927
-0.0553129
-0.0590428
-0.0628046
-0.0663471
-0.0694094
-0.0720014
-0.0741335
-0.075816
-0.0770594
-0.0778743
-0.0782716
-0.0782618
-0.0778556
-0.0770635
-0.075896
-0.0743636
-0.0724766
-0.0702443
-0.0676746
-0.0647743
-0.0615488
-0.058002
-0.0541361
-0.0500958
-0.0460733
-0.0421145
-0.038214
-0.0343662
-0.0305659
-0.0268078
-0.0230868
-0.0193977
-0.0157354
-0.0120949
-0.00847104
-0.00485891
-0.00125348
0.0023502
0.00595714
0.00957231
0.0132007
0.0168473
