0
0.000747777
0.000676302
0.000235531
0.0347749
-0.00370119
0.0119964
0.0313118
0.0429483
0.0521948
0.0599215
0.0677387
0.0723334
0.0516699
0.0188767
-0.00316733
-0.0156236
-0.03102
-0.0460991
-0.0613836
-0.0766702
-0.0919526
-0.107263
-0.122483
-0.0988554
-0.0678576
-0.0672517
-0.0621039
-0.0572757
-0.0522797
-0.0472383
-0.0481476
-0.0462137
-0.0433035
-0.0396094
-0.0545562
-0.0659162
-0.079957
-0.0928679
-0.106759
-0.121199
-0.136199
-0.152602
-0.142772
-0.136245
-0.126816
-0.115987
-0.10398
-0.0911028
-0.0775672
-0.0636124
-0.0519715
-0.0330239
-0.0164133
-0.0149831
-0.00711291
-0.00175575
0.0033587
0.00790988
0.0121079
0.0160151
0.019701
0.0232146
0.0265955
0.0298742
0.0331664
0.0362517
0.039347
0.0423816
0.0454036
0.0484143
0.0514255
0.0544443
0.0574776
0.0605313
0.0636106
0.0667204
0.0698653
0.0730503
0.076281
0.0796123
0.0832402
0.0867765
0.0977073
0.0950101
0.0905792
0.0878803
0.0827417
0.0838611
0.0961878
0.107593
0.121192
0.122198
0.122236
0.120424
0.118048
0.115523
0.111207
0.111241
0.113021
0.102219
0.0976932
0.0970822
0.0869318
0.0819522
0.0762755
0.07005
0.0640549
0.0592709
0.0537091
0.049199
0.0442417
0.0399212
0.0353149
0.0311638
0.027036
0.0230016
0.0190272
0.0151042
0.00493009
-0.00686933
-0.0119056
-0.0194265
-0.0253357
-0.0340794
-0.0401208
-0.0491658
-0.0546726
-0.0547378
-0.0635398
-0.067972
-0.0737225
-0.0808233
-0.0865692
-0.0919318
-0.0788107
-0.0780717
-0.0825914
-0.0869585
-0.0903556
-0.0943155
-0.0985381
-0.0927692
-0.089435
-0.0888487
-0.0921775
-0.083694
-0.0805712
-0.083837
-0.0739077
-0.0685191
-0.0665499
-0.0669092
-0.0450439
-0.0445399
-0.0377789
-0.0336989
-0.02827
-0.0236771
-0.0195915
-0.0154021
-0.0116171
-0.007611
-0.00401039
0.000538659
0.0040258
0.00947751
0.0128709
0.0179478
0.0214672
0.0269967
0.0305442
0.0359438
0.0396133
0.0453211
0.049072
0.0548064
0.0586987
0.0646989
0.0687227
0.0748665
0.0792567
0.0863138
0.0912604
0.0965218
0.0858379
0.0848097
0.0951252
0.0975092
0.101916
0.105964
0.105725
0.102819
0.103931
0.10022
0.100463
0.096879
0.0887197
0.0849195
0.0816877
0.0675702
0.0762665
0.0707216
0.0656986
0.0621414
0.0589535
0.0552786
0.0509407
0.0464203
0.0398674
0.0367707
0.0316385
0.0282437
0.0226602
0.0194536
0.014402
0.0112278
0.00636257
0.0032777
-0.00088233
-0.00392053
-0.00703326
-0.00975339
-0.0283161
-0.0310748
-0.0380247
-0.0451106
-0.0516514
-0.059158
-0.0388749
-0.0525157
-0.0526588
-0.0533554
-0.0471869
-0.0659102
-0.0733059
-0.0760275
-0.098683
-0.0729422
-0.0724578
-0.0696971
-0.0662545
-0.0623514
-0.0581562
-0.0537657
-0.049238
-0.0446048
-0.0398808
-0.035068
-0.0301597
-0.025142
-0.0307524
-0.0311377
-0.0461892
-0.0427492
-0.0426129
-0.0414238
-0.0403005
-0.0381423
-0.0438769
-0.0440239
-0.0642567
-0.0614291
-0.0724761
-0.0791014
-0.0939239
-0.126677
-0.129724
-0.152583
-0.154864
-0.204845
-0.210615
-0.213139
-0.215634
-0.0465645
0.0489868
-0.0758339
0.0302387
0.0602974
0.0743924
0.080547
0.0892812
0.110486
0.132761
0.154577
0.179711
0.202107
0.186115
0.212213
0.237686
0.263494
0.25224
0.283445
0.179382
0.215446
0.141005
0.151046
0.140484
0.157748
0.168848
0.17459
0.199774
0.229341
0.212216
0.174404
0.102567
0.0371109
-0.0040339
0.0455544
0.0842434
0.0850088
0.0255176
0.0191619
0.0207795
0.0485411
0.0965241
0.127682
0.161709
0.192826
0.223888
0.223761
0.28306
0.281254
0.282017
0.28864
0.294774
0.303588
0.315414
0.31859
0.330336
0.338068
0.336665
0.382344
0.410208
0.350005
0.294493
0.298166
0.215553
-0.0265007
-0.0874321
-0.153701
-0.163013
-0.151277
-0.123237
-0.144395
-0.15709
-0.121829
-0.0996786
-0.1371
-0.182337
-0.212325
-0.173225
-0.157351
-0.138178
-0.154665
-0.143375
-0.130355
-0.12886
-0.114299
-0.11796
-0.147127
-0.208499
-0.242124
-0.271859
-0.28564
-0.292011
-0.268278
-0.257596
-0.251466
-0.225821
-0.196778
-0.143496
-0.154315
-0.107094
-0.128905
-0.139734
-0.15988
-0.175107
-0.159195
-0.178653
-0.143028
-0.15669
-0.167822
-0.172053
-0.172674
-0.170647
-0.164879
-0.154501
-0.146524
-0.128855
-0.103889
-0.0956762
-0.133619
-0.13384
-0.138047
-0.111685
-0.47334
-0.532728
-0.542642
-0.535835
-0.516733
-0.494852
-0.498217
-0.494565
-0.528618
-0.509456
-0.563814
-0.564672
-0.515749
-0.492774
-0.467386
-0.443063
-0.501923
-0.481403
-0.320538
-0.308364
-0.299157
-0.287783
-0.258246
-0.244903
-0.236937
-0.23933
-0.223546
-0.24919
-0.336038
-0.266076
-0.4203
-0.508202
-0.469594
-0.633761
-0.63993
-0.51435
-0.470139
-0.456483
-0.505974
-0.518328
-0.535117
-0.573145
-0.278088
-0.228342
-0.177423
-0.128722
-0.0946038
0.0290894
0.0565114
0.0799243
0.0828567
0.0944492
0.110775
0.132526
0.119303
-0.108362
-0.25889
-0.31947
-0.342451
-0.356192
-0.353793
-0.346344
-0.342344
-0.347211
-0.351422
-0.348286
-0.422336
-0.457063
-0.463939
-0.465856
-0.450185
-0.434072
-0.399391
