0
0.649995
0.643641
0.296721
0.170559
0.0541686
-0.0420555
-0.154471
-0.287204
-0.357932
-0.425485
-0.49186
-0.522
-0.436043
-0.350125
-0.286933
-0.288113
-0.289805
-0.292229
-0.295201
-0.298763
-0.302929
-0.307695
-0.313047
-0.315619
-0.318298
-0.322854
-0.325797
-0.33015
-0.334144
-0.338679
-0.336776
-0.304864
-0.291329
-0.278012
-0.264728
-0.252306
-0.240239
-0.228499
-0.217062
-0.205911
-0.195028
-0.184396
-0.174001
-0.163829
-0.153866
-0.144099
-0.134515
-0.125102
-0.115848
-0.106742
-0.0984786
-0.0927081
-0.0852274
-0.0768261
-0.0680053
-0.0597616
-0.0514834
-0.0432282
-0.0350155
-0.0268474
-0.0187188
-0.0106123
-0.00472147
0.00118931
0.00712853
0.0131069
0.0191353
0.0252247
0.0313864
0.0376355
0.0439883
0.0504532
0.0570441
0.0637775
0.0706725
0.0768094
0.0843605
0.089885
0.0960558
0.102656
0.109562
0.116703
0.124046
0.131578
0.139293
0.147195
0.155286
0.163573
0.172064
0.180768
0.187275
0.193079
0.199095
0.205344
0.211851
0.218651
0.225857
0.210039
0.19909
0.188369
0.176429
0.154593
0.140681
0.129666
0.120229
0.111661
0.103596
0.0916267
0.0806169
0.069765
0.059039
0.0484201
0.0378954
0.0332855
0.0184717
0.00915441
0.000634062
-0.00656238
-0.0115143
-0.0164169
-0.0212646
-0.0260524
-0.0307744
-0.0354226
-0.039986
-0.0457458
-0.0476667
-0.0406518
-0.0634083
-0.0794028
-0.0917403
-0.102104
-0.111411
-0.120161
-0.128634
-0.136984
-0.145298
-0.153628
-0.162004
-0.170448
-0.178976
-0.187614
-0.178052
-0.167266
-0.159193
-0.151012
-0.142785
-0.134542
-0.126294
-0.118046
-0.0460772
-0.0614027
-0.0712259
-0.0931401
-0.0878671
-0.0804312
-0.0719755
-0.063042
-0.053885
-0.0446204
-0.0352969
-0.0259313
-0.0165244
-0.00706204
0.00175233
0.0106592
0.0196694
0.0287968
0.038056
0.0474621
0.0570315
0.0667657
0.0767864
0.0870572
0.0831239
0.0191126
-0.0596788
0.0111126
0.0823776
0.151075
0.187171
0.181131
0.13904
0.118004
0.108412
0.105145
0.105445
0.107838
0.11157
0.116463
0.0997795
0.0863458
0.0731405
0.0601233
0.0472686
0.0345651
0.0220206
0.00978909
-0.0024915
-0.0132382
-0.0102136
-0.0264961
-0.0606555
-0.0728309
-0.083287
-0.0929577
-0.102321
-0.107968
-0.140223
-0.135668
-0.116207
-0.0890181
-0.0577562
-0.0351001
-0.0188136
-0.00543742
0.00642445
0.0175342
0.0283111
0.0398445
0.040186
0.0405228
0.0408429
0.0412587
0.0417586
0.0424694
0.0441178
0.0447937
0.0460038
0.0486803
0.0542782
0.0337345
0.0215067
0.00975841
0.00101432
-0.00830147
-0.0183301
-0.0184431
-0.0297237
-0.0056974
-0.000798459
0.00529858
0.00364043
0.00256642
0.00199546
0.00166225
0.00144319
0.00128111
0.00114943
0.0010356
0.00092168
0.000841103
0.000771256
0.000693357
0.000622614
0.000555328
0.000485803
0.000416613
0.000349906
0.000294361
0.000270967
0.0002417
0.000215146
0.000191153
0.000169517
0.000150044
0.000132529
0.000116802
0.000102701
9.00688e-05
7.87646e-05
6.86421e-05
5.95459e-05
5.14499e-05
4.41271e-05
3.66724e-05
5.73529e-05
5.54054e-05
6.29988e-05
6.88132e-05
7.39219e-05
7.88069e-05
8.39368e-05
8.90224e-05
9.42379e-05
9.93105e-05
0.000104061
0.000108418
0.000111378
0.000113474
0.000112795
0.000108321
9.57084e-05
4.88802e-05
-0.000755934
-0.00078862
-0.00080857
-0.000825803
-0.000840565
-0.000853076
-0.000845534
-0.000824266
-0.000704012
-0.000594246
-0.000531863
-0.000555309
-0.00057643
-0.000599058
-0.000620237
-0.000639991
-0.000658357
-0.000675421
-0.00069129
-0.000714106
-0.000716493
-0.000720794
-0.000713408
-0.000752089
-0.000762734
-0.00076826
-0.000777326
-0.000783671
-0.000789224
-0.000793852
-0.00079825
-0.000812925
-0.000815061
-0.00083727
-0.000843199
-0.000848874
-0.000855084
-0.000861879
-0.000869297
-0.000877244
-0.000885789
-0.000895053
-0.000904905
-0.000914872
-0.000933994
-0.000887584
-0.000914617
-0.000922185
-0.000931453
-0.000942599
-0.000955698
-0.000971397
-0.000990551
-0.00101516
-0.0010532
-0.000965891
-0.000929444
-0.000834752
-0.000687116
-0.000560888
-0.000485522
-0.000462657
-0.000453441
-0.000446621
-0.000441187
-0.000436859
-0.000433449
-0.000430834
-0.000428843
-0.000427412
-0.00042644
-0.000425901
-0.000425694
-0.000425768
-0.000426091
-0.000362313
-0.000380385
-0.000395492
-0.000407954
-0.000418196
-0.000424192
-0.0247663
-0.000108117
-0.00012238
-0.000120807
-0.000121913
-0.00013338
-0.000391915
-0.000355652
-0.000316611
-0.0002759
-0.000233454
-0.000189284
-0.000143415
-9.58381e-05
-4.66053e-05
4.34526e-06
5.68142e-05
0.000110768
0.000166225
0.000223148
0.000281244
0.00034092
0.000402119
0.000464424
0.000528378
0.0840854
0.16235
0.211908
0.205788
0.128654
0.0563809
-0.013184
-0.0334903
-0.0307396
-0.027858
-0.025338
-0.0230115
-0.0199495
-0.0178956
-0.0158531
-0.013808
-0.0127634
-0.0119278
-0.0111504
-0.0104282
-0.00975768
-0.00913512
-0.00855701
-0.00802005
-0.00752115
-0.00705907
-0.00663091
0.0121221
0.00259497
-0.00233759
-0.00717704
-0.00994914
-0.0114115
-0.0121814
-0.0125971
-0.0128436
-0.0130213
-0.0131843
-0.013361
-0.0135657
-0.0138049
-0.0140808
-0.014393
-0.0147401
-0.0151196
-0.015529
-0.0159654
-0.0164258
-0.0169076
-0.017408
-0.0232285
-0.0317612
-0.0356771
-0.0372178
-0.0376012
-0.0374814
-0.0372073
-0.0370157
-0.0383549
-0.0262531
-0.0146304
-0.00314857
0.00341419
0.0102331
0.017355
0.0248992
0.0334801
0.0267206
0.0204596
0.0143266
0.0083584
0.00245777
-0.00101148
-0.00448222
-0.00794471
-0.0117703
-0.0169095
-0.0240538
-0.0143839
-0.00617184
-0.00657196
-0.00331311
0.000658079
-0.000320009
-0.000859228
-0.00118388
-0.00140879
-0.00158686
-0.00174235
-0.0018865
-0.00202364
-0.00215499
-0.00226989
-0.000990089
-0.000932783
-0.000877355
-0.000821668
-0.000765579
-0.000708962
-0.000651697
0.0809364
0.15902
0.157581
0.110216
0.0367225
-0.0429606
-0.0399321
-0.037091
-0.0344764
-0.0320596
-0.0298025
-0.0277174
-0.0257835
-0.0235974
-0.0210562
-0.0181532
-0.0149041
-0.0111964
-0.00690025
-0.00162128
-0.00579026
-0.0135693
-0.0128019
-0.0119507
-0.0111602
-0.0104357
-0.00976707
0.00823793
-0.00115353
-0.00509398
-0.00494492
-0.00620717
-0.00663484
-0.00667375
-0.00654253
-0.00634079
-0.00611341
-0.00588041
-0.00565046
-0.00542678
-0.00521077
-0.00500254
-0.00480191
-0.00460828
-0.0044212
-0.0042404
-0.00406523
-0.00389585
-0.0037034
-0.0035998
-0.00353079
-0.00346082
-0.000845953
-0.000783194
-0.000686176
-0.000599425
-0.000519569
-0.000445421
-0.000376178
-0.000311259
-0.000250216
-0.00019974
-0.00014524
-9.35708e-05
-4.4507e-05
2.21473e-06
5.3482e-05
9.6038e-05
0.000136854
0.00017274
0.000199963
-0.00381417
0.000294415
0.000317691
0.000340748
0.000364112
-0.0155413
0.0242232
0.0019352
-0.00735053
-0.00918553
-0.00747818
-0.00371644
-2.58286e-05
-0.000322704
-0.000470352
-0.000532215
-0.000565013
-0.000584639
-0.00059834
-0.000609444
-0.000619472
-0.000629124
-0.000638688
-0.000648317
-0.000658103
-0.00066801
-0.000678083
-0.000688239
-0.000698566
-0.00073616
-0.000778343
-0.000814697
-0.000850283
-0.000883702
-0.000897661
-0.000917711
-0.000939154
-0.000941712
-0.000863069
-0.000901036
-0.000940961
-0.000982126
-0.00102492
-0.00106909
-0.00111502
-0.00116299
-0.00121324
-0.00126611
-0.00132109
-0.00137953
-0.00144235
-0.00151282
-0.00161422
-0.00247416
-0.00250562
-0.00252421
-0.00257559
0.00833603
0.00262449
6.33403e-05
-0.00105869
-0.00151924
-0.00167612
-0.0102546
-0.00839763
-0.00157948
-0.00130872
-0.00125976
-0.00456284
-0.00116604
-0.00104226
-0.0015588
-0.000858715
-0.000766577
-0.000674227
-0.000596421
-0.000519852
-0.000444543
-0.000370581
-0.000288798
-0.000202624
-0.000158674
-0.000140557
-0.000109923
-3.46175e-05
3.25228e-05
9.86207e-05
0.000164145
0.000229689
0.000295366
0.000361098
0.00042718
0.000493434
0.00055987
0.00062633
0.000692033
0.000755993
0.000816761
0.00085277
0.00104282
0.00105471
0.00106952
0.00108408
0.00109853
0.00111342
0.0011459
0.0085676
0.0015843
-0.00314651
-0.00237193
0.0011599
0.00115857
0.000715337
0.000460944
0.000295622
0.000171596
6.69858e-05
-2.8272e-05
-0.000118768
-0.000206671
-0.000292992
-0.000392042
-0.000484932
-0.000576731
-0.000667533
-0.000757404
-0.00084642
-0.000934561
-0.00102189
-0.00114438
-0.00131416
-0.0014663
-0.00161787
-0.00175095
-0.00186068
-0.00196871
-0.00208127
-0.00219512
-0.00231046
-0.00242717
-0.00254567
-0.00266609
-0.00278811
-0.00291254
-0.00802259
-0.00678662
-0.00240287
-0.00242917
-0.00246858
-0.00250647
-0.0025431
-0.00257877
-0.00261366
-0.00264798
-0.00269184
-0.00272655
0.00743335
0.000731815
-0.00494347
-0.004958
-0.00182164
-0.00124885
-0.00157132
-0.00166212
-0.00164401
-0.00157595
-0.00148513
-0.00138417
-0.00127888
-0.00117193
-0.00106457
-0.000957383
-0.000855738
-0.000806112
-0.000758816
-0.000713444
-0.000669996
-0.000628483
-0.000588954
-0.000554829
-0.00050489
-0.000464759
-0.000445385
-0.000402576
-0.000362165
-0.000324637
-0.000288587
-0.000253313
-0.000218436
-0.000183734
-0.000149046
-0.000114265
-7.93355e-05
-4.41377e-05
-8.61154e-06
2.72596e-05
6.35702e-05
0.000100334
0.000137644
0.000159902
0.000199793
0.000240591
0.000282116
0.000324514
0.000367316
0.000433747
0.000484478
0.000554963
0.000627031
0.000699246
0.000773002
0.000849501
0.000928702
0.0010117
0.00109885
0.00118793
0.00127701
0.00135547
0.00155304
0.00146839
0.00138553
0.00130112
0.00121541
0.0011286
0.00104098
0.000952784
0.000864194
0.000775443
0.000686744
0.000563557
0.000444475
0.0003819
0.000326623
0.000258744
0.000163904
5.1822e-05
-6.40199e-05
-0.000197974
-0.000310533
-0.000423346
-0.000536593
-0.000650357
-0.0007647
-0.000879738
-0.000995611
-0.00111231
-0.00123002
-0.00134876
-0.00146877
-0.00159009
-0.00171267
-0.00183686
-0.00196294
-0.00209039
-0.00224578
-0.00236979
-0.00255121
-0.0037765
-0.0212775
-0.00710348
-0.00430953
-0.00471319
-0.0117585
-0.0198851
-0.0168908
-0.00926418
-0.00705149
-0.00144345
0.000226485
0.000197153
0.000183731
0.00018644
0.000194904
0.000204302
0.000212455
0.000218363
0.000221585
0.000221907
0.000219142
0.000210346
0.000222607
0.000220787
0.000209437
0.000210896
0.000207184
0.000200455
0.000191833
0.000181532
0.000168602
0.000155702
0.000149355
0.000144433
0.00013935
0.000134107
0.000128734
0.000123249
0.00011766
0.00011198
0.000106235
0.000100427
9.45856e-05
8.87195e-05
8.28412e-05
7.69641e-05
7.0886e-05
8.23354e-05
8.63648e-05
9.58349e-05
0.000105822
0.000117543
0.000131713
0.000148737
0.000168849
0.000192149
0.000218705
0.000248547
0.000281656
0.000318014
0.000357601
0.000400324
0.00936479
0.0180321
0.026173
0.0148623
0.00477435
-0.000491454
-0.00249522
-0.00451099
-0.00653974
-0.00659707
-0.0144957
-0.01303
-0.00416797
-0.0014917
0.000532075
0.00332562
0.00674317
0.0108985
0.0173846
0.0103768
0.00357426
-0.00140068
-0.00315973
-0.00516206
-0.00744718
-0.0101128
-0.0134863
-0.00152577
-0.00616816
-0.00136558
-0.00135479
-0.00134581
-0.00133738
-0.00132947
-0.00133261
-0.0013424
0.0163103
0.00630092
0.00197957
0.000852679
0.00019133
-0.00066643
-0.00112374
-0.00139116
-0.00156867
-0.0017025
-0.00181403
-0.00191305
-0.00200427
-0.00209002
-0.00217142
-0.00224846
-0.00231984
-0.0023668
0.000933329
0.000806023
0.000666697
0.00051731
0.000358243
0.0754081
0.148165
0.125495
0.0657895
-0.017145
-0.0354397
-0.03887
-0.0405991
-0.0289871
-0.0177947
-0.0230492
-0.0170079
-0.0152299
-0.0141478
-0.013146
-0.0122171
-0.0113559
-0.0105575
-0.00981725
-0.00913106
-0.00849499
-0.00790541
-0.00735898
-0.00685255
-0.00638324
-0.0059465
-0.00553938
0.00974128
-0.00103311
-0.00469073
-0.00315578
-0.00347724
-0.00385059
-0.00395811
-0.00395097
-0.00389929
-0.00383465
-0.00377093
-0.00371407
-0.00366616
-0.00362804
-0.00359952
-0.00358027
-0.00356971
-0.0035675
-0.00357342
-0.00358611
-0.00360567
-0.00362555
