0
0.00022164
0.000466006
0.000119487
-0.000587772
-0.00142532
-0.00234198
-0.00327798
-0.00369871
-0.00436561
-0.00512863
-0.00568339
-0.00608042
-0.00642221
-0.00672587
-0.00670082
-0.00661736
-0.0065305
-0.00644181
-0.00635351
-0.00626674
-0.00618213
-0.00610008
-0.00602082
-0.00594114
-0.00586166
-0.0057895
-0.00572722
-0.00567272
-0.00562591
-0.00558507
-0.00554625
-0.00550879
-0.00545205
-0.00540634
-0.00540837
-0.00541507
-0.00542586
-0.00544049
-0.00545884
-0.00548085
-0.00550645
-0.00553561
-0.00556825
-0.00560431
-0.00564371
-0.00568636
-0.00573216
-0.005781
-0.00583278
-0.00588739
-0.00590373
-0.00586251
-0.00579681
-0.00572482
-0.00565583
-0.00559444
-0.00554259
-0.00550098
-0.00546966
-0.00544843
-0.00543783
-0.00543456
-0.0054401
-0.00545415
-0.00547647
-0.00550688
-0.00554526
-0.00559154
-0.00564572
-0.00570806
-0.00577908
-0.00585908
-0.00594845
-0.00604771
-0.00615752
-0.00630112
-0.00640625
-0.00649806
-0.00658076
-0.00665689
-0.00672776
-0.00679399
-0.00685578
-0.00691309
-0.00696578
-0.00701367
-0.00705655
-0.00709422
-0.00712652
-0.00715327
-0.0071864
-0.00722438
-0.00726631
-0.00731132
-0.0073585
-0.00740693
-0.00745562
-0.00750995
-0.00756921
-0.00763316
-0.00787745
-0.00823204
-0.00863643
-0.00905881
-0.00948262
-0.00989961
-0.0103058
-0.0106991
-0.0110814
-0.0114527
-0.0118132
-0.0121632
-0.0125032
-0.0128338
-0.0130252
-0.0131791
-0.0133217
-0.0134536
-0.0135767
-0.013691
-0.0137967
-0.0138936
-0.0139817
-0.0140605
-0.0141298
-0.0141453
-0.0142255
-0.0143209
-0.0143812
-0.0144222
-0.0144525
-0.0144767
-0.0144969
-0.0145141
-0.0145286
-0.0145401
-0.0145483
-0.0145527
-0.0145525
-0.0145472
-0.014536
-0.0145182
-0.014492
-0.0144646
-0.0144316
-0.0143929
-0.0143486
-0.0142988
-0.0142433
-0.0141824
-0.0139108
-0.0135252
-0.0130109
-0.0124361
-0.0118872
-0.0113609
-0.0108545
-0.010366
-0.0098937
-0.00943638
-0.00899295
-0.00856249
-0.00814421
-0.00773586
-0.00733844
-0.00695146
-0.00657451
-0.00620727
-0.00584951
-0.00550112
-0.00516205
-0.00483181
-0.00451095
-0.0041998
-0.00389918
-0.0035795
-0.00359587
-0.00348444
-0.00322694
-0.00282461
-0.00236347
-0.00192271
-0.00156978
-0.00126873
-0.000998161
-0.000745779
-0.000504411
-0.000269747
-3.9061e-05
0.000189572
0.000398546
0.000597512
0.000786705
0.000966282
0.00113633
0.00129692
0.00144805
0.00156473
0.00167744
0.0017814
0.00162826
0.00126839
0.000758146
0.000216345
-0.00032716
-0.000857826
-0.00136914
-0.00186613
-0.00180873
-0.00170018
-0.00154526
-0.00134623
-0.00110402
-0.00083361
-0.000539682
-0.000222631
0.000117028
0.000478826
0.000862413
0.00114331
0.00124579
0.00120507
0.00116251
0.00112037
0.00107869
0.00118929
0.00122663
0.00121848
0.00120345
0.00118351
0.00115997
0.00112325
0.00109298
0.00105967
0.00103087
0.001006
0.000984789
0.000963076
0.000929947
0.000868518
0.000827308
0.000800588
0.000774246
0.00074855
0.000723603
0.000699444
0.000676081
0.000653506
0.000631704
0.000610654
0.000878912
0.0013787
0.00177658
0.00189989
0.00188347
0.00186743
0.00185209
0.00183742
0.0018234
0.00181001
0.00179713
0.00178477
0.00177293
0.0017616
0.00175078
0.00174047
0.00173066
0.00172134
0.00171251
0.00170417
0.00169629
0.00168889
0.00168195
0.00167545
0.00166941
0.00159706
0.00159216
0.00158792
0.00158427
0.0015812
0.00157871
0.0015768
0.00157549
0.00157479
0.00157469
0.00157522
0.00157638
0.00157819
0.00158066
0.00158379
0.0015876
0.00159211
0.00159732
0.00160325
0.00160794
0.0016118
0.00161488
0.0016172
0.00161878
0.00161965
0.0013057
0.00069552
8.25674e-05
-0.000325917
-0.00042497
-0.000428941
-0.000433467
-0.000438677
-0.000444564
-0.000451118
-0.000458332
-0.000466196
-0.000474702
-0.000483837
-0.000493598
-0.000503977
-0.000514839
-0.000526344
-0.000538453
-0.000551155
-0.000564419
-0.000578245
-0.000592544
-0.000607313
-0.000622543
-0.000471321
-0.000458267
-0.000475401
-0.000493214
-0.000511638
-0.000530671
-0.000550316
-0.000570582
-0.000591481
-0.000613028
-0.000635236
-0.000658121
-0.000681696
-0.000705294
-0.000729843
-0.000754897
-0.000780466
-0.000806572
-0.000833237
-0.000860485
-0.00088834
-0.000916827
-0.000945975
-0.00097582
-0.00100445
-0.000749485
-0.000239338
0.000256021
0.000548265
0.000542272
0.00051852
0.000495399
0.000472919
0.000451068
0.000429831
0.000409196
0.00038915
0.00036968
0.000350774
0.00033242
0.000314606
0.00029732
0.000280551
0.000264289
0.00024863
0.000233548
0.000219032
0.00020507
0.000191651
0.000178767
0.000106587
9.49133e-05
8.41183e-05
7.40452e-05
6.46757e-05
5.59484e-05
4.77126e-05
3.99757e-05
3.27511e-05
2.60538e-05
1.98992e-05
1.43023e-05
9.27847e-06
4.84249e-06
1.00889e-06
-2.20843e-06
-4.79623e-06
-6.74173e-06
-8.03243e-06
-8.656e-06
-8.6002e-06
-7.85254e-06
-6.40045e-06
-4.23099e-06
-1.33085e-06
-0.000220497
-0.000556134
-0.000965475
-0.00137974
-0.00155065
-0.0019925
-0.00272711
-0.00318754
-0.00342846
-0.00344208
-0.00345422
-0.00346563
-0.00347645
-0.00348679
-0.00349684
-0.00350662
-0.00351616
-0.00352552
-0.00353472
-0.00354379
-0.00355277
-0.00356168
-0.00357055
-0.00357939
-0.00358822
-0.00352013
-0.00352855
-0.00353651
-0.00354607
-0.00355654
-0.00356423
-0.00357026
-0.00357507
-0.00357894
-0.00358203
-0.00358445
-0.00358627
-0.00358754
-0.0035883
-0.00358859
-0.00358845
-0.00358788
-0.00358693
-0.00358561
-0.00358395
-0.00358196
-0.00357967
-0.00357708
-0.00357423
-0.00357113
-0.00342552
-0.00330544
-0.003136
-0.00295146
-0.00276935
-0.00259824
-0.00244199
-0.0023021
-0.00217861
-0.00207681
-0.00199371
-0.00200385
-0.00202994
-0.00207145
-0.00212792
-0.00219894
-0.00228425
-0.00238033
-0.00248795
-0.00260395
-0.00271078
-0.00283176
-0.00296465
-0.00310974
-0.00326745
-0.00348488
-0.00366863
-0.00384246
-0.00385782
-0.00387164
-0.00388642
-0.00390158
-0.00391739
-0.00393392
-0.00395124
-0.00396934
-0.00398822
-0.00400786
-0.00402824
-0.00404935
-0.00407117
-0.0040937
-0.00411692
-0.00413893
-0.00415968
-0.00417919
-0.00419745
-0.00421447
-0.00423025
-0.0042448
-0.00446003
-0.00480495
-0.00527286
-0.00583698
-0.00647606
-0.00717806
-0.00781669
-0.00829027
-0.00852918
-0.00854221
-0.00855369
-0.00856472
-0.00857536
-0.00858564
-0.00859564
-0.00860538
-0.00860044
-0.00858117
-0.00854777
-0.00850033
-0.00844371
-0.00845268
-0.00846176
-0.00847086
-0.00848003
-0.00841247
-0.00842196
-0.00842828
-0.00843589
-0.00844443
-0.00845321
-0.0084619
-0.00847035
-0.00847851
-0.00848637
-0.00849394
-0.00850126
-0.00850834
-0.00851521
-0.0085219
-0.00852844
-0.00853482
-0.00854108
-0.00854723
-0.00855326
-0.00855921
-0.00856505
-0.00857081
-0.00857562
-0.0085811
-0.00836226
-0.00793942
-0.00768172
-0.0076866
-0.00769209
-0.00769786
-0.0077039
-0.00771018
-0.00771667
-0.00772337
-0.00773024
-0.00773727
-0.00774443
-0.00775168
-0.00775902
-0.00776642
-0.00777384
-0.00778127
-0.00778869
-0.00779606
-0.00780336
-0.00782038
-0.00782766
-0.0078349
-0.00784212
-0.00786578
-0.00788271
-0.00781361
-0.0078326
-0.00787022
-0.00792235
-0.00794397
-0.00795764
-0.00797187
-0.00798695
-0.00800245
-0.00801833
-0.00803459
-0.00805119
-0.00806811
-0.00808533
-0.00810283
-0.00812058
-0.00813856
-0.00815676
-0.00817517
-0.00819377
-0.00821255
-0.0082315
-0.00825062
-0.00851683
-0.00902332
-0.00948435
-0.00974037
-0.00976156
-0.00978241
-0.00980343
-0.00982463
-0.00984602
-0.00986761
-0.00988942
-0.00991147
-0.00993378
-0.00995635
-0.00997922
-0.0100024
-0.0100259
-0.0100497
-0.0100739
-0.0100985
-0.0101234
-0.0101488
-0.0101746
-0.0102009
-0.0102273
-0.0101689
-0.0101954
-0.0102222
-0.010247
-0.0102711
-0.0102944
-0.0103168
-0.0103382
-0.0103586
-0.010378
-0.0103965
-0.0104141
-0.0104307
-0.0104457
-0.0104605
-0.0104744
-0.0104874
-0.0104996
-0.0105111
-0.0105219
-0.0105322
-0.0105418
-0.010551
-0.0105595
-0.0105676
-0.0103031
-0.00979828
-0.00932116
-0.0090603
-0.00906479
-0.00906923
-0.00907319
-0.00907666
-0.00907965
-0.00908215
-0.00908414
-0.00908562
-0.00908659
-0.00908703
-0.00908694
-0.0090863
-0.00908509
-0.00908332
-0.00908095
-0.00907796
-0.00907507
-0.00907232
-0.00906972
-0.00906723
-0.00906485
-0.00906259
-0.0090601
-0.00906287
-0.00906612
-0.00906891
-0.00907203
-0.00907592
-0.00908077
-0.00908668
-0.00909366
-0.0091017
-0.00911078
-0.00912085
-0.00913189
-0.00914386
-0.00915674
-0.00917049
-0.00918504
-0.00920036
-0.00921643
-0.00923323
-0.00925074
-0.00926894
-0.0092878
-0.00930732
-0.00963641
-0.010264
-0.0108959
-0.0113304
-0.0114649
-0.0114892
-0.0115138
-0.0115391
-0.011565
-0.0115915
-0.0116186
-0.0116463
-0.0116747
-0.0117037
-0.0117334
-0.0117522
-0.0117815
-0.0118108
-0.0118399
-0.0118688
-0.0118975
-0.0119261
-0.0119546
-0.0119829
-0.0120111
-0.0119624
-0.0119907
-0.0120117
-0.012032
-0.012054
-0.0120763
-0.0120981
-0.0121191
-0.012139
-0.0121578
-0.0121755
-0.0121922
-0.0122078
-0.0122223
-0.0122359
-0.0122486
-0.0122603
-0.0122712
-0.0122813
-0.0122911
-0.0123006
-0.0123098
-0.0123187
-0.0123275
-0.012336
-0.0121856
-0.0118437
-0.011571
-0.0115463
-0.0115531
-0.0115598
-0.0115663
-0.0115727
-0.0115788
-0.0115848
-0.0115906
-0.0115962
-0.0116016
-0.0116068
-0.0116118
-0.0116166
-0.0116212
-0.0116255
-0.0116296
-0.0116335
-0.0116372
-0.0116405
-0.0116437
-0.0116465
-0.0116491
-0.0116833
-0.0116849
-0.0116858
-0.0116863
-0.0116861
-0.0116854
-0.0116841
-0.0116822
-0.0116795
-0.0116762
-0.0116721
-0.0116672
-0.0116615
-0.0116549
-0.0116499
-0.0116462
-0.0116438
-0.0116426
-0.0116426
-0.0116436
-0.0116458
-0.011649
-0.0116532
-0.0116584
-0.0116645
-0.0119881
-0.0126183
-0.0132557
-0.0136916
-0.0138196
-0.013832
-0.013845
-0.0138587
-0.0138732
-0.0138885
-0.0139044
-0.0139211
-0.0139384
-0.0139565
-0.0139752
-0.0139947
-0.0140148
-0.0140357
-0.0140572
-0.0140794
-0.0141024
-0.014126
-0.0141503
-0.0141753
-0.0142011
-0.0140555
-0.0140362
-0.0140649
-0.014096
-0.0141182
-0.0141454
-0.0141511
-0.0141569
-0.0141765
-0.0141948
-0.0142117
-0.0142274
-0.0142417
-0.0142546
-0.0142666
-0.0142785
-0.0142901
-0.0143017
-0.0143131
-0.0143245
-0.0143358
-0.0143471
-0.0143584
-0.0143697
-0.014381
-0.0142459
-0.0139821
-0.0138276
-0.0138384
-0.0138496
-0.0138608
-0.0138721
-0.0138836
-0.0138951
-0.0139068
-0.0139185
-0.0139303
-0.013942
-0.0139538
-0.0139656
-0.0139774
-0.0139893
-0.0140011
-0.014013
-0.0140248
-0.0140367
-0.0140486
-0.0140605
-0.0140724
-0.0140844
-0.0140964
-0.0141081
-0.0141198
-0.0141313
-0.0141428
-0.014154
-0.0141651
-0.0141761
-0.0141868
-0.0141972
-0.0142074
-0.0142173
-0.0142268
-0.014236
-0.0142448
-0.0142532
-0.014262
-0.0142713
-0.0142769
-0.0142871
-0.0142986
-0.014311
-0.014324
-0.0143375
-0.0143516
-0.0145837
-0.0150205
-0.0152416
-0.0153576
-0.0154408
-0.0154956
-0.0155334
-0.0155524
-0.0155521
-0.0155323
-0.0155481
-0.0155638
-0.0155604
-0.0155422
-0.0155099
-0.015464
-0.0154051
-0.0153338
-0.0152535
-0.0151636
-0.0151798
-0.015196
-0.0152122
-0.0152283
-0.0152444
-0.0151845
-0.0152007
-0.0152122
-0.0152242
-0.0152361
-0.0152474
-0.015258
-0.0152675
-0.0152761
-0.0152837
-0.0152903
-0.0152959
-0.0153006
-0.0153043
-0.015307
-0.0153089
-0.0153099
-0.0153101
-0.0153093
-0.0153077
-0.0153079
-0.0153099
-0.0153136
-0.0153191
-0.0153263
-0.0150709
-0.0146672
-0.0141614
-0.0135761
-0.012933
-0.0123104
-0.0117149
-0.0111427
-0.0106055
-0.0100878
-0.00958456
-0.00959027
-0.00959657
-0.00960283
-0.00960909
-0.00961536
-0.00962167
-0.00962804
-0.00963449
-0.00964105
-0.00964773
-0.00965456
-0.00966154
-0.00966869
-0.00967603
-0.00969346
-0.00970093
-0.00971203
-0.00972249
-0.00973286
-0.00974375
-0.00975544
-0.00976806
-0.00978165
-0.00979623
-0.00981179
-0.0098283
-0.00984575
-0.0098641
-0.00988335
-0.00990346
-0.00992442
-0.00994621
-0.00996881
-0.00999221
-0.0100164
-0.0100413
-0.010067
-0.0100935
