0
0.000171737
0.00036285
-1.39994e-05
-0.00128359
-0.00283709
-0.00528542
-0.00833795
-0.0108269
-0.0137218
-0.0172646
-0.0202972
-0.0228404
-0.0248866
-0.0264548
-0.026531
-0.0264589
-0.0263206
-0.0261422
-0.0259235
-0.0256631
-0.0253587
-0.0250076
-0.0246061
-0.0240992
-0.023485
-0.0229851
-0.0225821
-0.0223212
-0.0221967
-0.0222067
-0.0222165
-0.0222062
-0.0221739
-0.0221416
-0.0221019
-0.022049
-0.0219855
-0.0219126
-0.021831
-0.0217411
-0.021643
-0.021537
-0.0214231
-0.0213015
-0.0211724
-0.021036
-0.0208924
-0.020742
-0.0205849
-0.0204215
-0.0202504
-0.0200953
-0.0199464
-0.0197986
-0.0196492
-0.019495
-0.0193356
-0.0191708
-0.0190005
-0.018825
-0.0186445
-0.0184601
-0.018271
-0.0180774
-0.0178795
-0.0176775
-0.0174715
-0.0172617
-0.0170483
-0.0168332
-0.0166206
-0.0164108
-0.0162041
-0.0160005
-0.0158004
-0.0156041
-0.0154315
-0.0152812
-0.0151534
-0.0150496
-0.0149724
-0.0149247
-0.0149098
-0.0149309
-0.014991
-0.0150933
-0.0152407
-0.0154362
-0.0156824
-0.015982
-0.0161438
-0.0161881
-0.016117
-0.0159321
-0.0156349
-0.0152268
-0.0147091
-0.0140823
-0.0133907
-0.0126317
-0.0117832
-0.0108979
-0.00999423
-0.00908086
-0.00816184
-0.00723895
-0.00631273
-0.00537685
-0.0044436
-0.00351212
-0.0025814
-0.00165036
-0.00071785
0.000195558
0.00109674
0.00199647
0.00288569
0.0037707
0.00465287
0.00553325
0.00641284
0.00729255
0.00817326
0.00905583
0.0099411
0.0108301
0.0112252
0.0115876
0.0118736
0.0120564
0.0121225
0.0120662
0.0118852
0.0115798
0.011151
0.0106005
0.00993017
0.00914208
0.00823815
0.00722028
0.00609021
0.0048496
0.00347042
0.00198563
0.000398807
-0.00128902
-0.0030769
-0.00496389
-0.00694906
-0.00903146
-0.0109086
-0.0128151
-0.014728
-0.0166379
-0.0185499
-0.0204643
-0.0223819
-0.0243038
-0.0262313
-0.0281657
-0.0301085
-0.0320611
-0.0340251
-0.0360042
-0.0379977
-0.0400073
-0.0420346
-0.0440812
-0.0461488
-0.0482389
-0.0503532
-0.0524806
-0.0546214
-0.0567774
-0.0589115
-0.060559
-0.0618567
-0.0630896
-0.0642453
-0.0653142
-0.0662605
-0.0671111
-0.0678965
-0.0685877
-0.0691782
-0.0696658
-0.0700506
-0.0703339
-0.0705175
-0.0706035
-0.0706049
-0.0705161
-0.0703393
-0.0700761
-0.0697281
-0.0692967
-0.0687834
-0.0681866
-0.0675096
-0.0667527
-0.0658944
-0.0648885
-0.0637661
-0.0625502
-0.06125
-0.0598699
-0.0584115
-0.0569672
-0.0554635
-0.0538952
-0.0522644
-0.050571
-0.0488143
-0.047001
-0.0451312
-0.043203
-0.0412144
-0.0391637
-0.0370491
-0.0348782
-0.032653
-0.030341
-0.027945
-0.0254626
-0.0228918
-0.0202181
-0.017414
-0.0144769
-0.0114109
-0.00821646
-0.0048928
-0.00186336
0.00102946
0.00378901
0.00641771
0.00891959
0.0112992
0.01368
0.0157976
0.0177783
0.0196412
0.021389
0.0230234
0.0245478
0.0259658
0.0272805
0.0284953
0.0296133
0.0306379
0.0315723
0.0323852
0.0330491
0.0336166
0.0341329
0.0345557
0.0348938
0.0351493
0.0353235
0.0354171
0.035439
0.0354071
0.0353216
0.0351823
0.0349891
0.0347418
0.0344402
0.0340839
0.0336727
0.0332061
0.0326837
0.032105
0.0314695
0.0307768
0.0300261
0.0292168
0.0283416
0.0273685
0.0262993
0.0251372
0.0238822
0.0225324
0.0210845
0.0195351
0.0178799
0.0161148
0.0142353
0.0122371
0.0101155
0.00786598
0.00548381
0.00296425
0.000302444
-0.00250683
-0.0054701
-0.00819847
-0.0108095
-0.0133071
-0.015695
-0.0179767
-0.0201559
-0.0222058
-0.0240897
-0.0258555
-0.027533
-0.0291378
-0.0306403
-0.0320398
-0.0333386
-0.0345387
-0.0356414
-0.0366479
-0.0375592
-0.0383762
-0.0390998
-0.0397305
-0.0402691
-0.0407315
-0.0411019
-0.0413814
-0.0415704
-0.0416692
-0.0416803
-0.0416171
-0.0414796
-0.0412678
-0.0409649
-0.0405535
-0.0400257
-0.0393899
-0.038648
-0.0377996
-0.0368431
-0.0357757
-0.0345941
-0.0332949
-0.0318744
-0.0303287
-0.0286538
-0.0269765
-0.0251057
-0.0231357
-0.0210617
-0.018879
-0.0165828
-0.0141681
-0.0116299
-0.00896293
-0.00616146
-0.00321863
-0.000467664
0.00215803
0.0046308
0.00699353
0.00927134
0.0114781
0.0135978
0.0156328
0.0175855
0.019458
0.0212523
0.02297
0.0246126
0.0261815
0.0276782
0.0291038
0.0304596
0.0317467
0.0329662
0.0341192
0.0351897
0.0361808
0.0370931
0.0379275
0.0386848
0.0393656
0.0400655
0.0405457
0.0409131
0.0411729
0.041327
0.0413751
0.0413503
0.0412499
0.0410708
0.04081
0.0404642
0.0400302
0.0395048
0.0388845
0.0381663
0.0373468
0.0364228
0.0353914
0.0342494
0.0329935
0.0316208
0.030128
0.0285117
0.0267687
0.0248953
0.0228475
0.0208301
0.0188198
0.0168032
0.0152133
0.0137142
0.0124855
0.0114206
0.0104839
0.00971129
0.00907655
0.0085732
0.00819657
0.00794476
0.00781601
0.00780913
0.00781874
0.00782918
0.00783964
0.00784988
0.00785984
0.00786952
0.00787896
0.00788818
0.00789722
0.00791347
0.00794776
0.00785183
0.00771402
0.00752689
0.00730574
0.00705214
0.00676738
0.00645342
0.00611254
0.00574715
0.00535974
0.00495279
0.00452876
0.00409006
0.00363897
0.0031777
0.00270836
0.00223299
0.0017536
0.00127217
0.000790612
0.000310846
-0.000165155
-0.000635274
-0.00111317
-0.00159473
-0.00208118
-0.00256703
-0.0030494
-0.0035269
-0.00399896
-0.00446547
-0.00492777
-0.00537382
-0.00581583
-0.00625969
-0.00669957
-0.00713584
-0.00756887
-0.00799907
-0.00842711
-0.00884441
-0.00925849
-0.00966988
-0.0100821
-0.0104918
-0.0108997
-0.0113059
-0.0117106
-0.0121142
-0.012545
-0.0129999
-0.0131989
-0.0132732
-0.0132299
-0.0130627
-0.012769
-0.0123485
-0.0118023
-0.0111316
-0.0103382
-0.00942355
-0.00838929
-0.00723677
-0.00596711
-0.00458107
-0.00307847
-0.00178705
-0.000652966
0.000322686
0.00113874
0.00179391
0.00228682
0.00261595
0.002768
0.00294974
0.00318097
0.00343603
0.00371147
0.00397818
0.00418985
0.00442449
0.00468718
0.00497771
0.00527975
0.0055934
0.00591885
0.00625632
0.00660607
0.00696838
0.00734358
0.0077321
0.00813441
0.00855109
0.00894862
0.00936389
0.00977839
0.0101925
0.0106065
0.011029
0.011472
0.0115947
0.0116365
0.0116169
0.0115314
0.0113781
0.0111565
0.0108673
0.0105116
0.0100911
0.00960735
0.00906201
0.00845672
0.00779302
0.00707234
0.00629593
0.00546495
0.00458043
0.00364333
0.0026545
0.00161472
0.000524645
-0.000615134
-0.00180401
-0.00306528
-0.0044265
-0.00578301
-0.00712133
-0.00845968
-0.00979748
-0.0111349
-0.0124725
-0.0138111
-0.0151515
-0.0164947
-0.0178417
-0.0191935
-0.0205512
-0.0219159
-0.0232885
-0.0246701
-0.0260619
-0.0274648
-0.02888
-0.0303086
-0.0317173
-0.0331485
-0.0345809
-0.0360155
-0.0374566
-0.0383794
-0.0392363
-0.0400266
-0.0407142
-0.0412824
-0.0417213
-0.0420282
-0.042203
-0.0422464
-0.0422252
-0.0421414
-0.0419973
-0.0417951
-0.0415369
-0.0412246
-0.0408601
-0.0404449
-0.0399806
-0.0394686
-0.0389102
-0.0383067
-0.0376591
-0.0369687
-0.0362366
-0.0354396
-0.0345459
-0.0335954
-0.0326234
-0.0316071
-0.0305449
-0.0294373
-0.0282839
-0.027084
-0.0258366
-0.0245403
-0.0231939
-0.021796
-0.020345
-0.0188394
-0.0172775
-0.0156576
-0.0139779
-0.0122366
-0.0104316
-0.0085608
-0.00662188
-0.00461198
-0.00252617
-0.00042892
0.00168471
0.00382878
0.00600862
0.00790028
0.00968217
0.0113428
0.0128778
0.0142864
0.0155703
0.0167166
0.0177386
0.0186447
0.0194214
0.0200731
0.0206031
0.0210296
0.0213394
0.021539
0.0216426
0.0216525
0.0215798
0.0214264
0.0211944
0.0208855
0.0205019
0.0200183
0.0194058
0.0187035
0.0179348
0.0171075
0.0162042
0.0152257
0.0141721
0.0130431
0.0118379
0.0105558
0.00919587
0.00775688
0.00623767
0.00463691
0.00295314
0.00118478
-0.000669974
-0.00261331
-0.0046489
-0.00668445
-0.00871592
-0.0107449
-0.0127728
-0.0148013
-0.0168337
-0.0188959
-0.0205803
-0.0221756
-0.0236605
-0.0250224
-0.026256
-0.0273594
-0.0283337
-0.0291808
-0.0299036
-0.0305047
-0.0309873
-0.0313541
-0.0316079
-0.0317514
-0.0317869
-0.0317213
-0.0315567
-0.0312949
-0.0309377
-0.0304866
-0.0299432
-0.029309
-0.0285855
-0.027744
-0.0267461
-0.0256404
-0.0244489
-0.0231842
-0.0218355
-0.020396
-0.0188659
-0.0172444
-0.0155307
-0.0137235
-0.0118215
-0.00982296
-0.00772619
-0.00552905
-0.00335006
-0.00116589
0.00100978
0.00317861
0.00534225
0.00750236
0.0096606
0.0118186
0.013978
0.0161404
0.0183157
0.0205173
0.0223299
0.0240561
0.0256744
0.0271709
0.0285402
0.0297808
0.0308936
0.0318806
0.0327446
0.0334885
0.0341155
0.0346284
0.0350304
0.0353242
0.0355124
0.0355976
0.0355957
0.0355566
0.0354823
0.0353747
0.0352355
0.0350667
0.0348702
0.0346253
0.0343125
0.0339625
0.0335963
0.0332014
0.0327774
0.0323252
0.0318449
0.0313363
0.030799
0.0302325
0.0296363
0.0290095
0.0283516
0.0276617
0.0269389
0.0261825
0.0253915
0.024565
0.0237021
0.0228016
0.0218626
0.020884
0.0198647
0.0188036
0.0176948
0.0165066
0.0152409
0.0138997
0.0124823
0.0109859
0.00940699
0.00774133
0.00598437
0.00413132
0.00217715
0.000116618
-0.00205598
-0.00434766
-0.00642331
-0.00836915
-0.010189
-0.0118864
-0.0134647
-0.0149274
-0.0162775
-0.017518
-0.018652
-0.0196821
-0.0206113
-0.0214116
-0.0220452
-0.0225594
-0.0229828
-0.02333
-0.0235904
-0.0237576
-0.0238331
-0.0238217
-0.0237237
-0.0235392
-0.0232683
-0.0229108
-0.0224665
-0.0219351
-0.0213162
-0.0206092
-0.0198138
-0.0189291
-0.0179544
-0.0168891
-0.0157322
-0.0144826
-0.0131395
-0.0117015
-0.0101502
-0.00846855
-0.00664461
-0.00481801
-0.00341952
-0.00216053
-0.00103449
8.93742e-05
0.000916772
0.00150179
0.00193356
0.00223774
0.00239198
0.00241233
0.00234742
0.00226928
0.00218027
0.00208269
0.00197881
0.00187082
0.00176091
0.00165123
0.00154393
0.00144116
0.00134515
0.00124248
0.00111748
0.000998826
0.000895867
0.000798697
0.000708898
0.000627324
0.000554443
0.000490508
0.000435634
0.000389139
0.00034319
0.000297698
0.000252658
0.000208065
0.000163915
0.000120204
7.69255e-05
3.40761e-05
-8.34931e-06
-5.03554e-05
-9.19471e-05
-0.000133129
-0.000173906
-0.000214283
-0.000254281
-0.000310617
-0.000380776
-0.000463931
-0.000561011
-0.000673942
-0.000805214
-0.000957606
-0.00113405
-0.00133756
-0.00157114
-0.00183784
-0.00214064
-0.00248254
-0.00286645
-0.00329521
-0.00366315
-0.00398051
-0.00434909
-0.0045798
-0.00469056
-0.00469298
-0.00463729
-0.00452349
-0.00435131
-0.00408164
-0.00372147
-0.00335992
-0.00299751
-0.00262565
-0.00224512
-0.0018567
-0.00146062
-0.00105677
-0.000644662
-0.000224527
0.000203847
0.000640033
0.00108427
0.0015369
0.00199823
0.00246849
0.00294774
0.00344482
0.00392314
0.00440791
0.00488866
0.00536564
0.00583911
0.00630932
0.00678472
0.00727771
0.00744667
0.00753261
0.00751095
0.00738895
0.00716203
0.00682894
0.00638983
0.00584576
0.00519819
0.00444875
0.00359911
0.00265088
0.00160556
0.000464451
-0.000771347
-0.00210098
-0.00352394
-0.00504108
-0.00633007
-0.00744779
-0.00839301
-0.00916436
-0.00976023
-0.0101735
-0.0106193
-0.0110844
-0.0115623
-0.0120438
-0.012488
-0.0129337
-0.013382
-0.0137815
-0.0141873
-0.0145758
-0.0149913
-0.0153943
-0.0157851
-0.0161639
-0.0165308
-0.0168862
-0.0172301
-0.0175628
-0.0178845
-0.0181953
-0.0184953
-0.0187846
-0.0190635
-0.0193318
-0.0195931
-0.0198666
-0.0198757
-0.019833
-0.0197229
-0.0195373
-0.0192726
-0.0189275
-0.0185024
-0.0179983
-0.0174164
-0.0167581
-0.016025
-0.0152184
-0.0143395
-0.0133895
-0.0123693
-0.0112797
-0.0101214
-0.00889465
-0.00759992
-0.00623723
-0.00480621
-0.00330305
