0.0698132
0.0763131
0.0827495
0.0857168
0.0874221
0.0879622
0.087537
0.0859838
0.0831031
0.0795121
0.0752404
0.0703054
0.0650704
0.0606971
0.0571855
0.0543156
0.0514348
0.0485376
0.0456165
0.0426658
0.0396797
0.0366523
0.0335774
0.0304493
0.0272961
0.0241167
0.020891
0.0176353
0.0143352
0.0109944
0.00760754
0.00423967
0.00119104
-0.00172212
-0.00450211
-0.00714921
-0.00967202
-0.0120741
-0.0143587
-0.0165289
-0.0185876
-0.0205374
-0.0223808
-0.0241202
-0.0257578
-0.0272958
-0.028736
-0.0300804
-0.0313305
-0.0324881
-0.0335546
-0.0345384
-0.0354646
-0.036316
-0.0370834
-0.0377627
-0.0383594
-0.0388734
-0.0393047
-0.039654
-0.0399215
-0.0401077
-0.0402128
-0.040259
-0.0402461
-0.0401737
-0.0400415
-0.039849
-0.0395956
-0.0392805
-0.038903
-0.0384619
-0.0379561
-0.0373844
-0.0367454
-0.0360375
-0.0352681
-0.0344234
-0.0335236
-0.0325622
-0.0315349
-0.0304387
-0.0292714
-0.0280308
-0.0267151
-0.0253225
-0.0238513
-0.0222994
-0.020665
-0.0189461
-0.0171405
-0.0152689
-0.0133384
-0.0113468
-0.00929199
-0.00717124
-0.00498166
-0.00271919
-0.000614052
0.00138212
0.00327163
0.00504256
0.00659567
0.00801016
0.00931495
0.0105258
0.0116514
0.0126968
0.0136229
0.0144393
0.0151475
0.0157488
0.0162442
0.0166346
0.0169791
0.0171755
0.0172788
0.0172969
0.0172432
0.0171399
0.0169877
0.0167872
0.0165388
0.0162433
0.0159014
0.015514
0.015069
0.0145979
0.0141965
0.0135665
0.012775
0.0118585
0.0108365
0.00971967
0.0085135
0.00722079
0.00584281
0.00437992
0.00283201
0.00119864
-0.000520827
-0.00232721
-0.00422158
-0.00602229
-0.00771663
-0.00933165
-0.0108663
-0.0123199
-0.0136925
-0.0149839
-0.0161941
-0.0166813
-0.0173215
-0.0180592
-0.019015
-0.019917
-0.0207436
-0.0214847
-0.0221355
-0.0226939
-0.0231588
-0.0235297
-0.0238062
-0.0239878
-0.0240742
-0.0240717
-0.0239794
-0.0237964
-0.0235215
-0.0231534
-0.0226907
-0.0221316
-0.0214746
-0.0207167
-0.0198555
-0.0190329
-0.0188479
-0.0194494
-0.0193426
-0.0185227
-0.0170152
-0.0151459
-0.0133364
-0.0119474
-0.0107683
-0.0096849
-0.00863388
-0.00757967
-0.00650139
-0.00538572
-0.00422108
-0.00322329
-0.00235987
-0.00162859
-0.00102759
-0.000555268
-0.000210141
9.36055e-06
0.000106353
8.034e-05
-5.33515e-05
-0.000156951
-0.000423369
-0.00103106
-0.00175996
-0.00259276
-0.00352152
-0.00454311
-0.00562046
-0.00701993
-0.00837386
-0.00953329
-0.010421
-0.0109964
-0.0113457
-0.0115325
-0.0115862
-0.0115218
-0.0113471
-0.0110654
-0.0106691
-0.0102699
-0.00986753
-0.00946194
-0.00905218
-0.00863742
-0.00821576
-0.00777797
-0.00733362
-0.0068773
-0.0063943
-0.00585542
-0.00552153
-0.00530967
-0.00521505
-0.00520766
-0.00529322
-0.00547889
-0.00566564
-0.00596488
-0.00602364
-0.0060332
-0.00598164
-0.00594652
-0.00592202
-0.00590311
-0.00588742
-0.00587382
-0.00586176
-0.00585092
-0.00584114
-0.00583253
-0.00582487
-0.00581805
-0.00581207
-0.00580664
-0.00580172
-0.00579734
-0.0057935
-0.00579017
-0.00578726
-0.0057845
-0.00578193
-0.00577953
-0.00577727
-0.00577515
-0.00577312
-0.00577117
-0.0057693
-0.00576747
-0.00576568
-0.0057639
-0.00576214
-0.00576038
-0.0057586
-0.00575681
-0.00575501
-0.00575289
-0.00575063
-0.00574816
-0.00574549
-0.00574261
-0.00573954
-0.00573626
-0.00573276
-0.00572904
-0.00572509
-0.0057209
-0.00571647
-0.0057118
-0.0057069
-0.00570178
-0.00569646
-0.00569102
-0.00568579
-0.00568897
-0.00569265
-0.00569671
-0.00570111
-0.00570582
-0.00571083
-0.00571628
-0.00572264
-0.00572899
-0.00573514
-0.00574106
-0.00574726
-0.00575362
-0.00576018
-0.00576691
-0.00577381
-0.00578085
-0.00578802
-0.00579532
-0.00580281
-0.00581028
-0.00581776
-0.00582513
-0.00583284
-0.00584062
-0.0058484
-0.00585623
-0.00586407
-0.00587193
-0.00587979
-0.00588764
-0.0058956
-0.00590356
-0.00591169
-0.00591981
-0.00592793
-0.00593604
-0.00594414
-0.00595223
-0.00596032
-0.00596839
-0.00597646
-0.00598451
-0.00599253
-0.00600071
-0.00600824
-0.00601593
-0.00602356
-0.00603114
-0.00603868
-0.0060462
-0.00605369
-0.00606119
-0.00606873
-0.00607644
-0.00608337
-0.00609036
-0.00609749
-0.00610438
-0.0061109
-0.00611696
-0.00612271
-0.00612828
-0.00613369
-0.00613897
-0.00614413
-0.00614918
-0.00615415
-0.00615903
-0.00616384
-0.00616859
-0.00617329
-0.00617794
-0.00618255
-0.00618713
-0.00619102
-0.00619507
-0.00619923
-0.00620349
-0.00620782
-0.00621219
-0.00645995
-0.00646108
-0.00646233
-0.00646356
-0.00646479
-0.00646613
-0.00647005
-0.0064736
-0.00647676
-0.00647951
-0.00648184
-0.00648372
-0.00648515
-0.0064861
-0.00648657
-0.00648653
-0.00648596
-0.00648486
-0.00648321
-0.00648098
-0.00647818
-0.00647479
-0.00647078
-0.00646614
-0.00646086
-0.00562024
-0.00399752
-0.00187996
0.000175559
0.00145977
0.00202092
0.00188618
0.00154813
0.00123763
0.000956396
0.000700825
0.000468968
0.000268164
8.83306e-05
-7.06506e-05
-0.000208755
-0.000336356
-0.000455598
-0.000567066
-0.000671312
-0.000768854
-0.000860171
-0.000945708
-0.00102588
-0.00110106
-0.00117159
-0.00123778
-0.0011169
-0.00109143
-0.00111547
-0.00118803
-0.00128843
-0.00140356
-0.0015265
-0.00165369
-0.00178344
-0.00191504
-0.00204835
-0.00218348
-0.00232071
-0.00246038
-0.00260284
-0.00274846
-0.00289756
-0.00305048
-0.0032075
-0.00336887
-0.00353485
-0.00370563
-0.00388139
-0.00411535
-0.00443458
-0.00479292
-0.00516658
-0.00554398
-0.00592007
-0.00629334
-0.0066646
-0.00704919
-0.00731267
-0.00745987
-0.00749224
-0.00745899
-0.00735755
-0.00718491
-0.00693685
-0.00660301
-0.00633677
-0.00613318
-0.00599097
-0.00590848
-0.00588503
-0.00589633
-0.00594239
-0.00602313
-0.00614219
-0.00631283
-0.00655508
-0.00669968
-0.00676169
-0.00682724
-0.00685972
-0.00685199
-0.00685354
-0.00685998
-0.00686916
-0.00688009
-0.00689231
-0.00690557
-0.00691978
-0.00693487
-0.00695076
-0.00696729
-0.00697186
-0.00697648
-0.00698119
-0.00698599
-0.00699089
-0.00699589
-0.00700102
-0.00619098
-0.00459993
-0.00302293
-0.00191934
-0.00155041
-0.0019782
-0.00237595
-0.00274498
-0.00308755
-0.00340567
-0.00370113
-0.00397563
-0.00423068
-0.00446377
-0.00467133
-0.00484976
-0.00499558
-0.00510421
-0.00516977
-0.00518243
-0.00523696
-0.00536915
-0.00549367
-0.00560968
-0.00571777
-0.00581857
-0.00591251
-0.0058291
-0.00584028
-0.00589139
-0.00594156
-0.00600493
-0.00607316
-0.00614235
-0.00621079
-0.00627777
-0.00634302
-0.00640646
-0.00646812
-0.00652805
-0.0065863
-0.00664295
-0.00669807
-0.00675171
-0.00680393
-0.0068548
-0.00690436
-0.00695266
-0.00699946
-0.00704566
-0.00709166
-0.00713736
-0.00715642
-0.00717453
-0.00719168
-0.00720797
-0.00722347
-0.00723823
-0.00725232
-0.00726578
-0.00727866
-0.00729107
-0.00730299
-0.00731445
-0.00732547
-0.00733611
-0.00734631
-0.00735617
-0.00736573
-0.00737503
-0.00738417
-0.00743332
-0.00744157
-0.00744961
-0.00745745
-0.00746512
-0.00762781
-0.00739229
-0.00737912
-0.00745803
-0.00755437
-0.00763264
-0.00767225
-0.0076739
-0.00767747
-0.007682
-0.00768666
-0.00769115
-0.00769537
-0.00769927
-0.00770284
-0.00770609
-0.00770901
-0.00771163
-0.00771394
-0.00771596
-0.0077177
-0.00771917
-0.00772037
-0.00772133
-0.00772201
-0.00772195
-0.0077213
-0.00772046
-0.00771939
-0.00771799
-0.00771632
-0.00771439
-0.00771201
-0.00770834
-0.00770455
-0.00770063
-0.00769658
-0.0076924
-0.00768808
-0.00768363
-0.00767904
-0.00767431
-0.00766945
-0.00766446
-0.00765934
-0.00765411
-0.00764881
-0.00764371
-0.00764703
-0.00765053
-0.00765394
-0.00765745
-0.00755472
-0.00751019
-0.00749248
-0.00748725
-0.0074879
-0.00749137
-0.00758204
-0.00765541
-0.00766177
-0.00766677
-0.00767256
-0.00771265
-0.00771985
-0.00772703
-0.00774052
-0.00774802
-0.00775558
-0.00776309
-0.00777067
-0.00777832
-0.00778602
-0.00779378
-0.00780171
-0.0078099
-0.0078182
-0.00782667
-0.00783526
-0.0078438
-0.00785235
-0.00786093
-0.00786954
-0.00787818
-0.00788687
-0.00789562
-0.00790442
-0.00791329
-0.00792224
-0.00793127
-0.00794042
-0.00794971
-0.00795919
-0.00796914
-0.00797719
-0.00798508
-0.00799279
-0.00800033
-0.00800774
-0.00801503
-0.00802225
-0.00795184
-0.00795045
-0.00799538
-0.00803146
-0.00803105
-0.00802948
-0.00803118
-0.00803427
-0.00803789
-0.00804165
-0.00804537
-0.008049
-0.00805251
-0.00805589
-0.00805915
-0.00806247
-0.0080658
-0.00806916
-0.00807254
-0.00807594
-0.00807938
-0.00808284
-0.00808633
-0.00808981
-0.00809302
-0.00809598
-0.00809892
-0.00810202
-0.00810515
-0.00810828
-0.00811146
-0.00811468
-0.00811794
-0.00812124
-0.00812457
-0.00812793
-0.00813131
-0.00813469
-0.00818933
-0.0082315
-0.00822987
-0.00822851
-0.00822755
-0.00822695
-0.00822667
-0.00822669
-0.00822699
-0.00822753
-0.00822837
-0.00822927
-0.00813318
-0.00810511
-0.00813506
-0.00816658
-0.00816825
-0.00816572
-0.00816793
-0.00817256
-0.00817849
-0.00818519
-0.00819239
-0.00819997
-0.00820785
-0.00821597
-0.00822431
-0.00823284
-0.00824142
-0.00824996
-0.00825846
-0.00826692
-0.00827534
-0.0082837
-0.00829202
-0.00830057
-0.00830937
-0.00831812
-0.00832681
-0.0083354
-0.00834392
-0.00835239
-0.00836084
-0.00836926
-0.00837766
-0.00838607
-0.00839447
-0.00840288
-0.00841131
-0.00841976
-0.00842824
-0.00843676
-0.00844531
-0.00845392
-0.00846258
-0.00847146
-0.00848039
-0.00848938
-0.00849843
-0.00850754
-0.0085168
-0.00852635
-0.00853629
-0.00854642
-0.00855671
-0.00856721
-0.00857792
-0.00858889
-0.00860012
-0.00861165
-0.00862347
-0.00863564
-0.00864821
-0.00866137
-0.00867002
-0.008678
-0.00868534
-0.00869209
-0.00869831
-0.00870406
-0.00870937
-0.00871429
-0.00871886
-0.00872311
-0.00872708
-0.00873091
-0.00873426
-0.00873709
-0.00873953
-0.00874172
-0.00874368
-0.00874547
-0.00874716
-0.00874898
-0.00875073
-0.0087524
-0.00875399
-0.00875552
-0.00875697
-0.00875835
-0.00875965
-0.00876087
-0.00876201
-0.00876308
-0.00876405
-0.00876494
-0.00876574
-0.00876645
-0.00876705
-0.00876756
-0.0087681
-0.00876818
-0.00876807
-0.00878011
-0.00897318
-0.00902643
-0.0090536
-0.00908483
-0.0091907
-0.00938127
-0.00954407
-0.00963239
-0.00970072
-0.00971487
-0.00971353
-0.00971267
-0.0097121
-0.00971163
-0.00971117
-0.00971067
-0.00971012
-0.00970951
-0.00970884
-0.00970809
-0.00970728
-0.00970665
-0.00970619
-0.00970563
-0.00970496
-0.00970419
-0.00970337
-0.00970249
-0.00970159
-0.00970066
-0.00969973
-0.00969882
-0.00969797
-0.00969716
-0.00969639
-0.00969568
-0.00969501
-0.00969438
-0.00969381
-0.00969329
-0.00969283
-0.00969241
-0.00969205
-0.00969174
-0.00969149
-0.00969128
-0.00969114
-0.00969111
-0.00969124
-0.00969145
-0.00969177
-0.00969219
-0.00969273
-0.0096934
-0.00969422
-0.00969518
-0.00969631
-0.00969762
-0.00969911
-0.00970079
-0.00970268
-0.00970479
-0.00961638
-0.00944057
-0.00918407
-0.00903873
-0.00899256
-0.00899751
-0.00902167
-0.00906515
-0.00912809
-0.00919016
-0.0093298
-0.00945465
-0.00949079
-0.00949998
-0.00948877
-0.00944949
-0.00937589
-0.00926061
-0.00908034
-0.00897003
-0.00892762
-0.00893484
-0.00895953
-0.00900413
-0.00907147
-0.00916535
-0.00929286
-0.00930052
-0.00935493
-0.00936123
-0.00936748
-0.00937369
-0.00937986
-0.00938599
-0.00939208
-0.00939802
-0.00923233
-0.009168
-0.00914854
-0.00914187
-0.00914341
-0.00915516
-0.00917311
-0.00919534
-0.00922092
-0.00924941
-0.00928055
-0.0093142
-0.00935024
-0.00938861
-0.00942925
-0.00947209
-0.00951708
-0.00956398
-0.00957438
-0.00958343
-0.00959123
-0.00959787
-0.00960342
-0.00885553
-0.00738035
-0.00613197
-0.00548064
-0.00565849
-0.00601852
-0.00641261
-0.00682375
-0.00711798
-0.00730014
-0.00753446
-0.00770853
-0.0078647
-0.00800994
-0.00814504
-0.00827075
-0.00838773
-0.00849662
-0.008598
-0.00869242
-0.00878037
-0.00886232
-0.00893871
-0.00900993
-0.00907636
-0.00913836
-0.00919641
-0.00909908
-0.009109
-0.00915484
-0.00918459
-0.00921678
-0.00925192
-0.00928735
-0.00932192
-0.00935521
-0.0093871
-0.0094176
-0.00944679
-0.00947478
-0.00950166
-0.00952754
-0.00955252
-0.00957669
-0.00960012
-0.00962291
-0.0096451
-0.00966677
-0.00968788
