0
0.0170559
0.0188297
-0.0376382
-0.126444
-0.154698
-0.243971
-0.30454
-0.249005
-0.289982
-0.355241
-0.305121
-0.256813
-0.206951
-0.158849
-0.00953993
0.00528669
0.0119096
0.0159244
0.0199553
0.0241343
0.0285299
0.0332043
0.0382316
0.04878
0.0595242
0.0480937
0.0384249
0.0242044
0.0105605
-0.00289839
-0.00286061
-0.000647134
0.00162522
0.00172252
0.00254247
0.00391879
0.00504871
0.00604754
0.00697612
0.0078661
0.00873296
0.00958322
0.0104186
0.0112385
0.0120409
0.0128233
0.0135833
0.0143184
0.0150264
0.0157054
0.0165169
0.0149536
0.0143846
0.0143339
0.0145424
0.0150693
0.0156438
0.0162321
0.0168169
0.0173897
0.0179422
0.0183602
0.0188688
0.0193516
0.0198138
0.0202583
0.0206877
0.0211038
0.0215086
0.0217036
0.0214943
0.021257
0.0209988
0.020722
0.020429
0.0200976
0.0177883
0.015597
0.0134073
0.0110547
0.00845125
0.0055509
0.00233616
-0.00119675
-0.0050441
-0.00919809
-0.0136487
-0.0183848
-0.0233941
-0.0286632
-0.0148342
-0.00304231
0.00855557
0.0199865
0.0312726
0.0424289
0.0534432
0.064255
0.0706677
0.0773272
0.0862202
0.0897819
0.0915503
0.0924851
0.0930158
0.0933698
0.0936663
0.0945475
0.094199
0.0939303
0.0937543
0.0936793
0.0937125
0.0917569
0.0903511
0.0900881
0.0889241
0.0884086
0.0880555
0.0878101
0.0876623
0.0876063
0.0876389
0.0877577
0.0879612
0.0882482
0.0388355
0.0356585
0.0276937
0.0171326
0.00529236
-0.00711543
-0.0197098
-0.0322897
-0.0447519
-0.0570455
-0.0691481
-0.0810525
-0.09276
-0.104278
-0.115621
-0.1268
-0.140513
-0.150913
-0.160994
-0.170968
-0.180846
-0.19063
-0.200319
-0.209914
-0.188353
-0.191481
-0.192223
-0.192161
-0.192242
-0.192347
-0.192531
-0.192826
-0.193255
-0.19383
-0.194558
-0.195444
-0.196491
-0.197913
-0.199287
-0.200831
-0.202543
-0.204424
-0.206473
-0.208691
-0.21108
-0.212352
-0.213675
-0.215182
-0.213039
-0.164645
-0.129967
-0.123228
-0.115273
-0.106416
-0.0941279
-0.0846665
-0.078295
-0.0689479
-0.0589243
-0.0486667
-0.0384124
-0.0282849
-0.0183443
-0.00860787
-0.000164027
0.00883168
0.0176355
0.0262686
0.0347476
0.0430935
0.0513068
0.0596581
0.0677117
0.0757082
0.085852
0.100628
0.112301
0.121621
0.130013
0.13796
0.145727
0.144253
0.150103
0.156587
0.162892
0.169196
0.175588
0.181291
0.18695
0.192808
0.198844
0.205051
0.211429
0.217041
0.222456
0.231136
0.239549
0.248174
0.257028
0.267316
0.280343
0.293651
0.30654
0.319374
0.332297
0.3029
0.289255
0.27594
0.262866
0.250193
0.237971
0.238094
0.211794
0.19807
0.186285
0.174771
0.163434
0.152441
0.141789
0.131471
0.121475
0.111801
0.102452
0.0934417
0.0812903
0.0663881
0.0567405
0.0516302
0.04228
0.0338062
0.0255473
0.0174178
0.00936738
0.00218153
-0.00318622
-0.00855377
-0.013929
-0.0193184
-0.0247277
-0.0301619
-0.0356258
-0.0411239
-0.0466606
-0.0522403
-0.057867
-0.0635447
-0.0692774
-0.0750688
-0.0809224
-0.08752
-0.0973086
-0.10692
-0.116206
-0.125497
-0.134985
-0.144781
-0.154945
-0.165515
-0.176509
-0.187941
-0.199821
-0.212155
-0.22495
-0.238214
-0.251952
-0.266177
-0.280923
-0.296323
-0.272832
-0.261101
-0.249754
-0.238781
-0.22817
-0.217914
-0.204983
-0.188386
-0.176578
-0.167749
-0.160474
-0.150246
-0.139948
-0.129888
-0.120006
-0.110268
-0.100648
-0.09113
-0.0817012
-0.0723535
-0.0630734
-0.053853
-0.0462431
-0.0370367
-0.027953
-0.0189021
-0.00987817
-0.00111506
0.00631979
0.013752
0.0211856
0.030281
0.0411448
0.052772
0.063587
0.0741887
0.0848285
0.0956518
0.106743
0.118153
0.129914
0.142047
0.154568
0.167488
0.167723
0.187074
0.197
0.207396
0.218266
0.229617
0.241462
0.253813
0.266692
0.280141
0.294277
0.27509
0.262564
0.247272
0.236269
0.227777
0.220668
0.211975
0.20349
0.195265
0.187253
0.179426
0.171765
0.164257
0.156892
0.149662
0.142559
0.135576
0.128709
0.12195
0.115294
0.107055
0.0991011
0.0912318
0.0834417
0.0757257
0.0680789
0.0699868
0.0480265
0.0367321
0.0259843
0.0154125
0.00480764
-0.00247867
-0.0100447
-0.0179065
-0.0260806
-0.0345759
-0.0433967
-0.0525453
-0.0620222
-0.0718257
-0.0819502
-0.0923897
-0.103141
-0.114203
-0.125578
-0.137269
-0.149281
-0.161623
-0.174302
-0.187331
-0.204774
-0.201673
-0.200867
-0.201417
-0.158805
-0.149802
-0.122904
-0.106585
-0.0937745
-0.0773593
-0.0635618
-0.0504154
-0.0377319
-0.0252439
-0.0129301
-0.000736173
0.000916089
0.00100176
0.00100685
0.000986865
0.000961077
0.000935916
0.000913322
0.000893689
0.000876873
0.00160034
0.00340486
-0.00954959
-0.0137722
-0.0187219
-0.0221401
-0.0253961
-0.0285166
-0.0314394
-0.0341336
-0.0365849
-0.038788
-0.0407426
-0.0424511
-0.0439195
-0.045158
-0.0461775
-0.046986
-0.0475899
-0.0479932
-0.0481993
-0.0482128
-0.0480354
-0.0476605
-0.047074
-0.0478712
-0.0482626
-0.0487597
-0.0486971
-0.048344
-0.0478505
-0.0472989
-0.046738
-0.0463146
-0.0446598
-0.0442297
-0.0443918
-0.0439799
-0.0436045
-0.0432655
-0.0429653
-0.0427279
-0.0416674
-0.0413569
-0.0411019
-0.0411978
-0.0409675
-0.0407842
-0.040633
-0.0405029
-0.040396
-0.0431375
-0.0455821
-0.0199551
-0.00745026
0.00429823
0.0167138
0.0293712
0.0420411
0.0546205
0.0670594
0.0793383
0.0914552
0.103418
0.115243
0.126956
0.138593
0.150248
0.129136
0.113402
0.0975599
0.0816003
0.0655133
0.0492874
0.0329094
0.015557
0.018911
0.0239167
0.0261183
0.027771
0.0263779
0.0208689
0.0231658
0.0259797
0.0287802
0.0299503
0.0311287
0.0323248
0.0335455
0.034795
0.0360754
0.0373927
0.038757
0.0401726
0.0416554
0.0397051
0.0414127
0.0413426
0.0413107
0.0413112
0.0421626
0.0442178
0.0123341
0.00416963
-0.00200336
-0.00858982
-0.0153806
-0.0222155
-0.0289814
-0.0356209
-0.042107
-0.0484289
-0.0545848
-0.060578
-0.0664167
-0.0721141
-0.0776846
-0.0831404
-0.0884923
-0.0937494
-0.09892
-0.104014
-0.109042
-0.114011
-0.11892
-0.126158
-0.136151
-0.135658
-0.133839
-0.133841
-0.133785
-0.133747
-0.133764
-0.133859
-0.134043
-0.134323
-0.134704
-0.135186
-0.135773
-0.136464
-0.137261
-0.138165
-0.139176
-0.140293
-0.141519
-0.142853
-0.140901
-0.143121
-0.143235
-0.143456
-0.144109
-0.0923994
-0.0855072
-0.079011
-0.0688153
-0.0568949
-0.0439532
-0.0307186
-0.0174761
-0.00434155
0.00211533
0.00837164
0.0144036
0.0202153
0.0258164
0.0312222
0.0364493
0.0415124
0.0464241
0.0511953
0.0558352
0.0603512
0.0647494
0.0690344
0.0732096
0.0796905
0.0893604
0.0950431
0.0971992
0.101622
0.106211
0.110754
0.11533
0.119984
0.12474
0.129618
0.134631
0.139786
0.145092
0.150555
0.156183
0.161982
0.167959
0.174125
0.180489
0.187067
0.193882
0.200979
0.208569
0.209705
0.211342
0.214386
0.217962
0.189256
0.17822
0.166068
0.153489
0.140857
0.128369
0.114533
0.102115
0.0905968
0.0776526
0.0651562
0.0529541
0.0426443
0.0309671
0.0199412
0.0103516
0.000986968
-0.00728009
-0.0153441
-0.0232125
-0.0308875
-0.0383642
-0.0483721
-0.0612453
-0.0702372
-0.076876
-0.0827238
-0.0903325
-0.0978519
-0.105361
-0.112905
-0.120513
-0.128205
-0.135996
-0.143896
-0.151918
-0.160073
-0.168372
-0.176831
-0.185471
-0.194328
-0.203554
-0.203547
-0.20314
-0.202887
-0.202788
-0.20284
-0.203233
-0.206207
-0.168366
-0.159516
-0.14852
-0.13621
-0.123349
-0.110338
-0.0974197
-0.0847124
-0.0722701
-0.0601155
-0.0482539
-0.036681
-0.0253853
-0.0143492
-0.00355285
0.00654986
0.0164553
0.0261751
0.035721
0.0451032
0.0543302
0.0634096
0.0723472
0.0841399
0.0997747
0.110563
0.119127
0.126455
0.134859
0.143926
0.152996
0.162125
0.17135
0.180696
0.190182
0.199827
0.209653
0.219688
0.217812
0.218345
0.217547
0.216862
0.216343
0.21599
0.215802
0.215778
0.215916
0.216217
0.217502
0.22014
0.181351
0.172643
0.161771
0.149601
0.136913
0.12405
0.111262
0.0986864
0.0863825
0.0743767
0.0626772
0.0512825
0.0401836
0.029365
0.0188099
0.00850295
-0.000200859
-0.0039171
-0.00743932
-0.0107724
-0.0139214
-0.016887
-0.0196617
-0.0244951
-0.0312862
-0.0350154
-0.0366267
-0.0394944
-0.0424017
-0.0452283
-0.0480373
-0.0508644
-0.0537307
-0.0566493
-0.0596292
-0.0626769
-0.0657977
-0.0689962
-0.0722767
-0.0756431
-0.0790994
-0.0826497
-0.0862979
-0.0900469
-0.0938994
-0.0978601
-0.101931
-0.106115
-0.110872
-0.118824
-0.12657
-0.134111
-0.141742
-0.149635
-0.157888
-0.166562
-0.17569
-0.185299
-0.19541
-0.206046
-0.217252
-0.229159
-0.207553
-0.194573
-0.181971
-0.169729
-0.15783
-0.146258
-0.135001
-0.124047
-0.113386
-0.10301
-0.0929122
-0.0800242
-0.0633621
-0.0514105
-0.0423379
-0.0347208
-0.0260373
-0.0167265
-0.00755137
0.00114005
0.00979851
0.018442
0.0270859
0.0357424
0.0444213
0.0531319
0.0618826
0.0706814
0.0795364
0.0884555
0.0974467
0.106518
0.115678
0.124934
0.134297
0.143776
0.155106
0.168143
0.18237
0.182618
0.139557
0.125806
0.112549
0.112327
0.082578
0.0582226
0.0429401
0.0302882
0.015324
0.00201424
-0.00648807
-0.00781168
-0.00889874
-0.00975513
-0.0103863
-0.0107966
-0.0109888
-0.0109649
-0.0107274
-0.0102749
-0.00959851
-0.0102644
-0.0124974
-0.0118628
-0.0102935
-0.00971457
-0.00897751
-0.00815498
-0.00728578
-0.0063913
-0.00548542
-0.00464748
-0.00459311
-0.00454742
-0.00450228
-0.00445761
-0.0044134
-0.00436966
-0.00432639
-0.00428359
-0.00424127
-0.00419942
-0.00415805
-0.00411716
-0.00407676
-0.00403684
-0.00399899
-0.00563274
-0.007015
-0.00831463
-0.00970698
-0.0112921
-0.013126
-0.015238
-0.0176433
-0.0203487
-0.0233568
-0.0266672
-0.0302781
-0.0341868
-0.038388
-0.0428727
-0.0366625
-0.0314809
-0.0364866
-0.0228597
-0.0110085
-0.000249167
0.00553376
0.0113159
0.0171255
0.0268726
0.035805
0.0359604
0.0361798
0.0371662
0.0380633
0.0388965
0.0397167
0.040557
0.0414845
0.0421782
0.0428964
0.0436004
0.0443782
0.0451867
0.046021
0.0468739
0.0477213
0.0496881
0.0477414
0.0484595
0.0480581
0.0476809
0.0473298
0.0470048
0.047523
0.0492819
0.0171452
0.00869072
-0.00213588
-0.0121886
-0.0226902
-0.0333219
-0.0439311
-0.0544325
-0.064786
-0.0749753
-0.084998
-0.0948592
-0.104571
-0.114151
-0.123622
-0.133007
-0.142342
-0.151761
-0.128893
-0.111768
-0.0945189
-0.0771325
-0.0595859
-0.0401862
-0.0423769
-0.0447057
-0.0468788
-0.0483809
-0.0448697
-0.0450377
-0.0452997
-0.0402701
-0.0407618
-0.039075
-0.0417171
-0.0404504
-0.0392135
-0.0380016
-0.0368127
-0.035645
-0.0344972
-0.0333679
-0.0322556
-0.031159
-0.0300767
-0.029007
-0.0279485
-0.0268994
-0.0261824
-0.02741
-0.000807749
0.00426088
0.010962
0.0185232
0.0264429
0.0344701
0.0424711
0.0503761
0.058152
0.0657859
0.0732764
0.0806282
0.087852
0.094964
0.101982
0.108923
0.115802
0.122635
0.129438
0.136233
0.143066
0.15028
