0
0.0209102
0.0229182
-0.0314813
-0.0597488
-0.0701495
-0.070209
-0.0671495
-0.0210554
-0.043178
-0.0489165
-0.0334268
-0.0225011
-0.02132
-0.0211287
0.00292962
0.00796522
0.00799521
0.00802906
0.00786512
0.00760527
0.00729895
0.00697265
0.00664092
0.0065048
0.00636908
0.00609158
0.00545151
0.00503284
0.0045233
0.00409289
0.00388854
0.0037425
0.00567497
0.00458128
-0.000180096
-0.000625309
-0.00100957
-0.00136697
-0.00170947
-0.00204264
-0.00236859
-0.00268768
-0.00299944
-0.00330308
-0.00359775
-0.00388278
-0.00415771
-0.00442235
-0.00467685
-0.00492167
-0.0010516
0.00466481
0.00710426
0.00774133
0.00745893
0.00672549
0.00579984
0.00480591
0.0038038
0.002821
0.00178154
0.00106714
0.000207247
-0.000625744
-0.00143681
-0.0022314
-0.0030153
-0.00379468
-0.00457612
-0.005393
-0.00628056
-0.00719898
-0.00815826
-0.00917114
-0.0102534
-0.0136602
-0.00991175
-0.00866997
-0.00784831
-0.00727975
-0.0068481
-0.00648086
-0.0061357
-0.00578851
-0.00542588
-0.00504046
-0.00462828
-0.00418732
-0.00371666
-0.00321604
-0.0035753
-0.00386076
-0.00410568
-0.00430996
-0.00447343
-0.00459508
-0.00466957
-0.00532866
-0.00595261
-0.0065717
-0.0247815
-0.035974
-0.0410992
-0.0430287
-0.043293
-0.042722
-0.0417507
-0.04056
-0.0395382
-0.0385046
-0.0374859
-0.0364935
-0.0355314
-0.034596
-0.0206821
-0.0169406
-0.0157956
-0.0147169
-0.0138245
-0.0129387
-0.0120526
-0.0111583
-0.0102462
-0.00930432
-0.00831797
-0.0029049
-0.00861172
-0.010063
-0.0064199
-0.00434078
-0.00311637
-0.00235404
-0.00183661
-0.00144366
-0.00110832
-0.00079338
-0.000478004
-0.000150431
0.000196092
0.000565354
0.000959321
0.00137918
0.00191035
0.00171646
0.00195383
0.00216314
0.00235406
0.00253135
0.00269668
0.00284978
0.0240692
0.0353235
0.0480428
0.0539474
0.0511604
0.0487375
0.046592
0.0446631
0.0429084
0.0412974
0.0398085
0.0384253
0.0371349
0.036079
0.0349431
0.0338705
0.032853
0.0318825
0.0309507
0.0300491
0.0291683
0.0283862
0.0275706
0.0267417
0.0259122
0.0288482
-0.00412256
0.00875161
0.0235627
0.0383339
0.0445924
0.0428641
0.0342998
0.0293204
0.026453
0.0247916
0.023825
0.023267
0.0229594
0.022822
0.0208969
0.0199213
0.0189546
0.0179926
0.0170328
0.0160747
0.0151182
0.0116652
0.0112641
0.0103956
-0.0153054
-0.0359578
-0.0509428
-0.0540104
-0.0540676
-0.0526446
-0.0505429
-0.0489653
0.00669048
0.0120617
0.0169518
0.0215927
0.0261021
0.0290668
0.0315316
0.0339339
0.0362635
0.0385247
0.0407283
0.030449
0.0125774
-0.00174369
-0.00194027
-0.001917
-0.00189402
0.0133137
0.00597552
0.00140484
0.000675771
0.000125375
-0.000318233
-0.00194879
-0.00146025
-0.00187904
-0.00151037
-0.00117268
-0.000839895
-0.000844682
-0.00208145
-0.00495563
-0.00299793
-0.00162206
-0.00165945
-0.001665
-0.00165634
-0.00164082
-0.00162195
-0.00160145
-0.0015802
-0.00155865
0.0273002
0.050366
0.0401176
0.0126317
-0.0013967
-0.00140752
-0.00138612
-0.00136528
-0.00134799
-0.00132701
-0.00130597
-0.00128521
-0.00126466
-0.00124446
-0.0012247
-0.00120548
-0.00118691
-0.00116907
-0.00115205
-0.00113591
-0.00112073
-0.00110658
-0.00109351
-0.00108158
-0.00107083
-0.0077383
-0.00104998
-0.00103919
-0.00103314
-0.00102818
-0.00102431
-0.0010216
-0.00102011
-0.00101992
-0.00102103
-0.00102349
-0.0010273
-0.00103245
-0.00103896
-0.0010468
-0.00105597
-0.00106641
-0.00107813
-0.00109225
-0.00108348
-0.00109949
-0.00111423
-0.0011288
-0.00114322
-0.00115749
-0.0325659
-0.0620955
-0.0623063
-0.04181
-0.0108261
-0.00126012
-0.00125736
-0.0012688
-0.00128035
-0.00129174
-0.00130284
-0.00131355
-0.00132382
-0.00133305
-0.00134238
-0.00135096
-0.00135544
-0.00136631
-0.00137411
-0.00138063
-0.00138426
-0.00138908
-0.00139287
-0.00139602
-0.00139841
0.0153006
0.00154817
-0.00140169
-0.00140508
-0.00140297
-0.00140004
-0.00139629
-0.00139168
-0.00138618
-0.00137977
-0.00137243
-0.00136415
-0.00135447
-0.001354
-0.00133156
-0.00132103
-0.00130843
-0.00129501
-0.00128079
-0.00126575
-0.0012499
-0.00123321
-0.00121571
-0.0011974
-0.00119031
0.0270945
0.0525216
0.0509774
0.0306156
0.000749789
-0.00107795
-0.0010656
-0.00105077
-0.00103608
-0.0010217
-0.0010077
-0.000994144
-0.000981056
-0.000968456
-0.00095636
-0.000944776
-0.000933715
-0.000923183
-0.00091319
-0.00090326
-0.000894465
-0.000886279
-0.000878729
-0.000871934
-0.000865651
-0.00677457
-0.00085707
-0.000842143
-0.000839367
-0.00083732
-0.000841651
-0.000839614
-0.000838696
-0.000838408
-0.000838683
-0.000839546
-0.000841018
-0.000843117
-0.000845856
-0.000849253
-0.000853313
-0.00085805
-0.000863471
-0.000869578
-0.000876378
-0.000883877
-0.000892066
-0.000900954
-0.000910537
-0.000920818
-0.0231536
-0.0345339
-0.0415248
-0.0415986
-0.0169607
-0.0439238
-0.0732214
-0.0458597
-0.023962
-0.00127689
-0.00116157
-0.00111114
-0.0010683
-0.00102992
-0.00100472
-0.000978396
-0.000953891
-0.000935051
-0.000919483
-0.000906918
-0.000897177
-0.000890081
-0.000885451
-0.000883107
-0.000882866
0.00681147
-0.000838428
-0.000806494
-0.000971604
-0.00106823
-0.000794294
-0.000633646
-0.000519648
-0.00043312
-0.000363444
-0.000304656
-0.000253352
-0.000207546
-0.000166038
-0.000128052
-9.30449e-05
-6.06189e-05
-3.04811e-05
-2.40306e-06
2.38012e-05
4.82927e-05
7.12264e-05
9.27357e-05
0.000112913
0.000131834
0.01437
0.011802
0.0167195
0.0182124
0.0179521
0.0168378
0.0153362
0.0136864
0.0120323
0.00985992
0.0079831
-0.00134563
-0.00293784
-0.00447429
-0.00596117
-0.00740646
-0.00882068
-0.009878
-0.0110198
-0.0118491
-0.010929
-0.0123389
-0.0135297
-0.0147493
-0.0160138
-0.0219883
-0.0186428
-0.0176759
-0.00166799
-0.00143192
-0.00144838
-0.00140161
-0.00137989
-0.00136488
-0.00135709
-0.00135008
-0.0013426
-0.00133419
-0.00132469
-0.00131412
-0.00130256
-0.00129011
-0.00127691
-0.00130024
-0.00128459
-0.00126975
-0.00125629
-0.00124425
-0.00123366
-0.00122453
-0.0214226
-0.0343937
-0.0467034
-0.056349
-0.0638595
-0.0701532
-0.0638171
-0.0472979
-0.0238145
-0.00120802
-0.00104137
-0.000982753
-0.000929718
-0.000882061
-0.000839545
-0.000801956
0.000678565
0.002124
0.00354585
0.00495955
0.00586981
-0.000676671
-0.000682897
-0.000680656
-0.000681832
0.00699891
-0.000688775
-0.000560118
-0.000736498
-0.000865316
-0.000928321
-0.000961392
-0.000978915
-0.000992209
-0.00100532
-0.00101995
-0.00103674
-0.00105584
-0.00107716
-0.0011005
-0.00112563
-0.00115229
-0.00118023
-0.00120922
-0.00123901
-0.00126939
-0.00130015
-0.00133111
-0.00127551
-0.00138319
0.0209927
0.041315
0.0248012
-0.00144721
-0.00151042
-0.00154051
-0.0015686
-0.00159496
-0.00161964
-0.00164265
-0.00166401
-0.00168397
-0.00170192
-0.00171819
-0.00173276
-0.00174565
-0.00175672
-0.00176636
-0.0017744
-0.00178039
-0.00178414
-0.00274559
-0.00179185
-0.00179119
-0.00179063
-0.00344141
-0.00238926
0.00626599
-0.00248261
-0.00427168
-0.00563956
-0.00249498
-0.00160255
-0.00155658
-0.00154194
-0.00153291
-0.00152406
-0.00151487
-0.0015048
-0.0014937
-0.00148159
-0.00146855
-0.00145473
-0.00144025
-0.00142525
-0.00140986
-0.00139419
-0.00137837
-0.00136248
-0.00134664
-0.0260054
-0.0499586
-0.0453696
-0.0248518
-0.00133344
-0.00126589
-0.0012471
-0.00122974
-0.00121336
-0.00119744
-0.00118242
-0.00116806
-0.00115429
-0.00114107
-0.0011284
-0.00111624
-0.00110457
-0.00109395
-0.00108324
-0.00107293
-0.001063
-0.00105341
-0.00104412
-0.00103515
-0.00102905
0.00744859
-0.00100801
-0.00100937
-0.00104115
-0.00106656
-0.00108379
-0.00108805
-0.00108573
-0.00108065
-0.00108198
-0.00106977
-0.00106298
-0.00106001
-0.0010073
-0.00106923
-0.00105946
-0.00106337
-0.00106498
-0.00107068
-0.00107524
-0.00108025
-0.00108591
-0.00109212
-0.00109882
-0.00110596
0.0260789
0.0499993
0.0471629
0.0254853
-0.00109723
-0.00115165
-0.00116375
-0.00117538
-0.00118687
-0.00119838
-0.00120998
-0.0012217
-0.00123359
-0.00124565
-0.0012579
-0.00127035
-0.00128303
-0.00129594
-0.00130913
-0.00132263
-0.0013335
-0.00134689
-0.00136002
-0.00137283
-0.00138535
-0.00140307
-0.00140454
-0.00162212
-0.00159289
-0.00146308
-0.00140332
-0.0013803
-0.00137117
-0.00137299
-0.00137864
-0.00138496
-0.00139078
-0.00139557
-0.00139912
-0.00140137
-0.00140354
-0.00140333
-0.00140186
-0.00139945
-0.00139605
-0.00139175
-0.00138659
-0.00138064
-0.00137396
-0.0013666
-0.0322287
-0.0619481
-0.0622942
-0.0424891
-0.0124296
-0.00133189
-0.00129937
-0.00128532
-0.00127139
-0.00125737
-0.00124314
-0.00122866
-0.00121391
-0.00119888
-0.00118357
-9.94453e-05
-0.00113433
-0.0011393
-0.00112445
-0.00111026
-0.00109652
-0.00108319
-0.00107022
-0.00105759
-0.00104526
0.00666489
-0.00101672
-0.000621575
-0.000626297
-0.00088581
-0.0010083
-0.00106684
-0.00108344
-0.0010831
-0.00107534
-0.00106524
-0.00105487
-0.00104518
-0.00103657
-0.0010292
-0.00102309
-0.00101919
-0.00101597
-0.00101301
-0.00101176
-0.00101094
-0.00101076
-0.00101117
-0.00101212
-0.00101356
0.0148354
0.0339252
0.0269811
0.00216381
-0.00100899
-0.00102171
-0.00102855
-0.00103498
-0.00104126
-0.00104756
-0.00105393
-0.00106041
-0.00106702
-0.00107377
-0.00108066
-0.00108769
-0.00109488
-0.00110222
-0.00110971
-0.00111738
-0.00112749
-0.0011355
-0.00114374
-0.00115224
-0.001161
-0.00436542
-0.0011655
-0.00117591
-0.00118744
-0.00119895
-0.0012105
-0.00122226
-0.00123438
-0.00124697
-0.00126068
-0.00127548
-0.00128993
-0.00130516
-0.00132127
-0.00130305
-0.00132116
-0.00133772
-0.00135294
-0.00136687
-0.00137952
-0.00139094
-0.00140116
-0.00141022
-0.00141816
-0.00142502
-0.0330539
-0.0635712
-0.0641949
-0.0439521
-0.0131086
-0.00146327
-0.00144572
-0.00144329
-0.0014403
-0.00143689
-0.00143288
-0.00142824
-0.00142296
-0.00141704
-0.00141048
-0.0014033
-0.00139551
-0.00138712
-0.00137814
-0.00136859
-0.00135847
-0.00134779
-0.00133657
-0.0013248
-0.00131249
0.0159156
0.00339985
-0.00127099
-0.00150187
-0.000975527
-0.00159269
0.000449451
0.00044328
-0.00120754
-0.00128301
-0.00128739
-0.00127878
-0.0012793
-0.00127153
-0.00126425
-0.00125967
-0.00125409
-0.00124909
-0.00124468
-0.00124084
-0.00123752
-0.00123467
-0.00123223
-0.00123016
-0.0012284
0.0134125
0.0262618
0.0153278
-0.00117719
-0.00120895
-0.00121165
-0.00121348
-0.00121501
-0.00121635
-0.00121759
-0.00121875
-0.00121995
-0.00122106
-0.00122217
-0.00122329
-0.0012244
-0.00122551
-0.00122661
-0.00122727
-0.00122777
-0.00122882
-0.00122984
-0.00123083
-0.0012318
-0.00123273
-0.00124027
-0.0012293
-0.00123356
-0.00123478
-0.00123599
-0.00123722
-0.00123848
-0.00123983
-0.00124128
-0.00124286
-0.0012446
-0.00124652
-0.00124866
-0.00125102
-0.00125365
-0.00125655
-0.00122998
-0.00122872
-0.000905882
-0.0012371
-0.00124363
-0.0012451
-0.00124762
-0.00124846
-0.00124875
-0.0229681
-0.0433443
-0.0217717
-0.0112557
-0.00797042
-0.00511837
-0.00340944
-0.00152796
0.000403169
0.00235865
-0.00119758
-0.00118842
0.000726982
0.00221775
0.00364329
0.00500859
0.00631753
0.00756737
0.00849629
0.00943129
-0.0011628
-0.001175
-0.00117115
-0.00116737
-0.00116368
0.00642966
-0.00115183
-0.000988122
-0.00112301
-0.00120781
-0.00124765
-0.00126156
-0.00126408
-0.00126149
-0.00125786
-0.00125465
-0.0012525
-0.00125167
-0.00125225
-0.00125426
-0.00125767
-0.00126245
-0.00126856
-0.00127599
-0.00128732
-0.00125693
-0.00126767
-0.00127754
-0.0012859
-0.00129271
0.0251586
0.0400065
0.050264
0.0582545
0.0640398
0.0620063
0.0592666
0.0569299
0.0534363
0.0514759
0.0500379
-0.000887129
-0.000943895
-0.000936571
-0.000931333
-0.000928196
-0.000927048
-0.00092766
-0.000929816
-0.000933979
-0.000939722
-0.000946931
-0.000955508
-0.000965356
-0.000976377
-0.00198122
-0.000997988
-0.00111827
-0.00100725
-0.000935853
-0.000919236
-0.000925276
-0.000943158
-0.000965502
-0.00098896
-0.00101212
-0.00103434
-0.00105533
-0.00107497
-0.00109321
-0.00111003
-0.00112543
-0.00113942
-0.00115199
-0.00116316
-0.00117292
-0.00118129
-0.00118829
-0.00119406
