8.01031e-07
3.08683e-06
6.0445e-06
8.1974e-06
8.15765e-06
5.00254e-06
-1.7396e-06
-1.22907e-05
-2.69583e-05
-4.6164e-05
-7.0155e-05
-9.89996e-05
-0.000132661
-0.00017104
-0.000213993
-0.000261349
-0.000312913
-0.000368475
-0.000427813
-0.000490693
-0.000556875
-0.00062611
-0.000698148
-0.000772731
-0.000849602
-0.000928499
-0.00100916
-0.00109133
-0.00117476
-0.00125917
-0.00134434
-0.00143
-0.00151592
-0.00160187
-0.00168762
-0.00177295
-0.00185765
-0.00194152
-0.00202436
-0.00210598
-0.00218622
-0.0022649
-0.00234187
-0.00241698
-0.0024901
-0.00256112
-0.00262991
-0.00269638
-0.00276045
-0.00282204
-0.00288108
-0.00293752
-0.00299133
-0.00304246
-0.00309091
-0.00313667
-0.00317973
-0.00322012
-0.00325784
-0.00329295
-0.00332547
-0.00335545
-0.00338295
-0.00340804
-0.00343078
-0.00345126
-0.00346955
-0.00348575
-0.00349995
-0.00351224
-0.00352274
-0.00353154
-0.00353875
-0.00354449
-0.00354886
-0.00355198
-0.00355397
-0.00355493
-0.00355499
-0.00355425
-0.00355283
-0.00355084
-0.00354838
-0.00354558
-0.00354252
-0.0035393
-0.00353604
-0.00353281
-0.00352971
-0.00352683
-0.00352425
-0.00352203
-0.00352026
-0.00351901
-0.00351832
-0.00351827
-0.0035189
-0.00352025
-0.00352238
-0.00352532
-0.00352909
-0.00353373
-0.00353926
-0.00354568
-0.00355302
-0.00356128
-0.00357047
-0.00358057
-0.00359159
-0.00360352
-0.00361634
-0.00363003
-0.00364458
-0.00365995
-0.00367613
-0.00369308
-0.00371077
-0.00372917
-0.00374824
-0.00376794
-0.00378823
-0.00380907
-0.00383042
-0.00385223
-0.00387446
-0.00389707
-0.00392001
-0.00394323
-0.0039667
-0.00399035
-0.00401416
-0.00403808
-0.00406205
-0.00408605
-0.00411003
-0.00413395
-0.00415777
-0.00418146
-0.00420498
-0.00422829
-0.00425136
-0.00427417
-0.00429669
-0.00431888
-0.00434072
-0.0043622
-0.00438328
-0.00440395
-0.0044242
-0.00444401
-0.00446336
-0.00448224
-0.00450064
-0.00451857
-0.004536
-0.00455295
-0.00456941
-0.00458537
-0.00460084
-0.00461583
-0.00463033
-0.00464436
-0.00465791
-0.004671
-0.00468364
-0.00469583
-0.0047076
-0.00471895
-0.0047299
-0.00474046
-0.00475064
-0.00476047
-0.00476996
-0.00477913
-0.004788
-0.00479657
-0.00480488
-0.00481294
-0.00482077
-0.00482839
-0.00483582
-0.00484308
-0.00485018
-0.00485714
-0.00486398
-0.00487072
-0.00487738
-0.00488397
-0.0048905
-0.004897
-0.00490347
-0.00490994
-0.00491641
-0.0049229
-0.00492942
-0.00493598
-0.00494259
-0.00494927
-0.00495602
-0.00496286
-0.00496978
-0.0049768
-0.00498392
-0.00499116
-0.00499851
-0.00500598
-0.00501357
-0.00502128
-0.00502913
-0.00503709
-0.00504519
-0.0050534
-0.00506173
-0.00507019
-0.00507875
-0.00508743
-0.00509623
-0.00510512
-0.00511413
-0.00512323
-0.00513242
-0.00514171
-0.00515107
-0.00516052
-0.00517003
-0.00517961
-0.00518924
-0.00519892
-0.00520865
-0.00521841
-0.00522819
-0.005238
-0.00524781
-0.00525763
-0.00526745
-0.00527726
-0.00528705
-0.00529682
-0.00530655
-0.00531625
-0.00532591
-0.00533552
-0.00534508
-0.00535457
-0.005364
-0.00537336
-0.00538265
-0.00539186
-0.00540099
-0.00541003
-0.00541898
-0.00542784
-0.0054366
-0.00544527
-0.00545384
-0.00546231
-0.00547068
-0.00547895
-0.00548712
-0.00549519
-0.00550315
-0.00551102
-0.00551878
-0.00552644
-0.00553401
-0.00554147
-0.00554884
-0.00555611
-0.00556329
-0.00557038
-0.00557739
-0.0055843
-0.00559114
-0.00559789
-0.00560457
-0.00561117
-0.00561771
-0.00562417
-0.00563057
-0.00563691
-0.00564319
-0.00564942
-0.0056556
-0.00566173
-0.00566782
-0.00567386
-0.00567987
-0.00568585
-0.0056918
-0.00569771
-0.00570361
-0.00570948
-0.00571534
-0.00572118
-0.00572701
-0.00573283
-0.00573864
-0.00574444
-0.00575024
-0.00575605
-0.00576185
-0.00576766
-0.00577347
-0.00577928
-0.00578511
-0.00579094
-0.00579677
-0.00580262
-0.00580848
-0.00581434
-0.00582022
-0.00582611
-0.00583201
-0.00583792
-0.00584384
-0.00584978
-0.00585572
-0.00586168
-0.00586765
-0.00587363
-0.00587962
-0.00588562
-0.00589163
-0.00589765
-0.00590368
-0.00590971
-0.00591575
-0.00592179
-0.00592784
-0.00593389
-0.00593995
-0.005946
-0.00595206
-0.00595811
-0.00596416
-0.00597021
-0.00597625
-0.00598229
-0.00598831
-0.00599434
-0.00600035
-0.00600635
-0.00601234
-0.00601832
-0.00602428
-0.00603023
-0.00603617
-0.00604209
-0.00604799
-0.00605387
-0.00605974
-0.00606559
-0.00607142
-0.00607722
-0.00608301
-0.00608878
-0.00609453
-0.00610026
-0.00610598
-0.00611167
-0.00611733
-0.00612298
-0.00612861
-0.00613422
-0.00613981
-0.00614537
-0.00615092
-0.00615644
-0.00616194
-0.00616743
-0.00617289
-0.00617833
-0.00618376
-0.00618916
-0.00619455
-0.00619992
-0.00620527
-0.0062106
-0.00621592
-0.00622121
-0.0062265
-0.00623176
-0.00623702
-0.00624226
-0.00624748
-0.00625269
-0.00625789
-0.00626307
-0.00626825
-0.00627341
-0.00627857
-0.00628371
-0.00628884
-0.00629397
-0.00629909
-0.0063042
-0.0063093
-0.0063144
-0.00631949
-0.00632458
-0.00632966
-0.00633473
-0.0063398
-0.00634487
-0.00634993
-0.00635506
-0.00636035
-0.00636588
-0.00637165
-0.0063777
-0.00638401
-0.0063906
-0.00639745
-0.00640455
-0.00641191
-0.00641951
-0.00642734
-0.00643538
-0.00644363
-0.00645208
-0.0064607
-0.0064695
-0.00647844
-0.00648753
-0.00649674
-0.00650606
-0.00651549
-0.00652499
-0.00653456
-0.00654419
-0.00655385
-0.00656355
-0.00657326
-0.00658296
-0.00659266
-0.00660233
-0.00661196
-0.00662154
-0.00663107
-0.00664052
-0.00664989
-0.00665918
-0.00666837
-0.00667745
-0.00668641
-0.00669526
-0.00670398
-0.00671257
-0.00672102
-0.00672932
-0.00673749
-0.00674551
-0.00675337
-0.00676109
-0.00676865
-0.00677607
-0.00678333
-0.00679044
-0.0067974
-0.00680421
-0.00681088
-0.00681741
-0.0068238
-0.00683006
-0.00683618
-0.00684218
-0.00684806
-0.00685382
-0.00685947
-0.00686502
-0.00687046
-0.00687581
-0.00688107
-0.00688625
-0.00689136
-0.00689639
-0.00690136
-0.00690627
-0.00691113
-0.00691594
-0.00692071
-0.00692545
-0.00693017
-0.00693486
-0.00693954
-0.0069442
-0.00694887
-0.00695353
-0.0069582
-0.00696289
-0.00696758
-0.0069723
-0.00697705
-0.00698182
-0.00698662
-0.00699146
-0.00699633
-0.00700125
-0.0070062
-0.00701121
-0.00701626
-0.00702136
-0.00702651
-0.00703171
-0.00703697
-0.00704229
-0.00704767
-0.00705311
-0.00705862
-0.00706419
-0.00706982
-0.0070755
-0.00708124
-0.00708703
-0.00709287
-0.00709876
-0.00710469
-0.00711066
-0.00711667
-0.00712271
-0.00712879
-0.00713489
-0.00714102
-0.00714717
-0.00715334
-0.00715952
-0.00716571
-0.00717192
-0.00717812
-0.00718433
-0.00719054
-0.00719675
-0.00720295
-0.00720914
-0.00721532
-0.00722149
-0.00722764
-0.00723377
-0.00723988
-0.00724597
-0.00725203
-0.00725807
-0.00726408
-0.00727007
-0.00727602
-0.00728195
-0.00728784
-0.00729371
-0.00729954
-0.00730533
-0.0073111
-0.00731683
-0.00732253
-0.0073282
-0.00733384
-0.00733945
-0.00734503
-0.00735058
-0.0073561
-0.00736159
-0.00736706
-0.00737251
-0.00737793
-0.00738332
-0.0073887
-0.00739405
-0.00739939
-0.0074047
-0.00741001
-0.00741529
-0.00742057
-0.00742583
-0.00743108
-0.00743632
-0.00744155
-0.00744678
-0.007452
-0.00745722
-0.00746243
-0.00746765
-0.00747286
-0.00747807
-0.00748329
-0.00748851
-0.00749373
-0.00749896
-0.00750419
-0.00750943
-0.00751468
-0.00751994
-0.0075252
-0.00753048
-0.00753576
-0.00754105
-0.00754636
-0.00755167
-0.00755699
-0.00756233
-0.00756767
-0.00757303
-0.0075784
-0.00758378
-0.00758917
-0.00759457
-0.00759998
-0.00760539
-0.00761082
-0.00761625
-0.00762169
-0.00762713
-0.00763258
-0.00763804
-0.0076435
-0.00764897
-0.00765444
-0.00765992
-0.0076654
-0.00767088
-0.00767636
-0.00768185
-0.00768734
-0.00769283
-0.00769832
-0.00770381
-0.0077093
-0.00771479
-0.00772028
-0.00772577
-0.00773125
-0.00773674
-0.00774222
-0.0077477
-0.00775318
-0.00775865
-0.00776412
-0.00776959
-0.00777505
-0.00778051
-0.00778597
-0.00779142
-0.00779687
-0.00780231
-0.00780775
-0.00781319
-0.00781862
-0.00782404
-0.00782947
-0.00783488
-0.0078403
-0.00784571
-0.00785111
-0.00785652
-0.00786192
-0.00786731
-0.00787271
-0.00787811
-0.0078835
-0.0078889
-0.00789429
-0.00789969
-0.00790508
-0.00791048
-0.00791588
-0.00792128
-0.00792668
-0.00793208
-0.00793748
-0.00794289
-0.0079483
-0.00795371
-0.00795912
-0.00796454
-0.00796995
-0.00797537
-0.0079808
-0.00798622
-0.00799165
-0.00799708
-0.00800252
-0.00800796
-0.0080134
-0.00801885
-0.0080243
-0.00802975
-0.0080352
-0.00804066
-0.00804613
-0.00805159
-0.00805706
-0.00806253
-0.00806801
-0.00807349
-0.00807897
-0.00808446
-0.00808995
-0.00809544
-0.00810094
-0.00810643
-0.00811193
-0.00811744
-0.00812294
-0.00812845
-0.00813396
-0.00813948
-0.00814499
-0.0081505
-0.00815601
-0.00816152
-0.00816703
-0.00817253
-0.00817804
-0.00818354
-0.00818904
-0.00819454
-0.00820004
-0.00820554
-0.00821104
-0.00821653
-0.00822203
-0.00822752
-0.00823301
-0.0082385
-0.00824399
-0.00824948
-0.00825497
-0.00826046
-0.00826595
-0.00827144
-0.00827693
-0.00828241
-0.0082879
-0.00829339
-0.00829889
-0.00830438
-0.00830987
-0.00831537
-0.00832086
-0.00832636
-0.00833186
-0.00833736
-0.00834287
-0.00834838
-0.00835389
-0.0083594
-0.00836491
-0.00837043
-0.00837595
-0.00838147
-0.008387
-0.00839253
-0.00839807
-0.0084036
-0.00840914
-0.00841469
-0.00842024
-0.0084258
-0.00843136
-0.00843692
-0.00844249
-0.00844807
-0.00845365
-0.00845924
-0.00846483
-0.00847043
-0.00847604
-0.00848165
-0.00848726
-0.00849288
-0.00849851
-0.00850414
-0.00850977
-0.00851541
-0.00852105
-0.0085267
-0.00853236
-0.00853801
-0.00854368
-0.00854934
-0.00855502
-0.00856069
-0.00856637
-0.00857205
-0.00857774
-0.00858343
-0.00858912
-0.00859482
-0.00860052
-0.00860622
-0.00861193
-0.00861763
-0.00862335
-0.00862906
-0.00863478
-0.0086405
-0.00864622
-0.00865194
-0.00865767
-0.0086634
-0.00866913
-0.00867486
-0.0086806
-0.00868634
-0.00869207
-0.00869781
-0.00870355
-0.00870929
-0.00871503
-0.00872077
-0.0087265
-0.00873223
-0.00873796
-0.00874369
-0.00874942
-0.00875515
-0.00876088
-0.0087666
-0.00877233
-0.00877805
-0.00878378
-0.0087895
-0.00879523
-0.00880095
-0.00880668
-0.00881241
-0.00881814
-0.00882387
-0.0088296
-0.00883533
-0.00884107
-0.0088468
-0.00885254
-0.00885829
-0.00886404
-0.00886979
-0.00887554
-0.0088813
-0.00888706
-0.00889282
-0.00889859
-0.00890436
-0.00891014
-0.00891592
-0.0089217
-0.00892749
-0.00893328
-0.00893908
-0.00894488
-0.00895068
-0.00895649
-0.00896231
-0.00896813
-0.00897395
-0.00897978
-0.00898562
-0.00899146
-0.00899731
-0.00900316
-0.00900902
-0.00901489
-0.00902076
-0.00902664
-0.00903252
-0.00903841
-0.00904431
-0.00905021
-0.00905612
-0.00906204
-0.00906796
-0.00907389
-0.00907982
-0.00908576
-0.0090917
-0.00909765
-0.0091036
-0.00910956
-0.00911552
-0.00912149
-0.00912747
-0.00913345
-0.00913943
-0.00914542
-0.00915141
-0.0091574
-0.0091634
-0.00916941
-0.00917541
-0.00918143
-0.00918744
-0.00919346
-0.00919948
-0.00920551
-0.00921154
-0.00921757
-0.0092236
-0.00922964
-0.00923568
-0.00924173
-0.00924778
-0.00925383
-0.00925989
-0.00926595
-0.00927201
-0.00927807
-0.00928414
-0.00929021
-0.00929628
-0.00930236
-0.00930843
-0.0093145
-0.00932058
-0.00932666
-0.00933273
-0.00933881
-0.0093449
-0.00935098
-0.00935706
-0.00936315
-0.00936924
-0.00937533
-0.00938143
-0.00938752
-0.00939362
-0.00939972
-0.00940583
-0.00941194
-0.00941805
-0.00942416
-0.00943028
-0.0094364
-0.00944253
-0.00944866
-0.00945479
-0.00946093
-0.00946707
-0.00947322
-0.00947937
-0.00948552
-0.00949168
-0.00949784
-0.00950401
-0.00951018
-0.00951636
-0.00952254
-0.00952872
-0.00953491
-0.0095411
-0.0095473
-0.0095535
-0.00955971
-0.00956592
-0.00957213
-0.00957835
-0.00958457
-0.00959081
-0.00959706
-0.00960333
-0.00960961
-0.00961593
-0.00962226
-0.00962861
-0.00963499
-0.00964139
-0.00964781
-0.00965425
-0.00966071
-0.00966719
-0.00967368
-0.00968019
-0.00968671
-0.00969325
-0.0096998
-0.00970636
-0.00971292
-0.0097195
-0.00972608
-0.00973267
-0.00973926
-0.00974586
-0.00975246
-0.00975906
-0.00976566
-0.00977226
-0.00977886
-0.00978546
-0.00979205
-0.00979865
-0.00980524
-0.00981182
-0.0098184
-0.00982497
-0.00983154
-0.00983811
-0.00984466
-0.00985121
-0.00985776
-0.00986429
-0.00987082
-0.00987735
-0.00988386
-0.00989037
