0.000160206
0.000296953
0.000294582
0.000135998
-0.000143948
-0.000487075
-0.000861352
-0.00124888
-0.00168464
-0.00215649
-0.0026417
-0.00312721
-0.00360517
-0.00407059
-0.00452004
-0.00495104
-0.00536173
-0.0057507
-0.00611682
-0.00645921
-0.00677715
-0.00707005
-0.00733749
-0.00757916
-0.00779488
-0.00798456
-0.00814825
-0.00828608
-0.0083983
-0.00848525
-0.00854734
-0.00858509
-0.00859918
-0.00859031
-0.00855933
-0.00850683
-0.00843352
-0.00834023
-0.00822786
-0.00809737
-0.00794977
-0.00778611
-0.00760748
-0.00741499
-0.00720976
-0.00699294
-0.00676569
-0.00652915
-0.00628449
-0.00603284
-0.00577537
-0.00551325
-0.00524763
-0.00497962
-0.00471031
-0.00444075
-0.00417197
-0.00390495
-0.00364063
-0.00337991
-0.00312367
-0.0028727
-0.00262779
-0.00238964
-0.00215894
-0.0019363
-0.0017223
-0.00151745
-0.0013222
-0.00113698
-0.000962142
-0.000797982
-0.000644754
-0.000502658
-0.000371841
-0.000252456
-0.000144541
-4.80844e-05
3.69659e-05
0.00011071
0.000173286
0.000224874
0.000265695
0.000296002
0.000316087
0.000326271
0.000326904
0.000318366
0.00030106
0.000275413
0.000241869
0.000200893
0.000152967
9.85804e-05
3.82383e-05
-2.75481e-05
-9.82611e-05
-0.000173379
-0.000252384
-0.000334766
-0.000420027
-0.000507664
-0.000597183
-0.0006881
-0.000779944
-0.00087226
-0.000964604
-0.00105655
-0.00114769
-0.00123763
-0.00132601
-0.00141247
-0.00149669
-0.00157836
-0.00165719
-0.00173292
-0.00180533
-0.00187418
-0.0019393
-0.0020005
-0.00205763
-0.00211056
-0.00215918
-0.00220341
-0.00224318
-0.00227845
-0.00230921
-0.00233544
-0.00235716
-0.0023744
-0.00238722
-0.00239568
-0.00239989
-0.00239993
-0.00239594
-0.00238802
-0.00237633
-0.00236101
-0.00234222
-0.00232013
-0.00229492
-0.00226676
-0.00223586
-0.00220238
-0.00216652
-0.00212846
-0.00208839
-0.0020465
-0.00200298
-0.00195801
-0.0019118
-0.00186452
-0.00181656
-0.00176812
-0.00171929
-0.00167019
-0.00162098
-0.00157182
-0.00152285
-0.00147424
-0.00142613
-0.00137866
-0.00133197
-0.0012862
-0.00124145
-0.00119785
-0.0011555
-0.0011145
-0.00107493
-0.00103688
-0.00100042
-0.000965611
-0.000932505
-0.000901149
-0.00087158
-0.00084384
-0.000817981
-0.000794051
-0.000772053
-0.00075196
-0.000733732
-0.000717327
-0.000702713
-0.000689869
-0.000678774
-0.000669396
-0.000661696
-0.000655627
-0.000651135
-0.000648161
-0.00064664
-0.000646508
-0.000647703
-0.00065016
-0.000653812
-0.000658591
-0.000664427
-0.000671248
-0.00067898
-0.000687549
-0.000696945
-0.000707078
-0.000717857
-0.000729165
-0.000740901
-0.00075298
-0.00076532
-0.000777847
-0.000790491
-0.000803027
-0.000815362
-0.00082747
-0.000839352
-0.000851025
-0.000862477
-0.000873671
-0.00088456
-0.000895095
-0.000905227
-0.000914908
-0.000924085
-0.000932703
-0.00094071
-0.000948067
-0.000954744
-0.00096072
-0.000965986
-0.000970527
-0.00097433
-0.000977387
-0.000979691
-0.000981241
-0.000982043
-0.00098211
-0.000981456
-0.0009801
-0.00097806
-0.000975358
-0.000972016
-0.000968057
-0.000963497
-0.000958359
-0.000952665
-0.000946442
-0.000939717
-0.000932521
-0.000924884
-0.000916838
-0.000908414
-0.000899646
-0.00089057
-0.000881236
-0.0008717
-0.000862001
-0.000852158
-0.000842191
-0.000832123
-0.000821982
-0.000811797
-0.000801595
-0.000791407
-0.00078126
-0.000771181
-0.000761197
-0.000751333
-0.000741613
-0.00073206
-0.000722695
-0.00071354
-0.000704612
-0.00069593
-0.000687508
-0.000679363
-0.000671508
-0.000663953
-0.000656713
-0.000649792
-0.000643199
-0.000636941
-0.000631023
-0.000625448
-0.000620218
-0.000615333
-0.000610793
-0.000606596
-0.000602738
-0.000599216
-0.000596022
-0.000593152
-0.000590598
-0.000588352
-0.000586403
-0.000584744
-0.000583362
-0.000582247
-0.000581388
-0.000580772
-0.000580385
-0.000580215
-0.000580249
-0.000580471
-0.00058085
-0.000581345
-0.000581928
-0.000582589
-0.000583333
-0.000584164
-0.000585078
-0.000586065
-0.000587116
-0.000588219
-0.000589361
-0.000590533
-0.000591721
-0.000592915
-0.000594104
-0.000595277
-0.000596423
-0.000597534
-0.000598601
-0.000599614
-0.000600565
-0.000601448
-0.000602255
-0.000602979
-0.000603616
-0.00060417
-0.000604633
-0.000604998
-0.000605259
-0.000605413
-0.000605457
-0.000605388
-0.000605204
-0.000604906
-0.000604493
-0.000603965
-0.000603322
-0.000602567
-0.0006017
-0.000600724
-0.000599641
-0.000598454
-0.000597167
-0.000595783
-0.000594307
-0.000592741
-0.000591091
-0.000589362
-0.000587558
-0.000585685
-0.000583766
-0.000581831
-0.000579897
-0.000577964
-0.000576015
-0.000574044
-0.000572047
-0.000570026
-0.000567984
-0.000565925
-0.000563853
-0.000561772
-0.000559687
-0.000557603
-0.000555524
-0.000553453
-0.000551397
-0.000549358
-0.00054734
-0.000545347
-0.000543383
-0.000541452
-0.000539556
-0.000537698
-0.000535882
-0.000534108
-0.00053238
-0.0005307
-0.00052907
-0.000527493
-0.00052597
-0.000524503
-0.000523092
-0.000521738
-0.000520442
-0.000519204
-0.000518025
-0.000516905
-0.000515843
-0.000514839
-0.000513893
-0.000513004
-0.000512171
-0.000511393
-0.000510669
-0.000509998
-0.000509379
-0.000508809
-0.000508288
-0.000507813
-0.000507365
-0.000506921
-0.000506462
-0.000505977
-0.000519209
-0.000539906
-0.000564465
-0.000590861
-0.000617957
-0.000645099
-0.000671893
-0.000698082
-0.000723493
-0.000747994
-0.000771485
-0.000793882
-0.000815115
-0.000835124
-0.000853858
-0.000871274
-0.000887336
-0.000902014
-0.000915287
-0.000927139
-0.000937563
-0.000946562
-0.000954135
-0.000960288
-0.000965035
-0.000968394
-0.00097039
-0.00097105
-0.00097041
-0.000968506
-0.000965382
-0.000961081
-0.000955653
-0.00094915
-0.000941628
-0.000933143
-0.000923754
-0.000913524
-0.000902515
-0.000890792
-0.000878419
-0.000865463
-0.000851989
-0.000838063
-0.000823752
-0.00080912
-0.000794244
-0.00077919
-0.000764028
-0.000748822
-0.000733633
-0.000718518
-0.000703533
-0.000688729
-0.000674153
-0.000659851
-0.000645867
-0.000632233
-0.000618986
-0.000606158
-0.000593781
-0.000581884
-0.000570493
-0.000559632
-0.000549321
-0.00053958
-0.000530424
-0.000521866
-0.000513916
-0.000506582
-0.000499868
-0.000493772
-0.000488294
-0.000483431
-0.000479189
-0.000475567
-0.00047256
-0.000470157
-0.000468346
-0.000467111
-0.000466435
-0.0004663
-0.000466683
-0.000467564
-0.000468918
-0.000470722
-0.000472948
-0.000475571
-0.000478564
-0.000481899
-0.000485547
-0.000489481
-0.000493672
-0.000498091
-0.000502711
-0.000507504
-0.000512433
-0.00051746
-0.000522881
-0.000528755
-0.000534972
-0.0005413
-0.0005476
-0.000553784
-0.000559802
-0.000565621
-0.000571217
-0.000576569
-0.00058166
-0.000586475
-0.000591
-0.000595226
-0.000599143
-0.000602744
-0.000606027
-0.000608988
-0.000611627
-0.000613937
-0.000615918
-0.00061757
-0.000618896
-0.000619905
-0.000620599
-0.000620988
-0.000621077
-0.000620875
-0.000620389
-0.000619631
-0.000618612
-0.000617342
-0.000615836
-0.000614107
-0.000612169
-0.000610036
-0.000607724
-0.000605248
-0.000602623
-0.000599866
-0.000596993
-0.000594018
-0.000590959
-0.00058783
-0.000584647
-0.000581426
-0.00057818
-0.000574922
-0.000571681
-0.000568495
-0.000565377
-0.000562321
-0.000559328
-0.000556406
-0.00055356
-0.0005508
-0.000548132
-0.000545565
-0.000543106
-0.000540762
-0.000538537
-0.000536438
-0.000534469
-0.000532633
-0.000530934
-0.000529373
-0.000527953
-0.000526673
-0.000525535
-0.000524536
-0.000523677
-0.000522955
-0.000522368
-0.000521914
-0.000521586
-0.000521389
-0.000521317
-0.00052136
-0.00052151
-0.000521763
-0.000522114
-0.000522559
-0.000523092
-0.000523708
-0.000524401
-0.000525163
-0.000525989
-0.000526871
-0.000527803
-0.000528779
-0.000529792
-0.000530834
-0.0005319
-0.000532984
-0.000534078
-0.000535178
-0.000536277
-0.000537372
-0.00053844
-0.000539446
-0.000540375
-0.000541232
-0.000542035
-0.000542794
-0.000543512
-0.000544191
-0.000544829
-0.000545426
-0.000545981
-0.000546491
-0.000546957
-0.000547378
-0.000547751
-0.000548078
-0.000548359
-0.000548592
-0.000548778
-0.000548919
-0.000549014
-0.000549065
-0.000549073
-0.000549039
-0.000548964
-0.000548858
-0.000548717
-0.000548543
-0.000548339
-0.000548107
-0.000547847
-0.000547562
-0.000547253
-0.000546922
-0.000546569
-0.000546197
-0.000545808
-0.000545405
-0.000544992
-0.000544571
-0.000544144
-0.000543714
-0.000543284
-0.000542856
-0.000542432
-0.000542015
-0.000541607
-0.00054121
-0.000540825
-0.000540455
-0.000540121
-0.000539856
-0.000539675
-0.000539568
-0.000539511
-0.000539489
-0.000539495
-0.000539526
-0.000539579
-0.000539652
-0.000539745
-0.000539857
-0.000539988
-0.000540136
-0.000540302
-0.000540485
-0.000540684
-0.000540898
-0.000541128
-0.000541371
-0.000541627
-0.000541895
-0.000542176
-0.000542466
-0.000542766
-0.000543075
-0.000543392
-0.000543717
-0.000544049
-0.000544385
-0.000544723
-0.000545064
-0.000545408
-0.000545752
-0.000546096
-0.00054644
-0.000546783
-0.000547123
-0.00054746
-0.000547793
-0.000548121
-0.000548444
-0.000548761
-0.000549071
-0.000549373
-0.000549668
-0.000549955
-0.000550232
-0.000550501
-0.000550762
-0.000550988
-0.000551143
-0.000551207
-0.000551185
-0.000551106
-0.000550994
-0.000550864
-0.000550723
-0.000550577
-0.000550429
-0.000550281
-0.000550135
-0.000549993
-0.000549856
-0.000549724
-0.000549599
-0.000549474
-0.000549355
-0.000549244
-0.000549143
-0.000549055
-0.00054898
-0.000548918
-0.000548871
-0.000548839
-0.000548829
-0.000548838
-0.000548869
-0.000548921
-0.000548991
-0.000549076
-0.000549179
-0.000549297
-0.000549433
-0.000549584
-0.000549751
-0.000549933
-0.000550131
-0.000550343
-0.00055057
-0.000550811
-0.000551067
-0.000551335
-0.000551616
-0.00055191
-0.000552216
-0.000552533
-0.000552862
-0.000553201
-0.00055355
-0.000553921
-0.000554337
-0.000554803
-0.000555301
-0.000555819
-0.000556347
-0.000556883
-0.000557423
-0.000557965
-0.000558507
-0.000559048
-0.000559587
-0.000560123
-0.000560656
-0.000561183
-0.000561705
-0.00056222
-0.000562728
-0.000563229
-0.000563721
-0.000564204
-0.000564678
-0.000565143
-0.000565597
-0.00056604
-0.00056647
-0.000566888
-0.000567293
-0.000567687
-0.000568069
-0.00056844
-0.000568799
-0.000569147
-0.000569484
-0.00056981
-0.000570126
-0.000570431
-0.000570726
-0.000571012
-0.000571288
-0.000571556
-0.000571816
-0.000572068
-0.000572314
-0.000572553
-0.000572786
-0.000573014
-0.000573237
-0.000573456
-0.000573672
-0.000573857
-0.000573971
-0.000573993
-0.000573929
-0.00057381
-0.000573666
-0.000573511
-0.000573355
-0.000573204
-0.000573062
-0.000572932
-0.000572815
-0.000572713
-0.000572628
-0.000572561
-0.000572513
-0.000572484
-0.000572476
-0.000572489
-0.000572523
-0.00057258
-0.000572659
-0.000572761
-0.000572885
-0.000573033
-0.000573218
-0.000573438
-0.000573687
-0.000573961
-0.000574248
-0.00057455
-0.000574867
-0.000575203
-0.00057555
-0.000575903
-0.000576258
-0.000576618
-0.000576984
-0.000577358
-0.000577744
-0.000578141
-0.000578551
-0.000578972
-0.000579405
-0.000579849
-0.000580303
-0.000580766
-0.000581239
-0.00058172
-0.000582209
-0.000582718
-0.000583264
-0.000583846
-0.00058445
-0.000585065
-0.000585686
-0.000586311
-0.000586935
-0.000587559
-0.00058818
-0.000588798
-0.000589411
-0.000590019
-0.00059062
-0.000591214
-0.000591801
-0.000592379
-0.000592949
-0.000593508
-0.000594058
-0.000594598
-0.000595127
-0.000595645
-0.000596152
-0.000596647
-0.000597131
-0.000597602
-0.000598062
-0.00059851
-0.000598947
-0.000599372
-0.000599785
-0.000600187
-0.000600578
-0.000600959
-0.000601329
-0.000601688
-0.000602038
-0.000602379
-0.000602711
-0.000603034
-0.000603354
-0.000603678
-0.000604016
-0.000604365
-0.000604721
-0.000605078
-0.000605431
-0.000605777
-0.000606115
-0.000606427
-0.000606689
-0.000606895
-0.000607059
-0.000607192
-0.000607306
-0.000607409
-0.000607511
-0.000607622
-0.000607753
-0.000607902
-0.000608065
-0.000608241
-0.000608427
-0.000608625
-0.000608833
-0.000609053
-0.000609283
-0.00060953
-0.000609798
-0.000610079
-0.000610372
-0.000610673
-0.000610983
-0.000611301
-0.000611633
-0.000611977
-0.00061234
-0.00061272
-0.000613115
-0.000613519
-0.000613932
-0.000614352
-0.000614776
-0.000615204
-0.000615634
-0.000616066
-0.000616499
-0.000616932
-0.000617365
-0.000617797
-0.000618228
-0.000618657
-0.000619083
-0.000619508
-0.000619932
-0.000620356
-0.000620782
-0.00062121
-0.00062164
-0.000622143
-0.000622812
-0.00062402
-0.000625762
-0.000627806
-0.000629989
-0.000632221
-0.000634452
-0.000636659
-0.000638837
-0.000640977
-0.000643038
-0.000645
-0.00064685
-0.000648581
-0.000650188
-0.00065167
-0.000653026
-0.000654256
-0.000655361
-0.000656342
-0.0006572
-0.00065794
-0.000658563
-0.000659073
-0.000659472
-0.000659765
-0.000659967
-0.00066008
-0.000660105
-0.000660048
-0.000659912
-0.000659701
-0.000659422
-0.000659078
-0.000658675
-0.00065822
-0.000657717
-0.000657173
-0.000656593
-0.000655983
-0.000655349
-0.000654697
-0.000654031
-0.000653358
-0.000652683
-0.00065201
-0.000651344
-0.00065069
