4.37937e-06
1.94906e-05
4.7553e-05
8.85173e-05
0.00014163
0.000205914
0.000280319
0.000363786
0.000455268
0.000553727
0.00065814
0.000767523
0.000880934
0.000997458
0.0011162
0.00123632
0.001357
0.00147748
0.00159706
0.00171506
0.0018309
0.00194401
0.00205391
0.00216016
0.00226238
0.00236025
0.00245352
0.00254196
0.00262542
0.0027038
0.00277705
0.00284513
0.00290805
0.00296585
0.00301855
0.00306623
0.00310896
0.00314683
0.00317995
0.00320841
0.00323235
0.00325189
0.00326717
0.00327832
0.0032855
0.00328884
0.00328851
0.00328462
0.00327733
0.00326674
0.00325302
0.00323636
0.00321697
0.00319504
0.00317078
0.0031444
0.0031161
0.00308608
0.00305453
0.00302167
0.00298769
0.00295277
0.00291712
0.00288092
0.00284434
0.00280758
0.00277081
0.00273419
0.00269789
0.00266209
0.00262692
0.00259255
0.00255911
0.00252676
0.00249561
0.00246584
0.00243762
0.0024111
0.00238642
0.00236371
0.00234308
0.00232462
0.0023084
0.00229448
0.00228292
0.00227375
0.002267
0.00226267
0.00226077
0.00226129
0.0022642
0.00226948
0.00227708
0.00228696
0.00229905
0.00231329
0.00232959
0.00234787
0.00236802
0.00238992
0.00241346
0.00243851
0.00246492
0.00249256
0.00252127
0.0025509
0.00258127
0.00261223
0.00264361
0.00267525
0.00270698
0.00273865
0.0027701
0.00280117
0.00283172
0.00286161
0.00289071
0.0029189
0.00294606
0.0029721
0.0029969
0.00302039
0.0030425
0.00306315
0.0030823
0.0030999
0.00311594
0.00313039
0.00314325
0.00315454
0.00316425
0.00317241
0.00317904
0.00318416
0.00318781
0.00319003
0.00319085
0.00319033
0.00318852
0.00318545
0.0031812
0.00317582
0.00316936
0.00316188
0.00315344
0.00314409
0.00313389
0.00312288
0.00311112
0.00309865
0.00308552
0.00307177
0.00305748
0.00304275
0.00302766
0.00301228
0.00299664
0.00298078
0.00296475
0.00294857
0.00293227
0.00291589
0.00289945
0.00288298
0.0028665
0.00285004
0.00283363
0.00281728
0.00280103
0.00278489
0.00276888
0.00275304
0.00273737
0.00272191
0.00270666
0.00269167
0.00267694
0.00266252
0.00264843
0.0026347
0.00262134
0.00260836
0.00259578
0.00258361
0.00257185
0.00256051
0.00254959
0.0025391
0.00252903
0.00251937
0.00251013
0.00250129
0.00249285
0.00248477
0.00247706
0.00246968
0.00246262
0.00245586
0.00244936
0.00244311
0.00243707
0.00243123
0.0024256
0.00242017
0.00241493
0.00240985
0.0024049
0.00240005
0.00239528
0.00239051
0.00238559
0.0023804
0.00237482
0.00236878
0.00236224
0.00235519
0.00234764
0.00233959
0.00233106
0.00232206
0.00231261
0.00230273
0.00229242
0.00228173
0.00227065
0.00225922
0.00224747
0.0022354
0.00222305
0.00221044
0.0021976
0.00218454
0.00217129
0.00215788
0.00214433
0.00213066
0.0021169
0.00210307
0.00208919
0.00207528
0.00206137
0.00204747
0.0020336
0.00201978
0.00200603
0.00199236
0.00197878
0.00196532
0.00195197
0.00193876
0.00192568
0.00191276
0.0019
0.00188742
0.00187502
0.00186281
0.0018508
0.00183899
0.00182738
0.00181599
0.0018048
0.00179382
0.00178306
0.0017725
0.00176214
0.00175199
0.00174204
0.00173228
0.0017227
0.0017133
0.00170408
0.00169502
0.00168612
0.00167736
0.00166874
0.00166024
0.00165187
0.00164361
0.00163546
0.0016274
0.00161943
0.00161154
0.00160372
0.00159596
0.00158825
0.00158058
0.00157294
0.00156532
0.00155771
0.00155011
0.0015425
0.00153487
0.00152723
0.00151955
0.00151183
0.00150407
0.00149626
0.00148839
0.00148046
0.00147246
0.00146439
0.00145624
0.00144802
0.0014397
0.0014313
0.00142281
0.00141422
0.00140554
0.00139677
0.00138789
0.00137892
0.00136986
0.0013607
0.00135144
0.00134209
0.00133264
0.00132311
0.00131349
0.00130378
0.001294
0.00128413
0.00127419
0.00126417
0.00125409
0.00124394
0.00123374
0.00122348
0.00121316
0.00120281
0.00119241
0.00118197
0.0011715
0.001161
0.00115048
0.00113993
0.00112937
0.0011188
0.00110822
0.00109764
0.00108705
0.00107647
0.0010659
0.00105533
0.00104478
0.00103424
0.00102372
0.00101322
0.00100274
0.000992283
0.000981856
0.000971457
0.00096109
0.000950756
0.000940458
0.000930198
0.000919977
0.000909798
0.000899661
0.000889568
0.00087952
0.000869516
0.000859558
0.000849646
0.000839779
0.000829958
0.000820182
0.00081045
0.000800762
0.000791117
0.000781513
0.00077195
0.000762425
0.000752937
0.000743486
0.000734067
0.000724682
0.000715327
0.000706001
0.000696704
0.000687433
0.000678187
0.000668964
0.000659762
0.000650579
0.000641413
0.000632262
0.000623125
0.000613999
0.000604883
0.000595773
0.000586669
0.000577568
0.000568469
0.000559369
0.000550267
0.00054116
0.000532048
0.000522929
0.000513801
0.000504663
0.000495514
0.000486352
0.000477176
0.000467986
0.000458782
0.00044957
0.00044042
0.000431437
0.000422674
0.000414148
0.000405855
0.000397779
0.0003899
0.000382194
0.000374636
0.000367202
0.000359866
0.000352605
0.000345393
0.00033821
0.000331033
0.000323843
0.00031662
0.000309347
0.000302008
0.000294588
0.000287078
0.000279468
0.000271746
0.000263905
0.000255937
0.000247832
0.000239583
0.000231183
0.000222624
0.0002139
0.000205005
0.000195934
0.00018668
0.000177241
0.000167611
0.000157787
0.000147767
0.000137549
0.000127132
0.000116514
0.000105697
9.46805e-05
8.34661e-05
7.20554e-05
6.04514e-05
4.8659e-05
3.6684e-05
2.45329e-05
1.22129e-05
-2.68118e-07
-1.29019e-05
-2.56797e-05
-3.85926e-05
-5.16312e-05
-6.47861e-05
-7.80478e-05
-9.14068e-05
-0.000104853
-0.000118378
-0.000131971
-0.000145623
-0.000159325
-0.000173066
-0.000186837
-0.000200628
-0.000214432
-0.000228238
-0.000242037
-0.000255822
-0.000269582
-0.000283309
-0.000296992
-0.000310623
-0.000324195
-0.000337701
-0.000351135
-0.000364492
-0.000377767
-0.000390956
-0.000404057
-0.000417067
-0.000429984
-0.000442808
-0.000455538
-0.000468176
-0.000480723
-0.00049318
-0.000505551
-0.000517838
-0.000530044
-0.000542175
-0.000554234
-0.000566225
-0.000578153
-0.000590024
-0.000601839
-0.000613603
-0.000625242
-0.000636584
-0.000647462
-0.000657779
-0.000667505
-0.000676649
-0.000685239
-0.000693313
-0.000700917
-0.000708098
-0.000714903
-0.000721381
-0.00072758
-0.000733547
-0.000739328
-0.000744967
-0.000750507
-0.000755989
-0.000761453
-0.000766937
-0.000772478
-0.000778108
-0.00078386
-0.000789763
-0.000795844
-0.000802129
-0.000808639
-0.000815394
-0.000822415
-0.000829718
-0.000837319
-0.000845231
-0.000853466
-0.000862034
-0.000870943
-0.000880199
-0.000889807
-0.000899768
-0.000910084
-0.000920753
-0.000931773
-0.00094314
-0.000954847
-0.000966889
-0.000979254
-0.000991935
-0.00100492
-0.0010182
-0.00103176
-0.0010456
-0.00105969
-0.00107403
-0.00108861
-0.0011034
-0.0011184
-0.00113358
-0.00114893
-0.00116443
-0.00118007
-0.00119583
-0.00121168
-0.00122762
-0.00124363
-0.00125968
-0.00127577
-0.00129186
-0.00130796
-0.00132404
-0.00134009
-0.00135609
-0.00137202
-0.00138789
-0.00140366
-0.00141934
-0.00143491
-0.00145036
-0.00146568
-0.00148086
-0.00149591
-0.0015108
-0.00152554
-0.00154013
-0.00155455
-0.0015688
-0.00158289
-0.00159681
-0.00161055
-0.00162413
-0.00163754
-0.00165078
-0.00166386
-0.00167677
-0.00168953
-0.00170213
-0.00171458
-0.0017269
-0.00173907
-0.00175111
-0.00176303
-0.00177482
-0.0017865
-0.00179807
-0.00180954
-0.00182091
-0.0018322
-0.0018434
-0.00185453
-0.0018656
-0.0018766
-0.00188756
-0.00189848
-0.00190936
-0.00192021
-0.00193105
-0.00194187
-0.00195269
-0.00196351
-0.00197435
-0.00198519
-0.00199606
-0.00200696
-0.00201789
-0.00202886
-0.00203987
-0.00205093
-0.00206204
-0.00207321
-0.00208443
-0.00209572
-0.00210707
-0.00211848
-0.00212997
-0.00214152
-0.00215315
-0.00216485
-0.00217662
-0.00218846
-0.00220038
-0.00221238
-0.00222444
-0.00223658
-0.00224879
-0.00226107
-0.00227342
-0.00228584
-0.00229832
-0.00231086
-0.00232346
-0.00233612
-0.00234884
-0.00236161
-0.00237443
-0.00238729
-0.00240021
-0.00241316
-0.00242615
-0.00243918
-0.00245224
-0.00246532
-0.00247844
-0.00249157
-0.00250472
-0.00251789
-0.00253107
-0.00254426
-0.00255745
-0.00257065
-0.00258385
-0.00259704
-0.00261022
-0.0026234
-0.00263656
-0.00264971
-0.00266284
-0.00267595
-0.00268905
-0.00270212
-0.00271516
-0.00272818
-0.00274117
-0.00275414
-0.00276707
-0.00277998
-0.00279285
-0.00280569
-0.00281849
-0.00283127
-0.002844
-0.00285671
-0.00286938
-0.00288201
-0.00289461
-0.00290718
-0.00291971
-0.00293221
-0.00294467
-0.00295711
-0.00296951
-0.00298188
-0.00299423
-0.00300654
-0.00301883
-0.00303109
-0.00304332
-0.00305553
-0.00306771
-0.00307987
-0.00309201
-0.00310412
-0.00311622
-0.0031283
-0.00314036
-0.00315241
-0.00316444
-0.00317646
-0.00318848
-0.00320048
-0.00321248
-0.00322448
-0.00323647
-0.00324846
-0.00326045
-0.00327244
-0.00328444
-0.00329643
-0.00330843
-0.00332044
-0.00333245
-0.00334447
-0.00335649
-0.00336853
-0.00338057
-0.00339262
-0.00340468
-0.00341676
-0.00342885
-0.00344095
-0.00345307
-0.0034652
-0.00347734
-0.00348951
-0.00350168
-0.00351388
-0.00352609
-0.00353831
-0.00355056
-0.00356282
-0.0035751
-0.00358739
-0.0035997
-0.00361203
-0.00362437
-0.00363673
-0.00364911
-0.0036615
-0.00367391
-0.00368634
-0.00369877
-0.00371122
-0.00372369
-0.00373617
-0.00374866
-0.00376116
-0.00377367
-0.00378619
-0.00379872
-0.00381126
-0.0038238
-0.00383636
-0.00384891
-0.00386148
-0.00387404
-0.00388661
-0.00389918
-0.00391176
-0.00392433
-0.00393691
-0.00394949
-0.00396206
-0.00397464
-0.00398721
-0.00399979
-0.00401236
-0.00402493
-0.0040375
-0.00405006
-0.00406262
-0.00407518
-0.00408774
-0.00410029
-0.00411284
-0.00412538
-0.00413792
-0.00415046
-0.00416299
-0.00417552
-0.00418804
-0.00420055
-0.00421306
-0.00422557
-0.00423806
-0.00425055
-0.00426303
-0.0042755
-0.00428796
-0.00430042
-0.00431286
-0.00432529
-0.00433772
-0.00435013
-0.00436253
-0.00437492
-0.0043873
-0.00439967
-0.00441203
-0.00442437
-0.00443671
-0.00444903
-0.00446134
-0.00447364
-0.00448592
-0.0044982
-0.00451046
-0.00452272
-0.00453496
-0.00454719
-0.00455941
-0.00457161
-0.00458381
-0.004596
-0.00460818
-0.00462035
-0.00463251
-0.00464466
-0.0046568
-0.00466894
-0.00468108
-0.0046932
-0.00470533
-0.00471745
-0.00472958
-0.0047417
-0.00475382
-0.00476594
-0.00477806
-0.00479019
-0.00480232
-0.00481445
-0.00482659
-0.00483873
-0.00485088
-0.00486303
-0.00487519
-0.00488736
-0.00489953
-0.00491171
-0.0049239
-0.0049361
-0.0049483
-0.00496051
-0.00497273
-0.00498496
-0.0049972
-0.00500944
-0.0050217
-0.00503396
-0.00504623
-0.00505851
-0.00507079
-0.00508308
-0.00509538
-0.00510768
-0.00511999
-0.00513231
-0.00514463
-0.00515695
-0.00516928
-0.00518162
-0.00519396
-0.0052063
-0.00521864
-0.00523099
-0.00524335
-0.0052557
-0.00526806
-0.00528042
-0.00529278
-0.00530514
-0.0053175
-0.00532987
-0.00534223
-0.00535459
-0.00536696
-0.00537932
-0.00539169
-0.00540405
-0.00541641
-0.00542877
-0.00544113
-0.00545348
-0.00546582
-0.00547815
-0.00549047
-0.00550277
-0.00551506
-0.00552734
-0.00553961
-0.00555186
-0.0055641
-0.00557633
-0.00558856
-0.00560076
-0.00561296
-0.00562515
-0.00563734
-0.00564951
-0.00566167
-0.00567383
-0.00568598
-0.00569813
-0.00571027
-0.0057224
-0.00573453
-0.00574666
-0.00575879
-0.00577091
-0.00578303
-0.00579515
-0.00580726
-0.00581938
-0.0058315
-0.00584362
-0.00585574
-0.00586787
-0.00588
-0.00589213
-0.00590427
-0.00591642
-0.00592857
-0.00594072
-0.00595289
-0.00596506
-0.00597725
-0.00598944
-0.00600164
-0.00601386
-0.00602608
-0.00603831
-0.00605055
-0.0060628
-0.00607501
-0.00608707
-0.0060989
-0.00611045
-0.00612173
-0.00613274
-0.00614349
-0.006154
-0.0061643
-0.00617439
-0.0061843
-0.00619406
-0.00620369
-0.0062132
-0.00622262
-0.00623197
-0.00624127
-0.00625053
-0.00625978
-0.00626903
-0.00627829
-0.00628759
-0.00629693
-0.00630633
-0.0063158
-0.00632536
-0.00633501
-0.00634476
-0.00635462
-0.0063646
-0.00637471
-0.00638494
-0.00639531
-0.00640582
-0.00641647
-0.00642726
-0.00643819
-0.00644927
-0.00646049
-0.00647186
-0.00648336
-0.006495
-0.00650678
-0.00651869
-0.00653072
-0.00654287
-0.00655514
