-0.000943033
-0.00233924
-0.00382678
-0.00527738
-0.00664913
-0.0079213
-0.00908394
-0.0101331
-0.0110671
-0.0118867
-0.0125937
-0.0131909
-0.0136813
-0.0140679
-0.0143541
-0.0145436
-0.0146405
-0.014649
-0.0145732
-0.0144179
-0.0141876
-0.0138871
-0.0135213
-0.0130951
-0.0126134
-0.0120812
-0.0115036
-0.0108854
-0.0102318
-0.00954747
-0.00883721
-0.00810557
-0.00735667
-0.0065948
-0.00582408
-0.00504845
-0.00427169
-0.00349744
-0.00272912
-0.00197006
-0.00122339
-0.000492086
0.000221078
0.000913513
0.00158284
0.00222688
0.00284371
0.00343157
0.00398897
0.0045146
0.00500613
0.00546244
0.00588257
0.00626579
0.00661151
0.00691937
0.00718917
0.00742086
0.0076146
0.00777066
0.00788949
0.00797167
0.00801793
0.0080291
0.00800615
0.00795017
0.00786233
0.00774393
0.00759632
0.00742095
0.00721935
0.0069931
0.00674383
0.00647322
0.00618299
0.00587412
0.00554854
0.00520818
0.00485498
0.00449087
0.00411773
0.00373746
0.00335191
0.00296289
0.00257217
0.00218149
0.0017925
0.00140682
0.00102599
0.000651486
0.000284703
-7.3006e-05
-0.00042036
-0.000756152
-0.00107926
-0.00138863
-0.00168331
-0.00196242
-0.0022251
-0.00247064
-0.00269849
-0.00290825
-0.00309937
-0.00327144
-0.0034242
-0.00355751
-0.00367133
-0.00376572
-0.00384083
-0.00389692
-0.00393429
-0.00395336
-0.0039546
-0.00393857
-0.00390589
-0.00385723
-0.00379336
-0.00371506
-0.00362314
-0.00351848
-0.00340196
-0.00327451
-0.00313706
-0.00299057
-0.00283601
-0.00267448
-0.00250693
-0.00233439
-0.00215783
-0.00197815
-0.00179625
-0.00161302
-0.0014293
-0.00124594
-0.00106373
-0.000883456
-0.000705838
-0.000531576
-0.000361323
-0.000195695
-3.5262e-05
0.000119447
0.000267949
0.000409838
0.000544738
0.000672323
0.000792313
0.000904474
0.00100862
0.00110461
0.0011922
0.00127123
0.00133404
0.00137997
0.00141372
0.00143784
0.00145375
0.00146228
0.00146395
0.00145912
0.00144808
0.0014311
0.00140841
0.00138027
0.00134693
0.00130867
0.00126576
0.0012185
0.00116718
0.0011121
0.00105358
0.000991933
0.000927479
0.000860542
0.000791444
0.000720363
0.000647667
0.000573689
0.000498812
0.000423411
0.000347824
0.000272377
0.000197379
0.000123123
4.99007e-05
-2.20033e-05
-9.23161e-05
-0.000160778
-0.000227146
-0.000291189
-0.000352696
-0.000411457
-0.000467283
-0.000520006
-0.000569476
-0.000615562
-0.000658153
-0.000697159
-0.000732506
-0.000764142
-0.000792107
-0.000819321
-0.000847549
-0.000874145
-0.000897711
-0.000917536
-0.000933287
-0.000944843
-0.000952209
-0.000940943
-0.000907631
-0.000854598
-0.00078716
-0.000712212
-0.000634452
-0.000556455
-0.000479654
-0.000404864
-0.000332562
-0.000263047
-0.000196505
-0.000133064
-7.28159e-05
-1.58364e-05
3.78118e-05
8.80513e-05
0.00013484
0.000178156
0.00021799
0.000254337
0.000287213
0.000316637
0.000342619
0.000365184
0.000384367
0.000400216
0.00041279
0.000422161
0.000428412
0.000431635
0.00043193
0.000429405
0.000424174
0.00041636
0.000406092
0.000393507
0.000378744
0.000361952
0.000343282
0.000322888
0.000300872
0.000277369
0.000252514
0.000226459
0.000199372
0.000171423
0.000142773
0.000113579
8.39908e-05
5.41563e-05
2.42184e-05
-5.68412e-06
-3.54171e-05
-6.48514e-05
-9.38636e-05
-0.000122336
-0.000150158
-0.000177224
-0.000203436
-0.000228705
-0.000252946
-0.000276084
-0.000298049
-0.000318782
-0.000338229
-0.000356381
-0.000373195
-0.000388639
-0.000402686
-0.000415315
-0.000426518
-0.000436287
-0.000444624
-0.000451536
-0.000457036
-0.000461144
-0.000463886
-0.000465291
-0.000465396
-0.000464242
-0.000461875
-0.000458344
-0.000453704
-0.000448013
-0.000441332
-0.000433718
-0.000425228
-0.000415921
-0.000405857
-0.000395099
-0.0003837
-0.000371713
-0.000359183
-0.000346164
-0.000332727
-0.000318955
-0.000304925
-0.000290709
-0.000276374
-0.000261984
-0.0002476
-0.000233281
-0.000219084
-0.000205064
-0.000191273
-0.000177761
-0.000164574
-0.000151759
-0.000139356
-0.000127403
-0.000115938
-0.000104992
-9.45951e-05
-8.47736e-05
-7.55513e-05
-6.69514e-05
-5.89967e-05
-5.16971e-05
-4.50591e-05
-3.90881e-05
-3.37856e-05
-2.91514e-05
-2.5183e-05
-2.18753e-05
-1.92204e-05
-1.72082e-05
-1.58262e-05
-1.50598e-05
-1.4892e-05
-1.53059e-05
-1.6281e-05
-1.77956e-05
-1.98266e-05
-2.23496e-05
-2.53387e-05
-2.87671e-05
-3.2607e-05
-3.68294e-05
-4.14044e-05
-4.63014e-05
-5.15051e-05
-5.70006e-05
-6.27769e-05
-6.88134e-05
-7.50766e-05
-8.15228e-05
-8.81146e-05
-9.48187e-05
-0.000101604
-0.000108441
-0.000115302
-0.000122157
-0.000128981
-0.000135747
-0.000142429
-0.000149003
-0.000155447
-0.000161737
-0.000167853
-0.000173774
-0.000179483
-0.000184962
-0.000190196
-0.000195172
-0.000199875
-0.000204306
-0.000208451
-0.000212303
-0.000215857
-0.000219106
-0.000222047
-0.000224678
-0.000226996
-0.000229003
-0.000230699
-0.000232086
-0.000233168
-0.000233949
-0.000234437
-0.000234637
-0.000234558
-0.00023421
-0.000233602
-0.000232746
-0.000231653
-0.000230337
-0.00022881
-0.000227087
-0.000225182
-0.00022311
-0.000220883
-0.000218512
-0.000216007
-0.000213381
-0.000210645
-0.000219853
-0.00025497
-0.000305296
-0.000361277
-0.000417811
-0.000472202
-0.000523039
-0.000569614
-0.000611597
-0.000648868
-0.000681423
-0.000709324
-0.000732676
-0.000751611
-0.000766273
-0.000776822
-0.000783424
-0.000786254
-0.000785493
-0.000781326
-0.000773988
-0.000763664
-0.000750535
-0.000734793
-0.000716629
-0.000696228
-0.000673777
-0.000649465
-0.000623479
-0.000596007
-0.000567234
-0.000537342
-0.000506511
-0.00047492
-0.000442742
-0.000410147
-0.000377303
-0.000344369
-0.000311503
-0.000278852
-0.000246562
-0.000214768
-0.000183601
-0.00015318
-0.000123618
-9.50461e-05
-6.75763e-05
-4.13061e-05
-1.63245e-05
7.29002e-06
2.94695e-05
5.01561e-05
6.9301e-05
8.68649e-05
0.000102816
0.000117135
0.000129808
0.000140831
0.000150208
0.000157945
0.000164057
0.000168564
0.000171492
0.000172872
0.000172742
0.000171144
0.000168127
0.000163743
0.00015805
0.000151109
0.000142952
0.000133658
0.000123301
0.000111963
9.97164e-05
8.66385e-05
7.28088e-05
5.83089e-05
4.32215e-05
2.76303e-05
1.16193e-05
-4.72875e-06
-2.13317e-05
-3.81091e-05
-5.49822e-05
-7.18747e-05
-8.87127e-05
-0.000105425
-0.000121943
-0.000138203
-0.00015414
-0.000169695
-0.000184814
-0.000199442
-0.000213533
-0.000227067
-0.000239988
-0.000252244
-0.000293948
-0.000372045
-0.000478227
-0.000594645
-0.000711729
-0.000824389
-0.000929959
-0.00102709
-0.00111513
-0.00119383
-0.00126315
-0.00132318
-0.0013741
-0.00141611
-0.00144948
-0.00147447
-0.00149139
-0.00150055
-0.00150228
-0.00149691
-0.00148481
-0.00146632
-0.00144184
-0.00141175
-0.00137641
-0.00133624
-0.00129162
-0.00124294
-0.00119057
-0.00113492
-0.00107635
-0.00101527
-0.000952038
-0.000887039
-0.000820637
-0.000753191
-0.000685052
-0.000616559
-0.000548043
-0.000479821
-0.000412198
-0.000345463
-0.000279895
-0.000215754
-0.000153286
-9.27207e-05
-3.42703e-05
2.19122e-05
7.56325e-05
0.000126711
0.000175001
0.000220384
0.000262748
0.000301998
0.000338053
0.000370851
0.000400341
0.000426493
0.000449289
0.000468728
0.000484825
0.000497606
0.000507114
0.000513404
0.000516542
0.000516608
0.000513692
0.000507895
0.000499326
0.000488103
0.000474352
0.000458208
0.000439806
0.000419291
0.000396819
0.000372541
0.000346615
0.000319194
0.000290435
0.000260493
0.000229525
0.000197687
0.000165135
0.000132026
9.85137e-05
6.47496e-05
3.08822e-05
-2.94418e-06
-3.65896e-05
-6.99191e-05
-0.000102803
-0.000135118
-0.000166747
-0.000197578
-0.000227507
-0.000256439
-0.000284282
-0.000310983
-0.000336457
-0.000360622
-0.000383413
-0.000404784
-0.0004247
-0.000443129
-0.000460044
-0.000475423
-0.000489249
-0.000501516
-0.00051222
-0.000521367
-0.000528968
-0.000535041
-0.00053961
-0.000542704
-0.000544359
-0.000544615
-0.000543517
-0.000541114
-0.000537462
-0.000532618
-0.000526642
-0.000519599
-0.000511556
-0.00050258
-0.000492741
-0.000482106
-0.000470744
-0.000458718
-0.000446093
-0.000432936
-0.000419313
-0.00040529
-0.000390934
-0.000376312
-0.000361487
-0.000346522
-0.000331481
-0.000316425
-0.000301414
-0.000286506
-0.000271756
-0.000257219
-0.000242946
-0.000228987
-0.000215388
-0.000202194
-0.000189446
-0.000177171
-0.000165414
-0.00015422
-0.000143623
-0.000133641
-0.000124283
-0.000115561
-0.000107487
-0.000100071
-9.33236e-05
-8.72492e-05
-8.18514e-05
-7.71303e-05
-7.30834e-05
-6.9705e-05
-6.69871e-05
-6.49188e-05
-6.34867e-05
-6.26749e-05
-6.24656e-05
-6.28386e-05
-6.37742e-05
-6.52522e-05
-6.72513e-05
-6.97488e-05
-7.27193e-05
-7.61374e-05
-7.99757e-05
-8.42142e-05
-8.88305e-05
-9.38023e-05
-9.91053e-05
-0.000104715
-0.000110606
-0.000116751
-0.000123124
-0.000129698
-0.000136444
-0.000143337
-0.000150347
-0.000157448
-0.000164611
-0.000171811
-0.00017902
-0.000186213
-0.000193365
-0.00020045
-0.000207446
-0.000214331
-0.000221082
-0.000227688
-0.000234118
-0.000240342
-0.000246339
-0.000252098
-0.00025762
-0.000262904
-0.000267945
-0.000272738
-0.000277276
-0.000281552
-0.000285564
-0.000289306
-0.000292777
-0.000295977
-0.000298906
-0.000301563
-0.000303526
-0.000305017
-0.000306155
-0.000307002
-0.000307596
-0.000307956
-0.000308095
-0.000308024
-0.00030775
-0.000307284
-0.000306632
-0.00030579
-0.000304757
-0.000303532
-0.000302117
-0.000300515
-0.000298729
-0.000296762
-0.00029462
-0.000292308
-0.000289833
-0.000287204
-0.000284428
-0.000281514
-0.000278473
-0.000275315
-0.000272051
-0.000268692
-0.000265255
-0.000261753
-0.000258203
-0.000254622
-0.000251025
-0.000247424
-0.000243841
-0.000240296
-0.000236805
-0.000233373
-0.000230008
-0.000226718
-0.000223513
-0.000220404
-0.000217401
-0.000214513
-0.000211748
-0.000209113
-0.000206617
-0.000204264
-0.000202059
-0.000200008
-0.000198113
-0.000196376
-0.000194799
-0.000193383
-0.000192128
-0.000191032
-0.000190095
-0.000189314
-0.000188683
-0.000188198
-0.000187855
-0.000187645
-0.000187563
-0.0001876
-0.000187749
-0.000188001
-0.000188348
-0.00018878
-0.000189287
-0.00018986
-0.000190488
-0.000191161
-0.000191869
-0.000192613
-0.000193401
-0.000194237
-0.000195131
-0.000196086
-0.000197109
-0.000198203
-0.000199371
-0.000200617
-0.00020194
-0.000203344
-0.000204817
-0.000206347
-0.000207926
-0.000209559
-0.000211256
-0.000213025
-0.000214871
-0.000216791
-0.000218784
-0.000220844
-0.000222967
-0.000225148
-0.000227382
-0.000229662
-0.000231985
-0.000234343
-0.000236733
-0.000239148
-0.000241584
-0.000244036
-0.000246498
-0.000248967
-0.000251439
-0.000253908
-0.000256373
-0.000258837
-0.000261298
-0.000263752
-0.000266195
-0.000268596
-0.00027093
-0.000273175
-0.000275317
-0.00027733
-0.00027919
-0.000280877
-0.000282373
-0.000283665
-0.000284741
-0.000285594
-0.000286223
-0.000286632
-0.000286825
-0.000286809
-0.000286594
-0.000286187
-0.0002856
-0.000284842
-0.000283924
-0.000282857
-0.000281656
-0.000280339
-0.000278917
-0.000277395
-0.000275779
-0.000274081
-0.000272311
-0.00027048
-0.0002686
-0.000266683
-0.000264739
-0.00026278
-0.000260816
-0.000258856
-0.000256909
-0.000254985
-0.000253093
-0.000251239
-0.000249432
-0.000247679
-0.000245987
-0.000244361
-0.000242808
-0.000241333
-0.000239937
-0.000238626
-0.000237402
-0.000236268
-0.000235224
-0.000234273
-0.000233414
-0.000232647
-0.000231973
-0.000231389
-0.000230893
-0.000230483
-0.000230156
-0.000229909
-0.000229736
-0.000229634
-0.000229598
-0.000229627
-0.000229725
-0.000229887
-0.000230121
-0.000230433
-0.000230832
-0.000231324
-0.000231911
-0.000232597
-0.000233718
-0.000235747
-0.000238236
-0.000240946
-0.000243746
-0.000246564
-0.00024936
-0.000252108
-0.000254796
-0.000257414
-0.000259953
-0.000262406
-0.00026477
-0.00026704
-0.000269215
-0.000271292
-0.00027327
-0.000275147
-0.000276922
-0.000278593
-0.000280154
-0.000281602
-0.000282934
-0.000284148
-0.000285246
-0.000286231
-0.000287103
-0.000287843
-0.00028844
-0.000288883
-0.000289165
-0.000289278
-0.000289217
-0.000288978
-0.000288558
-0.000287953
-0.000287164
-0.000286191
-0.000285035
-0.000283698
-0.000282184
-0.000280497
-0.000278643
-0.000276627
-0.000274457
-0.000272159
-0.000269764
-0.000267309
-0.000264828
-0.000262353
-0.000259932
-0.0002576
-0.000279043
-0.000326029
-0.000386121
-0.000450598
-0.00051479
-0.000576224
-0.000633621
-0.000686341
-0.000734091
-0.000776686
-0.000814151
-0.000846565
-0.000874043
-0.000896718
-0.000914741
-0.000928275
-0.000937488
-0.000942559
-0.000943674
-0.000941021
-0.000934797
-0.000925202
-0.000912435
-0.000896703
-0.000878213
-0.000857199
-0.000833884
-0.000808481
-0.000781205
-0.000752271
-0.000721892
-0.000690276
-0.000657632
-0.000624161
-0.00059006
-0.000555524
-0.000520737
-0.00048588
-0.000451128
-0.000416645
-0.00038259
-0.000349115
-0.000316362
-0.000284465
-0.000253549
-0.000223731
-0.000195118
