-4.71516e-06
-2.11265e-05
-5.19567e-05
-9.74775e-05
-0.00015711
-0.000229962
-0.000314988
-0.000411073
-0.000517074
-0.000631843
-0.000754245
-0.000883168
-0.00101753
-0.00115628
-0.00129839
-0.00144287
-0.00158879
-0.00173524
-0.00188135
-0.00202631
-0.00216934
-0.00230971
-0.00244675
-0.00257983
-0.00270838
-0.00283185
-0.00294977
-0.00306172
-0.0031673
-0.0032662
-0.00335812
-0.00344284
-0.00352015
-0.00358991
-0.003652
-0.00370636
-0.00375296
-0.00379181
-0.00382294
-0.00384644
-0.00386241
-0.00387098
-0.00387234
-0.00386666
-0.00385418
-0.00383513
-0.00380978
-0.00377841
-0.0037413
-0.00369878
-0.00365118
-0.00359884
-0.00354211
-0.00348137
-0.00341698
-0.00334933
-0.00327879
-0.00320574
-0.00313056
-0.00305363
-0.00297533
-0.00289603
-0.00281608
-0.00273584
-0.00265567
-0.00257589
-0.00249682
-0.00241879
-0.00234209
-0.00226701
-0.0021938
-0.00212274
-0.00205406
-0.00198797
-0.00192469
-0.0018644
-0.00180729
-0.00175351
-0.00170319
-0.00165646
-0.00161342
-0.00157414
-0.0015387
-0.00150712
-0.00147945
-0.00145568
-0.00143581
-0.00141981
-0.00140765
-0.00139926
-0.00139458
-0.00139352
-0.00139599
-0.00140187
-0.00141105
-0.00142339
-0.00143875
-0.00145698
-0.00147791
-0.00150139
-0.00152724
-0.00155527
-0.00158531
-0.00161716
-0.00165064
-0.00168555
-0.00172169
-0.00175888
-0.00179691
-0.0018356
-0.00187476
-0.0019142
-0.00195374
-0.0019932
-0.00203242
-0.00207124
-0.00210949
-0.00214703
-0.00218373
-0.00221943
-0.00225404
-0.00228742
-0.00231948
-0.00235011
-0.00237925
-0.0024068
-0.00243271
-0.00245691
-0.00247937
-0.00250005
-0.00251893
-0.00253597
-0.00255118
-0.00256456
-0.00257611
-0.00258584
-0.00259379
-0.00259998
-0.00260444
-0.00260723
-0.00260838
-0.00260796
-0.00260602
-0.00260264
-0.00259786
-0.00259178
-0.00258445
-0.00257597
-0.00256641
-0.00255584
-0.00254435
-0.00253204
-0.00251901
-0.00250544
-0.00249147
-0.00247721
-0.00246276
-0.00244818
-0.00243355
-0.00241893
-0.00240439
-0.00239
-0.0023758
-0.00236186
-0.00234822
-0.00233494
-0.00232207
-0.00230965
-0.00229772
-0.00228633
-0.0022755
-0.00226527
-0.00225567
-0.00224673
-0.00223847
-0.00223091
-0.00222407
-0.00221797
-0.0022126
-0.00220799
-0.00220414
-0.00220104
-0.00219869
-0.00219708
-0.00219622
-0.00219608
-0.00219665
-0.00219792
-0.00219986
-0.00220245
-0.00220567
-0.00220949
-0.00221388
-0.00221882
-0.00222427
-0.00223019
-0.00223656
-0.00224334
-0.00225048
-0.00225797
-0.00226575
-0.00227381
-0.00228214
-0.00229075
-0.00229961
-0.00230868
-0.00231794
-0.00232733
-0.00233681
-0.00234628
-0.00235552
-0.00236433
-0.00237254
-0.00238004
-0.00238677
-0.00239273
-0.00239791
-0.00240233
-0.00240602
-0.002409
-0.00241129
-0.00241294
-0.00241397
-0.00241441
-0.0024143
-0.00241368
-0.00241256
-0.002411
-0.00240901
-0.00240665
-0.00240395
-0.00240093
-0.00239763
-0.00239409
-0.00239034
-0.00238642
-0.00238236
-0.00237818
-0.00237393
-0.00236963
-0.00236531
-0.002361
-0.00235674
-0.00235253
-0.00234842
-0.00234442
-0.00234056
-0.00233686
-0.00233333
-0.00233
-0.00232688
-0.00232399
-0.00232134
-0.00231895
-0.00231682
-0.00231496
-0.00231339
-0.00231211
-0.00231112
-0.00231043
-0.00231004
-0.00230995
-0.00231015
-0.00231065
-0.00231145
-0.00231253
-0.00231389
-0.00231553
-0.00231743
-0.00231959
-0.002322
-0.00232465
-0.00232752
-0.0023306
-0.00233389
-0.00233736
-0.00234101
-0.00234482
-0.00234877
-0.00235286
-0.00235707
-0.00236139
-0.00236579
-0.00237027
-0.00237481
-0.0023794
-0.00238403
-0.00238868
-0.00239333
-0.00239798
-0.00240261
-0.00240721
-0.00241177
-0.00241628
-0.00242072
-0.0024251
-0.00242939
-0.0024336
-0.00243771
-0.00244171
-0.00244561
-0.00244938
-0.00245304
-0.00245657
-0.00245996
-0.00246322
-0.00246634
-0.00246932
-0.00247215
-0.00247484
-0.00247739
-0.0024798
-0.00248206
-0.00248418
-0.00248616
-0.00248801
-0.00248972
-0.0024913
-0.00249275
-0.00249409
-0.0024953
-0.00249641
-0.00249741
-0.0024983
-0.00249911
-0.00249982
-0.00250045
-0.002501
-0.00250149
-0.00250191
-0.00250227
-0.00250258
-0.00250286
-0.00250309
-0.0025033
-0.00250348
-0.00250364
-0.0025038
-0.00250395
-0.0025041
-0.00250426
-0.00250443
-0.00250462
-0.00250483
-0.00250507
-0.00250534
-0.00250564
-0.00250599
-0.00250638
-0.00250682
-0.00250731
-0.00250785
-0.00250845
-0.00250911
-0.00250983
-0.00251061
-0.00251146
-0.00251237
-0.00251336
-0.00251441
-0.00251552
-0.00251671
-0.00251797
-0.00251929
-0.00252068
-0.00252214
-0.00252366
-0.00252525
-0.0025269
-0.0025286
-0.00253037
-0.00253219
-0.00253407
-0.00253599
-0.00253797
-0.00253999
-0.00254205
-0.00254416
-0.0025463
-0.00254847
-0.00255068
-0.00255291
-0.00255517
-0.00255745
-0.00255975
-0.00256206
-0.00256439
-0.00256673
-0.00256907
-0.00257141
-0.00257376
-0.0025761
-0.00257844
-0.00258077
-0.0025831
-0.00258541
-0.0025877
-0.00258998
-0.00259224
-0.00259448
-0.0025967
-0.0025989
-0.00260107
-0.00260322
-0.00260534
-0.00260749
-0.00260987
-0.00261267
-0.002616
-0.0026199
-0.00262435
-0.00262932
-0.00263479
-0.00264069
-0.00264699
-0.00265365
-0.0026606
-0.00266781
-0.00267523
-0.00268282
-0.00269054
-0.00269834
-0.00270619
-0.00271404
-0.00272188
-0.00272966
-0.00273734
-0.00274491
-0.00275234
-0.0027596
-0.00276666
-0.00277351
-0.00278013
-0.00278649
-0.00279259
-0.00279841
-0.00280393
-0.00280915
-0.00281406
-0.00281864
-0.00282291
-0.00282685
-0.00283045
-0.00283373
-0.00283669
-0.00283931
-0.00284162
-0.00284361
-0.0028453
-0.00284668
-0.00284777
-0.00284859
-0.00284913
-0.00284942
-0.00284946
-0.00284928
-0.00284888
-0.00284828
-0.0028475
-0.00284656
-0.00284546
-0.00284422
-0.00284287
-0.00284141
-0.00283987
-0.00283826
-0.0028366
-0.0028349
-0.00283318
-0.00283145
-0.00282973
-0.00282803
-0.00282637
-0.00282476
-0.00282322
-0.00282175
-0.00282036
-0.00281908
-0.0028179
-0.00281685
-0.00281591
-0.00281512
-0.00281446
-0.00281395
-0.0028136
-0.0028134
-0.00281337
-0.0028135
-0.0028138
-0.00281426
-0.0028149
-0.0028157
-0.00281667
-0.00281781
-0.00281911
-0.00282057
-0.00282219
-0.00282396
-0.00282588
-0.00282795
-0.00283015
-0.00283248
-0.00283495
-0.00283768
-0.00284101
-0.00284526
-0.00285062
-0.00285715
-0.00286483
-0.00287361
-0.00288339
-0.0028941
-0.00290565
-0.00291793
-0.00293086
-0.00294435
-0.0029583
-0.00297263
-0.00298725
-0.00300208
-0.00301704
-0.00303205
-0.00304705
-0.00306196
-0.00307671
-0.00309125
-0.00310552
-0.00311946
-0.00313303
-0.00314616
-0.00315884
-0.00317101
-0.00318263
-0.00319369
-0.00320415
-0.00321398
-0.00322318
-0.00323172
-0.00323959
-0.00324678
-0.00325329
-0.00325911
-0.00326425
-0.00326871
-0.0032725
-0.00327562
-0.0032781
-0.00327995
-0.00328118
-0.00328181
-0.00328187
-0.00328139
-0.00328037
-0.00327887
-0.00327689
-0.00327447
-0.00327165
-0.00326845
-0.0032649
-0.00326105
-0.00325691
-0.00325254
-0.00324795
-0.00324318
-0.00323827
-0.00323324
-0.00322814
-0.00322299
-0.00321782
-0.00321267
-0.00320756
-0.00320253
-0.00319759
-0.00319278
-0.00318812
-0.00318363
-0.00317933
-0.00317525
-0.0031714
-0.00316781
-0.00316448
-0.00316143
-0.00315868
-0.00315623
-0.00315409
-0.00315228
-0.00315079
-0.00314964
-0.00314882
-0.00314834
-0.0031482
-0.0031484
-0.00314893
-0.0031498
-0.00315099
-0.0031525
-0.00315432
-0.00315644
-0.00315886
-0.00316157
-0.00316454
-0.00316778
-0.00317126
-0.00317498
-0.00317893
-0.00318307
-0.00318741
-0.00319193
-0.00319661
-0.00320143
-0.00320638
-0.00321145
-0.00321662
-0.00322187
-0.00322719
-0.00323256
-0.00323798
-0.00324341
-0.00324886
-0.0032543
-0.00325972
-0.00326511
-0.00327046
-0.00327576
-0.00328099
-0.00328615
-0.00329122
-0.00329619
-0.00330107
-0.00330583
-0.00331048
-0.003315
-0.0033194
-0.00332366
-0.00332778
-0.00333176
-0.0033356
-0.00333929
-0.00334283
-0.00334622
-0.00334946
-0.00335255
-0.00335549
-0.00335828
-0.00336092
-0.00336342
-0.00336578
-0.00336801
-0.00337009
-0.00337205
-0.00337389
-0.0033756
-0.0033772
-0.00337869
-0.00338007
-0.00338136
-0.00338256
-0.00338368
-0.00338471
-0.00338568
-0.00338658
-0.00338743
-0.00338822
-0.00338898
-0.00338969
-0.00339037
-0.00339103
-0.00339167
-0.0033923
-0.00339293
-0.00339356
-0.00339419
-0.00339484
-0.0033955
-0.00339618
-0.0033969
-0.00339764
-0.00339842
-0.00339924
-0.00340011
-0.00340102
-0.00340198
-0.003403
-0.00340408
-0.00340522
-0.00340642
-0.00340768
-0.00340901
-0.00341041
-0.00341188
-0.00341342
-0.00341503
-0.00341671
-0.00341846
-0.00342029
-0.00342219
-0.00342416
-0.0034262
-0.0034283
-0.00343048
-0.00343273
-0.00343503
-0.00343741
-0.00343984
-0.00344233
-0.00344488
-0.00344748
-0.00345014
-0.00345284
-0.00345559
-0.00345839
-0.00346122
-0.0034641
-0.00346701
-0.00346995
-0.00347292
-0.00347593
-0.00347895
-0.00348199
-0.00348505
-0.00348812
-0.00349119
-0.00349427
-0.00349735
-0.00350043
-0.00350351
-0.00350658
-0.00350965
-0.00351271
-0.00351577
-0.00351881
-0.00352184
-0.00352485
-0.00352785
-0.00353082
-0.00353378
-0.00353671
-0.00353963
-0.00354251
-0.00354537
-0.0035482
-0.003551
-0.00355377
-0.0035565
-0.00355921
-0.00356188
-0.00356451
-0.00356711
-0.00356968
-0.0035722
-0.0035747
-0.00357715
-0.00357957
-0.00358196
-0.00358431
-0.00358663
-0.00358891
-0.00359116
-0.00359338
-0.00359557
-0.00359773
-0.00359986
-0.00360197
-0.00360404
-0.0036061
-0.00360813
-0.00361014
-0.00361213
-0.0036141
-0.00361606
-0.003618
-0.00361993
-0.00362184
-0.00362375
-0.00362565
-0.00362754
-0.00362942
-0.0036313
-0.00363318
-0.00363505
-0.00363693
-0.00363881
-0.00364069
-0.00364257
-0.00364445
-0.00364634
-0.00364824
-0.00365014
-0.00365205
-0.00365396
-0.00365589
-0.00365782
-0.00365976
-0.0036617
-0.00366366
-0.00366562
-0.0036676
-0.00366959
-0.00367159
-0.0036736
-0.00367563
-0.00367767
-0.00367972
-0.0036818
-0.00368388
-0.00368599
-0.00368811
-0.00369025
-0.00369241
-0.00369458
-0.00369678
-0.003699
-0.00370124
-0.0037035
-0.00370579
-0.0037081
-0.00371043
-0.00371279
-0.00371516
-0.00371757
-0.00372
-0.00372245
-0.00372493
-0.00372743
-0.00372996
-0.00373251
-0.00373508
-0.00373768
-0.00374031
-0.00374296
-0.00374563
-0.00374833
-0.00375105
-0.00375379
-0.00375656
-0.00375934
-0.00376214
-0.00376496
-0.00376779
-0.00377063
-0.00377348
-0.00377634
-0.0037792
-0.00378207
-0.00378494
-0.00378781
-0.00379067
-0.00379353
-0.00379638
-0.00379922
-0.00380206
-0.00380488
-0.00380769
-0.00381049
-0.00381327
-0.00381603
-0.00381878
-0.00382152
-0.00382423
-0.00382692
-0.0038296
-0.00383226
-0.0038349
-0.00383751
-0.00384011
-0.00384269
-0.00384525
-0.00384779
-0.00385031
-0.00385282
-0.0038553
-0.00385777
-0.00386022
-0.00386266
-0.00386508
-0.00386748
-0.00386988
-0.00387226
-0.00387463
-0.00387698
-0.00387933
-0.00388167
-0.003884
-0.00388632
-0.00388864
-0.00389095
-0.00389326
-0.00389556
-0.00389786
-0.00390016
-0.00390246
-0.00390475
-0.00390705
-0.00390935
-0.00391164
-0.00391394
-0.00391625
-0.00391855
-0.00392086
-0.00392318
-0.0039255
-0.00392783
-0.00393018
-0.00393255
-0.00393495
-0.00393737
-0.00393982
-0.0039423
-0.00394481
-0.00394734
-0.0039499
-0.00395249
-0.0039551
-0.00395774
-0.0039604
-0.00396308
-0.00396578
-0.0039685
-0.00397125
-0.00397401
-0.00397678
-0.00397958
-0.00398239
-0.00398521
-0.00398805
-0.00399089
-0.00399375
-0.00399662
-0.00399949
-0.00400237
-0.00400526
-0.00400815
-0.00401104
-0.00401393
-0.00401682
-0.00401971
-0.00402259
-0.00402547
-0.00402834
-0.00403119
-0.00403404
-0.00403687
-0.00403968
-0.00404248
-0.00404525
-0.00404801
-0.00405074
-0.00405345
-0.00405614
-0.0040588
-0.00406143
-0.00406404
-0.00406663
-0.00406931
-0.00407234
-0.0040759
-0.00408008
-0.00408491
-0.00409037
-0.00409642
-0.00410302
-0.00411012
-0.00411767
-0.00412563
-0.00413393
-0.00414253
-0.00415139
-0.00416044
-0.00416966
-0.00417899
-0.00418839
-0.00419782
-0.00420724
-0.00421662
-0.00422592
-0.00423511
-0.00424415
-0.00425303
-0.00426171
-0.00427016
-0.00427837
-0.00428632
-0.00429399
-0.00430136
-0.00430842
-0.00431516
-0.00432157
-0.00432764
-0.00433337
-0.00433875
-0.00434378
-0.00434847
-0.00435281
-0.0043568
-0.00436046
-0.00436379
-0.00436679
-0.00436948
-0.00437187
-0.00437396
