0.000875875
0.00214638
0.00346608
0.00472679
0.00589568
0.00696114
0.00791988
0.00877354
0.00952288
0.0101689
0.0107138
0.0111628
0.0115194
0.0117854
0.0119635
0.0120593
0.0120766
0.0120201
0.0118951
0.0117067
0.0114605
0.0111622
0.0108175
0.0104322
0.0100121
0.0095626
0.00908956
0.00859841
0.00809432
0.00758228
0.0070664
0.00655016
0.00603514
0.00552359
0.00501742
0.00451832
0.00402766
0.0035466
0.00307609
0.0026171
0.00217054
0.00173724
0.00131787
0.000912903
0.000522587
0.000146895
-0.000214493
-0.000562187
-0.000897069
-0.00122026
-0.00152391
-0.00180764
-0.00207115
-0.00231428
-0.002537
-0.00273934
-0.00292136
-0.0030832
-0.00322505
-0.00334714
-0.00344971
-0.00353308
-0.00359755
-0.00364347
-0.00367122
-0.0036812
-0.00367385
-0.00364964
-0.00360904
-0.00355255
-0.00348069
-0.003394
-0.003293
-0.00317826
-0.00305034
-0.00290398
-0.00274097
-0.00256305
-0.00237193
-0.00216944
-0.00195698
-0.00173609
-0.00150823
-0.0012748
-0.00103715
-0.000796554
-0.000554218
-0.000311297
-6.88815e-05
0.000172001
0.000410395
0.000645265
0.000875581
0.00110033
0.00131852
0.00152915
0.00173125
0.00192387
0.0021056
0.00227524
0.00243261
0.00257674
0.0027066
0.00282144
0.00292066
0.00300385
0.00307074
0.00312118
0.00315513
0.00317267
0.00317402
0.0031595
0.00312955
0.00308469
0.00302558
0.00295292
0.00286753
0.00277029
0.0026621
0.00254394
0.00241676
0.00228159
0.00213943
0.00199133
0.00183832
0.00168242
0.00152445
0.00136579
0.00120728
0.00104957
0.000893178
0.000738705
0.000586731
0.000437802
0.000292418
0.000151037
1.4066e-05
-0.000118137
-0.000245264
-0.000367052
-0.000483278
-0.000593773
-0.00069842
-0.000797386
-0.000890777
-0.000978759
-0.00106154
-0.00113939
-0.00121261
-0.00128156
-0.00134554
-0.00140422
-0.00145323
-0.00149248
-0.001525
-0.00155242
-0.00157564
-0.00159519
-0.00161141
-0.00162449
-0.00163461
-0.00164187
-0.00164638
-0.00164823
-0.00164751
-0.00164427
-0.00163861
-0.00163058
-0.00162024
-0.00160766
-0.00159289
-0.00157599
-0.001557
-0.00153597
-0.00151294
-0.00148685
-0.00145794
-0.00142603
-0.00139157
-0.00135514
-0.00131717
-0.00127799
-0.00123783
-0.00119681
-0.00115511
-0.00111295
-0.00107057
-0.00102822
-0.000986136
-0.000944568
-0.000903752
-0.000864011
-0.000825632
-0.00078888
-0.000753992
-0.000721182
-0.000690639
-0.000662524
-0.000636974
-0.000614099
-0.000593576
-0.000573489
-0.0005527
-0.000533075
-0.000515617
-0.000500837
-0.000488968
-0.000480084
-0.000474145
-0.000480675
-0.000501859
-0.000536111
-0.000579888
-0.000628628
-0.000679254
-0.000730109
-0.000780299
-0.000829336
-0.000876947
-0.000922974
-0.000967316
-0.00100985
-0.00105048
-0.00108912
-0.00112569
-0.00115992
-0.0011918
-0.00122133
-0.0012485
-0.00127327
-0.00129569
-0.00131577
-0.00133344
-0.0013487
-0.00136156
-0.00137206
-0.00138024
-0.00138616
-0.00138989
-0.00139153
-0.00139116
-0.00138888
-0.00138479
-0.00137898
-0.00137157
-0.00136267
-0.0013524
-0.0013409
-0.00132831
-0.00131477
-0.0013
-0.00128409
-0.00126715
-0.00124928
-0.0012306
-0.00121124
-0.0011913
-0.00117092
-0.0011502
-0.00112927
-0.00110823
-0.0010872
-0.00106627
-0.00104556
-0.00102515
-0.00100515
-0.000985628
-0.000966679
-0.000948376
-0.000930788
-0.000913979
-0.000898004
-0.000882915
-0.000868754
-0.000855559
-0.000843067
-0.000831329
-0.000820391
-0.000810293
-0.000801083
-0.000792772
-0.000785384
-0.000778937
-0.000773442
-0.000768907
-0.000765331
-0.00076271
-0.000761031
-0.000760278
-0.00076043
-0.000761459
-0.000763332
-0.000766012
-0.000769453
-0.000773608
-0.000778428
-0.000783864
-0.000789865
-0.000796382
-0.000803365
-0.000810836
-0.000818745
-0.000827048
-0.0008357
-0.000844652
-0.000853853
-0.000863248
-0.000872786
-0.00088242
-0.000892102
-0.00090179
-0.00091144
-0.000921012
-0.000930467
-0.000939769
-0.000948883
-0.000957777
-0.000966418
-0.000974779
-0.000982833
-0.000990555
-0.000997925
-0.00100492
-0.00101153
-0.00101772
-0.00102348
-0.00102878
-0.00103363
-0.00103804
-0.00104199
-0.00104549
-0.00104856
-0.0010512
-0.00105342
-0.00105522
-0.00105662
-0.00105762
-0.00105824
-0.0010585
-0.0010584
-0.00105795
-0.00105719
-0.00105611
-0.00105474
-0.00105309
-0.00105118
-0.00104903
-0.00104666
-0.00104409
-0.00104134
-0.00103835
-0.00103512
-0.00103166
-0.00102797
-0.00102408
-0.00102002
-0.00101582
-0.0010115
-0.00100709
-0.00100261
-0.000998079
-0.000993516
-0.000988943
-0.000984383
-0.000979854
-0.000975376
-0.000970967
-0.000966646
-0.00096243
-0.000958335
-0.000954376
-0.000950567
-0.000946922
-0.000943452
-0.000940168
-0.000937008
-0.000933977
-0.000931094
-0.000928367
-0.00092581
-0.000923427
-0.000921224
-0.000919208
-0.000917385
-0.000915757
-0.000914328
-0.0009131
-0.000912075
-0.00091125
-0.000910626
-0.000910201
-0.00090997
-0.00090993
-0.000910073
-0.000910394
-0.000910883
-0.000911531
-0.000912329
-0.000913265
-0.000914329
-0.000915534
-0.000916849
-0.000918245
-0.000919694
-0.000921183
-0.000921266
-0.000908604
-0.000888044
-0.000864521
-0.000840703
-0.000818006
-0.000797189
-0.000778639
-0.000762536
-0.000748947
-0.000737874
-0.00072928
-0.000723083
-0.000719188
-0.000717487
-0.000717864
-0.000720197
-0.000724362
-0.000730229
-0.000737665
-0.000746198
-0.000755783
-0.00076638
-0.000777893
-0.000790264
-0.000803478
-0.000817496
-0.000832277
-0.000847781
-0.000863964
-0.000880782
-0.000898186
-0.000916128
-0.000934553
-0.000953403
-0.000972614
-0.00099212
-0.00101185
-0.00103175
-0.00105173
-0.00107174
-0.00109171
-0.00111158
-0.0011313
-0.00115084
-0.00116995
-0.00118852
-0.00120648
-0.00122374
-0.00124025
-0.00125595
-0.0012708
-0.00128477
-0.00129781
-0.00130991
-0.00132107
-0.00133127
-0.00134052
-0.00134881
-0.00135614
-0.0013625
-0.00136791
-0.00137235
-0.00137584
-0.00137838
-0.00137998
-0.00138068
-0.00138048
-0.00137942
-0.00137753
-0.00137459
-0.00137068
-0.0013659
-0.00136033
-0.00135406
-0.00134715
-0.00133968
-0.00133171
-0.00132331
-0.00131457
-0.00130557
-0.00129637
-0.00128706
-0.00127771
-0.0012684
-0.00125918
-0.00125014
-0.00124132
-0.00123279
-0.00122459
-0.00121676
-0.00120935
-0.00120237
-0.00119587
-0.00118986
-0.00118416
-0.00117887
-0.00117403
-0.00115372
-0.00111459
-0.00106112
-0.00100228
-0.000942967
-0.00088579
-0.000832144
-0.000782761
-0.000738013
-0.000698066
-0.000662966
-0.000632687
-0.000607154
-0.000586263
-0.000569884
-0.000557877
-0.000550086
-0.000546348
-0.000546495
-0.000550347
-0.000557702
-0.000568351
-0.00058203
-0.000598548
-0.000617711
-0.000639203
-0.000662801
-0.000688385
-0.000715788
-0.00074483
-0.000775325
-0.000807088
-0.000839932
-0.000873669
-0.000908113
-0.00094308
-0.000978387
-0.00101385
-0.0010493
-0.00108456
-0.00111948
-0.00115388
-0.00118763
-0.00122058
-0.00125261
-0.00128359
-0.00131342
-0.00134233
-0.00137017
-0.00139682
-0.00142218
-0.00144618
-0.00146873
-0.00148976
-0.00150921
-0.00152702
-0.00154314
-0.00155755
-0.00157021
-0.00158113
-0.00159028
-0.00159769
-0.00160335
-0.0016073
-0.00160957
-0.00161018
-0.0016092
-0.00160667
-0.00160265
-0.0015972
-0.00159039
-0.00158228
-0.00157294
-0.00156245
-0.00155096
-0.0015386
-0.00152546
-0.00151161
-0.00149709
-0.00148199
-0.00146637
-0.0014503
-0.00143388
-0.00141717
-0.00140028
-0.00138327
-0.00136624
-0.00134926
-0.00133242
-0.00131578
-0.00129942
-0.00128342
-0.00126782
-0.0012527
-0.0012381
-0.0012241
-0.00121071
-0.00119779
-0.00118538
-0.00117354
-0.00116232
-0.00115175
-0.00114186
-0.00113267
-0.00112422
-0.00111652
-0.00110958
-0.00110342
-0.00109804
-0.00109345
-0.00108964
-0.0010866
-0.00108433
-0.00108281
-0.00108202
-0.00108195
-0.00108256
-0.00108383
-0.00108572
-0.00108822
-0.00109128
-0.00109486
-0.00109893
-0.00110346
-0.00110842
-0.00111376
-0.00111942
-0.00112541
-0.00113167
-0.00113819
-0.00114494
-0.00115188
-0.00115897
-0.00116618
-0.00117349
-0.00118086
-0.00118826
-0.00119565
-0.00120302
-0.00121031
-0.00121752
-0.0012246
-0.00123153
-0.00123829
-0.00124485
-0.00125118
-0.00125727
-0.00126317
-0.00126887
-0.00127431
-0.00127949
-0.00128439
-0.001289
-0.00129331
-0.00129732
-0.00130101
-0.00130437
-0.0013074
-0.0013101
-0.00131246
-0.00131447
-0.00131615
-0.0013175
-0.00131851
-0.0013192
-0.00131957
-0.00131963
-0.00131939
-0.00131886
-0.00131805
-0.00131698
-0.00131565
-0.00131409
-0.0013123
-0.00131032
-0.00130815
-0.00130582
-0.00130332
-0.00130068
-0.00129789
-0.00129498
-0.00129194
-0.0012888
-0.00128558
-0.00128227
-0.00127891
-0.0012755
-0.00127206
-0.00126859
-0.00126513
-0.00126167
-0.00125824
-0.00125485
-0.0012515
-0.00124822
-0.00124502
-0.0012419
-0.00123882
-0.0012358
-0.00123286
-0.00123
-0.00122722
-0.00122454
-0.00122196
-0.00121948
-0.00121711
-0.00121486
-0.00121272
-0.00121071
-0.00120883
-0.00120708
-0.00120546
-0.00120397
-0.00120261
-0.0012016
-0.00120082
-0.00120021
-0.00119975
-0.00119942
-0.00119921
-0.00119911
-0.00119913
-0.00119925
-0.00119947
-0.0011998
-0.00120022
-0.00120074
-0.00120136
-0.00120207
-0.00120287
-0.00120377
-0.00120476
-0.00120583
-0.00120698
-0.00120821
-0.00120952
-0.00121089
-0.00121233
-0.00121382
-0.00121536
-0.00121695
-0.00121856
-0.00122021
-0.00122188
-0.00122355
-0.00122522
-0.00122689
-0.00122856
-0.00123025
-0.00123193
-0.0012336
-0.00123526
-0.00123689
-0.00123849
-0.00124006
-0.00124158
-0.00124306
-0.00124449
-0.00124585
-0.00124715
-0.00124839
-0.00124955
-0.00125064
-0.00125165
-0.00125258
-0.00125343
-0.0012542
-0.00125488
-0.00125548
-0.001256
-0.00125644
-0.0012568
-0.00125709
-0.00125732
-0.0012575
-0.00125761
-0.00125767
-0.00125768
-0.00125765
-0.00125756
-0.00125744
-0.00125728
-0.00125708
-0.00125685
-0.0012566
-0.00125633
-0.00125604
-0.00125573
-0.00125541
-0.00125506
-0.00125469
-0.00125428
-0.00125385
-0.00125339
-0.0012529
-0.00125238
-0.00125182
-0.00125122
-0.00125058
-0.00124989
-0.00124916
-0.00124838
-0.00124756
-0.0012467
-0.00124579
-0.00124485
-0.00124388
-0.00124287
-0.00124183
-0.00124076
-0.00123966
-0.00123855
-0.00123742
-0.00123627
-0.00123511
-0.00123395
-0.00123278
-0.00123161
-0.00123043
-0.00122927
-0.00122811
-0.00122696
-0.00122582
-0.0012247
-0.00122358
-0.00122246
-0.00122136
-0.00122029
-0.00121925
-0.00121825
-0.0012173
-0.0012164
-0.00121558
-0.00121483
-0.00121417
-0.00121359
-0.00121311
-0.00121272
-0.00121243
-0.00121223
-0.00121212
-0.0012121
-0.00121216
-0.00121229
-0.0012125
-0.00121277
-0.00121309
-0.00121349
-0.00121394
-0.00121445
-0.00121501
-0.00121561
-0.00121626
-0.00121695
-0.00121767
-0.00121843
-0.00121921
-0.00122002
-0.00122083
-0.00122166
-0.00122249
-0.00122332
-0.00122415
-0.00122496
-0.00122576
-0.00122655
-0.0012273
-0.00122804
-0.00122874
-0.00122941
-0.00123005
-0.00123065
-0.00123122
-0.00123177
-0.0012323
-0.00123279
-0.00123326
-0.00123369
-0.0012341
-0.00123447
-0.0012348
-0.00123511
-0.00123538
-0.00123561
-0.00123582
-0.00123599
-0.00123613
-0.00123624
-0.00123633
-0.00123639
-0.00123643
-0.00123644
-0.00123643
-0.00123639
-0.00123632
-0.00123621
-0.00123607
-0.00123587
-0.00123546
-0.00123462
-0.00123355
-0.00123235
-0.00123109
-0.00122981
-0.00122853
-0.00122727
-0.00122603
-0.00122483
-0.00122367
-0.00122255
-0.00122148
-0.00122045
-0.00121948
-0.00121856
-0.0012177
-0.00121689
-0.00121613
-0.00121544
-0.00121481
-0.00121424
-0.00121373
-0.00121329
-0.0012129
-0.00121256
-0.00121227
-0.00121205
-0.00121189
-0.0012118
-0.00121178
-0.00121182
-0.00121194
-0.00121213
-0.00121239
-0.00121272
-0.00121313
-0.00121361
-0.00121415
-0.00121477
-0.00121545
-0.0012162
-0.00121701
-0.00121787
-0.00121879
-0.00121974
-0.00122073
-0.00122172
-0.0012227
-0.00122369
-0.00122463
-0.00122548
-0.00121605
-0.00119573
-0.0011698
-0.00114193
-0.00111416
-0.00108754
-0.0010626
-0.00103957
-0.0010186
-0.000999807
-0.000983198
-0.00096876
-0.000956459
-0.000946247
-0.000938065
-0.000931848
-0.000927526
-0.000925021
-0.000924252
-0.000925135
-0.000927581
-0.000931499
-0.000936818
-0.000943439
-0.000951267
-0.000960131
-0.000969914
-0.000980558
-0.000991981
-0.0010041
-0.00101681
-0.00103003
-0.00104367
-0.00105764
-0.00107185
-0.00108622
-0.00110065
-0.00111506
-0.00112938
-0.00114353
-0.00115744
-0.00117104
-0.00118426
-0.00119705
-0.00120935
-0.00122111
-0.00123229
