0
0.00025524
0.000460535
0.000184375
-0.000612404
-0.00156174
-0.00286697
-0.0044249
-0.00559526
-0.00695614
-0.0085682
-0.00984386
-0.0108065
-0.011463
-0.0118305
-0.0117387
-0.011766
-0.0118466
-0.0119606
-0.0121072
-0.0122867
-0.0125001
-0.0127488
-0.013035
-0.0133992
-0.0138423
-0.0141766
-0.0144391
-0.0145953
-0.0146481
-0.014598
-0.0145418
-0.0145228
-0.0145098
-0.014501
-0.0144983
-0.0144907
-0.0144792
-0.0144647
-0.0144475
-0.014428
-0.0144065
-0.0143833
-0.0143586
-0.0143325
-0.0143052
-0.0142764
-0.0142462
-0.0142143
-0.0141802
-0.0141437
-0.0140994
-0.0140358
-0.0139624
-0.0138843
-0.0138044
-0.013726
-0.0136498
-0.0135765
-0.0135064
-0.0134397
-0.0133767
-0.0133179
-0.0132627
-0.0132112
-0.0131636
-0.0131199
-0.0130804
-0.0130452
-0.0130143
-0.0129865
-0.0129589
-0.0129317
-0.0129047
-0.0128781
-0.0128519
-0.0128298
-0.0127951
-0.0127501
-0.0126953
-0.0126296
-0.0125513
-0.0124581
-0.0123477
-0.0122175
-0.0120651
-0.0118878
-0.0116834
-0.0114494
-0.0111836
-0.0108837
-0.0106936
-0.0105976
-0.0105942
-0.0106817
-0.0108589
-0.0111245
-0.0114772
-0.0119064
-0.0123877
-0.012923
-0.0135112
-0.0141194
-0.0147398
-0.015369
-0.0160052
-0.0166478
-0.0172964
-0.017941
-0.0185871
-0.0192353
-0.0198861
-0.0205403
-0.0211985
-0.0218312
-0.0224965
-0.0231591
-0.0238228
-0.0244856
-0.0251484
-0.0258115
-0.0264753
-0.0271405
-0.0278076
-0.0284771
-0.0291496
-0.029827
-0.0301576
-0.030441
-0.0306593
-0.0307951
-0.0308397
-0.0307889
-0.0306413
-0.0303968
-0.0300564
-0.0296211
-0.0290926
-0.0284723
-0.0277618
-0.0269628
-0.0260766
-0.0251048
-0.024022
-0.0228574
-0.0216128
-0.020289
-0.0188866
-0.0174063
-0.0158488
-0.0142144
-0.0126914
-0.0111579
-0.00961559
-0.00806726
-0.00651694
-0.00496507
-0.0034113
-0.00185486
-0.000294787
0.00127
0.00284061
0.00441821
0.00600395
0.00759797
0.00920266
0.0108192
0.0124488
0.0140925
0.0157517
0.0174274
0.0191209
0.0208238
0.0225365
0.0242602
0.0259564
0.0272999
0.0284638
0.0295531
0.0305679
0.0315095
0.0323586
0.0331201
0.0337954
0.0343853
0.0348889
0.0353072
0.035642
0.0358954
0.0360698
0.0361676
0.0361598
0.0360813
0.0359338
0.0357186
0.0354372
0.0350907
0.0346803
0.0342082
0.0336746
0.0330789
0.0324289
0.0316921
0.0308813
0.030003
0.0290608
0.0280562
0.02699
0.0259518
0.0247863
0.0235831
0.0223425
0.0210639
0.0197467
0.0183913
0.0169966
0.0155615
0.0140845
0.0125643
0.0109997
0.0093843
0.00769376
0.00594167
0.00412616
0.00224578
0.000298897
-0.0017079
-0.00382512
-0.00603853
-0.00834477
-0.0107431
-0.0132339
-0.0154996
-0.0176624
-0.0197233
-0.0216845
-0.0235487
-0.0253192
-0.0270901
-0.0286558
-0.0301187
-0.0314892
-0.0327699
-0.033963
-0.0350711
-0.0360967
-0.0370425
-0.0379109
-0.0387042
-0.0394247
-0.0400749
-0.0406659
-0.0411702
-0.0415894
-0.041916
-0.0421796
-0.0423799
-0.0425186
-0.0425965
-0.0426142
-0.0425783
-0.0425023
-0.0423863
-0.0422302
-0.0420338
-0.0417968
-0.0415192
-0.0412005
-0.0408405
-0.0404389
-0.0399952
-0.0395092
-0.0389802
-0.038408
-0.0377919
-0.0371315
-0.0364292
-0.0356504
-0.0348028
-0.0338893
-0.0329096
-0.0318625
-0.0307455
-0.0295557
-0.0282902
-0.0269456
-0.0255187
-0.024006
-0.022404
-0.0207094
-0.0189185
-0.0170278
-0.0150336
-0.0129319
-0.0107181
-0.008684
-0.00673916
-0.00488077
-0.00310611
-0.00141256
0.000202445
0.00174937
0.00319876
0.00455874
0.00583274
0.00702352
0.00812901
0.00915739
0.0101104
0.0109893
0.0117951
0.0125286
0.0131905
0.0137814
0.0143019
0.0147524
0.0151332
0.0154566
0.0157103
0.0158953
0.0160117
0.0160597
0.0160412
0.0159662
0.0158346
0.0156465
0.015409
0.0150717
0.0146514
0.0141524
0.0135764
0.0129231
0.0121913
0.011379
0.0104836
0.00950269
0.00843339
0.00727282
0.006018
0.00476006
0.00336578
0.00189977
0.000358476
-0.00126169
-0.00296433
-0.0047531
-0.00663177
-0.00860422
-0.0106746
-0.0128478
-0.0148734
-0.016831
-0.0186972
-0.0204781
-0.022177
-0.0237967
-0.0253503
-0.0268409
-0.0282703
-0.0296402
-0.0309517
-0.0322061
-0.0334044
-0.0345476
-0.0356366
-0.0366724
-0.0376558
-0.0385875
-0.0394683
-0.0402989
-0.0410673
-0.0417756
-0.0424244
-0.0430142
-0.0435454
-0.0440186
-0.0445233
-0.0448494
-0.0450938
-0.0452607
-0.0453515
-0.045366
-0.045329
-0.0452385
-0.0450921
-0.0448874
-0.0446217
-0.0442927
-0.0438977
-0.043434
-0.0428993
-0.0422908
-0.0416061
-0.0408427
-0.0399982
-0.0390701
-0.038056
-0.0369535
-0.0357602
-0.0344734
-0.0330908
-0.0315682
-0.0300129
-0.0284284
-0.0268169
-0.0257569
-0.0250229
-0.024276
-0.0236005
-0.0230147
-0.0224994
-0.0220709
-0.0217319
-0.0214832
-0.0213255
-0.0212588
-0.0212831
-0.0213198
-0.0213573
-0.0213953
-0.0214336
-0.0214723
-0.0215113
-0.0215508
-0.0215907
-0.0216311
-0.021668
-0.0217241
-0.0216891
-0.0216145
-0.0214975
-0.0213505
-0.0211755
-0.0209737
-0.0207467
-0.0204964
-0.0202244
-0.0199328
-0.0196234
-0.0192981
-0.0189588
-0.0186071
-0.018245
-0.017874
-0.0174957
-0.0171117
-0.0167235
-0.0163325
-0.0159403
-0.0155481
-0.0151576
-0.0147735
-0.0143733
-0.0139698
-0.013567
-0.0131669
-0.0127705
-0.0123781
-0.0119898
-0.0116063
-0.0112203
-0.0108391
-0.0104654
-0.0100953
-0.00972874
-0.00936544
-0.00900525
-0.00864823
-0.00828754
-0.00792827
-0.00757027
-0.00721486
-0.00686011
-0.00650588
-0.00615196
-0.00579813
-0.00544375
-0.00507364
-0.00468923
-0.00450546
-0.00442093
-0.00442941
-0.00453536
-0.00474027
-0.00504398
-0.00544569
-0.00594425
-0.00653834
-0.00722661
-0.00800778
-0.00888067
-0.00984426
-0.0108978
-0.0120412
-0.0130284
-0.0139
-0.0146553
-0.0152931
-0.0158125
-0.0162123
-0.0164913
-0.0166264
-0.0167311
-0.0168909
-0.0170639
-0.0172484
-0.0174583
-0.0177117
-0.0179687
-0.0182263
-0.0184846
-0.0187522
-0.0190293
-0.019316
-0.0196124
-0.0199189
-0.0202356
-0.0205626
-0.0209
-0.0212481
-0.0216068
-0.0219393
-0.0222982
-0.0226572
-0.0230167
-0.0233767
-0.0237342
-0.0241122
-0.0242586
-0.024335
-0.0243591
-0.0243292
-0.0242442
-0.024104
-0.0239094
-0.0236613
-0.0233611
-0.0230098
-0.0226088
-0.0221594
-0.0216628
-0.02112
-0.0205323
-0.0199005
-0.0192255
-0.018508
-0.0177488
-0.0169485
-0.0161075
-0.0152264
-0.0143054
-0.013349
-0.0123351
-0.0113091
-0.0102725
-0.00923571
-0.00819931
-0.00716316
-0.00612684
-0.00508976
-0.00405125
-0.00301056
-0.00196695
-0.000919626
0.000132204
0.00118934
0.00225259
0.00332275
0.00440066
0.00548711
0.00658294
0.00768897
0.00876782
0.00987485
0.0109831
0.0120932
0.0132051
0.0139901
0.0147071
0.015349
0.0158994
0.0163497
0.0166973
0.0169403
0.0170791
0.0171151
0.0170987
0.0170318
0.0169161
0.0167533
0.0165452
0.0162935
0.0159995
0.0156647
0.0152904
0.0148776
0.0144275
0.013941
0.0134191
0.0128626
0.0122723
0.011655
0.0109862
0.0102694
0.00949893
0.00869184
0.00785035
0.0069748
0.00606492
0.00512012
0.0041396
0.00312244
0.00206759
0.000973965
-0.00015958
-0.00133425
-0.00255128
-0.00381198
-0.00511769
-0.00646983
-0.0078699
-0.0093195
-0.0108204
-0.0123747
-0.0139861
-0.0156061
-0.0172277
-0.0188788
-0.0205538
-0.0220115
-0.0233842
-0.0246629
-0.0258442
-0.0269275
-0.0279138
-0.0287929
-0.0295757
-0.0302688
-0.0308612
-0.0313564
-0.0317567
-0.0320765
-0.0323055
-0.0324486
-0.0325169
-0.0325119
-0.0324421
-0.0323091
-0.0321142
-0.0318589
-0.0315447
-0.0311786
-0.0307364
-0.0302229
-0.0296394
-0.0289882
-0.0282799
-0.0275153
-0.0266944
-0.025817
-0.0248826
-0.0238905
-0.02284
-0.0217303
-0.0205604
-0.0193293
-0.0180361
-0.0166794
-0.0152579
-0.0137701
-0.0122132
-0.0106566
-0.00910267
-0.00755037
-0.0059985
-0.00444588
-0.00289178
-0.00131841
-1.61402e-05
0.00121213
0.00235128
0.00339244
0.00433226
0.00517017
0.00590712
0.00654487
0.00708554
0.0075314
0.00788475
0.00814784
0.00832286
0.0084119
0.00841691
0.00834324
0.00819249
0.00796616
0.00766562
0.00729217
0.00684701
0.00633126
0.005746
0.00509964
0.00436231
0.00353873
0.00263325
0.00164725
0.00058904
-0.000537061
-0.00173105
-0.00299335
-0.00432467
-0.00572591
-0.00719811
-0.00874244
-0.0103602
-0.012053
-0.0137197
-0.0153999
-0.0170741
-0.0187433
-0.0204088
-0.022072
-0.0237341
-0.0253964
-0.0270601
-0.0287264
-0.0303933
-0.032085
-0.033503
-0.034846
-0.0361008
-0.0372592
-0.0383179
-0.039276
-0.0401343
-0.0408947
-0.0415592
-0.0421302
-0.0426101
-0.0430011
-0.0433057
-0.0435259
-0.0436638
-0.0437215
-0.0437111
-0.0436702
-0.0436003
-0.0435028
-0.0433793
-0.0432309
-0.0430591
-0.0428698
-0.0426405
-0.0423761
-0.0420771
-0.041754
-0.0414092
-0.0410433
-0.0406565
-0.0402486
-0.0398193
-0.0393681
-0.0388945
-0.038398
-0.037878
-0.0373338
-0.0367649
-0.0361705
-0.0355499
-0.0349023
-0.034227
-0.0335231
-0.03279
-0.0320266
-0.0312321
-0.0304057
-0.0295484
-0.0286306
-0.0276578
-0.0266317
-0.0255519
-0.0244162
-0.0232221
-0.0219663
-0.0206455
-0.0192559
-0.0177939
-0.0162554
-0.0146363
-0.0129312
-0.0113917
-0.00995186
-0.00860874
-0.00735967
-0.00620204
-0.0051334
-0.00415138
-0.00325374
-0.0024383
-0.00170296
-0.00104569
-0.000456825
3.42202e-05
0.000434787
0.000747657
0.000974853
0.00112636
0.00120797
0.0012207
0.00116814
0.00105049
0.000867841
0.000620142
0.000307264
-7.1e-05
-0.00051492
-0.00102483
-0.00160112
-0.00224424
-0.00295469
-0.00373304
-0.0045799
-0.00549596
-0.00648196
-0.00753869
-0.00866704
-0.00986011
-0.0111704
-0.0125811
-0.0139712
-0.0150503
-0.0160239
-0.016895
-0.0177553
-0.018397
-0.0188524
-0.0191906
-0.0194311
-0.0195562
-0.0195783
-0.0195335
-0.0194757
-0.019407
-0.0193293
-0.0192442
-0.0191536
-0.0190591
-0.0189624
-0.0188651
-0.0187687
-0.0186748
-0.0185883
-0.0184962
-0.0183983
-0.0182972
-0.0182007
-0.0181099
-0.0180256
-0.017948
-0.0178773
-0.0178136
-0.0177562
-0.0176992
-0.0176426
-0.0175863
-0.0175303
-0.0174745
-0.0174188
-0.0173633
-0.0173078
-0.0172523
-0.0171968
-0.0171412
-0.0170855
-0.0170296
-0.0169735
-0.0169189
-0.0168548
-0.0167835
-0.0167058
-0.0166212
-0.016528
-0.0164245
-0.0163084
-0.0161777
-0.0160298
-0.0158626
-0.0156736
-0.0154605
-0.015221
-0.0149529
-0.0146538
-0.014404
-0.0141952
-0.0139506
-0.0138104
-0.0137615
-0.0137958
-0.0138761
-0.0140023
-0.0141745
-0.0144007
-0.0146757
-0.0149765
-0.0152937
-0.0156189
-0.0159505
-0.0162879
-0.0166309
-0.0169793
-0.0173331
-0.0176933
-0.0180589
-0.0184306
-0.018809
-0.0191943
-0.0195868
-0.0199867
-0.0203945
-0.0208071
-0.0211933
-0.0216026
-0.0220091
-0.0224131
-0.022815
-0.0232149
-0.0236098
-0.024023
-0.0241976
-0.0243022
-0.0243212
-0.0242609
-0.0241182
-0.0238923
-0.0235835
-0.0231927
-0.022721
-0.0221698
-0.0215403
-0.0208338
-0.0200516
-0.0191948
-0.0182643
-0.0172609
-0.0161851
-0.0150363
-0.014057
-0.0132036
-0.012477
-0.0118783
-0.0114088
-0.0110866
-0.0107892
-0.0104552
-0.0101236
-0.00979445
-0.00944506
-0.0090946
-0.00874366
-0.00836603
-0.00798969
-0.00764019
-0.0073028
-0.00697515
-0.00665702
-0.00634817
-0.00604837
-0.00575738
-0.00547499
-0.00520098
-0.00493515
-0.0046773
-0.00442725
-0.00418483
-0.00394988
-0.00372225
-0.00350221
-0.00327469
-0.00323416
-0.00324205
-0.00330752
-0.00343523
-0.00362679
-0.00388243
-0.00420159
-0.00458334
-0.00502653
-0.00552998
-0.00609249
-0.00671291
-0.00739018
-0.00812331
-0.00891145
-0.00975389
-0.01065
-0.0115995
-0.0126019
-0.0136571
-0.0147656
-0.0159299
