0.0171984
0.00599178
-0.0069164
-0.0151339
-0.0188968
-0.0187372
-0.0185898
-0.0184518
-0.0229024
-0.0242781
-0.0240985
-0.0239157
-0.02373
-0.0235361
-0.0233355
-0.0231226
-0.0229116
-0.0227042
-0.0225001
-0.0222994
-0.022102
-0.0219079
-0.021717
-0.0215292
-0.0213442
-0.0211618
-0.0209823
-0.0208053
-0.020631
-0.0204591
-0.0202895
-0.0201216
-0.0199693
-0.0198152
-0.0196754
-0.0195084
-0.0193422
-0.0191767
-0.0190118
-0.0188477
-0.0186843
-0.0185215
-0.0183596
-0.0181984
-0.0180379
-0.0178783
-0.0177194
-0.0175614
-0.0174042
-0.0172478
-0.0170846
-0.0169301
-0.0167768
-0.0166246
-0.0164734
-0.0163232
-0.016174
-0.0160258
-0.0158787
-0.0157326
-0.0155876
-0.0154435
-0.0153006
-0.0151588
-0.0150182
-0.0148788
-0.0147406
-0.0146035
-0.0144676
-0.0143329
-0.0141993
-0.0140668
-0.0139355
-0.0138052
-0.013676
-0.013548
-0.0134209
-0.013295
-0.0131703
-0.0130467
-0.0129243
-0.0128028
-0.0126824
-0.0125629
-0.0124444
-0.0123268
-0.01221
-0.0120942
-0.0119791
-0.0118648
-0.0117512
-0.0116384
-0.0115263
-0.0114149
-0.0113042
-0.0111941
-0.0110847
-0.0109757
-0.0108684
-0.0107624
-0.0106577
-0.0105539
-0.0104514
-0.0103501
-0.0102501
-0.0101512
-0.0100535
-0.00995699
-0.0098618
-0.0097679
-0.00967527
-0.0095839
-0.00949379
-0.00940494
-0.00931704
-0.00923108
-0.00914642
-0.00906291
-0.00898048
-0.008899
-0.00881849
-0.00873892
-0.00866029
-0.00858261
-0.00850586
-0.00843003
-0.00835537
-0.00828125
-0.00820736
-0.00813541
-0.00806498
-0.00799584
-0.00792785
-0.00786095
-0.00779507
-0.0077302
-0.00766632
-0.0076034
-0.00754144
-0.00748043
-0.00742035
-0.00736119
-0.00730296
-0.00724478
-0.00718658
-0.00712851
-0.00707058
-0.00701279
-0.00695514
-0.00689765
-0.00684058
-0.00678144
-0.00673734
-0.00668794
-0.00663156
-0.00657558
-0.0065199
-0.00646445
-0.0064092
-0.00635415
-0.00629929
-0.0062446
-0.00619009
-0.00613576
-0.00608159
-0.00602762
-0.00597383
-0.00592022
-0.00586679
-0.00581352
-0.0057604
-0.00570743
-0.0056546
-0.00560188
-0.00554927
-0.00549731
-0.00544843
-0.00540157
-0.00535297
-0.00530274
-0.00525104
-0.00519875
-0.00514715
-0.00509729
-0.00504851
-0.00500044
-0.00495289
-0.00490574
-0.00485894
-0.00481243
-0.00476619
-0.00472093
-0.00467657
-0.00463307
-0.00459042
-0.0045486
-0.00450758
-0.00446735
-0.00442776
-0.00438894
-0.00435714
-0.00431856
-0.00428007
-0.00424157
-0.0042036
-0.00416624
-0.0041295
-0.00409339
-0.00405776
-0.0040186
-0.00398226
-0.00394812
-0.00391572
-0.00388467
-0.00385355
-0.00382214
-0.00379057
-0.00375892
-0.00372723
-0.00369552
-0.00366295
-0.0036294
-0.00359519
-0.00356128
-0.0035277
-0.00349443
-0.00346243
-0.00343022
-0.00339803
-0.00336609
-0.00333436
-0.00330279
-0.00327201
-0.00324189
-0.00321234
-0.00318332
-0.00315483
-0.00312686
-0.00309914
-0.00307187
-0.00304411
-0.0030166
-0.00298929
-0.00296227
-0.00293554
-0.00290907
-0.00288287
-0.00285692
-0.00283121
-0.00280576
-0.00278055
-0.0027572
-0.00273538
-0.00271317
-0.00268963
-0.00266552
-0.00264164
-0.00261797
-0.00259453
-0.00257131
-0.0025483
-0.00252551
-0.00250292
-0.00248054
-0.00245836
-0.00243639
-0.00241461
-0.00239303
-0.00237165
-0.00235046
-0.00232945
-0.00230863
-0.002288
-0.00226755
-0.00224729
-0.0022272
-0.00220691
-0.00218718
-0.00216762
-0.00214823
-0.00212901
-0.00210996
-0.00209108
-0.00207236
-0.00205381
-0.00203542
-0.00201719
-0.00199912
-0.0019812
-0.00196345
-0.00194584
-0.0019284
-0.0019111
-0.00189396
-0.00187697
-0.00186014
-0.00184345
-0.00182691
-0.00181051
-0.00179425
-0.00177814
-0.00176036
-0.00174105
-0.00172188
-0.00170405
-0.00168815
-0.00167294
-0.00165787
-0.00164292
-0.00162811
-0.00161343
-0.00159887
-0.00158445
-0.00157015
-0.00155598
-0.00154193
-0.00152801
-0.00151421
-0.00150053
-0.00148698
-0.00147355
-0.00146024
-0.00144705
-0.00143398
-0.00142102
-0.00140819
-0.00139645
-0.00138401
-0.00137151
-0.00135912
-0.00134685
-0.00133468
-0.00132263
-0.00131068
-0.00129884
-0.00128711
-0.00127549
-0.00126397
-0.00125256
-0.00124125
-0.00123004
-0.00121893
-0.00120792
-0.00119702
-0.00118621
-0.0011755
-0.00116488
-0.00115436
-0.00114394
-0.00113361
-0.00112337
-0.00111496
-0.00110818
-0.00110138
-0.0010934
-0.00108367
-0.00107392
-0.00106426
-0.00105468
-0.0010452
-0.00103581
-0.0010265
-0.00101727
-0.00100813
-0.00099908
-0.000990108
-0.000981218
-0.000972409
-0.000963681
-0.000955032
-0.000946461
-0.000937969
-0.000929554
-0.000921215
-0.000912953
-0.000904765
-0.000896422
-0.000888379
-0.00088041
-0.000872515
-0.000864692
-0.000856939
-0.000849259
-0.000841647
-0.000834104
-0.00082663
-0.000819223
-0.000811883
-0.000804609
-0.000797401
-0.000790259
-0.000783182
-0.000776169
-0.00076922
-0.000762335
-0.000755512
-0.000748752
-0.000742054
-0.000735417
-0.000728842
-0.000722334
-0.000714072
-0.000704757
-0.00069479
-0.00068488
-0.00206291
-0.00204639
-0.0020263
-0.0020063
-0.00198711
-0.00196891
-0.00195091
-0.00193309
-0.00191545
-0.00189798
-0.00188068
-0.00186355
-0.00184657
-0.00182976
-0.00181311
-0.0017966
-0.00178025
-0.00176405
-0.001748
-0.00173209
-0.00171632
-0.00170114
-0.00168566
-0.00167025
-0.00165501
-0.00163991
-0.00162498
-0.0016102
-0.00159556
-0.00158106
-0.00156669
-0.00155246
-0.00153836
-0.00152439
-0.00151055
-0.00149684
-0.00148325
-0.0014698
-0.00145647
-0.00144326
-0.00143018
-0.00141722
-0.00140439
-0.00139168
-0.00137908
-0.00136644
-0.00135504
-0.00134359
-0.00133259
-0.00132179
-0.00131108
-0.0013004
-0.00128972
-0.00127903
-0.00126833
-0.00125758
-0.0012468
-0.00123549
-0.00122419
-0.00121289
-0.00120161
-0.00119034
-0.00117909
-0.00116788
-0.00115671
-0.00114558
-0.00113462
-0.00112367
-0.00111274
-0.00110182
-0.00109092
-0.00107969
-0.0010688
-0.00105806
-0.00104853
-0.00103912
-0.00102979
-0.00102056
-0.00101142
-0.00100237
-0.000993398
-0.000984505
-0.000975692
-0.000966957
-0.000958299
-0.000949716
-0.000941209
-0.000932777
-0.000924416
-0.000916139
-0.000907939
-0.000899816
-0.00089177
-0.000883798
-0.0008759
-0.00086811
-0.000859429
-0.000850403
-0.000854304
-0.00085593
-0.000852684
-0.000841696
-0.000830638
-0.000819819
-0.000809607
-0.000800198
-0.000791033
-0.000782088
-0.000773347
-0.000764799
-0.000756435
-0.000748246
-0.000740296
-0.000732584
-0.000725113
-0.000717888
-0.000710805
-0.000703419
-0.000696138
-0.000688959
-0.000681877
-0.000675344
-0.000668447
-0.000661797
-0.000655133
-0.000648502
-0.000641943
-0.000635443
-0.00062901
-0.000622645
-0.000616351
-0.000610125
-0.000603969
-0.00059788
-0.00059186
-0.000585907
-0.000580022
-0.000574203
-0.00056845
-0.000562763
-0.000557143
-0.000551588
-0.000546099
-0.000540675
-0.000535324
-0.000530041
-0.000526413
-0.0005243
-0.000521082
-0.000516034
-0.000511046
-0.000506121
-0.000501259
-0.000496458
-0.000491719
-0.000487042
-0.000482425
-0.000477869
-0.000473372
-0.000468935
-0.000464557
-0.000460237
-0.000455974
-0.000451768
-0.000447618
-0.000443522
-0.000439481
-0.000435376
-0.000431441
-0.000427557
-0.000423724
-0.000419816
-0.00041584
-0.00041303
-0.000409339
-0.000405443
-0.000401464
-0.000397781
-0.000394251
-0.000390808
-0.000387397
-0.00038402
-0.000380677
-0.000377368
-0.000374091
-0.000370845
-0.00036763
-0.000364444
-0.000361288
-0.000358159
-0.000355057
-0.000351982
-0.000348932
-0.000345906
-0.000342905
-0.000339998
-0.000335169
-0.000328559
-0.000322345
-0.000317738
-0.000314951
-0.000312187
-0.000309441
-0.000306714
-0.000304005
-0.000301314
-0.00029864
-0.000295983
-0.000293342
-0.000290716
-0.000288107
-0.000285513
-0.000282934
-0.00028037
-0.000277822
-0.000275289
-0.00027277
-0.000270267
-0.000267779
-0.000265306
-0.00026283
-0.00026102
-0.00025857
-0.000256134
-0.000253955
-0.000251664
-0.000249329
-0.000246985
-0.000244645
-0.000242319
-0.000239804
-0.00023735
-0.000235076
-0.000232827
-0.0002306
-0.000228305
-0.000226113
-0.000223943
-0.000221778
-0.000219649
-0.000217541
-0.000215456
-0.000213391
-0.000211348
-0.000209326
-0.000207341
-0.000207494
-0.000209531
-0.000211338
-0.000211436
-0.000209451
-0.000207486
-0.000205542
-0.000203622
-0.000201724
-0.000199848
-0.000197994
-0.000196163
-0.000194353
-0.000192566
-0.0001908
-0.000189055
-0.000187332
-0.000185631
-0.000183949
-0.000182288
-0.000180652
-0.000179034
-0.000177436
-0.000175856
-0.000174295
-0.000172751
-0.000171226
-0.000169895
-0.000168401
-0.000166812
-0.000165266
-0.00016383
-0.000162411
-0.000160996
-0.000159588
-0.00015819
-0.000156802
-0.000155425
-0.000154058
-0.000152702
-0.000151355
-0.000150019
-0.000148692
-0.000147374
-0.000146066
-0.000144766
-0.000143475
-0.000142193
-0.000140919
-0.000139696
-0.000135925
-0.00012976
-0.000123617
-0.000119136
-0.000117142
-0.000116065
-0.000114995
-0.000113931
-0.000112872
-0.000111819
-0.000110771
-0.000109727
-0.000108689
-0.000107655
-0.000106626
-0.000105524
-0.000104028
-0.000103058
-0.000102091
-0.000101126
-0.000100164
-9.92054e-05
-9.8251e-05
-9.73006e-05
-9.63542e-05
-9.60445e-05
-9.51018e-05
-9.45486e-05
-9.37583e-05
-9.27423e-05
-9.17166e-05
-9.0803e-05
-8.99113e-05
-8.90098e-05
-8.81082e-05
-8.72107e-05
-8.63199e-05
-8.54365e-05
-8.45611e-05
-8.36942e-05
-8.28363e-05
-8.19869e-05
-8.11466e-05
-8.03154e-05
-7.94937e-05
-7.86812e-05
-7.78779e-05
-7.70835e-05
-7.62981e-05
-7.55379e-05
-7.60974e-05
-7.82558e-05
-7.98195e-05
-7.929e-05
-7.85016e-05
-7.77219e-05
-7.6951e-05
-7.61887e-05
-7.54353e-05
-7.46904e-05
-7.39542e-05
-7.32266e-05
-7.25074e-05
-7.17964e-05
-7.10939e-05
-7.03996e-05
-6.97135e-05
-6.90354e-05
-6.83658e-05
-6.77037e-05
-6.70489e-05
-6.64021e-05
-6.57632e-05
-6.51323e-05
-6.4509e-05
-6.36191e-05
-6.30142e-05
-6.24158e-05
-6.18249e-05
-6.12421e-05
-6.06664e-05
-6.00987e-05
-5.95381e-05
-5.89851e-05
-5.844e-05
-5.79022e-05
-5.73718e-05
-5.68489e-05
-5.63324e-05
-5.58414e-05
-5.53571e-05
-5.48793e-05
-5.44072e-05
-5.39403e-05
-5.34782e-05
-5.30204e-05
-5.25669e-05
-5.21168e-05
-5.167e-05
-5.12623e-05
-4.80497e-05
-4.21882e-05
-3.63204e-05
-3.2278e-05
-3.09767e-05
-3.07078e-05
-3.0441e-05
-3.01739e-05
-2.99062e-05
-2.96382e-05
-2.93702e-05
-2.9102e-05
-2.88335e-05
-2.85648e-05
-2.82959e-05
-2.80268e-05
-2.77569e-05
-2.74871e-05
-2.72165e-05
-2.69457e-05
-2.66742e-05
-2.64023e-05
-2.61299e-05
-2.5857e-05
-2.55834e-05
-2.68242e-05
-2.69485e-05
-2.66558e-05
-2.62854e-05
-2.51301e-05
-2.45632e-05
-2.42984e-05
-2.4013e-05
-2.32353e-05
-2.20577e-05
-2.10158e-05
-2.03333e-05
-1.97524e-05
-1.94369e-05
-1.92008e-05
-1.89671e-05
-1.87356e-05
-1.85072e-05
-1.82826e-05
-1.80611e-05
-1.78432e-05
-1.76283e-05
-1.74164e-05
-1.72073e-05
-1.70565e-05
-1.81634e-05
-2.04141e-05
-2.16672e-05
-2.14295e-05
-2.11918e-05
-2.09566e-05
-2.07236e-05
-2.04928e-05
-2.02642e-05
-2.00374e-05
-1.98125e-05
-1.95894e-05
-1.93682e-05
-1.91492e-05
-1.89317e-05
-1.87163e-05
-1.85031e-05
-1.82914e-05
-1.80816e-05
-1.78739e-05
-1.76681e-05
-1.74644e-05
-1.72623e-05
-1.70623e-05
-1.68642e-05
-1.66674e-05
-1.64737e-05
-1.62811e-05
-1.60907e-05
-1.59026e-05
-1.57161e-05
-1.55321e-05
-1.53498e-05
-1.51701e-05
-1.49922e-05
-1.48166e-05
-1.46432e-05
-1.44721e-05
-1.43033e-05
-1.41363e-05
-1.39722e-05
-1.42958e-05
-1.5086e-05
-1.63354e-05
-1.69505e-05
-1.70288e-05
-1.68304e-05
-1.65305e-05
-1.61259e-05
-1.56611e-05
-1.34506e-05
-9.25129e-06
-6.50203e-06
-5.23124e-06
-4.42471e-06
-4.00376e-06
-3.90224e-06
-4.16953e-06
-4.85079e-06
-6.07641e-06
-6.577e-06
-6.69667e-06
-6.7153e-06
-6.77444e-06
-6.85221e-06
-6.92671e-06
-6.96955e-06
-6.9337e-06
-7.66898e-06
-8.21659e-06
-8.04663e-06
-7.87713e-06
-7.70949e-06
-7.54325e-06
-7.37887e-06
-7.92788e-06
-7.76118e-06
-8.62358e-06
-8.87364e-06
-8.85082e-06
-8.75117e-06
-8.60356e-06
-8.39913e-06
-8.16211e-06
-7.90507e-06
-7.63219e-06
-7.3486e-06
-7.05477e-06
-6.75209e-06
-6.44242e-06
-6.12484e-06
-5.80167e-06
-5.47199e-06
-5.13764e-06
-4.79911e-06
-4.68781e-06
-4.58676e-06
-4.49363e-06
-4.40748e-06
-4.34648e-06
-1.13281e-05
-2.40463e-05
-5.55352e-05
-7.29254e-05
-7.48946e-05
-7.46101e-05
-7.4394e-05
-7.42935e-05
-7.49747e-05
-7.64555e-05
-7.773e-05
-7.56811e-05
-7.37947e-05
-7.2008e-05
-7.03111e-05
-6.86967e-05
-6.71581e-05
-6.5689e-05
-6.42836e-05
-6.29365e-05
-6.16428e-05
-6.03981e-05
-5.91986e-05
-5.80405e-05
-5.6921e-05
-5.57466e-05
-5.46956e-05
-5.45951e-05
-5.38384e-05
-5.28679e-05
-5.20032e-05
-5.11268e-05
-5.02332e-05
-4.93396e-05
-4.84525e-05
-4.75748e-05
-4.67082e-05
-4.58523e-05
-4.5008e-05
-4.41736e-05
-4.33498e-05
-4.25363e-05
-4.17326e-05
-4.09386e-05
-4.01549e-05
-3.938e-05
-3.86154e-05
-3.78601e-05
-3.71141e-05
