0
-0.00300439
-0.0063109
-0.00872942
-0.0105447
-0.0117353
-0.012416
-0.0125891
-0.0122797
-0.0116712
-0.0108467
-0.00982179
-0.00876741
-0.00821483
-0.00817595
-0.00858699
-0.00910756
-0.00974506
-0.0105002
-0.0113717
-0.0123581
-0.0134581
-0.0146707
-0.0159947
-0.0174042
-0.0188951
-0.0204702
-0.0221258
-0.0238577
-0.025668
-0.0275577
-0.0294588
-0.031177
-0.0328301
-0.0344196
-0.0359474
-0.0374118
-0.0388129
-0.0401513
-0.0414273
-0.0426415
-0.0437944
-0.0448864
-0.045918
-0.0468898
-0.0478021
-0.0486556
-0.0494505
-0.0501872
-0.0508662
-0.0514878
-0.052065
-0.0526067
-0.0531004
-0.0535388
-0.0539187
-0.0542439
-0.0545138
-0.0547282
-0.054887
-0.0549903
-0.055038
-0.05503
-0.0549827
-0.0548955
-0.0547681
-0.0545998
-0.0543901
-0.0541381
-0.0538432
-0.0535044
-0.0531206
-0.0526909
-0.0522141
-0.0516888
-0.0511136
-0.0504935
-0.0498195
-0.0491063
-0.0483489
-0.0475438
-0.0466886
-0.0457814
-0.0448206
-0.0438048
-0.0427324
-0.041602
-0.0404122
-0.0391614
-0.0378481
-0.0364707
-0.035047
-0.0335807
-0.0320698
-0.0305123
-0.0289062
-0.0272491
-0.0255379
-0.0239439
-0.0224315
-0.0209995
-0.0196858
-0.0185087
-0.0174361
-0.0164458
-0.0155259
-0.0146697
-0.0138736
-0.0131641
-0.0125371
-0.0119915
-0.0115264
-0.0111412
-0.0108351
-0.0105027
-0.0103375
-0.0102426
-0.0102124
-0.0102367
-0.0102988
-0.0103981
-0.0105343
-0.0107069
-0.0109154
-0.0111593
-0.0114379
-0.0117589
-0.012436
-0.0131839
-0.013898
-0.0146208
-0.015376
-0.0161768
-0.0170306
-0.0179418
-0.018913
-0.0199458
-0.0210413
-0.0222002
-0.0234234
-0.0247116
-0.0260653
-0.0274855
-0.028817
-0.0300951
-0.0313106
-0.0324643
-0.0335566
-0.0345879
-0.0355582
-0.0364676
-0.0377336
-0.038775
-0.0396782
-0.0403874
-0.0410351
-0.041616
-0.0421282
-0.0425714
-0.0429456
-0.0432508
-0.0434871
-0.0436543
-0.0437521
-0.0437804
-0.0437437
-0.0436413
-0.0434724
-0.0432361
-0.0429311
-0.0425565
-0.0421109
-0.0415886
-0.0409918
-0.0403186
-0.0396175
-0.0390666
-0.0379329
-0.0370601
-0.0364771
-0.0361772
-0.035964
-0.035674
-0.0351879
-0.0345801
-0.0338915
-0.033144
-0.0323488
-0.0315111
-0.0306321
-0.0297094
-0.028912
-0.028216
-0.0276205
-0.0271247
-0.0267277
-0.0264285
-0.0262261
-0.0261204
-0.0261095
-0.0261819
-0.0264666
-0.0269299
-0.0274239
-0.028009
-0.0286722
-0.0294072
-0.0302113
-0.0309734
-0.0314298
-0.0317589
-0.0320292
-0.0322773
-0.0325228
-0.0327384
-0.0328985
-0.0329889
-0.0330015
-0.0329318
-0.0327767
-0.0325386
-0.0323068
-0.0320842
-0.0318563
-0.0316211
-0.0313774
-0.0311082
-0.0308272
-0.0305421
-0.0302448
-0.0299244
-0.029559
-0.0293853
-0.0292834
-0.0292566
-0.0292882
-0.0293848
-0.0295534
-0.0297216
-0.029835
-0.0299554
-0.0300126
-0.0300094
-0.0300091
-0.0300113
-0.0300141
-0.0300171
-0.03002
-0.030023
-0.030026
-0.0300292
-0.0300653
-0.0301307
-0.0301882
-0.0302156
-0.0302238
-0.0302283
-0.0302305
-0.0302314
-0.0302314
-0.0302309
-0.0302297
-0.030228
-0.0302258
-0.0302234
-0.0302206
-0.0302176
-0.0302143
-0.0302109
-0.0302072
-0.0302035
-0.0301995
-0.0301955
-0.0301915
-0.0301873
-0.0301831
-0.0301726
-0.0301675
-0.0301626
-0.0301578
-0.0301531
-0.0301484
-0.0301436
-0.0301387
-0.0301336
-0.0301285
-0.0301232
-0.0301178
-0.0301123
-0.0301067
-0.030101
-0.0300953
-0.0300897
-0.0300841
-0.030079
-0.0300799
-0.0300811
-0.0300826
-0.0300843
-0.0300864
-0.0300887
-0.030127
-0.0301989
-0.030272
-0.030323
-0.0303398
-0.0303443
-0.0303469
-0.0303483
-0.030349
-0.0303492
-0.0303492
-0.0303489
-0.0303485
-0.0303481
-0.0303476
-0.030347
-0.0303462
-0.0303457
-0.0303453
-0.0303449
-0.0303446
-0.0303445
-0.0303444
-0.0303445
-0.0303448
-0.0303287
-0.0303242
-0.0303235
-0.0303237
-0.0303243
-0.0303253
-0.0303265
-0.0303278
-0.0303292
-0.0303306
-0.0303322
-0.0303337
-0.0303354
-0.0303367
-0.0303381
-0.0303398
-0.0303416
-0.0303435
-0.0303455
-0.0303477
-0.0303502
-0.0303529
-0.030356
-0.0303595
-0.0303625
-0.0304008
-0.0304693
-0.0305347
-0.0305752
-0.03058
-0.0305816
-0.0305824
-0.0305828
-0.0305827
-0.0305824
-0.0305818
-0.030581
-0.0305801
-0.030579
-0.0305778
-0.0305766
-0.0305753
-0.0305739
-0.0305725
-0.0305707
-0.030569
-0.0305674
-0.030566
-0.0305647
-0.0305635
-0.0304347
-0.0304301
-0.0304263
-0.0304228
-0.0304196
-0.0304166
-0.0304157
-0.0304146
-0.0304132
-0.0304116
-0.0304096
-0.0304074
-0.0304049
-0.0304021
-0.0303989
-0.0303956
-0.0303919
-0.030388
-0.0303838
-0.0303795
-0.0303749
-0.0303701
-0.0303652
-0.0303602
-0.0303551
-0.03097
-0.0320204
-0.0333259
-0.0346251
-0.0358431
-0.0364083
-0.0365354
-0.0365851
-0.0366166
-0.0366236
-0.0366332
-0.0366418
-0.0366408
-0.0366357
-0.0366251
-0.0366081
-0.0365912
-0.0365756
-0.0365611
-0.0365478
-0.0365357
-0.0365245
-0.0365145
-0.0365053
-0.0364972
-0.0364882
-0.036482
-0.0367651
-0.0369568
-0.0370722
-0.0371628
-0.0372417
-0.0373147
-0.0373851
-0.037455
-0.0375256
-0.0375978
-0.037672
-0.0377487
-0.0378283
-0.0379111
-0.0379972
-0.0380871
-0.0381807
-0.0382785
-0.0383805
-0.0384869
-0.0385978
-0.0387134
-0.0388338
-0.0390019
-0.039234
-0.0394968
-0.0397717
-0.0400494
-0.040326
-0.0406002
-0.0408725
-0.0411544
-0.041345
-0.041448
-0.0414624
-0.0414273
-0.0413407
-0.0412005
-0.0410034
-0.0407417
-0.0405306
-0.0403663
-0.040248
-0.0401749
-0.0401458
-0.0401426
-0.0401651
-0.0402134
-0.0402884
-0.0404034
-0.0405725
-0.0408212
-0.041037
-0.0411768
-0.0412484
-0.0412659
-0.0412773
-0.0412852
-0.0412913
-0.0412966
-0.0413018
-0.0413074
-0.0413134
-0.0413201
-0.0413276
-0.0413358
-0.0413343
-0.0413327
-0.0413313
-0.0413301
-0.0413293
-0.0413288
-0.0413288
-0.0418858
-0.0428787
-0.0439212
-0.0447997
-0.0453898
-0.0455642
-0.0456433
-0.0456672
-0.0456584
-0.0456305
-0.0455979
-0.045564
-0.0455304
-0.0454953
-0.0454554
-0.0454072
-0.0453469
-0.0452703
-0.0451722
-0.0450444
-0.0448869
-0.0448697
-0.0448551
-0.044842
-0.0448303
-0.0448181
-0.0448095
-0.0451011
-0.045304
-0.0454235
-0.0454818
-0.0455183
-0.0455426
-0.0455603
-0.0455748
-0.0455881
-0.0456011
-0.0456145
-0.0456285
-0.0456431
-0.0456585
-0.0456747
-0.0456914
-0.0457088
-0.0457267
-0.0457452
-0.045764
-0.0457833
-0.0458027
-0.0458228
-0.0458609
-0.0459163
-0.0459253
-0.0459266
-0.0459272
-0.0459272
-0.0459268
-0.045926
-0.0459248
-0.0459232
-0.0459212
-0.045919
-0.0459165
-0.0459137
-0.0459106
-0.0459073
-0.0459037
-0.0458999
-0.0458958
-0.0458916
-0.0458874
-0.0458541
-0.0458494
-0.0458445
-0.0458395
-0.0458338
-0.0461747
-0.0466723
-0.0470356
-0.0472996
-0.0474848
-0.0476011
-0.0476585
-0.0476715
-0.0476775
-0.0476791
-0.0476781
-0.0476757
-0.0476723
-0.0476685
-0.0476644
-0.0476602
-0.047656
-0.0476518
-0.0476479
-0.0476441
-0.0476406
-0.0476374
-0.0476346
-0.0476322
-0.0476443
-0.0476732
-0.0477033
-0.0477225
-0.0477259
-0.0477258
-0.0477237
-0.0477205
-0.0477164
-0.0477112
-0.0477058
-0.0477003
-0.0476949
-0.0476896
-0.0476843
-0.0476792
-0.0476743
-0.0476696
-0.0476651
-0.0476609
-0.047657
-0.0476534
-0.0476502
-0.0476476
-0.0476514
-0.0476527
-0.0476571
-0.0476618
-0.0478354
-0.0479402
-0.0480029
-0.0480408
-0.048064
-0.0480788
-0.0481532
-0.0482112
-0.048217
-0.0482206
-0.0482241
-0.0482529
-0.0482568
-0.0482604
-0.0482687
-0.0482724
-0.0482761
-0.0482798
-0.0482837
-0.0482876
-0.0482917
-0.0482958
-0.0483273
-0.0483849
-0.0484422
-0.0484783
-0.0484858
-0.0484899
-0.0484919
-0.0484927
-0.0484926
-0.0484918
-0.0484905
-0.0484888
-0.0484867
-0.0484843
-0.0484815
-0.0484785
-0.0484753
-0.0484719
-0.0484684
-0.0484649
-0.0484604
-0.0484561
-0.0484516
-0.0484472
-0.0484426
-0.0484379
-0.048433
-0.0487625
-0.0490161
-0.049187
-0.0492866
-0.0493232
-0.0493395
-0.0493476
-0.0493509
-0.0493517
-0.0493509
-0.0493493
-0.0493473
-0.0493453
-0.0493432
-0.0493413
-0.0493397
-0.0493385
-0.0493376
-0.0493372
-0.0493374
-0.0493381
-0.0493393
-0.0493413
-0.0493756
-0.0494438
-0.0495164
-0.0495703
-0.0495921
-0.0495994
-0.0496044
-0.0496083
-0.0496115
-0.0496146
-0.0496176
-0.0496206
-0.0496239
-0.0496274
-0.0496312
-0.0496002
-0.0496151
-0.0496077
-0.0496043
-0.0496034
-0.0496039
-0.0496054
-0.0496076
-0.0496104
-0.0496137
-0.0496153
-0.0496201
-0.0499478
-0.0502039
-0.0503794
-0.0504874
-0.0505349
-0.0505581
-0.0505732
-0.0505834
-0.0505909
-0.0505968
-0.0506017
-0.0506062
-0.0506103
-0.0506142
-0.0506181
-0.0506218
-0.0506256
-0.0506297
-0.0506341
-0.0506386
-0.0506433
-0.0506481
-0.0506531
-0.0506692
-0.0506951
-0.0507201
-0.0507316
-0.0507379
-0.0507418
-0.0507441
-0.0507454
-0.0507458
-0.0507457
-0.050745
-0.0507438
-0.0507423
-0.0507404
-0.0507382
-0.0507357
-0.0507329
-0.0507298
-0.0507265
-0.0507229
-0.0507192
-0.0507154
-0.0507113
-0.0507071
-0.0507026
-0.0506956
-0.0506905
-0.0506855
-0.0506805
-0.0506755
-0.0506704
-0.0506654
-0.0506604
-0.0506553
-0.0506504
-0.0506454
-0.0506406
-0.050636
-0.0506317
-0.0506273
-0.0506236
-0.0506203
-0.0506176
-0.0506152
-0.0506133
-0.0506119
-0.050611
-0.0506106
-0.0506108
-0.0506116
-0.0506489
-0.050722
-0.0507978
-0.0508521
-0.0508718
-0.0508765
-0.0508795
-0.0508816
-0.0508834
-0.050885
-0.0508865
-0.0508881
-0.0508899
-0.0508918
-0.050894
-0.0508964
-0.0508991
-0.0509021
-0.0509055
-0.0509092
-0.0509134
-0.0509179
-0.0509229
-0.0509283
-0.0509343
-0.0509199
-0.0509206
-0.0509278
-0.0509427
-0.0511298
-0.0512915
-0.0513819
-0.0514723
-0.0515224
-0.0516965
-0.0518348
-0.0519089
-0.051963
-0.0519737
-0.0519716
-0.05197
-0.0519686
-0.0519675
-0.0519665
-0.0519655
-0.0519647
-0.051964
-0.0519634
-0.0519629
-0.0519626
-0.0519655
-0.0519711
-0.0519738
-0.051972
-0.0519693
-0.0519658
-0.0519617
-0.0519571
-0.0519519
-0.0519463
-0.0519403
-0.0519339
-0.051927
-0.0519198
-0.0519122
-0.0519043
-0.0518962
-0.0518877
-0.051879
-0.0518701
-0.0518609
-0.0518515
-0.0518419
-0.0518321
-0.0518222
-0.051812
-0.0518017
-0.0517912
-0.0517806
-0.05177
-0.0517593
-0.0517486
-0.0517379
-0.0517271
-0.0517164
-0.0517057
-0.051695
-0.0516845
-0.051674
-0.0516638
-0.0516538
-0.0515772
-0.0514358
-0.0512337
-0.0511168
-0.0510758
-0.0510743
-0.0510878
-0.0511165
-0.0511605
-0.0512413
-0.0514218
-0.0515174
-0.0515414
-0.0515431
-0.0515283
-0.0514918
-0.0514291
-0.0513348
-0.0511914
-0.0511018
-0.0510635
-0.0510622
-0.0510739
-0.0511007
-0.0511445
-0.0512082
-0.0512973
-0.0512966
-0.0512642
-0.0512663
-0.0512684
-0.0512708
-0.0512735
-0.0512766
-0.0512785
-0.0512829
-0.0515859
-0.0517979
-0.051925
-0.0519966
-0.0520383
-0.0520676
-0.0520904
-0.0521103
-0.0521291
-0.0521481
-0.0521679
-0.0521888
-0.0522111
-0.0522348
-0.0522599
-0.0522865
-0.0523146
-0.0523439
-0.0523495
-0.052356
-0.0523631
-0.0523706
-0.0523785
-0.0529159
-0.0538554
-0.0547
-0.0552981
-0.0555343
-0.0557002
-0.0558573
-0.0560142
-0.0560811
-0.0560676
-0.0560152
-0.0559917
-0.0559666
-0.0559435
-0.055922
-0.0559019
-0.0558829
-0.055865
-0.0558481
-0.0558321
-0.0558169
-0.0558026
-0.0557889
-0.055776
-0.0557637
-0.0557518
-0.0557408
-0.0560404
-0.056248
-0.0563752
-0.0564325
-0.0564608
-0.0564754
-0.0564825
-0.0564855
-0.0564866
-0.056487
-0.0564871
-0.0564876
-0.0564885
-0.0564899
-0.056492
-0.0564949
-0.0564984
-0.0565028
-0.0565079
-0.0565139
-0.0565207
-0.0565284
