0.087224
0.0823382
0.0687276
0.0614478
0.056985
0.0528804
0.0490753
0.0455467
0.0422231
0.0391681
0.0363519
0.0337381
0.0313117
0.0290574
0.0269628
0.025016
0.0232093
0.021532
0.019975
0.0185296
0.0171877
0.0159419
0.0147853
0.0137115
0.0127141
0.0117878
0.010929
0.0101326
0.00939464
0.00871091
0.00807755
0.00749001
0.00693273
0.00642828
0.00596008
0.00552518
0.00512178
0.00474765
0.0044007
0.004079
0.00378072
0.0035042
0.00324787
0.00301027
0.00279006
0.00258599
0.00239689
0.00222168
0.00205937
0.00190901
0.00177453
0.001646
0.00152832
0.00141994
0.00131976
0.00122697
0.00114091
0.00106104
0.000986883
0.000918027
0.000854083
0.000794677
0.000739542
0.00068832
0.000640728
0.000596498
0.000555384
0.000517155
0.000481596
0.000448505
0.000417704
0.000389033
0.000362326
0.000337429
0.000314195
0.000292489
0.000271836
0.000253364
0.000236493
0.000221025
0.000206814
0.000193747
0.000181734
0.0001707
0.00016058
0.000151314
0.000142848
0.000135135
0.000128129
0.000121789
0.000116077
0.000109885
0.000103372
9.65931e-05
8.95921e-05
8.24095e-05
7.50809e-05
6.76385e-05
5.99939e-05
5.23862e-05
4.47994e-05
5.07501e-05
3.89086e-05
2.7129e-05
1.58369e-05
5.21843e-06
-4.66779e-06
-1.38243e-05
-2.23124e-05
-3.01413e-05
-3.73586e-05
-4.40103e-05
-5.01408e-05
-5.57897e-05
-6.08847e-05
-6.40438e-05
-6.65982e-05
-6.88329e-05
-7.07961e-05
-7.25214e-05
-7.40215e-05
-7.53072e-05
-7.6388e-05
-7.72707e-05
-7.79612e-05
-7.84639e-05
-7.83144e-05
-7.64155e-05
-7.45645e-05
-7.20541e-05
-6.89602e-05
-6.53435e-05
-6.12568e-05
-5.67469e-05
-5.1856e-05
-4.66225e-05
-4.10816e-05
-3.52669e-05
-2.92091e-05
-2.29371e-05
-1.64774e-05
-9.85526e-06
-3.09385e-06
3.96045e-06
1.10492e-05
1.81817e-05
2.53348e-05
3.24892e-05
3.96273e-05
4.67314e-05
5.35781e-05
6.12261e-05
0.000807529
0.00121617
0.0011427
0.00107414
0.00101018
0.000950518
0.000894874
0.000842979
0.00079458
0.000749443
0.000707348
0.000668093
0.000631507
0.000597388
0.00056557
0.0005359
0.000508234
0.000482438
0.000458387
0.000435964
0.000415011
0.000395424
0.000377112
0.000359821
0.000341796
0.000320952
0.000302317
0.000285804
0.000271195
0.000257536
0.000244258
0.000230952
0.0002178
0.000204942
0.000192452
0.000180366
0.000168699
0.000157457
0.000146636
0.00013613
0.000125972
0.000116149
0.000106653
9.74704e-05
8.85893e-05
7.99969e-05
7.15051e-05
6.33262e-05
5.76661e-05
0.000332466
0.000624983
0.000571697
0.00052178
0.000475221
0.000431887
0.000391596
0.000354402
-0.00107528
-0.00208807
-0.00271018
-0.00295626
-0.0028329
-0.00263443
-0.0024502
-0.00227918
-0.00212045
-0.00197311
-0.00183637
-0.00171018
-0.00159422
-0.00148763
-0.00138885
-0.00129732
-0.00121249
-0.00113304
-0.00105996
-0.000992642
-0.000930403
-0.000872855
-0.000819639
-0.000769376
-0.000722182
-0.000677912
-0.000636333
-0.000597278
-0.000560592
-0.000526437
-0.000494056
-0.00046373
-0.000435106
-0.000408113
-0.000382725
-0.000358841
-0.000336369
-0.000315225
-0.000295326
-0.000276598
-0.00025897
-0.000242442
-0.000225281
-0.000207858
-0.000192006
-0.00017857
-0.000166598
-0.000155302
-0.00014464
-0.000134574
-0.000125066
-0.000116097
-0.000107667
-9.974e-05
-9.2281e-05
-8.52584e-05
-7.86423e-05
-7.24029e-05
-6.6516e-05
-6.09555e-05
-5.56987e-05
-5.07245e-05
-4.60125e-05
-4.15426e-05
-3.72985e-05
-3.32636e-05
-2.94214e-05
-2.60496e-05
-2.24458e-05
-1.8937e-05
-1.55228e-05
-1.21975e-05
-8.95048e-06
-5.77234e-06
-2.65148e-06
4.24683e-07
3.46545e-06
6.48294e-06
9.48505e-06
1.24834e-05
1.54865e-05
1.85026e-05
2.1541e-05
2.46093e-05
2.77157e-05
3.08719e-05
3.33427e-05
3.53958e-05
3.70638e-05
3.83812e-05
3.93772e-05
4.00818e-05
3.9435e-05
3.6967e-05
3.44324e-05
3.27551e-05
3.23276e-05
3.21073e-05
3.16813e-05
3.10685e-05
3.02875e-05
2.93539e-05
2.82829e-05
2.7088e-05
2.57827e-05
2.43783e-05
2.28859e-05
2.13152e-05
1.97045e-05
1.80309e-05
1.63042e-05
1.45324e-05
1.27233e-05
1.08881e-05
9.05525e-06
7.22846e-06
5.41052e-06
4.2282e-06
2.4219e-06
4.53554e-07
-1.53156e-06
-3.5218e-06
-5.51203e-06
-7.49761e-06
-9.47714e-06
-1.14487e-05
-1.34106e-05
-1.53626e-05
-1.73012e-05
-1.92253e-05
-2.09492e-05
-2.27508e-05
-2.44831e-05
-2.61501e-05
-2.77567e-05
-2.93036e-05
-3.07946e-05
-3.22298e-05
-3.36119e-05
-3.49404e-05
-3.62173e-05
-3.70797e-05
-3.66005e-05
-3.49786e-05
-3.3332e-05
-3.23746e-05
-3.24156e-05
-3.23597e-05
-3.21581e-05
-3.18293e-05
-3.13907e-05
-3.08584e-05
-3.02461e-05
-2.95648e-05
-2.88272e-05
-2.80426e-05
-2.72198e-05
-2.63662e-05
-2.54898e-05
-2.45967e-05
-2.36919e-05
-2.2769e-05
-2.18353e-05
-2.08952e-05
-1.99541e-05
-1.90148e-05
-1.80807e-05
-1.74171e-05
-1.64537e-05
-1.54837e-05
-1.45165e-05
-1.35549e-05
-1.26013e-05
-1.16765e-05
-1.07768e-05
-9.90182e-06
-9.04873e-06
-8.21613e-06
-7.40262e-06
-6.60587e-06
-5.82449e-06
-5.05662e-06
-4.30085e-06
-3.55672e-06
-2.82004e-06
-2.09222e-06
-1.36951e-06
-6.5146e-07
6.42613e-08
7.78586e-07
1.49477e-06
2.20863e-06
2.21794e-06
1.82586e-06
1.21305e-06
6.24917e-07
0.00124504
0.00312986
0.00324865
0.00301296
0.00279513
0.0025939
0.00240705
0.00223355
0.00207246
0.00192288
0.00178399
0.00165503
0.00153534
0.00142425
0.00132114
0.00122545
0.00113665
0.00105423
0.000977738
0.000906753
0.000840877
0.000780083
0.000723321
0.000670695
0.000621864
0.000576562
0.000534547
0.000495575
0.000459428
0.000425899
0.0003948
0.000365953
0.000339197
0.000314379
0.00029136
0.000270009
0.000250205
0.000231836
0.000214799
0.000198997
0.000184339
0.000170743
0.000158132
0.000146434
0.000135582
0.000125506
0.00011677
0.000108555
0.000101138
9.43155e-05
8.79699e-05
8.20314e-05
7.64546e-05
7.12066e-05
6.62636e-05
6.15832e-05
5.7159e-05
5.26691e-05
4.84344e-05
4.44395e-05
4.06685e-05
3.71072e-05
3.37418e-05
3.05716e-05
2.75788e-05
2.47639e-05
2.21827e-05
1.97259e-05
1.73929e-05
1.5175e-05
1.30609e-05
1.08597e-05
8.93837e-06
7.18189e-06
6.20494e-06
5.32437e-06
4.52623e-06
3.8133e-06
3.18466e-06
2.6403e-06
2.17929e-06
1.80118e-06
1.50688e-06
1.29594e-06
1.16834e-06
1.1255e-06
1.16695e-06
1.29314e-06
1.50548e-06
1.65543e-06
1.75927e-06
1.81003e-06
1.80025e-06
1.72528e-06
1.58092e-06
1.37137e-06
3.28757e-07
-1.09524e-06
0.00295073
0.00499453
0.00586594
0.00544093
0.00504671
0.00468148
0.00434342
0.00403053
0.00374018
0.00347072
0.00322067
0.00298862
0.00277328
0.00257346
0.00238808
0.0022161
0.00205658
0.0019086
0.00177131
0.00164367
0.00152523
0.00141532
0.00131333
0.00121899
0.00113119
0.00104945
0.000973525
0.000903018
0.000837537
0.000776717
0.000720222
0.000667742
0.000618987
0.00057369
0.000531602
0.000492493
0.000456147
0.000422367
0.000390967
0.000361776
0.000334633
0.000309391
0.000285911
0.000264067
0.000243738
0.000224814
0.000207196
0.000190778
0.000176318
0.000163553
0.000151062
0.000138468
0.000126755
0.000115861
0.000105725
9.62913e-05
8.75066e-05
7.93231e-05
7.16941e-05
6.45788e-05
5.79376e-05
5.17345e-05
4.59361e-05
4.05121e-05
3.54322e-05
3.06712e-05
2.62042e-05
2.20076e-05
1.80616e-05
1.43489e-05
1.0876e-05
7.61449e-06
4.54765e-06
1.59768e-06
-5.37373e-07
-2.15787e-06
-3.92133e-06
-5.52088e-06
-6.92857e-06
-7.98004e-06
-8.77213e-06
-9.34768e-06
-9.71742e-06
-9.97493e-06
-1.01281e-05
-1.0184e-05
-1.01496e-05
-1.00303e-05
-9.8329e-06
-9.56235e-06
-9.22382e-06
-8.82056e-06
-8.35862e-06
-7.84034e-06
-7.27037e-06
-6.65057e-06
-5.98561e-06
-5.2331e-06
-5.30994e-06
-6.03637e-06
-6.42473e-06
-5.99911e-06
-4.67431e-06
-3.33041e-06
-1.96788e-06
-5.85802e-07
8.18167e-07
2.24728e-06
3.70387e-06
5.19073e-06
6.71204e-06
8.27014e-06
9.86923e-06
1.15121e-05
1.32024e-05
1.49445e-05
1.67419e-05
1.8598e-05
2.05175e-05
2.25059e-05
2.45674e-05
2.67136e-05
2.88067e-05
3.11621e-05
3.31919e-05
3.52333e-05
3.65661e-05
3.76222e-05
3.83877e-05
3.88646e-05
3.90653e-05
3.90057e-05
3.86667e-05
3.80925e-05
3.7313e-05
3.63053e-05
3.50936e-05
3.36901e-05
3.21507e-05
3.04487e-05
2.86074e-05
2.66684e-05
2.46414e-05
2.2558e-05
2.04234e-05
1.82446e-05
1.6029e-05
1.37836e-05
1.24136e-05
1.16676e-05
1.06385e-05
8.72836e-06
5.84312e-06
2.95695e-06
7.45058e-08
-2.80701e-06
-5.68852e-06
-8.57282e-06
-1.14636e-05
-1.43638e-05
-1.72751e-05
-2.02013e-05
-2.31452e-05
-2.61115e-05
-2.9101e-05
-3.21185e-05
-3.51667e-05
-3.82531e-05
-4.11384e-05
-4.3829e-05
-4.63407e-05
-4.86933e-05
-5.09014e-05
-5.29867e-05
-5.50225e-05
-5.59827e-05
-5.6671e-05
-5.705e-05
-5.71106e-05
-5.68638e-05
-5.63245e-05
-5.55152e-05
-5.44582e-05
-5.31739e-05
-5.16847e-05
-5.00064e-05
-4.81606e-05
-4.61573e-05
-4.40134e-05
-4.174e-05
-3.93596e-05
-3.68822e-05
-3.43136e-05
-3.16594e-05
-2.89278e-05
-2.61208e-05
-2.32449e-05
-2.02814e-05
-1.8294e-05
-1.7033e-05
-1.55279e-05
-1.31354e-05
-9.5861e-06
-5.60191e-06
-1.58418e-06
2.47359e-06
6.57421e-06
1.07251e-05
1.49319e-05
1.92029e-05
2.35448e-05
2.79667e-05
3.24761e-05
3.67323e-05
-4.70318e-07
6.2855e-06
1.26194e-05
1.85668e-05
2.41585e-05
2.94261e-05
3.43956e-05
3.90941e-05
4.35468e-05
4.80814e-05
5.21867e-05
5.47059e-05
5.67976e-05
5.83958e-05
5.94845e-05
6.00722e-05
6.01849e-05
5.98524e-05
5.91092e-05
5.79879e-05
5.65201e-05
5.47357e-05
5.26672e-05
5.03398e-05
4.77796e-05
4.5008e-05
4.20492e-05
3.89721e-05
3.59761e-05
3.3061e-05
3.02279e-05
2.74768e-05
2.48067e-05
2.22344e-05
2.02246e-05
1.87922e-05
1.70618e-05
1.4483e-05
1.18557e-05
9.30019e-06
6.81262e-06
4.38746e-06
2.02097e-06
-2.95229e-07
-2.56579e-06
-4.79724e-06
-6.99796e-06
-9.16887e-06
-1.13202e-05
-1.34548e-05
-1.55792e-05
-1.7697e-05
-1.9813e-05
-2.19336e-05
-2.40607e-05
-2.62009e-05
-2.8356e-05
-3.05297e-05
-3.27285e-05
-3.50885e-05
-3.74932e-05
-4.00487e-05
-4.27356e-05
-4.5551e-05
-4.84949e-05
-5.1572e-05
-5.47906e-05
-5.81592e-05
-6.16852e-05
-6.53788e-05
-6.92457e-05
-7.32969e-05
-7.75466e-05
-8.06469e-05
-8.30283e-05
-8.47606e-05
-8.59052e-05
-8.65189e-05
-8.66549e-05
-8.63578e-05
-8.56714e-05
-8.46339e-05
-8.32826e-05
-8.16397e-05
-8.08081e-05
-8.05221e-05
-7.98153e-05
-7.80541e-05
-7.4978e-05
-7.13477e-05
-6.76075e-05
-6.37667e-05
-5.98487e-05
-5.5857e-05
-5.17927e-05
-4.76567e-05
-4.34509e-05
-3.91724e-05
-3.48212e-05
-3.03965e-05
-2.58954e-05
-2.1317e-05
-1.66576e-05
-1.19153e-05
-7.08736e-06
-2.16719e-06
2.84612e-06
7.95815e-06
1.31736e-05
1.92206e-05
2.50079e-05
3.09106e-05
3.64678e-05
3.97721e-05
4.22234e-05
4.40069e-05
4.56898e-05
4.58527e-05
4.48981e-05
4.33102e-05
4.12492e-05
3.86378e-05
3.55868e-05
3.23514e-05
2.92845e-05
2.63844e-05
2.365e-05
2.10805e-05
1.8673e-05
1.64267e-05
1.43414e-05
1.24127e-05
1.06441e-05
9.02265e-06
8.05221e-06
7.53161e-06
6.66082e-06
5.29364e-06
4.04939e-06
2.92808e-06
1.92504e-06
1.03563e-06
2.51457e-07
-4.32134e-07
-1.02725e-06
-1.57766e-06
-2.08803e-06
-2.56021e-06
-2.997e-06
-3.40212e-06
-3.77651e-06
-4.12297e-06
-4.44334e-06
-4.73857e-06
-5.01145e-06
-5.26477e-06
-5.49853e-06
-5.71366e-06
-5.9111e-06
-6.09364e-06
-6.34789e-06
-6.65709e-06
-7.01193e-06
-7.41519e-06
-7.87433e-06
-8.39867e-06
-8.99844e-06
-9.68389e-06
-1.04653e-05
-1.13538e-05
-1.23587e-05
-1.34856e-05
-1.47456e-05
-1.61445e-05
-1.76895e-05
-1.88099e-05
-1.95932e-05
-2.05887e-05
-2.07974e-05
-2.03531e-05
-1.93622e-05
-1.81301e-05
-1.66735e-05
-1.49962e-05
1.98064e-05
8.37622e-05
7.84406e-05
7.39275e-05
6.99293e-05
6.63875e-05
6.3221e-05
6.04084e-05
5.79264e-05
5.57555e-05
5.36591e-05
5.17732e-05
5.01564e-05
4.87715e-05
4.76036e-05
4.6636e-05
4.58546e-05
4.52437e-05
4.48246e-05
4.43812e-05
4.35971e-05
4.28576e-05
4.21647e-05
4.15128e-05
4.09018e-05
4.06811e-05
4.02881e-05
3.80436e-05
3.54759e-05
3.24603e-05
2.90694e-05
2.53012e-05
2.11736e-05
1.67107e-05
1.19405e-05
6.89272e-06
1.59349e-06
-3.93111e-06
-9.65409e-06
-1.55549e-05
-2.16132e-05
-2.78121e-05
-3.41376e-05
-4.05759e-05
-4.71259e-05
-5.18672e-05
-5.52693e-05
-5.74188e-05
-5.83977e-05
-5.8285e-05
-5.60414e-05
-5.35734e-05
0.00229947
0.00355823
0.00349229
0.00324023
0.00300618
0.00278886
0.00258733
0.00240019
0.00222656
0.00205749
0.0019063
0.00176606
0.00163599
0.00151534
0.00140345
0.00129967
0.00120343
0.00111418
0.00103142
0.000954677
0.000883519
0.000817543
0.000756376
0.00069961
0.000646892
0.000599591
0.00055602
0.000516006
0.000479344
0.000445819
0.000415213
0.00038732
0.00036194
0.000338889
0.000317994
0.000299094
0.000282045
0.000266705
0.000252953
0.00024067
0.000229753
0.000220101
0.000211629
0.000204253
0.0001979
0.000192502
0.000188023
