4.18299e-08
3.31716e-07
1.10319e-06
2.57307e-06
4.94228e-06
8.39666e-06
1.31077e-05
1.92335e-05
2.69189e-05
3.62969e-05
4.74887e-05
6.06045e-05
7.57442e-05
9.29978e-05
0.000112446
0.00013416
0.000158204
0.000184633
0.000213495
0.00024483
0.000278674
0.000315053
0.000353989
0.000395499
0.000439593
0.000486276
0.000535552
0.000587433
0.00064194
0.000699101
0.000758952
0.000821592
0.000887161
0.000955829
0.00102779
0.00110327
0.0011825
0.00126575
0.00135328
0.0014454
0.0015424
0.00164459
0.0017523
0.00186585
0.00198556
0.00211179
0.00224487
0.00238513
0.00253292
0.00268857
0.00285242
0.00302481
0.00320603
0.00339634
0.00359599
0.00380518
0.00402408
0.00425285
0.00449161
0.00474046
0.00499949
0.00526875
0.00554829
0.00583812
0.00613824
0.00644865
0.00676931
0.00710018
0.0074412
0.0077923
0.0081534
0.0085244
0.00890519
0.00929567
0.0096957
0.0101051
0.0105239
0.0109517
0.0113886
0.0118344
0.0122889
0.012752
0.0132237
0.0137038
0.0141923
0.014689
0.015194
0.0157071
0.0162283
0.0167576
0.0172949
0.0178402
0.0183934
0.0189545
0.0195235
0.0201005
0.0206853
0.0212781
0.0218788
0.0224874
0.023104
0.0237286
0.0243612
0.0250018
0.0256504
0.026307
0.0269715
0.0276438
0.028324
0.0290118
0.0297072
0.0304101
0.0311204
0.0318379
0.0325625
0.033294
0.0340323
0.0347772
0.0355286
0.0362862
0.0370499
0.0378196
0.0385949
0.0393757
0.0401619
0.0409532
0.0417494
0.0425504
0.043356
0.0441661
0.0449804
0.045799
0.0466216
0.0474482
0.0482787
0.0491132
0.0499515
0.0507936
0.0516394
0.0524888
0.0533418
0.0541982
0.0550579
0.0559209
0.0567869
0.0576558
0.0585273
0.0594012
0.0602772
0.0611551
0.0620346
0.062916
0.0637995
0.0646855
0.0655742
0.0664659
0.0673607
0.0682588
0.0691603
0.0700653
0.0709739
0.0718863
0.0728023
0.0737221
0.0746456
0.0755727
0.0765036
0.077438
0.078376
0.0793173
0.080262
0.0812098
0.0821607
0.0831144
0.0840709
0.0850299
0.0859912
0.0869548
0.0879204
0.0888879
0.089857
0.0908278
0.0918
0.0927737
0.0937488
0.0947251
0.0957026
0.0966812
0.0976608
0.0986413
0.0996225
0.100604
0.101587
0.102569
0.103552
0.104534
0.105516
0.106497
0.107476
0.108454
0.109431
0.110405
0.111379
0.112351
0.113324
0.114296
0.115269
0.116242
0.117216
0.118191
0.119167
0.120144
0.121123
0.122103
0.123085
0.124069
0.125054
0.12604
0.127029
0.128018
0.12901
0.130003
0.130997
0.131993
0.13299
0.133988
0.134987
0.135986
0.136987
0.137988
0.138989
0.139991
0.140994
0.141996
0.142999
0.144002
0.145006
0.146009
0.147013
0.148017
0.14902
0.150024
0.151027
0.152029
0.153031
0.154032
0.155032
0.15603
0.157026
0.15802
0.159012
0.160002
0.16099
0.161976
0.162962
0.163948
0.164933
0.165918
0.166904
0.16789
0.168877
0.169864
0.170853
0.171843
0.172834
0.173827
0.17482
0.175815
0.176812
0.177809
0.178808
0.179809
0.18081
0.181812
0.182816
0.18382
0.184825
0.18583
0.186836
0.187843
0.18885
0.189857
0.190864
0.191871
0.192878
0.193886
0.194894
0.195901
0.196909
0.197916
0.198923
0.19993
0.200937
0.201942
0.202947
0.203951
0.204954
0.205955
0.206954
0.20795
0.208945
0.209937
0.210927
0.211916
0.212904
0.213891
0.214879
0.215866
0.216853
0.217841
0.21883
0.219819
0.22081
0.221801
0.222794
0.223787
0.224783
0.225779
0.226777
0.227776
0.228776
0.229777
0.23078
0.231783
0.232788
0.233793
0.234799
0.235805
0.236812
0.237819
0.238827
0.239835
0.240843
0.241851
0.242859
0.243867
0.244875
0.245884
0.246892
0.2479
0.248908
0.249915
0.250922
0.251928
0.252934
0.253938
0.254941
0.255942
0.256942
0.257939
0.258934
0.259926
0.260917
0.261906
0.262894
0.263882
0.26487
0.265857
0.266845
0.267833
0.268822
0.269812
0.270802
0.271794
0.272787
0.273781
0.274776
0.275773
0.276771
0.27777
0.278771
0.279772
0.280775
0.281778
0.282783
0.283788
0.284794
0.285801
0.286808
0.287816
0.288823
0.289831
0.290839
0.291847
0.292856
0.293864
0.294872
0.295881
0.296889
0.297897
0.298905
0.299913
0.30092
0.301926
0.302932
0.303936
0.304939
0.30594
0.30694
0.307937
0.308932
0.309924
0.310915
0.311904
0.312893
0.313881
0.314868
0.315856
0.316844
0.317832
0.318821
0.319811
0.320801
0.321793
0.322786
0.32378
0.324775
0.325772
0.32677
0.327769
0.32877
0.329771
0.330774
0.331778
0.332782
0.333788
0.334794
0.3358
0.336807
0.337815
0.338823
0.339831
0.340839
0.341847
0.342855
0.343864
0.344872
0.34588
0.346889
0.347897
0.348905
0.349912
0.350919
0.351926
0.352931
0.353936
0.354939
0.35594
0.35694
0.357937
0.358932
0.359924
0.360915
0.361904
0.362893
0.36388
0.364868
0.365856
0.366843
0.367832
0.368821
0.36981
0.370801
0.371793
0.372786
0.37378
0.374775
0.375772
0.37677
0.377769
0.37877
0.379771
0.380774
0.381777
0.382782
0.383787
0.384794
0.3858
0.386807
0.387815
0.388823
0.389831
0.390839
0.391847
0.392855
0.393863
0.394872
0.39588
0.396889
0.397897
0.398905
0.399912
0.400919
0.401926
0.402931
0.403936
0.404939
0.40594
0.40694
0.407937
0.408932
0.409924
0.410915
0.411904
0.412893
0.41388
0.414868
0.415856
0.416843
0.417832
0.418821
0.41981
0.420801
0.421793
0.422786
0.42378
0.424775
0.425772
0.42677
0.427769
0.428769
0.429771
0.430774
0.431777
0.432782
0.433787
0.434794
0.4358
0.436807
0.437815
0.438823
0.439831
0.440839
0.441847
0.442855
0.443863
0.444872
0.44588
0.446889
0.447897
0.448905
0.449912
0.450919
0.451926
0.452931
0.453936
0.454939
0.45594
0.45694
0.457937
0.458932
0.459924
0.460915
0.461904
0.462893
0.46388
0.464868
0.465856
0.466843
0.467832
0.468821
0.46981
0.470801
0.471793
0.472786
0.47378
0.474775
0.475772
0.47677
0.477769
0.47877
0.479771
0.480774
0.481777
0.482782
0.483787
0.484794
0.4858
0.486807
0.487815
0.488823
0.489831
0.490839
0.491847
0.492855
0.493863
0.494872
0.49588
0.496889
0.497897
0.498905
0.499912
0.500919
0.501926
0.502931
0.503936
0.504939
0.50594
0.50694
0.507937
0.508932
0.509924
0.510915
0.511904
0.512893
0.51388
0.514868
0.515856
0.516843
0.517832
0.518821
0.51981
0.520801
0.521793
0.522786
0.52378
0.524775
0.525772
0.52677
0.527769
0.528769
0.529771
0.530774
0.531777
0.532782
0.533787
0.534794
0.5358
0.536807
0.537815
0.538823
0.539831
0.540839
0.541847
0.542855
0.543863
0.544872
0.54588
0.546889
0.547897
0.548905
0.549912
0.550919
0.551926
0.552931
0.553936
0.554939
0.55594
0.55694
0.557937
0.558932
0.559924
0.560915
0.561904
0.562893
0.56388
0.564868
0.565856
0.566843
0.567832
0.568821
0.56981
0.570801
0.571793
0.572786
0.57378
0.574775
0.575772
0.57677
0.577769
0.578769
0.579771
0.580774
0.581777
0.582782
0.583787
0.584794
0.5858
0.586807
0.587815
0.588823
0.589831
0.590839
0.591847
0.592855
0.593863
0.594872
0.59588
0.596889
0.597897
0.598905
0.599912
0.600919
0.601926
0.602931
0.603936
0.604939
0.60594
0.60694
0.607937
0.608932
0.609924
0.610915
0.611904
0.612893
0.61388
0.614868
0.615856
0.616843
0.617832
0.618821
0.61981
0.620801
0.621793
0.622786
0.62378
0.624775
0.625772
0.62677
0.627769
0.628769
0.629771
0.630774
0.631777
0.632782
0.633787
0.634794
0.6358
0.636807
0.637815
0.638823
0.63983
0.640839
0.641847
0.642855
0.643863
0.644872
0.64588
0.646889
0.647897
0.648905
0.649912
0.650919
0.651926
0.652931
0.653936
0.654939
0.65594
0.65694
0.657937
0.658932
0.659924
0.660915
0.661904
0.662893
0.66388
0.664868
0.665856
0.666843
0.667832
0.668821
0.66981
0.670801
0.671793
0.672786
0.67378
0.674775
0.675772
0.67677
0.677769
0.678769
0.679771
0.680774
0.681777
0.682782
0.683787
0.684794
0.6858
0.686807
0.687815
0.688823
0.689831
0.690839
0.691847
0.692855
0.693863
0.694872
0.69588
0.696889
0.697897
0.698905
0.699912
0.700919
0.701926
0.702931
0.703936
0.704939
0.70594
0.70694
0.707937
0.708932
0.709924
0.710915
0.711904
0.712893
0.71388
0.714868
0.715856
0.716843
0.717832
0.718821
0.71981
0.720801
0.721793
0.722786
0.72378
0.724775
0.725772
0.72677
0.727769
0.72877
0.729771
0.730774
0.731777
0.732782
0.733787
0.734794
0.7358
0.736807
0.737815
0.738823
0.739831
0.740839
0.741847
0.742855
0.743863
0.744872
0.74588
0.746889
0.747897
0.748905
0.749912
0.750919
0.751926
0.752931
0.753936
0.754939
0.75594
0.75694
0.757937
0.758932
0.759924
0.760915
0.761904
0.762893
0.76388
0.764868
0.765856
0.766843
0.767832
0.768821
0.76981
0.770801
0.771793
0.772786
0.77378
0.774775
0.775772
0.77677
0.777769
0.778769
0.779771
0.780774
0.781777
0.782782
0.783787
0.784794
0.7858
0.786807
0.787815
0.788823
0.789831
0.790839
0.791847
0.792855
0.793863
0.794872
0.79588
0.796889
0.797897
0.798905
0.799912
0.800919
0.801926
0.802931
0.803936
0.804939
0.80594
0.80694
0.807937
0.808932
0.809924
0.810915
0.811904
0.812893
0.81388
0.814868
0.815856
0.816843
0.817832
0.818821
0.81981
0.820801
0.821793
0.822786
0.82378
0.824775
0.825772
0.82677
0.827769
0.82877
0.829771
0.830774
0.831777
0.832782
0.833787
0.834794
0.8358
0.836807
0.837815
0.838823
0.839831
0.840839
0.841847
0.842855
0.843863
0.844872
0.84588
0.846889
0.847897
0.848905
0.849912
0.850919
0.851926
0.852931
0.853936
0.854939
0.85594
0.85694
0.857937
0.858932
0.859924
0.860915
0.861904
0.862893
0.86388
0.864868
0.865856
0.866843
0.867832
0.868821
0.86981
0.870801
0.871793
0.872786
0.87378
0.874775
0.875772
0.87677
0.877769
0.878769
0.879771
0.880774
0.881777
0.882782
0.883787
0.884794
0.8858
0.886807
0.887815
0.888823
0.889831
0.890839
0.891847
0.892855
0.893863
0.894872
0.89588
0.896889
0.897897
0.898905
0.899912
0.900919
0.901926
0.902931
0.903936
0.904939
0.90594
0.90694
0.907937
