0
-0.00300435
-0.00631057
-0.00872832
-0.0105422
-0.0117303
-0.0124076
-0.012576
-0.0122605
-0.0116443
-0.0108105
-0.0097743
-0.00870681
-0.00813908
-0.00808295
-0.00847454
-0.0089734
-0.00958686
-0.0103156
-0.0111582
-0.0121132
-0.0131794
-0.0143556
-0.0156407
-0.0170087
-0.0184555
-0.0199839
-0.0215903
-0.0232702
-0.025026
-0.0268586
-0.0286998
-0.0303554
-0.031943
-0.0334638
-0.0349196
-0.0363085
-0.0376304
-0.0388855
-0.040074
-0.0411961
-0.042252
-0.0432418
-0.0441657
-0.0450239
-0.0458166
-0.0465438
-0.0472056
-0.0478021
-0.0483333
-0.0487992
-0.0492126
-0.0495819
-0.0498943
-0.0501425
-0.0503227
-0.0504387
-0.0504897
-0.0504753
-0.0503954
-0.0502498
-0.0500385
-0.0497613
-0.0494344
-0.0490574
-0.0486299
-0.0481512
-0.0476208
-0.0470379
-0.046402
-0.045712
-0.0449672
-0.0441665
-0.0433089
-0.0423931
-0.0414179
-0.0403883
-0.0392956
-0.0381546
-0.0369603
-0.0357094
-0.0343997
-0.0330294
-0.0315969
-0.030101
-0.0285401
-0.026913
-0.0252182
-0.0234543
-0.0216197
-0.019713
-0.0177521
-0.0157405
-0.0136764
-0.0115578
-0.00938261
-0.00714859
-0.00485258
-0.00266577
-0.000552765
0.00148786
0.00341816
0.00521984
0.00692505
0.00855594
0.0101245
0.0116372
0.0130979
0.0144797
0.0157869
0.0170203
0.0181808
0.0192689
0.0202852
0.0213352
0.0222249
0.0230514
0.0238199
0.0245405
0.0252298
0.0258881
0.0265156
0.0271126
0.0276795
0.0282164
0.028724
0.0291942
0.0293134
0.0293665
0.029458
0.0295453
0.0296044
0.0296222
0.0295909
0.0295063
0.0293657
0.0291674
0.0289102
0.0285933
0.0282159
0.0277772
0.0272764
0.0267126
0.0262409
0.0258258
0.0254763
0.0251914
0.0249706
0.0248133
0.0247191
0.0246875
0.024301
0.0241409
0.0241214
0.0242981
0.0245391
0.0248499
0.0252324
0.0256873
0.0262147
0.0268145
0.0274869
0.028232
0.0290502
0.0299417
0.0309019
0.0319314
0.0330312
0.034202
0.0354448
0.0367608
0.0381511
0.0396212
0.0411688
0.0427958
0.0444534
0.0459633
0.0480584
0.0498947
0.0514433
0.0527106
0.0538931
0.0551538
0.0566121
0.0581936
0.0598573
0.0615811
0.0633538
0.0651701
0.0670287
0.0689319
0.0707105
0.0723884
0.0739662
0.0754445
0.0768241
0.0781055
0.0792897
0.0803762
0.0813668
0.0822724
0.0829639
0.0834752
0.0839548
0.0843425
0.0846517
0.0848891
0.0850578
0.0852688
0.0857864
0.0864322
0.0871379
0.0878672
0.0886004
0.089365
0.0901867
0.0910797
0.092052
0.0931085
0.0942518
0.0954799
0.0967031
0.0979187
0.0991409
0.100372
0.101612
0.10288
0.104159
0.105444
0.106742
0.108063
0.10943
0.110606
0.11171
0.11274
0.113711
0.114618
0.115452
0.116288
0.117178
0.118061
0.119008
0.120015
0.121018
0.122018
0.123017
0.124015
0.125012
0.126007
0.127
0.127991
0.128947
0.129871
0.130801
0.131761
0.132738
0.133719
0.134702
0.135687
0.136672
0.137659
0.138647
0.139636
0.140627
0.14162
0.142614
0.143609
0.144606
0.145604
0.146604
0.147606
0.148609
0.149613
0.150618
0.151625
0.152633
0.153647
0.154657
0.155668
0.156678
0.15769
0.158701
0.159713
0.160725
0.161737
0.16275
0.163763
0.164776
0.165789
0.166802
0.167815
0.168828
0.169841
0.170853
0.171863
0.172867
0.17387
0.174871
0.17587
0.176867
0.177862
0.178818
0.179738
0.180655
0.181593
0.182564
0.183547
0.184532
0.185517
0.186504
0.187492
0.188481
0.18947
0.190461
0.191453
0.192446
0.19344
0.194436
0.195433
0.196431
0.197431
0.198431
0.199433
0.200435
0.201439
0.202443
0.203464
0.204474
0.205482
0.206488
0.207495
0.208502
0.209508
0.210515
0.211522
0.212528
0.213535
0.214542
0.215548
0.216555
0.217562
0.218568
0.219573
0.220579
0.221583
0.222586
0.223588
0.224588
0.225587
0.226582
0.227577
0.228533
0.229457
0.230382
0.231331
0.232314
0.233301
0.234287
0.235274
0.236262
0.237251
0.23824
0.239231
0.240222
0.241215
0.242209
0.243205
0.244201
0.245199
0.246198
0.247199
0.248202
0.249205
0.250209
0.251214
0.252219
0.253354
0.254364
0.255375
0.256385
0.257396
0.258407
0.259415
0.260425
0.261434
0.262444
0.263454
0.264465
0.265476
0.266487
0.267498
0.26851
0.269521
0.270532
0.271542
0.272552
0.273561
0.274569
0.275575
0.27658
0.277582
0.277962
0.277904
0.277589
0.277279
0.27705
0.277472
0.278333
0.279271
0.280227
0.281208
0.282188
0.283169
0.28416
0.285157
0.286161
0.287172
0.288184
0.289197
0.290209
0.291221
0.292234
0.293247
0.294259
0.295272
0.296285
0.297299
0.298312
0.299035
0.299851
0.300743
0.30166
0.302589
0.303524
0.304462
0.3054
0.306338
0.307274
0.308208
0.30914
0.310068
0.310994
0.311915
0.312832
0.313745
0.314653
0.315555
0.316452
0.317342
0.318226
0.319103
0.31993
0.32069
0.321418
0.322133
0.322843
0.323554
0.324268
0.324983
0.325689
0.326487
0.327373
0.328348
0.329374
0.330452
0.331585
0.332777
0.334034
0.335241
0.336404
0.337521
0.338595
0.339625
0.340631
0.341612
0.342569
0.343499
0.34439
0.345228
0.345986
0.346778
0.347646
0.348582
0.349573
0.35057
0.35157
0.352572
0.353575
0.354578
0.355581
0.356583
0.357584
0.358585
0.359583
0.360591
0.361598
0.362604
0.363609
0.364611
0.365611
0.366608
0.367046
0.367045
0.366994
0.367104
0.367503
0.368316
0.369225
0.370188
0.371185
0.372201
0.373223
0.374246
0.375271
0.376298
0.37733
0.378373
0.379428
0.380502
0.381598
0.382725
0.383883
0.384901
0.385919
0.386935
0.387952
0.388969
0.389984
0.390699
0.391503
0.392391
0.393341
0.394312
0.395296
0.396286
0.39728
0.398275
0.399271
0.400266
0.40126
0.402254
0.403246
0.404237
0.405228
0.406217
0.407204
0.40819
0.409175
0.410157
0.411137
0.412114
0.413071
0.414008
0.414989
0.415978
0.416965
0.417953
0.418941
0.41993
0.420919
0.421909
0.422899
0.423891
0.424885
0.425879
0.426875
0.427873
0.428872
0.429872
0.430874
0.431877
0.432882
0.433917
0.434924
0.435933
0.436943
0.437954
0.438619
0.439128
0.439772
0.440515
0.441338
0.442229
0.44318
0.444175
0.445178
0.446184
0.447194
0.448205
0.449216
0.450228
0.45124
0.452252
0.453263
0.454274
0.455283
0.456291
0.457298
0.458303
0.459305
0.460305
0.461287
0.462251
0.463211
0.464182
0.465167
0.466155
0.467144
0.468135
0.469127
0.470121
0.471115
0.47211
0.473106
0.474103
0.475101
0.476101
0.477101
0.478102
0.479105
0.480108
0.481113
0.482118
0.483124
0.48413
0.485131
0.486135
0.487136
0.488138
0.488972
0.489875
0.49082
0.49179
0.492775
0.493768
0.494702
0.495652
0.496655
0.49766
0.498664
0.499644
0.500648
0.501652
0.502651
0.503653
0.504655
0.505656
0.506655
0.507652
0.508648
0.509641
0.510604
0.511539
0.512473
0.513426
0.514407
0.515391
0.516376
0.517363
0.518351
0.51934
0.52033
0.521322
0.522314
0.523309
0.524304
0.525301
0.5263
0.5273
0.528301
0.529304
0.530309
0.531315
0.532322
0.53333
0.534339
0.53535
0.536361
0.537038
0.537791
0.538628
0.539536
0.540507
0.541499
0.542499
0.543504
0.544512
0.545521
0.546531
0.547541
0.548551
0.549561
0.550571
0.551579
0.552587
0.553593
0.554598
0.555601
0.556602
0.5576
0.558596
0.559556
0.56048
0.561398
0.562334
0.5633
0.564281
0.565264
0.566247
0.567232
0.568217
0.569203
0.57019
0.571177
0.572165
0.573155
0.57418
0.57516
0.576164
0.577166
0.578166
0.579166
0.580166
0.581166
0.582167
0.583168
0.584172
0.585173
0.585852
0.586603
0.587435
0.588335
0.589296
0.59028
0.591274
0.592272
0.593273
0.594275
0.595279
0.596282
0.597286
0.59829
0.599294
0.600297
0.6013
0.602301
0.603301
0.6043
0.605297
0.606292
0.607284
0.608262
0.609229
0.610195
0.611173
0.612155
0.613139
0.614124
0.61511
0.616098
0.617086
0.618076
0.619067
0.620059
0.621052
0.622048
0.623044
0.624042
0.625042
0.626043
0.627046
0.62805
0.629056
0.630062
0.63107
0.632079
0.633092
0.634103
0.635115
0.636127
0.637139
0.638152
0.639165
0.640178
0.641191
0.642205
0.643218
0.644231
0.645244
0.646257
0.647269
0.648281
0.649292
0.650302
0.65131
0.652318
0.653324
0.654328
0.65533
0.656329
0.657325
0.658283
0.659202
0.660117
0.661052
0.662021
0.663004
0.663988
0.664974
0.66596
0.666947
0.667934
0.668922
0.669911
0.670901
0.671892
0.672884
0.673876
0.67487
0.675864
0.67686
0.677856
0.678853
0.679851
0.680849
0.681848
0.682868
0.683873
0.684872
0.685865
0.686685
0.687531
0.688449
0.689366
0.690324
0.691159
0.692029
0.692963
0.693917
0.694915
0.695925
0.696935
0.697944
0.698952
0.699959
0.700966
0.701971
0.702975
0.703977
0.704977
0.705974
0.706966
0.707953
0.708941
0.709932
0.710923
0.711915
0.712906
0.713899
0.714891
0.715885
0.71688
0.717877
0.718874
0.719873
0.720874
0.721876
0.722879
0.723884
0.724891
0.725899
0.726909
0.72792
0.728932
0.729945
0.73096
0.731975
0.732992
0.734009
0.735027
0.736045
0.737063
0.738082
0.739101
0.74012
0.741139
0.742158
0.743177
0.744196
0.745215
0.746233
0.747251
0.748335
0.749483
0.750692
0.751814
0.75286
0.753864
0.754852
0.755823
0.756776
0.75769
0.758502
0.759397
0.760363
0.761349
0.762352
0.763376
0.764427
0.765509
0.76664
0.767719
0.768747
0.769739
0.770719
0.771685
0.772635
0.773567
0.774475
0.775473
0.776505
0.777503
0.778503
0.779503
0.780504
0.781505
0.782509
0.783511
0.784214
0.785009
0.78589
0.786826
0.787792
0.788771
0.789756
0.790745
0.791734
0.792724
0.793712
0.7947
0.795686
0.79667
0.797652
0.798633
0.799611
0.800587
0.801586
0.802583
0.803577
0.804569
0.805558
0.806016
0.806069
0.806215
0.806606
0.807358
0.80818
0.809011
0.809841
0.810762
0.811764
0.812805
0.813819
0.814834
0.815849
0.816864
0.817878
0.818892
0.819907
0.820922
0.821937
0.822953
0.823969
0.824985
0.826001
0.827018
0.828036
0.829053
0.82976
0.830559
0.83144
0.83239
0.83337
0.834363
0.835364
0.83637
0.837377
0.838385
0.839393
0.840401
0.841408
0.842415
0.84342
0.844424
0.845427
0.846428
0.847428
0.848425
0.849419
0.850411
