-0.0355023
-0.0281184
-0.0281162
-0.0280811
-0.0300588
-0.032505
-0.0346912
-0.0359728
-0.0359456
-0.0351059
-0.0334732
-0.0310338
-0.0282129
-0.0263902
-0.0255845
-0.0255908
-0.0255941
-0.0255977
-0.0256017
-0.0256058
-0.02561
-0.0256142
-0.0256184
-0.0256225
-0.0256263
-0.0256296
-0.0256259
-0.0256261
-0.0256187
-0.0256117
-0.0256051
-0.025582
-0.0255796
-0.0255765
-0.0255743
-0.0255752
-0.0255765
-0.0255781
-0.02558
-0.0255821
-0.0255844
-0.0255869
-0.0255894
-0.025592
-0.0255947
-0.0255973
-0.0255999
-0.0256025
-0.025605
-0.0256074
-0.0276117
-0.0276121
-0.0276101
-0.0276068
-0.027603
-0.0275991
-0.0275952
-0.0275915
-0.027588
-0.0275846
-0.0275813
-0.0275782
-0.0275752
-0.0275724
-0.0275697
-0.0275672
-0.0275649
-0.0275627
-0.0275607
-0.0275589
-0.0275573
-0.0275559
-0.0275548
-0.0275539
-0.0275533
-0.0275531
-0.0275542
-0.0275537
-0.0275527
-0.0275512
-0.0275496
-0.0275477
-0.0275456
-0.0275435
-0.0275412
-0.0275387
-0.0275362
-0.0275336
-0.0275308
-0.027528
-0.027525
-0.0275242
-0.0275247
-0.0275265
-0.0275297
-0.027534
-0.0275394
-0.0275459
-0.0275523
-0.0275599
0.0104065
0.0104016
0.0104187
0.0104382
0.0104585
0.0104791
0.0104995
0.0105196
0.0105419
0.0105636
0.0105845
0.0106047
0.0106241
0.0106427
0.0107218
0.0107348
0.0107455
0.0107552
0.0107642
0.0107724
0.01078
0.0107868
0.010793
0.0107984
0.0108031
0.0108071
0.0108077
0.0104724
0.0100187
0.00976809
0.00962883
0.00955071
0.00950609
0.00947973
0.00946319
0.0094518
0.00944296
0.00943521
0.00942774
0.00942006
0.00941189
0.00940308
0.00939349
0.00940187
0.00938434
0.00936965
0.00935614
0.0093429
0.00932941
0.00931539
0.042591
0.0417047
0.0417184
0.0417376
0.0417597
0.0417807
0.0418006
0.0418198
0.0418382
0.0418561
0.0418735
0.0418906
0.0419072
0.0419236
0.0419399
0.0419559
0.0419718
0.0419876
0.0420033
0.042019
0.0420347
0.0420504
0.0420705
0.0420906
0.0421106
0.0421879
0.0425963
0.0441383
0.0449125
0.0448832
0.0440725
0.0429079
0.0418579
0.041305
0.0410262
0.0408987
0.040855
0.0408575
0.0408858
0.0409284
0.0409792
0.0410269
0.0410736
0.0411186
0.0411614
0.0412018
0.0412397
0.0412749
0.0413021
0.0413279
0.0877813
0.0877705
0.0877437
0.0877039
0.0876614
0.0876185
0.0875765
0.0875358
0.0875795
0.0875796
0.0875819
0.0875866
0.0875938
0.0876035
0.087615
0.087628
0.0876425
0.0876583
0.0876754
0.0876938
0.0877082
0.0877174
0.0877182
0.0877188
0.0877194
0.08772
0.0877273
0.0877325
0.0877349
0.0877369
0.0877385
0.0877398
0.0877011
0.087679
0.0876672
0.0876597
0.0876542
0.0876494
0.0876439
0.0877768
0.0877241
0.0876942
0.0876762
0.0876664
0.087661
0.0876581
0.0876565
0.0876556
0.0876552
0.0876549
0.133567
0.133545
0.133506
0.133475
0.133464
0.133464
0.133464
0.133464
0.133464
0.133464
0.133464
0.133464
0.133464
0.133464
0.133464
0.133464
0.133464
0.133464
0.133464
0.133464
0.133464
0.133464
0.133464
0.133464
0.133464
0.133464
0.133467
0.133467
0.133467
0.133467
0.133467
0.133467
0.133467
0.133467
0.133467
0.133467
0.133467
0.133467
0.133467
0.133467
0.133467
0.133467
0.133467
0.133467
0.133467
0.133467
0.133467
0.133467
0.133467
0.133467
0.182445
0.182425
0.182388
0.182351
0.182326
0.182321
0.18232
0.18232
0.18232
0.18232
0.18232
0.18232
0.18232
0.18232
0.18232
0.18232
0.18232
0.18232
0.18232
0.18232
0.18232
0.18232
0.18232
0.18232
0.18232
0.18232
0.18233
0.182332
0.182332
0.182332
0.182332
0.182332
0.182332
0.182332
0.182332
0.182332
0.182332
0.182332
0.182332
0.182332
0.182332
0.182332
0.182332
0.182332
0.182332
0.182332
0.182332
0.182332
0.182332
0.182332
0.230944
0.230927
0.230894
0.230862
0.230842
0.230841
0.230841
0.230841
0.230841
0.230841
0.230841
0.230841
0.230841
0.230841
0.230841
0.230841
0.230841
0.230841
0.230841
0.230841
0.230841
0.230841
0.230841
0.230841
0.230841
0.230841
0.23115
0.23115
0.23115
0.23115
0.23115
0.23115
0.23115
0.23115
0.23115
0.23115
0.23115
0.23115
0.23115
0.23115
0.23115
0.23115
0.23115
0.23115
0.23115
0.23115
0.23115
0.23115
0.23115
0.23115
0.280931
0.279705
0.277464
0.2746
0.271784
0.271772
0.27174
0.271687
0.271654
0.27164
0.27164
0.27164
0.27164
0.27164
0.27164
0.27164
0.27164
0.27164
0.27164
0.27164
0.27164
0.27164
0.27164
0.27164
0.27164
0.27164
0.271636
0.271636
0.27121
0.27095
0.270807
0.270728
0.270684
0.27066
0.270646
0.270638
0.270634
0.270631
0.270629
0.270628
0.270627
0.270626
0.270625
0.270624
0.270623
0.270622
0.270621
0.27062
0.270619
0.270617
0.319755
0.319761
0.319766
0.319773
0.319781
0.319788
0.319796
0.319802
0.319808
0.319813
0.319817
0.319821
0.319821
0.31982
0.319819
0.319818
0.319815
0.319813
0.31981
0.319806
0.319802
0.319798
0.319794
0.319789
0.319784
0.319778
0.319769
0.319762
0.319755
0.319609
0.319434
0.319337
0.319284
0.319255
0.319239
0.31923
0.319225
0.319223
0.319222
0.319221
0.31922
0.31922
0.31922
0.31922
0.31922
0.31922
0.31922
0.31922
0.31922
0.31922
0.369695
0.368541
0.366375
0.366392
0.366414
0.366439
0.366466
0.366491
0.366509
0.366518
0.366518
0.366518
0.366518
0.366518
0.366518
0.366518
0.366518
0.366517
0.366516
0.366514
0.366512
0.36658
0.36658
0.36658
0.36658
0.36658
0.366576
0.366576
0.366147
0.365882
0.365737
0.365657
0.365613
0.365589
0.365576
0.365569
0.365565
0.365563
0.365562
0.365561
0.365561
0.365561
0.365562
0.365562
0.365562
0.365562
0.365562
0.365563
0.365563
0.365563
0.414336
0.414333
0.414327
0.414337
0.414337
0.414337
0.414337
0.414337
0.414337
0.414337
0.414337
0.414337
0.414337
0.414337
0.414337
0.414337
0.414337
0.414337
0.414337
0.414337
0.414337
0.414337
0.414395
0.414395
0.414395
0.414395
0.414394
0.414167
0.413493
0.41311
0.412893
0.412768
0.412702
0.412667
0.412648
0.412637
0.412632
0.412629
0.412627
0.412627
0.412626
0.412626
0.412626
0.412626
0.412626
0.412626
0.412626
0.412627
0.412627
0.412627
0.463613
0.463609
0.463601
0.463594
0.46359
0.46359
0.46359
0.46359
0.46359
0.46359
0.46359
0.46359
0.46359
0.46359
0.46359
0.46359
0.46359
0.46359
0.46359
0.46359
0.46359
0.46359
0.46359
0.46359
0.46359
0.46359
0.463587
0.463587
0.463587
0.463336
0.463198
0.463122
0.46308
0.463057
0.463044
0.463037
0.463033
0.463031
0.46303
0.463029
0.463029
0.463029
0.463029
0.463029
0.463029
0.463029
0.463029
0.463029
0.463029
0.463029
0.511796
0.511781
0.511754
0.511729
0.511715
0.511715
0.511715
0.511715
0.511715
0.511715
0.511715
0.511715
0.511715
0.511715
0.511715
0.511715
0.511715
0.511715
0.511715
0.511715
0.511715
0.511715
0.511715
0.511715
0.511715
0.511715
0.511715
0.511715
0.511325
0.511062
0.510917
0.510837
0.510793
0.510769
0.510756
0.510749
0.510745
0.510743
0.510741
0.510741
0.51074
0.51074
0.51074
0.51074
0.51074
0.51074
0.51074
0.51074
0.51074
0.51074
0.561713
0.561696
0.561662
0.561629
0.561606
0.5616
0.5616
0.5616
0.5616
0.5616
0.5616
0.5616
0.5616
0.5616
0.5616
0.5616
0.561671
0.561671
0.561671
0.561671
0.561671
0.561671
0.561671
0.561671
0.561671
0.561671
0.561667
0.561667
0.561267
0.560991
0.560838
0.560754
0.560708
0.560683
0.560669
0.560661
0.560657
0.560655
0.560654
0.560653
0.560653
0.560653
0.560653
0.560653
0.560653
0.560653
0.560653
0.560653
0.560653
0.560653
0.609372
0.609367
0.60936
0.609355
0.609354
0.609354
0.609354
0.609354
0.609354
0.609354
0.609354
0.609354
0.609354
0.609354
0.609354
0.609354
0.609354
0.609354
0.609354
0.609354
0.609354
0.609354
0.609354
0.609354
0.609354
0.609354
0.609355
0.609355
0.609355
0.609355
0.609355
0.609355
0.609355
0.609355
0.609355
0.609355
0.609355
0.609355
0.609355
0.609355
0.609355
0.609354
0.609354
0.609354
0.609354
0.609354
0.609354
0.609354
0.609354
0.609354
0.660507
0.660488
0.660451
0.660414
0.660388
0.660381
0.660381
0.660381
0.660381
0.660381
0.660381
0.660381
0.660381
0.660381
0.660381
0.660381
0.660381
0.660381
0.660381
0.660381
0.660381
0.660381
0.660381
0.660381
0.660381
0.660381
0.660391
0.660394
0.660394
0.660395
0.660354
0.660234
0.660164
0.660098
0.660126
0.660093
0.660075
0.660065
0.66006
0.660057
0.660055
0.660055
0.660054
0.660054
0.660054
0.660054
0.660054
0.660054
0.660054
0.660054
0.708614
0.70862
0.708631
0.708637
0.708637
0.708637
0.708637
0.708637
0.708637
0.708637
0.708637
0.708637
0.708637
0.708637
0.708637
0.708637
0.708637
0.708637
0.708637
0.708637
0.708637
0.708637
0.708637
0.708637
0.708637
0.708637
0.708637
0.708637
0.708637
0.708637
0.708637
0.708637
0.708637
0.708637
0.708637
0.708637
0.708637
0.708637
0.708637
0.708637
0.708637
0.708637
0.708637
0.708637
0.708637
0.708637
0.708637
0.708637
0.708637
0.708637
0.759982
0.759985
0.759984
0.759993
0.759996
0.759999
0.760001
0.760002
0.760002
0.760001
0.76
0.76
0.76
0.759999
0.759998
0.759996
0.759993
0.75999
0.759986
0.759982
0.760045
0.760045
0.760045
0.760045
0.760045
0.760045
0.76004
0.76004
0.75961
0.759346
0.759201
0.759121
0.759077
0.759053
0.75904
0.759032
0.759028
0.759026
0.759025
0.759025
0.759024
0.759024
0.759024
0.759024
0.759024
0.759024
0.759024
0.759024
0.759024
0.759024
0.807611
0.806536
0.804522
0.804541
0.804564
0.80459
0.804615
0.804639
0.804662
0.804684
0.804705
0.80481
0.80481
0.80481
0.80481
0.80481
0.80481
0.80481
0.80481
0.80481
0.80481
0.80481
0.80481
0.80481
0.80481
0.80481
0.80481
0.80481
0.804388
0.804142
0.804006
0.803931
0.80389
0.803867
0.803855
0.803848
0.803844
0.803842
0.803841
0.803841
0.803841
0.80384
0.80384
0.80384
0.80384
0.80384
0.803841
0.803841
0.803841
0.803841
