-0.0355023
-0.0298261
-0.0239281
-0.0239226
-0.0239122
-0.0239112
-0.0241247
-0.0241529
-0.0264379
-0.0264762
-0.0265248
-0.0265733
-0.0266211
-0.0266715
-0.0267226
-0.0271199
-0.0273336
-0.0274525
-0.0275192
-0.0275576
-0.0275806
-0.027595
-0.0276048
-0.0276118
-0.0276165
-0.0276196
-0.0276148
-0.027614
-0.0276058
-0.0275982
-0.0275911
-0.0275674
-0.0275593
-0.0275539
-0.0275494
-0.0275534
-0.0275575
-0.0275618
-0.027566
-0.0275703
-0.0275745
-0.0275787
-0.0275829
-0.0275869
-0.0275909
-0.0275948
-0.0275985
-0.027602
-0.0276054
-0.0276087
-0.0256097
-0.024507
-0.0229048
-0.021078
-0.0191729
-0.0172669
-0.0154003
-0.0135926
-0.0118524
-0.010182
-0.00858071
-0.007046
-0.00557502
-0.00416474
-0.00281171
-0.00151259
-0.00026419
0.000936458
0.0020921
0.00320524
0.00427817
0.00531297
0.0063114
0.00727498
0.00820502
0.00910254
0.00936024
0.00980139
0.0100465
0.0101837
0.0102616
0.0103069
0.0103342
0.0103516
0.0103635
0.0103723
0.0103793
0.0103851
0.0103901
0.0103945
0.0103982
0.0104006
0.0104025
0.010404
0.0104049
0.0104053
0.0104052
0.0104046
0.0104052
0.0104059
-0.0275686
-0.0253722
-0.0220175
-0.0181462
-0.0140867
-0.0100166
-0.00603038
-0.0021768
0.0015227
0.00505529
0.00841883
0.0116154
0.0146492
0.0175258
0.0203137
0.02291
0.0253706
0.0276996
0.0299034
0.0319884
0.0339605
0.0358254
0.0375885
0.0392553
0.040831
0.0423205
0.0426728
0.0426768
0.0426802
0.0426812
0.0426807
0.0426792
0.0426768
0.042674
0.0426706
0.0426668
0.0426627
0.0426583
0.0426536
0.0426486
0.0426435
0.0426382
0.0426328
0.0426277
0.0426227
0.0426175
0.0426123
0.042607
0.0426017
0.0425963
0.0093007
0.009325
0.0114438
0.0160635
0.0218945
0.0271357
0.0319506
0.0364347
0.0406459
0.0446212
0.0483856
0.0519574
0.055351
0.0585782
0.0616488
0.064572
0.067356
0.070008
0.0725351
0.0749433
0.0772384
0.0794257
0.081514
0.0835033
0.0853971
0.0872561
0.0872942
0.0872954
0.0873083
0.0873338
0.0873712
0.0874117
0.0874503
0.087481
0.0875071
0.0875309
0.0875535
0.0875756
0.0875976
0.0876197
0.0876421
0.0876618
0.0876805
0.0876979
0.0877142
0.0877293
0.0877431
0.0877556
0.0877651
0.0877737
0.0413514
0.0439877
0.0480775
0.0530891
0.0582483
0.0633679
0.0683499
0.0731456
0.0778158
0.0828768
0.0873538
0.0914235
0.0951837
0.0986896
0.102088
0.105391
0.108575
0.11163
0.114555
0.117351
0.119998
0.122486
0.124822
0.127042
0.12915
0.131152
0.131882
0.132681
0.133118
0.13336
0.133494
0.133568
0.133568
0.133568
0.133568
0.133568
0.133567
0.133566
0.133564
0.133564
0.133566
0.133567
0.133567
0.133567
0.133567
0.133567
0.133567
0.133567
0.133567
0.133567
0.0876548
0.0905506
0.0948667
0.0998774
0.105188
0.110538
0.115771
0.120827
0.125677
0.130311
0.134727
0.138931
0.142928
0.146729
0.15034
0.153772
0.157032
0.160129
0.163072
0.165867
0.168522
0.171044
0.17344
0.175715
0.177877
0.17993
0.180746
0.181509
0.181929
0.18216
0.182288
0.182358
0.182397
0.182419
0.18243
0.182437
0.18244
0.182442
0.182444
0.182444
0.182444
0.182445
0.182445
0.182445
0.182445
0.182445
0.182445
0.182445
0.182445
0.182445
0.133467
0.136294
0.140798
0.145961
0.151396
0.156894
0.162287
0.167495
0.172489
0.177259
0.181805
0.186132
0.190247
0.194159
0.197876
0.201408
0.204763
0.207951
0.210979
0.213855
0.216588
0.219183
0.221649
0.223991
0.226215
0.228328
0.229138
0.229952
0.230397
0.230642
0.230777
0.230852
0.230893
0.230915
0.230928
0.230935
0.230939
0.230941
0.230942
0.230943
0.230943
0.230944
0.230944
0.230944
0.230944
0.230944
0.230944
0.230944
0.230944
0.230944
0.182332
0.185343
0.189829
0.195014
0.20049
0.206036
0.211465
0.21671
0.221742
0.226549
0.23113
0.235491
0.239638
0.243581
0.247327
0.250887
0.254269
0.257482
0.260534
0.263433
0.266187
0.268803
0.271288
0.273648
0.275891
0.27802
0.279176
0.279965
0.280399
0.280637
0.280769
0.280842
0.280882
0.280904
0.280916
0.280923
0.280927
0.280929
0.28093
0.28093
0.280931
0.280931
0.280931
0.280931
0.280931
0.280931
0.280931
0.280931
0.280931
0.280931
0.23115
0.231165
0.233192
0.236572
0.239836
0.24355
0.248598
0.254748
0.260543
0.265796
0.270667
0.275202
0.27946
0.283477
0.287276
0.290877
0.294291
0.29753
0.300605
0.303523
0.306293
0.308922
0.311417
0.313786
0.316033
0.318166
0.318934
0.319751
0.31975
0.319749
0.319749
0.319749
0.319749
0.319749
0.319749
0.319749
0.31975
0.31975
0.31975
0.319751
0.319751
0.319751
0.319752
0.319752
0.319753
0.319753
0.319754
0.319754
0.319754
0.319755
0.270616
0.273701
0.278335
0.283668
0.289248
0.294832
0.300294
0.30557
0.310629
0.315462
0.320071
0.324461
0.328649
0.332633
0.336422
0.340027
0.343456
0.346717
0.349815
0.352758
0.355553
0.358206
0.360726
0.363121
0.365397
0.367561
0.368436
0.369245
0.369698
0.369697
0.369696
0.369696
0.369696
0.369695
0.369695
0.369695
0.369695
0.369695
0.369695
0.369695
0.369695
0.369695
0.369695
0.369695
0.369695
0.369695
0.369695
0.369695
0.369695
0.369695
0.31922
0.319238
0.321267
0.325415
0.330842
0.337083
0.343798
0.349751
0.355186
0.360243
0.364999
0.369478
0.373712
0.377722
0.381526
0.385136
0.388563
0.391821
0.394917
0.39786
0.400658
0.403387
0.405903
0.408293
0.410563
0.412719
0.413511
0.414339
0.414338
0.414337
0.414336
0.414336
0.414336
0.414336
0.414336
0.414336
0.414336
0.414336
0.414336
0.414336
0.414336
0.414336
0.414336
0.414336
0.414336
0.414336
0.414336
0.414336
0.414336
0.414336
0.365563
0.368637
0.373225
0.378559
0.384173
0.389793
0.395292
0.400604
0.4057
0.410568
0.415208
0.419624
0.423825
0.427817
0.431611
0.435217
0.438642
0.441895
0.444986
0.447923
0.450712
0.453361
0.455937
0.458327
0.460598
0.462754
0.463617
0.463615
0.463621
0.46362
0.463618
0.463615
0.463614
0.463614
0.463614
0.463614
0.463614
0.463614
0.463614
0.463614
0.463614
0.463614
0.463614
0.463613
0.463613
0.463613
0.463613
0.463613
0.463613
0.463613
0.412627
0.415474
0.420155
0.425503
0.431112
0.436752
0.442262
0.447582
0.452683
0.457556
0.462199
0.466618
0.470821
0.474816
0.478612
0.482219
0.485647
0.488903
0.491996
0.494934
0.497725
0.500376
0.502894
0.505287
0.507559
0.509717
0.51052
0.511344
0.511798
0.511797
0.511797
0.511796
0.511796
0.511796
0.511796
0.511796
0.511796
0.511796
0.511796
0.511796
0.511796
0.511796
0.511796
0.511796
0.511796
0.511796
0.511796
0.511796
0.511796
0.511796
0.463029
0.466086
0.470643
0.475912
0.481476
0.487101
0.492603
0.49792
0.503019
0.507891
0.512535
0.516955
0.521158
0.525154
0.528951
0.532559
0.535987
0.539243
0.542337
0.545275
0.548067
0.550718
0.553237
0.555629
0.557901
0.56006
0.560925
0.561717
0.561716
0.561715
0.561714
0.561714
0.561713
0.561713
0.561713
0.561713
0.561713
0.561713
0.561713
0.561713
0.561713
0.561713
0.561713
0.561713
0.561713
0.561713
0.561713
0.561713
0.561713
0.561713
0.51074
0.513585
0.518215
0.52351
0.529072
0.53469
0.540202
0.545524
0.550627
0.5555
0.560145
0.564566
0.568769
0.572766
0.576563
0.580171
0.583672
0.586944
0.590031
0.592966
0.595756
0.598407
0.600926
0.603318
0.605591
0.60775
0.60855
0.609376
0.609374
0.609373
0.609373
0.609373
0.609373
0.609372
0.609372
0.609372
0.609372
0.609372
0.609372
0.609372
0.609372
0.609372
0.609372
0.609372
0.609372
0.609372
0.609372
0.609372
0.609372
0.609372
0.560653
0.563737
0.56834
0.57366
0.579274
0.584899
0.590403
0.595721
0.600821
0.605695
0.610339
0.61476
0.618964
0.622961
0.626759
0.630368
0.633796
0.637054
0.640148
0.643087
0.645879
0.648531
0.65105
0.653443
0.655716
0.657875
0.658748
0.659539
0.659974
0.660213
0.660346
0.660418
0.660459
0.660481
0.660493
0.6605
0.660504
0.660506
0.660507
0.660507
0.660507
0.660507
0.660507
0.660507
0.660507
0.660507
0.660507
0.660507
0.660507
0.660507
0.609354
0.612198
0.616822
0.622109
0.627668
0.633284
0.638797
0.644119
0.649222
0.654096
0.658741
0.663162
0.667366
0.671363
0.675161
0.678769
0.682198
0.685454
0.688548
0.691487
0.694279
0.696931
0.69945
0.701843
0.704116
0.706275
0.707102
0.707938
0.708392
0.708644
0.708643
0.708643
0.708642
0.708615
0.708614
0.708614
0.708614
0.708614
0.708614
0.708614
0.708614
0.708614
0.708614
0.708614
0.708614
0.708614
0.708614
0.708614
0.708614
0.708614
0.660054
0.663151
0.667781
0.67313
0.678747
0.68437
0.689872
0.695188
0.700287
0.705159
0.709803
0.714223
0.718427
0.722423
0.726221
0.72983
0.733259
0.736516
0.739611
0.742551
0.745344
0.747998
0.750519
0.752913
0.755188
0.757349
0.758222
0.759013
0.759448
0.759688
0.75982
0.759893
0.759933
0.759955
0.759967
0.759974
0.759978
0.75998
0.759981
0.759982
0.759982
0.759982
0.759982
0.759982
0.759982
0.759982
0.759982
0.759982
0.759982
0.759982
0.708637
0.711482
0.716139
0.721565
0.727217
0.732859
0.738372
0.743695
0.7488
0.753679
0.758333
0.762757
0.766964
0.770963
0.774765
0.778378
0.781812
0.785075
0.788176
0.791126
0.793995
0.796647
0.799167
0.80156
0.803833
0.805992
0.806787
0.807615
0.807613
0.807613
0.807612
0.807612
0.807612
0.807612
0.807611
0.807611
0.807611
0.807611
0.807611
0.807611
0.807611
0.807611
0.807611
0.807611
0.807611
0.807611
0.807611
0.807611
0.807611
0.807611
0.759024
0.759045
0.761451
0.765978
0.77179
0.778404
0.784565
0.790215
0.795469
0.800403
0.805057
0.809542
0.813769
0.817776
0.82158
0.825192
0.828623
0.831881
0.834977
0.837917
0.84071
0.843363
0.845884
0.848277
0.850551
0.852711
0.853589
0.854377
0.854376
0.854375
0.854375
0.854374
0.854374
0.854374
0.854374
0.854374
0.854374
0.854374
0.854374
0.854374
0.854374
0.854374
0.854374
0.854374
0.854374
0.854374
0.854374
0.854374
0.854374
0.854374
