0.000172078
6.00735e-05
-6.90995e-05
-0.000151425
-0.000189187
-0.00018767
-0.000186228
-0.000184856
-0.000229383
-0.000243173
-0.000241393
-0.00023957
-0.000237712
-0.000235776
-0.000233776
-0.00023166
-0.000229573
-0.00022753
-0.000225532
-0.00022358
-0.000221673
-0.000219811
-0.000217996
-0.000216225
-0.000214495
-0.000212807
-0.000211161
-0.000209556
-0.000207991
-0.000206465
-0.000204976
-0.000203519
-0.000202231
-0.000200938
-0.000199802
-0.000198407
-0.000197031
-0.000195674
-0.000194335
-0.000193013
-0.000191708
-0.00019042
-0.000189148
-0.000187891
-0.00018665
-0.000185422
-0.000184209
-0.000183009
-0.000181821
-0.000180646
-0.000179405
-0.000178253
-0.000177114
-0.000175987
-0.00017487
-0.000173763
-0.000172664
-0.000171574
-0.000170491
-0.000169415
-0.000168346
-0.000167283
-0.000166225
-0.000165174
-0.000164129
-0.00016309
-0.000162055
-0.000161025
-0.00016
-0.000158978
-0.00015796
-0.000156945
-0.000155933
-0.000154923
-0.000153916
-0.00015291
-0.000151906
-0.000150905
-0.000149908
-0.000148912
-0.000147919
-0.000146927
-0.000145937
-0.000144949
-0.000143961
-0.000142975
-0.000141989
-0.000141005
-0.000140021
-0.000139038
-0.000138055
-0.000137074
-0.000136093
-0.000135114
-0.000134135
-0.000133158
-0.000132182
-0.000131206
-0.000130242
-0.000129288
-0.000128343
-0.000127404
-0.000126475
-0.000125555
-0.000124646
-0.000123746
-0.000122857
-0.000121977
-0.00012111
-0.000120255
-0.000119413
-0.000118582
-0.000117765
-0.00011696
-0.000116165
-0.00011539
-0.000114629
-0.00011388
-0.000113144
-0.000112418
-0.000111704
-0.000111
-0.000110308
-0.000109626
-0.000108956
-0.000108298
-0.000107652
-0.000107015
-0.000106381
-0.000105769
-0.000105174
-0.000104595
-0.000104028
-0.000103475
-0.000102934
-0.000102404
-0.000101887
-0.00010138
-0.000100885
-0.000100401
-9.99283e-05
-9.94658e-05
-9.90137e-05
-9.85633e-05
-9.81138e-05
-9.76665e-05
-9.72214e-05
-9.67783e-05
-9.63373e-05
-9.58982e-05
-9.54637e-05
-9.50087e-05
-9.47042e-05
-9.43466e-05
-9.39192e-05
-9.34954e-05
-9.3074e-05
-9.26545e-05
-9.22364e-05
-9.18196e-05
-9.14037e-05
-9.09887e-05
-9.05745e-05
-9.01608e-05
-8.97477e-05
-8.93352e-05
-8.89233e-05
-8.85117e-05
-8.81004e-05
-8.76892e-05
-8.72779e-05
-8.68665e-05
-8.64548e-05
-8.60426e-05
-8.56296e-05
-8.52215e-05
-8.48423e-05
-8.44816e-05
-8.41017e-05
-8.37037e-05
-8.32891e-05
-8.28669e-05
-8.24498e-05
-8.20483e-05
-8.16558e-05
-8.12688e-05
-8.08853e-05
-8.05041e-05
-8.01248e-05
-7.97469e-05
-7.93701e-05
-7.90017e-05
-7.86407e-05
-7.8287e-05
-7.79404e-05
-7.76008e-05
-7.7268e-05
-7.69419e-05
-7.6621e-05
-7.63068e-05
-7.60619e-05
-7.57481e-05
-7.54343e-05
-7.51195e-05
-7.48093e-05
-7.45044e-05
-7.42049e-05
-7.39112e-05
-7.36218e-05
-7.32964e-05
-7.29988e-05
-7.27228e-05
-7.24638e-05
-7.2218e-05
-7.19713e-05
-7.17215e-05
-7.14699e-05
-7.12172e-05
-7.0964e-05
-7.07105e-05
-7.04484e-05
-7.01764e-05
-6.98978e-05
-6.96222e-05
-6.93499e-05
-6.90808e-05
-6.88245e-05
-6.85662e-05
-6.83082e-05
-6.80527e-05
-6.77997e-05
-6.75483e-05
-6.73048e-05
-6.70682e-05
-6.68374e-05
-6.66121e-05
-6.63922e-05
-6.61776e-05
-6.59657e-05
-6.57584e-05
-6.55462e-05
-6.53367e-05
-6.51292e-05
-6.49248e-05
-6.47232e-05
-6.45243e-05
-6.43281e-05
-6.41344e-05
-6.39431e-05
-6.37543e-05
-6.35679e-05
-6.34001e-05
-6.32474e-05
-6.30908e-05
-6.29207e-05
-6.27447e-05
-6.25708e-05
-6.23989e-05
-6.22291e-05
-6.20611e-05
-6.18951e-05
-6.17309e-05
-6.15686e-05
-6.1408e-05
-6.12491e-05
-6.10919e-05
-6.09364e-05
-6.07825e-05
-6.06301e-05
-6.04793e-05
-6.033e-05
-6.01822e-05
-6.00358e-05
-5.98908e-05
-5.97472e-05
-5.9605e-05
-5.94604e-05
-5.93208e-05
-5.91826e-05
-5.90456e-05
-5.89099e-05
-5.87754e-05
-5.86422e-05
-5.85102e-05
-5.83793e-05
-5.82497e-05
-5.81212e-05
-5.79939e-05
-5.78677e-05
-5.77427e-05
-5.76188e-05
-5.74961e-05
-5.73745e-05
-5.72541e-05
-5.71348e-05
-5.70167e-05
-5.68997e-05
-5.67838e-05
-5.6669e-05
-5.65553e-05
-5.64427e-05
-5.63132e-05
-5.61679e-05
-5.60239e-05
-5.58929e-05
-5.5781e-05
-5.56758e-05
-5.55717e-05
-5.54687e-05
-5.53668e-05
-5.5266e-05
-5.51662e-05
-5.50676e-05
-5.49701e-05
-5.48736e-05
-5.47783e-05
-5.46841e-05
-5.45909e-05
-5.44989e-05
-5.44079e-05
-5.43181e-05
-5.42294e-05
-5.41417e-05
-5.40551e-05
-5.39697e-05
-5.38853e-05
-5.38119e-05
-5.37313e-05
-5.36501e-05
-5.35699e-05
-5.34908e-05
-5.34128e-05
-5.33358e-05
-5.32598e-05
-5.31848e-05
-5.31109e-05
-5.3038e-05
-5.29661e-05
-5.28952e-05
-5.28253e-05
-5.27564e-05
-5.26884e-05
-5.26214e-05
-5.25554e-05
-5.24903e-05
-5.24261e-05
-5.23629e-05
-5.23005e-05
-5.2239e-05
-5.21785e-05
-5.21188e-05
-5.20773e-05
-5.20521e-05
-5.20266e-05
-5.19892e-05
-5.19343e-05
-5.18791e-05
-5.18247e-05
-5.17711e-05
-5.17183e-05
-5.16663e-05
-5.16151e-05
-5.15647e-05
-5.1515e-05
-5.14661e-05
-5.14179e-05
-5.13704e-05
-5.13237e-05
-5.12777e-05
-5.12323e-05
-5.11876e-05
-5.11437e-05
-5.11004e-05
-5.10577e-05
-5.10157e-05
-5.09743e-05
-5.09313e-05
-5.08912e-05
-5.08517e-05
-5.08128e-05
-5.07746e-05
-5.07369e-05
-5.06998e-05
-5.06634e-05
-5.06275e-05
-5.05921e-05
-5.05574e-05
-5.05231e-05
-5.04895e-05
-5.04564e-05
-5.04238e-05
-5.03918e-05
-5.03603e-05
-5.03294e-05
-5.0299e-05
-5.02691e-05
-5.02398e-05
-5.02109e-05
-5.01826e-05
-5.01548e-05
-5.01276e-05
-5.00827e-05
-5.00272e-05
-4.99651e-05
-4.99034e-05
-6.37287e-05
-6.36106e-05
-6.34517e-05
-6.32906e-05
-6.31364e-05
-6.29912e-05
-6.28477e-05
-6.2706e-05
-6.25663e-05
-6.24286e-05
-6.22929e-05
-6.21593e-05
-6.20279e-05
-6.18985e-05
-6.17714e-05
-6.16463e-05
-6.15235e-05
-6.14028e-05
-6.12843e-05
-6.11679e-05
-6.10537e-05
-6.09461e-05
-6.08363e-05
-6.07279e-05
-6.06219e-05
-6.05181e-05
-6.04167e-05
-6.03176e-05
-6.02205e-05
-6.01256e-05
-6.00326e-05
-5.99416e-05
-5.98525e-05
-5.97653e-05
-5.96799e-05
-5.95964e-05
-5.95146e-05
-5.94345e-05
-5.93561e-05
-5.92793e-05
-5.92041e-05
-5.91304e-05
-5.90582e-05
-5.89874e-05
-5.8918e-05
-5.88481e-05
-5.87909e-05
-5.87332e-05
-5.86799e-05
-5.86287e-05
-5.85783e-05
-5.8528e-05
-5.84776e-05
-5.8427e-05
-5.8376e-05
-5.83243e-05
-5.8272e-05
-5.82142e-05
-5.8156e-05
-5.80976e-05
-5.80389e-05
-5.79799e-05
-5.79208e-05
-5.78616e-05
-5.78023e-05
-5.77431e-05
-5.7685e-05
-5.76265e-05
-5.75677e-05
-5.75086e-05
-5.74491e-05
-5.73859e-05
-5.73255e-05
-5.72661e-05
-5.72183e-05
-5.71712e-05
-5.71245e-05
-5.70783e-05
-5.70325e-05
-5.6987e-05
-5.6942e-05
-5.68972e-05
-5.68529e-05
-5.68088e-05
-5.67652e-05
-5.67219e-05
-5.6679e-05
-5.66365e-05
-5.65943e-05
-5.65527e-05
-5.65115e-05
-5.64708e-05
-5.64306e-05
-5.63909e-05
-5.63518e-05
-5.63135e-05
-5.6266e-05
-5.6215e-05
-5.62931e-05
-5.63484e-05
-5.63549e-05
-5.62838e-05
-5.62118e-05
-5.61422e-05
-5.60785e-05
-5.60229e-05
-5.59697e-05
-5.59187e-05
-5.58698e-05
-5.58228e-05
-5.57777e-05
-5.57345e-05
-5.56937e-05
-5.56554e-05
-5.56196e-05
-5.55864e-05
-5.55546e-05
-5.552e-05
-5.54865e-05
-5.54542e-05
-5.54229e-05
-5.53973e-05
-5.53681e-05
-5.53416e-05
-5.5315e-05
-5.52889e-05
-5.52636e-05
-5.52389e-05
-5.52151e-05
-5.51921e-05
-5.51698e-05
-5.51483e-05
-5.51276e-05
-5.51077e-05
-5.50885e-05
-5.50701e-05
-5.50523e-05
-5.50353e-05
-5.5019e-05
-5.50034e-05
-5.49885e-05
-5.49742e-05
-5.49606e-05
-5.49477e-05
-5.49354e-05
-5.49239e-05
-5.49288e-05
-5.49489e-05
-5.4958e-05
-5.49486e-05
-5.49398e-05
-5.49316e-05
-5.49239e-05
-5.49167e-05
-5.49101e-05
-5.49041e-05
-5.48985e-05
-5.48935e-05
-5.4889e-05
-5.48849e-05
-5.48814e-05
-5.48783e-05
-5.48757e-05
-5.48736e-05
-5.4872e-05
-5.48707e-05
-5.48699e-05
-5.48684e-05
-5.48684e-05
-5.48689e-05
-5.48698e-05
-5.48698e-05
-5.4869e-05
-5.48798e-05
-5.48817e-05
-5.48814e-05
-5.48803e-05
-5.4882e-05
-5.48851e-05
-5.4889e-05
-5.48932e-05
-5.48976e-05
-5.49023e-05
-5.49073e-05
-5.49125e-05
-5.4918e-05
-5.49238e-05
-5.49298e-05
-5.4936e-05
-5.49424e-05
-5.49491e-05
-5.49561e-05
-5.49632e-05
-5.49706e-05
-5.49782e-05
-5.49867e-05
-5.4976e-05
-5.49474e-05
-5.49227e-05
-5.49141e-05
-5.49238e-05
-5.49337e-05
-5.49437e-05
-5.4954e-05
-5.49645e-05
-5.49751e-05
-5.4986e-05
-5.4997e-05
-5.50082e-05
-5.50195e-05
-5.5031e-05
-5.50427e-05
-5.50546e-05
-5.50666e-05
-5.50788e-05
-5.50912e-05
-5.51037e-05
-5.51164e-05
-5.51293e-05
-5.51423e-05
-5.51554e-05
-5.51751e-05
-5.51884e-05
-5.52018e-05
-5.52179e-05
-5.52328e-05
-5.52473e-05
-5.52617e-05
-5.52762e-05
-5.52909e-05
-5.53036e-05
-5.53169e-05
-5.53321e-05
-5.53475e-05
-5.53632e-05
-5.53781e-05
-5.53941e-05
-5.54103e-05
-5.54266e-05
-5.54432e-05
-5.546e-05
-5.54771e-05
-5.54943e-05
-5.55118e-05
-5.55295e-05
-5.55475e-05
-5.55869e-05
-5.56452e-05
-5.57011e-05
-5.574e-05
-5.5758e-05
-5.57762e-05
-5.57946e-05
-5.58131e-05
-5.58319e-05
-5.58509e-05
-5.58702e-05
-5.58896e-05
-5.59092e-05
-5.59291e-05
-5.59491e-05
-5.59694e-05
-5.59899e-05
-5.60106e-05
-5.60314e-05
-5.60525e-05
-5.60738e-05
-5.60954e-05
-5.61171e-05
-5.61389e-05
-5.6161e-05
-5.61833e-05
-5.62057e-05
-5.62301e-05
-5.62528e-05
-5.62746e-05
-5.62968e-05
-5.63202e-05
-5.63437e-05
-5.63672e-05
-5.63909e-05
-5.64146e-05
-5.64385e-05
-5.64624e-05
-5.64865e-05
-5.65107e-05
-5.6535e-05
-5.65594e-05
-5.65839e-05
-5.66085e-05
-5.66333e-05
-5.66581e-05
-5.6683e-05
-5.6708e-05
-5.67331e-05
-5.67588e-05
-5.6759e-05
-5.67352e-05
-5.67116e-05
-5.67046e-05
-5.67226e-05
-5.67497e-05
-5.6777e-05
-5.68043e-05
-5.68318e-05
-5.68592e-05
-5.68868e-05
-5.69144e-05
-5.6942e-05
-5.69698e-05
-5.69975e-05
-5.70246e-05
-5.70477e-05
-5.70761e-05
-5.71045e-05
-5.71329e-05
-5.71614e-05
-5.71899e-05
-5.72185e-05
-5.72471e-05
-5.72757e-05
-5.73107e-05
-5.73394e-05
-5.7372e-05
-5.74022e-05
-5.74302e-05
-5.7458e-05
-5.7487e-05
-5.75162e-05
-5.75453e-05
-5.75744e-05
-5.76035e-05
-5.76328e-05
-5.7662e-05
-5.76914e-05
-5.77209e-05
-5.77504e-05
-5.77801e-05
-5.78098e-05
-5.78397e-05
-5.78696e-05
-5.78996e-05
-5.79298e-05
-5.796e-05
-5.79903e-05
-5.80209e-05
-5.80647e-05
-5.81245e-05
-5.81784e-05
-5.82114e-05
-5.82417e-05
-5.82722e-05
-5.83028e-05
-5.83334e-05
-5.83642e-05
-5.8395e-05
-5.8426e-05
-5.8457e-05
-5.84882e-05
-5.85194e-05
-5.85508e-05
-5.85822e-05
-5.86138e-05
-5.86455e-05
-5.86772e-05
-5.87091e-05
-5.87411e-05
-5.87731e-05
-5.88053e-05
-5.88376e-05
-5.887e-05
-5.88997e-05
-5.89323e-05
-5.8965e-05
-5.89978e-05
-5.90307e-05
-5.90637e-05
-5.90968e-05
-5.913e-05
-5.91633e-05
-5.91967e-05
-5.92302e-05
-5.92639e-05
-5.92976e-05
-5.93314e-05
-5.93654e-05
-5.93996e-05
-5.94339e-05
-5.94682e-05
-5.95026e-05
-5.95371e-05
-5.95717e-05
-5.96063e-05
-5.9641e-05
-5.96757e-05
-5.97109e-05
-5.9718e-05
-5.96986e-05
-5.96791e-05
-5.9678e-05
-5.97042e-05
-5.97409e-05
-5.97776e-05
-5.98143e-05
-5.98511e-05
-5.98878e-05
-5.99246e-05
-5.99614e-05
-5.99982e-05
-6.0035e-05
-6.00719e-05
-6.01087e-05
-6.01455e-05
-6.01824e-05
-6.02192e-05
-6.02561e-05
-6.02929e-05
-6.03298e-05
-6.03667e-05
-6.04035e-05
-6.04404e-05
-6.04924e-05
-6.05333e-05
-6.057e-05
-6.0606e-05
-6.0634e-05
-6.0668e-05
-6.0705e-05
-6.07418e-05
-6.07737e-05
-6.08016e-05
-6.08309e-05
-6.08638e-05
-6.08977e-05
-6.09342e-05
-6.09716e-05
-6.1009e-05
-6.10465e-05
-6.1084e-05
-6.11215e-05
-6.11591e-05
-6.11968e-05
-6.12345e-05
-6.12722e-05
-6.131e-05
-6.13484e-05
-6.13994e-05
-6.14619e-05
-6.15144e-05
-6.1552e-05
-6.15896e-05
-6.16273e-05
-6.1665e-05
-6.17027e-05
-6.17405e-05
-6.17784e-05
-6.18162e-05
-6.18542e-05
-6.18921e-05
-6.19301e-05
-6.19682e-05
-6.20063e-05
-6.20445e-05
-6.20827e-05
-6.21209e-05
-6.21592e-05
-6.21976e-05
-6.2236e-05
-6.22744e-05
-6.23129e-05
-6.23515e-05
-6.23901e-05
-6.24287e-05
-6.24674e-05
-6.25062e-05
-6.2545e-05
-6.25838e-05
-6.26228e-05
-6.26617e-05
-6.27007e-05
-6.27398e-05
-6.27789e-05
-6.28181e-05
-6.28574e-05
-6.28966e-05
-6.2936e-05
-6.29754e-05
-6.30197e-05
-6.30687e-05
-6.31223e-05
-6.31697e-05
-6.32117e-05
-6.32509e-05
-6.32891e-05
-6.33264e-05
-6.3363e-05
-6.33822e-05
-6.33816e-05
-6.33954e-05
-6.34241e-05
-6.34574e-05
-6.34947e-05
-6.35351e-05
-6.35793e-05
-6.36277e-05
-6.36816e-05
-6.37282e-05
-6.3771e-05
-6.38129e-05
-6.38551e-05
-6.38976e-05
-6.39401e-05
-6.39823e-05
-6.40237e-05
-6.40728e-05
-6.41201e-05
-6.41602e-05
-6.42003e-05
-6.42405e-05
-6.42807e-05
-6.4321e-05
-6.43684e-05
-6.44087e-05
-6.44593e-05
-6.45037e-05
-6.45455e-05
-6.45865e-05
-6.46271e-05
-6.46671e-05
-6.47068e-05
-6.47463e-05
-6.47857e-05
-6.4825e-05
-6.48643e-05
-6.49034e-05
-6.49425e-05
-6.49816e-05
-6.50206e-05
-6.50596e-05
-6.50985e-05
-6.51375e-05
-6.51787e-05
-6.52201e-05
-6.52616e-05
-6.53031e-05
-6.5345e-05
-6.54573e-05
-6.56271e-05
-6.59848e-05
-6.62017e-05
-6.62642e-05
-6.63041e-05
-6.63446e-05
-6.63863e-05
-6.64358e-05
-6.64933e-05
-6.65488e-05
-6.65712e-05
-6.65952e-05
-6.66202e-05
-6.66462e-05
-6.6673e-05
-6.67008e-05
-6.67292e-05
-6.67584e-05
-6.67882e-05
-6.68187e-05
-6.68497e-05
-6.68813e-05
-6.69133e-05
-6.69458e-05
-6.69778e-05
-6.70112e-05
-6.70541e-05
-6.70905e-05
-6.71249e-05
-6.71604e-05
-6.71958e-05
-6.72312e-05
-6.72665e-05
-6.7302e-05
-6.73377e-05
-6.73735e-05
-6.74095e-05
-6.74457e-05
-6.74819e-05
-6.75184e-05
-6.7555e-05
-6.75917e-05
-6.76285e-05
-6.76655e-05
-6.77026e-05
-6.77398e-05
-6.77771e-05
-6.78145e-05
