0
-0.00256384
-0.105257
-0.152239
-0.149198
-0.119891
-0.0911572
-0.0547493
-0.0452341
-0.00130579
0.0147055
0.0303184
0.0328874
-0.004214
-0.0424339
-0.0805167
-0.08697
-0.0951188
-0.103917
-0.112958
-0.12212
-0.131342
-0.140599
-0.14988
-0.156718
-0.163232
-0.170151
-0.176748
-0.182964
-0.189471
-0.196122
-0.195793
-0.17724
-0.169858
-0.162591
-0.155594
-0.148413
-0.141293
-0.134233
-0.127234
-0.120293
-0.113407
-0.106574
-0.0997896
-0.0930517
-0.0863563
-0.0796993
-0.0730768
-0.0664844
-0.0599178
-0.0533722
-0.038016
-0.0189867
-0.00693236
0.00133182
0.00764792
0.0124675
0.0168542
0.0210695
0.0252452
0.029446
0.0337024
0.0380233
0.0407863
0.0436355
0.0465645
0.0495669
0.0526359
0.0557637
0.058942
0.0621647
0.0654237
0.0687006
0.0719804
0.0752448
0.0784699
0.0762951
0.0909864
0.0988801
0.105911
0.112438
0.118711
0.124885
0.131055
0.137276
0.143584
0.149999
0.156536
0.163207
0.17002
0.176985
0.182198
0.187016
0.192015
0.197201
0.202587
0.208197
0.214113
0.203281
0.195837
0.188538
0.203512
0.214406
0.215137
0.210835
0.20401
0.196008
0.187529
0.17608
0.164925
0.153891
0.14301
0.13229
0.121727
0.121722
0.102689
0.0932709
0.0844289
0.0766172
0.0704886
0.0643996
0.0583317
0.0522642
0.0461743
0.0400353
0.0338151
0.0161763
-0.0117732
-0.0129258
-0.00795755
-0.00769848
-0.0100985
-0.0139973
-0.0187459
-0.0239837
-0.029512
-0.0352222
-0.0410561
-0.0469838
-0.0529912
-0.0590736
-0.0652334
-0.0714838
-0.0626563
-0.056968
-0.0505861
-0.044281
-0.0380338
-0.0318318
-0.0256663
-0.0195319
-0.0431375
0.00876393
0.0457144
0.0705608
0.0708885
0.0724476
0.0747536
0.0775531
0.0807077
0.0841387
0.0877982
0.0916553
0.0956883
0.0998767
0.103698
0.107669
0.111779
0.116018
0.120374
0.124838
0.129398
0.134461
0.139213
0.144036
0.143928
0.126621
0.165364
0.147899
0.128002
0.108193
0.102611
0.110242
0.127429
0.138286
0.14566
0.15117
0.155736
0.159884
0.163945
0.168273
0.155957
0.146013
0.136136
0.126334
0.116607
0.106957
0.0973942
0.0877867
0.0783845
0.0700657
0.0838778
0.0947094
0.102368
0.0960081
0.0870899
0.0769572
0.0662822
0.0664544
0.089934
0.0926017
0.0935219
0.0935578
0.0931709
0.0957338
0.0998084
0.104437
0.109429
0.114669
0.120088
0.125096
0.121195
0.117012
0.114354
0.11179
0.109188
0.0961064
0.104795
0.10649
0.108534
0.111291
0.115956
0.0971697
0.0901801
0.0827928
0.0770478
0.0706117
0.0634923
0.0635102
0.0679436
0.0684572
0.074449
0.0802415
0.0798167
0.0794657
0.0792788
0.0791404
0.0790025
0.0788455
0.0786612
0.0784456
0.103651
0.125475
0.136911
0.142927
0.143958
0.141659
0.138404
0.134765
0.13103
0.127343
0.12378
0.120337
0.117021
0.113825
0.110735
0.107734
0.104807
0.101933
0.0990953
0.0962717
0.0934404
0.0905765
0.0876515
0.0846318
0.0814759
0.0692822
0.0754198
0.077484
0.0787605
0.0794996
0.0799107
0.0801373
0.0802597
0.0803232
0.0803532
0.0803634
0.0803606
0.0803482
0.0803266
0.0802963
0.080255
0.0802006
0.0801281
0.0800165
0.0793254
0.0791913
0.0790445
0.0788741
0.078677
0.0784499
0.1086
0.135692
0.147547
0.153332
0.156058
0.154319
0.150545
0.146348
0.142049
0.137802
0.133677
0.1297
0.125874
0.122185
0.11864
0.115204
0.111871
0.108575
0.105354
0.102168
0.0989879
0.0957916
0.0925477
0.0892204
0.0857669
0.0713783
0.0772654
0.0781359
0.0788969
0.0793447
0.0795862
0.0797101
0.0797664
0.0797844
0.0797803
0.0797628
0.0797363
0.079703
0.0797039
0.0796449
0.0795771
0.0795123
0.0794339
0.0793403
0.0792294
0.0790986
0.0789448
0.0787637
0.078547
0.0783902
0.104706
0.1271
0.138297
0.143833
0.146439
0.144043
0.140569
0.136759
0.132883
0.12907
0.125373
0.121814
0.11839
0.115093
0.111908
0.10882
0.105809
0.102857
0.0999441
0.097098
0.094187
0.0912491
0.0882554
0.0851716
0.0819577
0.0818643
0.0756408
0.0775663
0.0787623
0.0794484
0.0798152
0.0798221
0.079949
0.0800219
0.0800638
0.080088
0.080101
0.0801061
0.0801043
0.0800954
0.0800786
0.0800523
0.0800147
0.0799638
0.0798973
0.0798125
0.0797071
0.0795785
0.0794236
0.0792397
0.0329474
0.0326414
0.032172
0.0319515
0.061697
0.112989
0.148293
0.146194
0.140463
0.137038
0.131752
0.127432
0.12437
0.121043
0.118045
0.1153
0.112006
0.108692
0.105437
0.102218
0.0990085
0.0957824
0.0925095
0.0891546
0.0856747
0.0694017
0.0765199
0.0484616
0.0588616
0.0670653
0.0699099
0.0713035
0.072027
0.0723637
0.0724711
0.0724368
0.0723092
0.0721153
0.07187
0.0715816
0.0712545
0.0708911
0.0704925
0.0700591
0.0695908
0.0690875
0.0685483
0.0679727
0.0673597
0.0667081
0.0920856
0.111271
0.119217
0.121171
0.120061
0.117439
0.114093
0.110373
0.105466
0.110596
0.115494
0.120608
0.122038
0.123787
0.125875
0.128372
0.131714
0.123751
0.116197
0.108751
0.101377
0.0940975
0.0885572
0.0829314
0.0771871
0.0613125
0.063841
0.0605005
0.0531059
0.057835
0.0657118
0.0726321
0.0780519
0.0786948
0.0790461
0.0792153
0.0792685
0.0792491
0.079184
0.0790891
0.0789735
0.0788424
0.0787059
0.0795742
0.0794961
0.0793851
0.0792456
0.0790777
0.0788805
0.0786517
0.0379393
0.0376349
0.0796372
0.101404
0.122807
0.149211
0.147182
0.144449
0.141455
0.138232
0.134137
0.130157
0.126318
0.122907
0.119981
0.117524
0.115558
0.114078
0.113156
0.113057
0.113066
0.0960068
0.0926376
0.0892895
0.0858116
0.0695414
0.0764949
0.0473252
0.057516
0.0664294
0.0728891
0.0752952
0.0766668
0.0774237
0.0778172
0.0780004
0.0780643
0.0780616
0.0780219
0.0779616
0.0778886
0.0778063
0.0777156
0.0776158
0.0775052
0.0773814
0.0772419
0.0770834
0.0769177
0.076677
0.105104
0.128933
0.144482
0.148328
0.147579
0.144911
0.141387
0.137541
0.133638
0.129802
0.126089
0.12251
0.119075
0.115769
0.112578
0.109484
0.106475
0.103522
0.10061
0.0977148
0.0948121
0.0948139
0.0889229
0.0858517
0.0826491
0.069477
0.0375966
0.0289783
0.043011
0.0533124
0.0613743
0.068341
0.0742003
0.0785859
0.0792778
0.0796776
0.0799052
0.0800209
0.0800691
0.0800745
0.0800506
0.080004
0.0799376
0.079852
0.0797464
0.0796193
0.0794685
0.0792917
0.0790861
0.078849
0.11119
0.141479
0.153412
0.158071
0.15885
0.156065
0.152215
0.147944
0.143587
0.139345
0.135143
0.131092
0.127194
0.123442
0.119822
0.116316
0.112906
0.109571
0.106292
0.103045
0.0998073
0.0965513
0.0932448
0.0898354
0.0857424
0.0696178
0.0763901
0.0775239
0.0612936
0.0687236
0.0732224
0.0758822
0.0774278
0.078313
0.0724745
0.0740924
0.0792343
0.07944
0.079425
0.0769109
0.0793341
0.0793185
0.0788128
0.0791951
0.0791132
0.0790155
0.07889
0.078743
0.0785711
0.0783711
0.105894
0.128929
0.139981
0.145198
0.147148
0.144703
0.141298
0.137518
0.133652
0.129839
0.126138
0.122573
0.119144
0.115842
0.112654
0.109563
0.10655
0.103596
0.10068
0.097765
0.0949601
0.0920118
0.0890188
0.0859408
0.0827339
0.0695122
0.075905
0.0440573
0.0533318
0.0622974
0.0697606
0.0761913
0.0783051
0.0791544
0.0796262
0.0798767
0.0799967
0.0800392
0.0800341
0.0799979
0.0799391
0.0798619
0.0797573
0.0796383
0.0795002
0.0793415
0.0791598
0.0789528
0.0787177
0.0784516
0.10916
0.137401
0.149003
0.154445
0.156923
0.155345
0.15151
0.147229
0.142835
0.13849
0.134267
0.130192
0.12627
0.122494
0.118849
0.118889
0.110764
0.109556
0.106004
0.102603
0.0992822
0.0959839
0.0926605
0.0892672
0.0857556
0.0695361
0.0763309
0.0446199
0.0533275
0.0618456
0.0688145
0.0749487
0.0774328
0.0782883
0.0787829
0.0790637
0.079218
0.0792976
0.0793321
0.079338
0.0793239
0.079294
0.0792493
0.0791857
0.0790709
0.0789491
0.0788133
0.0786581
0.0784792
0.078273
0.107389
0.132022
0.143146
0.147588
0.147211
0.144689
0.141244
0.137442
0.133562
0.129739
0.126033
0.122463
0.119031
0.115726
0.112536
0.109444
0.106431
0.103479
0.100568
0.0976772
0.0947729
0.0918536
0.0888782
0.0858128
0.0826159
0.0696461
0.0758081
0.0777686
0.0789932
0.0797055
0.0801011
0.0803178
0.0804326
0.080489
0.0805119
0.0805145
0.0805017
0.0804752
0.0804281
0.0804211
0.0803114
0.080205
0.0800921
0.0799676
0.0798274
0.0796684
0.0794874
0.0792814
0.0790474
0.0787826
0.109142
0.137166
0.148926
0.154646
0.157357
0.155832
0.151955
0.147652
0.143235
0.138888
0.134665
0.130593
0.126675
0.122903
0.119263
0.115737
0.112307
0.108953
0.105655
0.102391
0.099136
0.095865
0.0925473
0.0891477
0.0856232
0.0713205
0.0768645
0.0773366
0.077356
0.0599763
0.0637831
0.0709016
0.0709076
0.0745949
0.0628603
0.0663435
0.0726186
0.0745563
0.0788031
0.0800344
0.0799602
0.0798832
0.0798054
0.0797192
0.0796196
0.0795032
0.0793671
0.0792083
0.079024
0.0788113
0.10871
0.133995
0.145222
0.148743
0.148004
0.14534
0.141816
0.137968
0.134061
0.13022
0.126502
0.122928
0.119493
0.116186
0.112993
0.109898
0.106882
0.103927
0.101013
0.0981198
0.0952241
0.0923009
0.0893217
0.0862524
0.0830518
0.0698612
0.0761924
0.0781593
0.0793773
0.0800812
0.0804694
0.0806793
0.0807875
0.0808379
0.0808546
0.0808506
0.0808328
0.0808043
0.0807661
0.0807181
0.0806595
0.0871681
0.0934748
0.0993723
0.0909056
0.0833379
0.0793244
0.0777007
0.0760328
0.0743206
0.104812
0.12707
0.147378
0.157732
0.158897
0.157443
0.155566
0.153796
0.152507
0.153023
0.143482
0.134375
0.126845
0.121829
0.116764
0.111605
0.106261
0.10047
0.106092
0.106107
0.0993363
0.0961081
0.092823
0.0894506
0.0859502
0.06963
0.0765739
0.0474683
0.0577911
0.0667608
0.0725893
0.0757303
0.077052
0.0777462
0.0780709
0.0781803
0.0781657
0.0780798
0.0779528
0.077801
0.0776326
0.0774515
0.0772591
0.0770561
0.0768554
0.0790971
0.0788783
0.0786608
0.0784316
0.0781814
0.0375279
0.0372414
0.0867589
0.111109
0.135531
0.133159
0.126969
0.121283
0.125288
0.128915
0.128988
0.122228
0.11901
0.11562
0.112383
0.109264
0.106237
0.103276
0.100359
0.0974626
0.0945644
0.0916385
0.0886559
0.0855827
0.0823774
0.0692334
0.0754921
0.0461968
0.0569079
0.065721
0.0731239
0.0762647
0.0777778
0.0786156
0.0790614
0.0792804
0.0793682
0.0793795
0.0793445
0.0792798
0.0791937
0.0790902
0.0789703
0.0788338
0.078679
0.0785038
0.0783066
0.0780843
0.0778389
