1.69705e-05
1.43775e-05
1.86087e-08
-1.54929e-05
-2.6855e-05
-3.19428e-05
-3.36966e-05
-3.37498e-05
-3.75491e-05
-4.03316e-05
-4.11974e-05
-4.13082e-05
-4.13425e-05
-4.17095e-05
-4.2676e-05
-4.44213e-05
-4.70937e-05
-5.08076e-05
-5.56538e-05
-6.17065e-05
-6.90275e-05
-7.76677e-05
-8.76689e-05
-9.90642e-05
-0.000111878
-0.000126128
-0.000141824
-0.000158967
-0.000177555
-0.000197574
-0.00021901
-0.000241836
-0.000266038
-0.00029157
-0.000318404
-0.000346459
-0.000375697
-0.00040607
-0.000437524
-0.000470002
-0.000503442
-0.00053778
-0.000572947
-0.000608876
-0.000645494
-0.000682731
-0.000720512
-0.000758765
-0.000797414
-0.000836387
-0.000875601
-0.000914995
-0.000954496
-0.000994032
-0.00103353
-0.00107293
-0.00111215
-0.00115115
-0.00118984
-0.00122818
-0.00126612
-0.00130358
-0.00134053
-0.00137692
-0.0014127
-0.00144783
-0.00148227
-0.00151599
-0.00154896
-0.00158115
-0.00161254
-0.00164309
-0.00167281
-0.00170167
-0.00172965
-0.00175677
-0.001783
-0.00180835
-0.00183281
-0.00185641
-0.00187913
-0.001901
-0.00192202
-0.00194221
-0.00196159
-0.00198017
-0.00199798
-0.00201504
-0.00203138
-0.00204702
-0.002062
-0.00207633
-0.00209006
-0.00210321
-0.00211581
-0.0021279
-0.00213951
-0.00215068
-0.00216144
-0.00217182
-0.00218185
-0.00219158
-0.00220103
-0.00221023
-0.00221922
-0.00222804
-0.0022367
-0.00224524
-0.00225369
-0.00226207
-0.00227042
-0.00227876
-0.0022871
-0.00229548
-0.00230392
-0.00231243
-0.00232103
-0.00232975
-0.00233859
-0.00234758
-0.00235671
-0.00236601
-0.00237549
-0.00238514
-0.00239499
-0.00240503
-0.00241528
-0.00242572
-0.00243637
-0.00244722
-0.00245828
-0.00246954
-0.00248101
-0.00249266
-0.00250451
-0.00251654
-0.00252875
-0.00254113
-0.00255367
-0.00256636
-0.0025792
-0.00259216
-0.00260525
-0.00261845
-0.00263175
-0.00264513
-0.00265859
-0.00267211
-0.00268567
-0.00269928
-0.00271291
-0.00272655
-0.00274021
-0.00275385
-0.00276747
-0.00278104
-0.00279457
-0.00280804
-0.00282145
-0.00283477
-0.00284801
-0.00286114
-0.00287418
-0.00288709
-0.00289988
-0.00291255
-0.00292507
-0.00293745
-0.00294968
-0.00296175
-0.00297366
-0.00298541
-0.00299699
-0.00300839
-0.00301962
-0.00303068
-0.00304156
-0.00305226
-0.00306278
-0.00307312
-0.00308328
-0.00309326
-0.00310305
-0.00311268
-0.00312213
-0.00313142
-0.00314053
-0.00314949
-0.00315828
-0.00316692
-0.0031754
-0.00318374
-0.00319194
-0.0032
-0.00320792
-0.00321572
-0.0032234
-0.00323097
-0.00323842
-0.00324577
-0.00325302
-0.00326018
-0.00326725
-0.00327423
-0.00328114
-0.00328797
-0.00329474
-0.00330145
-0.0033081
-0.0033147
-0.00332126
-0.00332778
-0.00333427
-0.00334073
-0.00334717
-0.00335358
-0.00335998
-0.00336636
-0.00337273
-0.00337909
-0.00338544
-0.00339179
-0.00339814
-0.00340449
-0.00341085
-0.00341721
-0.00342358
-0.00342997
-0.00343636
-0.00344277
-0.00344919
-0.00345563
-0.00346208
-0.00346854
-0.00347502
-0.00348152
-0.00348802
-0.00349455
-0.00350108
-0.00350762
-0.00351418
-0.00352074
-0.00352731
-0.00353388
-0.00354046
-0.00354704
-0.00355362
-0.0035602
-0.00356678
-0.00357335
-0.00357992
-0.00358648
-0.00359303
-0.00359957
-0.00360609
-0.0036126
-0.00361908
-0.00362555
-0.00363199
-0.00363841
-0.0036448
-0.00365117
-0.0036575
-0.00366381
-0.00367008
-0.00367632
-0.00368253
-0.0036887
-0.00369483
-0.00370093
-0.00370698
-0.00371299
-0.00371897
-0.0037249
-0.00373079
-0.00373663
-0.00374243
-0.00374819
-0.0037539
-0.00375957
-0.0037652
-0.00377078
-0.00377631
-0.00378181
-0.00378726
-0.00379266
-0.00379802
-0.00380334
-0.00380862
-0.00381386
-0.00381905
-0.00382421
-0.00382933
-0.0038344
-0.00383945
-0.00384445
-0.00384942
-0.00385436
-0.00385926
-0.00386413
-0.00386897
-0.00387378
-0.00387856
-0.0038833
-0.00388803
-0.00389273
-0.0038974
-0.00390206
-0.00390669
-0.0039113
-0.00391589
-0.00392046
-0.00392502
-0.00392956
-0.00393408
-0.00393858
-0.00394307
-0.00394755
-0.00395202
-0.00395647
-0.00396091
-0.00396534
-0.00396977
-0.00397418
-0.00397858
-0.00398298
-0.00398737
-0.00399175
-0.00399612
-0.00400049
-0.00400485
-0.00400921
-0.00401356
-0.00401791
-0.00402225
-0.00402659
-0.00403092
-0.00403524
-0.00403957
-0.00404389
-0.0040482
-0.00405251
-0.00405682
-0.00406112
-0.00406541
-0.00406971
-0.00407399
-0.00407827
-0.00408255
-0.00408682
-0.00409108
-0.00409534
-0.0040996
-0.00410385
-0.0041081
-0.00411233
-0.00411656
-0.00412077
-0.00412498
-0.00412918
-0.00413338
-0.00413756
-0.00414174
-0.0041459
-0.00415006
-0.00415421
-0.00415835
-0.00416248
-0.0041666
-0.00417071
-0.00417481
-0.0041789
-0.00418298
-0.00418704
-0.0041911
-0.00419515
-0.00419919
-0.00420321
-0.00420722
-0.00421123
-0.00421522
-0.0042192
-0.00422317
-0.00422713
-0.00423108
-0.00423501
-0.00423894
-0.00424285
-0.00424675
-0.00425065
-0.00425453
-0.0042584
-0.00426226
-0.00426611
-0.00426995
-0.00427378
-0.0042776
-0.00428141
-0.00428521
-0.004289
-0.00429278
-0.00429655
-0.00430031
-0.00430406
-0.0043078
-0.00431291
-0.00431731
-0.00432132
-0.00432514
-0.00432885
-0.00433251
-0.00433616
-0.00433982
-0.0043435
-0.00434721
-0.00435097
-0.00435477
-0.00435862
-0.00436253
-0.0043665
-0.00437053
-0.00437463
-0.0043788
-0.00438303
-0.00438735
-0.00439173
-0.00439619
-0.00440072
-0.00440533
-0.00441002
-0.00441477
-0.0044196
-0.0044245
-0.00442947
-0.0044345
-0.00443961
-0.00444477
-0.00444999
-0.00445527
-0.0044606
-0.00446598
-0.00447141
-0.00447688
-0.00448239
-0.00448793
-0.00449351
-0.00449911
-0.00450473
-0.00451038
-0.00451603
-0.0045217
-0.00452738
-0.00453306
-0.00453873
-0.00454441
-0.00455007
-0.00455572
-0.00456136
-0.00456697
-0.00457257
-0.00457813
-0.00458367
-0.00458918
-0.00459465
-0.00460008
-0.00460548
-0.00461083
-0.00461615
-0.00462141
-0.00462664
-0.00463181
-0.00463694
-0.00464202
-0.00464705
-0.00465203
-0.00465696
-0.00466184
-0.00466667
-0.00467144
-0.00467617
-0.00468085
-0.00468548
-0.00469006
-0.0046946
-0.00469909
-0.00470353
-0.00470793
-0.00471228
-0.0047166
-0.00472087
-0.0047251
-0.0047293
-0.00473347
-0.0047376
-0.00474169
-0.00474576
-0.0047498
-0.00475382
-0.00475781
-0.00476178
-0.00476573
-0.00476966
-0.00477357
-0.00477748
-0.00478138
-0.00478527
-0.00478914
-0.004793
-0.00479685
-0.00480069
-0.00480454
-0.00480838
-0.00481223
-0.00481608
-0.00481993
-0.0048238
-0.00482766
-0.00483154
-0.00483543
-0.00483932
-0.00484323
-0.00484715
-0.00485108
-0.00485501
-0.00485897
-0.00486293
-0.00486691
-0.00487089
-0.00487489
-0.00487891
-0.00488293
-0.00488696
-0.00489101
-0.00489506
-0.00489913
-0.0049032
-0.00490729
-0.00491138
-0.00491548
-0.00491958
-0.00492369
-0.00492781
-0.00493193
-0.00493605
-0.00494018
-0.00494431
-0.00494844
-0.00495257
-0.0049567
-0.00496082
-0.00496495
-0.00496907
-0.0049732
-0.00497731
-0.00498143
-0.00498553
-0.00498963
-0.00499372
-0.0049978
-0.00500188
-0.00500594
-0.00501
-0.00501405
-0.00501809
-0.00502212
-0.00502614
-0.00503015
-0.00503415
-0.00503814
-0.00504212
-0.00504608
-0.00505004
-0.00505399
-0.00505792
-0.00506185
-0.00506576
-0.00506967
-0.00507356
-0.00507745
-0.00508132
-0.00508519
-0.00508904
-0.00509289
-0.00509673
-0.00510057
-0.00510439
-0.00510821
-0.00511202
-0.00511582
-0.00511962
-0.00512341
-0.0051272
-0.00513098
-0.00513476
-0.00513853
-0.0051423
-0.00514607
-0.00514983
-0.00515359
-0.00515735
-0.00516111
-0.00516487
-0.00516862
-0.00517237
-0.00517612
-0.00517987
-0.00518362
-0.00518738
-0.00519113
-0.00519489
-0.00519864
-0.0052024
-0.00520616
-0.00520992
-0.00521369
-0.00521745
-0.00522121
-0.00522498
-0.00522875
-0.00523252
-0.00523629
-0.00524006
-0.00524384
-0.00524761
-0.00525139
-0.00525517
-0.00525895
-0.00526273
-0.00526651
-0.0052703
-0.00527409
-0.00527787
-0.00528166
-0.00528545
-0.00528924
-0.00529303
-0.00529682
-0.00530061
-0.0053044
-0.00530819
-0.00531198
-0.00531577
-0.00531957
-0.00532336
-0.00532715
-0.00533094
-0.00533473
-0.00533852
-0.00534231
-0.0053461
-0.00534988
-0.00535367
-0.00535746
-0.00536125
-0.00536504
-0.00536883
-0.00537261
-0.00537639
-0.00538017
-0.00538394
-0.00538772
-0.0053915
-0.00539527
-0.00539904
-0.00540282
-0.00540659
-0.00541036
-0.00541413
-0.0054179
-0.00542167
-0.00542544
-0.00542921
-0.00543298
-0.00543675
-0.00544051
-0.00544428
-0.00544805
-0.00545182
-0.00545559
-0.00545936
-0.00546313
-0.0054669
-0.00547067
-0.00547444
-0.00547821
-0.00548198
-0.00548575
-0.00548953
-0.0054933
-0.00549708
-0.00550085
-0.00550463
-0.00550841
-0.00551219
-0.00551597
-0.00551975
-0.00552354
-0.00552732
-0.00553111
-0.00553489
-0.00553868
-0.00554247
-0.00554625
-0.00555004
-0.00555382
-0.00555762
-0.00556141
-0.00556521
-0.00556901
-0.00557281
-0.00557661
-0.00558042
-0.00558422
-0.00558803
-0.00559183
-0.00559564
-0.00559945
-0.00560326
-0.00560706
-0.00561087
-0.00561468
-0.00561849
-0.0056223
-0.00562611
-0.00562992
-0.00563374
-0.00563755
-0.00564136
-0.00564517
-0.00564898
-0.00565279
-0.00565661
-0.00566042
-0.00566423
-0.00566804
-0.00567185
-0.00567567
-0.00567948
-0.00568329
-0.00568711
-0.00569092
-0.00569473
-0.00569855
-0.00570236
-0.00570618
-0.00571
-0.00571381
-0.00571763
-0.00572145
-0.00572527
-0.00572909
-0.00573291
-0.00573673
-0.00574056
-0.00574439
-0.00574821
-0.00575204
-0.00575587
-0.00575969
-0.00576352
-0.00576735
-0.00577119
-0.00577502
-0.00577886
-0.00578269
-0.00578653
-0.00579038
-0.00579422
-0.00579807
-0.00580192
-0.00580577
-0.00580962
-0.00581347
-0.00581733
-0.00582119
-0.00582505
-0.00582892
-0.00583279
-0.00583666
-0.00584053
-0.0058444
-0.00584828
-0.00585216
-0.00585604
-0.00585993
-0.00586382
-0.00586771
-0.0058716
-0.00587549
-0.00587939
-0.00588329
-0.0058872
-0.0058911
-0.00589501
-0.00589892
-0.00590283
-0.00590675
-0.00591067
-0.00591459
-0.00591851
-0.00592243
-0.00592636
-0.00593028
-0.0059342
-0.00593813
-0.00594206
-0.00594599
-0.00594993
-0.00595388
-0.00595782
-0.00596177
-0.00596571
-0.00596966
-0.00597361
-0.00597756
-0.00598152
-0.00598547
-0.00598943
-0.00599338
-0.00599734
-0.0060013
-0.00600525
-0.00600921
-0.00601317
-0.00601713
-0.00602109
-0.00602506
-0.00602902
-0.00603299
-0.00603695
-0.00604091
-0.00604488
-0.00604885
-0.00605281
-0.00605678
-0.00606075
-0.00606472
-0.00606869
-0.00607266
-0.00607663
-0.00608061
-0.00608459
-0.00608857
-0.00609254
-0.00609653
-0.00610051
-0.00610449
-0.00610848
-0.00611247
-0.00611646
-0.00612045
-0.00612444
-0.00612844
-0.00613244
-0.00613644
-0.00614044
-0.00614444
-0.00614845
-0.00615245
-0.00615646
-0.00616047
-0.00616449
-0.00616851
-0.00617253
-0.00617655
-0.00618057
-0.0061846
-0.00618863
-0.00619267
-0.0061967
-0.00620074
-0.00620478
-0.00620883
-0.00621288
-0.00621693
-0.00622099
-0.00622505
-0.00622911
-0.00623317
-0.00623724
-0.00624131
-0.00624539
-0.00624946
-0.00625354
-0.00625763
-0.00626172
-0.00626581
-0.0062699
-0.006274
-0.0062781
-0.0062822
-0.0062863
-0.00629041
-0.00629453
-0.00629864
-0.00630276
-0.00630689
-0.00631101
-0.00631514
-0.00631926
-0.0063234
-0.00632753
-0.00633166
-0.0063358
-0.00633994
-0.00634408
-0.00634823
-0.00635238
-0.00635653
-0.00636069
-0.00636485
-0.00636902
-0.00637318
-0.00637735
-0.00638152
-0.00638569
-0.00638986
-0.00639404
-0.00639822
-0.0064024
-0.00640658
-0.00641076
-0.00641495
-0.00641914
-0.00642332
-0.00642752
-0.00643171
-0.0064359
-0.0064401
-0.0064443
-0.0064485
-0.00645271
-0.00645691
-0.00646112
-0.00646533
-0.00646954
-0.00647375
-0.00647797
-0.00648219
-0.00648641
-0.00649063
-0.00649485
-0.00649908
-0.00650331
-0.00650754
-0.00651178
-0.00651601
-0.00652025
-0.00652449
-0.00652874
-0.00653299
-0.00653724
-0.00654151
-0.0065458
-0.0065501
-0.00655438
-0.00655865
-0.00656292
-0.00656718
-0.00657145
-0.00657573
-0.00658001
-0.0065843
-0.00658858
-0.00659288
-0.00659717
-0.00660148
-0.00660579
-0.00661011
-0.00661444
-0.00661878
-0.00662312
-0.00662747
-0.00663183
-0.0066362
-0.00664057
-0.00664495
-0.00664934
-0.00665374
-0.00665814
-0.00666255
-0.00666697
-0.00667139
-0.00667582
-0.00668026
-0.0066847
-0.00668915
-0.0066936
-0.00669806
-0.00670252
-0.00670698
-0.00671145
-0.00671593
-0.0067204
-0.00672488
-0.00672937
-0.00673385
-0.00673834
-0.00674283
-0.00674732
