-0.000191868
-0.000370029
-0.000534924
-0.000686982
-0.000826615
-0.000954221
-0.00107019
-0.00117489
-0.00126869
-0.00135194
-0.00142498
-0.00148813
-0.00154172
-0.00158604
-0.0016214
-0.00164809
-0.00166638
-0.00167654
-0.00167884
-0.00167352
-0.00166083
-0.00164101
-0.00161429
-0.00158089
-0.00154101
-0.00149488
-0.00145439
-0.00141939
-0.00138966
-0.00134613
-0.00136907
-0.00141412
-0.00147872
-0.0015604
-0.00165684
-0.00176579
-0.00188515
-0.00201287
-0.00214704
-0.00228581
-0.00242744
-0.00257028
-0.00271275
-0.00285335
-0.00299066
-0.00312335
-0.00325013
-0.00336981
-0.00348125
-0.00358338
-0.00367518
-0.00373165
-0.00375395
-0.00374318
-0.00370041
-0.00362669
-0.00352302
-0.00339037
-0.00322968
-0.00304188
-0.00282782
-0.00258838
-0.00232438
-0.00203661
-0.00172585
-0.00139286
-0.00103834
-0.000663019
-0.000267561
0.000147373
0.000581146
0.00103314
0.00150276
0.00198942
0.00249258
0.00301168
0.0035346
0.00406109
0.00459104
0.0051593
0.00569244
0.00622898
0.00676882
0.0073119
0.00785815
0.00840751
0.00895989
0.00951525
0.0100735
0.0106347
0.0111986
0.0117653
0.0123348
0.0129069
0.0134817
0.0140591
0.0146391
0.0152217
0.0158069
0.0163947
0.0169851
0.0175974
0.0182309
0.0188849
0.0195588
0.0202519
0.0209636
0.0216933
0.0224403
0.0232041
0.023984
0.0247796
0.0255903
0.0264154
0.0272545
0.0281069
0.0289723
0.0298499
0.0307392
0.0316376
0.0325433
0.033456
0.0343755
0.0353016
0.036234
0.0371724
0.038105
0.0390319
0.0399501
0.0409044
0.041794
0.042676
0.0435531
0.0444277
0.0453025
0.0461801
0.0470632
0.0479542
0.0488556
0.0497697
0.0506988
0.0516447
0.0526094
0.0535944
0.0546013
0.0556311
0.0566851
0.0577641
0.0588689
0.06
0.0606081
0.0612455
0.0619114
0.0626049
0.0633251
0.0640712
0.0648422
0.0656373
0.0664559
0.0672971
0.0681601
0.0690443
0.0699488
0.0708729
0.071816
0.0727773
0.0737561
0.0747517
0.0757634
0.0767904
0.0778321
0.0788876
0.0799561
0.0810369
0.0821291
0.0832317
0.0843197
0.0853947
0.0864584
0.0876144
0.0886498
0.089681
0.0907103
0.0917401
0.0927727
0.0938105
0.0948558
0.095911
0.0969783
0.0980597
0.0991573
0.100273
0.101408
0.102564
0.103742
0.104943
0.106169
0.10742
0.108697
0.11
0.110612
0.111253
0.111922
0.112618
0.113341
0.11409
0.114863
0.115661
0.116481
0.117324
0.118189
0.119075
0.119981
0.120906
0.12185
0.122812
0.123792
0.124788
0.1258
0.126827
0.127869
0.128925
0.129993
0.131074
0.132166
0.133268
0.134355
0.13543
0.136493
0.137647
0.138681
0.139712
0.14074
0.141768
0.1428
0.143836
0.14488
0.145934
0.146999
0.148079
0.149175
0.150289
0.151422
0.152576
0.153752
0.154952
0.156176
0.157425
0.158699
0.16
0.160612
0.161254
0.161923
0.16262
0.163343
0.164092
0.164866
0.165664
0.166485
0.167328
0.168193
0.169079
0.169985
0.17091
0.171854
0.172817
0.173796
0.174793
0.175805
0.176832
0.177874
0.17893
0.179998
0.181079
0.18217
0.183272
0.18436
0.185434
0.186497
0.187651
0.188685
0.189715
0.190744
0.191772
0.192803
0.193839
0.194883
0.195937
0.197002
0.198082
0.199177
0.200291
0.201424
0.202577
0.203754
0.204953
0.206177
0.207425
0.208699
0.21
0.210612
0.211254
0.211923
0.21262
0.213344
0.214093
0.214866
0.215664
0.216485
0.217328
0.218193
0.219079
0.219985
0.220911
0.221855
0.222817
0.223797
0.224793
0.225805
0.226833
0.227875
0.22893
0.229999
0.231079
0.232171
0.233273
0.23436
0.235435
0.236497
0.237652
0.238686
0.239716
0.240744
0.241772
0.242804
0.24384
0.244884
0.245937
0.247002
0.248082
0.249178
0.250291
0.251424
0.252578
0.253754
0.254953
0.256177
0.257425
0.2587
0.26
0.260612
0.261254
0.261923
0.26262
0.263344
0.264093
0.264867
0.265664
0.266485
0.267328
0.268193
0.269079
0.269985
0.270911
0.271855
0.272817
0.273797
0.274793
0.275805
0.276833
0.277875
0.27893
0.279999
0.281079
0.282171
0.283273
0.28436
0.285435
0.286498
0.287652
0.288686
0.289716
0.290744
0.291773
0.292804
0.29384
0.294884
0.295937
0.297003
0.298082
0.299178
0.300291
0.301424
0.302578
0.303754
0.304953
0.306177
0.307425
0.3087
0.31
0.310612
0.311254
0.311923
0.31262
0.313344
0.314093
0.314867
0.315664
0.316485
0.317328
0.318193
0.319079
0.319985
0.320911
0.321855
0.322817
0.323797
0.324793
0.325805
0.326833
0.327875
0.32893
0.329999
0.331079
0.332171
0.333273
0.33436
0.335435
0.336498
0.337652
0.338686
0.339716
0.340744
0.341773
0.342804
0.34384
0.344884
0.345937
0.347003
0.348082
0.349178
0.350291
0.351424
0.352578
0.353754
0.354953
0.356177
0.357425
0.3587
0.36
0.360612
0.361254
0.361923
0.36262
0.363344
0.364093
0.364867
0.365664
0.366485
0.367329
0.368193
0.369079
0.369985
0.370911
0.371855
0.372817
0.373797
0.374793
0.375805
0.376833
0.377875
0.37893
0.379999
0.381079
0.382171
0.383273
0.38436
0.385435
0.386498
0.387652
0.388686
0.389716
0.390744
0.391773
0.392804
0.39384
0.394884
0.395937
0.397003
0.398082
0.399178
0.400291
0.401424
0.402578
0.403754
0.404953
0.406177
0.407425
0.4087
0.41
0.410612
0.411254
0.411923
0.41262
0.413344
0.414093
0.414867
0.415664
0.416485
0.417328
0.418193
0.419079
0.419985
0.420911
0.421855
0.422817
0.423797
0.424793
0.425805
0.426833
0.427875
0.42893
0.429999
0.431079
0.432171
0.433273
0.43436
0.435435
0.436497
0.437652
0.438686
0.439716
0.440744
0.441773
0.442804
0.44384
0.444884
0.445937
0.447003
0.448082
0.449178
0.450291
0.451424
0.452578
0.453754
0.454953
0.456177
0.457425
0.4587
0.46
0.460612
0.461254
0.461923
0.46262
0.463344
0.464093
0.464867
0.465664
0.466485
0.467329
0.468193
0.469079
0.469985
0.470911
0.471855
0.472817
0.473797
0.474793
0.475806
0.476833
0.477875
0.47893
0.479999
0.481079
0.482171
0.483273
0.48436
0.485435
0.486498
0.487652
0.488686
0.489716
0.490744
0.491773
0.492804
0.49384
0.494884
0.495937
0.497003
0.498082
0.499178
0.500291
0.501424
0.502578
0.503754
0.504953
0.506177
0.507425
0.5087
0.51
0.510612
0.511254
0.511923
0.51262
0.513344
0.514093
0.514867
0.515664
0.516485
0.517328
0.518193
0.519079
0.519985
0.520911
0.521855
0.522817
0.523797
0.524793
0.525805
0.526833
0.527875
0.52893
0.529999
0.531079
0.532171
0.533273
0.53436
0.535435
0.536498
0.537652
0.538686
0.539716
0.540744
0.541773
0.542804
0.54384
0.544884
0.545937
0.547003
0.548082
0.549178
0.550291
0.551424
0.552578
0.553754
0.554953
0.556177
0.557425
0.5587
0.56
0.560612
0.561254
0.561923
0.56262
0.563344
0.564093
0.564867
0.565664
0.566485
0.567328
0.568193
0.569079
0.569985
0.570911
0.571855
0.572817
0.573797
0.574793
0.575805
0.576833
0.577875
0.57893
0.579999
0.581079
0.582171
0.583273
0.58436
0.585435
0.586498
0.587652
0.588686
0.589716
0.590744
0.591773
0.592804
0.59384
0.594884
0.595937
0.597003
0.598082
0.599178
0.600291
0.601424
0.602578
0.603754
0.604953
0.606177
0.607425
0.6087
0.61
0.610612
0.611254
0.611923
0.61262
0.613344
0.614093
0.614867
0.615664
0.616485
0.617328
0.618193
0.619079
0.619985
0.620911
0.621855
0.622817
0.623797
0.624793
0.625805
0.626833
0.627875
0.62893
0.629999
0.631079
0.632171
0.633273
0.63436
0.635435
0.636498
0.637652
0.638686
0.639716
0.640744
0.641773
0.642804
0.64384
0.644884
0.645937
0.647003
0.648082
0.649178
0.650291
0.651424
0.652578
0.653754
0.654953
0.656177
0.657425
0.6587
0.66
0.660612
0.661254
0.661923
0.66262
0.663344
0.664093
0.664867
0.665664
0.666485
0.667328
0.668193
0.669079
0.669985
0.670911
0.671855
0.672817
0.673797
0.674793
0.675805
0.676833
0.677875
0.67893
0.679999
0.681079
0.682171
0.683273
0.68436
0.685435
0.686497
0.687652
0.688686
0.689716
0.690744
0.691773
0.692804
0.69384
0.694884
0.695937
0.697003
0.698082
0.699178
0.700291
0.701424
0.702578
0.703754
0.704953
0.706177
0.707425
0.7087
0.71
0.710612
0.711254
0.711923
0.71262
0.713344
0.714093
0.714867
0.715664
0.716485
0.717329
0.718193
0.719079
0.719985
0.720911
0.721855
0.722817
0.723797
0.724793
0.725806
0.726833
0.727875
0.72893
0.729999
0.731079
0.732171
0.733273
0.73436
0.735435
0.736498
0.737652
0.738686
0.739716
0.740744
0.741773
0.742804
0.74384
0.744884
0.745937
0.747003
0.748082
0.749178
0.750291
0.751424
0.752578
0.753754
0.754953
0.756177
0.757425
0.7587
0.76
0.760612
0.761254
0.761923
0.76262
0.763344
0.764093
0.764867
0.765664
0.766485
0.767328
0.768193
0.769079
0.769985
0.770911
0.771855
0.772817
0.773797
0.774793
0.775805
0.776833
0.777875
0.77893
0.779999
0.781079
0.782171
0.783273
0.78436
0.785435
0.786497
0.787652
0.788686
0.789716
0.790744
0.791773
0.792804
0.79384
0.794884
0.795937
0.797003
0.798082
0.799178
0.800291
0.801424
0.802578
0.803754
0.804953
0.806177
0.807425
0.8087
0.81
0.810612
0.811254
0.811923
0.81262
0.813344
0.814093
0.814867
0.815664
0.816485
0.817329
0.818193
0.819079
0.819985
0.820911
0.821855
0.822817
0.823797
0.824793
0.825806
0.826833
0.827875
0.82893
0.829999
0.831079
0.832171
0.833273
0.83436
0.835435
0.836498
0.837652
0.838686
0.839716
0.840744
0.841773
0.842804
0.84384
0.844884
0.845937
0.847003
0.848082
0.849178
0.850291
0.851424
0.852578
0.853754
0.854953
0.856177
0.857425
0.8587
0.86
0.860612
0.861254
0.861923
0.86262
0.863344
0.864093
0.864867
0.865664
0.866485
0.867328
0.868193
0.869079
0.869985
0.870911
0.871855
0.872817
0.873797
0.874793
0.875805
0.876833
0.877875
0.87893
0.879999
0.881079
0.882171
0.883273
0.88436
0.885435
0.886498
0.887652
0.888686
0.889716
0.890744
0.891773
0.892804
0.89384
0.894884
0.895937
0.897003
0.898082
0.899178
0.900291
0.901424
0.902578
0.903754
0.904953
0.906177
0.907425
0.9087
0.91
