0
2.30706
0.228225
-0.710922
-0.471939
-0.486213
-0.401247
-0.401174
-0.381841
-0.241365
-0.177912
-0.16578
-0.033753
0.372536
0.382231
0.334684
0.0727591
0.0778057
0.0776217
0.0757404
0.0737012
0.0716148
0.0695315
0.067468
0.0464499
0.0415588
0.042902
0.0378227
0.0328703
0.0327501
0.0315672
-0.0270625
-0.165456
-0.084029
-0.0846744
-0.0846807
-0.0876622
-0.0889188
-0.0900527
-0.0910956
-0.0920631
-0.0929637
-0.0938035
-0.0945873
-0.0953187
-0.0960009
-0.0966366
-0.0972283
-0.0977785
-0.098289
-0.0987619
-0.0893738
-0.0832816
-0.0934326
-0.0992817
-0.102289
-0.0995342
-0.100214
-0.100468
-0.100513
-0.100449
-0.100333
-0.100152
-0.0873898
-0.0873605
-0.0873084
-0.0872473
-0.087179
-0.0871056
-0.0870292
-0.0869773
-0.0869503
-0.0868847
-0.086841
-0.0868297
-0.0868659
-0.082005
-0.0874921
-0.0751239
-0.0776854
-0.0789207
-0.0793613
-0.0793524
-0.0790786
-0.0786499
-0.0781265
-0.0775412
-0.0769119
-0.0762489
-0.0755589
-0.0748473
-0.0595066
-0.0543637
-0.0537595
-0.0531286
-0.0525228
-0.0520413
-0.05212
0.0795371
0.0559766
0.0569101
0.087953
0.10355
0.0807633
0.065437
0.0578348
0.0543583
0.0529804
0.0747011
0.0729317
0.0734124
0.0739928
0.0746059
0.0752239
-0.00388538
0.144246
0.0714454
0.0681023
0.0612216
0.0491244
0.0495969
0.0500347
0.0504273
0.0507626
0.0510256
0.0511961
0.0577132
0.299115
0.0792741
-0.000201546
0.0324883
0.0508177
0.0611121
0.0669227
0.0702206
0.0721063
0.0731943
0.0738281
0.0742004
0.0744212
0.0745563
0.0746542
0.0747998
-0.0433526
-0.0174643
-0.0247057
-0.0243032
-0.0240051
-0.0237534
-0.0235118
-0.0232506
0.295834
-0.148538
-0.0831631
-0.12576
-0.0245485
-0.0285322
-0.0296431
-0.029616
-0.0291724
-0.0285954
-0.0279873
-0.0273789
-0.0267749
-0.0261368
-0.021566
-0.0210896
-0.0205996
-0.0201074
-0.0196144
-0.0191233
-0.0186386
-0.021387
-0.0180471
-0.0178129
0.0222004
0.157567
-0.398204
0.246802
0.271221
0.268096
0.118764
-0.00419233
-0.0938439
-0.0357089
-0.0028584
0.0156339
0.0260227
0.0317897
0.0347348
0.0347984
0.165685
0.149374
0.150516
0.151487
0.15234
0.153089
0.153655
0.154976
0.154731
0.147206
0.246711
0.221285
0.108362
0.154558
0.144738
0.139833
0.137619
0.0512735
-0.147285
-0.0114133
0.041336
0.0699142
0.0855523
0.0653411
0.0464631
0.0365218
0.0313103
0.0287686
0.0277263
0.0308965
0.10056
0.10409
0.094035
0.0937334
0.0942242
0.0823254
0.0945759
0.101735
0.0969002
0.0899428
0.0747596
0.256329
0.166337
0.170027
0.158047
0.164222
0.170327
0.115527
0.0756438
0.123349
0.070764
0.0739108
0.123583
0.12423
0.124105
0.12484
0.125927
0.127155
0.128443
0.129762
0.155825
0.153726
0.126285
0.109722
0.118895
0.131179
0.133152
0.134601
0.135776
0.136774
0.137584
0.138586
0.139533
0.140486
0.141449
0.142427
0.14342
0.144427
0.14545
0.146488
0.147539
0.148604
0.149682
0.150771
0.151872
0.148096
0.158246
0.155444
0.156341
0.157404
0.158479
0.159485
0.1605
0.161524
0.162554
0.163593
0.16464
0.165699
0.166775
0.167862
0.168975
0.170112
0.171293
0.172642
0.178198
0.174903
0.176055
0.177296
0.178566
0.179864
0.207803
0.206811
0.182955
0.166122
0.157473
0.174696
0.183237
0.184631
0.185767
0.186785
0.187747
0.188688
0.189625
0.190616
0.191459
0.192445
0.193365
0.194651
0.195502
0.196504
0.197568
0.198615
0.199685
0.200773
0.201872
0.190263
0.212913
0.20794
0.206731
0.2076
0.208571
0.209517
0.210497
0.211495
0.212506
0.213528
0.21456
0.2156
0.216335
0.217832
0.218905
0.219913
0.221052
0.222208
0.223383
0.224584
0.225813
0.227078
0.228412
0.22901
0.256925
0.253894
0.229496
0.213607
0.206246
0.231314
0.233927
0.234878
0.23578
0.236667
0.237557
0.238457
0.23937
0.240301
0.241248
0.242212
0.243194
0.244192
0.245205
0.245864
0.247381
0.24842
0.249474
0.250543
0.251611
0.15476
0.349062
0.255482
0.256278
0.257314
0.258422
0.260843
0.260142
0.261142
0.262158
0.263183
0.264217
0.265262
0.26632
0.267393
0.268482
0.26959
0.270718
0.271867
0.273038
0.274235
0.275454
0.276699
0.277971
0.279267
0.753532
0.615256
0.477769
0.276551
0.208766
-0.222155
-0.0564179
0.220383
0.26631
0.262206
0.283679
0.28179
0.276068
0.281185
0.281128
0.281277
0.287361
0.28916
0.290145
0.291142
0.292149
0.29317
0.294204
0.295251
0.29631
0.296001
0.300035
0.519474
0.22981
0.242057
0.282519
0.293469
0.298896
0.302433
0.304921
0.306827
0.308409
0.309813
0.311118
0.312369
0.313593
0.314802
0.316006
0.317209
0.318414
0.319623
0.320837
0.322058
0.323286
0.324522
0.358437
0.371177
0.346311
0.332382
0.325769
0.323127
0.322627
0.323574
0.332883
0.256301
0.259863
0.259995
0.290773
0.290316
0.28966
0.288389
0.283674
0.372895
0.371215
0.371689
0.372273
0.372355
0.359522
0.360553
0.361509
0.363288
0.374452
0.386109
0.406764
0.321304
0.289323
0.296268
0.308122
0.345804
0.348836
0.351131
0.352974
0.354515
0.355866
0.357108
0.358286
0.35943
0.3605
0.353729
0.362194
0.363527
0.364819
0.366106
0.367404
0.368718
0.794542
0.704816
0.403967
0.242647
0.147861
0.0508939
0.296707
0.328079
0.34588
0.357288
0.369074
0.372611
0.374881
0.374262
0.372776
0.371138
0.369192
0.367037
0.364169
0.359096
0.360106
0.49151
0.38703
0.38727
0.388352
0.387952
0.392294
0.619549
0.323439
0.328376
0.346292
0.377521
0.385827
0.391182
0.39476
0.397245
0.399078
0.400535
0.40178
0.402912
0.403992
0.405052
0.406113
0.407184
0.408275
0.40939
0.410529
0.411699
0.412784
0.414395
0.428811
0.429169
0.380731
0.41092
0.417195
0.418004
0.418797
0.419603
0.420426
0.421269
0.422133
0.423058
0.423923
0.424847
0.425791
0.426753
0.427694
0.428729
0.429742
0.43079
0.431874
0.410811
0.455939
0.435054
0.436142
0.436745
0.703627
0.558144
0.336925
0.364394
0.380812
0.389385
0.398101
0.410145
0.439667
0.442856
0.445186
0.447064
0.448609
0.44997
0.451233
0.452449
0.453647
0.454844
0.456052
0.457277
0.458521
0.459788
0.461079
0.462396
0.474408
0.476881
0.465472
0.456845
0.453708
0.463947
0.465854
0.467259
0.468302
0.468861
0.470499
0.471452
0.472395
0.473347
0.474307
0.475283
0.476276
0.477286
0.478311
0.479348
0.480406
0.481483
0.48259
0.48384
0.489273
0.483532
0.489056
0.488012
0.617565
0.437006
0.458562
0.472562
0.481497
0.487231
0.540212
0.483094
0.456643
0.495986
0.498702
0.519112
0.481747
0.501723
0.506559
0.500689
0.505331
0.506494
0.507751
0.508967
0.510214
0.511489
0.533501
0.533184
0.513719
0.498282
0.493092
0.513283
0.515059
0.516372
0.517477
0.518476
0.519428
0.520364
0.521298
0.522242
0.5232
0.524173
0.525167
0.526182
0.527222
0.528401
0.528576
0.530504
0.531467
0.532499
0.533564
0.534658
0.535691
0.792066
0.479517
0.475079
0.484846
0.492216
0.525838
0.536162
0.539829
0.542412
0.544362
0.545942
0.547314
0.548573
0.549776
0.550953
0.552206
0.553365
0.554562
0.555777
0.557012
0.55827
0.559552
0.56086
0.586363
0.588265
0.566145
0.549116
0.539354
0.553549
0.563748
0.565354
0.566603
0.567684
0.568678
0.569637
0.570583
0.571529
0.572486
0.546543
0.609482
0.558075
0.579282
0.57906
0.579368
0.580021
0.58087
0.581832
0.582859
0.582118
0.587207
0.832205
0.531487
0.525553
0.536563
0.542885
0.571611
0.584916
0.588531
0.591093
0.593027
0.594588
0.595935
0.597166
0.598338
0.599484
0.600627
0.601807
0.603238
0.60431
0.605451
0.606644
0.607877
0.609144
0.618737
0.618457
0.610836
0.601826
0.608983
0.611709
0.613137
0.614291
0.615307
0.616257
0.617181
0.6181
0.619025
0.619962
0.620913
0.62188
0.622864
0.623863
0.624878
0.625908
0.62704
0.628002
0.629071
0.630154
0.631247
0.630431
0.63514
0.634741
0.635718
0.636845
0.637974
0.639016
0.64006
0.64111
0.64216
0.643216
0.644295
0.645395
0.646569
0.64728
0.648993
0.649961
0.65103
0.652152
0.653315
0.654511
0.655736
0.65699
0.65827
0.659578
0.687852
0.688263
0.663577
0.645802
0.63648
0.652049
0.66288
0.664289
0.665535
0.666441
0.667409
0.668353
0.669291
0.670234
0.671189
0.672157
0.67314
0.674138
0.675152
0.676181
0.677223
0.678279
0.679348
0.68043
0.68152
0.666502
0.69507
0.689452
0.691257
0.818531
0.66786
0.633724
0.689181
0.659521
0.785965
0.664501
0.643898
0.678656
0.661776
0.68627
0.69744
0.698455
0.699474
0.700566
0.701704
0.702875
0.704076
0.705304
0.706558
0.707838
0.711402
0.711651
0.708075
0.707571
0.710917
0.711799
0.712641
0.713477
0.714322
0.71519
0.71606
0.716915
0.717836
0.718778
0.719735
0.720707
0.721695
0.722698
0.723718
0.724752
0.7258
0.726862
0.727937
0.729023
0.730121
0.731243
0.732295
0.733484
0.734574
0.735727
0.73686
0.737907
0.738957
0.74001
0.741067
0.742131
0.743203
0.744285
0.745379
0.746487
0.74761
0.697673
0.700376
0.704796
0.817613
0.811684
0.785086
0.767543
0.768935
0.770311
0.787686
0.83646
0.695933
0.70657
0.745062
0.750142
0.747025
0.744406
0.741144
0.72878
0.808347
0.807308
0.797324
0.779898
0.782217
0.784761
0.787859
0.792829
0.705867
0.751237
0.802958
0.777693
0.778863
0.779998
0.781121
0.78093
0.784909
1.0118
0.715158
0.720835
0.744131
0.764779
0.77922
0.78471
0.788366
0.79092
0.792817
0.794333
0.795632
0.796815
0.79794
0.799041
0.800134
0.801226
0.802222
0.784276
0.804299
0.805273
0.806376
0.807567
1.21263
1.11763
0.733162
0.619127
0.531491
0.754845
0.802637
0.80962
0.741811
0.750008
0.782232
0.83546
0.812918
0.816523
0.817198
0.817983
0.818843
0.819752
0.820698
0.82167
0.822666
0.823681
0.824713
0.825761
0.826822
0.827695
0.829206
1.06667
0.759889
0.769738
0.778706
0.8111
0.823777
0.829485
0.833232
0.835829
0.837759
0.839309
0.840648
0.841875
0.843048
0.844198
0.845346
0.846502
0.847675
0.848869
0.850081
0.851319
0.852547
