8.45459e-05
7.50977e-05
6.21775e-06
-7.17768e-05
-0.000132626
-0.000164613
-0.000180694
-0.000187867
-0.000212441
-0.000230963
-0.000238174
-0.000238859
-0.000235629
-0.000229895
-0.000222455
-0.00021374
-0.000204082
-0.000193696
-0.000182728
-0.000171286
-0.000159454
-0.000147309
-0.000134917
-0.000122341
-0.000109641
-9.68728e-05
-8.40926e-05
-7.13534e-05
-5.87064e-05
-4.62e-05
-3.38808e-05
-2.17898e-05
-1.00356e-05
1.39126e-06
1.24015e-05
2.31358e-05
3.35207e-05
4.35045e-05
5.30482e-05
6.21211e-05
7.06982e-05
7.87587e-05
8.62855e-05
9.32647e-05
9.9685e-05
0.000105538
0.000110818
0.000115522
0.000119649
0.000123201
0.000126219
0.000128654
0.000130521
0.000131833
0.000132605
0.000132854
0.000132596
0.000131848
0.000130629
0.000128959
0.00012686
0.000124353
0.000121462
0.00011821
0.000114622
0.000110722
0.000106536
0.00010209
9.74105e-05
9.25236e-05
8.74558e-05
8.22333e-05
7.68822e-05
7.14282e-05
6.58968e-05
6.03128e-05
5.47007e-05
4.90834e-05
4.34834e-05
3.79226e-05
3.24225e-05
2.70036e-05
2.16853e-05
1.6486e-05
1.14231e-05
6.51269e-06
1.76997e-06
-2.7912e-06
-7.1581e-06
-1.13192e-05
-1.52641e-05
-1.89839e-05
-2.2471e-05
-2.57188e-05
-2.8722e-05
-3.14763e-05
-3.39784e-05
-3.62263e-05
-3.82242e-05
-3.99739e-05
-4.14777e-05
-4.27365e-05
-4.37542e-05
-4.45356e-05
-4.50861e-05
-4.54112e-05
-4.55176e-05
-4.54123e-05
-4.51041e-05
-4.46018e-05
-4.39143e-05
-4.30512e-05
-4.20223e-05
-4.08378e-05
-3.95067e-05
-3.80438e-05
-3.64591e-05
-3.47625e-05
-3.29641e-05
-3.10739e-05
-2.91025e-05
-2.70607e-05
-2.49593e-05
-2.28091e-05
-2.06207e-05
-1.84046e-05
-1.61721e-05
-1.39308e-05
-1.16876e-05
-9.45863e-06
-7.25453e-06
-5.08367e-06
-2.95341e-06
-8.7072e-07
1.1578e-06
3.12581e-06
5.02736e-06
6.85684e-06
8.60911e-06
1.02795e-05
1.18636e-05
1.33579e-05
1.47589e-05
1.60681e-05
1.72856e-05
1.84104e-05
1.94411e-05
2.03769e-05
2.12172e-05
2.19617e-05
2.26091e-05
2.31716e-05
2.3572e-05
2.38696e-05
2.41057e-05
2.42677e-05
2.43503e-05
2.43524e-05
2.42748e-05
2.41194e-05
2.38891e-05
2.35868e-05
2.32161e-05
2.27807e-05
2.22842e-05
2.17306e-05
2.11239e-05
2.04682e-05
1.97679e-05
1.90272e-05
1.82504e-05
1.7442e-05
1.66064e-05
1.57478e-05
1.48706e-05
1.39764e-05
1.30559e-05
1.21112e-05
1.11635e-05
1.02256e-05
9.30533e-06
8.4041e-06
7.51787e-06
6.64058e-06
5.77357e-06
4.92057e-06
4.08572e-06
3.27288e-06
2.48545e-06
1.7264e-06
9.98339e-07
2.99865e-07
-3.68676e-07
-1.00642e-06
-1.61233e-06
-2.18531e-06
-2.72436e-06
-3.22858e-06
-3.69658e-06
-4.12819e-06
-4.55399e-06
-4.92267e-06
-5.24029e-06
-5.5098e-06
-5.73576e-06
-5.92126e-06
-6.0685e-06
-6.17918e-06
-6.25401e-06
-6.27416e-06
-6.26143e-06
-6.22535e-06
-6.16962e-06
-6.09513e-06
-5.99615e-06
-5.86919e-06
-5.71373e-06
-5.53059e-06
-5.32119e-06
-5.08724e-06
-4.82625e-06
-4.53716e-06
-4.22171e-06
-3.88653e-06
-3.53608e-06
-3.17365e-06
-2.80653e-06
-2.43223e-06
-2.0513e-06
-1.66593e-06
-1.27799e-06
-8.8885e-07
-5.03103e-07
-1.23297e-07
2.48975e-07
6.12472e-07
9.65968e-07
1.30826e-06
1.63956e-06
1.95856e-06
2.2688e-06
2.56809e-06
2.8552e-06
3.12863e-06
3.3874e-06
3.63077e-06
3.85821e-06
4.06926e-06
4.26356e-06
4.44085e-06
4.60089e-06
4.73559e-06
4.84227e-06
4.92887e-06
5.00453e-06
5.07054e-06
5.1238e-06
5.16279e-06
5.18687e-06
5.19589e-06
5.18999e-06
5.16948e-06
5.1348e-06
5.08644e-06
5.02497e-06
4.95099e-06
4.86513e-06
4.76806e-06
4.66048e-06
4.54309e-06
4.41662e-06
4.28181e-06
4.1394e-06
3.99015e-06
3.83482e-06
3.67416e-06
3.51077e-06
3.34268e-06
3.17103e-06
2.99676e-06
2.82069e-06
2.64359e-06
2.46618e-06
2.28912e-06
2.11308e-06
1.93866e-06
1.76645e-06
1.59702e-06
1.4309e-06
1.26858e-06
1.11054e-06
9.5721e-07
8.08999e-07
6.6628e-07
5.29387e-07
3.98577e-07
2.74167e-07
1.56419e-07
4.55557e-08
-5.82465e-08
-1.54875e-07
-2.35339e-07
-2.95375e-07
-3.41021e-07
-3.81467e-07
-4.24689e-07
-4.68962e-07
-5.10666e-07
-5.47896e-07
-5.79678e-07
-6.05554e-07
-6.25356e-07
-6.39077e-07
-6.46805e-07
-6.4869e-07
-6.44916e-07
-6.357e-07
-6.21279e-07
-6.01903e-07
-5.77835e-07
-5.49348e-07
-5.16727e-07
-4.80257e-07
-4.40241e-07
-3.96972e-07
-3.50756e-07
-3.06744e-07
-2.58977e-07
-2.07522e-07
-1.53414e-07
-9.73487e-08
-3.9835e-08
1.87184e-08
7.79662e-08
1.37597e-07
1.97323e-07
2.56873e-07
3.15988e-07
3.74423e-07
4.31937e-07
4.88316e-07
5.43348e-07
5.96835e-07
6.48592e-07
6.98447e-07
7.46242e-07
7.91833e-07
8.35087e-07
8.75888e-07
9.1413e-07
9.49696e-07
9.74023e-07
9.83373e-07
9.83903e-07
9.84641e-07
9.93332e-07
1.00569e-06
1.01885e-06
1.03127e-06
1.0421e-06
1.05093e-06
1.05752e-06
1.06178e-06
1.06369e-06
1.06324e-06
1.06048e-06
1.05545e-06
1.04823e-06
1.03889e-06
1.02751e-06
1.01417e-06
9.98976e-07
9.82013e-07
9.63388e-07
9.43201e-07
9.21564e-07
8.9971e-07
8.76123e-07
8.51137e-07
8.24987e-07
7.97856e-07
7.69897e-07
7.4124e-07
7.12015e-07
6.82343e-07
6.5234e-07
6.22115e-07
5.91775e-07
5.61425e-07
5.31163e-07
5.01086e-07
4.71286e-07
4.41853e-07
4.12869e-07
3.84416e-07
3.56569e-07
3.29399e-07
3.02973e-07
2.77352e-07
2.52592e-07
2.28711e-07
2.14692e-07
2.11949e-07
2.19247e-07
2.32397e-07
-6.57367e-06
-1.02045e-05
-1.20759e-05
-1.29707e-05
-1.33169e-05
-1.33473e-05
-1.31854e-05
-1.28992e-05
-1.25269e-05
-1.20905e-05
-1.16037e-05
-1.10751e-05
-1.05112e-05
-9.91699e-06
-9.29669e-06
-8.65418e-06
-7.99308e-06
-7.31684e-06
-6.62884e-06
-5.93232e-06
-5.23048e-06
-4.52856e-06
-3.8264e-06
-3.12701e-06
-2.43367e-06
-1.74924e-06
-1.07646e-06
-4.17803e-07
2.24485e-07
8.48292e-07
1.45166e-06
2.03275e-06
2.5899e-06
3.12157e-06
3.62638e-06
4.10309e-06
4.55064e-06
4.96809e-06
5.35469e-06
5.70979e-06
6.03294e-06
6.3238e-06
6.5822e-06
6.80808e-06
7.00155e-06
7.16367e-06
7.28885e-06
7.38073e-06
7.43917e-06
7.46567e-06
7.46204e-06
7.43004e-06
7.37125e-06
7.28713e-06
7.17903e-06
7.04849e-06
6.89682e-06
6.72783e-06
6.54161e-06
6.33883e-06
6.12048e-06
5.88774e-06
5.64187e-06
5.38414e-06
5.11593e-06
4.83854e-06
4.55275e-06
4.26043e-06
3.96314e-06
3.66234e-06
3.35947e-06
3.05747e-06
2.75536e-06
2.45397e-06
2.14906e-06
1.84422e-06
1.54204e-06
1.24435e-06
9.52547e-07
6.67868e-07
3.9136e-07
1.23944e-07
-1.33565e-07
-3.80435e-07
-6.16009e-07
-8.39703e-07
-1.05101e-06
-1.24948e-06
-1.43474e-06
-1.60654e-06
-1.76464e-06
-1.90888e-06
-2.03913e-06
-2.15534e-06
-2.25753e-06
-2.34591e-06
-2.41579e-06
-2.46743e-06
-2.56636e-06
-2.67329e-06
-2.75399e-06
-2.7757e-06
-2.75849e-06
-2.71504e-06
-2.65433e-06
-2.58257e-06
-2.50077e-06
-2.40976e-06
-2.31029e-06
-2.20314e-06
-2.08907e-06
-1.96886e-06
-1.84364e-06
-1.71441e-06
-1.58209e-06
-1.4476e-06
-1.31126e-06
-1.17143e-06
-1.02955e-06
-8.86706e-07
-7.43801e-07
-6.03837e-07
-4.64231e-07
-3.26866e-07
-1.91725e-07
-5.92723e-08
6.98324e-08
1.95087e-07
3.15999e-07
4.32114e-07
5.43032e-07
6.484e-07
7.47911e-07
8.41298e-07
9.28338e-07
1.00884e-06
1.08267e-06
1.14969e-06
1.20985e-06
1.26308e-06
1.30939e-06
1.34879e-06
1.38133e-06
1.40709e-06
1.42616e-06
1.43867e-06
1.43697e-06
1.41773e-06
1.39216e-06
1.37004e-06
1.34751e-06
1.3226e-06
1.29439e-06
1.26248e-06
1.22684e-06
1.18754e-06
1.14482e-06
1.0989e-06
1.05008e-06
9.98664e-07
9.44954e-07
8.89264e-07
8.3191e-07
7.73201e-07
7.13446e-07
6.5295e-07
5.92004e-07
5.31477e-07
4.708e-07
4.10363e-07
3.5049e-07
2.92071e-07
2.35648e-07
1.75534e-07
1.18805e-07
6.60415e-08
1.70286e-08
-3.01652e-08
-7.58246e-08
-1.19739e-07
-1.61489e-07
-2.00823e-07
-2.37576e-07
-2.71641e-07
-3.02941e-07
-3.31424e-07
-3.57061e-07
-3.79835e-07
-3.9975e-07
-4.1682e-07
-4.31073e-07
-4.4255e-07
-4.51302e-07
-4.57393e-07
-4.60894e-07
-4.62238e-07
-4.51802e-07
-4.2512e-07
-3.90591e-07
-3.58816e-07
-3.36698e-07
-3.1921e-07
-3.03672e-07
-2.88689e-07
-2.7356e-07
-2.57967e-07
-2.41782e-07
-2.24988e-07
-2.07629e-07
-1.89777e-07
-1.71526e-07
-1.52976e-07
-1.34227e-07
-1.15382e-07
-9.65406e-08
-7.78033e-08
-5.92615e-08
-4.10077e-08
-2.31266e-08
-5.69768e-09
1.12887e-08
2.4522e-08
3.86089e-08
5.28056e-08
6.54953e-08
7.7603e-08
8.92721e-08
1.00407e-07
1.10869e-07
1.20535e-07
1.30321e-07
1.39497e-07
1.47068e-07
1.53263e-07
1.58216e-07
1.62452e-07
1.6542e-07
1.67232e-07
1.68033e-07
1.67768e-07
1.66494e-07
1.64253e-07
1.61091e-07
1.5705e-07
1.52174e-07
1.46432e-07
1.29496e-07
9.70702e-08
5.72856e-08
2.19053e-08
-7.84823e-10
-1.65967e-08
-2.86647e-08
-3.86702e-08
-4.75083e-08
-5.56491e-08
-6.33327e-08
-7.06804e-08
-7.77451e-08
-8.45473e-08
-9.10859e-08
-9.73538e-08
-1.03338e-07
-1.09025e-07
-1.144e-07
-1.19448e-07
-1.24178e-07
-1.28567e-07
-1.32599e-07
-1.36263e-07
-1.39553e-07
-1.42459e-07
-1.44986e-07
-1.47997e-07
-1.50211e-07
-1.51271e-07
-1.51666e-07
-1.51997e-07
-1.52139e-07
-1.51963e-07
-1.51431e-07
-1.50537e-07
-1.4929e-07
-1.47706e-07
-1.45802e-07
-1.43596e-07
-1.41106e-07
-1.38354e-07
-1.35359e-07
-1.32141e-07
-1.28722e-07
-1.25123e-07
-1.21366e-07
-1.17475e-07
-1.13473e-07
-1.09594e-07
-9.31931e-08
-5.82218e-08
-1.33416e-08
2.85937e-08
5.65016e-08
7.20407e-08
8.05709e-08
8.50043e-08
8.69192e-08
8.71778e-08
8.62582e-08
8.44292e-08
8.18463e-08
7.86072e-08
7.47794e-08
7.07952e-08
6.84757e-08
6.4294e-08
5.89241e-08
5.27474e-08
4.59806e-08
3.87557e-08
3.11584e-08
2.32519e-08
1.50868e-08
3.59614e-09
-6.61675e-09
-1.80653e-08
-2.90109e-08
-3.85475e-08
-4.72324e-08
-5.5952e-08
-6.4731e-08
-7.34141e-08
-8.19534e-08
-9.03308e-08
-9.85399e-08
-1.0657e-07
-1.14409e-07
-1.22045e-07
-1.29463e-07
-1.36649e-07
-1.43588e-07
-1.50268e-07
-1.56677e-07
-1.62804e-07
-1.68637e-07
-1.74166e-07
-1.79381e-07
-1.84356e-07
-1.9549e-07
-2.17609e-07
-2.4251e-07
-2.5834e-07
-2.67675e-07
-2.73225e-07
-2.76461e-07
-2.78184e-07
-2.78839e-07
-2.78674e-07
-2.77835e-07
-2.76411e-07
-2.74461e-07
-2.72028e-07
-2.6915e-07
-2.65859e-07
-2.62185e-07
-2.58158e-07
-2.53807e-07
-2.4916e-07
-2.44242e-07
-2.39086e-07
-2.33721e-07
-2.28177e-07
-2.22483e-07
-2.15318e-07
-2.08696e-07
-2.02351e-07
-1.96158e-07
-1.90064e-07
-1.84046e-07
-1.78109e-07
-1.7226e-07
-1.66516e-07
-1.60899e-07
-1.55424e-07
-1.5011e-07
-1.44975e-07
-1.40032e-07
-1.35387e-07
-1.31012e-07
-1.26896e-07
-1.23032e-07
-1.19422e-07
-1.16063e-07
-1.12958e-07
-1.10107e-07
-1.07511e-07
-1.05167e-07
-1.03253e-07
-8.7883e-08
-5.23261e-08
-5.99491e-09
3.69217e-08
6.41635e-08
7.74539e-08
8.27869e-08
8.34308e-08
8.1174e-08
7.70022e-08
7.14698e-08
6.49008e-08
5.74946e-08
4.93831e-08
4.06625e-08
3.14095e-08
2.16925e-08
1.157e-08
1.10133e-09
-9.65945e-09
-2.0657e-08
-3.18394e-08
-4.31554e-08
-5.45555e-08
-6.59902e-08
-8.48596e-08
-1.02206e-07
-1.16583e-07
-1.28852e-07
-1.35987e-07
-1.43092e-07
-1.51521e-07
-1.60407e-07
-1.66955e-07
-1.70097e-07
-1.71891e-07
-1.74557e-07
-1.78031e-07
-1.83085e-07
-1.8922e-07
-1.95782e-07
-2.02412e-07
-2.08913e-07
-2.15179e-07
-2.21145e-07
-2.26775e-07
-2.32044e-07
-2.36938e-07
-2.41446e-07
-2.45836e-07
-2.56148e-07
-2.75084e-07
-2.93551e-07
-3.04169e-07
-3.10264e-07
-3.13649e-07
-3.15312e-07
-3.15796e-07
-3.15405e-07
-3.14312e-07
-3.12621e-07
-3.10403e-07
-3.07707e-07
-3.04574e-07
-3.01036e-07
-2.97126e-07
-2.92877e-07
-2.88316e-07
-2.83472e-07
-2.78378e-07
-2.7306e-07
-2.67551e-07
-2.61876e-07
-2.56066e-07
-2.50148e-07
-2.44147e-07
-2.38097e-07
-2.3202e-07
-2.25942e-07
-2.1989e-07
-2.13887e-07
-2.07957e-07
-2.02121e-07
-1.96402e-07
-1.90819e-07
-1.85391e-07
-1.80134e-07
-1.75067e-07
-1.70205e-07
-1.65558e-07
-1.61143e-07
-1.59358e-07
-1.61394e-07
-1.67854e-07
-1.73672e-07
-1.76566e-07
-1.76573e-07
-1.74572e-07
-1.71028e-07
-1.66415e-07
-1.5271e-07
-1.24396e-07
-9.54379e-08
-7.35898e-08
-5.80985e-08
-4.81858e-08
-4.31123e-08
-4.27184e-08
-4.71303e-08
-5.70391e-08
-6.65515e-08
-7.41412e-08
-8.03382e-08
-8.61105e-08
-9.18607e-08
-9.76853e-08
-1.03484e-07
-1.08956e-07
-1.18108e-07
-1.28374e-07
-1.35742e-07
-1.41552e-07
-1.46529e-07
-1.51055e-07
-1.55333e-07
-1.62963e-07
-1.68859e-07
-1.78832e-07
-1.87946e-07
-1.95179e-07
-2.00933e-07
-2.05562e-07
-2.0921e-07
-2.12073e-07
-2.14317e-07
-2.16054e-07
-2.17372e-07
-2.18321e-07
-2.18941e-07
-2.19263e-07
-2.19304e-07
-2.1909e-07
-2.18632e-07
-2.17952e-07
-2.17067e-07
-2.17132e-07
-2.17704e-07
-2.18538e-07
-2.19493e-07
-2.20585e-07
-2.56318e-07
-3.38899e-07
-5.38849e-07
-7.3233e-07
-8.45262e-07
-9.0199e-07
-9.27057e-07
-9.3401e-07
-9.33527e-07
-9.31558e-07
-9.26461e-07
-9.02103e-07
-8.67001e-07
-8.25597e-07
-7.80393e-07
-7.32849e-07
-6.83864e-07
-6.3403e-07
-5.8377e-07
-5.33415e-07
-4.83241e-07
-4.33493e-07
-3.84392e-07
-3.36145e-07
-2.88946e-07
-2.42531e-07
-1.97719e-07
-1.59096e-07
-1.2131e-07
-8.36923e-08
-4.75025e-08
-1.28952e-08
2.00318e-08
5.11051e-08
8.01683e-08
1.07099e-07
1.31804e-07
1.54221e-07
1.74308e-07
1.92049e-07
2.07434e-07
2.20473e-07
2.31185e-07
2.39601e-07
2.4576e-07
2.49716e-07
2.51525e-07
2.51255e-07
2.48983e-07
