0
0.000254855
0.00045749
0.000174284
-0.000635839
-0.00160655
-0.00294274
-0.00454259
-0.00576706
-0.00719532
-0.00888891
-0.0102611
-0.0113357
-0.0121204
-0.0126325
-0.012702
-0.0129075
-0.0131832
-0.013509
-0.013884
-0.0143082
-0.0147822
-0.015307
-0.015884
-0.0165532
-0.0173146
-0.0179797
-0.0185846
-0.0190936
-0.0195087
-0.0198291
-0.0201504
-0.0205144
-0.0208886
-0.0212697
-0.0216579
-0.0220406
-0.0224173
-0.0227867
-0.0231476
-0.0234983
-0.0238375
-0.0241637
-0.0244758
-0.0247723
-0.0250519
-0.0253129
-0.0255535
-0.0257711
-0.0259631
-0.0261259
-0.0262515
-0.026328
-0.0263648
-0.0263674
-0.0263388
-0.0262823
-0.0261986
-0.0260885
-0.0259521
-0.0257897
-0.0256012
-0.0253873
-0.025147
-0.0248801
-0.0245865
-0.024266
-0.0239185
-0.0235437
-0.0231412
-0.0227092
-0.0222444
-0.0217462
-0.0212141
-0.0206474
-0.0200456
-0.0194124
-0.0187353
-0.0180214
-0.0172759
-0.0165021
-0.0157024
-0.0148789
-0.0140328
-0.0131653
-0.0122775
-0.0113701
-0.010444
-0.00949961
-0.00853757
-0.00755825
-0.00670787
-0.005973
-0.00535396
-0.00485099
-0.00446435
-0.00419424
-0.0040407
-0.00399444
-0.00403224
-0.00415729
-0.0043692
-0.0046353
-0.00494761
-0.00530256
-0.00569829
-0.00613392
-0.00660911
-0.00711377
-0.00765326
-0.00822812
-0.00883892
-0.00948633
-0.010171
-0.0108635
-0.0116219
-0.0124109
-0.0132344
-0.0140906
-0.0149804
-0.0159042
-0.0168628
-0.0178569
-0.0188872
-0.0199546
-0.0210598
-0.0222046
-0.0230349
-0.0238473
-0.0246209
-0.0253354
-0.0259791
-0.0265449
-0.0270282
-0.0274261
-0.0277364
-0.0279573
-0.0280873
-0.028125
-0.028069
-0.0279177
-0.0276699
-0.0273241
-0.0268522
-0.0262808
-0.0256089
-0.0248347
-0.0239563
-0.0229718
-0.021879
-0.0206754
-0.0195464
-0.0183701
-0.0171487
-0.0158853
-0.0145843
-0.0132466
-0.011872
-0.01046
-0.00900991
-0.00752069
-0.00599135
-0.0044208
-0.00280787
-0.00115242
0.00054805
0.00229482
0.00408925
0.00593273
0.00782671
0.00977269
0.0117722
0.0138174
0.0159089
0.0180485
0.0201982
0.0220328
0.0237216
0.0253657
0.0269609
0.0285047
0.029974
0.0313699
0.0326904
0.0339326
0.0350924
0.0361674
0.0371564
0.0380584
0.0388727
0.0395993
0.0402061
0.0407258
0.0411576
0.0415009
0.0417547
0.0419185
0.0419913
0.0419736
0.0418637
0.0416589
0.0413657
0.0409517
0.0404299
0.0398074
0.039088
0.0382735
0.037365
0.0364523
0.0353802
0.0342386
0.0330276
0.031747
0.0303959
0.0289746
0.0274822
0.0259172
0.0242782
0.0225636
0.0207718
0.0188962
0.0169121
0.0148327
0.0126558
0.0103794
0.00800131
0.00552824
0.00291215
0.000170373
-0.00269062
-0.00566705
-0.00875611
-0.0116372
-0.0144296
-0.017131
-0.0197407
-0.0222583
-0.0246842
-0.0271094
-0.0293252
-0.0314312
-0.033435
-0.0353361
-0.0371342
-0.0388292
-0.0404211
-0.0419098
-0.0432953
-0.0445773
-0.0457556
-0.0468296
-0.0478081
-0.0486635
-0.0493978
-0.050004
-0.0505119
-0.0509216
-0.0512351
-0.0514534
-0.0515774
-0.0516137
-0.0515759
-0.0514643
-0.0512785
-0.0510185
-0.050684
-0.0502746
-0.0497898
-0.0492292
-0.0485922
-0.047878
-0.0470859
-0.046215
-0.0452645
-0.0442334
-0.0431206
-0.0419288
-0.0406266
-0.0392261
-0.0377338
-0.0361535
-0.0344875
-0.0327371
-0.030903
-0.0289856
-0.0269849
-0.0249007
-0.022733
-0.0204812
-0.0181448
-0.0157231
-0.0132152
-0.0106199
-0.00793569
-0.00515997
-0.00258684
-0.000127855
0.00221778
0.00445081
0.0065719
0.00858163
0.0104889
0.0122642
0.0139162
0.0154487
0.0168648
0.0181627
0.0193508
0.0204311
0.0214049
0.0222735
0.0230378
0.0236984
0.024256
0.0247111
0.025064
0.025315
0.025476
0.0255347
0.0254917
0.025347
0.0251002
0.024753
0.0243149
0.0237853
0.0231638
0.0224577
0.021619
0.0206678
0.0196115
0.0184552
0.0172015
0.0158525
0.0144091
0.012872
0.0112419
0.00951877
0.00770295
0.0057944
0.00388724
0.00185121
-0.000246223
-0.00240586
-0.0046286
-0.00691545
-0.00926749
-0.0116859
-0.0141722
-0.0167279
-0.0193554
-0.0218015
-0.0241434
-0.0263577
-0.0284509
-0.0304269
-0.0322886
-0.0340495
-0.0357131
-0.0372813
-0.0387559
-0.0401383
-0.0414298
-0.0426315
-0.0437444
-0.0447694
-0.0457073
-0.0465588
-0.0473245
-0.0480049
-0.0486006
-0.0490991
-0.0495022
-0.0498102
-0.0500229
-0.0501406
-0.050163
-0.05018
-0.0499847
-0.0496781
-0.0492682
-0.0487601
-0.0481574
-0.0474885
-0.0467548
-0.0459573
-0.0450969
-0.0441743
-0.04319
-0.0421446
-0.0410384
-0.0398716
-0.0386444
-0.0373569
-0.0360088
-0.0346001
-0.0331305
-0.0315997
-0.0300073
-0.0283528
-0.0266359
-0.024856
-0.0229708
-0.0210873
-0.0192088
-0.0173369
-0.0160499
-0.0151222
-0.0142142
-0.0134103
-0.0127286
-0.0121497
-0.0116899
-0.0113517
-0.011136
-0.0110436
-0.0110746
-0.011229
-0.0114284
-0.0116615
-0.0119282
-0.0122286
-0.0125631
-0.0129321
-0.013336
-0.0137755
-0.0142511
-0.0147585
-0.015318
-0.0158159
-0.0163006
-0.0167658
-0.0172209
-0.0176646
-0.0180951
-0.0185108
-0.0189103
-0.0192925
-0.0196562
-0.0200002
-0.0203234
-0.0206248
-0.0209034
-0.021158
-0.0213878
-0.0215917
-0.0217688
-0.0219181
-0.0220385
-0.0221291
-0.0221887
-0.0222161
-0.0222141
-0.0221599
-0.0220667
-0.0219391
-0.0217794
-0.0215888
-0.021368
-0.0211173
-0.0208375
-0.0205216
-0.0201768
-0.0198059
-0.0194051
-0.0189742
-0.0185128
-0.0180208
-0.0174979
-0.0169372
-0.0163434
-0.0157161
-0.0150562
-0.0143615
-0.0136314
-0.012865
-0.0120618
-0.0112212
-0.0103313
-0.00939747
-0.00863843
-0.00795651
-0.00734912
-0.00682428
-0.00638691
-0.00604024
-0.00578677
-0.00562855
-0.00556736
-0.0056049
-0.00574284
-0.00598283
-0.00632657
-0.00677585
-0.00733303
-0.00775426
-0.00808254
-0.00831904
-0.00846487
-0.00852107
-0.00848862
-0.00836846
-0.00813906
-0.00791386
-0.00777814
-0.00768945
-0.00764571
-0.00766065
-0.00775207
-0.00787985
-0.00804081
-0.00823489
-0.00847068
-0.00874826
-0.00906779
-0.0094295
-0.00983367
-0.0102806
-0.0107707
-0.0113042
-0.0118815
-0.012503
-0.0131322
-0.013822
-0.0145466
-0.0153069
-0.0161034
-0.016933
-0.0178161
-0.018497
-0.0191341
-0.019742
-0.0203155
-0.0208504
-0.0213434
-0.0217922
-0.0221946
-0.0225487
-0.0228527
-0.0231049
-0.0233035
-0.0234469
-0.0235334
-0.0235613
-0.0235289
-0.0234345
-0.0232764
-0.0230529
-0.0227621
-0.022402
-0.0219707
-0.0214658
-0.0208897
-0.0202201
-0.019503
-0.0187402
-0.0179426
-0.0171109
-0.0162453
-0.0153457
-0.0144116
-0.0134424
-0.0124376
-0.0113964
-0.010318
-0.00920168
-0.00804644
-0.00685139
-0.00561555
-0.00433787
-0.00301729
-0.00165267
-0.00024284
0.00117521
0.0026573
0.00417691
0.00573539
0.00733222
0.00863576
0.00990085
0.0111168
0.0122633
0.0133284
0.0143059
0.0151904
0.015979
0.0166698
0.01731
0.0178984
0.0184337
0.0189146
0.0193401
0.0197091
0.0200205
0.0202732
0.0204661
0.0205983
0.0206685
0.0206756
0.0206185
0.0204958
0.0203063
0.0200549
0.0197173
0.0192973
0.0187897
0.0182118
0.0175661
0.0168533
0.0160734
0.0152258
0.0143099
0.0133249
0.0122698
0.0111435
0.00994474
0.00867232
0.00732484
0.00590083
0.00439872
0.00281685
0.00115341
-0.000593535
-0.00242614
-0.00434697
-0.00636015
-0.00841776
-0.0105127
-0.0126701
-0.0148809
-0.0169006
-0.0188582
-0.0207414
-0.0225436
-0.0242609
-0.0258912
-0.0274212
-0.0288585
-0.0302069
-0.0314523
-0.0325952
-0.0336349
-0.0345831
-0.0354267
-0.0361681
-0.0368158
-0.0373689
-0.0378334
-0.0382084
-0.0384928
-0.0386859
-0.0387863
-0.0387991
-0.0387
-0.0384943
-0.0381835
-0.0377704
-0.037266
-0.0366713
-0.0359864
-0.0352114
-0.0343459
-0.0333892
-0.0323409
-0.0311999
-0.0299654
-0.0286362
-0.0272113
-0.0256891
-0.0240681
-0.0223466
-0.0205213
-0.0186614
-0.016769
-0.0148424
-0.0128799
-0.01088
-0.00884192
-0.00675115
-0.00490184
-0.00310063
-0.0013663
0.000288736
0.00185762
0.00333636
0.00472259
0.0060148
0.00721192
0.00831311
0.00931764
0.0102248
0.011034
0.0117445
0.0123557
0.0128705
0.0132881
0.0136079
0.013829
0.0139505
0.0139715
0.0138909
0.0137076
0.0134284
0.0130233
0.0124975
0.0118557
0.0110997
0.0102381
0.00927536
0.00821183
0.0070472
0.00578091
0.00441212
0.00293986
0.00136295
-0.000319982
-0.00211055
-0.00390787
-0.00575155
-0.00762243
-0.00952177
-0.0114512
-0.0134123
-0.0154067
-0.0174363
-0.0195026
-0.0216074
-0.0237486
-0.0259476
-0.0279025
-0.0298085
-0.0316492
-0.0334129
-0.0350933
-0.036686
-0.0381888
-0.0396004
-0.0409197
-0.042146
-0.0432787
-0.044317
-0.0452605
-0.0461085
-0.0468603
-0.0475154
-0.0480834
-0.0485995
-0.0490627
-0.049472
-0.0498266
-0.0501253
-0.0503669
-0.0505555
-0.0506682
-0.0507106
-0.0506835
-0.0505977
-0.0504561
-0.0502594
-0.0500081
-0.0497022
-0.0493413
-0.0489253
-0.0484536
-0.0479257
-0.047341
-0.0466988
-0.0459982
-0.0452384
-0.0444185
-0.0435375
-0.0425942
-0.0415876
-0.0405164
-0.0393793
-0.038175
-0.036902
-0.0355616
-0.0341273
-0.0326083
-0.0310102
-0.029336
-0.0275872
-0.0257647
-0.0238686
-0.0218989
-0.0198552
-0.0177368
-0.015543
-0.0132725
-0.010923
-0.00874896
-0.00668706
-0.00473706
-0.00289869
-0.00117174
0.000444003
0.00194867
0.00334233
0.00462499
0.00579657
0.00685689
0.00781383
0.00863799
0.00933713
0.00991443
0.0103723
0.0107209
0.0109665
0.0111101
0.0111556
0.0111033
0.0109533
0.0107057
0.0103603
0.00991695
0.00937519
0.00873459
0.0079946
0.00715454
0.00621366
0.00517109
0.00402586
0.00277692
0.00142307
-3.69524e-05
-0.00160456
-0.00327276
-0.0050912
-0.00703964
-0.00899362
-0.0106593
-0.012239
-0.0137324
-0.0152278
-0.0165144
-0.0176212
-0.0186144
-0.0195102
-0.020288
-0.0209572
-0.0215509
-0.0221204
-0.0226649
-0.0231838
-0.0236764
-0.0241418
-0.0245795
-0.0249886
-0.0253684
-0.0257181
-0.0260367
-0.0263271
-0.0265762
-0.0267843
-0.0269544
-0.0270946
-0.0272065
-0.0272909
-0.0273483
-0.0273792
-0.0273836
-0.0273611
-0.0273059
-0.0272178
-0.0270967
-0.0269426
-0.0267551
-0.0265342
-0.0262796
-0.0259909
-0.0256678
-0.0253099
-0.0249167
-0.0244878
-0.0240226
-0.0235205
-0.0229835
-0.0224036
-0.0217869
-0.0211379
-0.0204595
-0.0197538
-0.0190224
-0.0182665
-0.0174872
-0.0166854
-0.015862
-0.0150176
-0.0141531
-0.0132689
-0.0123659
-0.0114443
-0.010587
-0.00978831
-0.00897361
-0.0082855
-0.00771305
-0.00725051
-0.00686271
-0.00655176
-0.00632005
-0.00617742
-0.00611857
-0.00612016
-0.00617233
-0.00626636
-0.00640031
-0.00657338
-0.0067851
-0.00703522
-0.00732339
-0.00765068
-0.00801603
-0.00842014
-0.00886364
-0.00934684
-0.00987012
-0.0104339
-0.0110388
-0.0116821
-0.0123328
-0.0130408
-0.0137807
-0.014553
-0.0153587
-0.0161985
-0.0170692
-0.0179913
-0.0187043
-0.0193734
-0.0199796
-0.020526
-0.0210061
-0.0214158
-0.0217522
-0.0220131
-0.0221965
-0.0223006
-0.0223236
-0.022264
-0.0221201
-0.02189
-0.0215723
-0.0211649
-0.020666
-0.0200726
-0.0196247
-0.0192763
-0.019026
-0.0188726
-0.0188148
-0.0188687
-0.0189119
-0.0188833
-0.0188223
-0.0187293
-0.0185821
-0.0183999
-0.0181836
-0.0179072
-0.0175988
-0.017284
-0.0169482
-0.0165889
-0.016206
-0.015799
-0.0153677
-0.0149116
-0.0144302
-0.0139232
-0.01339
-0.01283
-0.0122427
-0.0116275
-0.0109837
-0.0103106
-0.00960875
-0.00886601
-0.00828066
-0.00771777
-0.0071901
-0.00670579
-0.0062699
-0.00588604
-0.00555695
-0.00528493
-0.00507201
-0.0049201
-0.00483103
-0.00480661
-0.00484863
-0.00495887
-0.00513907
-0.00539101
-0.00571649
-0.00611735
-0.00659557
-0.00715323
-0.00779282
-0.00851938
