-0.099997
-0.095186
-0.0883727
-0.0883693
-0.0883362
-0.0882781
-0.0881839
-0.0880548
-0.0861228
-0.0859815
-0.0858091
-0.0856456
-0.085493
-0.0853474
-0.0852104
-0.0865952
-0.0873599
-0.0877805
-0.0880121
-0.0881397
-0.0882101
-0.0882491
-0.0882709
-0.0882833
-0.0882907
-0.0882957
-0.0882768
-0.0882594
-0.0882438
-0.0882295
-0.0882163
-0.0882011
-0.0882116
-0.0882187
-0.0882253
-0.0882351
-0.088244
-0.0882521
-0.0882595
-0.0882661
-0.0882721
-0.0882775
-0.0882824
-0.0882868
-0.0882908
-0.0882943
-0.0882976
-0.0883005
-0.0883031
-0.0883054
0.0616789
0.0616682
0.0616552
0.0616411
0.0616271
0.0616138
0.0616013
0.0615896
0.0615786
0.0615681
0.0615581
0.0615482
0.0615371
0.0615262
0.0615155
0.0615048
0.0614939
0.0614829
0.0614716
0.06146
0.0614479
0.0614353
0.0614222
0.0614085
0.0613939
0.0613784
0.0613649
0.0613594
0.0613572
0.0613561
0.0613552
0.0613542
0.0613531
0.0613519
0.0613507
0.0613497
0.0613488
0.061348
0.0613475
0.0613473
0.0613473
0.0613464
0.0613448
0.0613426
0.0613399
0.0613366
0.0613329
0.0613289
0.0613332
0.0613381
-0.0881997
-0.0881965
-0.088196
-0.0882031
-0.0882195
-0.0882447
-0.0882775
-0.0883164
-0.0883457
-0.0883782
-0.0884127
-0.0884481
-0.0884834
-0.0885174
-0.0885343
-0.0885875
-0.0886308
-0.0886743
-0.0887107
-0.0887395
-0.0887596
-0.0887706
-0.0887714
-0.0887616
-0.0887402
-0.0887066
-0.0886418
-0.0886341
-0.0886262
-0.0886218
-0.0886191
-0.0886172
-0.0886158
-0.0886145
-0.0886132
-0.088612
-0.0886108
-0.0886097
-0.0886087
-0.0886079
-0.0886073
-0.0886071
-0.0886073
-0.0886013
-0.0885951
-0.0885884
-0.0885811
-0.0885734
-0.0885652
-0.0885566
0.0621077
0.0621332
0.0621184
0.0620779
0.0620435
0.0620347
0.0620465
0.0620748
0.0621164
0.062168
0.0622271
0.0622911
0.0623576
0.0624241
0.0624858
0.0625431
0.0625936
0.0626351
0.0626652
0.0626815
0.0626816
0.0626631
0.0626235
0.0625602
0.062471
0.0623419
0.0623432
0.062345
0.0623712
0.0624135
0.0624695
0.0625304
0.0625824
0.0626084
0.0626294
0.0626475
0.062664
0.0626796
0.0626947
0.0627096
0.062725
0.0627013
0.0626782
0.0626555
0.0626334
0.0626118
0.0625908
0.0625704
0.0625536
0.0625384
-0.087107
-0.0871056
-0.086974
-0.0867869
-0.0865925
-0.086412
-0.086255
-0.0861251
-0.0860006
-0.0859846
-0.0859727
-0.0859682
-0.0859722
-0.0859842
-0.0860078
-0.0860423
-0.0860853
-0.0861347
-0.0861884
-0.0862444
-0.0863152
-0.0864265
-0.0865379
-0.0866469
-0.0867502
-0.0868448
-0.0869014
-0.0869478
-0.0869751
-0.086991
-0.0870001
-0.0870045
-0.0870056
-0.0870079
-0.0870104
-0.0870135
-0.0870171
-0.0870213
-0.0870276
-0.0870293
-0.0870339
-0.087037
-0.0870392
-0.0870415
-0.0870438
-0.0870461
-0.0870485
-0.0870507
-0.0870529
-0.087055
0.0629156
0.0628603
0.0627035
0.0625328
0.0624146
0.0622931
0.0621776
0.0620717
0.0619779
0.0618974
0.061831
0.0617787
0.0617408
0.0617174
0.0617085
0.0617141
0.0617338
0.0617673
0.0618142
0.0618739
0.0619458
0.062029
0.0621227
0.0622259
0.0623374
0.062456
0.0625682
0.0626442
0.0626901
0.0627192
0.0627391
0.062754
0.0627661
0.0627769
0.0627868
0.0627963
0.0628054
0.0628142
0.0628226
0.0628305
0.0628377
0.062844
0.0628494
0.0628535
0.0628561
0.0628569
0.0628581
0.0628596
0.0628616
0.0628637
-0.0871001
-0.0870496
-0.0869272
-0.0867868
-0.0866635
-0.0865724
-0.0864892
-0.0864058
-0.0863248
-0.0862485
-0.086179
-0.0861179
-0.0860667
-0.0860267
-0.0859988
-0.0859841
-0.0859832
-0.085996
-0.0860235
-0.0860658
-0.0861229
-0.0861945
-0.0862802
-0.0863792
-0.0864909
-0.0866144
-0.0867179
-0.0868005
-0.0868488
-0.0868785
-0.086898
-0.0869121
-0.0869235
-0.0869336
-0.0869433
-0.0869529
-0.0869627
-0.0869727
-0.0869829
-0.086997
-0.0870052
-0.0870132
-0.087021
-0.0870285
-0.0870355
-0.087042
-0.0870478
-0.0870528
-0.0870568
-0.0870595
0.0630428
0.0629943
0.0628944
0.0627837
0.062687
0.0626153
0.0625368
0.0624524
0.0623648
0.0622765
0.06219
0.0621074
0.0620307
0.0619617
0.0619022
0.0618537
0.0618175
0.0617949
0.0617871
0.0617951
0.0618202
0.0618629
0.0619239
0.0620034
0.0621018
0.062219
0.0623317
0.0624132
0.0624593
0.0624852
0.0624997
0.0625083
0.0625135
0.0625173
0.0625205
0.0625238
0.0625274
0.0625316
0.0625365
0.062542
0.0625484
0.0625554
0.0625632
0.0625718
0.062581
0.0625909
0.0626013
0.0626123
0.0626237
0.0626354
-0.0872669
-0.0872437
-0.0872028
-0.08714
-0.0870546
-0.0872063
-0.0871472
-0.0870696
-0.0870594
-0.0871046
-0.0871296
-0.0871513
-0.0871701
-0.0871861
-0.0871999
-0.0872116
-0.0872214
-0.0872268
-0.0872276
-0.0872237
-0.0872152
-0.087202
-0.0871843
-0.0871621
-0.0871353
-0.087104
-0.0870527
-0.0870338
-0.0870329
-0.0870324
-0.0870321
-0.0870319
-0.0870318
-0.0870316
-0.0870315
-0.0870314
-0.0870312
-0.0870311
-0.087031
-0.0870308
-0.0870307
-0.0870305
-0.0870304
-0.0870303
-0.0870301
-0.08703
-0.0870298
-0.0870297
-0.0870296
-0.0870295
0.063155
0.0631226
0.0630935
0.0630605
0.0630303
0.0630056
0.0629868
0.0629737
0.0629652
0.062959
0.0629703
0.0629822
0.0629866
0.0629906
0.0629933
0.0629943
0.0629927
0.0629876
0.0629913
0.0629929
0.0629916
0.0629837
0.0629726
0.0629576
0.0629383
0.0629143
0.0628895
0.0628781
0.0628742
0.0628738
0.0628736
0.0628734
0.0628731
0.0628728
0.0628723
0.0628718
0.0628711
0.0628703
0.0628695
0.0628685
0.0628676
0.0628665
0.0628655
0.0628644
0.0628637
0.0628627
0.0628617
0.0628607
0.0628597
0.062859
-0.0869521
-0.0869302
-0.0868718
-0.0868473
-0.0868245
-0.0868055
-0.0868255
-0.0869331
-0.0870307
-0.0871099
-0.087168
-0.0872222
-0.0872725
-0.0873189
-0.0873611
-0.0873989
-0.087432
-0.08746
-0.0874823
-0.0874982
-0.087507
-0.0874965
-0.0874935
-0.0874834
-0.0874657
-0.08744
-0.0873862
-0.0873659
-0.0873648
-0.0873642
-0.0873639
-0.0873637
-0.0873635
-0.0873634
-0.0873632
-0.0873629
-0.0873627
-0.0873623
-0.087362
-0.0873616
-0.0873611
-0.0873606
-0.0873601
-0.0873595
-0.0873589
-0.0873583
-0.0873576
-0.0873568
-0.0873561
-0.0873553
0.0630215
0.0629685
0.0628781
0.0628136
0.0627903
0.0627752
0.0627682
0.0627682
0.0627741
0.0627845
0.062798
0.0628133
0.062829
0.0628438
0.0628564
0.0628653
0.0628692
0.0628669
0.0628568
0.0628376
0.0628078
0.0627661
0.0626975
0.0626258
0.0625377
0.0624317
0.0623138
0.0623112
0.0623182
0.0623177
0.0623159
0.0623131
0.0623127
0.062313
0.0623132
0.0623132
0.0623132
0.0623132
0.062313
0.0623128
0.0623126
0.0623123
0.0623119
0.0623115
0.062311
0.0623104
0.0623098
0.0623091
0.0623084
0.0623076
-0.0872735
-0.0872624
-0.0871796
-0.0870911
-0.0870498
-0.0870276
-0.0870154
-0.0870144
-0.0870248
-0.0870463
-0.0870784
-0.0871201
-0.0871707
-0.0872292
-0.0872943
-0.0873649
-0.0874396
-0.087517
-0.0875955
-0.0876734
-0.0877488
-0.0878198
-0.0878842
-0.0879398
-0.0879842
-0.0880141
-0.0880047
-0.0880083
-0.0880083
-0.088008
-0.0880087
-0.0880099
-0.0880114
-0.0880131
-0.0880147
-0.0880163
-0.0880179
-0.0880193
-0.0880206
-0.0880218
-0.0880227
-0.0880235
-0.0880241
-0.0880245
-0.0880248
-0.0880248
-0.0880247
-0.0880244
-0.088024
-0.0880234
0.0623314
0.0622719
0.0621295
0.061975
0.061849
0.0617623
0.0616859
0.0616216
0.06157
0.0615311
0.0615044
0.0614891
0.0614843
0.0614889
0.0615016
0.0615209
0.0615453
0.0615729
0.0616019
0.0616301
0.0616553
0.0616733
0.0616824
0.0616806
0.0616661
0.0616369
0.0615984
0.0615723
0.0615716
0.0615723
0.0615737
0.0615755
0.0615773
0.0615792
0.061581
0.0615826
0.061584
0.0615853
0.0615863
0.0615871
0.0615876
0.061588
0.0615881
0.061588
0.0615876
0.0615871
0.0615863
0.0615854
0.0615843
0.061583
-0.088042
-0.0880219
-0.0879362
-0.0878512
-0.0877989
-0.0877929
-0.0878105
-0.0878395
-0.0878795
-0.0879301
-0.0879903
-0.088059
-0.0881349
-0.0882166
-0.0883023
-0.0883901
-0.0884633
-0.0885419
-0.0886142
-0.0886784
-0.0887326
-0.0887748
-0.0888031
-0.0888155
-0.0888101
-0.0887848
-0.0887175
-0.0886835
-0.0886803
-0.0886786
-0.088678
-0.088678
-0.0886783
-0.0886789
-0.0886796
-0.0886803
-0.0886811
-0.0886818
-0.0886825
-0.088683
-0.0886835
-0.0886839
-0.0886841
-0.0886843
-0.0886843
-0.0886843
-0.0886842
-0.0886841
-0.088684
-0.0886838
0.0616231
0.0615709
0.0614198
0.0612458
0.0610948
0.0609509
0.0608167
0.0606953
0.0605881
0.0604958
0.0604184
0.0603557
0.0603073
0.0602727
0.0602515
0.0602429
0.0602464
0.0602611
0.0602862
0.0603209
0.0603641
0.0604148
0.060472
0.0605343
0.0606006
0.0606693
0.0607405
0.0607866
0.0608144
0.0608319
0.0608437
0.0608524
0.0608592
0.060865
0.0608701
0.0608745
0.0608785
0.0608818
0.0608845
0.0608865
0.0608873
0.0608884
0.0608897
0.0608911
0.0608925
0.060894
0.0608956
0.0608971
0.0608986
0.0609
-0.0886875
-0.0886618
-0.0885797
-0.0884919
-0.0884315
-0.0884119
-0.0884084
-0.0884085
-0.0884132
-0.0884233
-0.0884395
-0.0884621
-0.0884916
-0.088528
-0.0885712
-0.088621
-0.088677
-0.0887386
-0.0888051
-0.0888754
-0.0889486
-0.0890231
-0.0890977
-0.0891705
-0.0892398
-0.0893034
-0.0893209
-0.0893528
-0.0893698
-0.0893602
-0.0893601
-0.0893606
-0.0893597
-0.0893524
-0.0893523
-0.0893522
-0.0893523
-0.0893523
-0.0893523
-0.0893523
-0.0893523
-0.0893523
-0.0893522
-0.0893522
-0.0893522
-0.0893522
-0.0893521
-0.0893521
-0.0893521
-0.0893521
0.0611177
0.0610681
0.0609776
0.0608934
0.0608284
0.0607647
0.0607037
0.0606461
0.0605921
0.0605416
0.0604945
0.0604507
0.0604101
0.0603727
0.0603383
0.0603067
0.060278
0.060252
0.0602284
0.0602074
0.0601886
0.0601721
0.0601577
0.0601454
0.060135
0.0601265
0.0601284
0.0601308
0.0601332
0.060135
0.0601364
0.0601373
0.0601379
0.0601383
0.0601387
0.060139
0.0601393
0.0601396
0.0601398
0.0601401
0.0601404
0.0601408
0.060141
0.0601412
0.0601417
0.0601419
0.0601419
0.0601419
0.0601419
0.0601418
-0.0894031
-0.0893985
-0.0893844
-0.0894143
-0.0894693
-0.0895301
-0.0895936
-0.089658
-0.089722
-0.0897846
-0.0898443
-0.0899033
-0.08996
-0.0900145
-0.0900664
-0.0901153
-0.0901608
-0.0902026
-0.0902406
-0.0902632
-0.0902678
-0.0902859
-0.0902978
-0.0903033
-0.0903019
-0.0902933
-0.0902547
-0.0902439
-0.0902429
-0.0902423
-0.090242
-0.0902417
-0.0902414
-0.090241
-0.0902406
-0.09024
-0.0902394
-0.0902387
-0.0902379
-0.090237
-0.0902361
-0.0902351
-0.0902341
-0.090233
-0.090232
-0.0902309
-0.0902302
-0.0902292
-0.0902282
-0.0902272
0.0602348
0.0602072
0.0601112
0.0600223
0.0599227
0.0598208
0.0597791
0.0597484
0.0597247
0.0597711
0.0598169
0.0598512
0.0598562
0.0598589
0.0598587
0.0598554
0.0598484
0.0598373
0.059822
0.0598019
0.0597769
0.0597467
0.0597111
0.0596697
0.0596225
0.0595692
0.0595123
0.0594817
0.0594807
0.0594802
0.0594798
0.0594796
0.0594793
0.0594791
0.0594788
0.0594784
0.059478
0.0594776
0.059477
0.0594765
0.0594759
0.0594752
0.0594744
0.0594737
0.0594729
0.059472
0.0594711
0.0594702
0.0594692
0.0594682
