0.099997
0.0925044
0.0924359
0.092545
0.0907183
0.087006
0.0829983
0.0786895
0.0787569
0.0762427
0.0719248
0.0683387
0.0654425
0.0632372
0.061684
0.0616905
0.0616908
0.0616908
0.0616905
0.0616902
0.0616899
0.0616895
0.061689
0.0616884
0.0616875
0.0616862
0.0617071
0.0617256
0.0617418
0.0617565
0.0617699
0.0617853
0.0617871
0.0617912
0.0617947
0.0617699
0.0617527
0.0617401
0.0617302
0.0617222
0.0617154
0.0617096
0.0617044
0.0616999
0.0616959
0.0616922
0.061689
0.0616861
0.0616834
0.0616811
-0.0883075
-0.088304
-0.088295
-0.0882836
-0.0882715
-0.0882596
-0.0882481
-0.0882374
-0.0882274
-0.0882183
-0.08821
-0.0882026
-0.0881975
-0.0881929
-0.0881889
-0.0881854
-0.0881825
-0.0881802
-0.0881784
-0.0881773
-0.0881768
-0.088177
-0.0881779
-0.0881795
-0.0881819
-0.0881853
-0.0881911
-0.0881944
-0.0881969
-0.0881989
-0.0882006
-0.0882022
-0.0882035
-0.0882048
-0.0882059
-0.0882069
-0.0882078
-0.0882084
-0.0882089
-0.0882092
-0.0882092
-0.0882098
-0.0882108
-0.0882122
-0.0882138
-0.0882158
-0.088218
-0.0882206
-0.0882145
-0.0882075
0.0613436
0.0613657
0.0613977
0.0614343
0.0614726
0.0615111
0.061549
0.061586
0.0616362
0.0616851
0.0617328
0.0617791
0.0618242
0.061868
0.0619251
0.0619396
0.0619576
0.0619684
0.0619784
0.0619877
0.0619962
0.062004
0.062011
0.0620172
0.0620225
0.062027
0.0620271
0.0620039
0.0620018
0.062001
0.0620013
0.0620026
0.0620047
0.0620075
0.0620109
0.0620148
0.062019
0.0620235
0.0620279
0.0620323
0.0620364
0.06204
0.062043
0.0620516
0.0620604
0.0620691
0.0620777
0.062086
0.0620938
0.0621011
-0.0885477
-0.0884876
-0.0884558
-0.0884133
-0.0883589
-0.0883066
-0.0882562
-0.0882074
-0.08816
-0.0881139
-0.0880689
-0.088025
-0.0879821
-0.0879401
-0.0879016
-0.0878637
-0.0878264
-0.0877896
-0.0877533
-0.0877176
-0.0876823
-0.0876475
-0.0876129
-0.0875788
-0.0875449
-0.0875227
-0.0874898
-0.0873711
-0.087268
-0.0871764
-0.0870913
-0.0870072
-0.086939
-0.086905
-0.0868812
-0.0868634
-0.0868492
-0.0868375
-0.0868274
-0.0868186
-0.0868101
-0.0868406
-0.0868711
-0.0869018
-0.0869327
-0.0869638
-0.086995
-0.0870263
-0.0870536
-0.0870802
0.0625235
0.0625334
0.0625663
0.0626126
0.0626619
0.0627112
0.0627591
0.0628051
0.0628695
0.0628651
0.0628677
0.0628765
0.0628913
0.0629117
0.0629349
0.0629602
0.0629874
0.0630166
0.0630477
0.0630808
0.0631047
0.0630949
0.0630901
0.0630854
0.0630808
0.0630763
0.0630856
0.0630802
0.0630759
0.0630722
0.063069
0.0630666
0.0630655
0.063061
0.0630553
0.0630478
0.0630388
0.0630286
0.0630156
0.063008
0.0629985
0.0629894
0.0629806
0.0629717
0.0629629
0.0629542
0.0629458
0.0629377
0.0629299
0.0629225
-0.087057
-0.0870909
-0.0871499
-0.0871973
-0.0871913
-0.0871923
-0.0871931
-0.0871937
-0.0871941
-0.0871943
-0.0871944
-0.0871943
-0.087194
-0.0871936
-0.0871931
-0.0871925
-0.0871917
-0.0871908
-0.0871897
-0.0871885
-0.0871872
-0.0871858
-0.0871842
-0.0871825
-0.0871807
-0.0871788
-0.0871816
-0.0871794
-0.087177
-0.0871745
-0.0871718
-0.0871689
-0.087166
-0.087163
-0.0871598
-0.0871566
-0.0871534
-0.0871501
-0.0871468
-0.0871435
-0.0871403
-0.0871372
-0.0871343
-0.0871316
-0.0871291
-0.0871273
-0.0871241
-0.0871196
-0.087114
-0.0871074
0.0628662
0.0628973
0.0629554
0.0630137
0.0630534
0.0630649
0.0630677
0.0630705
0.0630732
0.0630758
0.0630784
0.0630808
0.063083
0.0630851
0.0630871
0.0630888
0.0630903
0.0630916
0.0630927
0.0630935
0.0630941
0.0630944
0.0630945
0.0630944
0.0630941
0.0630936
0.0631077
0.0631039
0.0631025
0.0631009
0.0630989
0.0630967
0.0630943
0.0630916
0.0630887
0.0630856
0.0630822
0.0630787
0.063075
0.063067
0.063065
0.063063
0.0630608
0.0630587
0.0630564
0.0630541
0.0630518
0.0630494
0.0630471
0.0630447
-0.0870607
-0.087088
-0.0871387
-0.0871872
-0.0872179
-0.0872223
-0.0872252
-0.0872283
-0.0872315
-0.0872348
-0.0872382
-0.0872416
-0.087245
-0.0872485
-0.0872519
-0.0872554
-0.0872587
-0.087262
-0.0872653
-0.0872684
-0.0872714
-0.0872742
-0.0872769
-0.0872795
-0.0872818
-0.0872839
-0.0873005
-0.0873016
-0.0873025
-0.0873031
-0.0873035
-0.0873036
-0.0873036
-0.0873034
-0.087303
-0.0873024
-0.0873015
-0.0873005
-0.0872992
-0.0872978
-0.087296
-0.0872941
-0.0872919
-0.0872895
-0.0872869
-0.0872841
-0.087281
-0.0872777
-0.0872743
-0.0872707
0.0626475
0.0626692
0.062747
0.0628604
0.0629965
0.063014
0.0630654
0.0631494
0.0631802
0.0631595
0.0631589
0.0631584
0.0631581
0.0631578
0.0631577
0.0631576
0.0631576
0.0631576
0.0631576
0.0631576
0.0631576
0.0631576
0.0631576
0.0631576
0.0631576
0.0631575
0.0631636
0.0631636
0.0631548
0.0631508
0.0631492
0.0631486
0.0631487
0.063149
0.0631495
0.06315
0.0631506
0.0631512
0.0631517
0.0631523
0.0631528
0.0631533
0.0631537
0.0631541
0.0631544
0.0631547
0.0631549
0.063155
0.0631551
0.0631551
-0.0870294
-0.0870434
-0.0870446
-0.0870465
-0.0870488
-0.0870512
-0.0870538
-0.0870564
-0.0870591
-0.0870635
-0.0870532
-0.0870445
-0.0870441
-0.0870444
-0.0870452
-0.0870468
-0.0870492
-0.0870528
-0.0870448
-0.0870358
-0.087026
-0.0870197
-0.0870121
-0.0870034
-0.0869937
-0.0869829
-0.0869675
-0.0869542
-0.0869413
-0.0869371
-0.0869348
-0.0869339
-0.0869338
-0.0869344
-0.0869353
-0.0869365
-0.086938
-0.0869396
-0.0869413
-0.0869431
-0.0869448
-0.0869464
-0.0869478
-0.0869489
-0.0869494
-0.08695
-0.0869505
-0.086951
-0.0869515
-0.0869518
0.0628585
0.0628727
0.0629424
0.0629835
0.063033
0.0630893
0.0631169
0.063061
0.0630197
0.0629994
0.0629991
0.0629988
0.0629985
0.0629982
0.0629978
0.0629975
0.0629971
0.0629966
0.0629961
0.0629957
0.0629959
0.0630078
0.0630077
0.0630076
0.0630074
0.0630073
0.0630133
0.0630131
0.0630028
0.0629977
0.0629952
0.0629943
0.0629941
0.0629946
0.0629954
0.0629964
0.0629976
0.062999
0.0630006
0.0630023
0.063004
0.0630058
0.0630077
0.0630096
0.0630115
0.0630134
0.0630152
0.063017
0.0630186
0.0630201
-0.0873545
-0.087374
-0.0874119
-0.087435
-0.0874341
-0.087433
-0.087432
-0.0874308
-0.0874296
-0.0874283
-0.0874269
-0.0874254
-0.0874238
-0.0874222
-0.0874205
-0.0874187
-0.0874168
-0.0874147
-0.0874126
-0.0874104
-0.0874081
-0.0874057
-0.0874158
-0.0874145
-0.0874131
-0.0874116
-0.0874112
-0.0873483
-0.0873003
-0.0872734
-0.0872576
-0.0872483
-0.0872421
-0.0872381
-0.087236
-0.0872351
-0.087235
-0.0872354
-0.0872363
-0.0872377
-0.0872394
-0.0872415
-0.087244
-0.0872468
-0.0872498
-0.0872532
-0.0872568
-0.0872606
-0.0872647
-0.087269
0.0623068
0.0623284
0.0623717
0.0624107
0.062413
0.0624119
0.0624107
0.0624095
0.0624082
0.0624069
0.0624056
0.0624042
0.0624028
0.0624013
0.0623998
0.0623983
0.0623968
0.0623953
0.0623937
0.0623922
0.0623906
0.062389
0.0623875
0.062386
0.0623845
0.0623832
0.0623892
0.0623874
0.0623854
0.062382
0.0623772
0.0623718
0.0623662
0.0623606
0.0623552
0.0623501
0.0623453
0.0623409
0.062337
0.0623335
0.0623307
0.0623284
0.0623266
0.0623255
0.0623249
0.0623249
0.0623253
0.0623262
0.0623275
0.0623292
-0.0880227
-0.0880464
-0.0880916
-0.0881341
-0.0881568
-0.0881553
-0.0881538
-0.0881522
-0.0881505
-0.0881487
-0.0881469
-0.0881451
-0.0881432
-0.0881413
-0.0881394
-0.0881375
-0.0881357
-0.0881339
-0.0881322
-0.0881306
-0.0881291
-0.0881279
-0.0881264
-0.0881248
-0.088123
-0.0881211
-0.0881189
-0.0881165
-0.0880982
-0.0880841
-0.088073
-0.0880639
-0.0880562
-0.0880495
-0.0880437
-0.0880386
-0.0880342
-0.0880305
-0.0880275
-0.0880252
-0.0880236
-0.0880227
-0.0880224
-0.0880228
-0.0880239
-0.0880256
-0.0880278
-0.0880306
-0.0880339
-0.0880377
0.0615815
0.061608
0.0616614
0.0617107
0.0617432
0.0617503
0.061748
0.0617456
0.0617432
0.0617408
0.0617384
0.061736
0.0617337
0.0617314
0.0617293
0.0617273
0.061737
0.0617376
0.0617379
0.061738
0.0617377
0.0617372
0.0617364
0.0617354
0.061734
0.0617324
0.0617365
0.0617343
0.0617122
0.0616962
0.0616836
0.0616732
0.0616644
0.0616565
0.0616495
0.0616432
0.0616376
0.0616327
0.0616285
0.0616249
0.0616221
0.06162
0.0616187
0.0616181
0.061618
0.0616183
0.0616188
0.0616196
0.0616205
0.0616217
-0.0886836
-0.0887035
-0.0887348
-0.0887598
-0.0887622
-0.0887617
-0.0887612
-0.0887606
-0.08876
-0.0887594
-0.0887587
-0.088758
-0.0887572
-0.0887564
-0.0887556
-0.0887547
-0.0887538
-0.0887528
-0.0887518
-0.0887508
-0.0887497
-0.0887486
-0.0887474
-0.0887462
-0.088745
-0.0887437
-0.0887452
-0.0887438
-0.0887423
-0.0887408
-0.0887392
-0.0887375
-0.0887359
-0.0887341
-0.0887324
-0.0887306
-0.0887288
-0.088727
-0.0887252
-0.0887235
-0.0887221
-0.08872
-0.0887172
-0.088714
-0.0887105
-0.0887067
-0.0887028
-0.0886988
-0.0886949
-0.0886911
0.0609013
0.0609315
0.0609893
0.0610475
0.0610871
0.0610983
0.0610987
0.061099
0.0610992
0.0610992
0.061099
0.0610987
0.0610983
0.0610977
0.061097
0.0610961
0.0610951
0.061094
0.0610928
0.0610914
0.06109
0.0610885
0.0610869
0.0610853
0.0610836
0.0610819
0.0610954
0.0610895
0.0610878
0.0611053
0.0611074
0.0611093
0.0611102
0.0611168
0.0611162
0.0611163
0.0611163
0.0611162
0.0611162
0.0611163
0.0611164
0.0611166
0.0611167
0.0611168
0.061117
0.0611171
0.0611173
0.0611174
0.0611175
0.0611176
-0.089352
-0.0893654
-0.0893904
-0.0894055
-0.0894055
-0.0894054
-0.0894054
-0.0894054
-0.0894054
-0.0894054
-0.0894054
-0.0894054
-0.0894054
-0.0894054
-0.0894054
-0.0894053
-0.0894053
-0.0894053
-0.0894053
-0.0894053
-0.0894053
-0.0894053
-0.0894053
-0.0894053
-0.0894053
-0.0894052
-0.0894052
-0.0894052
-0.0894052
-0.0894051
-0.0894051
-0.0894051
-0.089405
-0.0894049
-0.0894048
-0.0894047
-0.0894046
-0.0894045
-0.0894043
-0.0894042
-0.089404
-0.0894037
-0.0894036
-0.0894034
-0.089403
-0.0894029
-0.0894029
-0.0894029
-0.0894029
-0.089403
0.0601417
0.0601613
0.0601993
0.0602144
0.0602149
0.0602145
0.060214
0.0602135
0.0602132
0.0602132
0.0602144
0.0602141
0.0602137
0.0602126
0.0602108
0.0602082
0.0602047
0.0602002
0.0601944
0.0601987
0.0602144
0.0602143
0.0602143
0.0602143
0.0602142
0.0602141
0.0602201
0.06022
0.0602147
0.0602124
0.0602115
0.0602114
0.0602119
0.0602127
0.0602139
0.0602154
0.060217
0.0602189
0.0602208
0.0602227
0.0602247
0.0602267
0.0602285
0.0602301
0.0602315
0.0602325
0.060233
0.0602335
0.060234
0.0602344
-0.0902264
-0.0902284
-0.0902752
-0.090322
-0.0903757
-0.0904347
-0.090447
-0.0904602
-0.0904755
-0.0904268
-0.0903838
-0.0903558
-0.0903558
-0.0903558
-0.0903557
-0.0903556
-0.0903556
-0.0903555
-0.0903554
-0.0903553
-0.0903552
-0.0903551
-0.090355
-0.0903548
-0.0903547
-0.0903546
-0.0903553
-0.0903551
-0.0903397
-0.0903316
-0.0903277
-0.0903261
-0.0903258
-0.0903262
-0.0903272
-0.0903285
-0.09033
-0.0903318
-0.0903336
-0.0903356
-0.0903376
-0.0903397
-0.0903418
-0.0903438
-0.0903457
-0.0903475
-0.0903492
-0.0903507
-0.0903519
-0.0903528
