0.099997
0.0998495
0.0947376
0.094817
0.0936587
0.0905275
0.0852689
0.0795009
0.0732066
0.0662825
0.0604657
0.0604376
0.0604015
0.0603451
0.0602664
0.0601868
0.0601065
0.0600248
0.059944
0.0598608
0.0597776
0.0596947
0.0596121
0.0595298
0.0594479
0.0593665
0.0592856
0.0592444
0.0592029
0.0591994
0.0591874
0.0591749
0.0591697
0.059164
0.0591577
0.0591509
0.0591436
0.0591357
0.0591364
0.0591345
0.0591325
0.0591302
0.0591276
0.0591226
0.059125
0.0591271
0.0591291
0.059131
0.0591326
0.0591342
-0.0908992
-0.0908796
-0.0908555
-0.0908201
-0.0907755
-0.0907347
-0.0907003
-0.0906728
-0.090652
-0.0906338
-0.090613
-0.0905915
-0.0905701
-0.0905494
-0.0905295
-0.0905105
-0.0904924
-0.0904753
-0.0904591
-0.0904438
-0.0904295
-0.0904162
-0.090404
-0.0903929
-0.0903872
-0.0903888
-0.0903976
-0.0903992
-0.0903928
-0.0903763
-0.0903524
-0.0903257
-0.0903056
-0.0902888
-0.0902731
-0.0902575
-0.0902416
-0.0902252
-0.0902082
-0.0901905
-0.0901721
-0.0901529
-0.0901329
-0.090112
-0.0900901
-0.0900672
-0.0900433
-0.0900183
-0.0899922
-0.0899649
0.0605567
0.0605638
0.060544
0.060511
0.0604644
0.0604109
0.0603727
0.0603486
0.0603381
0.0603404
0.060344
0.0603425
0.0603393
0.0603357
0.0603324
0.0603296
0.0603273
0.0603257
0.0603248
0.0603246
0.0603253
0.0603269
0.0603296
0.0603335
0.0603487
0.0603768
0.0604167
0.0604461
0.060459
0.0604536
0.0604319
0.0604303
0.0604278
0.0604314
0.0604392
0.0604481
0.0604267
0.0604057
0.0603848
0.0603634
0.0603416
0.0603194
0.0602967
0.0602736
0.0602447
0.0602151
0.0601675
0.0601659
0.0601632
0.0601629
-0.0892966
-0.0893064
-0.089336
-0.0893794
-0.0894352
-0.0894885
-0.0895244
-0.0895399
-0.0895458
-0.0895441
-0.0895474
-0.0895526
-0.0895579
-0.0895627
-0.0895665
-0.0895694
-0.0895711
-0.0895718
-0.0895715
-0.0895701
-0.0895676
-0.0895641
-0.0895595
-0.0895537
-0.0895405
-0.0895165
-0.0894875
-0.0895102
-0.0895252
-0.0895659
-0.0896501
-0.0897462
-0.0898122
-0.0898488
-0.0898567
-0.0898408
-0.0898411
-0.0898417
-0.0898419
-0.0898416
-0.0898407
-0.0898393
-0.0898373
-0.0898346
-0.0898311
-0.0898268
-0.0898216
-0.0898155
-0.0898084
-0.0898003
0.0609718
0.0609301
0.0609041
0.0608571
0.0607953
0.0607188
0.0606275
0.0605491
0.0604859
0.0604363
0.0603976
0.0603728
0.0603466
0.0603166
0.0602858
0.0602555
0.0602262
0.0601981
0.0601712
0.0601456
0.0601214
0.0600985
0.0600771
0.0600573
0.0600481
0.0600512
0.0600658
0.0600707
0.0600603
0.0600324
0.0599964
0.0600806
0.0601924
0.0602833
0.0603481
0.0604086
0.060467
0.0605244
0.0605813
0.0606381
0.060695
0.0607519
0.0608088
0.0608655
0.0609225
0.0609793
0.0610358
0.061092
0.0611477
0.0612028
-0.0889066
-0.0888972
-0.0888971
-0.0888969
-0.0889
-0.0889087
-0.0889082
-0.0889076
-0.0889159
-0.088931
-0.088947
-0.088946
-0.088945
-0.0889439
-0.0889427
-0.0889415
-0.0889403
-0.088939
-0.0889377
-0.0889364
-0.088935
-0.0889336
-0.0889322
-0.0889308
-0.088934
-0.0889423
-0.0889546
-0.088953
-0.0889387
-0.0889079
-0.0888923
-0.0888867
-0.0888808
-0.0888744
-0.0888686
-0.0888635
-0.088859
-0.0888551
-0.0888518
-0.0888488
-0.0888462
-0.0888439
-0.0888416
-0.0888393
-0.088837
-0.0888344
-0.0888315
-0.0888281
-0.0888222
-0.0888351
0.0608419
0.0608069
0.0607446
0.0606696
0.0605817
0.0604799
0.0603861
0.0603092
0.0602472
0.0601941
0.0601943
0.0601998
0.0601994
0.0601986
0.0601976
0.0601964
0.0601949
0.0601931
0.0601912
0.0601891
0.0601867
0.0601842
0.0601816
0.0601787
0.0601807
0.060189
0.0602028
0.060116
0.0600643
0.0600642
0.0600652
0.060044
0.060009
0.0599673
0.0599225
0.0598761
0.0598289
0.0598382
0.0598493
0.0598618
0.0598758
0.0598909
0.059907
0.0599239
0.0599417
0.0599601
0.0599792
0.0599988
0.0600188
0.0600392
-0.0901341
-0.0900829
-0.0900058
-0.0899159
-0.0898128
-0.0897038
-0.0896098
-0.0895304
-0.0894646
-0.0894115
-0.0893685
-0.0893245
-0.0892988
-0.0892863
-0.0892734
-0.0892604
-0.0892474
-0.0892344
-0.0892214
-0.0892086
-0.089196
-0.0891836
-0.0891715
-0.0891597
-0.0891516
-0.0891484
-0.0891602
-0.0891578
-0.0891437
-0.0892192
-0.0893445
-0.0894985
-0.0896193
-0.0897091
-0.0897677
-0.0897955
-0.0897935
-0.0897899
-0.0897973
-0.0898104
-0.0898266
-0.0898444
-0.0898634
-0.0898829
-0.0899029
-0.0899232
-0.0899437
-0.0899644
-0.0899851
-0.0900058
0.0605733
0.0605768
0.0606034
0.0606486
0.060712
0.0607909
0.0607075
0.0606442
0.0605992
0.0605682
0.0605502
0.060549
0.0605535
0.0605522
0.0605478
0.0605432
0.0605396
0.0605373
0.0605366
0.0605374
0.0605533
0.0605527
0.0605531
0.0605529
0.0605593
0.0605726
0.0605921
0.0605918
0.060594
0.060598
0.0605896
0.0605881
0.0605812
0.0605704
0.0605579
0.0605453
0.0605329
0.0605205
0.0605082
0.0604961
0.060484
0.060472
0.0604599
0.0604478
0.0604355
0.060423
0.0604098
0.0604232
0.0604367
0.0604501
-0.0889629
-0.0889189
-0.0888493
-0.0887691
-0.0886775
-0.0885787
-0.0884958
-0.0884265
-0.0884264
-0.088426
-0.0884255
-0.0884301
-0.0884293
-0.0884283
-0.0884272
-0.0884261
-0.0884248
-0.0884234
-0.088422
-0.0884205
-0.0884188
-0.0884172
-0.0884155
-0.0884137
-0.0884161
-0.0884242
-0.0884376
-0.0884355
-0.0884547
-0.0884665
-0.0885275
-0.0885584
-0.0885692
-0.0885686
-0.0885641
-0.0885583
-0.0885522
-0.0885463
-0.088541
-0.0885362
-0.0885319
-0.0885282
-0.0885249
-0.088522
-0.0885194
-0.088517
-0.0885148
-0.0885126
-0.0885103
-0.0885235
0.0621831
0.0621489
0.0620854
0.062059
0.0621354
0.0622225
0.0623042
0.0622278
0.062172
0.0621352
0.0621119
0.0621045
0.0620914
0.0620707
0.0620477
0.0620246
0.0620026
0.0619822
0.061998
0.0620128
0.0620414
0.062041
0.0620405
0.0620397
0.0620439
0.0620543
0.0620703
0.0620683
0.0620739
0.0620729
0.0620754
0.0620759
0.0620723
0.0620651
0.0620583
0.0620523
0.0620472
0.0620427
0.062039
0.062036
0.0620336
0.0620319
0.0620308
0.0620303
0.0620302
0.0620306
0.0620312
0.0620373
0.0620439
0.0620507
-0.087564
-0.0875392
-0.0874879
-0.0874295
-0.0873584
-0.0872807
-0.0872176
-0.0871681
-0.0871312
-0.0871062
-0.087091
-0.0870917
-0.0870903
-0.0870888
-0.0870872
-0.0870856
-0.087084
-0.0870824
-0.0870808
-0.0870792
-0.0870776
-0.0870761
-0.0870746
-0.0870732
-0.0870811
-0.0871016
-0.0871336
-0.0871345
-0.0871756
-0.0872635
-0.0873841
-0.0874678
-0.087516
-0.0875308
-0.0875255
-0.0875173
-0.087512
-0.0875072
-0.0875024
-0.0874977
-0.0874931
-0.0874884
-0.0874836
-0.0874786
-0.0874848
-0.0874911
-0.0874975
-0.0875039
-0.0875103
-0.0875165
0.0630381
0.0630076
0.0629502
0.0628801
0.0627969
0.0626995
0.0626042
0.0625271
0.0624583
0.0623971
0.0623426
0.062297
0.0622505
0.0621985
0.0621486
0.0620988
0.0620496
0.0620014
0.0619541
0.0619079
0.0618625
0.0618181
0.0617743
0.0617441
0.0617848
0.0618158
0.0618205
0.0617589
0.0617539
0.0617908
0.0618305
0.0618412
0.06184
0.0618338
0.0618253
0.0618161
0.0618066
0.0617974
0.0617884
0.0617797
0.0617711
0.0617628
0.0617544
0.0617466
0.0617385
0.0617522
0.0617665
0.061781
0.0617958
0.0618107
-0.0882713
