0.000872719
0.000824469
0.000688572
0.000615768
0.000571069
0.000529937
0.000491806
0.000456453
0.000423172
0.000392602
0.000364448
0.000338348
0.000314154
0.000291713
0.000270901
0.0002516
0.000233733
0.000217191
0.000201883
0.000187721
0.000174624
0.000162515
0.000151325
0.000140988
0.000131439
0.000122621
0.000114497
0.000107016
0.000100134
9.38083e-05
8.79973e-05
8.26537e-05
7.76196e-05
7.31188e-05
6.89833e-05
6.51816e-05
6.16936e-05
5.8495e-05
5.55631e-05
5.28766e-05
5.04156e-05
4.81615e-05
4.60971e-05
4.42064e-05
4.24745e-05
4.08873e-05
3.94322e-05
3.80971e-05
3.6871e-05
3.57437e-05
3.47536e-05
3.38005e-05
3.2933e-05
3.2135e-05
3.13952e-05
3.07051e-05
3.00581e-05
2.94485e-05
2.88718e-05
2.83239e-05
2.78011e-05
2.73e-05
2.68183e-05
2.6353e-05
2.59018e-05
2.54626e-05
2.50337e-05
2.46135e-05
2.42008e-05
2.37943e-05
2.33934e-05
2.29972e-05
2.26053e-05
2.2217e-05
2.1832e-05
2.14501e-05
2.10676e-05
2.06969e-05
2.03334e-05
1.99763e-05
1.96251e-05
1.928e-05
1.89412e-05
1.86089e-05
1.82837e-05
1.7966e-05
1.76563e-05
1.73552e-05
1.70632e-05
1.67808e-05
1.65084e-05
1.6236e-05
1.59658e-05
1.56992e-05
1.54374e-05
1.51813e-05
1.4932e-05
1.46903e-05
1.44559e-05
1.42316e-05
1.40176e-05
1.39495e-05
1.37142e-05
1.34904e-05
1.32825e-05
1.30926e-05
1.29213e-05
1.27686e-05
1.26339e-05
1.25169e-05
1.24172e-05
1.23339e-05
1.22665e-05
1.22143e-05
1.21777e-05
1.21702e-05
1.21781e-05
1.21982e-05
1.22295e-05
1.22712e-05
1.23228e-05
1.23836e-05
1.24531e-05
1.25306e-05
1.26155e-05
1.27072e-05
1.28099e-05
1.2934e-05
1.30609e-05
1.31972e-05
1.33415e-05
1.34928e-05
1.365e-05
1.3812e-05
1.39781e-05
1.41472e-05
1.43186e-05
1.44916e-05
1.46653e-05
1.48391e-05
1.50123e-05
1.51844e-05
1.53547e-05
1.55245e-05
1.56909e-05
1.58538e-05
1.60126e-05
1.6167e-05
1.63167e-05
1.64613e-05
1.65984e-05
1.67385e-05
2.42642e-05
2.84117e-05
2.77304e-05
2.70897e-05
2.64881e-05
2.59236e-05
2.53939e-05
2.48968e-05
2.44299e-05
2.39912e-05
2.35787e-05
2.31905e-05
2.28251e-05
2.24807e-05
2.21559e-05
2.18493e-05
2.15596e-05
2.12858e-05
2.10268e-05
2.07817e-05
2.05491e-05
2.03283e-05
2.01184e-05
1.99173e-05
1.97075e-05
1.94684e-05
1.92505e-05
1.90533e-05
1.88747e-05
1.87054e-05
1.85399e-05
1.83743e-05
1.82106e-05
1.80504e-05
1.78946e-05
1.77438e-05
1.75982e-05
1.7458e-05
1.73234e-05
1.71934e-05
1.70684e-05
1.69485e-05
1.68336e-05
1.67237e-05
1.66188e-05
1.65187e-05
1.64217e-05
1.63299e-05
1.62654e-05
1.90092e-05
2.19344e-05
2.1403e-05
2.09055e-05
2.04427e-05
2.00137e-05
1.96171e-05
1.92534e-05
4.95931e-06
-5.17177e-06
-1.13939e-05
-1.385e-05
-1.26038e-05
-1.05996e-05
-8.73335e-06
-6.99672e-06
-5.38137e-06
-3.87923e-06
-2.48259e-06
-1.19145e-06
-2.89443e-09
1.0916e-06
2.10737e-06
3.05003e-06
3.92471e-06
4.74471e-06
5.49983e-06
6.19627e-06
6.84066e-06
7.43683e-06
7.98833e-06
8.50889e-06
8.99735e-06
9.45513e-06
9.88453e-06
1.02872e-05
1.06648e-05
1.10156e-05
1.13472e-05
1.16568e-05
1.19481e-05
1.22217e-05
1.24779e-05
1.27179e-05
1.29426e-05
1.31529e-05
1.33497e-05
1.35338e-05
1.37059e-05
1.38663e-05
1.40322e-05
1.42e-05
1.43516e-05
1.44785e-05
1.45903e-05
1.46949e-05
1.4793e-05
1.48849e-05
1.49711e-05
1.50519e-05
1.51273e-05
1.51979e-05
1.52639e-05
1.53259e-05
1.53841e-05
1.5439e-05
1.54908e-05
1.55398e-05
1.55864e-05
1.56308e-05
1.56733e-05
1.5714e-05
1.57532e-05
1.57912e-05
1.5828e-05
1.58609e-05
1.58971e-05
1.59332e-05
1.59692e-05
1.60052e-05
1.60414e-05
1.60778e-05
1.61146e-05
1.61518e-05
1.61895e-05
1.62279e-05
1.6267e-05
1.63069e-05
1.63477e-05
1.63894e-05
1.64321e-05
1.64759e-05
1.65207e-05
1.65668e-05
1.66066e-05
1.66428e-05
1.66758e-05
1.67057e-05
1.6733e-05
1.67577e-05
1.67694e-05
1.67632e-05
1.67566e-05
1.67589e-05
1.67739e-05
1.67912e-05
1.68066e-05
1.68202e-05
1.68323e-05
1.68428e-05
1.6852e-05
1.68599e-05
1.68666e-05
1.68722e-05
1.68768e-05
1.68804e-05
1.68834e-05
1.68856e-05
1.68869e-05
1.68876e-05
1.68875e-05
1.68869e-05
1.6886e-05
1.68847e-05
1.68832e-05
1.68876e-05
1.68854e-05
1.68812e-05
1.68764e-05
1.68711e-05
1.68654e-05
1.68594e-05
1.68529e-05
1.68462e-05
1.68391e-05
1.68317e-05
1.6824e-05
1.68161e-05
1.68098e-05
1.68024e-05
1.67953e-05
1.67885e-05
1.6782e-05
1.67757e-05
1.67698e-05
1.67641e-05
1.67586e-05
1.67535e-05
1.67486e-05
1.67477e-05
1.67601e-05
1.67836e-05
1.68073e-05
1.6824e-05
1.68306e-05
1.6838e-05
1.68469e-05
1.68569e-05
1.6868e-05
1.688e-05
1.68928e-05
1.69063e-05
1.69205e-05
1.69351e-05
1.69502e-05
1.69657e-05
1.69815e-05
1.69976e-05
1.70139e-05
1.70306e-05
1.70475e-05
1.70646e-05
1.70819e-05
1.70993e-05
1.71169e-05
1.71319e-05
1.71502e-05
1.71687e-05
1.71874e-05
1.72062e-05
1.72252e-05
1.72441e-05
1.72629e-05
1.72817e-05
1.73005e-05
1.73193e-05
1.73381e-05
1.73569e-05
1.73758e-05
1.73948e-05
1.74137e-05
1.74328e-05
1.7452e-05
1.74712e-05
1.74905e-05
1.751e-05
1.75295e-05
1.75492e-05
1.7569e-05
1.7589e-05
1.76019e-05
1.7611e-05
1.76179e-05
1.76252e-05
3.00894e-05
4.89703e-05
5.01905e-05
4.78555e-05
4.56923e-05
4.36918e-05
4.18337e-05
4.0109e-05
3.85087e-05
3.70243e-05
3.56478e-05
3.43718e-05
3.31897e-05
3.20949e-05
3.10813e-05
3.01432e-05
2.92752e-05
2.84725e-05
2.77304e-05
2.70446e-05
2.64112e-05
2.58297e-05
2.52897e-05
2.47921e-05
2.43335e-05
2.39111e-05
2.35225e-05
2.3165e-05
2.28365e-05
2.25348e-05
2.22579e-05
2.20039e-05
2.17712e-05
2.15582e-05
2.13633e-05
2.11852e-05
2.10225e-05
2.08741e-05
2.07389e-05
2.06157e-05
2.05037e-05
2.04019e-05
2.03095e-05
2.02256e-05
2.01496e-05
2.00807e-05
2.00245e-05
1.99727e-05
1.99281e-05
1.98885e-05
1.98528e-05
1.98203e-05
1.97903e-05
1.97627e-05
1.97371e-05
1.97131e-05
1.96907e-05
1.96665e-05
1.96438e-05
1.96225e-05
1.96023e-05
1.95833e-05
1.95651e-05
1.9548e-05
1.95316e-05
1.95161e-05
1.9502e-05
1.94882e-05
1.94749e-05
1.94619e-05
1.94491e-05
1.94347e-05
1.94225e-05
1.94112e-05
1.94072e-05
1.94035e-05
1.94002e-05
1.93973e-05
1.93948e-05
1.93928e-05
1.93913e-05
1.93904e-05
1.93902e-05
1.93906e-05
1.93917e-05
1.93936e-05
1.93963e-05
1.93999e-05
1.94045e-05
1.94085e-05
1.94122e-05
1.94155e-05
1.94185e-05
1.94211e-05
1.94232e-05
1.9425e-05
1.94189e-05
1.94092e-05
4.89487e-05
6.94248e-05
7.81752e-05
7.3948e-05
7.00161e-05
6.63685e-05
6.29903e-05
5.98639e-05
5.6964e-05
5.4275e-05
5.17824e-05
4.94725e-05
4.73324e-05
4.53504e-05
4.35159e-05
4.18184e-05
4.02485e-05
3.8797e-05
3.74552e-05
3.62129e-05
3.50653e-05
3.40057e-05
3.3028e-05
3.21292e-05
3.1298e-05
3.05296e-05
2.98214e-05
2.91692e-05
2.85689e-05
2.80168e-05
2.75092e-05
2.70428e-05
2.66147e-05
2.62218e-05
2.58616e-05
2.55316e-05
2.52295e-05
2.49529e-05
2.47001e-05
2.44689e-05
2.42578e-05
2.4065e-05
2.3889e-05
2.37283e-05
2.35817e-05
2.3448e-05
2.33259e-05
2.32143e-05
2.31207e-05
2.30424e-05
2.2965e-05
2.28848e-05
2.28114e-05
2.27442e-05
2.26826e-05
2.26259e-05
2.25736e-05
2.25251e-05
2.24801e-05
2.24381e-05
2.23987e-05
2.23615e-05
2.23262e-05
2.22927e-05
2.22605e-05
2.22296e-05
2.21996e-05
2.21705e-05
2.2142e-05
2.21141e-05
2.2087e-05
2.20604e-05
2.20342e-05
2.20078e-05
2.19881e-05
2.19724e-05
2.19542e-05
2.19365e-05
2.19198e-05
2.19058e-05
2.18936e-05
2.1883e-05
2.18739e-05
2.18654e-05
2.18577e-05
2.18506e-05
2.18443e-05
2.18388e-05
2.18341e-05
2.18302e-05
2.18272e-05
2.18251e-05
2.18239e-05
2.18238e-05
2.18246e-05
2.18265e-05
2.18294e-05
2.18339e-05
2.18309e-05
2.18221e-05
2.18174e-05
2.18218e-05
2.18361e-05
2.18514e-05
2.1868e-05
2.18856e-05
2.19045e-05
2.19245e-05
2.19459e-05
2.19685e-05
2.19925e-05
2.20178e-05
2.20445e-05
2.20726e-05
2.21021e-05
2.2133e-05
2.21654e-05
2.21993e-05
2.22346e-05
2.22714e-05
2.23097e-05
2.23497e-05
2.23897e-05
2.24331e-05
2.24738e-05
2.25153e-05
2.25501e-05
2.25827e-05
2.26128e-05
2.26405e-05
2.26657e-05
2.26886e-05
2.2709e-05
2.27272e-05
2.27436e-05
2.27578e-05
2.277e-05
2.27804e-05
2.27895e-05
2.27968e-05
2.28028e-05
2.28076e-05
2.28114e-05
2.28145e-05
2.28169e-05
2.28185e-05
2.28196e-05
2.28201e-05
2.2829e-05
2.28438e-05
2.28555e-05
2.2858e-05
2.28503e-05
2.28422e-05
2.28337e-05
2.28248e-05
2.28155e-05
2.28057e-05
2.27953e-05
2.27845e-05
2.27731e-05
2.27611e-05
2.27485e-05
2.27352e-05
2.27213e-05
2.27067e-05
2.26913e-05
2.26752e-05
2.26607e-05
2.26477e-05
2.26362e-05
2.26259e-05
2.26168e-05
2.26086e-05
2.26005e-05
2.2603e-05
2.26079e-05
2.26156e-05
2.26264e-05
2.264e-05
2.26564e-05
2.26753e-05
2.26965e-05
2.27199e-05
2.27453e-05
2.27724e-05
2.28012e-05
2.28315e-05
2.28632e-05
2.28961e-05
2.29302e-05
2.29653e-05
2.30013e-05
2.30382e-05
2.3076e-05
2.31147e-05
2.31541e-05
2.31946e-05
2.32254e-05
2.32491e-05
2.32754e-05
2.33107e-05
2.33578e-05
2.34095e-05
2.34617e-05
2.35145e-05
2.3568e-05
2.36221e-05
2.36771e-05
2.37329e-05
2.37897e-05
2.38475e-05
2.39065e-05
2.39631e-05
2.36051e-05
2.36869e-05
2.37649e-05
2.38394e-05
2.39105e-05
2.39786e-05
2.4044e-05
2.41069e-05
2.41675e-05
2.42292e-05
2.42867e-05
2.43285e-05
2.43663e-05
2.43992e-05
2.44272e-05
2.44503e-05
2.44688e-05
2.4483e-05
2.44932e-05
2.44997e-05
2.45028e-05
2.45029e-05
2.45002e-05
2.4495e-05
2.44876e-05
2.4478e-05
2.44667e-05
2.44542e-05
2.44426e-05
2.44317e-05
2.44218e-05
2.44126e-05
2.44043e-05
2.43969e-05
2.43951e-05
2.43991e-05
2.44001e-05
2.43925e-05
2.43844e-05
2.43769e-05
2.43701e-05
2.43638e-05
2.4358e-05
2.43526e-05
2.43476e-05
2.43429e-05
2.43384e-05
2.43341e-05
2.43299e-05
2.43257e-05
2.43216e-05
2.43174e-05
2.4313e-05
2.43086e-05
2.43039e-05
2.4299e-05
2.42939e-05
2.42884e-05
2.42826e-05
2.4275e-05
2.42669e-05
2.42572e-05
2.4246e-05
2.42335e-05
2.42195e-05
2.42042e-05
2.41873e-05
2.41689e-05
2.41487e-05
2.41268e-05
2.41031e-05
2.40775e-05
2.40498e-05
2.40336e-05
2.40245e-05
2.40218e-05
2.4025e-05
2.40335e-05
2.40467e-05
2.40642e-05
2.40855e-05
2.41104e-05
2.41383e-05
2.41692e-05
2.41919e-05
2.42091e-05
2.42306e-05
2.42625e-05
2.43077e-05
2.43583e-05
2.44101e-05
2.44629e-05
2.45165e-05
2.45709e-05
2.4626e-05
2.46818e-05
2.47384e-05
2.47957e-05
2.48538e-05
2.49127e-05
2.49724e-05
2.50329e-05
2.50942e-05
2.51565e-05
2.52196e-05
2.52838e-05
2.53489e-05
2.54152e-05
2.54825e-05
2.55582e-05
2.56314e-05
2.57059e-05
2.5777e-05
2.58256e-05
2.58658e-05
2.58994e-05
2.59321e-05
2.59496e-05
2.59561e-05
2.59563e-05
2.59519e-05
2.59421e-05
2.5928e-05
2.59121e-05
2.58981e-05
2.58858e-05
2.58753e-05
2.58665e-05
2.58595e-05
2.58542e-05
2.58506e-05
2.58487e-05
2.58485e-05
2.58498e-05
2.58577e-05
2.58702e-05
2.58793e-05
2.58835e-05
2.5889e-05
2.58957e-05
2.59037e-05
2.59129e-05
2.59231e-05
2.59344e-05
2.59466e-05
2.59593e-05
2.59724e-05
2.59858e-05
2.59997e-05
2.60138e-05
2.60283e-05
2.6043e-05
2.6058e-05
2.60732e-05
2.60885e-05
2.61041e-05
2.61198e-05
2.61357e-05
2.61517e-05
2.61678e-05
2.61832e-05
2.61979e-05
2.62122e-05
2.62259e-05
2.6239e-05
2.62514e-05
2.6263e-05
2.62736e-05
2.62833e-05
2.62918e-05
2.62992e-05
2.63052e-05
2.63099e-05
2.63131e-05
2.63148e-05
2.63207e-05
2.63299e-05
2.6337e-05
2.63519e-05
2.63733e-05
2.64001e-05
2.64293e-05
2.64607e-05
2.64943e-05
2.68594e-05
2.75163e-05
2.74803e-05
2.74521e-05
2.74289e-05
2.74101e-05
2.7395e-05
2.73835e-05
2.73753e-05
2.73701e-05
2.73658e-05
2.73636e-05
2.73641e-05
2.7367e-05
2.73721e-05
2.73793e-05
2.73884e-05
2.73993e-05
2.74121e-05
2.74248e-05
2.74342e-05
2.7444e-05
2.74544e-05
2.74653e-05
2.74766e-05
2.7492e-05
2.75057e-05
2.75009e-05
2.7493e-05
2.74806e-05
2.74646e-05
2.74449e-05
2.74216e-05
2.7395e-05
2.73655e-05
2.73332e-05
2.72985e-05
2.72615e-05
2.72227e-05
2.71821e-05
2.714e-05
2.70965e-05
2.70518e-05
2.7006e-05
2.69591e-05
2.69304e-05
2.6915e-05
2.69123e-05
2.69212e-05
2.69411e-05
2.69824e-05
2.70259e-05
5.0588e-05
6.32184e-05
6.25952e-05
6.01001e-05
5.77788e-05
5.56218e-05
5.36215e-05
5.17651e-05
5.00443e-05
4.837e-05
4.68757e-05
4.54921e-05
4.42116e-05
4.30269e-05
4.19311e-05
4.09181e-05
3.99818e-05
3.9117e-05
3.83186e-05
3.75818e-05
3.69022e-05
3.62758e-05
3.56988e-05
3.5167e-05
3.46769e-05
3.42421e-05
3.38455e-05
3.34854e-05
3.31597e-05
3.28661e-05
3.26024e-05
3.23663e-05
3.21558e-05
3.1969e-05
3.18039e-05
3.1659e-05
3.15327e-05
3.14234e-05
3.13299e-05
3.12509e-05
3.11853e-05
3.11319e-05
3.10899e-05
3.10583e-05
3.10364e-05
3.10234e-05
3.10188e-05
