-0.00011547
-0.000451771
-0.00098913
-0.00170863
-0.00259219
-0.00362247
-0.0047829
-0.00605759
-0.00743131
-0.00888943
-0.0104179
-0.0120033
-0.0136327
-0.0152935
-0.0169737
-0.0186619
-0.0203466
-0.0220172
-0.0236631
-0.0252742
-0.0268407
-0.0283528
-0.0298013
-0.031177
-0.0324711
-0.0336748
-0.0347796
-0.0357771
-0.036659
-0.0374188
-0.0380483
-0.038538
-0.0388802
-0.0390677
-0.0390933
-0.03895
-0.0386314
-0.0381313
-0.037444
-0.0365726
-0.0355316
-0.0343351
-0.032992
-0.0315041
-0.0298647
-0.0280578
-0.0260573
-0.0238273
-0.0213226
-0.0184903
-0.015491
-0.012512
-0.0095493
-0.00659913
-0.0036576
-0.000720856
0.00221495
0.00515365
0.00809909
0.0110551
0.0140256
0.0170145
0.0200256
0.0230629
0.0261303
0.029232
0.0323719
0.0355541
0.0387829
0.0420624
0.0453969
0.0487908
0.0522485
0.0557745
0.0593736
0.0627566
0.0656433
0.0680553
0.0700131
0.0715393
0.0726529
0.0733702
0.0737097
0.0736898
0.0733285
0.0726434
0.0716524
0.070373
0.0688233
0.0670225
0.0649922
0.0627557
0.0603337
0.0577439
0.0550013
0.0521183
0.0491043
0.0459665
0.0427096
0.0393364
0.0359137
0.032507
0.0291151
0.0257366
0.02237
0.0190141
0.0156672
0.0123279
0.0089946
0.00566574
0.00233966
-0.000985354
-0.00431105
-0.00763925
-0.0109718
-0.0143108
-0.0176583
-0.0210164
-0.0243874
-0.0277738
-0.0311781
-0.034603
-0.0380512
-0.0415258
-0.0450298
-0.0484025
-0.0514811
-0.0542645
-0.0567515
-0.0589406
-0.060831
-0.0624226
-0.0637146
-0.0647065
-0.0653977
-0.0657882
-0.0658781
-0.065668
-0.0651589
-0.0643547
-0.0632633
-0.0618928
-0.0602489
-0.0583351
-0.0561585
-0.0537259
-0.0510353
-0.0480755
-0.0448267
-0.0412607
-0.0375539
-0.0338963
-0.0302831
-0.0267094
-0.0231707
-0.0196623
-0.0161796
-0.0127181
-0.00927324
-0.0058405
-0.00241539
0.00100656
0.00442982
0.00785888
0.0112982
0.0147523
0.0182257
0.021723
0.0252487
0.0288074
0.0324038
0.0360425
0.0397285
0.0434664
0.0472611
0.0508696
0.054053
0.0568243
0.059196
0.0611815
0.0627923
0.0640383
0.0649309
0.0654812
0.0656999
0.0655982
0.0651869
0.0644772
0.0634804
0.0622095
0.0606816
0.058914
0.0569219
0.0547174
0.0523103
0.0497075
0.0469139
0.0439319
0.0407618
0.0374019
0.0339699
0.0305823
0.0272347
0.0239228
0.0206421
0.0173885
0.0141576
0.0109452
0.00774711
0.00455918
0.0013772
-0.00180297
-0.00498549
-0.00817455
-0.0113743
-0.0145889
-0.0178226
-0.0210796
-0.0243642
-0.0276807
-0.0310334
-0.0344267
-0.037865
-0.0413528
-0.0448948
-0.0483093
-0.0514131
-0.0542071
-0.056692
-0.0588684
-0.0607368
-0.0622984
-0.0635537
-0.0645035
-0.0651489
-0.0654909
-0.0655309
-0.0652709
-0.064713
-0.0638623
-0.0627277
-0.0613184
-0.0596411
-0.0577002
-0.0554991
-0.0530433
-0.0503355
-0.0473693
-0.044129
-0.0405909
-0.0369221
-0.0333017
-0.0297248
-0.0261868
-0.0226831
-0.019209
-0.0157601
-0.0123317
-0.00891954
-0.00551902
-0.00212572
0.0012648
0.00465698
0.00805524
0.011464
0.0148879
0.0183311
0.0217984
0.0252942
0.028823
0.0323896
0.0359985
0.0396545
0.0433624
0.0471271
0.0507117
0.0538831
0.0566531
0.059033
0.0610347
0.0626688
0.0639443
0.0648713
0.0654598
0.0657197
0.065661
0.0652937
0.0646279
0.0636739
0.062444
0.0609543
0.0592216
0.0572598
0.0550805
0.0526924
0.0501021
0.0473135
0.0443283
0.0411462
0.0377649
0.0343069
0.0308937
0.0275209
0.0241841
0.020879
0.0176012
0.0143464
0.0111104
0.00788886
0.00467769
0.00147264
-0.00173049
-0.00493588
-0.00814773
-0.0113702
-0.0146076
-0.0178641
-0.021144
-0.0244515
-0.027791
-0.0311669
-0.0345835
-0.0380454
-0.041557
-0.045123
-0.048556
-0.0516673
-0.054459
-0.0569331
-0.0590912
-0.0609349
-0.0624663
-0.0636869
-0.0645985
-0.0652031
-0.0655026
-0.0654995
-0.0651965
-0.0645967
-0.0637058
-0.0625335
-0.06109
-0.0593826
-0.0574165
-0.0551945
-0.0527203
-0.0499975
-0.0470232
-0.0437849
-0.0402621
-0.0366158
-0.0330174
-0.0294622
-0.0259456
-0.0224629
-0.0190095
-0.0155811
-0.012173
-0.00878085
-0.00540019
-0.00202659
0.00134436
0.00471706
0.00809594
0.0114854
0.0148899
0.0183139
0.0217618
0.0252382
0.0287476
0.0322946
0.0358839
0.0395201
0.043208
0.0469524
0.0505214
0.0536862
0.0564576
0.0588461
0.0608625
0.0625164
0.0638163
0.0647714
0.0653909
0.065684
0.0656598
0.0653276
0.0646968
0.0637769
0.0625797
0.0611206
0.0594157
0.0574784
0.0553195
0.0529474
0.0503677
0.047584
0.0445976
0.0414075
0.0380111
0.0345343
0.0311027
0.0277118
0.0243571
0.0210343
0.017739
0.0144669
0.0112137
0.00797523
0.00474716
0.0015253
-0.00169456
-0.00491664
-0.00814515
-0.0113843
-0.0146384
-0.0179116
-0.0212082
-0.0245326
-0.0278891
-0.031282
-0.0347159
-0.0381952
-0.0417244
-0.0453083
-0.0487548
-0.0518715
-0.0546611
-0.0571265
-0.0592703
-0.061095
-0.0626031
-0.063797
-0.0646793
-0.0652525
-0.0655196
-0.0654834
-0.0651475
-0.0645155
-0.0635938
-0.0623928
-0.0609229
-0.0591924
-0.057207
-0.0549699
-0.0524833
-0.0497502
-0.0467703
-0.043534
-0.0400227
-0.0363933
-0.0328116
-0.0292728
-0.0257722
-0.0223054
-0.0188678
-0.0154548
-0.012062
-0.00868508
-0.00531947
-0.00196082
0.00139526
0.00475317
0.00811729
0.011492
0.0148818
0.0182911
0.0217242
0.0251858
0.0286804
0.0322124
0.0357866
0.0394076
0.0430802
0.0468091
0.0503662
0.0535261
0.0562988
0.0586941
0.0607222
0.0623918
0.063711
0.0646882
0.0653322
0.0656513
0.0656542
0.0653495
0.0647462
0.0638531
0.0626816
0.0612465
0.0595635
0.0576454
0.0555026
0.053143
0.0505718
0.0477921
0.0448048
0.0416086
0.0382004
0.0347091
0.0312632
0.0278582
0.0244897
0.0211531
0.0178443
0.0145588
0.0112923
0.00804059
0.00479941
0.00156451
-0.00166835
-0.00490339
-0.00814484
-0.0113969
-0.014664
-0.0179502
-0.0212598
-0.0245973
-0.027967
-0.0313732
-0.0348205
-0.0383134
-0.0418563
-0.0454541
-0.0489112
-0.0520319
-0.0548199
-0.0572785
-0.0594111
-0.0612209
-0.0627108
-0.0638838
-0.0647432
-0.065292
-0.0655336
-0.0654716
-0.0651099
-0.0644528
-0.0635071
-0.0622835
-0.0607932
-0.0590446
-0.057044
-0.0547951
-0.0522995
-0.0495596
-0.0465763
-0.0433418
-0.0398398
-0.0362236
-0.0326548
-0.0291288
-0.0256408
-0.0221864
-0.018761
-0.0153602
-0.0119795
-0.00861439
-0.00526058
-0.00191365
0.00143077
0.00477706
0.0081296
0.0114928
0.014871
0.0182687
0.0216902
0.0251402
0.028623
0.0321432
0.0357056
0.0393146
0.042975
0.0466917
0.0502394
0.0533955
0.0561694
0.0585703
0.0606077
0.06229
0.0636246
0.0646196
0.065283
0.065623
0.0656476
0.065365
0.0647835
0.0639119
0.0627609
0.0613451
0.0596795
0.0577768
0.0556469
0.0532973
0.0507329
0.0479565
0.0449685
0.0417675
0.0383501
0.0348472
0.03139
0.0279738
0.0245942
0.0212468
0.0179271
0.014631
0.0113539
0.00809176
0.00484016
0.00159489
-0.00164828
-0.00489362
-0.00814536
-0.0114077
-0.0146851
-0.0179816
-0.0213016
-0.0246496
-0.0280297
-0.0314465
-0.0349045
-0.0384081
-0.041962
-0.0455707
-0.0490363
-0.0521602
-0.0549469
-0.0574001
-0.0595238
-0.0613216
-0.062797
-0.0639534
-0.0647944
-0.0653237
-0.0655451
-0.0654625
-0.0650803
-0.0644032
-0.0634383
-0.0621968
-0.0606901
-0.0589271
-0.0569144
-0.0546561
-0.0521541
-0.04941
-0.0464248
-0.0431924
-0.0396979
-0.0360923
-0.0325339
-0.029018
-0.0255401
-0.0220956
-0.0186801
-0.0152889
-0.0119178
-0.00856224
-0.00521789
-0.00188037
0.00145469
0.00479166
0.00813489
0.0114888
0.0148577
0.018246
0.0216582
0.0250988
0.0285721
0.0320829
0.0356356
0.0392349
0.0428856
0.0465924
0.0501325
0.0532856
0.0560606
0.0584661
0.0605113
0.062204
0.0635513
0.0645609
0.0652405
0.0655976
0.06564
0.0653755
0.0648122
0.0639582
0.062824
0.061424
0.0597728
0.0578828
0.0557635
0.0534221
0.0508634
0.0480896
0.0451012
0.0418966
0.0384718
0.0349596
0.0314931
0.0280678
0.0246792
0.0213229
0.0179945
0.0146896
0.011404
0.00813327
0.00487318
0.00161947
-0.00163212
-0.00488585
-0.00814597
-0.0114168
-0.0147025
-0.0180074
-0.0213359
-0.0246923
-0.028081
-0.0315065
-0.0349731
-0.0384856
-0.0420483
-0.0456661
-0.0491384
-0.0522651
-0.0550506
-0.0574994
-0.0596158
-0.0614039
-0.0628674
-0.0640102
-0.0648364
-0.0653497
-0.0655545
-0.0654552
-0.0650562
-0.0643627
-0.0633822
-0.0621261
-0.060606
-0.0588313
-0.0568088
-0.0545428
-0.0520355
-0.0492881
-0.0463013
-0.0430706
-0.0395822
-0.0359851
-0.0324352
-0.0289277
-0.025458
-0.0220216
-0.018614
-0.0152308
-0.0118675
-0.00851972
-0.00518309
-0.00185324
0.00147418
0.00480354
0.00813918
0.0114855
0.0148468
0.0182275
0.0216321
0.025065
0.0285306
0.0320336
0.0355785
0.0391699
0.0428126
0.0465113
0.0500453
0.0531959
0.0559717
0.0583811
0.0604326
0.0621339
0.0634915
0.0645131
0.0652057
0.0655768
0.0656338
0.0653841
0.0648355
0.0639959
0.0628755
0.0614884
0.059849
0.0579692
0.0558586
0.053524
0.0509698
0.0481983
0.0452095
0.0420019
0.0385711
0.0350513
0.0315772
0.0281445
0.0247486
0.0213851
0.0180495
0.0147375
0.0114449
0.00816718
0.00490017
0.00163956
-0.0016189
-0.00487948
-0.00814644
-0.0114241
-0.0147166
-0.0180284
-0.0213638
-0.0247272
-0.0281229
-0.0315553
-0.0350291
-0.0385487
-0.0421187
-0.0457438
-0.0492218
-0.0523505
-0.0551351
-0.0575803
-0.0596908
-0.061471
-0.0629248
-0.0640566
-0.0648705
-0.0653709
-0.0655623
-0.0654492
-0.0650366
-0.0643298
-0.0633365
-0.0620684
-0.0605374
-0.0587532
-0.0567226
-0.0544503
-0.0519387
-0.0491886
-0.0462006
-0.0429712
-0.0394878
-0.0358978
-0.0323547
-0.028854
-0.025391
-0.0219612
-0.0185602
-0.0151834
-0.0118265
-0.00848504
-0.0051547
-0.00183111
0.00149009
0.00481324
0.00814268
0.0114828
0.0148379
0.0182124
0.0216108
0.0250374
0.0284968
0.0319934
0.0355319
0.0391169
0.0427531
0.0464452
0.0499741
0.0531227
0.0558993
0.0583118
0.0603685
0.0620766
0.0634428
0.064474
0.0651774
0.0655599
0.0656287
0.0653911
0.0648545
0.0640266
0.0629175
0.0615409
0.059911
0.0580397
0.0559362
0.053607
0.0510566
0.0482869
0.0452978
0.0420877
0.0386522
0.035126
0.0316459
0.0282071
0.0248052
0.0214357
0.0180943
0.0147766
0.0114782
0.00819484
0.00492217
0.00165595
-0.00160811
-0.00487427
-0.00814681
-0.01143
-0.0147282
-0.0180456
-0.0213866
-0.0247556
-0.028157
-0.0315952
-0.0350747
-0.0386002
-0.0421761
-0.0458072
-0.0492897
-0.0524202
-0.0552041
-0.0576463
-0.059752
-0.0615257
-0.0629716
-0.0640944
-0.0648984
-0.0653882
-0.0655685
-0.0654443
-0.0650205
-0.0643029
-0.0632992
-0.0620213
-0.0604815
-0.0586894
-0.0566523
-0.0543749
-0.0518598
-0.0491074
-0.0461184
-0.0428902
-0.0394108
-0.0358265
-0.0322891
-0.0287939
-0.0253363
-0.0219119
-0.0185162
-0.0151447
-0.011793
-0.00845674
-0.00513153
-0.00181304
0.00150308
0.00482116
0.00814556
0.0114806
0.0148307
0.0182001
0.0215934
0.0250149
0.0284692
0.0319607
0.035494
0.0390737
0.0427045
0.0463912
0.0499161
0.0530631
0.0558402
0.0582553
0.0603162
0.06203
0.063403
0.0644422
0.0651543
0.0655461
0.0656246
0.0653968
0.06487
0.0640517
0.0629517
0.0615837
0.0599617
0.0580972
0.0559994
0.0536748
0.0511274
0.0483591
0.0453698
0.0421578
0.0387183
