8.66776e-05
0.000126285
0.000132012
0.000126392
0.000118125
0.000109555
0.00010202
9.63334e-05
9.29598e-05
9.22928e-05
9.45763e-05
9.99517e-05
0.000108511
0.000120308
0.00013536
0.00015366
0.000175174
0.000199845
0.000227592
0.000258314
0.000291891
0.000328188
0.000367053
0.000408323
0.000451822
0.000497364
0.000544757
0.000593802
0.000644293
0.000696021
0.000748775
0.000802341
0.000856493
0.00091104
0.000965768
0.00102047
0.00107494
0.001129
0.00118243
0.00123508
0.00128675
0.00133728
0.00138652
0.00143432
0.00148053
0.00152503
0.00156769
0.00160841
0.0016471
0.00168365
0.00171801
0.0017501
0.00177987
0.00180726
0.00183226
0.00185484
0.00187497
0.00189267
0.00190795
0.0019208
0.00193128
0.0019394
0.00194523
0.0019488
0.00195017
0.00194943
0.00194663
0.00194187
0.00193522
0.00192678
0.00191664
0.0019049
0.00189167
0.00187706
0.00186116
0.0018441
0.00182598
0.00180693
0.00178704
0.00176644
0.00174525
0.00172357
0.00170152
0.0016792
0.00165673
0.00163421
0.00161174
0.00158942
0.00156735
0.00154562
0.00152432
0.00150353
0.00148332
0.00146378
0.00144496
0.00142693
0.00140976
0.00139349
0.00137817
0.00136384
0.00135055
0.00133832
0.00132717
0.00131712
0.00130818
0.00130037
0.0012937
0.00128815
0.00128372
0.00128041
0.0012782
0.00127706
0.00127697
0.00127791
0.00127984
0.00128272
0.00128652
0.0012912
0.00129671
0.00130299
0.00131002
0.00131772
0.00132606
0.00133497
0.00134441
0.00135432
0.00136465
0.00137533
0.00138632
0.00139756
0.001409
0.00142058
0.00143225
0.00144396
0.00145567
0.00146732
0.00147887
0.00149027
0.00150149
0.00151249
0.00152322
0.00153365
0.00154375
0.0015535
0.00156286
0.0015718
0.00158032
0.00158838
0.00159597
0.00160308
0.0016097
0.00161581
0.00162215
0.00162802
0.0016329
0.00163702
0.00164052
0.00164345
0.00164588
0.00164782
0.0016493
0.00165036
0.00165099
0.00165123
0.00165109
0.00165059
0.00164976
0.00164861
0.00164716
0.00164544
0.00164347
0.00164127
0.00163886
0.00163627
0.00163352
0.00163063
0.00162762
0.0016245
0.00162132
0.00161808
0.00161482
0.00161154
0.00160828
0.00160504
0.00160185
0.00159872
0.00159567
0.00159272
0.00158989
0.00158718
0.00158461
0.00158219
0.00157993
0.00157785
0.00157595
0.00157424
0.00157272
0.00157141
0.0015703
0.0015694
0.00156872
0.00156853
0.00156872
0.00156885
0.00156906
0.00156941
0.00156994
0.00157067
0.0015716
0.00157135
0.001571
0.0015711
0.00157192
0.00157355
0.00157576
0.00157831
0.00158105
0.0015839
0.0015868
0.00158973
0.00159265
0.00159553
0.00159837
0.00160113
0.00160382
0.00160642
0.00160891
0.0016113
0.00161356
0.0016157
0.0016177
0.00161956
0.00162129
0.00162287
0.0016243
0.00162559
0.00162673
0.00162773
0.00162858
0.00162929
0.00162986
0.00163029
0.00163059
0.00163077
0.00163083
0.00163077
0.0016306
0.00163033
0.00162996
0.00162951
0.00162897
0.00162837
0.0016277
0.00162698
0.00162621
0.00162539
0.00162455
0.00162368
0.0016228
0.00162191
0.00162102
0.00162014
0.00161927
0.00161843
0.00161762
0.00161684
0.00161611
0.00161543
0.0016148
0.00161424
0.00161374
0.0016133
0.00161294
0.00161266
0.00161246
0.00161234
0.00161231
0.00161236
0.00161251
0.00161274
0.00161307
0.00161348
0.00161399
0.00161459
0.00161528
0.00161606
0.00161692
0.00161787
0.00161891
0.00162002
0.00162122
0.00162249
0.00162383
0.00162525
0.00162673
0.00162827
0.00162987
0.00163152
0.00163323
0.00163498
0.00163677
0.0016386
0.00164046
0.00164235
0.00164427
0.00164621
0.00164817
0.00165014
0.00165212
0.00165411
0.0016561
0.00165809
0.00166007
0.00166204
0.001664
0.00166594
0.00166787
0.00166977
0.00167164
0.00167349
0.00167532
0.0016771
0.00167886
0.00168058
0.00168227
0.00168391
0.00168552
0.00168708
0.00168861
0.00169009
0.00169154
0.00169294
0.00169429
0.00169561
0.00169688
0.00169812
0.00169931
0.00170046
0.00170158
0.00170265
0.00170369
0.0017047
0.00170567
0.00170661
0.00170752
0.0017084
0.00170925
0.00171007
0.00171088
0.00171166
0.00171242
0.00171316
0.00171389
0.00171461
0.00171532
0.00171601
0.00171669
0.00171737
0.00171804
0.00171871
0.00171938
0.00172005
0.00172072
0.0017214
0.00172208
0.00172277
0.00172347
0.00172418
0.00172491
0.00172564
0.00172639
0.00172715
0.00172793
0.00172873
0.00172954
0.00173038
0.00173123
0.0017321
0.00173299
0.0017339
0.00173483
0.00173579
0.00173676
0.00173776
0.00173877
0.00173981
0.00174087
0.00174194
0.00174304
0.00174416
0.00174529
0.00174644
0.00174761
0.0017488
0.00175
0.00175122
0.00175246
0.00175371
0.00175497
0.00175624
0.00175752
0.00175882
0.00176012
0.00176143
0.00176275
0.00176531
0.00176915
0.00177187
0.00177365
0.00177494
0.00177603
0.00177705
0.00177808
0.00177918
0.00178036
0.00178166
0.00178308
0.00178462
0.0017863
0.00178811
0.00179005
0.00179213
0.00179435
0.00179669
0.00179916
0.00180175
0.00180445
0.00180727
0.00181019
0.00181321
0.00181631
0.0018195
0.00182276
0.00182609
0.00182948
0.00183291
0.00183638
0.00183988
0.0018434
0.00184694
0.00185048
0.00185402
0.00185754
0.00186104
0.00186451
0.00186795
0.00187134
0.00187468
0.00187797
0.00188119
0.00188434
0.00188742
0.00189041
0.00189332
0.00189615
0.00189888
0.00190151
0.00190405
0.00190648
0.00190882
0.00191104
0.00191317
0.00191519
0.0019171
0.00191891
0.00192062
0.00192222
0.00192373
0.00192513
0.00192644
0.00192766
0.00192878
0.00192982
0.00193078
0.00193165
0.00193245
0.00193318
0.00193385
0.00193445
0.00193499
0.00193548
0.00193592
0.00193632
0.00193669
0.00193701
0.00193731
0.00193759
0.00193785
0.00193809
0.00193833
0.00193856
0.00193879
0.00193903
0.00193928
0.00193953
0.00193981
0.0019401
0.00194042
0.00194077
0.00194114
0.00194155
0.00194199
0.00194247
0.00194593
0.00195002
0.00195327
0.00195479
0.00195545
0.00195575
0.00195597
0.00195626
0.00195671
0.00195737
0.00195829
0.00195948
0.00196096
0.00196274
0.00196481
0.00196718
0.00196986
0.00197283
0.0019761
0.00197964
0.00198346
0.00198755
0.00199188
0.00199646
0.00200125
0.00200626
0.00201146
0.00201683
0.00202236
0.00202803
0.00203383
0.00203972
0.0020457
0.00205175
0.00205784
0.00206396
0.00207009
0.00207622
0.00208231
0.00208837
0.00209437
0.00210029
0.00210612
0.00211185
0.00211746
0.00212294
0.00212828
0.00213346
0.00213848
0.00214333
0.00214799
0.00215246
0.00215674
0.00216082
0.00216469
0.00216835
0.00217179
0.00217503
0.00217805
0.00218085
0.00218344
0.00218582
0.002188
0.00218996
0.00219172
0.00219329
0.00219467
0.00219586
0.00219687
0.00219771
0.00219839
0.00219891
0.00219929
0.00219953
0.00219964
0.00219963
0.00219951
0.00219929
0.00219898
0.0021986
0.00219814
0.00219762
0.00219706
0.00219645
0.00219581
0.00219515
0.00219449
0.00219381
0.00219315
0.0021925
0.00219187
0.00219127
0.00219072
0.0021902
0.00218974
0.00218934
0.00218901
0.00218874
0.00218855
0.00218843
0.0021884
0.00218845
0.0021886
0.00218884
0.00218918
0.00218961
0.00219014
0.00219077
0.00219149
0.00219232
0.00219324
0.00219427
0.00219539
0.0021966
0.00219791
0.0021993
0.00220079
0.00220236
0.00220402
0.00220575
0.00220756
0.00220944
0.00221139
0.0022134
0.00221547
0.0022176
0.00221978
0.00222201
0.00222427
0.00222658
0.00222891
0.00223128
0.00223367
0.00223608
0.0022385
0.00224093
0.00224338
0.00224582
0.00224826
0.0022507
0.00225313
0.00225554
0.00225795
0.00226033
0.00226269
0.00226502
0.00226733
0.00226961
0.00227185
0.00227407
0.00227624
0.00227838
0.00228048
0.00228253
0.00228455
0.00228652
0.00228844
0.00229033
0.00229216
0.00229396
0.00229571
0.00229741
0.00229907
0.00230069
0.00230227
0.0023038
0.00230529
0.00230675
0.00230816
0.00230954
0.00231088
0.00231219
0.00231347
0.00231472
0.00231593
0.00231713
0.00231829
0.00231944
0.00232056
0.00232167
0.00232276
0.00232383
0.00232489
0.00232594
0.00232698
0.00232802
0.00232905
0.00233007
0.0023311
0.00233212
0.00233315
0.00233418
0.00233521
0.00233626
0.00233731
0.00233837
0.00233945
0.00234054
0.00234164
0.00234275
0.00234389
0.00234504
0.00234621
0.0023474
0.00234862
0.00234985
0.00235111
0.00235239
0.00235369
0.00235501
0.00235636
0.00235773
0.00235913
0.00236055
0.00236195
0.00236339
0.00236487
0.00236638
0.00236792
0.00236948
0.00237106
0.00237266
0.00237428
0.00237591
0.00237757
0.00237924
0.00238093
0.00238264
0.00238435
0.00238609
0.00238783
0.00238959
0.00239135
0.00239313
0.00239492
0.00239672
0.00239852
0.00240033
0.00240215
0.00240397
0.0024058
0.00240763
0.00240946
0.00241129
0.00241313
0.00241497
0.0024168
0.00241863
0.00242047
0.0024223
0.00242412
0.00242594
0.00242775
0.00242956
0.00243136
0.00243315
0.00243493
0.00243671
0.00243847
0.00244023
0.00244198
0.00244371
0.00244544
0.00244715
0.00244885
0.00245054
0.00245222
0.00245389
0.00245555
0.00245719
0.00245883
0.00246045
0.00246206
0.00246366
0.00246525
0.00246682
0.00246839
0.00246995
0.00247149
0.00247303
0.00247455
0.00247607
0.00247758
0.00247908
0.00248058
0.00248206
0.00248354
0.00248501
0.00248648
0.00248795
0.00248941
0.00249087
0.00249232
0.00249377
0.00249522
0.00249666
0.00249811
0.00249955
0.00250099
0.00250243
0.00250386
0.0025053
0.00250674
0.00250817
0.00250961
0.00251106
0.0025125
0.00251394
0.00251539
0.00251684
0.00251829
0.00251975
0.00252121
0.00252267
0.00252414
0.00252561
0.00252709
0.00252858
0.00253007
0.00253157
0.00253308
0.00253459
0.00253611
0.00253764
0.00253918
0.00254073
0.00254229
0.00254385
0.00254542
0.002547
0.00254859
0.00255019
0.00255179
0.00255341
0.00255503
0.00255667
0.00255831
0.00255997
0.00256164
0.00256331
0.002565
0.0025667
0.00256841
0.00257014
0.00257187
0.00257361
0.00257536
0.00257712
0.00257888
0.00258066
0.00258244
0.00258423
0.00258603
0.00258782
0.00258963
0.00259144
0.00259325
0.00259506
0.00259688
0.0025987
0.00260052
0.00260234
0.00260416
0.00260598
0.0026078
0.00260962
0.00261143
0.00261324
0.00261506
0.00261686
0.00261867
0.00262047
0.00262226
0.00262406
0.00262584
0.00262763
0.0026294
0.00263118
0.00263294
0.0026347
0.00263646
0.00263821
0.00263996
0.0026417
0.00264343
0.00264516
0.00264688
0.0026486
0.00265031
0.00265202
0.00265373
0.00265543
0.00265712
0.00265882
0.00266051
0.00266219
0.00266388
0.00266556
0.00266727
0.00266903
0.00267074
0.00267242
0.00267409
0.00267575
0.0026774
0.00267906
0.00268072
0.00268238
0.00268405
0.00268571
0.00268739
0.00268906
0.00269075
0.00269243
0.00269413
0.00269583
0.00269754
0.00269925
0.00270097
0.0027027
0.00270444
0.00270618
0.00270793
0.00270969
0.00271146
0.00271323
0.00271501
0.00271679
0.00271858
0.00272038
0.00272219
0.002724
0.00272581
0.00272764
0.00272947
0.0027313
0.00273314
0.00273499
0.00273684
0.00273869
0.00274055
0.00274241
0.00274427
0.00274614
0.00274801
0.00274988
0.00275176
0.00275364
0.00275552
0.0027574
0.00276162
0.00276594
0.00276898
0.00277114
0.00277286
0.0027744
0.00277589
0.00277741
0.002779
0.00278069
0.00278251
0.00278446
0.00278655
0.00278879
0.00279119
0.00279373
0.00279642
0.00279927
0.00280226
0.00280539
0.00280866
0.00281206
0.00281559
0.00281924
0.002823
0.00282687
0.00283083
0.00283488
0.00283901
0.00284321
0.00284747
0.00285178
0.00285613
0.00286051
0.00286492
0.00286933
0.00287375
0.00287816
0.00288255
0.00288692
0.00289125
0.00289555
0.0028998
0.00290399
0.00290812
0.00291218
0.00291617
