0
-0.193969
0.0404027
0.369052
0.39873
0.122695
0.278634
0.199178
-0.291852
0.14912
0.194912
-0.254854
-0.238116
-0.233389
-0.220758
-0.350854
0.0910897
0.0405528
0.0248325
0.0237219
0.0233365
0.0232785
0.023496
0.0240429
0.053928
0.0532322
-0.0915641
-0.0646976
-0.0923583
-0.0914206
-0.0921318
-0.0195379
0.0121936
-0.0130915
-0.0160532
-0.0162262
-0.0262739
-0.0270668
-0.0282687
-0.0297182
-0.0312433
-0.0326897
-0.0340383
-0.035333
-0.0366291
-0.0379934
-0.0394996
-0.0412255
-0.0432445
-0.0456236
-0.0484175
-0.054702
-0.0638536
-0.0566671
-0.0525382
-0.0501898
-0.0477033
-0.0468886
-0.0463672
-0.0460059
-0.0457318
-0.045484
-0.0448594
-0.0453739
-0.0451677
-0.0449759
-0.0447942
-0.0446178
-0.0444441
-0.0442715
-0.0452392
-0.047318
-0.0472541
-0.0471558
-0.0470482
-0.0469289
-0.0433649
-0.0522738
-0.0461832
-0.0415043
-0.0380899
-0.0354258
-0.0332009
-0.0312547
-0.0294878
-0.0278443
-0.0262928
-0.0248157
-0.0234034
-0.0220521
-0.0207622
0.0918371
0.0823501
0.0831909
0.0838867
0.0844496
0.0848743
0.0850498
0.0784002
0.0602099
0.0625356
0.0622348
0.0369223
0.0303783
0.0272504
0.025427
0.0243131
0.0235786
0.0153916
0.0188974
0.0187325
0.0185755
0.018422
0.0182764
-0.00625129
0.0399369
0.0109165
0.0131413
0.0108676
0.0106503
0.0101529
0.00968878
0.00923982
0.00879543
0.00834984
0.00789989
0.00799452
-0.262315
-0.0379746
-0.0546397
-0.0705628
-0.0801847
-0.0861553
-0.0900303
-0.0927007
-0.0946724
-0.0962307
-0.0975354
-0.0986754
-0.0996992
-0.100623
-0.101444
-0.102156
-0.123773
-0.10244
-0.102331
-0.102982
-0.103538
-0.104066
-0.104627
-0.105305
0.0377038
-0.0553705
-0.0517623
-0.0480461
-0.043336
-0.041389
-0.0400714
-0.0390628
-0.0382053
-0.0374211
-0.036671
-0.0359353
-0.0352031
-0.0336705
-0.0338571
-0.0331002
-0.0323326
-0.0315553
-0.0307645
-0.0299575
-0.0291315
-0.0211346
-0.0194987
-0.0187068
0.0155351
0.2566
0.134025
0.0605171
0.06506
0.0685024
0.087074
0.0877616
0.090652
0.0939885
0.0982291
0.100977
0.102973
0.10456
0.105872
0.10672
0.131807
0.107359
0.108385
0.109287
0.110088
0.110849
0.111489
0.111205
0.112404
0.114151
0.108986
0.13331
0.122858
0.116667
0.113062
0.110805
0.109209
0.0375394
0.15924
0.0875311
0.0861492
0.0851189
0.0843181
0.0825626
0.0817402
0.0812909
0.0807851
0.0802303
0.079634
0.0829164
0.0999747
0.0877479
0.087184
0.0863737
0.0856294
0.077907
0.11219
0.0961537
0.0883001
0.0824015
0.0771045
-0.165909
-0.0826928
-0.0869597
-0.0901185
-0.0928016
-0.095037
-0.0311925
-0.18612
-0.115263
-0.111774
-0.113882
-0.115984
-0.117701
-0.119304
-0.120821
-0.122269
-0.123688
-0.125116
-0.126581
-0.121011
-0.142976
-0.141897
-0.147814
-0.125526
-0.125984
-0.124853
-0.124171
-0.123722
-0.118696
-0.108129
-0.10801
-0.107897
-0.107783
-0.107661
-0.107528
-0.107382
-0.107221
-0.107044
-0.10685
-0.106637
-0.106404
-0.10615
-0.105874
-0.105572
-0.10225
-0.125013
-0.114432
-0.107888
-0.103358
-0.0999761
-0.0972348
-0.0948526
-0.0926685
-0.0905936
-0.0885799
-0.0866025
-0.0846506
-0.0827219
-0.0808288
-0.0790011
-0.0772761
-0.0757415
-0.0749133
0.149016
0.0872589
0.0889776
0.0906353
0.0922369
0.0937898
0.089149
0.113367
0.108274
0.106731
0.105698
0.108453
0.103314
0.102906
0.102776
0.102783
0.102853
0.102947
0.103042
0.103113
0.103188
0.103237
0.0942826
0.103755
0.103242
0.103176
0.103072
0.101555
0.0938198
0.0936751
0.0934972
0.0869788
0.123089
0.106699
0.0998999
0.0950053
0.0915153
0.0888005
0.0865007
0.0844148
0.0824314
0.0804896
0.0785565
0.0766167
0.000312508
0.103171
0.0466435
0.0450909
0.0435508
0.0420156
0.0404863
0.0389833
0.0375431
0.0362271
0.0353664
-0.157615
-0.104155
-0.124132
-0.121141
-0.119995
-0.119491
-0.111145
-0.110236
-0.110196
-0.110368
-0.110646
-0.110973
-0.111319
-0.111665
-0.112004
-0.112328
-0.112637
-0.112927
-0.113198
-0.113449
-0.123348
-0.122447
-0.122626
-0.122776
-0.122896
-0.122984
-0.0552654
-0.211466
-0.134884
-0.128218
-0.123779
-0.120579
-0.098059
-0.0963258
-0.0947026
-0.0931858
-0.091729
-0.0903069
-0.0889061
-0.0875199
-0.0861516
-0.0848141
-0.0835074
-0.0822191
-0.0809385
-0.0796562
-0.0783632
-0.0770519
-0.0757148
-0.0743455
-0.0729379
-0.104101
-0.0162769
-0.0123277
-0.0090877
0.423277
0.258004
0.0018225
0.0661106
0.0806188
0.0662977
0.0793579
0.0817297
0.0824918
0.0832553
0.0832791
0.0830733
0.0229974
0.0141435
0.0137138
0.0135591
0.0134911
0.0134472
0.0134075
0.0133663
0.0133225
0.00954135
0.0245788
-0.063037
-0.0264111
-0.0315863
-0.0248505
-0.0263587
-0.0282256
-0.029813
-0.0312354
-0.0325569
-0.0338124
-0.0350208
-0.0361917
-0.037321
-0.0383967
-0.0394205
-0.0404038
-0.0413562
-0.0422859
-0.0431966
-0.0440827
-0.0449556
-0.0458508
-0.0467984
-0.044859
-0.0620379
-0.0518084
-0.0482943
-0.0463344
-0.0451916
-0.0444747
-0.0439657
-0.0430247
-0.0482024
-0.0422695
-0.0396636
-0.0422253
-0.0420004
-0.0417475
-0.0414747
-0.0410307
-0.0459207
-0.0416123
-0.0413231
-0.0399412
-0.0410237
-0.0407226
-0.0404976
-0.0402794
-0.0397579
-0.0480514
-0.0430212
0.124702
0.0510921
0.0496555
0.0562733
0.060468
0.0632813
0.0654433
0.0671569
0.0685935
0.0698484
0.0709759
0.0720034
0.0729486
0.07387
0.0751076
-0.110944
-0.0792104
-0.0785356
-0.077829
-0.0770829
-0.0762909
-0.0754472
-0.0916698
-0.00521801
0.0609094
0.0283964
0.0270185
0.0376725
0.0507806
0.0198349
0.0171653
0.0169173
0.02341
0.0232081
0.023002
0.0228144
0.0226241
0.0224254
0.0221688
0.0219038
0.0216165
0.0212559
-0.00785725
0.0331469
0.0121557
0.01189
0.0116256
0.00827367
0.0231207
-0.172827
-0.0527033
-0.0421228
-0.0466041
-0.0503531
-0.0532933
-0.0556461
-0.0576568
-0.0594616
-0.0611351
-0.0627178
-0.0642313
-0.0656784
-0.0670509
-0.0683529
-0.0695978
-0.0707972
-0.0719613
-0.0731004
-0.0742136
-0.0753125
-0.0764463
-0.0776626
-0.075526
-0.0917128
-0.0559698
-0.0534538
-0.0445714
-0.0431379
-0.0421464
-0.0413941
-0.0407711
-0.0402184
-0.0397038
-0.0392098
-0.0387255
-0.0382457
-0.0377663
-0.037285
-0.0367999
-0.03631
-0.0358135
-0.0353114
-0.0348
-0.0030621
-0.0484127
-0.0245046
-0.0239713
-0.0219726
0.230033
0.0401589
0.0494764
0.0656651
0.0758584
0.0813675
0.0863032
0.0893308
0.0914701
0.0559055
0.0575873
0.0590431
0.0604185
0.0617179
0.0629328
0.0640654
0.0651291
0.0661348
0.067092
0.068009
0.0688934
0.069752
0.0705912
0.0714165
0.0675331
0.0858028
0.0822561
0.0856229
0.0717546
0.0693439
0.0681753
0.0674298
0.0669134
0.0665011
0.0661657
0.0658643
0.065573
0.0652829
0.0649893
0.0646901
0.0643854
0.0640781
0.0637711
0.0634761
0.0632119
0.0630232
0.0630437
0.0641802
0.026014
0.0179291
0.0351756
0.0258524
-0.160181
-0.0672566
-0.0780673
-0.0848074
-0.089291
-0.0925195
-0.104206
-0.099692
-0.0983058
-0.110207
-0.110995
-0.112519
-0.104581
-0.115385
-0.114285
-0.108517
-0.109637
-0.105617
-0.106653
-0.107638
-0.108603
-0.109582
-0.105987
-0.12438
-0.119983
-0.118314
-0.115787
-0.107079
-0.105752
-0.104832
-0.104125
-0.103529
-0.102987
-0.10247
-0.10196
-0.101453
-0.100945
-0.100441
-0.0999536
-0.0995141
-0.0992181
-0.0997001
-0.0457997
-0.0416277
-0.0409457
-0.0402571
-0.0395596
-0.0379449
-0.0470408
0.176099
0.0349333
0.0505039
0.0613245
0.0679581
0.072384
0.0755311
0.07795
0.079945
0.0816778
0.0832353
0.0846633
0.0859789
0.087181
0.0882743
0.0865627
0.0875439
0.0884445
0.0892843
0.0900713
0.0908124
0.091513
0.0921808
0.0870181
0.109405
0.104741
0.100368
0.0982065
0.0908858
0.0865013
0.0852648
0.0842976
0.0834699
0.0827149
0.0819998
0.0813135
0.0806658
0.0801057
-0.00188878
0.033658
0.0131708
0.0122238
0.0115219
0.0108083
0.0100844
0.00935085
0.00860715
0.00785207
0.00393831
0.018309
-0.210672
-0.0684469
-0.0824115
-0.092701
-0.0991142
-0.103801
-0.107034
-0.109452
-0.111481
-0.113271
-0.114901
-0.116416
-0.11783
-0.11914
-0.120356
-0.12149
-0.114679
-0.088303
-0.0894725
-0.0906148
-0.0917305
-0.0928388
-0.0939731
-0.0912645
-0.108803
-0.104396
-0.103629
-0.0954518
-0.0931656
-0.0923065
-0.0918018
-0.0914882
-0.0912781
-0.091124
-0.0909999
-0.0908911
-0.0907895
-0.0906902
-0.0905903
-0.090488
-0.090382
-0.0902716
-0.090156
-0.0900289
-0.0898852
-0.089738
-0.0895732
-0.0893888
-0.0870762
-0.105931
-0.0972747
-0.0915086
-0.0875139
-0.0845348
-0.0821271
-0.0800459
-0.0781551
-0.0763863
-0.0747158
-0.0731615
-0.0718211
-0.0712075
0.123635
0.0791547
0.0808914
0.0825237
0.0840642
0.085525
0.0869161
0.0882463
0.0895236
0.090753
0.0919444
0.0870997
0.110374
0.104925
0.102944
0.101501
0.0941158
0.0898072
0.0890279
0.0861842
0.0858725
0.0855993
0.0853495
0.0851026
0.0848469
0.0845757
0.0842851
0.0839727
0.0836369
0.0832769
0.0828919
0.0824818
0.0820468
0.0815876
0.0811059
0.0806051
0.0734367
0.109805
0.092301
-0.007656
-0.226887
-0.0782649
-0.0799381
-0.015356
-0.174963
-0.155028
-0.105576
-0.0939696
-0.110553
-0.103977
-0.0792404
-0.0406424
-0.0417361
-0.0427971
-0.0438303
-0.0448411
-0.0458352
-0.046816
-0.0477815
-0.0487461
-0.0497434
-0.0480995
-0.0581577
-0.0580485
-0.055934
-0.0499209
-0.0488894
-0.0482966
-0.047941
-0.0477193
-0.0475866
-0.0479169
-0.0523548
-0.0523474
-0.0522938
-0.05224
-0.0521865
-0.0521333
-0.0520803
-0.0520277
-0.051975
-0.0519216
-0.0518688
-0.0518158
-0.0517626
-0.0517093
-0.0496958
-0.055173
-0.0499331
-0.0458558
-0.0429103
-0.0406164
-0.0386914
-0.0369802
-0.0353937
-0.0338829
-0.032421
-0.0309939
-0.0295946
-0.0282195
-0.0268749
-0.0255741
0.0385534
0.0350114
-0.0211927
0.0884603
0.0807244
0.0767795
0.0502794
0.0521937
0.0542683
0.0620611
0.0579996
0.0400069
0.032422
0.0257234
0.0240961
0.0233223
0.0227488
0.0223015
0.0217501
0.0222962
0.0210767
0.0211943
0.0212405
0.0209944
0.0207627
0.0205443
0.0203668
0.0176311
-0.00731757
0.0315262
0.0105447
0.0103352
0.0101105
0.0098742
0.00650582
0.0213095
-0.178246
-0.0529979
-0.0681622
-0.0662857
-0.0716453
-0.0751746
-0.077755
-0.0797654
-0.081438
-0.0829011
-0.0842255
-0.0854509
-0.086592
-0.0876506
-0.0886429
-0.0896067
-0.0906254
-0.0922889
0.0909027
0.0568282
0.0560702
0.0552517
0.0543394
0.0664374
-0.0261842
-0.0744381
-0.0437955
-0.0435804
-0.0601469
-0.0450667
-0.0442349
-0.0639362
-0.0421188
-0.0216113
-0.0332311
-0.0345014
-0.0343198
-0.0341567
-0.0340023
-0.0338532
-0.0337072
-0.0335629
-0.033419
-0.0332749
-0.0331299
-0.032983
-0.0328335
-0.0326803
-0.0316435
-0.0400987
0.112022
0.00947068
0.0197146
0.026421
0.0307278
0.0338638
0.0363049
0.0383287
0.0400996
0.0417079
0.0432025
0.0446102
0.0459381
0.0471801
0.0483414
0.0494386
0.0504874
0.0515057
0.0525186
0.0535732
0.0548107
0.0579373
