0.000419469
0.000622702
0.000665559
0.000650631
0.000616705
0.000573094
0.000524694
0.000474185
0.000422808
0.000371675
0.000321371
0.000272157
0.000224217
0.000177681
0.000132663
8.92572e-05
4.75662e-05
7.67251e-06
-3.03503e-05
-6.64376e-05
-0.000100534
-0.000132591
-0.000162569
-0.000190437
-0.000216173
-0.000239763
-0.000261194
-0.000280462
-0.000297575
-0.000312547
-0.000325404
-0.000336181
-0.00034498
-0.000351754
-0.000356574
-0.000359507
-0.000360617
-0.000359973
-0.000357646
-0.000353711
-0.000348248
-0.000341337
-0.000333063
-0.000323513
-0.000312775
-0.000300939
-0.000288096
-0.000274339
-0.000259759
-0.000244448
-0.000228475
-0.000211962
-0.00019499
-0.000177647
-0.000160023
-0.000142207
-0.000124284
-0.000106338
-8.84482e-05
-7.06918e-05
-5.31421e-05
-3.58691e-05
-1.89391e-05
-2.41488e-06
1.36444e-05
2.91837e-05
4.41518e-05
5.85015e-05
7.21898e-05
8.51778e-05
9.74309e-05
0.000108918
0.000119614
0.000129496
0.000138546
0.000146749
0.000154093
0.000160577
0.000166197
0.000170954
0.000174852
0.000177897
0.000180101
0.000181479
0.000182048
0.00018183
0.000180847
0.000179127
0.000176698
0.000173591
0.00016984
0.000165475
0.000160529
0.00015504
0.000149048
0.000142592
0.000135715
0.000128459
0.000120865
0.000112978
0.00010484
9.65592e-05
8.80632e-05
7.94169e-05
7.06763e-05
6.18909e-05
5.31055e-05
4.43615e-05
3.56975e-05
2.71501e-05
1.87538e-05
1.05412e-05
2.54318e-06
-5.21163e-06
-1.26959e-05
-1.98776e-05
-2.67365e-05
-3.32547e-05
-3.94151e-05
-4.52024e-05
-5.0603e-05
-5.56052e-05
-6.01995e-05
-6.43782e-05
-6.81361e-05
-7.14695e-05
-7.43751e-05
-7.68471e-05
-7.88931e-05
-8.05174e-05
-8.17261e-05
-8.25276e-05
-8.2932e-05
-8.29505e-05
-8.2596e-05
-8.18824e-05
-8.08248e-05
-7.94393e-05
-7.77429e-05
-7.57532e-05
-7.34888e-05
-7.09686e-05
-6.82121e-05
-6.52384e-05
-6.20682e-05
-5.87219e-05
-5.522e-05
-5.15829e-05
-4.78307e-05
-4.39832e-05
-4.0061e-05
-3.60787e-05
-2.85042e-05
-2.06125e-05
-1.48892e-05
-1.03507e-05
-6.47335e-06
-2.98093e-06
2.69822e-07
3.3508e-06
6.29585e-06
9.11864e-06
1.18224e-05
1.44051e-05
1.68623e-05
1.91885e-05
2.13781e-05
2.34258e-05
2.5327e-05
2.70774e-05
2.86738e-05
3.01135e-05
3.13944e-05
3.25151e-05
3.34752e-05
3.4274e-05
3.49039e-05
3.5352e-05
3.56371e-05
3.57709e-05
3.57606e-05
3.56082e-05
3.53144e-05
3.48804e-05
3.43108e-05
3.36118e-05
3.27905e-05
3.18541e-05
3.08103e-05
2.96667e-05
2.84313e-05
2.71115e-05
2.57154e-05
2.42511e-05
2.27267e-05
2.11506e-05
1.95311e-05
1.78762e-05
1.61933e-05
1.44912e-05
1.27886e-05
1.24359e-05
1.29029e-05
1.21531e-05
1.07625e-05
9.04593e-06
7.17653e-06
5.25068e-06
3.32429e-06
-5.28054e-06
-1.54689e-05
-2.45858e-05
-3.12461e-05
-3.47185e-05
-3.60172e-05
-3.61215e-05
-3.55599e-05
-3.46184e-05
-3.34524e-05
-3.21469e-05
-3.07532e-05
-2.93023e-05
-2.78119e-05
-2.62889e-05
-2.47392e-05
-2.3168e-05
-2.15762e-05
-1.99736e-05
-1.83667e-05
-1.676e-05
-1.51581e-05
-1.35656e-05
-1.19819e-05
-1.04109e-05
-8.85742e-06
-7.32607e-06
-5.82169e-06
-4.34905e-06
-2.91426e-06
-1.51956e-06
-1.69887e-07
1.13156e-06
2.38135e-06
3.57592e-06
4.71212e-06
5.78721e-06
6.79878e-06
7.74479e-06
8.62352e-06
9.43358e-06
1.01736e-05
1.08507e-05
1.14666e-05
1.20132e-05
1.24819e-05
1.28729e-05
1.319e-05
1.34361e-05
1.36133e-05
1.37237e-05
1.37691e-05
1.37514e-05
1.36727e-05
1.35354e-05
1.33421e-05
1.30953e-05
1.2798e-05
1.24531e-05
1.20637e-05
1.1633e-05
1.11643e-05
1.06608e-05
1.0126e-05
9.56315e-06
8.97574e-06
8.36714e-06
7.73933e-06
7.09816e-06
6.44665e-06
5.7878e-06
5.12462e-06
4.46008e-06
3.79712e-06
3.1386e-06
2.48729e-06
1.84586e-06
1.21686e-06
6.02733e-07
5.7607e-09
-5.71899e-07
-1.12824e-06
-1.66141e-06
-2.16971e-06
-2.6516e-06
-3.10567e-06
-3.53427e-06
-3.93701e-06
-4.31324e-06
-4.66219e-06
-4.98313e-06
-5.27543e-06
-5.54378e-06
-5.79299e-06
-6.01726e-06
-6.2091e-06
-6.3627e-06
-6.48014e-06
-6.56481e-06
-6.61881e-06
-6.64356e-06
-6.64018e-06
-6.60969e-06
-6.55309e-06
-6.47137e-06
-6.36563e-06
-6.23698e-06
-6.08662e-06
-5.91565e-06
-5.72545e-06
-5.51738e-06
-5.29286e-06
-5.0533e-06
-4.8001e-06
-4.53462e-06
-4.25826e-06
-3.97247e-06
-3.67572e-06
-3.37392e-06
-3.06874e-06
-2.76104e-06
-2.45188e-06
-2.14241e-06
-1.83385e-06
-1.52741e-06
-1.22428e-06
-9.2564e-07
-6.326e-07
-3.46215e-07
-6.74845e-08
2.03541e-07
4.65127e-07
7.16699e-07
9.5762e-07
1.18725e-06
1.40498e-06
1.61027e-06
1.80264e-06
1.98167e-06
2.14703e-06
2.29843e-06
2.43741e-06
2.56926e-06
2.69583e-06
2.81278e-06
2.91431e-06
2.99583e-06
3.0602e-06
3.10931e-06
3.14424e-06
3.16564e-06
3.17397e-06
3.16962e-06
3.15296e-06
3.12436e-06
3.08424e-06
3.03305e-06
2.97128e-06
2.89942e-06
2.81805e-06
2.72773e-06
2.62913e-06
2.52289e-06
2.40968e-06
2.29014e-06
2.16495e-06
2.03477e-06
1.89904e-06
1.76048e-06
1.61949e-06
1.47655e-06
1.33219e-06
1.18699e-06
1.04146e-06
8.96155e-07
7.51653e-07
6.08536e-07
4.67372e-07
3.28706e-07
1.93069e-07
6.09579e-08
-6.71525e-08
-1.90821e-07
-3.09643e-07
-4.23229e-07
-5.31242e-07
-6.33365e-07
-7.29321e-07
-8.18863e-07
-9.01785e-07
-9.77902e-07
-1.0471e-06
-1.11266e-06
-1.17491e-06
-1.23312e-06
-1.28575e-06
4.65526e-06
1.69195e-05
2.40916e-05
2.67562e-05
2.7016e-05
2.60053e-05
2.43318e-05
2.23247e-05
2.0163e-05
1.7945e-05
1.57253e-05
1.35349e-05
1.13924e-05
9.30935e-06
7.29334e-06
5.34982e-06
3.48297e-06
1.69615e-06
-7.81865e-09
-1.62654e-06
-3.15799e-06
-4.59882e-06
-5.95022e-06
-7.21049e-06
-8.37877e-06
-9.45453e-06
-1.04375e-05
-1.13278e-05
-1.21258e-05
-1.28322e-05
-1.3448e-05
-1.39744e-05
-1.44129e-05
-1.47651e-05
-1.50332e-05
-1.52191e-05
-1.53254e-05
-1.53547e-05
-1.53097e-05
-1.51934e-05
-1.5009e-05
-1.47597e-05
-1.44491e-05
-1.40806e-05
-1.36578e-05
-1.31847e-05
-1.26619e-05
-1.20956e-05
-1.14892e-05
-1.08472e-05
-1.01742e-05
-9.47492e-06
-8.7535e-06
-8.0141e-06
-7.26068e-06
-6.49716e-06
-5.72726e-06
-4.95602e-06
-4.18609e-06
-3.42037e-06
-2.66184e-06
-1.91347e-06
-1.17814e-06
-4.58551e-07
2.42661e-07
9.23075e-07
1.58072e-06
2.21316e-06
2.81829e-06
3.39425e-06
3.93935e-06
4.45124e-06
4.92992e-06
5.37447e-06
5.78704e-06
6.1653e-06
6.50778e-06
6.81363e-06
7.08241e-06
7.31397e-06
7.50839e-06
7.66595e-06
7.7871e-06
7.87246e-06
7.92279e-06
7.93899e-06
7.92209e-06
7.87324e-06
7.79369e-06
7.68409e-06
7.54557e-06
7.37944e-06
7.18716e-06
6.97028e-06
6.73044e-06
6.46937e-06
6.18514e-06
5.87972e-06
1.97593e-05
3.69349e-05
5.01999e-05
5.50258e-05
5.53313e-05
5.32338e-05
4.98792e-05
4.58884e-05
4.15957e-05
3.7185e-05
3.27595e-05
2.83784e-05
2.40776e-05
1.98798e-05
1.5801e-05
1.18531e-05
8.04558e-06
4.38631e-06
8.81906e-07
-2.46292e-06
-5.64237e-06
-8.65152e-06
-1.14862e-05
-1.41415e-05
-1.66168e-05
-1.89108e-05
-2.10218e-05
-2.29485e-05
-2.46905e-05
-2.62482e-05
-2.76227e-05
-2.88154e-05
-2.98286e-05
-3.06651e-05
-3.13282e-05
-3.18218e-05
-3.21502e-05
-3.23182e-05
-3.23311e-05
-3.21946e-05
-3.19148e-05
-3.14982e-05
-3.09514e-05
-3.02816e-05
-2.9496e-05
-2.86022e-05
-2.76078e-05
-2.65208e-05
-2.53451e-05
-2.40873e-05
-2.27612e-05
-2.13794e-05
-1.99475e-05
-1.84721e-05
-1.69603e-05
-1.54196e-05
-1.38573e-05
-1.2281e-05
-1.06979e-05
-9.11503e-06
-7.53938e-06
-5.97755e-06
-4.4359e-06
-2.9205e-06
-1.43714e-06
8.74316e-09
1.41204e-06
2.76799e-06
4.07217e-06
5.32055e-06
6.50959e-06
7.63598e-06
8.69679e-06
9.68915e-06
1.06141e-05
1.14703e-05
1.22533e-05
1.2962e-05
1.35958e-05
1.41553e-05
1.46404e-05
1.50513e-05
1.53885e-05
1.56523e-05
1.58436e-05
1.59637e-05
1.60142e-05
1.5997e-05
1.59141e-05
1.57679e-05
1.55609e-05
1.52959e-05
1.49758e-05
1.46035e-05
1.41823e-05
1.37154e-05
1.32063e-05
1.26585e-05
1.20714e-05
1.14469e-05
1.07926e-05
1.01166e-05
9.42532e-06
8.71954e-06
8.00135e-06
7.27342e-06
6.53874e-06
5.80042e-06
5.06159e-06
4.32535e-06
3.59473e-06
2.87265e-06
2.16195e-06
1.46529e-06
7.85236e-07
1.24196e-07
-5.15571e-07
-1.13197e-06
-1.72305e-06
-2.28704e-06
-2.82232e-06
-3.32741e-06
-3.8017e-06
-4.24295e-06
-4.65248e-06
-5.0291e-06
-5.37551e-06
-5.69096e-06
-5.97509e-06
-6.22771e-06
-6.44875e-06
-6.63823e-06
-6.79645e-06
-6.92363e-06
-7.02002e-06
-7.08624e-06
-7.12289e-06
-7.13069e-06
-7.11023e-06
-7.06248e-06
-6.98842e-06
-6.88894e-06
-6.76511e-06
-6.61799e-06
-6.44878e-06
-6.25878e-06
-6.04937e-06
-5.82196e-06
-5.57367e-06
-5.30487e-06
-5.02088e-06
-4.72817e-06
-4.43147e-06
-4.12934e-06
-3.8217e-06
-3.50921e-06
-3.19288e-06
-2.87396e-06
-2.55376e-06
-2.23362e-06
-1.91488e-06
-1.59885e-06
-1.28681e-06
-9.79987e-07
-6.79537e-07
-3.86576e-07
-1.0215e-07
1.72739e-07
4.38337e-07
6.94409e-07
9.40452e-07
1.17582e-06
1.39987e-06
1.61191e-06
1.81105e-06
2.0016e-06
2.18189e-06
2.35112e-06
2.50881e-06
2.6546e-06
2.7882e-06
2.90935e-06
3.01782e-06
3.11344e-06
3.19607e-06
3.26567e-06
3.32221e-06
3.36577e-06
3.39648e-06
3.41451e-06
3.42006e-06
3.4134e-06
3.39486e-06
3.36485e-06
3.3238e-06
3.27222e-06
3.21061e-06
3.13964e-06
3.05484e-06
2.95531e-06
2.84552e-06
2.73135e-06
2.61761e-06
2.50373e-06
2.38781e-06
2.26913e-06
2.14762e-06
2.02356e-06
1.89743e-06
1.76978e-06
1.64125e-06
1.51246e-06
1.38405e-06
1.25499e-06
9.26774e-07
7.0312e-07
5.35693e-07
3.98738e-07
2.78649e-07
1.68364e-07
6.43168e-08
-3.51783e-08
-1.30809e-07
-2.21278e-07
-3.0826e-07
-3.98155e-07
-4.8879e-07
-5.79234e-07
-6.68992e-07
-7.57689e-07
-8.4494e-07
-9.30337e-07
-1.01344e-06
-1.09383e-06
-1.17106e-06
-1.24474e-06
-1.31448e-06
-1.37992e-06
-1.44075e-06
-1.49671e-06
-1.54754e-06
-1.59281e-06
-1.63135e-06
-1.66258e-06
-1.68624e-06
-1.70226e-06
-1.71068e-06
-1.71155e-06
-1.70276e-06
-1.68322e-06
-1.65668e-06
-1.62795e-06
-1.59594e-06
-1.55965e-06
-1.51866e-06
-1.47296e-06
-1.4227e-06
-1.36816e-06
-1.30968e-06
-1.24763e-06
-1.18243e-06
-1.11446e-06
-1.04416e-06
-9.71929e-07
-8.98181e-07
-8.23318e-07
-7.47733e-07
-6.71822e-07
-5.95956e-07
-5.20507e-07
-4.45821e-07
-3.72232e-07
-3.00075e-07
-2.30298e-07
-1.62961e-07
-9.87017e-08
-3.78601e-08
1.93168e-08
7.26272e-08
1.21882e-07
1.6689e-07
2.07469e-07
2.43457e-07
2.74698e-07
3.01071e-07
3.22458e-07
3.38739e-07
3.56348e-07
3.76724e-07
4.00323e-07
4.27104e-07
4.56771e-07
4.88903e-07
5.23047e-07
5.58733e-07
5.95506e-07
6.32925e-07
6.70623e-07
7.0308e-07
7.28569e-07
7.50806e-07
7.74858e-07
8.04733e-07
8.38944e-07
8.74535e-07
9.09844e-07
9.43847e-07
9.75959e-07
1.00585e-06
1.03335e-06
1.05833e-06
1.08078e-06
1.10067e-06
1.11803e-06
1.13291e-06
1.14535e-06
1.15544e-06
1.16325e-06
1.16889e-06
1.17247e-06
1.17412e-06
1.17395e-06
1.17212e-06
1.17224e-06
1.17109e-06
1.16875e-06
1.1631e-06
1.14387e-06
1.11228e-06
1.06998e-06
1.02071e-06
9.59771e-07
8.86704e-07
8.03733e-07
7.13003e-07
6.15482e-07
5.12411e-07
4.05878e-07
2.98898e-07
1.93283e-07
9.01808e-08
-9.62601e-09
-1.05577e-07
-1.97234e-07
-2.84236e-07
-3.663e-07
-4.43156e-07
-5.14637e-07
-5.78159e-07
-6.33234e-07
-6.83407e-07
-7.3128e-07
-7.75265e-07
-8.14492e-07
-8.48507e-07
-8.77096e-07
-9.00201e-07
-9.1784e-07
-9.30119e-07
-9.37352e-07
-9.39788e-07
-9.3763e-07
-9.31073e-07
-9.20314e-07
-9.05544e-07
-8.86967e-07
-8.64791e-07
-8.39227e-07
-8.10498e-07
-7.7884e-07
-7.44481e-07
-7.07652e-07
-6.68586e-07
-6.27528e-07
-5.8513e-07
-5.41765e-07
-4.97691e-07
-4.53161e-07
-4.08442e-07
-3.63816e-07
-3.19574e-07
-2.7601e-07
-2.33412e-07
-1.92068e-07
-1.52248e-07
-1.14194e-07
-7.81494e-08
-4.43282e-08
-1.29307e-08
1.86381e-08
5.1324e-08
8.29571e-08
1.17129e-07
1.55104e-07
1.9701e-07
2.41398e-07
2.87347e-07
3.34285e-07
5.40085e-07
9.70932e-07
1.18863e-06
1.29223e-06
1.33389e-06
1.34159e-06
1.33018e-06
1.30772e-06
1.27859e-06
1.2452e-06
1.20787e-06
1.16758e-06
1.12527e-06
1.08142e-06
1.03636e-06
9.90333e-07
9.43538e-07
8.96136e-07
8.48449e-07
7.99737e-07
7.482e-07
6.94838e-07
6.40325e-07
5.8512e-07
5.29588e-07
4.75722e-07
4.22001e-07
3.59627e-07
2.9129e-07
2.1797e-07
1.40671e-07
6.00575e-08
-2.32971e-08
-1.08835e-07
-1.95989e-07
-2.84182e-07
-3.7285e-07
-4.61441e-07
-5.49407e-07
-6.36242e-07
-7.21469e-07
-8.04648e-07
-8.85384e-07
-9.63313e-07
-1.03816e-06
-1.10047e-06
-1.14733e-06
-1.17758e-06
-1.191e-06
-1.18789e-06
-1.16351e-06
-1.12456e-06
1.02282e-05
2.24361e-05
2.86979e-05
3.07892e-05
3.06512e-05
2.93319e-05
2.73989e-05
2.51588e-05
2.27792e-05
2.0314e-05
1.7862e-05
1.54495e-05
1.30922e-05
1.08e-05
8.57994e-06
6.4373e-06
4.37623e-06
2.40022e-06
5.12303e-07
-1.28487e-06
-2.98898e-06
-4.59805e-06
-6.11039e-06
-7.52493e-06
-8.84093e-06
-1.00498e-05
-1.11537e-05
-1.21534e-05
-1.30497e-05
-1.38433e-05
-1.45352e-05
-1.51269e-05
-1.562e-05
-1.60167e-05
-1.63192e-05
-1.653e-05
-1.66521e-05
-1.66883e-05
-1.66421e-05
-1.65167e-05
-1.63158e-05
-1.60431e-05
-1.57025e-05
-1.5298e-05
-1.48337e-05
-1.43137e-05
-1.37421e-05
