0.000163937
0.000485916
0.000960038
0.00158052
0.00231296
0.0031256
0.00399271
0.0048941
0.00581448
0.00674254
0.00767057
0.00859245
0.00949998
0.0103837
0.0112332
0.0120374
0.012785
0.013464
0.0140621
0.0145665
0.0149641
0.0152413
0.0153844
0.0153792
0.0152112
0.0148657
0.0143275
0.0135824
0.0126193
0.0114291
0.0100039
0.00833764
0.00642556
0.00426435
0.00185199
-0.000812247
-0.0037279
-0.00689334
-0.0103058
-0.0139616
-0.0178558
-0.0219827
-0.0263357
-0.0309073
-0.0356891
-0.040672
-0.0458462
-0.0512011
-0.0567257
-0.0624079
-0.068236
-0.0741973
-0.0802779
-0.0864629
-0.0927369
-0.0990843
-0.105489
-0.111936
-0.118407
-0.124887
-0.131358
-0.137804
-0.144209
-0.150558
-0.156836
-0.163031
-0.16913
-0.175122
-0.180994
-0.186738
-0.192345
-0.197809
-0.203124
-0.208286
-0.213293
-0.218143
-0.222836
-0.227373
-0.231756
-0.235987
-0.240071
-0.244013
-0.247818
-0.251494
-0.255045
-0.258478
-0.261801
-0.26502
-0.268144
-0.271179
-0.274135
-0.277019
-0.279842
-0.282611
-0.285338
-0.28803
-0.290699
-0.293355
-0.296008
-0.298669
-0.301347
-0.304053
-0.306799
-0.309595
-0.312448
-0.315366
-0.318355
-0.321417
-0.324556
-0.327773
-0.331069
-0.334443
-0.337893
-0.341416
-0.345008
-0.348667
-0.352385
-0.356159
-0.359979
-0.36384
-0.367733
-0.371648
-0.375578
-0.379516
-0.383457
-0.387395
-0.391328
-0.395254
-0.39917
-0.403077
-0.406973
-0.410859
-0.414737
-0.418609
-0.422476
-0.426342
-0.430209
-0.434083
-0.437967
-0.441867
-0.445788
-0.449737
-0.453719
-0.457741
-0.461805
-0.465913
-0.470066
-0.474262
-0.478501
-0.48278
-0.487101
-0.491465
-0.495867
-0.500299
-0.504757
-0.509236
-0.513736
-0.518255
-0.522793
-0.527351
-0.53193
-0.53653
-0.541152
-0.545796
-0.550464
-0.555155
-0.55987
-0.56461
-0.569375
-0.574165
-0.578981
-0.583823
-0.588691
-0.593587
-0.598509
-0.603459
-0.608437
-0.613443
-0.618477
-0.62354
-0.628636
-0.633764
-0.638926
-0.64412
-0.649345
-0.654602
-0.65989
-0.665217
-0.670583
-0.675979
-0.681395
-0.686845
-0.692349
-0.697929
-0.703612
-0.709422
-0.715383
-0.721518
-0.727847
-0.73439
-0.741165
-0.748182
-0.755448
-0.762966
-0.770737
-0.778752
-0.786995
-0.795445
-0.804077
-0.812865
-0.821785
-0.830811
-0.83992
-0.849087
-0.858288
-0.867505
-0.876723
-0.885932
-0.895122
-0.904286
-0.91343
-0.922565
-0.931705
-0.940867
-0.950067
-0.95932
-0.968643
-0.978052
-0.987562
-0.997184
-1.00695
-1.0169
-1.02706
-1.03746
-1.0481
-1.05901
-1.07022
-1.08175
-1.09363
-1.10591
-1.1186
-1.13174
-1.14534
-1.15945
-1.17408
-1.18926
-1.20503
-1.22141
-1.23843
-1.25611
-1.27448
-1.29359
-1.31344
-1.33408
-1.35553
-1.37783
-1.401
-1.42509
-1.45013
-1.47615
-1.50321
-1.53133
-1.56056
-1.59095
-1.62256
-1.65544
-1.68963
-1.72519
-1.76214
-1.80052
-1.84037
-1.88172
-1.92461
-1.96908
-2.01517
-2.06292
-2.11236
-2.16352
-2.21643
-2.2711
-2.32761
-2.38596
-2.44617
-2.50827
-2.57226
-2.63817
-2.70601
-2.77578
-2.84746
-2.92103
-2.99646
-3.07374
-3.15282
-3.23366
-3.31622
-3.40049
-3.4864
-3.57395
-3.6631
-3.75381
-3.84608
-3.93986
-4.03511
-4.13183
