0.0113521
0.0113372
0.0113246
0.0113218
0.00932832
0.00744864
0.00592531
0.00473537
0.00384429
0.00319677
0.00277705
0.00244855
0.00196152
0.00136511
0.000684335
-6.82414e-05
-0.00088285
-0.00175734
-0.00269896
-0.00370737
-0.00477729
-0.00591092
-0.00710896
-0.00837222
-0.00970163
-0.0110982
-0.0125632
-0.0140283
-0.0153042
-0.0165029
-0.017631
-0.0186873
-0.0196701
-0.0205802
-0.0214203
-0.0221904
-0.0228904
-0.0235201
-0.0240795
-0.0245685
-0.024987
-0.0253348
-0.0256118
-0.0258189
-0.0259559
-0.0260235
-0.0260213
-0.0259488
-0.0258097
-0.0256031
-0.0253279
-0.0249884
-0.024501
-0.0239182
-0.0232615
-0.022538
-0.0217486
-0.0208924
-0.019968
-0.0189737
-0.017908
-0.0168423
-0.0156846
-0.0146059
-0.0135338
-0.0124642
-0.0113928
-0.0103143
-0.00922406
-0.00820742
-0.00725385
-0.00636285
-0.00553404
-0.00476714
-0.00406197
-0.00341845
-0.00283658
-0.00231644
-0.00185818
-0.00146204
-0.00106601
-0.000837103
-0.000625549
-0.00040863
-0.00023487
-8.06649e-05
4.70835e-05
0.000143844
0.000201032
0.000220642
0.000203627
0.000150325
6.0741e-05
-6.53168e-05
-0.000228095
-0.000427891
-0.000665019
-0.000939802
-0.00125257
-0.00160365
-0.00199355
-0.00243782
-0.00286891
-0.00332895
-0.00365073
-0.00388882
-0.0040503
-0.00413827
-0.00415368
-0.00409614
-0.00396483
-0.00375847
-0.00348097
-0.0031423
-0.00274261
-0.00228063
-0.00175407
-0.00115825
-0.000491147
0.000249155
0.00106501
0.00196241
0.00279139
0.00356294
0.00427715
0.00493433
0.00553471
0.00607836
0.00656526
0.00699523
0.00736795
0.0076593
0.00799105
0.0082919
0.00855213
0.00876822
0.00893928
0.00906525
0.00914617
0.00918192
0.00917205
0.00911576
0.00906252
0.0090093
0.00914275
0.00935783
0.00966884
0.0100819
0.0105096
0.0109452
0.0113892
0.0117214
0.0124957
0.0134096
0.0142036
0.0149035
0.0155262
0.0160832
0.0165824
0.0170698
0.0175636
0.0180672
0.0185829
0.0191122
0.0196561
0.0202152
0.0207898
0.0213804
0.0219872
0.0226105
0.0232504
0.0239072
0.0245812
0.0252724
0.0259812
0.0267076
0.027452
0.0282144
0.0289949
0.0297937
0.030611
0.0313948
0.0322833
0.0332222
0.0341872
0.0351579
0.0361485
0.0364764
0.0375849
0.0390603
0.0408783
0.0409188
0.0406649
0.0399951
0.0392123
0.0384059
0.0376069
0.0368787
0.0361738
0.0355338
0.0349129
0.0347902
0.0348546
0.0352104
0.0357143
0.0368779
0.0385055
0.040544
0.0429757
0.045423
0.0479075
0.0504429
0.0530391
0.0557047
0.0583706
0.0608152
0.0628837
0.0649018
0.0668504
0.0686761
0.0695928
0.070162
0.0704945
0.0707267
0.0709189
0.0710759
0.071203
0.0713057
0.0714098
0.0718205
0.0704001
0.0688557
0.0677765
0.0670999
0.0666877
0.0666249
0.0651515
0.0635779
0.0619271
0.0602085
0.0587405
0.0570809
0.0553272
0.0534746
0.0515228
0.04947
0.0473127
0.0450456
0.042662
0.040201
0.0376184
0.0350454
0.0322437
0.0292063
0.0261692
0.0226761
0.0189644
0.015021
0.010833
0.00638229
0.00192145
-0.00312194
-0.0081703
-0.0142137
-0.020503
-0.0267899
-0.0335674
-0.0400344
-0.046166
-0.0521506
-0.0580473
-0.0639436
-0.0704013
-0.077283
-0.08417
-0.0910676
-0.0979747
-0.104889
-0.111532
-0.118176
-0.124548
-0.130892
-0.137316
-0.14394
-0.151172
-0.158124
-0.164037
-0.169309
-0.174208
-0.178666
-0.182726
-0.186363
-0.189712
-0.193
-0.196274
-0.199546
-0.202815
-0.206245
-0.209822
-0.213461
-0.217049
-0.219745
-0.222736
-0.225987
