-0.0355023
-0.0288707
-0.0184691
-0.0115141
-0.0115202
-0.0124339
-0.0136861
-0.0146479
-0.0151037
-0.0150855
-0.0144947
-0.0136907
-0.0133286
-0.013187
-0.0131553
-0.0131781
-0.0131847
-0.0131908
-0.0131965
-0.0132028
-0.0131926
-0.0131829
-0.0131736
-0.0131649
-0.0131569
-0.0131494
-0.0131426
-0.0131358
-0.013141
-0.0131386
-0.0131364
-0.0131339
-0.0131315
-0.0131308
-0.0131339
-0.0131352
-0.0131354
-0.013135
-0.0131343
-0.0131333
-0.013132
-0.0131306
-0.0131291
-0.0131277
-0.0131261
-0.0131245
-0.0131228
-0.0131212
-0.0131195
-0.013118
-0.0128597
-0.0128594
-0.0128577
-0.0128553
-0.0128527
-0.0128498
-0.0128474
-0.0128448
-0.0128421
-0.0128393
-0.0128363
-0.012849
-0.0128475
-0.0128466
-0.0128456
-0.0128446
-0.0128436
-0.0128423
-0.0128407
-0.0128388
-0.0128364
-0.0128332
-0.0128292
-0.0128246
-0.0128193
-0.0128136
-0.0128075
-0.012801
-0.0127944
-0.0127877
-0.0127828
-0.0127785
-0.0127724
-0.0127727
-0.0127803
-0.0127856
-0.0127894
-0.0127896
-0.0127895
-0.0127891
-0.0127886
-0.012788
-0.0127874
-0.0127867
-0.012786
-0.0127852
-0.0127843
-0.0127834
-0.0127823
-0.0127812
-0.0132733
-0.0132726
-0.0132689
-0.0132634
-0.0132568
-0.0132499
-0.0132428
-0.0132357
-0.0132284
-0.0132215
-0.0132145
-0.013207
-0.0131992
-0.0131908
-0.013182
-0.0131726
-0.0131626
-0.013152
-0.0131407
-0.0131288
-0.0131164
-0.0131033
-0.0130957
-0.0130868
-0.0130764
-0.0130647
-0.0130519
-0.0130378
-0.0130226
-0.0130062
-0.0129887
-0.0129707
-0.0129495
-0.0129265
-0.012902
-0.0128763
-0.0128496
-0.012822
-0.0127936
-0.0127644
-0.0127346
-0.0127042
-0.0125591
-0.0124307
-0.0124135
-0.0124075
-0.0124057
-0.012404
-0.0124023
-0.0124008
-0.0140251
-0.0140309
-0.0140719
-0.0140464
-0.0140269
-0.0140092
-0.0139922
-0.0139775
-0.0139679
-0.0139669
-0.0139669
-0.013967
-0.0139671
-0.0139673
-0.0139676
-0.013968
-0.0139684
-0.0139689
-0.0139695
-0.0139702
-0.013971
-0.0139718
-0.0139727
-0.0139737
-0.0139748
-0.0139759
-0.013977
-0.0139782
-0.0139795
-0.0139807
-0.0139819
-0.0139831
-0.0139843
-0.0139853
-0.0139861
-0.0139868
-0.0139872
-0.0126464
-0.00839696
-0.00168113
0.00754511
0.00750891
0.00870143
0.0089976
0.00899937
0.00900083
0.00901523
0.00901529
0.00901487
0.00901452
0.0575214
0.057561
0.0574647
0.0569283
0.0552141
0.0552542
0.0553151
0.0553821
0.0554536
0.0555253
0.0555967
0.0556679
0.0557386
0.0558087
0.0561052
0.0561804
0.0562534
0.0563265
0.0564012
0.0619273
0.062014
0.0619883
0.0620625
0.0621308
0.0622014
0.0622748
0.0623514
0.0624319
0.0646261
0.0647093
0.0624283
0.0604779
0.0601212
0.0602068
0.0602943
0.0603798
0.0577448
0.0546745
0.0512075
0.0473957
0.0433359
0.0393778
0.0350956
0.0304635
0.025481
0.0201463
0.0144537
0.00839313
0.00194949
-0.00475463
0.168917
0.167598
0.166247
0.164705
0.165097
0.163294
0.161295
0.159084
0.156644
0.153997
0.153313
0.150404
0.149428
0.149403
0.149289
0.148923
0.148767
0.149273
0.150339
0.151515
0.152228
0.153501
0.152729
0.153184
0.153834
0.154893
0.155689
0.156501
0.157953
0.158747
0.160189
0.159921
0.160945
0.161735
0.162213
0.162168
0.160494
0.159833
0.159363
0.15905
0.158808
0.158611
0.158413
0.158177
0.157926
0.157677
0.157438
0.157265
0.157081
0.156925
0.142143
0.145954
0.149748
0.154119
