0
-0.00417269
-0.00515809
-0.00225725
-0.199437
-0.187783
-0.152336
-0.11903
-0.089133
-0.0647566
-0.0419607
-0.0328326
-0.0486876
-0.0596264
-0.0680608
-0.0752387
-0.0814245
-0.0874092
-0.0941255
-0.100801
-0.106964
-0.113331
-0.119766
-0.126283
-0.132892
-0.139603
-0.146438
-0.146173
-0.127629
-0.119926
-0.112859
-0.105669
-0.0983232
-0.0910449
-0.0840331
-0.0770338
-0.0700226
-0.0629931
-0.0559554
-0.0489151
-0.0418627
-0.0347897
-0.0277041
-0.0207074
-0.0137007
-0.00675248
0.000234001
0.00726037
0.0139189
0.0206671
0.0275403
0.0339677
0.0487662
0.058291
0.065682
0.0723739
0.0789668
0.085641
0.0924747
0.0994679
0.106606
0.106644
0.115808
0.107909
0.107243
0.106983
0.107152
0.107871
0.109032
0.101657
0.095343
0.0890785
0.0828511
0.0766513
0.0704683
0.0642932
0.0581175
0.0519332
0.0457326
0.0395084
0.0397095
0.0227653
0.0210651
0.0216342
0.0171916
0.0153082
0.0127011
0.00962088
0.00567229
0.00191931
-0.00174049
-0.00536749
-0.00899475
-0.0126416
-0.0163132
-0.0200148
-0.0237478
-0.0275129
-0.0313107
-0.035142
-0.0390229
-0.044525
-0.0431881
-0.0460679
-0.0322577
-0.0238625
-0.016178
-0.0088087
-0.00153854
0.00576923
0.0131545
0.0206692
0.0277866
0.0339019
0.0400012
0.0462254
0.0526801
0.0596028
0.0667284
0.0740429
0.0815922
0.0897425
0.0828497
0.0771056
0.0713646
0.0656552
0.0599664
0.0542864
0.0486028
0.0429026
0.0371705
0.0290171
0.0330861
0.0300086
0.025958
0.0215559
0.0170618
0.0125612
0.00806477
0.00355434
-0.000999427
-0.00563502
-0.00536064
-0.00482601
0.0133038
0.0214872
0.0310988
0.0413054
0.0427738
0.043541
0.0443778
0.0332683
0.0774864
0.0913312
0.0793279
0.0699129
0.0622069
0.0556477
0.0498816
0.048697
0.0493519
0.0503321
0.0515501
0.052913
0.0543661
0.0558774
0.0574286
0.0590095
0.0606146
0.0622412
0.0638876
0.0655534
0.0672381
0.0689414
0.0706626
0.0724008
0.0741548
0.0759224
0.0777002
0.0794844
0.081289
0.0778671
0.0883389
0.0933842
0.0959908
0.0965601
0.098537
0.0327751
0.11055
0.1474
0.181925
0.0041278
-0.0254833
-0.0670707
-0.0783322
-0.0806811
-0.07994
-0.0728631
-0.0705287
-0.0640318
-0.0621352
-0.0123188
0.00634301
0.0354187
0.0502408
0.116122
0.162517
0.203574
0.242938
0.244558
0.24833
0.253468
0.25958
0.26655
0.267334
0.244328
0.206378
0.201336
0.19438
0.182957
0.0919624
0.0571973
0.0335259
0.0235203
0.0195005
0.0159777
0.0130258
0.0106654
0.0108029
0.0415894
-0.141588
-0.15376
-0.107091
-0.0665065
-0.0397323
-0.00494037
-0.146257
-0.156279
-0.163962
-0.170683
-0.146001
-0.16475
-0.174088
-0.183896
-0.193731
-0.203738
-0.214096
-0.224976
-0.236537
-0.244087
-0.256144
-0.255587
-0.278948
-0.302558
-0.305026
-0.34995
-0.372444
-0.396558
-0.422205
-0.44968
-0.454223
-0.510847
-0.51408
-0.613915
-0.640201
-0.640904
-0.688719
-0.658849
-0.625971
-0.612433
-0.605042
-0.607076
-0.660522
-0.704571
-0.706759
-0.709109
-0.712444
-0.716129
-0.689013
-0.691308
-0.662839
-0.657794
-0.665111
-0.682638
-0.745662
-0.716238
-0.594361
-0.527363
-0.487397
-0.441173
-0.400506
-0.357205
-0.328033
-0.322483
-0.321588
-0.322
-0.322333
-0.33686
-0.350575
-0.356644
-0.352001
-0.259997
-0.292422
-0.322736
