0.0113521
0.0721959
0.0206523
-0.0119412
1.42194
-0.0787679
-0.249866
-0.236172
-0.212548
-0.173229
-0.162192
-0.0635903
0.116726
0.0805414
0.0617305
0.0518812
0.0438735
0.0415985
0.0459605
0.0445986
0.0399292
0.040147
0.0394437
0.0387676
0.0380975
0.037441
0.0368633
-0.0178661
-0.14717
-0.0721006
-0.0687651
-0.0707356
-0.0728383
-0.0732484
-0.0721499
-0.0728623
-0.0736444
-0.0744032
-0.0750213
-0.0755283
-0.0760333
-0.0765298
-0.0768969
-0.0764587
-0.0766681
-0.0763123
-0.076586
-0.0768015
-0.0739992
-0.0744413
-0.0750699
-0.0715409
-0.131489
-0.0927917
-0.0767564
-0.0710069
-0.0695136
-0.069242
-0.0694657
-0.0696156
-0.0695909
-0.0173732
-0.0814427
0.0426047
-0.00866994
-0.0105515
-0.0125799
-0.0154763
-0.0175798
0.0453079
0.0384906
0.0390271
0.0395904
0.0401615
0.0407478
0.0413386
0.0419281
0.0425134
0.0430939
0.0436647
-0.00406158
0.123669
0.0114377
-0.00461597
0.0328252
0.0130022
0.0186183
0.0222701
0.0287022
0.0273306
0.0266525
0.0263689
0.026285
0.0263031
0.0263206
0.0263377
0.0263284
0.0262859
0.0262082
0.026098
0.0260659
0.0378328
-0.0126142
0.0174148
-0.103483
-0.0648519
-0.0598316
-0.0576082
-0.0568821
-0.0570763
-0.0574918
-0.0582103
-0.0550284
-0.0473895
-0.0468651
-0.0473031
-0.0484438
-0.0512448
-0.0520359
-0.0526534
-0.0535304
-0.0569924
0.0530817
0.0451132
0.0458482
0.0462801
0.0467316
0.0472104
0.0477201
0.0482668
0.0488652
0.0667486
-0.021717
0.0304111
0.0377347
0.0405101
0.0413556
0.0415342
0.0415889
0.0417292
0.0420352
0.0425725
0.00727492
0.00127405
-0.117993
-0.0497317
-0.0598741
-0.0638123
-0.000100845
0.00542704
0.00537358
0.0918643
-0.306952
-0.0857296
0.101097
0.0829787
0.0711929
0.063428
0.0581725
0.0254942
0.012733
0.0109077
0.0097265
0.00922923
0.00914376
0.00930408
0.0096121
0.0100086
0.0104603
0.0109479
0.011462
0.0119968
0.0125503
0.0131229
0.013716
0.0143329
0.0149758
0.0156503
0.0163672
0.0171281
0.0178043
0.0566756
-0.0436019
-0.00338128
0.0152596
0.0310028
0.0218037
0.510671
-0.523291
-0.228907
-0.21094
1.32708
0.256242
0.34095
0.120617
0.0553935
0.0321621
-0.0143096
0.0192389
-0.0114799
0.0211501
-0.325661
-0.0998014
-0.176054
-0.0753644
-0.440386
-0.296671
-0.256818
-0.242618
0.0331375
0.0201586
0.0128814
0.00847665
0.00495313
0.0471333
0.233773
0.34002
0.101088
0.116976
0.147004
0.727371
0.321991
0.241871
0.143069
0.0999663
0.0963862
0.0922109
0.0878297
0.0703049
-0.151433
1.39575
0.155448
-0.271433
-0.228306
-0.128395
-0.184418
1.09141
0.136261
0.117388
0.108638
-0.116929
0.189596
0.122626
0.124148
0.122367
0.121557
0.12193
0.123454
0.126013
0.0937756
0.124636
0.0445929
0.205279
0.201225
0.0629066
0.342976
0.187003
0.197022
0.206584
0.218648
0.0649429
0.405264
0.038643
0.714897
0.184929
-0.0145229
0.307642
-0.242836
-0.272778
-0.134862
-0.0956173
-0.0287109
0.306681
0.254845
-0.0495922
-0.059148
-0.0519206
-0.0573253
-0.298884
-0.0858794
-0.330234
-0.179363
-0.08311
-0.032281
0.320756
-0.378521
-1.00791
-0.642409
-0.471837
-0.521839
-0.481391
-0.503984
-0.402546
-0.230896
-0.199817
-0.19326
-0.196795
-0.101748
-0.110655
-0.165046
-0.251624
-0.894931
0.0303814
0.0180187
