8.08881e-05
0.000158804
0.000233758
0.000305821
0.000360813
0.000400053
0.000426569
0.000443137
0.000452207
0.00045576
0.000455602
0.00045251
0.000445456
0.0004338
0.000417108
0.000395054
0.0003674
0.000333933
0.000294405
0.000248582
0.000196283
0.00013732
7.15175e-05
-1.29824e-06
-8.12938e-05
-0.000168632
-0.000263472
-0.000365476
-0.000472963
-0.000585104
-0.000701145
-0.000820346
-0.000941983
-0.00106536
-0.00118984
-0.00131478
-0.00143961
-0.00156372
-0.00168659
-0.00180768
-0.00192649
-0.00204254
-0.00215536
-0.00226454
-0.00236966
-0.00247034
-0.00256622
-0.00265695
-0.00274224
-0.00282179
-0.00289533
-0.00296264
-0.00302289
-0.00307569
-0.00312081
-0.00315809
-0.0031874
-0.0032086
-0.00322155
-0.00322613
-0.0032222
-0.00321016
-0.00318975
-0.00316191
-0.00312708
-0.00308563
-0.00303791
-0.00298422
-0.00292481
-0.00286055
-0.00279218
-0.00272044
-0.00264602
-0.00256961
-0.00249183
-0.00241331
-0.00233466
-0.00225643
-0.00217918
-0.00210343
-0.00202924
-0.00195786
-0.0018894
-0.00182382
-0.00176142
-0.00170229
-0.0016466
-0.00159449
-0.0015462
-0.0015019
-0.00146177
-0.00142596
-0.00139461
-0.00136785
-0.0013458
-0.00132859
-0.00131633
-0.00130911
-0.00130705
-0.00131024
-0.00131879
-0.00133288
-0.00135222
-0.00137683
-0.00140551
-0.00143751
-0.00147214
-0.00150874
-0.00154672
-0.00158547
-0.00162442
-0.00166298
-0.00170066
-0.00173701
-0.00177163
-0.00180413
-0.0018341
-0.00186114
-0.00188483
-0.00190477
-0.00192057
-0.00193181
-0.00193914
-0.00194314
-0.00194437
-0.00194337
-0.00194064
-0.00193671
-0.00193205
-0.00192714
-0.00192244
-0.00191856
-0.00191522
-0.00191267
-0.00191119
-0.00191112
-0.00191275
-0.00191639
-0.00192231
-0.00193079
-0.0019421
-0.0019565
-0.00197389
-0.00199419
-0.00201601
-0.00203873
-0.00206168
-0.00208417
-0.00210613
-0.00212761
-0.00214859
-0.00216997
-0.00218863
-0.00220374
-0.00221635
-0.00222729
-0.00223725
-0.00224681
-0.00225648
-0.00226644
-0.00227672
-0.00228733
-0.00229826
-0.0023095
-0.00232103
-0.00233285
-0.00234493
-0.00235724
-0.00236979
-0.00238255
-0.00239551
-0.00240867
-0.00242201
-0.00243553
-0.00244922
-0.00246308
-0.00247711
-0.00249131
-0.0025057
-0.00252026
-0.00253502
-0.00255036
-0.00256563
-0.00258063
-0.00259531
-0.00260976
-0.00262399
-0.00264283
-0.00266069
-0.00267509
-0.00268384
-0.00269989
-0.00272522
-0.00276257
-0.0028124
-0.00287451
-0.00294849
-0.00303345
-0.00312886
-0.0032339
-0.00334812
-0.00346761
-0.00359084
-0.00371556
-0.00384063
-0.00396129
-0.00407434
-0.0041771
-0.0042671
-0.00434467
-0.00440999
-0.00446317
-0.00450424
-0.0045332
-0.00455054
-0.00455835
-0.00455976
-0.00455545
-0.00454626
-0.00453336
-0.00452349
-0.00451917
-0.004522
-0.00453258
-0.00455102
-0.0045774
-0.00461173
-0.00465398
-0.00470393
-0.00475917
-0.00483261
-0.00492452
-0.00503093
-0.00514847
-0.00527482
-0.00540713
-0.0055552
-0.00571912
-0.00589882
-0.0060941
-0.00630253
-0.00652487
-0.00676114
-0.00701139
-0.00727563
-0.00755388
-0.00784617
-0.00815253
-0.00847301
-0.00880738
-0.00915569
-0.00951706
-0.00989233
-0.0102823
-0.0106862
-0.0111064
-0.0115435
-0.0119982
-0.0124713
-0.0129636
-0.0134743
-0.0140063
-0.0145587
-0.0151374
-0.0157428
-0.0163737
-0.0170321
-0.0177146
-0.0184174
-0.0191384
-0.0198758
-0.0206286
-0.0213999
-0.0221917
-0.0230027
-0.023832
-0.0246785
-0.0255413
-0.0264175
-0.027306
-0.0282041
-0.0291109
-0.0300261
-0.0309504
-0.0318874
-0.0328343
-0.0337829
-0.0347281
-0.035667
-0.0365962
-0.0375128
-0.0384139
-0.0392977
-0.0401639
-0.0410127
-0.0418444
-0.0426594
-0.043459
-0.0442445
-0.0450167
-0.0457752
-0.046514
-0.0472356
-0.0479423
