-9.85923e-07
-7.79853e-06
-2.58234e-05
-5.99385e-05
-0.00011454
-0.000193568
-0.000300528
-0.000438514
-0.00061023
-0.000818009
-0.00106383
-0.00134934
-0.00167587
-0.00204444
-0.00245579
-0.00291038
-0.00340843
-0.00394987
-0.00453444
-0.00516161
-0.00583068
-0.0065407
-0.00729054
-0.00807889
-0.00890424
-0.00976492
-0.0106591
-0.0115847
-0.0125396
-0.0135215
-0.0145277
-0.0155557
-0.0166028
-0.017666
-0.0187425
-0.0198291
-0.0209227
-0.0220199
-0.0231173
-0.0242117
-0.0252993
-0.0263767
-0.0274404
-0.0284869
-0.0295125
-0.0305139
-0.0314875
-0.0324297
-0.0333367
-0.0342045
-0.0350289
-0.0358059
-0.0365318
-0.0372036
-0.0378183
-0.0383735
-0.0388669
-0.0392966
-0.0396609
-0.0399586
-0.0401884
-0.0403495
-0.0404413
-0.0404632
-0.040415
-0.0402967
-0.0401085
-0.0398507
-0.0395237
-0.0391283
-0.0386653
-0.0381358
-0.0375409
-0.0368821
-0.0361608
-0.0353788
-0.0345381
-0.0336406
-0.0326886
-0.0316843
-0.0306291
-0.0295267
-0.0283814
-0.0271976
-0.0259799
-0.0247329
-0.0234615
-0.0221705
-0.0208651
-0.0195505
-0.0182321
-0.0169155
-0.0156062
-0.01431
-0.0130325
-0.01178
-0.0105587
-0.00937485
-0.00823527
-0.00714682
-0.00611562
-0.00514387
-0.00423263
-0.00338277
-0.00259496
-0.00186972
-0.00120739
-0.000608168
-7.21164e-05
0.000400837
0.000810882
0.00115832
0.00144353
0.00166702
0.00182935
0.00193113
0.00197307
0.00195588
0.00188032
0.00174716
0.00155716
0.00131103
0.00100946
0.000653041
0.000242312
-0.000222294
-0.000740447
-0.00131193
-0.00193665
-0.0026147
-0.00334539
-0.00412388
-0.00494436
-0.0058011
-0.00668849
-0.00760101
-0.00853323
-0.00947983
-0.0104356
-0.0113953
-0.0123541
-0.0133068
-0.0142486
-0.0151747
-0.0160804
-0.016961
-0.0178119
-0.0186284
-0.019406
-0.0201401
-0.0208263
-0.0214622
-0.0220481
-0.0225847
-0.0230728
-0.0235131
-0.0239062
-0.0242527
-0.0245529
-0.0248074
-0.0250164
-0.0251803
-0.0252993
-0.0253736
-0.0254032
-0.0253882
-0.0253286
-0.0252243
-0.0250751
-0.0248809
-0.0246414
-0.0243562
-0.0240249
-0.0236472
-0.0232224
-0.02275
-0.0222294
-0.0216598
-0.0210404
-0.0203703
-0.01965
-0.0188845
-0.0180801
-0.0172426
-0.0163777
-0.0154907
-0.014587
-0.0136715
-0.012749
-0.0118242
-0.0109016
-0.00998559
-0.00908035
-0.00819
-0.00731851
-0.00646975
-0.0056475
-0.00485542
-0.00409713
-0.00337616
-0.00269575
-0.00205788
-0.00146322
-0.000912092
-0.000404695
5.88652e-05
0.000478577
0.000854514
0.00118683
0.00147575
0.00172156
0.00192462
0.00208531
0.00220407
0.00228139
0.00231774
0.0023136
0.00226947
0.0021858
0.00206299
0.00190143
0.00170142
0.00146318
0.00118683
0.000872379
0.000519698
0.000128516
-0.000301596
-0.000771215
-0.00128099
-0.00183065
-0.00241612
-0.00303248
-0.0036749
-0.0043387
-0.00501933
-0.00571233
-0.0064134
-0.00711834
-0.00782308
-0.00852367
-0.00921628
-0.00989719
-0.0105628
-0.0112096
-0.0118343
-0.0124334
-0.0130038
-0.0135422
-0.0140456
-0.0145106
-0.014934
-0.0153157
-0.0156562
-0.0159559
-0.0162153
-0.0164348
-0.0166146
-0.0167549
-0.0168561
-0.0169181
-0.0169412
-0.0169253
-0.0168704
-0.0167764
-0.0166433
-0.0164707
-0.0162586
-0.0160065
-0.0157142
-0.0153813
-0.0150072
-0.0145914
-0.0141335
-0.0136327
-0.0130883
-0.0124997
-0.011866
-0.0111863
-0.0104597
-0.0096866
-0.00887331
-0.00802707
-0.00715464
-0.00626231
-0.00535595
-0.00444102
-0.00352259
-0.00260537
-0.00169376
-0.000791813
9.67023e-05
0.000968306
0.0018198
0.00264823
0.00345093
0.00422541
0.00496945
0.00568101
0.00635824
0.00699928
0.00760174
0.00816332
0.00868205
