0.099997
0.0923821
0.0836746
0.0785654
0.0785599
0.0771227
0.0766276
0.0770167
0.077811
0.0787825
0.0798122
0.0808443
0.0818511
0.082819
0.0837429
0.0846212
0.0851483
0.0851237
0.085105
0.085086
0.0850682
0.0850506
0.0850334
0.0850168
0.0850009
0.0849859
0.0849719
0.084978
0.0849689
0.0849619
0.0849545
0.0849459
0.0849368
0.084932
0.0849365
0.0849362
0.084933
0.0849283
0.0849229
0.0849172
0.0849113
0.0849054
0.0848995
0.0848939
0.0848891
0.0848846
0.0848814
0.0848785
0.084876
0.0848738
-0.102566
-0.102567
-0.102565
-0.102563
-0.102561
-0.102559
-0.102559
-0.102558
-0.102558
-0.102558
-0.102558
-0.102594
-0.102595
-0.102595
-0.102595
-0.102595
-0.102594
-0.102594
-0.102594
-0.102596
-0.1026
-0.102604
-0.102611
-0.102619
-0.102629
-0.10264
-0.102653
-0.102666
-0.10268
-0.102694
-0.102735
-0.102746
-0.10276
-0.102761
-0.102759
-0.102759
-0.102758
-0.102758
-0.102758
-0.102758
-0.102757
-0.102756
-0.102755
-0.102753
-0.102751
-0.102749
-0.102747
-0.102744
-0.102742
-0.102739
0.0808195
0.0808221
0.0808299
0.0808414
0.0808267
0.0808117
0.0807965
0.0807815
0.0807664
0.0807534
0.080742
0.08073
0.0807174
0.0807041
0.08069
0.0806751
0.0806593
0.0806424
0.0806246
0.0806056
0.0805854
0.0805632
0.080578
0.0805958
0.0806168
0.0806406
0.0806672
0.0806966
0.0807287
0.0807635
0.0808009
0.0808353
0.0808765
0.0809217
0.0809699
0.0810208
0.081074
0.0811293
0.0811867
0.0812462
0.0813078
0.0813715
0.0814309
0.0814901
0.0814598
0.08145
0.0814522
0.0814546
0.0814569
0.0814591
-0.0922775
-0.092296
-0.0923606
-0.0924219
-0.0924677
-0.0925091
-0.0925482
-0.0925818
-0.0926029
-0.0926028
-0.0926006
-0.0925983
-0.092596
-0.0925937
-0.0925914
-0.0925891
-0.0925868
-0.0925844
-0.0925821
-0.0925798
-0.0925775
-0.0925752
-0.0925729
-0.0925707
-0.0925684
-0.0925663
-0.0925641
-0.0925621
-0.0925601
-0.0925581
-0.0925562
-0.0925544
-0.0925527
-0.092551
-0.0925492
-0.0925475
-0.0925458
-0.0925142
-0.0924494
-0.092502
-0.0926038
-0.0926935
-0.0927212
-0.0927318
-0.0927345
-0.0927374
-0.0927624
-0.0927632
-0.0927628
-0.0927616
0.0730586
0.0730275
0.0728957
0.0727703
0.0727023
0.0726331
0.0725251
0.0724087
0.0722868
0.072164
0.0720398
0.0719138
0.0717848
0.0716507
0.071552
0.0717162
0.0719344
0.0721568
0.0723819
0.072248
0.0720474
0.0720772
0.0721108
0.0721436
0.0721786
0.072216
0.0722562
0.0723
0.072309
0.0721771
0.0720924
0.0719054
0.0717292
0.0714968
0.0712501
0.0709987
0.0712641
0.0715547
0.0718793
0.0722404
0.0721501
0.0724755
0.0729609
0.0734805
0.0740451
0.0746617
0.0753359
0.0760728
0.0768778
0.0777071
-0.0954922
-0.092178
-0.0920382
-0.0920941
-0.0925905
-0.0926796
-0.0927617
-0.0928272
-0.0928558
-0.0928051
-0.0925484
-0.0922916
-0.0904302
-0.0901334
-0.0903609
-0.0912761
-0.0890808
-0.0849001
-0.0784426
-0.0695489
-0.0648612
-0.0609626
-0.0612656
-0.0619003
-0.0631708
-0.0641796
-0.066353
-0.0696705
-0.0713198
-0.0734769
-0.0734894
-0.0730608
-0.073453
-0.0741806
-0.0748834
-0.0754779
-0.0752444
-0.0753032
-0.0749835
-0.0745082
-0.0740151
-0.0735169
-0.0730125
-0.0724889
-0.0719376
-0.0713591
-0.0707562
-0.0702223
-0.0697299
-0.0692707
0.120626
0.13841
0.155258
0.170886
