0
0.000734404
0.000596402
0.000155179
0.0348467
-0.000472838
0.00830589
0.022815
0.0312861
0.0448559
0.0562144
0.0661984
0.068238
0.0699891
0.071628
0.0732539
0.0680845
0.0372672
0.0195384
0.0142475
0.00163744
-0.0104226
-0.0226079
-0.0348317
-0.0470613
-0.0592866
-0.0715045
-0.0715209
-0.0739738
-0.0981339
-0.104596
-0.107007
-0.111196
-0.114169
-0.114175
-0.11652
-0.117604
-0.117981
-0.117829
-0.117235
-0.116434
-0.115794
-0.115289
-0.112514
-0.109215
-0.106193
-0.10317
-0.100006
-0.0975108
-0.0948052
-0.0916858
-0.0921438
-0.0840094
-0.0775
-0.0719233
-0.0668803
-0.0621997
-0.05767
-0.0532908
-0.0490522
-0.0449888
-0.0449916
-0.021621
-0.00886957
0.00254279
0.0139951
0.0242879
0.0315386
0.0382859
0.0423547
0.0461706
0.0517968
0.0581833
0.064468
0.0706237
0.0766331
0.0824744
0.0881284
0.0935552
0.0984938
0.0983966
0.109503
0.115764
0.121372
0.115205
0.112224
0.108616
0.107993
0.119522
0.125646
0.128677
0.129901
0.129941
0.129148
0.127584
0.125348
0.122462
0.118925
0.114725
0.109843
0.104526
0.101911
0.0953056
0.0892548
0.0822157
0.0766777
0.0705157
0.0639193
0.0573536
0.0510872
0.0448517
0.0384888
0.0325321
0.0277891
0.0231928
0.0186431
0.0141372
0.00967788
0.00524386
0.000833743
-0.00355548
-0.00793538
-0.0184421
-0.0288248
-0.0344259
-0.0395632
-0.0446522
-0.0497162
-0.0547672
-0.0598179
-0.0648919
-0.0709722
-0.0780302
-0.0836778
-0.0885768
-0.093089
-0.0973832
-0.10154
-0.105597
-0.109576
-0.113486
-0.11733
-0.105421
-0.105556
-0.0935825
-0.0863075
-0.0837458
-0.0812335
-0.0782055
-0.0740347
-0.0694299
-0.0678421
-0.0655006
-0.0586742
-0.0519252
-0.0462739
-0.0410565
-0.0358272
-0.0302907
-0.0243321
-0.0196175
-0.0151041
-0.0106362
-0.00619873
-0.00178128
0.00262452
0.0070261
0.0114302
0.0158433
0.0202716
0.0247215
0.029199
0.0337104
0.0382618
0.0428596
0.0475102
0.0522199
0.0569953
0.061842
0.066767
0.0717773
0.0771527
0.0834
0.088573
0.0931765
0.0976864
0.102479
0.105957
0.103202
0.0958591
0.09248
0.0917497
0.0944857
0.0924139
0.0907228
0.0898699
0.0841369
0.0879746
0.0867506
0.0866196
0.0850203
0.0731104
0.046089
0.0535945
0.0448538
0.0376121
0.0314714
0.0258231
0.0206325
0.0169018
0.0131283
0.00932659
0.00549519
0.00159393
0.00138085
0.00955817
0.00819099
0.00525991
0.00216909
-0.000906846
-0.0215643
-0.0128799
-0.015024
-0.0188808
-0.0230648
-0.0274116
-0.0319257
-0.0366178
-0.0369562
-0.0753372
-0.0783346
-0.0848769
-0.0874833
-0.109169
-0.115851
-0.122316
-0.100069
-0.0871988
-0.0821962
-0.0772973
-0.099108
-0.0735939
-0.0654127
-0.0607424
-0.0557285
-0.0504179
-0.0448313
-0.0389718
-0.0328308
-0.0275029
-0.0207017
-0.0210844
-0.0903595
-0.122621
-0.123014
-0.109698
-0.103636
-0.101335
-0.102856
-0.111557
-0.11075
-0.154494
-0.153789
-0.20279
-0.22415
-0.225274
0.0546019
0.119723
0.182688
0.243554
0.237842
0.237304
0.132982
0.103219
0.102556
0.14537
0.142969
0.140851
0.235805
0.236221
0.243705
0.248302
0.279005
0.295738
0.380758
0.397341
0.343811
0.301704
0.282601
0.276462
0.27031
0.272679
0.278376
0.290144
0.302506
0.315822
0.330101
0.315875
0.312566
0.312576
0.328691
0.285736
0.209682
0.145718
