-8.70036e-05
-0.000167625
-0.00024197
-0.000310105
-0.000367334
-0.00041865
-0.000462785
-0.000497776
-0.000522588
-0.000535574
-0.000535499
-0.000521408
-0.000493489
-0.000451978
-0.000397136
-0.000329235
-0.000249467
-0.000162392
-7.05298e-05
2.54114e-05
0.000123776
0.000223079
0.000321904
0.000418911
0.000512836
0.00060249
0.000686753
0.000766198
0.000841011
0.000908456
0.000968335
0.00102098
0.00106646
0.00110497
0.00113707
0.00116293
0.00118289
0.00119728
0.00120648
0.00121087
0.00121079
0.00120648
0.00119815
0.00118624
0.00117117
0.0011533
0.00113289
0.00111018
0.00108525
0.00105815
0.00102894
0.000997158
0.000963464
0.00092823
0.000891637
0.000853753
0.000814566
0.000774021
0.000732031
0.000688478
0.000643223
0.000595584
0.000548039
0.000501473
0.000456527
0.000413797
0.00037368
0.000336138
0.000301068
0.000268021
0.000236551
0.000206492
0.000177808
0.000150463
0.000124425
9.96642e-05
7.61531e-05
5.38648e-05
3.27715e-05
1.28071e-05
-6.73465e-06
-2.49887e-05
-4.17418e-05
-5.68226e-05
-7.15876e-05
-8.68059e-05
-0.000103213
-0.000121026
-0.000138757
-0.000155673
-0.000171433
-0.000185888
-0.000198988
-0.000210727
-0.000221123
-0.000230211
-0.000238026
-0.000244608
-0.000249994
-0.000254224
-0.000257311
-0.000258885
-0.000259125
-0.000258112
-0.000256048
-0.000252916
-0.00024878
-0.000243758
-0.000237955
-0.000231436
-0.000224259
-0.000216502
-0.000208191
-0.000199194
-0.000189382
-0.000178636
-0.000166854
-0.000153945
-0.000139835
-0.000124466
-0.000107794
-8.97912e-05
-7.1264e-05
-5.29513e-05
-3.49101e-05
-1.71371e-05
3.73367e-07
1.76274e-05
3.46319e-05
5.13946e-05
6.79114e-05
8.39808e-05
9.92191e-05
0.000113379
0.000126256
0.00013764
0.000147296
0.000154957
0.000160323
0.000163063
0.000162816
0.0001592
0.000153896
0.000146827
0.000139435
0.000132395
0.000125643
0.000119054
0.000112518
0.000106023
9.95588e-05
9.26893e-05
8.51051e-05
7.71314e-05
6.90747e-05
6.10801e-05
5.32312e-05
4.5614e-05
3.83554e-05
3.16337e-05
2.54508e-05
1.97839e-05
1.46074e-05
9.8944e-06
5.61742e-06
1.74879e-06
-1.73903e-06
-4.87336e-06
-7.68114e-06
-1.01889e-05
-1.24228e-05
-1.44085e-05
-1.61709e-05
-1.77349e-05
-1.91243e-05
-2.03629e-05
-2.14735e-05
-2.24785e-05
-2.34001e-05
-2.42598e-05
-2.50621e-05
-2.56937e-05
-2.5859e-05
-2.53445e-05
-2.3952e-05
-2.1439e-05
-1.74759e-05
-1.18291e-05
-5.10939e-06
1.59032e-06
7.84698e-06
1.36838e-05
1.95995e-05
2.55012e-05
3.1406e-05
3.74871e-05
4.33071e-05
4.97827e-05
5.71403e-05
6.5778e-05
7.59137e-05
8.63742e-05
9.40571e-05
0.000100722
0.000105845
0.000109131
0.00011048
0.000109865
0.00010732
0.000103066
9.7301e-05
9.02065e-05
8.19433e-05
7.26497e-05
6.29755e-05
5.45596e-05
4.7678e-05
4.23808e-05
3.86831e-05
3.66464e-05
3.39628e-05
3.23513e-05
3.19666e-05
3.27187e-05
3.44744e-05
3.70863e-05
4.03956e-05
4.42344e-05
4.90782e-05
5.02168e-05
4.80241e-05
4.23321e-05
3.3447e-05
1.90578e-05
-1.02325e-06
-2.69777e-05
-5.51786e-05
-8.35733e-05
-0.000111356
-0.000137848
-0.000166007
-0.00019238
-0.000216086
-0.000236831
-0.000254348
-0.000268403
-0.000278796
-0.000285355
-0.000287934
-0.000286564
-0.000281126
-0.000272509
-0.000270869
-0.000280583
-0.000301363
-0.000331209
-0.000369156
-0.000414789
-0.000468211
-0.000530429
-0.000601025
-0.000685413
-0.000782846
-0.000899395
-0.00103655
-0.0011931
-0.00133026
-0.00144103
-0.00151938
-0.00156011
-0.0015676
-0.00154481
-0.00150814
-0.00146291
-0.00141048
-0.00134625
-0.00127197
-0.00118926
-0.00108698
-0.000967378
-0.000832658
-0.00068454
-0.000520411
-0.000339894
-0.000133837
9.71952e-05
0.000344647
0.000601683
0.00086444
0.00113099
0.00139962
0.00166988
0.00194188
0.00221664
0.00249517
0.0027786
0.00306809
0.00336121
0.00365705
0.0039554
0.00425789
0.00455789
0.0048453
0.00511227
