-0.00652898
-0.0180689
-0.00678393
-0.00252846
-0.254203
0.249616
-0.0697592
-0.111072
-0.0670409
-0.103405
-0.0868304
-0.0761729
-0.0179151
-0.0151456
-0.0136254
-0.0128011
0.037038
0.223008
0.128481
0.0386447
0.091587
0.0875474
0.088226
0.0881543
0.0877233
0.0870976
0.0863267
-0.00258069
0.0144105
0.170335
0.0411931
0.0108078
0.0225544
0.0126174
-0.00999965
0.00575781
-0.00455047
-0.0108401
-0.0158504
-0.0202214
-0.0228813
-0.0228814
-0.0230568
-0.0406103
-0.0454924
-0.0445529
-0.0455957
-0.0476102
-0.0437509
-0.0462208
-0.0501324
-0.0251326
-0.0878721
-0.077052
-0.0711269
-0.0679884
-0.0660134
-0.0655063
-0.0649531
-0.064424
-0.0636027
-0.0345041
-0.204267
-0.127255
-0.117485
-0.117626
-0.108981
-0.0866401
-0.0826056
-0.0628521
-0.0604876
-0.0730597
-0.0779704
-0.0765812
-0.0749345
-0.073103
-0.0710548
-0.0688133
-0.0662291
-0.0617083
-0.023776
-0.104825
-0.0684749
-0.0624189
0.0238639
0.0023164
0.0078997
-0.012636
-0.099392
-0.0590163
-0.0353568
-0.0209747
-0.0111106
-0.00379653
0.00306871
0.00917897
0.0151095
0.02101
0.0269566
0.0329893
0.0371863
0.018544
0.0482363
0.0452692
0.0532458
0.0432593
0.0484972
0.0522849
0.0526307
0.0509716
0.0511823
0.0524757
0.0498456
0.0413208
0.040482
0.0403227
0.0401384
0.0398909
0.039747
0.0395694
0.039371
0.0392181
0.0833113
0.0821889
0.0472306
0.043467
0.0426601
0.0419701
0.0413166
0.0407047
0.0402138
0.0468433
0.0535692
0.0423657
0.0359754
0.032202
0.0296266
0.0276002
0.0258219
0.0241496
0.022512
0.020862
-0.0942321
-0.00710818
-0.0978761
-0.063432
-0.0302403
-0.030807
-0.0352574
-0.0442649
-0.0481068
-0.0263798
-0.0327981
-0.0658451
-0.0659079
-0.0584964
-0.0558158
-0.056305
-0.0588828
-0.0622806
-0.0534142
-0.0521011
-0.0518786
-0.0517204
-0.0515917
-0.0514792
-0.0513761
-0.0512776
-0.0511817
-0.0510866
-0.0509922
-0.0508974
-0.0508024
-0.050707
-0.0506111
-0.0505146
-0.0504179
-0.0503204
-0.0502154
-0.0501117
-0.0500093
-0.0518862
-0.0577366
-0.0488717
-0.043734
-0.0420404
-0.0430524
-0.0311914
0.0127102
0.0481815
0.0206887
0.00216857
-0.0234113
0.0136456
0.0118227
0.00640073
0.0426294
-0.0258719
0.0117203
0.00457048
0.0161561
0.0901988
0.199756
-0.0476714
0.0706861
0.0591636
0.0520626
0.0489299
0.0457585
0.0350776
0.0354568
0.035719
0.0359704
0.0364862
0.0116323
-0.0527729
0.0176523
0.0296266
0.030796
0.0341175
0.158715
-0.054484
0.0236812
0.0357822
0.0377322
0.0386023
0.0394669
0.040369
0.0108904
0.280689
0.025575
0.0505169
0.0207451
0.158682
0.0491769
0.0470667
-0.161709
-0.0953854
-0.0393265
-0.0393836
0.154725
-0.192074
-0.0655163
-0.0407292
-0.0437835
-0.0464428
-0.0488912
-0.0512534
-0.0536113
-0.0482657
-0.0588573
0.00130299
0.486132
0.221753
-0.00547135
-0.11385
-0.0599251
-0.034069
-0.00809907
0.0422077
-0.0240524
0.296405
-0.0289423
0.322366
0.140005
-0.0152131
-2.01535
-0.499835
-0.485773
-0.472799
-0.00522265
-0.0169425
0.739983
0.208948
-0.00992437
-0.317825
0.00869835
0.00643455
-0.694829
-0.0155561
-0.0986332
-0.0455149
-0.197756
-0.108315
-0.611903
-0.117798
0.49584
0.357396
0.162529
0.0655245
0.0658137
0.00613602
-0.0138693
-0.052977
-0.0543698
-0.0585446
-0.0627081
0.162976
0.0812746
0.0691001
-0.0641889
0.372908
0.612355
0.518513
