-4.65146e-05
-9.13143e-05
-0.000134331
-0.000175479
-0.000212124
-0.000246725
-0.000278488
-0.000306223
-0.000329199
-0.000346336
-0.000356744
-0.000359657
-0.000354902
-0.000342337
-0.000321833
-0.000293279
-0.000257056
-0.000215369
-0.000169425
-0.000119508
-6.64236e-05
-1.09186e-05
4.62679e-05
0.00010441
0.000162797
0.000220733
0.000277536
0.000333407
0.00038835
0.000440815
0.00049055
0.000537588
0.000581819
0.000623211
0.000661926
0.000697938
0.000731291
0.000762061
0.000790338
0.000816221
0.000839797
0.000861117
0.000880199
0.000897201
0.000912289
0.000925581
0.000937169
0.000947127
0.000955454
0.000962138
0.000967165
0.000970245
0.000971683
0.000971641
0.000970186
0.000967326
0.00096303
0.000957244
0.000949894
0.000940891
0.000930126
0.000917205
0.000903405
0.000889201
0.000874954
0.000861015
0.000847639
0.000834858
0.000822666
0.000810872
0.000799275
0.00078782
0.000776512
0.000765362
0.000754376
0.000743566
0.00073294
0.00072251
0.000712284
0.000702249
0.000692052
0.000682161
0.000672717
0.00066384
0.000654838
0.000645305
0.00063484
0.000623303
0.000611463
0.000599712
0.00058825
0.000577177
0.000566547
0.00055639
0.00054672
0.000537548
0.000528879
0.000520717
0.000513065
0.000505927
0.000499317
0.000493456
0.000488278
0.000483764
0.000479832
0.000476512
0.000473789
0.000471621
0.000469968
0.000468811
0.000468133
0.000467906
0.000468126
0.000468874
0.000470234
0.000472285
0.000475099
0.000478746
0.000483286
0.000488775
0.00049526
0.000502782
0.000510936
0.000519336
0.000527948
0.000536769
0.000545797
0.000555028
0.000564463
0.000574101
0.000583934
0.00059385
0.000603635
0.000613141
0.000622237
0.000630786
0.000638633
0.000645603
0.000651495
0.000656087
0.000659136
0.000660379
0.000660649
0.000659872
0.000658784
0.00065774
0.000656713
0.000655642
0.00065447
0.000653192
0.000651805
0.000650074
0.000647828
0.000645225
0.000642422
0.000639496
0.000636491
0.000633457
0.000630466
0.000627621
0.000624932
0.000622399
0.000620018
0.000617783
0.000615689
0.000613731
0.0006119
0.00061019
0.000608594
0.000607104
0.000605711
0.000604407
0.000603183
0.000602032
0.000600943
0.000599908
0.000598917
0.00059796
0.000597029
0.000596113
0.000595211
0.000594384
0.000593795
0.000593565
0.000593815
0.000594692
0.000596392
0.00059907
0.000602432
0.000605914
0.00060929
0.000612564
0.000615994
0.000619531
0.000623185
0.000627049
0.000630892
0.000635199
0.000640104
0.000645836
0.000652538
0.000659612
0.000665404
0.000670802
0.000675506
0.000679328
0.000682178
0.000684004
0.000684787
0.000684606
0.000683535
0.00068164
0.000678982
0.000675612
0.000671857
0.000668586
0.000665971
0.000664069
0.000662919
0.000662585
0.000661865
0.000661666
0.000662092
0.000663117
0.000664694
0.000666763
0.000669256
0.000672096
0.000675549
0.000677115
0.000676922
0.000674816
0.000670892
0.000663851
0.000653487
0.000639591
0.000623988
0.000607731
0.000591247
0.000574911
0.000557168
0.000539829
0.000523402
0.000508096
0.000494111
0.000481635
0.000470842
0.000461897
0.000454952
0.000450067
0.000447385
0.000446507
0.000442068
0.00043159
0.000415007
0.000393171
0.000366423
0.000334825
0.000298172
0.000255775
0.000207685
0.000150843
8.53818e-05
7.79961e-06
-8.30731e-05
-0.00018699
-0.000283593
-0.000368766
-0.000438763
-0.000490179
-0.000524621
-0.000543016
-0.000553546
-0.000558786
-0.000559292
-0.000552473
-0.000539023
-0.000519614
-0.000488131
-0.000445395
-0.000392242
-0.000329297
-0.000254903
-0.000168546
-6.50119e-05
5.58935e-05
0.000190084
0.000334227
0.000486442
0.000645813
0.00081149
0.000983282
0.00116128
0.00134605
0.00153821
0.00173841
0.00194739
0.00216395
0.00238768
0.00261853
0.00285742
0.00310087
0.00334344
0.00358069
