6.86468e-07
3.4656e-06
9.78142e-06
2.10632e-05
3.87687e-05
6.4436e-05
9.96217e-05
0.000145833
0.000204501
0.000276953
0.000364393
0.000467898
0.000588435
0.000726889
0.000884066
0.0010607
0.00125747
0.001475
0.00171393
0.0019749
0.00225838
0.00256479
0.00289458
0.00324816
0.00362582
0.0040278
0.00445416
0.00490488
0.00537973
0.00587837
0.00640023
0.00694446
0.00750994
0.00809526
0.00869874
0.00931844
0.00995214
0.0105974
0.0112514
0.0119112
0.0125736
0.0132349
0.0138914
0.0145388
0.0151728
0.0157891
0.0163831
0.01695
0.0174849
0.0179826
0.0184415
0.018863
0.0192492
0.0196016
0.0199223
0.0202131
0.0204757
0.0207123
0.0209246
0.0211146
0.0212844
0.0214358
0.021571
0.021692
0.0218008
0.0218993
0.0219897
0.0220738
0.0221536
0.0222308
0.0223072
0.0223845
0.0224641
0.0225475
0.022636
0.0227307
0.0228327
0.0229429
0.0230621
0.0231906
0.023329
0.0234781
0.0236387
0.0238114
0.0239969
0.0241957
0.0244084
0.0246355
0.0248778
0.0251359
0.0254106
0.0257027
0.0260132
0.026343
0.0266935
0.0270659
0.027462
0.0278836
0.0283329
0.0288122
0.0293243
0.0298718
0.0304571
0.0310824
0.0317495
0.0324601
0.0332155
0.034017
0.0348657
0.0357623
0.0367077
0.0377023
0.0387466
0.0398407
0.0409849
0.0421791
0.0434234
0.0447174
0.0460611
0.047454
0.0488956
0.0503857
0.0519234
0.0535084
0.0551399
0.0568173
0.0585399
0.0603069
0.0621177
0.0639717
0.0658671
0.0678004
0.0697683
0.0717669
0.0737926
0.0758413
0.0779092
0.079992
0.0820857
0.0841861
0.0862889
0.0883898
0.0904846
0.0925688
0.0946384
0.0966892
0.0987171
0.100718
0.102689
0.104625
0.106527
0.108399
0.110248
0.112079
0.113897
0.115706
0.117509
0.11931
0.121111
0.122915
0.124722
0.126536
0.128356
0.130183
0.132019
0.133861
0.135711
0.137567
0.139427
0.14129
0.143153
0.145014
0.14687
0.148718
0.150554
0.152374
0.154173
0.155946
0.157688
0.159393
0.161062
0.162698
0.164309
0.165899
0.167474
0.169039
0.1706
0.172163
0.173733
0.175316
0.176919
0.178548
0.180209
0.18191
0.183657
0.185458
0.18732
0.189253
0.191263
0.193361
0.195558
0.197868
0.2003
0.202866
0.205575
0.208436
0.211459
0.21465
0.218018
0.221569
0.225309
0.229241
0.23337
0.237697
0.242224
0.246951
0.251879
0.257009
0.262339
0.267871
0.273604
0.279538
0.285675
0.292011
0.298542
0.305263
0.31217
0.319259
0.326526
0.333969
0.341573
0.349309
0.357149
0.365067
0.373036
0.381035
0.389043
0.397039
0.405008
0.412932
0.420796
0.428587
0.436294
0.443905
0.451415
0.458817
0.466109
0.47329
0.480362
0.487328
0.494203
0.501023
0.507836
0.514688
0.521623
0.528683
0.535903
0.543309
0.550919
0.558752
0.566825
0.575154
0.583754
0.592639
0.601821
0.611314
0.62113
0.631276
0.641759
0.652585
0.663762
0.6753
0.68721
0.699502
0.712189
0.725281
0.738791
0.752727
0.767097
0.78191
0.797207
0.813061
0.829539
0.846706
0.864624
0.883352
0.902947
0.923465
0.944959
0.967482
0.991088
1.01583
1.04176
1.06893
1.09741
1.12726
1.15854
1.19131
1.22563
1.26159
1.29924
1.33867
1.37995
1.42312
1.46825
1.51537
1.56452
