-5.00881e-07
-2.43634e-06
-6.6045e-06
-1.36699e-05
-2.4206e-05
-3.87109e-05
-5.75876e-05
-8.11628e-05
-0.00010971
-0.00014347
-0.000182678
-0.00022758
-0.000278458
-0.000335636
-0.000399492
-0.000470462
-0.00054905
-0.000635825
-0.000731402
-0.000836408
-0.000951493
-0.00107735
-0.00121468
-0.00136415
-0.00152639
-0.00170199
-0.00189143
-0.00209514
-0.00231343
-0.00254654
-0.0027946
-0.00305748
-0.00333493
-0.00362651
-0.00393162
-0.00424953
-0.00457933
-0.00491998
-0.00527026
-0.00562881
-0.00599412
-0.00636457
-0.00673846
-0.00711403
-0.00748952
-0.00786318
-0.0082333
-0.00859822
-0.00895638
-0.00930626
-0.00964876
-0.00998701
-0.0103239
-0.0106623
-0.0110045
-0.0113532
-0.0117104
-0.0120784
-0.012459
-0.0128542
-0.0132658
-0.0136953
-0.0141443
-0.0146142
-0.0151063
-0.0156218
-0.0161616
-0.0167268
-0.0173181
-0.0179362
-0.0185817
-0.0192549
-0.0199563
-0.020686
-0.0214439
-0.0222302
-0.0230446
-0.0238867
-0.0247562
-0.0256526
-0.0265753
-0.0275235
-0.0284965
-0.0294935
-0.0305136
-0.0315557
-0.0326188
-0.0337018
-0.0348038
-0.0359234
-0.0370596
-0.0382111
-0.0393769
-0.0405556
-0.0417462
-0.0429474
-0.0441583
-0.0453776
-0.0466045
-0.0478381
-0.0490795
-0.0503315
-0.0515968
-0.0528777
-0.0541764
-0.0554947
-0.0568343
-0.0581969
-0.0595836
-0.0609956
-0.0624338
-0.0638991
-0.0653921
-0.0669132
-0.0684628
-0.0700412
-0.0716483
-0.0732842
-0.0749487
-0.0766416
-0.0783625
-0.080111
-0.0818865
-0.0836885
-0.0855161
-0.0873688
-0.0892455
-0.0911455
-0.0930677
-0.0950112
-0.0969749
-0.0989572
-0.100957
-0.102972
-0.105
-0.107041
-0.109093
-0.111154
-0.113222
-0.115296
-0.117374
-0.119456
-0.121539
-0.123624
-0.125708
-0.127791
-0.129873
-0.131951
-0.134026
-0.136096
-0.138164
-0.140234
-0.142309
-0.144392
-0.146487
-0.148597
-0.150723
-0.152869
-0.155036
-0.157225
-0.159438
-0.161676
-0.163941
-0.166232
-0.168551
-0.170897
-0.173271
-0.175672
-0.178101
-0.180557
-0.183039
-0.185546
-0.188077
-0.190632
-0.19321
-0.195808
-0.198425
-0.201059
-0.20371
-0.206374
-0.209051
-0.21174
-0.214441
-0.217152
-0.219874
-0.222605
-0.225345
-0.228093
-0.230848
-0.233611
-0.23638
-0.239156
-0.241938
-0.244726
-0.247521
-0.250323
-0.253132
-0.255949
-0.258775
-0.261612
-0.264463
-0.267334
-0.27023
-0.273156
-0.276117
-0.279117
-0.282162
-0.285256
-0.288401
-0.291604
-0.294867
-0.298194
-0.301589
-0.305055
-0.308595
-0.312214
-0.315914
-0.319698
-0.323572
-0.327537
-0.331599
-0.33576
-0.340025
-0.344397
-0.348881
-0.353479
-0.358198
-0.36304
-0.368012
-0.37312
-0.378367
-0.383758
-0.389296
-0.394985
-0.400831
-0.406838
-0.413013
-0.419362
-0.425893
-0.432614
-0.439532
-0.446656
-0.453995
-0.46156
-0.469359
-0.477404
-0.485705
-0.494275
-0.503125
-0.512267
-0.521718
-0.531497
-0.541626
-0.552126
-0.563018
-0.574322
-0.586055
-0.598236
-0.610881
-0.624006
-0.637626
-0.651759
-0.666418
-0.68162
-0.697378
-0.713708
-0.730625
-0.748141
-0.76627
-0.785025
-0.80442
-0.824468
-0.845181
-0.866574
-0.888659
-0.911449
-0.934956
-0.959192
-0.984169
-1.0099
-1.0364
-1.06368
-1.09177
-1.12069
-1.15044
-1.18105
-1.21254
-1.24492
-1.27821
-1.31242
-1.34756
-1.38366
-1.42074
-1.45879
-1.49785
-1.53792
-1.57903
-1.62119
-1.66441
-1.70872
-1.75413
-1.80067
-1.84834
-1.89718
-1.94719
-1.9984
-2.05081
