5.56148e-08
4.41126e-07
1.46761e-06
3.42462e-06
6.58146e-06
1.11884e-05
1.74778e-05
2.56654e-05
3.59509e-05
4.85195e-05
6.35425e-05
8.11784e-05
0.000101574
0.000124863
0.000151172
0.000180616
0.0002133
0.000249322
0.000288772
0.000331734
0.000378284
0.000428493
0.000482425
0.000540143
0.0006017
0.00066715
0.000736541
0.000809919
0.000887327
0.000968803
0.00105438
0.0011441
0.00123799
0.0013361
0.00143845
0.00154507
0.00165601
0.00177127
0.0018909
0.00201491
0.00214333
0.00227617
0.00241345
0.00255518
0.00270138
0.00285206
0.00300721
0.00316683
0.00333094
0.00349952
0.00367252
0.00384972
0.00403084
0.00421566
0.00440395
0.00459548
0.00479006
0.00498751
0.00518764
0.0053903
0.00559534
0.00580261
0.00601198
0.00622334
0.00643658
0.00665159
0.00686828
0.00708657
0.00730638
0.00752764
0.0077503
0.0079743
0.00819959
0.00842614
0.00865391
0.00888288
0.00911303
0.00934433
0.00957679
0.00981039
0.0100451
0.010281
0.0105181
0.0107564
0.0109958
0.0112365
0.0114784
0.0117217
0.0119662
0.0122121
0.0124594
0.0127081
0.0129584
0.0132101
0.0134637
0.0137193
0.0139774
0.0142383
0.0145026
0.0147708
0.0150434
0.0153204
0.015602
0.0158881
0.0161788
0.0164741
0.0167739
0.0170784
0.0173875
0.0177012
0.0180194
0.0183423
0.0186697
0.0190016
0.019338
0.0196789
0.0200242
0.0203739
0.020728
0.0210865
0.0214492
0.0218163
0.0221875
0.022563
0.0229426
0.0233263
0.0237142
0.0241061
0.024502
0.0249019
0.0253057
0.0257134
0.0261249
0.0265404
0.02696
0.0273835
0.0278113
0.0282435
0.0286802
0.0291216
0.029568
0.0300198
0.0304773
0.0309411
0.0314115
0.0318893
0.0323749
0.032869
0.0333724
0.0338858
0.0344099
0.0349448
0.0354905
0.0360473
0.0366151
0.0371943
0.0377849
0.0383872
0.0390015
0.039628
0.0402671
0.0409191
0.0415842
0.0422629
0.0429556
0.0436626
0.0443843
0.0451212
0.0458736
0.0466421
0.0474269
0.0482287
0.0490478
0.0498847
0.0507398
0.0516137
0.0525067
0.0534195
0.0543524
0.055306
0.0562809
0.0572767
0.0582927
0.0593284
0.0603831
0.0614564
0.0625477
0.0636565
0.0647826
0.0659254
0.0670846
0.0682599
0.069451
0.0706575
0.0718794
0.0731162
0.074368
0.0756344
0.0769155
0.0782109
0.0795206
0.0808437
0.0821791
0.0835262
0.084884
0.0862521
0.0876298
0.0890168
0.0904126
0.091817
0.0932298
0.094651
0.0960805
0.0975182
0.0989644
0.100419
0.101882
0.103354
0.104834
0.106323
0.10782
0.109327
0.110842
0.112366
0.1139
0.115442
0.116993
0.118553
0.120122
0.121701
0.123287
0.124883
0.126486
0.128098
0.129718
0.131347
0.132982
0.134626
0.136276
0.137933
0.139596
0.141264
0.142937
0.144614
0.146292
0.147973
0.149652
0.151331
0.153005
0.154675
0.156337
0.157993
0.159641
0.161283
0.162918
0.164548
0.166173
0.167794
0.169411
0.171027
0.172642
0.174256
0.175872
0.17749
0.179112
0.180739
0.182372
0.184012
0.18566
0.187318
0.188986
0.190666
0.192358
0.194062
0.195779
0.19751
0.199255
0.201014
0.202787
0.204574
0.206376
0.20819
0.210018
0.211859
0.213711
0.215576
0.217451
0.219335
0.221228
0.223128
0.225033
0.226941
0.228851
0.230761
0.232666
0.234566
0.236456
0.238333
0.240194
0.242034
0.24385
0.245644
0.247418
0.249174
0.250914
0.25264
0.254355
