-0.0355023
-0.0288708
-0.0184685
-0.0115119
-0.0115172
-0.0124358
-0.0136984
-0.01462
-0.0150633
-0.0150507
-0.0144805
-0.0136713
-0.013301
-0.0131482
-0.013102
-0.0131071
-0.0131268
-0.0131318
-0.0131345
-0.013134
-0.0131341
-0.0131424
-0.0131552
-0.01317
-0.0131866
-0.0132053
-0.0132258
-0.0132483
-0.0132726
-0.0132987
-0.013312
-0.0133265
-0.0133421
-0.0133587
-0.0133764
-0.0133953
-0.0134154
-0.0134369
-0.0134603
-0.0134878
-0.0132994
-0.0131973
-0.0130852
-0.0129703
-0.0128567
-0.0127466
-0.0126484
-0.0125542
-0.0124659
-0.0123842
-0.0147418
-0.0147311
-0.0147244
-0.0147199
-0.0147166
-0.0147142
-0.0147126
-0.0147118
-0.0147119
-0.0147074
-0.0147025
-0.0146974
-0.014692
-0.0146866
-0.0147047
-0.0147006
-0.014696
-0.014691
-0.0146857
-0.0146802
-0.0146745
-0.0146688
-0.0146632
-0.0146577
-0.0146524
-0.0146473
-0.0146426
-0.0146382
-0.0146342
-0.0146306
-0.0146275
-0.0146248
-0.0146209
-0.0146163
-0.014586
-0.0146202
-0.0146395
-0.0146515
-0.0146603
-0.0146682
-0.0146766
-0.0146861
-0.0146972
-0.0147103
-0.0147254
-0.0147428
-0.0147626
-0.0147851
-0.014784
-0.0147835
-0.0125428
-0.012487
-0.0126457
-0.0126456
-0.0126454
-0.0126453
-0.0126451
-0.0126449
-0.0126446
-0.0126444
-0.0126441
-0.0126438
-0.0126434
-0.0126429
-0.0126424
-0.0126417
-0.012641
-0.0126403
-0.0126394
-0.0126386
-0.0126376
-0.0126367
-0.0126356
-0.0126346
-0.0126335
-0.0126323
-0.0126311
-0.0126299
-0.0126287
-0.0126274
-0.0126259
-0.0126243
-0.0126233
-0.0126155
-0.0131993
-0.0144525
-0.016434
-0.0190525
-0.020609
-0.0211723
-0.0213725
-0.0214547
-0.021478
-0.0242668
-0.0243014
-0.0242669
-0.0242321
-0.0242014
-0.0271234
-0.0302343
0.0192911
0.0193491
0.0193159
0.0192825
0.0192471
0.0192102
0.0191771
0.0191475
0.0191155
0.0190794
0.0190394
0.0189944
0.0189445
0.0188902
0.0188318
0.0187737
0.0187187
0.018665
0.0186116
0.0185578
0.0185036
0.0184488
0.0183935
0.0183379
0.0182821
0.0182262
0.0181703
0.0181146
0.0180591
0.0180041
0.0179496
0.0178944
0.0178393
0.0177861
0.0177352
0.0176865
0.0176395
0.0175937
0.0175486
0.017504
0.0174594
0.0174145
0.0173691
0.0173227
0.017275
0.0172255
0.0171739
0.0171195
0.0170618
0.017
0.048746
0.037672
0.0218805
0.00363664
-0.0173877
-0.0409706
-0.0676249
-0.0949343
-0.122126
-0.14622
-0.168935
-0.189877
-0.209546
-0.22812
-0.245698
-0.252194
-0.255805
-0.257152
-0.256803
-0.254777
-0.25067
-0.243824
-0.235681
-0.234157
-0.232217
-0.230161
-0.227933
-0.22572
-0.223622
-0.221747
-0.220309
-0.219086
-0.217897
-0.216666
-0.215451
-0.214272
-0.213147
-0.212112
-0.211162
-0.210283
-0.209453
-0.208655
-0.207886
-0.20714
-0.206415
-0.205708
-0.205018
-0.204345
-0.203687
-0.203045
-0.227649
-0.237899
-0.254879
-0.276945
-0.299815
-0.310897
-0.3156
-0.315284
-0.31191
-0.307585
-0.302841
-0.297708
-0.292334
-0.286781
-0.281118
-0.2754
-0.269702
-0.262886
-0.256292
-0.250022
-0.244153
-0.238723
-0.233794
-0.228685
-0.224199
-0.219923
-0.215706
-0.211513
-0.20732
-0.203216
-0.199315
-0.195452
-0.191746
-0.188233
-0.184652
-0.180982
-0.175359
-0.170289
-0.167005
-0.164088
-0.161775
-0.160045
-0.158694
-0.157452
-0.155828
-0.154497
-0.15488
-0.157474
-0.16249
-0.168772
-0.202486
-0.201343
-0.200743
-0.202326
-0.2071
-0.215651
-0.227665
