0.0113521
0.0722035
0.0206615
-0.0119682
1.42128
-0.0777218
-0.249804
-0.243724
-0.213924
-0.172821
-0.162185
-0.0730036
0.112331
0.0759387
0.0569
0.046825
0.0407908
0.0458859
0.0616776
0.0404455
0.0282477
0.0477217
0.0316462
0.0299783
0.0290248
0.0282111
0.0274597
0.0267551
0.0261568
0.0262015
-0.135818
-0.0694231
-0.0654411
-0.0623565
-0.0698524
-0.0738042
-0.0752871
-0.0765537
-0.0774904
-0.0775475
-0.157653
-0.0654698
-0.0852753
-0.0844218
-0.0841065
-0.0840478
-0.081925
-0.0846905
-0.0846151
-0.0846972
-0.084725
-0.075181
-0.139324
-0.100488
-0.0842944
-0.0782943
-0.0763982
-0.0759203
-0.0757398
-0.0794781
-0.0751205
-0.0747815
-0.0743063
-0.0737442
-0.021595
0.0985241
0.0308119
0.0316482
0.0324655
0.03325
0.0339995
0.0347128
0.0353897
0.0360306
0.0366365
0.0372087
0.0377494
0.0382596
0.0387418
0.0390702
0.0292522
0.027631
-0.0124332
0.0104193
-0.0118927
0.0159686
0.00729298
0.012353
0.0152524
0.0170967
0.0184257
0.0195003
0.0204452
0.0213129
0.0221309
0.0229397
0.0238816
0.0286556
-0.0890842
-0.0707024
-0.0708601
-0.0805973
-0.0240759
-0.0838285
-0.0744908
-0.0599273
-0.0497761
-0.0421071
-0.0359862
-0.0308773
-0.0266785
-0.0216584
0.0213288
0.010389
0.00286263
-0.0019031
-0.00478074
-0.00640402
-0.0072111
-0.00749473
-0.00744319
-0.00717836
-0.00669449
-0.00587633
-0.00530934
-0.00468939
-0.00401196
-0.00327112
0.00280147
0.0944253
0.0876794
0.0837772
-0.245011
-0.223491
0.235504
0.218834
0.184359
0.16889
-0.200707
-0.18661
-0.0458258
0.0121994
0.0286182
0.32344
-0.477913
-0.233383
-0.200286
-0.199452
1.59549
0.199539
0.259394
0.120411
-0.107362
-0.139871
-0.141895
-0.134862
-0.176769
0.00757897
0.0716113
0.0934965
0.0824794
-0.00906836
-0.0311962
-0.0291361
-0.0261115
-0.0781928
-0.0998791
-0.0661501
-0.0493487
-0.0420176
-0.0393128
-0.038495
-0.0382105
-0.0378939
-0.0373719
-0.036632
-0.035708
-0.0346287
-0.0334014
-0.0320094
-0.030343
0.0038959
-0.0526987
-0.0778787
-0.0818218
-0.0779843
-0.0724878
-0.0676217
-0.0638888
-0.0611028
-0.0589084
-0.0569853
-0.0550993
-0.0530881
-0.0508296
-0.0482131
-0.0451109
-0.0413532
-0.0366978
-0.0307816
-0.0230397
-0.179888
-0.104031
-0.100242
0.13006
0.0324941
0.0369634
0.0490355
-0.330069
-0.345452
-0.127774
-0.542457
-0.336732
-0.337056
-0.341208
-0.12718
-0.594421
-0.304385
0.0845945
-0.171136
-0.183243
-0.175241
-0.166252
0.0397009
0.0468685
0.14083
0.106271
0.0877415
0.0709768
0.0408082
-0.642685
-0.15554
-0.0963409
0.0681176
-0.00588961
-0.0328755
-0.0730161
-0.173244
-0.192031
-0.190505
-0.151037
-0.114515
-0.108744
-0.100297
-0.0959551
-0.0944767
-0.0946977
-0.0956923
-0.0968083
-0.097634
-0.0979429
-0.167853
-0.204749
-0.179398
-0.203084
-0.179602
-0.780421
-0.823631
-0.283254
-0.138691
-0.169344
-0.201808
-0.22078
-0.275377
-0.272748
-0.269044
-0.258221
-0.490383
-0.0321025
-0.0115484
-0.00390461
-0.0720453
-0.103032
-0.244089
-0.113037
-0.240635
-0.265115
-0.267229
-0.271276
-0.252336
-0.228917
-0.267399
-0.280667
-0.172679
-0.288231
-0.294436
-0.21853
-0.300831
-0.1644
-0.372951
-0.877858
-0.206789
-0.136192
-0.122178
-0.364241
0.14236
-0.356913
-0.736734
-0.318364
-0.248826
-0.390225
-0.163695
-0.20072
-0.276064
-0.358477
-0.382583
-0.399419
