0
0.000732888
0.000590099
0.000146473
0.0349045
-0.000401783
0.00817878
0.0226746
0.0303443
0.0436979
0.0547741
0.0647764
0.066631
0.0681915
0.069635
0.0710581
0.0718157
0.0602034
0.0316467
0.0162812
0.0632673
0.0177904
-0.00269679
-0.0144429
-0.0266237
-0.0389624
-0.0513425
-0.0637177
-0.0760675
-0.0883375
-0.10382
-0.112568
-0.122552
-0.133055
-0.14355
-0.154106
-0.164768
-0.175539
-0.186463
-0.197759
-0.182854
-0.171544
-0.160525
-0.149441
-0.138294
-0.127084
-0.115823
-0.104488
-0.0943367
-0.0840467
-0.0736087
-0.0655539
-0.0513124
-0.0389411
-0.0275233
-0.0165751
-0.00583596
0.00485031
0.015643
0.019702
0.0235817
0.0274483
0.0313058
0.0351565
0.03506
0.0433883
0.0473606
0.05134
0.0553293
0.0593305
0.0633448
0.0673732
0.0714164
0.0754751
0.0795495
0.0836401
0.0877468
0.0919116
0.0961662
0.101511
0.10606
0.110492
0.117013
0.12241
0.113048
0.109306
0.10588
0.102148
0.0982359
0.094201
0.0900678
0.0858446
0.0815348
0.077139
0.0726516
0.0680663
0.0633768
0.058666
0.0726968
0.0831624
0.0934989
0.0920548
0.091932
0.0925017
0.0857349
0.0790855
0.0725979
0.0662576
0.0600295
0.0538851
0.0478037
0.0417774
0.0359126
0.0299797
0.0240587
0.0181659
0.0123117
0.00650362
0.000747424
-0.00495331
-0.0105969
-0.016184
-0.0217356
-0.0273093
-0.0328429
-0.0383423
-0.043816
-0.0492741
-0.054705
-0.0597941
-0.0650156
-0.0708769
-0.0786323
-0.0835164
-0.0735102
-0.0694897
-0.0679647
-0.0662501
-0.0656441
-0.0644507
-0.0622297
-0.059491
-0.0564783
-0.0516666
-0.0775771
-0.0873474
-0.0908028
-0.095185
-0.102296
-0.109612
-0.112814
-0.10903
-0.0912437
-0.0739089
-0.0621312
-0.0549287
-0.0491748
-0.0435856
-0.0373259
-0.0311759
-0.0258143
-0.0209745
-0.0166183
-0.0124876
-0.00846598
-0.00461495
-0.000517198
0.00403745
0.00871982
0.0133967
0.0180349
0.0226456
0.0272544
0.0318878
0.0365686
0.0413155
0.0461439
0.0510672
0.0560974
0.0612462
0.0665375
0.0724018
0.0789862
0.0842147
0.0888241
0.0931517
0.0973439
0.10146
0.105524
0.109544
0.113527
0.117476
0.121395
0.125288
0.129158
0.133008
0.136841
0.140661
0.144471
0.148277
0.152088
0.164712
0.148983
0.148668
0.141845
0.146724
0.153565
0.161168
0.166353
0.179799
0.179611
0.206105
0.217054
0.22645
0.234454
0.23248
0.253861
0.215652
0.234353
0.236139
0.235059
0.234978
0.234894
0.346183
0.383692
0.407341
0.420126
0.444198
0.467812
0.499308
0.508381
0.519979
0.525755
0.527354
0.518768
0.508429
0.498408
0.492541
0.490561
0.491045
0.491172
0.488963
0.485643
0.481195
0.475684
0.469398
0.46267
0.455797
0.449
0.442419
0.436123
0.432542
0.432854
0.434527
0.435706
0.436007
0.519457
0.560291
0.572294
0.570916
0.570275
0.579218
0.579121
0.566307
0.554803
0.544146
0.532995
0.57237
0.571616
0.57246
0.574981
0.565196
0.549364
0.549168
0.535643
0.533198
0.531082
0.528511
0.525818
0.528311
0.536779
0.538242
0.537205
0.553706
0.552097
0.550934
0.553638
0.551479
0.554919
0.555775
0.501593
0.47926
0.475946
0.472017
0.470711
0.464214
0.46476
0.415763
0.374455
0.357222
0.355541
0.343331
0.34131
0.350664
0.359405
0.343509
0.334028
