4.13575e-05
7.54054e-05
0.000102582
0.000123341
0.000140933
0.000152987
0.000160696
0.000165691
0.000169023
0.00017216
0.000176343
0.000182685
0.000191621
0.00020354
0.000218805
0.000237753
0.000260648
0.000286761
0.000314055
0.000341592
0.000373346
0.000405873
0.000437806
0.000468503
0.000497296
0.000523517
0.000546504
0.000565604
0.000580175
0.000595997
0.000598875
0.000595397
0.000585703
0.000569867
0.00054794
0.000519944
0.000485866
0.000445666
0.000399269
0.000346549
0.000289418
0.000229404
0.000167922
0.000106312
4.58349e-05
-1.23242e-05
-6.70537e-05
-0.000117313
-0.00016223
-0.000200992
-4.78918e-05
9.36949e-05
0.000224888
0.000346603
0.000459635
0.0005647
0.00066246
0.00075354
0.00083854
0.000917503
0.000990453
0.00105741
0.00111838
0.00117339
0.00122215
0.00126502
0.00130203
0.00133322
0.00135861
0.00137825
0.0013922
0.0014005
0.00140322
0.00140044
0.00139223
0.00137871
0.00135996
0.00133612
0.00130733
0.00128022
0.00124164
0.00119871
0.00115235
0.00110341
0.00105158
0.000997019
0.000939963
0.000880635
0.000819273
0.000756136
0.000691502
0.000625673
0.000558975
0.000491755
0.000424382
0.000357252
0.00029078
0.000225416
0.000163108
0.000105501
0.000239163
0.000360855
0.000471496
0.000572017
0.000662769
0.000744113
0.000816419
0.000880067
0.000935437
0.000982907
0.00102285
0.00105563
0.00108161
0.00110114
0.00111453
0.00112212
0.00112419
0.00112103
0.00111293
0.00110012
0.00108287
0.0010614
0.00103594
0.00100668
0.000973808
0.000937505
0.000897933
0.000855244
0.000809581
0.000767515
0.00071586
0.00066157
0.000605052
0.000546872
0.000488684
0.000431569
0.000376325
0.000323679
0.000274186
0.000228373
0.00018678
0.000149915
0.000118244
9.23372e-05
7.02407e-05
5.13213e-05
3.54259e-05
2.22968e-05
1.14425e-05
2.33319e-06
0.000179705
0.000340018
0.000484875
0.000615803
0.000733858
0.000839717
0.000933938
0.00101706
0.00108966
0.00115231
0.00120549
0.00124965
0.00128519
0.00131247
0.00133186
0.00134368
0.00134827
0.001346
0.00133724
0.00132232
0.00130157
0.00127529
0.00124379
0.00120734
0.0011662
0.00112061
0.00107083
0.00101706
0.000959535
0.00090486
0.00083992
0.000771913
0.000701773
0.000630336
0.000558393
0.000486716
0.000416068
0.000347206
0.000280883
0.000217844
0.000158831
0.000104575
5.58007e-05
1.32255e-05
-2.24431e-05
-5.05061e-05
-7.02734e-05
-8.10642e-05
-8.22063e-05
-7.30359e-05
0.000132058
0.000330535
0.000521626
0.000705843
0.000883126
0.00105438
0.0012206
0.00138286
0.00154194
0.0016993
0.00185528
0.00201223
0.00217124
0.0023332
0.00249885
0.00266824
0.00284305
0.00302049
0.00320193
0.00338748
0.0035771
0.00377079
0.00396853
0.00417905
0.004405
0.00464784
0.00490804
0.00518685
0.0054854
0.00581166
0.00615198
0.00651328
0.00689563
0.00729865
0.00772115
0.0081618
0.0086193
0.00909266
0.00958122
0.0100845
0.0106019
0.0111327
0.0116762
0.0122314
0.0127974
0.0133731
0.0139574
0.0145495
0.0151482
0.0157525
0.0165467
0.0173261
0.0180907
0.0188402
0.0195747
0.0202941
0.0210049
0.0217101
0.0224102
0.0231049
0.0237936
0.0244769
0.0251544
0.0258247
0.0264868
0.0271396
0.0277821
0.0284174
0.0290452
0.0296653
0.0302779
0.0308818
0.0314758
0.0320599
0.0326328
0.0331943
0.0337444
0.0342829
0.0348096
0.0353312
0.0358351
0.0363284
0.0368119
0.0372876
0.0377561
0.0382179
0.0386745
0.0391265
0.039575
0.0400207
0.0404603
0.0408927
0.0413188
0.0417391
0.0421547
0.0425658
0.0429736
0.0433756
0.0437699
0.0441563
0.0447211
0.0452614
0.0457789
0.0462752
0.0467522
0.0472106
0.0476514
