0.0113521
0.0113372
0.0113245
0.0113218
0.00932864
0.00744875
0.00592519
0.00473502
0.00384523
0.0031992
0.00278102
0.00246705
0.00199386
0.00141099
0.000744121
6.11505e-06
-0.000795918
-0.00165833
-0.0025851
-0.00357961
-0.00464424
-0.00577297
-0.00696627
-0.00822493
-0.00954989
-0.0109422
-0.0124032
-0.0139345
-0.0152976
-0.0165918
-0.0178249
-0.0190037
-0.0201326
-0.0212148
-0.0222394
-0.0232056
-0.0241131
-0.0249617
-0.0256982
-0.026395
-0.027036
-0.0276137
-0.0281301
-0.0285862
-0.0289824
-0.0293191
-0.0295961
-0.0298139
-0.0299724
-0.0300718
-0.030112
-0.0301126
-0.0299771
-0.0297586
-0.0294794
-0.0291474
-0.0287596
-0.0283209
-0.0278305
-0.0272869
-0.0266894
-0.0260369
-0.0253286
-0.0245638
-0.0237416
-0.0228615
-0.0219226
-0.0209243
-0.0198657
-0.0187461
-0.0175647
-0.0163206
-0.0150129
-0.0137052
-0.0122696
-0.0109047
-0.00958244
-0.00827028
-0.0069631
-0.00565597
-0.00434333
-0.00311641
-0.00191225
-0.00075653
0.000259015
0.00120562
0.00207569
0.002887
0.00363994
0.00433461
0.00497138
0.00555074
0.00607313
0.00653899
0.00694872
0.00730287
0.00755378
0.00776647
0.00794107
0.00807776
0.00817665
0.0082171
0.00825756
0.00842061
0.00852711
0.00862848
0.00872318
0.00881183
0.00889548
0.00897275
0.00904077
0.00909996
0.00915049
0.00919233
0.0092253
0.00924912
0.00926348
0.00926802
0.00926237
0.00924614
0.00921893
0.00918031
0.0091298
0.00906685
0.00899076
0.00890013
0.00891798
0.0090195
0.00920511
0.0094761
0.00983233
0.0102467
0.0108204
0.0115085
0.0122886
0.0131545
0.0139372
0.0146644
0.0153381
0.0159629
0.0165372
0.017063
0.017542
0.0179725
0.0183575
0.0186996
0.0189984
0.0192956
0.0195876
0.0198399
0.020202
0.0208542
0.0216846
0.0225864
0.0235193
0.0244759
0.0253673
0.0261985
0.0269731
0.0276944
0.0283648
0.0289866
0.0295746
0.0301299
0.0306534
0.031146
0.0316081
0.0320402
0.0324427
0.0328155
0.03331
0.0339075
0.0346068
0.0354026
0.0362666
0.0372028
0.0382148
0.0393079
0.0403641
0.0413859
0.0424075
0.0433193
0.0443077
0.0453468
0.0463281
0.0473094
0.0482745
0.0492729
0.0503445
0.0514491
0.0526041
0.0537571
0.0549329
0.0561328
0.0573265
0.0585562
0.0597867
0.0610459
0.0623186
0.0636059
0.0649076
0.0666235
0.0685903
0.070708
0.0727955
0.074695
0.0764497
0.0780853
0.0796174
0.081056
0.0824076
0.0836774
0.0848689
0.0859846
0.0870264
0.0879959
0.0888945
0.0897934
0.0908116
0.0919307
0.0931451
0.0944515
0.0958341
0.0972772
0.0987711
0.100308
0.101881
0.103486
0.105119
0.106776
0.108409
0.109885
0.111419
0.11299
0.114491
0.116001
0.117537
0.119106
0.12077
0.122484
0.124218
0.125975
0.127768
0.129539
0.131292
0.133025
0.134802
0.136501
0.1382
0.139853
0.141502
0.143005
0.144935
0.147156
0.149482
0.151904
0.154022
0.155905
0.157623
0.159208
0.160705
0.162164
0.163641
0.165133
0.166637
0.168153
0.16968
0.17122
0.172771
0.174336
0.175914
0.177505
0.179111
0.180732
0.182367
0.184018
0.185683
0.187363
0.189058
0.190768
0.192491
0.194123
0.19585
0.197636
0.199458
0.201205
0.202941
0.204652
0.206337
0.208004
0.209643
0.211239
0.212816
0.214529
0.216243
0.218098
0.220006
0.221911
0.223799
0.225668
0.227513
0.229188
0.231284
0.233768
0.236397
0.239145
0.241989
0.244853
0.247329
0.249506
0.251508
0.253371
0.255115
0.256746
0.258297
0.259821
0.26132
0.262795
0.264248
0.265679
0.267091
0.268484
0.26986
0.271219
0.272562
0.273889
0.275202
0.2765
0.277782
0.279045
0.280433
0.281836
0.283422
0.285166
0.28706
0.288955
0.290919
0.292902
0.294888
0.296917
0.298951
0.300977
0.302998
0.305014
0.307022
0.30902
0.311005
0.312974
0.314925
0.31686
0.318764
0.320365
0.322429
0.324831
0.327371
0.330042
0.332733
0.33507
0.337201
0.339191
0.341073
0.34286
0.34456
0.346177
0.347726
0.349273
0.350822
0.352372
0.353926
0.355483
0.357045
0.358612
0.360186
0.361765
0.363351
0.364943
0.366541
0.368142
0.369747
0.371349
0.372941
0.374551
0.376332
0.378104
0.38001
0.382025
0.38412
0.386315
0.3884
0.390439
0.392414
0.394475
0.396611
0.398861
0.401006
0.403057
0.405078
0.407056
0.408977
0.410825
0.412673
0.414431
0.416603
0.41912
0.421721
0.424391
0.427113
0.429883
0.432201
0.434181
0.435979
0.437636
0.439165
0.440622
0.442091
0.443574
0.445073
0.446588
0.448121
0.449673
0.451245
0.452838
0.454453
0.456091
0.457753
0.459439
0.46115
0.462886
0.464647
0.466433
0.468245
0.469954
0.471728
0.473563
0.47545
0.477233
0.478988
0.4807
0.48236
0.483965
0.485509
0.487191
0.488872
0.490756
0.492756
0.494815
0.496911
0.498986
0.501023
0.503014
0.504952
0.506881
0.50918
0.511682
0.514299
0.517
0.519363
0.521512
0.523506
0.525376
0.527135
0.528793
0.530356
0.531847
0.533283
0.534664
0.535994
0.537273
0.538503
0.539686
0.540822
0.541911
0.543098
0.544357
0.545688
0.547093
0.54857
0.550123
0.551752
0.553459
0.555245
0.557037
0.55901
0.561133
0.563257
0.565171
0.567117
0.569068
0.571104
0.573213
0.575336
0.577475
0.579624
0.581773
0.583913
0.586036
0.588136
0.590205
0.592237
0.594224
0.59617
0.597615
0.599575
0.601891
0.604503
0.607414
0.610525
0.613825
0.616753
0.619367
0.621793
0.624084
0.626266
0.628347
0.630333
0.632227
0.634032
0.635749
0.637467
0.639038
0.640595
0.642139
0.643671
0.645193
0.646706
0.648211
0.64971
0.651203
0.652691
0.654175
0.655654
0.656999
0.658381
0.659794
0.661002
0.662186
0.663314
0.664367
0.665337
0.666527
0.667834
0.669254
0.670783
0.672418
0.674156
0.675998
0.677942
0.679984
0.682094
0.684202
0.686347
0.688629
0.691254
0.694164
0.697154
0.700083
0.702979
0.705858
0.708575
0.711166
0.71364
0.715995
0.718263
0.72043
0.722501
0.724479
0.726368
0.728169
0.729886
0.73152
0.733077
0.734557
0.735963
0.737296
0.738558
0.739749
0.740872
0.741927
0.742916
0.743837
0.744759
0.745855
0.74714
0.748629
0.749894
0.751051
0.752177
0.753305
0.754626
0.756031
0.757526
0.759117
0.760806
0.76259
0.764438
0.766346
0.768295
0.770275
0.772267
0.774272
0.776273
0.778618
0.781273
0.78411
0.787102
0.790126
0.792973
0.795693
0.798312
0.800881
0.803415
0.805946
0.808349
0.810642
0.812828
0.814911
0.816902
0.818796
0.820595
0.822303
0.824011
0.825594
0.827129
0.828639
0.830153
0.831672
0.833195
0.834724
0.836259
0.837801
0.839348
0.840772
0.841674
0.842537
0.843477
0.844416
0.845311
0.846238
0.847186
0.848152
0.84913
0.850121
0.851121
0.85213
0.853147
0.854171
0.855201
0.856231
0.857478
0.858848
0.860288
