0.0113521
0.0721993
0.020656
-0.0119507
1.42171
-0.0783791
-0.249862
-0.236175
-0.213639
-0.173377
-0.162222
-0.0729964
0.117242
0.0807908
0.0615332
0.0514657
0.0454708
0.0419061
0.0441246
0.0455442
0.0463338
0.040557
0.0397219
0.0390188
0.0383703
0.0377537
0.037193
0.0368696
-0.13595
-0.0663462
-0.0619605
-0.0582384
-0.0562637
-0.0549436
-0.0639733
-0.0655091
-0.066762
-0.0675742
-0.106171
-0.0552044
-0.0674853
-0.0734474
-0.0726398
-0.0723222
-0.072302
-0.0725388
-0.072719
-0.0727912
-0.0728553
-0.0729041
-0.0729342
-0.0588118
-0.128279
-0.0895919
-0.07339
-0.0674456
-0.0691817
-0.0651883
-0.0654518
-0.0657152
-0.0658541
-0.0658516
-0.0657253
-0.0654986
-0.0651913
-0.0648185
-0.0643905
-0.0639139
-0.0633933
-0.0628312
-0.0622298
-0.0615902
-0.0609142
-0.0119838
-0.106277
0.0405178
0.0213653
-0.000888988
-0.00325723
-0.00549977
-0.00817928
0.0587837
0.0136907
0.0339707
0.101122
0.0513064
0.0575976
0.0454642
0.0459045
0.046532
0.0468774
0.0471114
0.0472998
0.0474572
0.0475701
0.0475186
0.0823667
0.0354093
0.03547
0.0354866
0.0354827
0.0504486
0.00732094
-0.0788102
0.04935
0.0123739
0.0135433
0.0131517
0.0124845
0.0135449
0.015706
0.0154656
0.0153901
0.0154675
0.0156402
0.0158658
0.0161192
0.0163845
0.0166539
0.0169238
0.0171963
0.017478
0.0177785
0.0181151
0.0185483
0.0194865
-0.0694408
-0.051372
-0.0515019
-0.0521635
-0.0516915
-0.0316548
-0.10496
-0.0714614
-0.0544778
-0.0489192
0.0739996
0.0548751
0.0540361
0.051351
0.053088
0.0520991
0.0514856
0.0530385
0.0513052
0.0497328
0.0502773
0.020539
0.0233269
0.0484665
-0.0591422
-0.189101
-0.105711
-0.0278984
0.00139513
0.00738009
0.0724801
0.0695561
0.0676627
0.0660535
0.0648595
0.0639021
0.0538318
0.0535292
0.0534188
0.053404
0.0534574
0.0535723
0.0537681
0.0542647
-0.0548292
-0.0406846
-0.0390127
-0.0343666
-0.0129982
-0.0150269
-0.0164397
-0.0191856
0.0671651
0.0664579
0.0427511
0.123609
-0.0118902
0.00838897
0.0880646
0.0471653
0.0599904
0.0250539
-0.00259255
0.0275066
0.0161561
0.0551911
0.0384668
0.0386833
0.0617985
0.0324799
0.0592195
0.0403153
0.0524508
0.0531736
0.0544236
-0.233014
-0.109676
-0.0349193
0.0963858
0.210583
0.18082
0.163709
0.153827
0.148084
0.144756
0.14224
0.140905
0.140303
0.139979
0.139833
0.139828
0.0881122
0.00525947
0.018669
0.0240653
0.0277614
0.0406399
0.0536341
0.0621469
0.0693961
0.0755639
0.0808513
0.0854452
0.0895076
0.126181
0.224504
0.0688809
0.0856962
0.164307
0.110094
0.0985924
0.0950395
0.0523247
0.0857449
0.109898
0.109301
0.102232
0.14469
0.145318
0.146326
0.103361
0.193141
0.138271
0.172991
0.145025
0.247589
-0.161359
-0.0598975
0.0763318
0.0848579
0.372169
0.324255
0.276487
0.254807
0.224021
0.188831
0.149583
0.153865
0.157598
0.159303
0.160855
0.162262
0.163571
0.164833
0.166096
0.167395
0.168754
0.170179
0.171681
0.173267
0.174944
0.176719
0.178597
0.180588
0.182813
0.261885
0.125731
0.154921
0.173033
0.255217
0.211209
0.222148
0.225382
0.221003
0.230151
0.242418
0.226623
0.115241
0.215852
0.116161
0.181723
0.22423
0.235559
0.239963
0.24479
0.351369
-0.0704886
-0.0432661
0.134641
0.154589
0.174775
0.230633
0.525023
0.463565
0.3777
0.35203
0.341536
0.337452
0.315609
0.278682
0.279052
0.279577
0.28012
0.280668
0.281235
0.281838
0.282497
0.283232
0.284063
0.285021
0.286151
0.287545
0.289439
0.29296
0.190675
0.272262
0.150708
0.169889
0.177821
0.287531
0.242528
0.278123
0.293583
0.265159
0.295933
0.306217
0.30694
0.308531
0.312717
0.31623
0.320357
0.32499
0.327335
0.329119
0.340903
0.539207
-0.00998613
0.0839816
0.230527
0.237779
0.318513
0.588629
0.485518
0.439235
0.419017
0.41053
0.407174
0.40555
0.397158
0.349125
0.349841
0.350645
0.351512
0.352449
0.353471
0.354598
0.355848
0.357245
0.358819
0.360615
0.3627
0.365193
0.368336
0.372748
0.381318
0.362204
0.252424
0.383949
0.282552
0.303085
0.32682
0.313544
0.468072
0.423271
0.438597
0.333285
0.341538
0.316117
0.477994
0.469871
0.427544
0.438291
0.449807
0.46373
0.412525
0.479481
0.120144
0.172572
0.363914
0.377774
0.390928
0.395594
0.755617
0.677175
0.565805
0.539625
0.530055
0.49282
0.432319
0.43265
0.433337
0.434113
0.434903
0.435708
0.436547
0.437446
0.438422
0.439492
0.440669
0.441963
0.443385
0.444945
0.446653
0.448489
0.450486
0.5459
0.423619
0.429246
0.436873
0.552713
0.499317
0.511829
0.519406
0.524571
0.52871
0.388237
0.488078
0.345051
0.408835
0.451253
0.471322
0.513186
0.52919
0.536024
0.542725
0.513948
0.244406
0.369158
0.433454
0.458995
0.761839
0.675053
0.634122
0.614902
0.605891
0.601628
0.598953
0.582425
0.573396
0.573215
0.573214
0.573318
0.573518
0.573843
0.574403
0.575861
0.472633
0.491719
0.493387
0.494609
0.49551
0.496232
0.496832
0.497574
0.498392
0.553495
0.427762
0.451486
0.562631
0.716911
0.544687
0.564447
0.510426
0.520152
0.564926
0.566142
0.572393
0.581575
0.590317
0.598212
0.605392
0.612086
0.619687
0.626015
0.626677
0.95889
0.230137
0.347713
0.393967
0.393498
0.466957
0.477915
0.882541
0.844593
0.75614
0.720147
0.705537
0.700146
0.698507
0.698241
0.698355
0.698472
0.637124
0.744559
0.650993
0.651433
0.651947
0.652518
0.65316
0.653883
0.654698
0.655611
0.656632
0.657772
0.659098
0.755902
0.630804
0.636974
0.808804
0.679428
0.704209
0.717662
0.725485
0.507949
0.582947
0.587486
0.592109
0.595843
0.598906
0.60148
0.603922
0.608898
0.632733
0.686149
0.659226
0.58926
0.446995
0.492574
0.640959
0.743611
0.726749
0.717289
0.824486
0.801553
0.797987
0.801372
0.780941
0.792397
0.791739
0.791317
0.791047
0.790878
0.790777
0.790725
0.789481
0.789618
0.789777
0.789972
0.790205
0.79048
0.790801
0.791174
0.791611
0.792139
0.743369
0.621972
0.610277
0.603267
0.911346
0.828493
0.775243
0.751159
0.615788
0.694634
0.692328
0.689165
0.690499
0.693775
0.717469
0.723582
0.738489
0.747519
0.763309
0.765456
0.779005
0.529598
0.561161
0.656881
0.678449
0.768064
0.92063
0.885155
0.870526
0.837051
0.826559
0.808609
0.898794
0.890336
0.889602
0.889301
0.882554
0.88869
0.888555
0.888433
0.823919
0.915882
0.862145
0.845771
0.827787
0.828722
0.82978
0.83095
0.832237
0.833652
0.835354
0.931765
1.22048
0.869763
0.786034
0.844755
0.876974
0.822921
0.831444
0.836004
0.839249
0.841743
0.84383
0.845688
0.847414
0.849058
0.850649
0.854194
0.703164
0.769952
0.809081
