-9.85923e-07
-7.79853e-06
-2.58234e-05
-5.99385e-05
-0.00011454
-0.000193568
-0.000300528
-0.000438514
-0.00061023
-0.000818009
-0.00106383
-0.00134934
-0.00167587
-0.00204444
-0.00245579
-0.00291038
-0.00340843
-0.00394987
-0.00453444
-0.00516161
-0.00583068
-0.0065407
-0.00729054
-0.00807889
-0.00890424
-0.00976492
-0.0106591
-0.0115847
-0.0125396
-0.0135215
-0.0145277
-0.0155557
-0.0166028
-0.017666
-0.0187425
-0.0198291
-0.0209227
-0.0220199
-0.0231173
-0.0242117
-0.0252993
-0.0263767
-0.0274404
-0.0284869
-0.0295125
-0.0305139
-0.0314875
-0.0324297
-0.0333367
-0.0342045
-0.0350289
-0.0358059
-0.0365318
-0.0372036
-0.0378183
-0.0383735
-0.0388669
-0.0392966
-0.0396609
-0.0399586
-0.0401884
-0.0403495
-0.0404413
-0.0404632
-0.040415
-0.0402967
-0.0401085
-0.0398507
-0.0395237
-0.0391283
-0.0386653
-0.0381358
-0.0375409
-0.0368821
-0.0361608
-0.0353788
-0.0345381
-0.0336406
-0.0326886
-0.0316843
-0.0306291
-0.0295267
-0.0283814
-0.0271976
-0.0259799
-0.0247329
-0.0234615
-0.0221705
-0.0208651
-0.0195505
-0.0182321
-0.0169155
-0.0156062
-0.01431
-0.0130325
-0.01178
-0.0105587
-0.00937485
-0.00823527
-0.00714682
-0.00611562
-0.00514387
-0.00423263
-0.00338277
-0.00259496
-0.00186972
-0.00120739
-0.000608168
-7.21164e-05
0.000400837
0.000810882
0.00115832
0.00144353
0.00166702
0.00182935
0.00193113
0.00197307
0.00195588
0.00188032
0.00174716
0.00155716
0.00131103
0.00100946
0.000653041
0.000242312
-0.000222294
-0.000740447
-0.00131193
-0.00193665
-0.0026147
-0.00334539
-0.00412388
-0.00494436
-0.0058011
-0.00668849
-0.00760101
-0.00853323
-0.00947983
-0.0104356
-0.0113953
-0.0123541
-0.0133068
-0.0142486
-0.0151747
-0.0160804
-0.016961
-0.0178119
-0.0186284
-0.019406
-0.0201401
-0.0208263
-0.0214622
-0.0220481
-0.0225847
-0.0230728
-0.0235131
-0.0239062
-0.0242527
-0.0245529
-0.0248074
-0.0250164
-0.0251803
-0.0252993
-0.0253736
-0.0254032
-0.0253882
-0.0253286
-0.0252243
-0.0250751
-0.0248809
-0.0246414
-0.0243562
-0.0240249
-0.0236472
-0.0232224
-0.02275
-0.0222294
-0.0216598
-0.0210404
-0.0203703
-0.01965
-0.0188845
-0.0180801
-0.0172426
-0.0163777
-0.0154907
-0.014587
-0.0136715
-0.012749
-0.0118242
-0.0109016
-0.00998559
-0.00908035
-0.00819
-0.00731851
-0.00646975
-0.0056475
-0.00485542
-0.00409713
-0.00337616
-0.00269575
-0.00205788
-0.00146322
-0.000912092
-0.000404695
5.88652e-05
0.000478577
0.000854514
0.00118683
0.00147575
0.00172156
0.00192462
0.00208531
0.00220407
0.00228139
0.00231774
0.0023136
0.00226947
0.0021858
0.00206299
0.00190143
0.00170142
0.00146318
0.00118683
0.000872379
0.000519698
0.000128516
-0.000301596
-0.000771215
-0.00128099
-0.00183065
-0.00241612
-0.00303248
-0.0036749
-0.0043387
-0.00501933
-0.00571233
-0.0064134
-0.00711834
-0.00782308
-0.00852367
-0.00921628
-0.00989719
-0.0105628
-0.0112096
-0.0118343
-0.0124334
-0.0130038
-0.0135422
-0.0140456
-0.0145106
-0.014934
-0.0153157
-0.0156562
-0.0159559
-0.0162153
-0.0164348
-0.0166146
-0.0167549
-0.0168561
-0.0169181
-0.0169412
-0.0169253
-0.0168704
-0.0167764
-0.0166433
-0.0164707
-0.0162586
-0.0160065
-0.0157142
-0.0153813
-0.0150072
-0.0145914
-0.0141335
-0.0136327
-0.0130883
-0.0124997
-0.011866
-0.0111863
-0.0104597
-0.0096866
-0.00887331
-0.00802707
-0.00715464
-0.00626231
-0.00535595
-0.00444102
-0.00352259
-0.00260537
-0.00169376
-0.000791813
9.67023e-05
0.000968306
0.0018198
0.00264823
0.00345093
0.00422541
0.00496945
0.00568101
0.00635824
0.00699928
0.00760174
0.00816332
0.00868205
0.00915624
0.00958449
0.00996566
0.0102988
0.0105834
0.0108189
0.011005
0.0111418
0.0112293
0.0112679
0.011258
0.0112002
0.0110952
0.0109438
0.010747
0.0105056
0.0102207
0.0098933
0.00952449
0.00911524
0.00866652
0.0081792
0.00765411
0.00709198
0.00649344
0.0058589
0.00518914
0.00448796
0.00375991
0.00300946
0.00224099
0.0014588
0.000667098
-0.000129987
-0.000928417
-0.00172425
-0.00251361
-0.00329274
-0.00405795
-0.00480565
-0.00553232
-0.00623452
-0.00690888
-0.00755204
-0.00816071
-0.00873159
-0.00926175
-0.00974991
-0.0101964
-0.0106019
-0.0109669
-0.0112919
-0.0115774
-0.0118238
-0.0120314
-0.0122005
-0.0123313
-0.0124241
-0.0124788
-0.0124957
-0.0124748
-0.0124159
-0.0123191
-0.0121842
-0.012011
-0.0117993
-0.0115488
-0.011259
-0.0109298
-0.0105605
-0.0101506
-0.00969969
-0.00920704
-0.00867198
-0.00809378
-0.00747164
-0.00680586
-0.0061013
-0.00536369
-0.0045985
-0.00381092
-0.00300592
-0.00218823
-0.00136237
-0.000532683
0.000296654
0.00112163
0.0019384
0.00274322
0.00353251
0.00430283
0.00505081
0.00577323
0.00646695
0.0071289
0.0077561
0.00834585
0.00889637
0.00940628
0.00987444
0.0102999
0.0106819
0.0110198
0.0113132
0.0115618
0.0117656
0.0119244
0.0120385
0.0121082
0.0121336
0.0121154
0.0120539
0.0119498
0.0118037
0.0116163
0.0113883
0.0111202
0.0108128
0.0104665
0.0100819
0.00965945
0.00919946
0.00870214
0.00816762
0.00759585
0.00698665
0.00634049
0.00566131
0.00495387
0.00422282
0.0034727
0.00270796
0.00193294
0.00115187
0.000368867
-0.000412046
-0.00118696
-0.00195206
-0.00270366
-0.00343815
-0.00415204
-0.00484192
-0.00550443
-0.00613632
-0.00673434
-0.0072953
-0.00781648
-0.00829727
-0.00873816
-0.00913976
-0.00950261
-0.00982724
-0.0101141
-0.0103635
-0.0105759
-0.0107516
-0.0108907
-0.0109935
-0.0110602
-0.0110907
-0.0110852
-0.0110437
-0.0109661
-0.0108522
-0.010702
-0.0105152
-0.0102915
-0.0100308
-0.00973247
-0.00939627
-0.00902167
-0.00860818
-0.00815522
-0.00766216
-0.00712832
-0.00655296
-0.00593628
-0.00528238
-0.00459615
-0.00388235
-0.00314556
-0.0023902
-0.0016206
-0.000840951
-5.53563e-05
0.000732172
0.0015177
0.00229736
0.00306735
0.00382394
0.00456344
0.00528223
0.00597672
0.00664334
0.00727856
0.00787885
0.00844111
0.00896391
0.00944639
0.00988782
0.0102877
0.0106454
0.0109609
0.0112338
0.0114642
0.011652
0.0117974
0.0119006
0.0119618
0.0119815
0.0119601
0.011898
0.0117957
0.0116537
0.0114725
0.0112525
0.0109942
0.0106981
0.0103643
0.00999307
0.00958464
0.00913896
0.00865594
0.00813532
0.00757671
0.00697953
0.00634405
0.00567431
0.00497521
0.00425154
0.00350798
0.00274909
0.00197929
0.00120291
0.000424146
-0.000352913
-0.0011243
-0.00188617
-0.00263478
-0.00336651
-0.00407785
-0.00476536
-0.00542572
-0.00605564
-0.00665192
-0.00721138
-0.00773146
-0.00821201
-0.00865365
-0.009057
-0.0094226
-0.00975097
-0.0100426
-0.0102978
-0.0105169
-0.0107004
-0.0108484
-0.0109611
-0.0110387
-0.0110813
-0.011089
-0.0110617
-0.0109995
-0.0109022
-0.0107697
-0.0106019
-0.0103984
-0.010159
-0.00988347
-0.0095713
-0.0092221
-0.00883538
-0.00841062
-0.00794723
-0.00744456
-0.00690192
-0.00631941
-0.00570041
-0.0050491
-0.00436957
-0.00366585
-0.00294194
-0.00220178
-0.00144931
-0.000688426
7.69243e-05
0.000842802
0.00160526
0.00236032
0.00310404
0.00383243
0.0045415
0.00522722
0.00588556
0.00651243
0.0071037
0.00765579
0.00816763
0.00863885
0.00906917
0.00945844
0.00980657
0.0101136
0.0103795
0.0106045
0.0107889
0.0109328
0.0110366
0.0111007
0.0111254
0.0111111
0.0110583
0.0109674
0.0108388
0.0106727
0.0104696
0.0102296
0.00995298
0.00963976
0.00928988
0.00890313
0.00847915
0.00801741
0.00751728
0.00697807
0.00639903
0.00578038
0.00512632
0.00444192
0.00373214
0.0030018
0.00225555
0.00149795
0.000733397
-3.3845e-05
-0.000799641
-0.00155999
-0.00231102
-0.00304899
-0.00377028
-0.0044714
-0.00514896
-0.00579968
-0.00642033
-0.00700778
-0.00755894
-0.00807134
