-0.00652898
-0.00652619
-0.00652515
-0.00652707
-0.00617775
-0.0061819
-0.00609923
-0.00587184
-0.00556514
-0.0051225
-0.00456849
-0.00391286
-0.0032375
-0.00254609
-0.00183984
-0.00111897
-0.000393375
0.000225249
0.000607056
0.000817618
0.000914682
0.000896341
0.000757559
0.0004966
0.000113105
-0.000392759
-0.00102065
-0.00177008
-0.00268113
-0.00370993
-0.00485572
-0.00609964
-0.00745449
-0.00892579
-0.0105133
-0.0122188
-0.014044
-0.0159912
-0.0177873
-0.0194681
-0.0210362
-0.0224927
-0.0238374
-0.02507
-0.0261905
-0.0272231
-0.0281669
-0.0290211
-0.0297846
-0.0304565
-0.0310357
-0.0315417
-0.0319181
-0.0321826
-0.0323439
-0.0324057
-0.0324248
-0.0324031
-0.0323406
-0.0322372
-0.0320928
-0.031907
-0.0316796
-0.0314103
-0.0310987
-0.0307446
-0.0303478
-0.029908
-0.0294249
-0.0288984
-0.0283283
-0.0277144
-0.0270564
-0.0263986
-0.0256491
-0.0248482
-0.0240001
-0.0231072
-0.0221692
-0.021186
-0.0201574
-0.0190684
-0.0179104
-0.0166949
-0.0155756
-0.0145253
-0.0135588
-0.0126473
-0.0117928
-0.0109978
-0.0102647
-0.00959574
-0.00899323
-0.00845952
-0.00799734
-0.0076116
-0.00707424
-0.00642829
-0.0056753
-0.00481689
-0.00385471
-0.00292738
-0.00199963
-0.00109156
-0.00024445
0.000548947
0.00129086
0.00198288
0.00262617
0.0032161
0.00374487
0.00421372
0.00462386
0.00497631
0.005272
0.00551184
0.0056967
0.00582748
0.00590508
0.00593041
0.00590439
0.00582794
0.00570193
0.00552727
0.00530493
0.00503741
0.00464342
0.00412863
0.00352719
0.00287304
0.00216675
0.00139854
0.000547804
-0.000361191
-0.00131986
-0.00232269
-0.00337134
-0.00445994
-0.00558761
-0.00659672
-0.00752694
-0.00837496
-0.00913747
-0.00997941
-0.0108879
-0.0118301
-0.0128053
-0.0136569
-0.0143889
-0.0150021
-0.0157148
-0.016397
-0.0170192
-0.0175809
-0.0180801
-0.0185206
-0.0189304
-0.0192991
-0.0196279
-0.0199153
-0.020156
-0.0203461
-0.020491
-0.020593
-0.0206525
-0.0206695
-0.0206441
-0.0205765
-0.0204666
-0.0203148
-0.0200915
-0.019826
-0.0195147
-0.0191583
-0.0187557
-0.018307
-0.0178117
-0.0172702
-0.0166714
-0.0160227
-0.015374
-0.0146232
-0.0138091
-0.0129436
-0.0121194
-0.0113156
-0.010537
-0.00973001
-0.00885577
-0.00793934
-0.00698748
-0.00606078
-0.00513895
-0.00418316
-0.00325109
-0.00228614
-0.00138871
-0.000459451
0.000352382
0.00109338
0.00179112
0.00247276
0.00304022
0.0035662
0.0040492
0.00448911
0.0048887
0.00524996
0.00557431
0.00586272
0.00611559
0.00633404
0.00651857
0.00666958
0.00678746
0.00687254
0.00692511
0.00697771
0.00691113
0.00679571
0.00664179
0.00644937
0.0062184
0.00594957
0.00564283
0.00529805
0.00491501
0.00449331
0.00403242
0.0035317
0.00299096
0.00240316
0.00175694
0.00106605
0.000490634
-6.2724e-05
-0.000592155
-0.00111342
-0.00170848
-0.00230531
-0.00287243
-0.00354712
-0.00419066
-0.00489551
-0.00566833
-0.00652197
-0.00725861
-0.0078804
-0.0085022
-0.00903788
-0.00953693
-0.0101109
-0.0105992
-0.0110553
-0.011479
-0.0118684
-0.0121945
-0.0124711
-0.0127016
-0.0128879
-0.0130209
-0.0130745
-0.0130758
-0.0130431
-0.0129713
-0.0128602
-0.0127098
-0.0125197
-0.0122898
-0.0120198
-0.0117093
-0.0113579
-0.0109651
-0.0105304
-0.0100532
-0.00953296
-0.00896884
-0.00836012
-0.00770598
-0.00700551
-0.00625776
-0.00546745
-0.00462133
-0.00372892
-0.00279562
-0.00190581
-0.00103748
-0.000193814
0.000641413
0.00154116
0.00247011
0.00336912
0.00433557
0.00533452
0.00633347
0.00717409
0.00795681
0.00871019
0.00943364
0.0101244
0.0107804
0.011432
0.0120593
0.0126425
0.01319
0.0136968
0.0141612
0.0145796
0.0149346
0.0152558
0.0155223
0.0157358
0.0158971
0.0159868
0.0159906
0.0159435
0.0158448
0.0156958
0.0154975
0.0152511
0.0149577
0.0146185
0.0142347
0.0138075
0.0133378
0.0128268
0.0122755
0.0116849
0.0110558
0.0103902
0.00968243
0.00894719
0.00816155
0.00733545
0.00647447
0.00561348
0.00478759
0.0039915
0.00320538
0.00240353
0.00160218
0.000801004
5.96839e-06
-0.000773239
-0.00153435
-0.00227236
-0.00298371
-0.00366496
-0.00431279
-0.00492404
-0.0054956
-0.00611311
-0.00664713
-0.0071498
-0.00761917
-0.00805568
-0.00845702
-0.00881494
-0.00912495
-0.00938911
-0.00960991
-0.00978875
-0.00992643
-0.0100194
-0.0100145
-0.00997193
-0.00989213
-0.00977488
-0.00961992
-0.00942698
-0.00919578
-0.00892603
-0.00861738
-0.00826947
-0.00788188
-0.00745421
-0.006986
-0.00647686
-0.00592648
-0.0053349
-0.00470391
-0.0040098
-0.00326335
-0.00247143
-0.00164199
-0.000775944
0.000125214
0.00105934
0.00188772
0.00261811
0.00324512
0.00398893
0.00480837
0.00565646
0.0064378
0.00718901
0.00790941
0.00859862
0.00925632
0.00988225
0.0105082
0.0111106
0.0116853
0.0122313
0.0127485
0.0132351
0.0136911
0.0141159
0.0144598
0.0147734
0.0150358
0.0152461
0.0153852
0.0154072
0.0153852
0.0153204
0.0152133
0.0150644
0.0148742
0.0146433
0.0143724
0.014062
0.0137128
0.0133252
0.0128998
0.0124368
0.0119367
0.0113995
0.0108254
0.0102143
0.00956628
0.00888287
0.00814532
0.00736638
0.00655201
0.00580145
0.00507448
0.00437408
0.0037021
0.00305985
0.00244832
0.0017134
0.000978481
0.000205385
-0.000591286
-0.00132227
-0.00202225
-0.00269763
-0.00334209
-0.00394965
-0.00451762
-0.00522907
-0.00581225
-0.00631927
-0.00679151
-0.00722976
-0.00761912
-0.00796019
-0.00825696
-0.00851181
-0.00872618
-0.00890098
-0.00901045
-0.00908281
-0.00912245
-0.00913055
-0.00910746
-0.00905335
-0.00896838
-0.0088528
-0.00870699
-0.00853091
-0.00823191
-0.00789521
-0.00752137
-0.00710995
-0.00666048
-0.00617253
-0.00564716
-0.00508175
-0.00447577
-0.00383725
-0.003148
-0.00241605
-0.00168406
-0.00100529
-0.000355624
0.00027042
0.000970488
0.00172237
0.00250733
0.00329474
0.00407376
0.00484135
0.00559386
0.0063275
0.00703859
0.00772359
0.00837886
0.00900094
0.00958756
0.0101963
0.0107095
0.0111726
0.0115958
0.0119819
0.012332
0.0126461
0.0129659
0.0132316
0.0134481
0.0136183
0.0137435
0.0138246
0.0138626
0.0138589
0.0138173
0.0137444
0.0136716
0.0134605
0.0132083
0.0129169
0.0125871
0.0122194
0.0118141
0.0113714
0.0108913
0.0103738
0.00981852
0.00922514
0.00859304
0.007925
0.0072035
0.00643959
0.00571367
0.0050047
0.00431826
0.00365753
0.00302448
0.00225705
0.00145646
0.000628892
-0.000224946
-0.00110439
-0.00200888
-0.00293755
-0.00389034
-0.00486694
-0.00579416
-0.00660481
-0.00743036
-0.00812342
-0.00866372
-0.00907364
-0.00936682
-0.00955681
-0.00964276
-0.00962457
-0.00959112
-0.00950441
-0.00936066
-0.00912534
-0.00885954
-0.00856407
-0.00823878
-0.00788345
-0.00749783
-0.0070816
-0.0066344
-0.0061553
-0.0056444
-0.0051012
-0.00452515
-0.00391565
-0.0032721
-0.0025938
-0.00188006
-0.00113012
-0.000343174
0.000481604
0.00130627
0.00218927
0.0031191
0.00386725
0.00457344
0.0052688
0.00592803
0.0065374
0.00721082
0.00793463
0.00870635
0.00951723
0.0103603
0.0112312
0.0120766
0.012895
0.0136617
0.0143582
0.0150036
0.0155963
0.0161159
0.0165787
0.0169436
0.0171842
0.0173095
0.0173244
0.0172394
0.0170507
0.0167568
0.0163617
0.0158654
0.0152642
0.0146316
0.013936
0.0131755
0.0123471
0.0114884
0.0106
0.00968145
0.00873217
0.00778298
0.00677993
0.00575558
0.00469323
0.00359636
0.00246413
0.00129557
8.96555e-05
-0.00115472
-0.00243872
-0.00376351
-0.00512599
-0.00616074
-0.00717197
-0.008144
-0.00905081
-0.00987883
-0.0106103
-0.0112507
-0.0117976
-0.0122491
-0.0126039
-0.0128605
-0.0130177
-0.0130743
-0.0130292
-0.0128809
-0.0127327
-0.012753
-0.0129017
-0.0131439
