0.00428108
0.00816924
0.0116789
0.0148241
0.0176182
0.0200742
0.0222044
0.0240211
0.0255356
0.0267593
0.0277028
0.0283765
0.0287905
0.0289544
0.0288774
0.0285685
0.0280364
0.0272894
0.0263356
0.0251827
0.0238381
0.0223093
0.0206031
0.0187263
0.0166855
0.0144871
0.0121371
0.00964168
0.0070066
0.00411134
0.00124116
-0.00175432
-0.00486525
-0.0080818
-0.011394
-0.014792
-0.0182658
-0.0218052
-0.0254005
-0.0290418
-0.0327202
-0.0362934
-0.0399245
-0.0435201
-0.047084
-0.0506339
-0.0542052
-0.0578548
-0.0616599
-0.0657145
-0.0693999
-0.0727566
-0.0757964
-0.0785303
-0.0809694
-0.0831237
-0.0850034
-0.0866177
-0.0879756
-0.0890858
-0.0899563
-0.0905946
-0.0910078
-0.0912024
-0.0911843
-0.0909587
-0.0905303
-0.0899028
-0.0890793
-0.0880623
-0.0868534
-0.0854538
-0.0838644
-0.0820856
-0.0801182
-0.0779628
-0.0756203
-0.0730921
-0.0703798
-0.0689275
-0.0648183
-0.0605907
-0.0562431
-0.0517738
-0.0471811
-0.0424627
-0.0376168
-0.0326416
-0.0275362
-0.0223007
-0.0169378
-0.0116326
-0.00621313
-0.000680115
0.00496687
0.0107295
0.0166105
0.0226132
0.0287409
0.0349967
0.0369442
0.0386812
0.0402159
0.0415564
0.0427106
0.0436861
0.0444903
0.0451308
0.0456148
0.0459498
0.046143
0.0462021
0.0461348
0.0459492
0.0456541
0.0452586
0.0447727
0.0442075
0.0435748
0.0428887
0.0421729
0.0414384
0.0406959
0.0399558
0.0392282
0.0385222
0.0378462
0.0372079
0.0366139
0.0362578
0.0312435
0.026254
0.0212945
0.0163707
0.0114876
0.00665023
0.00186318
-0.00286955
-0.00754461
-0.0121594
-0.0167121
-0.0211992
-0.0256157
-0.0299654
-0.0342532
-0.0384851
-0.0426679
-0.0468092
-0.0509169
-0.0549991
-0.057679
-0.057679
-0.057679
-0.057679
-0.057679
-0.057679
-0.057679
-0.057679
-0.057679
-0.057679
-0.057679
-0.057679
-0.057679
-0.057679
-0.057679
-0.057679
-0.057679
-0.057679
-0.057679
-0.057679
-0.057679
-0.057679
-0.057679
-0.057679
-0.057679
-0.057679
-0.057679
-0.057679
-0.057679
-0.057679
-0.05228
-0.0470506
-0.0419803
-0.0370594
-0.0322787
-0.0276297
-0.0231051
-0.0186981
-0.0144031
-0.0102155
-0.00613166
-0.00215721
0.00171119
0.00547777
0.00914665
0.0127218
0.0162072
0.0196066
0.0229235
0.0261617
0.0282873
0.0292352
0.0300559
0.0307548
0.0313372
0.0318084
0.0321735
0.0324377
0.0326064
0.0326848
0.0326785
0.0325933
0.0324353
0.0322114
0.0319345
0.031616
0.0312646
0.0308895
0.0305007
0.0301087
0.0297244
0.0293612
0.0290324
0.0287508
0.0285266
0.0283693
0.0282878
0.0282873
0.0282873
0.0282873
0.024077
0.0199203
0.015822
0.0117871
0.00782036
0.00392658
0.000110051
-0.00362533
-0.0072763
-0.0108403
-0.0143155
-0.0176984
-0.020984
-0.0241762
-0.0272799
-0.0303013
-0.0332474
-0.0361258
-0.0389447
-0.0417127
-0.0451397
-0.0451397
-0.0451397
-0.0451397
-0.0451397
-0.0451397
-0.0451397
-0.0451397
-0.0451397
-0.0451397
-0.0451397
-0.0451397
-0.0451397
-0.0451397
-0.0451397
-0.0451397
-0.0451397
-0.0451397
-0.0451397
-0.0451397
-0.0451397
-0.0451397
-0.0451397
-0.0451397
-0.0451397
-0.0451397
-0.0451397
-0.0451397
-0.0451397
-0.0451397
-0.0387321
-0.0326677
-0.0269297
-0.0215018
-0.0163688
-0.0115163
-0.00693093
-0.00260051
0.00148605
0.00533864
0.00896596
0.0123715
0.0155586
0.0185357
0.0213113
0.0238931
0.026289
0.0285062
0.0305519
0.0324329
0.0349684
0.0372264
0.0392177
0.0409529
0.0424422
0.0436955
0.0447226
0.0455332
0.0461367
0.0465426
0.0467605
0.0467999
0.0466707
0.0463833
0.0459485
0.0453778
0.0446837
0.0438796
0.0429801
0.042001
0.0409588
0.0398829
0.0387877
0.0376858
0.0365892
0.035509
0.0344554
0.0334377
0.0324641
0.0319327
0.0279176
0.023927
0.019967
0.0160437
0.0121631
0.00833096
0.00455271
0.000833297
-0.00282296
-0.00641249
-0.00993256
-0.0133786
-0.0167448
-0.0200342
-0.0232508
-0.0264
-0.0294881
-0.0325221
-0.0355095
-0.0384581
-0.0398923
-0.0398923
-0.0398923
-0.0398923
-0.0398923
-0.0398923
-0.0398923
-0.0398923
-0.0398923
-0.0398923
-0.0398923
-0.0398923
-0.0398923
-0.0398923
-0.0398923
-0.0398923
-0.0398923
-0.0398923
-0.0398923
-0.0398923
-0.0398923
-0.0398923
-0.0398923
-0.0398923
-0.0398923
-0.0398923
-0.0398923
-0.0398923
-0.0398923
-0.0398923
-0.0348459
-0.0299843
-0.0252962
-0.020771
-0.0163985
-0.0121695
-0.00807551
-0.00410886
-0.000263004
0.00346764
0.00708764
0.0105979
0.0139962
0.0172873
0.0204759
0.0235662
0.0265625
0.0294689
0.0322891
0.0350268
0.0367695
0.0383094
0.0396547
0.0408133
0.0417929
0.0426011
0.0432453
0.0437328
0.0440711
0.0442675
0.0443296
0.044265
0.044082
0.043789
0.0433951
0.0429104
0.0423459
0.041716
0.0410445
0.0403432
0.0396247
0.0389011
0.038185
0.0374881
0.0368216
0.0361961
0.035621
0.0351049
0.0346554
0.0343853
0.0302262
0.0261067
0.0220326
0.0180095
0.0140429
0.0101383
0.00630065
0.00253459
-0.0011559
-0.00476755
-0.00829793
-0.0117428
-0.0150966
-0.0183625
-0.021545
-0.0246496
-0.0276829
-0.0306522
-0.0335651
-0.0364298
-0.0371727
-0.0371727
-0.0371727
-0.0371727
-0.0371727
-0.0371727
-0.0371727
-0.0371727
-0.0371727
-0.0371727
-0.0371727
-0.0371727
-0.0371727
-0.0371727
-0.0371727
-0.0371727
-0.0371727
-0.0371727
-0.0371727
-0.0371727
-0.0371727
-0.0371727
-0.0371727
-0.0371727
-0.0371727
-0.0371727
-0.0371727
-0.0371727
-0.0371727
-0.0371727
-0.0328612
-0.0286526
-0.0245386
-0.0205115
-0.0165638
-0.0126888
-0.00888073
-0.0051343
-0.0014453
0.00218957
0.00577269
0.00930275
0.0127757
0.0161942
0.0195611
0.0228789
0.0261501
0.0293769
0.0325616
0.0357063
0.0370198
0.0381724
0.0391708
0.0400213
0.0407303
0.041304
0.0417485
0.0420698
0.0422742
0.0423679
0.0423573
0.042249
0.0420501
0.0417681
0.0414112
0.0409923
0.0405286
0.0400302
0.039508
0.0389734
0.038438
0.0379137
0.0374122
0.036945
0.0365226
0.0361551
0.0358516
0.0356199
0.0354674
0.0354001
0.0311303
0.0269097
0.0227435
0.0186372
0.014596
0.010625
0.00672883
0.00291197
-0.000821903
-0.00446978
-0.00802946
-0.0114969
-0.0148669
-0.0181427
-0.0213291
-0.0244318
-0.0274575
-0.0304137
-0.0333083
-0.0361496
-0.0363689
-0.0363689
-0.0363689
-0.0363689
-0.0363689
-0.0363689
-0.0363689
-0.0363689
-0.0363689
-0.0363689
-0.0363689
-0.0363689
-0.0363689
-0.0363689
-0.0363689
-0.0363689
-0.0363689
-0.0363689
-0.0363689
-0.0363689
-0.0363689
-0.0363689
-0.0363689
-0.0363689
-0.0363689
-0.0363689
-0.0363689
-0.0363689
-0.0363689
-0.0363689
-0.0327154
-0.0290834
-0.0254676
-0.0218677
-0.0182811
-0.0147006
-0.0111191
-0.00752992
-0.003927
-0.00030612
0.00332081
0.00694982
0.0105749
0.0141969
0.0178167
0.0214349
0.0250466
0.0286568
0.0322741
0.0359067
0.0368066
0.0375854
0.0382481
0.0387998
0.0392455
0.03959
0.0398384
0.0399954
0.0400661
0.0400555
0.0399691
0.0398124
0.0395917
0.0393207
0.0390074
0.0386597
0.0382863
0.0378969
0.0375019
0.037115
0.0367523
0.0364282
0.0361592
0.0359577
0.0358343
0.0357983
0.0357983
0.0357983
0.0357983
0.0357983
0.0313993
0.0270643
0.0227981
0.0186054
0.014491
0.0104595
0.00651531
0.00266221
-0.00109648
-0.00475814
-0.00832098
-0.0117814
-0.0151344
-0.0183838
-0.0215345
-0.0245926
-0.0275653
-0.0304602
-0.0332856
-0.0360501
-0.0361183
