-0.00652898
-0.0180588
-0.00675802
-0.00252219
-0.254443
0.249552
-0.0689885
-0.110812
-0.0632493
-0.103684
-0.0852572
-0.07751
-0.0174184
-0.0141021
-0.0125182
-0.0116567
-0.00381867
0.0775886
0.171914
0.124709
0.0829483
0.0844319
0.087927
0.0889147
0.0887842
0.0881514
0.0872672
0.0861586
0.114235
0.0815229
0.0798306
0.0649317
0.0728414
0.0753577
0.073566
0.0731739
0.0724812
0.0723175
-0.126724
-0.102897
-0.102685
-0.103214
-0.10481
-0.10624
-0.107333
-0.0907646
-0.0924594
-0.0939211
-0.0953409
-0.0967457
-0.0981671
-0.0844325
-0.125326
-0.112988
-0.106982
-0.104432
-0.0634312
-0.0620321
-0.0618829
-0.0618554
-0.0618677
-0.0618748
-0.0618519
-0.0617858
-0.0616697
-0.0615004
-0.0612766
-0.0609977
-0.0606638
-0.060275
-0.0598313
-0.0593324
-0.0587778
-0.026056
-0.0920291
-0.0619751
-0.0579498
-0.0553743
-0.0546497
-0.0537352
-0.0528093
-0.0626702
-0.06861
-0.0586898
0.0539636
0.0352762
0.0469423
0.0271697
0.0293144
0.0320642
0.0345058
0.0368091
0.0390467
0.0412937
0.0437289
0.0476682
-0.116458
-0.0850967
-0.0832077
-0.0811576
-0.0789868
0.0222861
-0.00248746
0.0127058
0.0438007
0.0394642
0.0386363
0.0381975
0.0379981
0.0419352
0.0481159
0.0476633
0.0471925
0.0467877
0.0463935
0.0459697
0.0454976
0.0449669
0.0443745
0.0437224
0.0430159
0.042268
0.0414804
0.0406383
0.0396914
0.0376117
0.0959629
0.0913509
0.0660352
0.0408216
0.0396956
0.0460378
0.0611031
0.0421567
0.0347933
0.0297246
0.0298372
0.0244829
0.0227036
-0.0924102
-0.0646181
-0.0678646
-0.0710199
0.0475186
0.0372937
0.0125514
0.0110879
-0.103106
-0.100899
-0.101039
0.0563238
-0.0384564
-0.0603022
-0.0613372
-0.063263
-0.0609967
-0.0412489
-0.0490148
-0.0486085
-0.0498211
-0.0540959
-0.0569319
-0.0531953
-0.0516567
-0.0514948
-0.0513818
-0.0512807
-0.0511814
-0.051031
-0.0505893
-0.0717589
-0.0503514
-0.0525702
-0.051702
-0.0520884
-0.0516484
-0.0513199
-0.0506675
-0.0579603
-0.0520873
-0.0152035
-0.088472
-0.0600226
-0.0504563
0.0177911
0.00331146
0.00765247
-0.0303064
-0.0575332
-0.0384763
-0.032641
0.0121502
-0.00162147
-0.0287662
0.0139074
-0.0260835
0.0474751
-0.0235057
0.0853316
0.0523515
0.0330864
0.0143836
0.0858092
0.0335652
0.0350788
0.0354999
0.033994
0.0329702
0.0322874
0.0318619
0.0318429
0.0312357
0.0310641
0.0309019
0.0307421
0.0305795
0.0304045
0.0070245
0.0928155
0.0419871
0.0344665
0.0342577
0.0340363
0.0332699
0.0329748
0.032708
0.0324878
0.0323293
0.0322434
0.0321978
0.0317874
0.0363305
0.0446469
0.0336633
-0.0830651
-0.0159347
-0.0178475
-0.00696922
0.0517769
-0.00102014
-0.0243631
0.0742911
-0.0267343
0.0394777
0.0435351
0.0519755
-0.0919351
-0.0909892
-0.00854323
-0.0713293
-0.0360477
0.0438981
-0.0728715
-0.0347681
-0.0351342
-0.0369926
-0.0574967
-0.0480009
-0.0458932
-0.0447054
-0.0514001
-0.0701586
-0.0505824
-0.0376316
-0.0413247
-0.0413147
-0.0412493
-0.0411837
-0.0411191
-0.0410552
-0.0409914
-0.0409262
-0.0408583
-0.0407944
-0.0407308
-0.0406672
-0.0406038
-0.0405406
-0.0404778
-0.0404153
-0.0403544
-0.0360931
-0.0453978
-0.0374312
-0.0324974
0.0295147
0.0144809
0.0176313
0.00668048
-0.0451352
-0.0186604
0.0250276
-0.044467
-0.0182099
0.00662018
0.121574
0.0498546
0.0299384
0.0310764
0.0337803
0.0358983
0.014654
0.0290286
0.0444999
0.0389926
0.0432902
0.0449661
0.0480796
0.0607891
0.0395914
0.055156
0.0542048
0.0537197
0.0677897
0.0780504
0.05287
0.0531187
0.0521608
0.0511319
0.0500408
0.0488899
0.0476829
0.0464361
0.0451685
0.0438853
0.042596
0.0413095
0.0400112
0.038623
0.0367509
0.0399357
0.0286123
0.0453321
0.0369033
0.0318602
0.00553217
-0.0205679
-0.0176115
-0.00406066
0.0138307
0.00132942
0.000692473
-0.00443674
-0.0122186
-0.0146236
-0.0189742
-0.022269
-0.0254454
-0.0284802
-0.0313866
-0.0342087
0.0270947
-0.0673425
-0.0302894
-0.0320374
-0.0321988
-0.0340488
-0.0396409
-0.0435298
-0.0424526
-0.0409182
-0.0401035
-0.0396787
-0.0422796
-0.0805468
-0.0372708
-0.0368388
-0.0368864
-0.0369069
-0.0368921
-0.0368527
-0.036794
-0.0367208
-0.0366293
-0.0365256
-0.0363935
-0.0362303
-0.0360083
-0.0356687
-0.0350328
-0.0331078
-0.0494061
-0.0415172
-0.0355289
-0.0288174
-0.0273304
-0.0253076
-0.0228157
0.0784197
0.0735149
0.078048
-0.0805319
-0.0499378
-0.0150934
0.0547434
0.0289823
0.030204
0.0311576
0.0320542
0.0328719
0.0104719
0.0281332
0.0315261
0.0329831
0.0335183
0.0354168
0.0360234
0.0368755
0.0727064
0.0364991
0.0521249
0.0529788
0.066854
0.0998953
0.0472399
0.0463743
0.0458657
0.0453408
0.044732
0.0440496
0.0433164
0.0425492
0.0417649
0.040977
0.0402
0.0394454
0.0387251
0.0380495
0.0374273
0.0367598
0.0360668
0.0342203
0.0479938
0.0375941
0.0323193
-0.0403318
-0.0119681
-0.0148241
-0.0168472
-0.018432
-0.0197731
0.0910019
0.00110179
0.0278024
0.0164619
-0.0488536
-0.0244543
-0.0204803
-0.0256991
-0.0306558
-0.033152
0.0985344
-0.098688
-0.0617464
-0.0322192
-0.0320771
-0.0425525
-0.0427061
-0.0402228
-0.038799
-0.0379845
-0.0375058
-0.0561683
-0.0359269
-0.0328009
-0.0319396
-0.031667
-0.0314845
-0.0312771
-0.0309697
-0.0305469
-0.0303817
-0.0971132
-0.0351407
-0.0343458
-0.0342426
-0.0341224
-0.0339391
-0.0326198
-0.0339535
-0.033728
-0.027187
-0.0402149
-0.0335019
-0.00169731
0.0375233
0.0207423
0.0173337
-0.0526464
-0.0357781
-0.0214342
0.00150967
0.0101519
0.0131008
0.0164913
0.0199794
0.0233516
0.0265923
0.0298873
0.0330087
0.0352387
-0.0058795
0.0795269
0.0474682
0.0405377
0.0392631
0.0386747
0.0391393
0.00826972
0.052373
0.0489817
0.0472335
0.0463424
0.0457268
0.0450665
0.0440137
0.041258
0.0363587
0.0137207
0.112962
0.0428759
0.0412317
0.0403365
0.0395833
0.0389148
0.0383191
0.0377923
0.0373354
0.0369518
0.0366477
0.0364248
0.0336664
0.0465017
0.0373854
-0.0216466
-0.00719087
-0.01192
-0.0149032
-0.0169725
0.0995088
0.0254457
0.020165
0.0187907
0.0174392
0.0161185
0.0145665
0.0135737
0.0123607
-0.0415107
-0.0910302
0.00329561
-0.104219
-0.119686
-0.104152
-0.0940662
-0.0840161
-0.0848295
-0.0849162
-0.0206976
-0.0479164
-0.0505246
-0.0752491
-0.0308654
-0.0299337
-0.0297196
-0.0295181
-0.0293248
-0.0291366
-0.0289513
-0.029133
-0.0285536
-0.0283747
-0.028187
-0.0279966
-0.0278026
-0.0276045
-0.0274015
-0.0271926
-0.0269762
-0.0267516
0.00209079
-0.0403726
-0.0312225
0.135035
0.0348748
0.0130698
0.0320709
0.0426269
-0.0392502
-0.0285827
-0.026006
-0.0188563
-0.0129789
-0.00884164
0.0305929
0.0325281
0.0511208
0.0651556
0.0518575
0.0538246
0.068954
0.058225
0.0880317
0.107352
0.101062
0.0974735
0.0889769
0.0919669
0.0927306
0.0895323
0.0890996
0.0911673
0.0375961
0.0594573
0.0599819
0.0613235
0.0333999
0.0319058
0.0313519
0.030823
0.00609111
0.0470905
0.0210021
0.0319475
0.0284644
0.0279279
0.0274423
0.0269805
0.0265231
0.02606
0.0255861
0.0218135
-0.241308
-0.0244968
-0.0366884
-0.0563249
-0.0669129
-0.0804995
-0.0770978
-0.0794535
-0.0812244
-0.0826488
-0.0838546
-0.084907
-0.0858408
-0.0866765
-0.087427
-0.011012
0.107683
0.0800691
0.0545746
