0.00239204
0.00838502
0.0125915
0.0161455
0.0843495
0.0307241
0.0585366
0.0919049
0.113997
0.132657
0.149123
0.167674
0.18093
0.156008
0.112254
0.0855258
0.0731988
0.0563888
0.039983
0.0231854
0.00628848
-0.010703
-0.0278532
-0.0449636
-0.00410246
0.0480974
0.0531164
0.0647003
0.0753034
0.0856594
0.0955754
0.0957831
0.0998603
0.104878
0.110524
0.0865822
0.0678813
0.0445422
0.0225049
-0.0014816
-0.0267209
-0.0531706
-0.082116
-0.0706704
-0.0648985
-0.0550906
-0.0436407
-0.0309316
-0.0175031
-0.0037626
0.00997983
0.019545
0.0402329
0.0563711
0.0476327
0.0482271
0.0444606
0.0398708
0.0340511
0.0273806
0.0200136
0.012109
0.00379198
-0.00483007
-0.0136654
-0.0224923
-0.0316097
-0.0405585
-0.0494977
-0.0583055
-0.0669467
-0.0753681
-0.0835239
-0.0913687
-0.0988591
-0.105952
-0.112607
-0.118783
-0.124439
-0.129858
-0.134369
-0.137656
-0.138226
-0.127808
-0.137332
-0.149757
-0.15824
-0.169674
-0.170541
-0.153225
-0.136621
-0.115825
-0.113716
-0.112402
-0.113049
-0.113698
-0.113684
-0.1155
-0.109718
-0.0989226
-0.107492
-0.106406
-0.0990891
-0.106014
-0.104864
-0.104669
-0.10529
-0.105677
-0.104269
-0.104082
-0.1024
-0.10148
-0.0997216
-0.0985196
-0.0967808
-0.0951649
-0.0935792
-0.0920826
-0.0906952
-0.100562
-0.112485
-0.114336
-0.119987
-0.123105
-0.130713
-0.13428
-0.142454
-0.14527
-0.139344
-0.145405
-0.146535
-0.151066
-0.158723
-0.164744
-0.171156
-0.1496
-0.148247
-0.155833
-0.163921
-0.171284
-0.18019
-0.190283
-0.185677
-0.185512
-0.190334
-0.201755
-0.19586
-0.198709
-0.212225
-0.206056
-0.207264
-0.21474
-0.225057
-0.195898
-0.205439
-0.20458
-0.207879
-0.208906
-0.21063
-0.213514
-0.215671
-0.218937
-0.221228
-0.224761
-0.226114
-0.229863
-0.229774
-0.233715
-0.234262
-0.238081
-0.238016
-0.241904
-0.242174
-0.246028
-0.245989
-0.249913
-0.250044
-0.253989
-0.253955
-0.257981
-0.256961
-0.258709
-0.254004
-0.252805
-0.250216
-0.271377
-0.276875
-0.264225
-0.26309
-0.258187
-0.253227
-0.254604
-0.258994
-0.256683
-0.261436
-0.259439
-0.263009
-0.274807
-0.275613
-0.276888
-0.292316
-0.278179
-0.283538
-0.287309
-0.290085
-0.292348
-0.294472
-0.296227
-0.29813
-0.30361
-0.304912
-0.309015
-0.310476
-0.315365
-0.316673
-0.32093
-0.322393
-0.326572
-0.328098
-0.33138
-0.333009
-0.334825
-0.336076
-0.362843
-0.364717
-0.375806
-0.385851
-0.39506
-0.405405
-0.368238
-0.386055
-0.383939
-0.379058
-0.369053
-0.398102
-0.410648
-0.416681
-0.454995
-0.418418
-0.421322
-0.421412
-0.420925
-0.420256
-0.419673
-0.419336
-0.419344
-0.419751
-0.420585
-0.421855
-0.423556
-0.425847
-0.445422
-0.456923
-0.494481
-0.499893
-0.510764
-0.519827
-0.528973
-0.536327
-0.557382
-0.56755
-0.619113
-0.626202
-0.657219
-0.684555
-0.723337
-0.796393
-0.813436
-0.864637
-0.878551
-0.98219
-1.00428
-1.01707
-1.02942
-0.693328
-0.498684
-0.755726
-0.545894
-0.484938
-0.460021
-0.450945
-0.434874
-0.38421
-0.335668
-0.286095
-0.227287
-0.175267
-0.213626
-0.154862
-0.0960046
-0.0362348
-0.0632594
0.0111922
-0.251549
-0.165269
-0.354532
-0.329769
-0.358483
-0.316047
-0.287359
-0.271857
-0.200472
-0.117478
-0.167974
-0.268199
-0.459144
-0.639352
-0.747309
-0.606324
-0.497324
-0.494154
-0.666509
-0.688681
-0.679861
-0.596705
-0.457036
-0.367499
-0.271297
-0.18392
-0.0968966
-0.102209
0.0689571
0.0565629
0.0506141
0.0610751
0.0695574
0.0853092
0.108947
0.101471
0.11924
0.119783
0.0969466
0.213049
0.272561
0.0470594
-0.164821
-0.173645
-0.493124
-1.40483
-1.61982
-1.85954
-1.91146
-1.8767
-1.80418
-1.86452
-1.96259
-1.87493
-1.81893
-1.9827
-2.18387
-2.32112
-2.18867
-2.17314
-2.16753
-2.28676
-2.27654
-2.24886
-2.22947
-2.19312
-2.22103
-2.35723
-2.63361
-2.80404
-2.93294
-3.01402
-3.0666
-2.97915
-2.94967
-2.9324
-2.84029
-2.73267
-2.50446
-2.56896
-2.34033
-2.42383
-2.50413
-2.62021
-2.73074
-2.70534
-2.78466
-2.63855
-2.71137
-2.75017
-2.74795
-2.75021
-2.74183
-2.7154
-2.6672
-2.63097
-2.5508
-2.44571
-2.43421
-2.60573
-2.61124
-2.63599
-2.53592
-3.93374
-4.16882
-4.20123
-4.14749
-4.03701
-3.91732
-3.91335
-3.86456
-3.97782
-3.88875
-4.07879
-4.06227
-3.82424
-3.69869
-3.56547
-3.4362
-3.69874
-3.57594
-2.93983
-2.8659
-2.80667
-2.73442
-2.58276
-2.50038
-2.43953
-2.42
-2.32636
-2.38811
-2.71106
-2.3692
-2.93992
-3.2278
-3.02626
-3.62078
-3.58935
-3.05386
-2.82885
-2.72243
-2.92679
-2.94946
-2.97968
-3.1155
-1.77947
-1.52808
-1.26786
-1.01954
-0.830487
-0.293214
-0.116911
0.0352662
0.0894604
0.186146
0.2958
0.421142
0.39139
-0.644624
-1.29566
-1.52458
-1.58602
-1.60851
-1.5738
-1.5216
-1.47875
-1.46671
-1.45102
-1.40682
-1.66712
-1.7529
-1.72114
-1.67912
-1.55096
-1.42251
-1.22995
