-1.19969e-05
-7.5592e-05
-0.00020134
-0.00036171
-0.00122904
-0.00250845
-0.0035772
-0.00480977
-0.00617936
-0.00762736
-0.00913465
-0.0107692
-0.0125712
-0.0143294
-0.0157616
-0.0168666
-0.0178141
-0.0186489
-0.0193514
-0.0199204
-0.0203521
-0.0206438
-0.0207922
-0.0207948
-0.0209087
-0.0214651
-0.022289
-0.0231675
-0.0241304
-0.0251726
-0.0262932
-0.0274406
-0.0285869
-0.0297623
-0.0309794
-0.0320789
-0.0329308
-0.0335465
-0.0339114
-0.0340257
-0.0338755
-0.0334507
-0.0327336
-0.0319412
-0.0312689
-0.0307072
-0.0302896
-0.0300337
-0.0299526
-0.0300542
-0.0303432
-0.0308002
-0.0314814
-0.0324273
-0.0334334
-0.0343774
-0.0352793
-0.0361054
-0.0368395
-0.037467
-0.0379769
-0.0383606
-0.0386115
-0.0387248
-0.0386972
-0.038527
-0.038213
-0.0377575
-0.0371646
-0.0364357
-0.0355735
-0.0345811
-0.0334621
-0.0322206
-0.0308614
-0.0293897
-0.0278113
-0.0261325
-0.0243601
-0.0224992
-0.0205573
-0.0185479
-0.0165624
-0.0147065
-0.0129037
-0.0110066
-0.00899943
-0.00689684
-0.00473545
-0.00266941
-0.000788311
0.000894706
0.00246241
0.00403141
0.00562621
0.00726276
0.00894465
0.0106853
0.0124628
0.0141752
0.0158628
0.0175892
0.0192728
0.0209402
0.0226114
0.0242442
0.0258448
0.0274197
0.0289636
0.030474
0.0319506
0.0333907
0.0347948
0.0361622
0.0374939
0.0387887
0.0400481
0.0412735
0.0424667
0.0437373
0.0451865
0.0467609
0.0484299
0.0501911
0.0520514
0.0540173
0.0560924
0.0582743
0.0604721
0.06265
0.0648335
0.0670513
0.0693552
0.0717439
0.074205
0.0765869
0.0788416
0.0811313
0.0835068
0.0859644
0.088506
0.0911459
0.0938128
0.0964485
0.099102
0.101832
0.104585
0.107311
0.110111
0.112941
0.115732
0.118585
0.121551
0.124262
0.126754
0.129336
0.131957
0.134626
0.137314
0.140026
0.14276
0.145519
0.148299
0.151102
0.153921
0.156757
0.159601
0.162453
0.165317
0.168192
0.171074
0.173962
0.17686
0.179765
0.182677
0.185594
0.188519
0.19145
0.194387
0.19733
0.200276
0.203221
0.206133
0.208983
0.211813
0.214741
0.217814
0.220848
0.223808
0.226736
0.229613
0.232473
0.235375
0.238296
0.241234
0.244195
0.247174
0.250299
0.253487
0.256627
0.259785
0.262985
0.266286
0.269685
0.273176
0.276785
0.280479
0.284182
0.287841
0.291482
0.295145
0.298844
0.302565
0.306311
0.310078
0.313864
0.31767
0.321495
0.325341
0.329204
0.333085
0.336976
0.340875
0.344951
0.349232
0.353698
0.35844
0.363418
0.368636
0.373661
0.378444
0.383264
0.387894
0.3923
0.396794
0.401514
0.406344
0.411437
0.416564
0.421516
0.426492
0.431471
0.436444
0.44141
0.446367
0.451319
0.45627
0.461226
0.466193
0.471178
0.47619
0.481347
0.486704
0.492509
0.498751
0.505163
0.51178
0.518592
0.525588
0.532887
0.540473
0.548831
0.557971
0.567526
0.577812
0.588906
0.601245
0.614575
0.628666
0.64349
0.659686
0.677366
0.695416
0.713725
0.727631
0.73432
0.741832
0.749936
0.754233
0.757249
0.759718
0.761771
0.762799
0.762319
0.760335
0.756662
0.751233
0.74563
0.739757
0.732022
0.72239
0.712309
0.701506
0.69428
0.690381
0.688522
0.689844
0.691457
0.693013
0.693404
0.693097
0.691302
0.686715
0.681613
0.679542
0.68326
0.694405
0.71141
0.727877
0.739518
0.749102
0.762189
0.779288
0.796826
0.812674
0.824175
0.831156
0.834445
0.834047
0.830107
0.824525
0.81548
0.803089
0.791064
0.778895
0.766241
0.752952
0.738679
0.723942
0.708883
0.693302
0.677963
0.660302
0.638561
0.620332
0.611728
0.607666
0.61076
0.642401
0.699688
0.765231
0.835432
0.905087
0.971291
1.03517
1.101
1.16666
1.22835
1.29179
1.36309
1.44168
1.51957
1.5932
1.66563
1.74014
1.8166
1.89127
1.96374
2.03367
2.10208
2.1733
2.25379
2.34445
2.44148
2.54254
2.64593
2.74759
2.84543
2.94126
3.03353
3.12
3.19724
3.26959
3.33708
3.40018
3.46675
3.5377
3.61379
3.69149
3.77003
3.84634
3.92034
3.99673
4.07366
4.15027
4.22649
4.30168
4.37489
4.44591
4.51397
4.57738
4.63792
4.70262
4.77195
4.84224
4.91085
5.01295
5.15721
5.30884
5.46039
5.60811
5.75039
5.89006
6.02893
6.17011
6.31268
6.45874
6.61037
6.75673
6.89487
7.02748
7.15454
7.28678
7.42429
7.54396
7.64724
7.74863
7.84817
7.9435
8.03437
8.12306
8.2111
8.29766
8.3848
8.48339
8.58295
8.68955
8.81933
8.95273
9.09755
9.25813
9.40603
9.53637
9.65991
9.78789
9.92383
10.0631
10.2086
10.3239
10.3988
10.4622
10.5141
10.5565
10.5815
10.5892
10.5895
10.5857
10.5793
10.5688
10.5535
10.537
10.551
10.6121
10.6981
10.7932
10.8919
10.9921
11.0918
11.1911
11.2909
11.3919
11.4934
11.6024
11.7221
11.845
11.9678
12.0881
12.2034
12.3123
