0.0113521
0.0113372
0.0113247
0.0113219
0.00931912
0.0075573
0.00601165
0.00469624
0.00359418
0.00269223
0.00197829
0.00120175
0.000403551
-0.000413482
-0.00118053
-0.0020032
-0.00287846
-0.0038127
-0.00480822
-0.0058686
-0.00699666
-0.00819569
-0.00946765
-0.0108179
-0.0120711
-0.0132866
-0.0144369
-0.0155201
-0.0165258
-0.0174511
-0.0182927
-0.019048
-0.0197177
-0.0202972
-0.0207855
-0.021084
-0.0212961
-0.0214185
-0.0214483
-0.0213898
-0.0212445
-0.0210144
-0.020705
-0.0202676
-0.0197442
-0.0191335
-0.0184401
-0.0176663
-0.0168141
-0.0158845
-0.0148764
-0.0137891
-0.0125535
-0.0112228
-0.00993629
-0.00870188
-0.0075283
-0.00642448
-0.00539504
-0.00444364
-0.00357272
-0.00278404
-0.0020788
-0.00145785
-0.00092179
-0.000470829
-0.000105358
0.000182739
0.000393109
0.000526436
0.000583065
0.000563237
0.000467083
0.000294643
4.58693e-05
-0.000279369
-0.000681289
-0.00116021
-0.00171655
-0.00235092
-0.00306425
-0.00385817
-0.0043834
-0.00481508
-0.00507812
-0.00541004
-0.00568966
-0.00593275
-0.00612446
-0.00614721
-0.00604783
-0.00589632
-0.00568209
-0.00535006
-0.00491888
-0.00438853
-0.00375904
-0.0030305
-0.00219658
-0.00141313
-0.000659312
8.87582e-05
0.000811948
0.00147961
0.00208493
0.00261897
0.00308115
0.0034842
0.00383159
0.0041209
0.00435692
0.00453777
0.00466622
0.00474088
0.00476351
0.00473387
0.00465208
0.00451807
0.00433173
0.00427725
0.00428554
0.00438626
0.00456263
0.0047975
0.00509689
0.00547151
0.00591533
0.00644162
0.00696784
0.00736795
0.00772138
0.00810219
0.0085317
0.0089396
0.00938078
0.00974208
0.0100745
0.0104506
0.0108549
0.0112454
0.0116637
0.0120625
0.0124627
0.0128805
0.013298
0.0137322
0.0141556
0.0146049
0.0150458
0.0154968
0.0159625
0.0163045
0.0166457
0.0176129
0.018424
0.0191712
0.0198381
0.0204434
0.0210613
0.0216336
0.0222357
0.0227947
0.0233983
0.0239567
0.0245739
0.025141
0.02578
0.0263691
0.02703
0.0276433
0.0283311
0.0289735
0.0296898
0.0303625
0.0311103
0.0318161
0.0325962
0.0333359
0.0341503
0.0349256
0.0357754
0.036543
0.0374895
0.0384155
0.0393463
0.0401883
0.0409968
0.0418457
0.042703
0.0435609
0.0444051
0.0452494
0.0462946
0.0473005
0.0483534
0.0494038
0.0505033
0.0520018
0.0530764
0.0541458
0.0547641
0.0559811
0.0573812
0.0588147
0.0604787
0.0623728
0.0643366
0.0661133
0.0676617
0.0690432
0.0704587
0.0718287
0.073145
0.0743979
0.0755861
0.0767071
0.0777627
0.0787516
0.079676
0.0805346
0.0813287
0.0820565
0.0827132
0.0835136
0.0844082
0.0859534
0.087889
0.0902582
0.0930076
0.0950349
0.0967906
0.0983306
0.0982009
0.097882
0.0970822
0.0961158
0.0952758
0.0947136
0.0932033
0.0916204
0.0899021
0.088079
0.0861584
0.0841423
0.082029
0.0798138
0.0774909
0.075053
0.0724924
0.0698008
0.0669695
0.0641833
0.0613975
0.0582214
0.0548278
0.0512083
0.0473559
0.0432631
0.038922
0.0343237
0.029721
0.0239344
0.0178786
0.0115474
0.00437658
-0.00293271
-0.0105574
-0.0181858
-0.0261239
-0.0340692
-0.0421042
-0.0501432
-0.0581882
-0.0662371
-0.0737347
-0.0808655
-0.0884568
-0.0965008
-0.104759
-0.113118
-0.121672
-0.130235
-0.139268
-0.148391
-0.157621
-0.167399
-0.177692
-0.188072
-0.198313
-0.208444
-0.218462
-0.228587
-0.238538
-0.247131
-0.255748
-0.263894
-0.271555
-0.278833
-0.285821
-0.292896
-0.300094
-0.307072
-0.314204
-0.32168
-0.329205
-0.336979
-0.344203
-0.351474
-0.359237
-0.367027
-0.37481
-0.383361
-0.391936
-0.400511
-0.408818
-0.416514
-0.424009
-0.431266
-0.438322
-0.445175
-0.452022
-0.458557
-0.464882
-0.471388
-0.478065
-0.484819
-0.491652
-0.498704
-0.506397
-0.514763
-0.523768
-0.532763
-0.542609
-0.553172
-0.564456
-0.576535
-0.588635
-0.601964
-0.616878
-0.630899
-0.63934
-0.647659
-0.65562
-0.663704
-0.667131
-0.671339
-0.676262
-0.681606
-0.686785
-0.692111
-0.697541
-0.703484
-0.709641
-0.716175
-0.723169
-0.730565
-0.737887
-0.744862
-0.751253
-0.756759
-0.761983
-0.767286
-0.772308
-0.776707
-0.779954
-0.783297
-0.786066
-0.788575
-0.790705
-0.792472
-0.793857
-0.794675
-0.795324
-0.795462
-0.795324
-0.795224
-0.795348
-0.795385
-0.795502
-0.79556
-0.795449
-0.795392
-0.795215
-0.794808
-0.794188
-0.793692
-0.793336
-0.793135
-0.792993
-0.792923
-0.793056
-0.793053
-0.79321
-0.793388
-0.793578
-0.793826
-0.792052
-0.789662
-0.786946
-0.784793
-0.783539
-0.782698
-0.782407
-0.782659
-0.783103
-0.783685
-0.784177
-0.784224
-0.784275
-0.784537
-0.78491
-0.785332
-0.784085
-0.783226
-0.781662
-0.779947
-0.778019
-0.77601
-0.773919
-0.771732
-0.769568
-0.767464
-0.76545
-0.763553
-0.76103
-0.75922
-0.757381
-0.755814
-0.754304
-0.753151
-0.752109
-0.751
-0.75002
-0.749146
-0.747712
-0.745894
-0.743907
-0.741626
-0.742849
-0.744298
-0.746036
-0.747976
-0.750105
-0.752892
-0.756586
-0.760903
-0.76549
-0.770628
-0.776094
-0.781689
-0.787582
-0.790441
-0.79212
-0.793912
-0.795828
-0.797836
-0.799653
-0.801194
-0.802418
-0.803483
-0.804342
-0.804871
-0.805686
-0.806737
-0.808048
-0.809371
-0.811004
-0.812901
-0.814839
