0.0113521
0.0721321
0.0205203
-0.011623
1.42864
-0.169529
-0.148322
-0.161771
-0.150938
-0.14234
-0.134327
0.0464207
0.0158646
0.012859
-0.0370645
0.0385829
0.0352958
0.0389678
0.0396232
0.0411352
0.0420243
0.0431804
0.0433038
0.0458185
-0.0817784
-0.0403619
-0.0614568
-0.0642733
-0.0726108
-0.0756886
-0.0789424
-0.0814502
-0.0817605
-0.0855771
-0.0867923
-0.158303
-0.0838965
-0.0863193
-0.0885437
-0.0853621
-0.0841602
-0.0825593
-0.0781942
-0.112932
-0.0818896
-0.082249
-0.0783228
-0.0757663
-0.0735681
-0.0718172
-0.0717495
-0.0711471
-0.120256
-0.0802908
0.0229218
0.0287247
0.0363522
0.0439257
0.0483581
0.0519838
0.0546505
0.0567253
0.0583315
0.0595834
0.0605548
0.0611719
0.0618276
0.0562556
0.0567284
0.0563688
0.0561759
0.0559831
0.0557924
0.055592
0.0553769
0.0551457
0.0549013
0.0546504
0.0544076
0.0541993
0.0541676
0.0545468
-0.198258
-0.0725104
-0.126254
0.044118
-0.043687
-0.032506
-0.0430947
-0.128107
-0.0942708
-0.0432638
-0.051042
-0.0905289
-0.076788
-0.0763057
-0.0756242
-0.0748498
-0.0785085
0.0358188
0.0203422
0.00489783
0.0178915
0.0409705
0.046826
0.0538265
0.0547461
0.0459954
0.0438894
0.0459399
0.0427679
0.0443107
0.0424634
0.043565
0.0423296
0.0425032
0.0423318
0.0422703
0.0421738
-0.0909568
-0.0414873
-0.0625332
-0.050186
-0.0373769
-0.0416859
-0.0490287
-0.0442929
-0.0532582
0.00273361
0.103475
0.0414805
-0.0117133
-0.0273836
0.0240453
-0.0151555
0.0690174
0.0303428
-0.0217236
-0.00999367
0.0209711
-0.00872939
0.0258796
0.0116405
0.000143017
0.0134903
0.00152455
0.022273
-0.00405588
0.020997
0.00863004
0.00552897
0.104926
0.0131097
-0.426925
0.132551
0.0650182
0.0776463
0.0648319
0.0117388
0.0545022
0.000542025
0.0540527
-0.0090442
0.0567864
-0.0179365
0.0615389
-0.0261203
0.0627077
-0.0246225
0.0623671
-0.025268
0.0622075
-0.0233449
0.0623477
-0.0226481
0.0626264
-0.020575
0.0631271
-0.0191772
0.0638054
-0.0174245
0.0971771
-0.0921257
0.0534236
0.0359205
0.105536
0.0642355
0.0125471
0.0364005
0.0433081
0.0544264
0.0367056
-0.0908047
0.0758177
0.0141972
0.0511864
0.0147512
-0.236909
0.358755
0.0576738
0.379606
-0.378335
-0.0742629
0.0325361
-0.106272
-0.1033
0.0144457
0.20095
0.23184
0.188905
0.0458889
0.104559
0.111604
0.119971
0.122033
0.125032
0.12487
0.126775
0.126228
0.128017
0.128023
0.129959
0.134119
-0.0204292
0.0158925
-0.381728
-0.199771
-0.226789
-0.184393
0.612891
0.293268
0.256927
1.3093
0.233598
0.443294
0.214602
0.000965201
-0.106355
0.782325
0.143466
0.187733
0.163633
0.156576
0.152888
0.152159
0.153149
0.1552
0.157894
0.160979
0.164305
0.167786
0.0567721
0.0847208
0.334668
0.220271
0.225202
0.229061
0.233616
0.242199
0.241364
0.0699147
0.878819
0.225357
0.224039
0.622691
0.128828
0.239351
0.0190177
0.21405
0.00902151
0.0324274
-0.0134426
-0.0189424
-0.025067
-0.464047
-0.336227
0.213057
0.208604
0.00847361
-0.027954
-0.0116205
-0.156563
0.172055
-0.100754
-0.0807143
0.228145
0.181459
-0.147422
-0.288943
-0.282091
-0.297852
-0.178933
-0.370335
-1.26291
-0.243457
-0.58661
-0.624678
-0.555348
-0.495428
-0.235998
-0.21841
-0.442853
-0.160525
-0.0295132
-0.32628
-0.155139
-0.738759
-0.344405
-0.00878854
-0.373037
-0.412186
0.196862
-0.416898
-0.438337
-0.652191
-0.882123
-0.579222
-0.619142
-0.598531
-0.604335
-0.503494
-0.687249
-0.651319
-0.356513
-0.37493
-0.457176
-0.462239
-0.356627
-0.0428737
-0.0237729
-0.0605026
-0.571464
0.102363
-0.0302995
-0.0438989
-0.000509088
-0.589578
0.293048
0.937772
-1.21943
-4.13204
-0.701226
-0.898034
-0.578369
-3.65262
-0.0348362
-0.0822591
-0.32454
-0.791621
-0.548548
-0.651866
-0.358237
-0.368167
-0.434118
-0.398945
-0.492632
-0.830312
-1.05503
-1.19446
-1.4812
-1.03431
-0.634835
-0.985585
-1.21648
-1.51776
-0.688984
-1.24191
-0.979759
-1.06524
-1.05362
-1.08159
-1.32003
-0.891029
-1.19481
-0.985762
-0.67371
-0.611173
-0.684925
-0.697551
-0.743282
-0.979884
-0.723855
-0.913394
-0.959815
-0.929176
-0.662287
-0.640507
-0.627965
-0.725413
-0.712172
-0.634501
-0.921706
-0.702616
-0.789585
-0.76511
-0.720783
-2.37553
-1.21277
-0.999448
-0.37538
-0.111751
-0.520451
-0.388206
-0.389398
-0.62226
-0.634435
-0.837609
-1.12371
-0.813615
-0.618478
-0.703557
-0.735851
-1.9957
-0.509332
-1.33306
-0.886871
-0.934979
-0.838627
-0.84709
-0.843172
-0.74364
-0.709323
-0.706155
-0.683779
-1.20223
-0.235106
-0.756742
-0.52389
-0.687445
-0.501839
-0.657974
-0.835354
-0.657319
-0.65465
-1.15914
-1.00847
-0.856078
-0.947061
1.68677
-0.586362
-0.541765
-0.602886
-0.615734
-0.300192
-0.0993052
-0.312495
-0.57449
-0.374196
-0.542458
-0.693168
-0.564681
-2.9558
-1.61342
-0.674181
-0.690313
-0.717048
-0.929502
-0.985606
-1.03035
-0.913175
-0.95063
-1.05546
-0.587622
-0.651607
-0.620643
-0.799347
-0.587939
-0.622341
-0.791275
