0.00115761
0.00681519
0.00203901
-0.00092311
0.132463
-0.0159174
-0.0139042
-0.0151064
-0.0140562
-0.0132159
-0.012432
0.0043449
0.00150372
0.0012207
-0.00340732
0.0036054
0.00328644
0.00361131
0.00365429
0.00377489
0.00383584
0.00391973
0.00390609
0.00411227
-0.007732
-0.00389099
-0.00585055
-0.00611217
-0.00688462
-0.00716848
-0.00746743
-0.0076965
-0.00772149
-0.00807117
-0.00817893
-0.0147956
-0.00788018
-0.00809949
-0.00829972
-0.00799867
-0.00788176
-0.00772826
-0.0073191
-0.0105319
-0.00764365
-0.00767154
-0.00730235
-0.00706093
-0.00685326
-0.00668749
-0.00669557
-0.00665257
-0.0112115
-0.0075064
0.00204619
0.00255078
0.00322332
0.00388922
0.00426253
0.0045602
0.00476828
0.00492098
0.0050298
0.00510542
0.00515472
0.0051709
0.00519039
0.00463289
0.00463657
0.00456288
0.00450457
0.0044461
0.00438764
0.00432807
0.00426688
0.00420392
0.00413943
0.004074
0.00400895
0.00394619
0.00389987
0.00389105
-0.0195631
-0.0078921
-0.0128757
0.00290966
-0.00525951
-0.00423816
-0.00523553
-0.0131214
-0.00997729
-0.00525171
-0.00597923
-0.00963378
-0.00834184
-0.00827542
-0.00818532
-0.00808199
-0.00838539
0.00223533
0.00077287
-0.000683292
0.000497082
0.00260683
0.00311422
0.00372482
0.00376917
0.00291656
0.00268055
0.00282892
0.00249205
0.00259162
0.00237581
0.00243258
0.00227166
0.00224058
0.00217655
0.00212181
0.0020629
-0.0103158
-0.00574871
-0.00772488
-0.00660279
-0.0054411
-0.00586797
-0.00657439
-0.00616
-0.00701531
-0.00185332
0.00743482
0.001628
-0.00334544
-0.00482784
-9.05753e-05
-0.0037583
0.00401116
0.000382389
-0.0044746
-0.00340705
-0.00055753
-0.00333057
-0.000136725
-0.00147251
-0.00254741
-0.00131552
-0.00242859
-0.000506405
-0.00294715
-0.000620621
-0.00176436
-0.00209901
0.00706005
-0.00151428
-0.0423052
0.00958404
0.00325832
0.00437457
0.00313156
-0.00183757
0.0020847
-0.00296141
0.00195939
-0.00393272
0.00213128
-0.00483872
0.00249045
-0.00567982
0.0025164
-0.00562523
0.00239863
-0.00577302
0.00229396
-0.005687
0.00221202
-0.00571988
0.00213769
-0.00563074
0.00207797
-0.00561025
0.00205636
-0.00561508
0.00487129
-0.0128151
0.000560016
-0.00120271
0.00510766
0.00112792
-0.00380166
-0.0017208
-0.00121479
-0.00032003
-0.00209942
-0.0140373
0.00129747
-0.00454842
-0.0012451
-0.00475041
-0.0281743
0.0269364
-0.0011575
0.0284554
-0.0420124
-0.0139187
-0.00416893
-0.0171853
-0.0170275
-0.00623416
0.0109006
0.0135784
0.00941523
-0.00400026
0.00130371
0.00181399
0.00244594
0.00249114
0.00262185
0.00245829
0.00248521
0.00228354
0.00229716
0.00214391
0.00216798
0.0023958
-0.0120756
-0.00883048
-0.0457784
-0.0289467
-0.0315146
-0.027646
0.0460909
0.0162017
0.0126292
0.109877
0.00976184
0.0289643
0.0075061
-0.0125019
-0.0226113
0.0595335
-3.09348e-05
0.00382839
0.00133469
0.000415356
-0.000200923
-0.000553467
-0.000758279
-0.000876993
-0.000948942
-0.000997911
-0.00103806
-0.000920962
-0.0113936
-0.0089601
0.0140267
0.00321345
0.00348696
0.00366461
0.00390974
0.0045304
0.00427841
-0.0117688
0.0630078
0.00214142
0.00183999
0.038571
-0.00746056
0.00260191
-0.0180099
-0.000109044
-0.0193163
-0.0173285
-0.0217707
-0.0224723
-0.0232411
-0.064103
-0.0523672
-0.00165464
-0.00237842
-0.0212396
-0.0249151
-0.0236892
-0.0374147
-0.00725998
-0.032901
-0.0313605
-0.00309589
-0.00785975
-0.0387584
-0.052235
-0.05195
-0.0537779
-0.0431515
-0.0613105
-0.144364
-0.0501273
-0.0823623
-0.0862747
-0.0802485
-0.0751313
-0.0515755
-0.0500396
-0.0709127
-0.0447993
-0.0327725
-0.0604123
-0.0446418
-0.0988121
-0.0622653
-0.0312668
-0.0651786
-0.0688931
-0.0125783
-0.0696902
-0.071797
-0.0917256
-0.113092
-0.0850585
-0.0888636
-0.0870615
-0.0877201
-0.078516
-0.0956971
-0.0924972
-0.0653432
-0.0672872
-0.0751501
-0.0758553
-0.0663228
-0.0375579
-0.0362041
-0.040019
-0.0877599
-0.0256546
-0.0384395
-0.040184
-0.0366701
-0.091759
-0.0104236
0.0486644
-0.151962
-0.421886
-0.103667
-0.122331
-0.0931403
-0.378282
-0.0429365
-0.0480168
-0.0711663
-0.115107
-0.0931839
-0.102775
-0.0755696
-0.0765432
-0.082736
-0.0795594
-0.088341
-0.119698
-0.140511
-0.15337
-0.179849
-0.138318
-0.101289
-0.133869
-0.155263
-0.183104
-0.106234
-0.157548
-0.133244
-0.141211
-0.140172
-0.142813
-0.164956
-0.125217
-0.153464
-0.134145
-0.10534
-0.0997437
-0.106782
-0.108174
-0.112658
-0.134813
-0.111287
-0.129112
-0.133638
-0.131029
-0.106562
-0.104881
-0.104078
-0.113488
-0.112641
-0.105855
-0.132908
-0.113025
-0.121572
-0.119801
-0.116237
-0.270064
-0.162567
-0.143359
-0.0862044
-0.0617315
-0.0996109
-0.0872994
-0.0873988
-0.108966
-0.110046
-0.128828
-0.15525
-0.126398
-0.108283
-0.116186
-0.119189
-0.235865
-0.0978994
-0.174279
-0.132835
-0.137296
-0.128376
-0.129201
-0.128886
-0.119728
-0.116647
-0.116473
-0.114534
-0.162692
-0.073153
-0.121755
-0.100359
-0.115753
-0.0988107
-0.113553
-0.130244
-0.113982
-0.11402
-0.161039
-0.147263
-0.133383
-0.142097
0.101503
-0.11005
-0.106388
-0.112566
-0.114302
-0.0856817
-0.0678349
-0.0884862
-0.113621
-0.0958766
-0.112307
-0.127026
-0.114974
-0.336289
-0.211223
-0.123865
-0.125254
-0.127638
-0.14723
-0.152298
-0.156315
-0.145338
-0.148725
-0.158357
-0.114938
-0.120914
-0.118095
-0.134716
-0.115176
-0.118473
-0.134234
