-0.00652898
-0.00652613
-0.00652471
-0.00652627
-0.00617829
-0.00621728
-0.00609817
-0.0057858
-0.00535705
-0.00483574
-0.00423708
-0.00356025
-0.00283757
-0.00232184
-0.00213402
-0.00216647
-0.00232334
-0.00263411
-0.00309562
-0.00370994
-0.00447709
-0.00539705
-0.00647008
-0.00769528
-0.00868352
-0.00936209
-0.0100348
-0.0106561
-0.0112291
-0.0117522
-0.0122249
-0.0127067
-0.013169
-0.0136022
-0.0139984
-0.014544
-0.0152032
-0.0160028
-0.0169314
-0.017999
-0.0192111
-0.0205732
-0.0220995
-0.0235276
-0.0248904
-0.0261589
-0.0273192
-0.0283593
-0.0292706
-0.0300463
-0.0306824
-0.0312018
-0.0315314
-0.0316947
-0.0318439
-0.0319144
-0.0319314
-0.0318973
-0.0318178
-0.0316964
-0.031536
-0.0313389
-0.0311067
-0.0308407
-0.030542
-0.0302105
-0.0298481
-0.0294548
-0.0290311
-0.0285773
-0.0280933
-0.0275793
-0.027035
-0.0264603
-0.0258551
-0.025219
-0.0245517
-0.023853
-0.0231223
-0.0223593
-0.0215628
-0.02073
-0.0198624
-0.0188855
-0.0179361
-0.0170308
-0.0161525
-0.0153255
-0.0144875
-0.0135263
-0.0124512
-0.0112402
-0.0100191
-0.00879794
-0.00759504
-0.00641605
-0.00526251
-0.00415235
-0.0030421
-0.00191428
-0.000894312
8.01043e-05
0.00104839
0.00191533
0.00273256
0.00349323
0.00419187
0.00483077
0.005422
0.00595781
0.00644867
0.00689012
0.0072885
0.00764095
0.00795199
0.00822186
0.00845147
0.00864141
0.00879218
0.00884087
0.00877133
0.00865106
0.00845527
0.00820002
0.00785699
0.00745314
0.00695841
0.00640812
0.00585807
0.00521859
0.00453458
0.00379272
0.00298041
0.0021109
0.00118775
0.000395579
-0.000388733
-0.00121808
-0.00209112
-0.0029982
-0.00394504
-0.00493418
-0.00586581
-0.00676413
-0.00765657
-0.00858239
-0.00942349
-0.0102334
-0.011076
-0.0118194
-0.012509
-0.0131779
-0.0138472
-0.0143007
-0.0147486
-0.0151288
-0.0154681
-0.015753
-0.015992
-0.0161902
-0.0163467
-0.0164654
-0.0165444
-0.0165874
-0.0165852
-0.0165482
-0.016457
-0.0163318
-0.0161563
-0.0159455
-0.0156798
-0.0153785
-0.0150236
-0.014632
-0.0141836
-0.0136977
-0.0131547
-0.0125728
-0.0119311
-0.0112492
-0.0105061
-0.00971903
-0.00886235
-0.0079562
-0.00699751
-0.00614564
-0.00530407
-0.00435961
-0.00339113
-0.00237858
-0.00132546
-0.00027243
0.000748847
0.0017812
0.00277629
0.00377366
0.00473501
0.00561649
0.00646118
0.00727392
0.00794687
0.00870626
0.00940873
0.01006
0.0106757
0.0112601
0.0118078
0.012312
0.0127709
0.0131643
0.013527
0.0138384
0.014116
0.0143377
0.0145272
0.0146662
0.0147733
0.0148316
0.0148589
0.0148445
0.0147996
0.0147234
0.0146199
0.0143299
0.0140113
0.0136248
0.0131678
0.0126454
0.0120481
0.01166
0.0111369
0.0106124
0.0100777
0.00960555
0.00894529
0.00821054
0.00744823
0.00646025
0.0057325
0.00500913
0.00431352
0.00365238
0.00303026
0.00245008
0.0019138
0.00142282
0.000978212
0.000580938
0.000231925
-6.78182e-05
-0.000317139
-0.000623604
-0.000928717
-0.00138731
-0.00180835
-0.00222697
-0.00263201
-0.00302404
-0.00339261
-0.00381587
-0.00423292
-0.00485772
-0.00543625
-0.00611955
-0.00686186
-0.00774005
-0.0089327
-0.0101334
-0.0115791
-0.0130337
-0.0149844
-0.0169556
-0.0189349
-0.020923
-0.0212663
-0.0207184
-0.0214393
-0.0210836
-0.0204601
-0.0196981
-0.0188771
-0.0179699
-0.0168702
-0.0155571
-0.0140417
-0.0122932
-0.0103329
-0.00851141
-0.00642218
-0.00407878
-0.00147426
0.00100463
0.00380821
0.00556874
0.00772087
0.00912971
0.0106467
0.0120644
0.013668
0.0153908
0.0171768
0.0192038
0.0215087
0.0236454
0.0253902
0.0264133
0.0267949
0.026772
0.0272355
0.0280739
0.0289139
0.029186
0.0294042
0.0296315
0.0301136
0.0310594
0.0323058
0.0338812
0.035756
0.0379292
0.0400947
0.0428413
0.0455542
0.0482805
0.0510703
0.0539147
0.0568398
0.0598738
0.0629351
0.0661105
0.0693652
0.072606
0.0762987
0.0802494
0.0835814
0.0863493
0.0891227
0.0910692
0.0907255
0.0897487
0.0882579
0.0866868
0.0851947
0.0839708
0.0826577
0.0812431
0.0801536
0.0792272
0.0779601
0.0762447
0.0742286
0.0724746
0.0708368
0.0694474
0.0679475
0.06656
0.0652974
0.0639645
0.0627882
0.0616013
0.060148
0.0581377
0.055916
0.0534253
0.0508769
0.0482952
0.0458654
0.0435185
0.0412008
0.0391223
0.0373064
0.0359481
0.0345037
0.0333922
0.0320205
0.0305894
0.029018
0.0273567
0.025901
0.0242149
0.0228428
0.0213577
0.0197255
0.0179722
0.0161943
0.0144191
0.012679
0.0110137
0.00940714
0.00794272
0.00669903
0.00558749
0.00416371
0.00275482
0.00133371
0.000197913
-0.00450221
-0.00977727
-0.0151344
-0.0204284
-0.025538
-0.0304467
-0.0353538
-0.0402346
-0.0454452
-0.0504284
-0.0559684
-0.0615328
-0.0666562
-0.0715558
-0.0762077
-0.0806271
-0.0855994
-0.0903674
-0.0935094
-0.0965306
-0.0994599
-0.102276
-0.104816
-0.107219
-0.109521
-0.111822
-0.113963
-0.116361
-0.119633
-0.122219
-0.126341
-0.131378
-0.136051
-0.142358
-0.148746
-0.153892
-0.158606
-0.1632
-0.168223
-0.173369
-0.178697
-0.184379
-0.187193
-0.189536
-0.191401
-0.192814
-0.193922
-0.193777
-0.193358
-0.192714
-0.192049
-0.191271
-0.190338
-0.189196
-0.188138
-0.189309
-0.191949
-0.195159
-0.198585
-0.202137
-0.205651
-0.209075
-0.212454
-0.215877
-0.21934
-0.222792
-0.226971
-0.23151
-0.236127
-0.240768
-0.245255
-0.249579
-0.253539
