-0.000652215
-0.000648586
-0.000645824
-0.000641304
-0.000547145
-0.000614232
-0.000546414
-0.000476904
-0.000405364
-0.000320574
-0.000225175
-0.000116972
-4.82196e-06
5.49003e-05
8.04368e-05
0.000110204
0.00014089
0.000151447
0.000153096
0.000143193
0.000122199
8.99146e-05
4.61305e-05
-9.02368e-06
2.08025e-05
7.69651e-05
8.80303e-05
0.00012876
0.000174321
0.000227714
0.000288314
0.000341035
0.00040445
0.000472167
0.000545287
0.000576037
0.000610245
0.000624696
0.000628911
0.000616555
0.000588387
0.000543281
0.000478218
0.000460615
0.00042939
0.000410744
0.000400453
0.000399731
0.0004087
0.000427411
0.000455656
0.000486816
0.000543527
0.000604143
0.000638786
0.000692074
0.000737472
0.000782312
0.000824303
0.000863449
0.000899361
0.000931825
0.000960664
0.000985757
0.00100702
0.00102465
0.00103809
0.00104782
0.00105364
0.00105574
0.00105418
0.00104911
0.00104068
0.00102905
0.00101444
0.00099706
0.000977155
0.00095499
0.000930856
0.000904834
0.000877611
0.000850125
0.000822029
0.000812453
0.000773357
0.000731429
0.000688315
0.00063413
0.000590643
0.000572708
0.000559498
0.000564329
0.000551661
0.000545605
0.00053792
0.000531019
0.000525381
0.000517238
0.000521563
0.000533941
0.000521811
0.000526683
0.000539814
0.00053292
0.000539664
0.000543478
0.000546927
0.000551332
0.00055897
0.000565607
0.000575956
0.000586405
0.000599887
0.000614155
0.000631154
0.000649833
0.000670525
0.000693132
0.000717628
0.000728293
0.000733355
0.000749754
0.000757081
0.000767508
0.000769536
0.000776246
0.000773409
0.000777074
0.00079239
0.000788659
0.000795752
0.000797226
0.000793884
0.000790602
0.000784384
0.00082054
0.000831442
0.000837028
0.000841412
0.00084365
0.000840016
0.000830933
0.000841037
0.000843922
0.000841988
0.000829263
0.000841062
0.000838338
0.000821109
0.000831738
0.000829475
0.000821413
0.000806541
0.000843049
0.000832182
0.000843308
0.000846791
0.000854421
0.000860161
0.000865075
0.000870062
0.000873668
0.000877323
0.000879378
0.000883122
0.000883822
0.000888937
0.000888911
0.000892961
0.000892832
0.000897412
0.000896979
0.000901013
0.000900513
0.00090483
0.000904143
0.000908193
0.00090743
0.000911634
0.000910719
0.000915667
0.00091745
0.000927764
0.00093576
0.000948354
0.000924717
0.000920985
0.000939023
0.000941899
0.000956293
0.000973868
0.000986205
0.000995344
0.00101436
0.00102293
0.00104261
0.00105408
0.00105595
0.00106663
0.00107699
0.00106104
0.00109744
0.00110011
0.00110971
0.00112204
0.00113548
0.00114876
0.00116129
0.00117367
0.00118088
0.00119544
0.00120439
0.00121773
0.00122552
0.0012388
0.00124715
0.00126002
0.00126853
0.00128133
0.00129136
0.00130437
0.00131743
0.00133218
0.00130835
0.00131673
0.00130811
0.00129829
0.00128676
0.00127002
0.00131981
0.00129611
0.00131178
0.00132178
0.00135027
0.00132152
0.00131547
0.00130889
0.00124809
0.00129513
0.00128114
0.00128469
0.00129045
0.00129893
0.00130994
0.00132326
0.00133867
0.00135594
0.00137482
0.00139511
0.00141661
0.00143902
0.00143565
0.00144117
0.00140353
0.00139954
0.00137822
0.00135737
0.0013333
0.00130921
0.00126357
0.00122655
0.00113298
0.00108285
0.000987666
0.000895335
0.000771347
0.000589437
0.000455117
0.000250049
7.80599e-05
-0.000226879
-0.000451162
-0.000695214
-0.000946587
-0.0007828
-0.00072544
-0.00109243
-0.00090882
-0.000924191
-0.000919747
-0.000916744
-0.000900673
-0.000849205
-0.000785636
-0.000702951
-0.000592857
-0.000467968
-0.000412633
-0.000248343
-7.88667e-05
0.000118613
0.000250278
0.000497236
0.000420494
0.000659133
0.0005949
0.000723678
0.000773411
0.0008967
0.001013
0.00113458
0.00131694
0.00152686
0.00165139
0.00173662
0.00171241
0.00165456
0.00159515
0.00171145
0.00181013
0.00186261
0.00179018
0.00182875
0.00185949
0.00195425
0.00211718
0.00227928
0.00249172
0.002733
0.00300987
0.00324373
0.00364385
0.00392416
0.00424363
0.00458079
0.00492368
0.00528252
0.0056591
0.00602738
0.00642794
0.00682891
0.00722025
0.00773331
0.0082245
0.00853283
0.00883604
0.0092257
0.00937497
0.00909467
0.00910917
0.00895806
0.00890727
0.00885617
0.008841
0.00872871
0.00865046
0.00866667
0.00865181
0.008513
0.00834523
0.00817064
0.00811643
0.00799326
0.00790838
0.00775785
0.00767579
0.00758826
0.00747533
0.00739092
0.00727226
0.00709438
0.00682045
0.00657898
0.00630273
0.00603351
0.00576533
0.00554906
0.00530095
0.0050523
0.00485464
0.00467503
0.00457442
0.0043458
0.00427762
0.00403415
0.00383199
0.0035967
0.00335801
0.00318336
0.00291513
0.00277112
0.0025077
0.0022607
0.00200738
0.0017478
0.00149193
0.0012432
0.00100665
0.000769359
0.000563453
0.000385335
0.000190218
-9.20635e-05
-0.000289632
-0.000513267
-0.000657452
-0.00174124
-0.00225294
-0.0028369
-0.00340938
-0.0039502
-0.00446827
-0.00502393
-0.00554562
-0.00615835
-0.00664659
-0.00731807
-0.00787393
-0.00833178
-0.00882938
-0.0092794
-0.00970442
-0.0103055
-0.0107197
-0.0107996
-0.0111505
-0.0114212
-0.0116716
-0.0118634
-0.0120722
-0.0122668
-0.01247
-0.0126207
-0.0128634
-0.013261
-0.0133231
-0.0139464
-0.0144473
-0.0147536
-0.0155838
-0.0160825
-0.0163372
-0.0167308
-0.0171162
-0.0176267
-0.0180547
-0.0185282
-0.0190686
-0.018813
-0.0190383
-0.0190965
-0.0191151
-0.0191254
-0.0188756
-0.0187819
-0.0186294
-0.0185068
-0.0183537
-0.0181854
-0.0179948
-0.0178728
-0.0182786
-0.0186153
-0.0189166
-0.0192303
-0.019566
-0.0198823
-0.0201937
-0.0205109
-0.0208485
-0.0211882
-0.0215198
-0.0220471
-0.0225158
-0.0229753
-0.0234468
-0.0238827
-0.0243139
-0.0246854
