8.66307e-05
0.000455681
0.000490216
0.00060381
0.0076626
-0.00288475
0.0042279
0.00686181
0.00765557
0.00873845
0.00976817
0.0109757
0.0115496
0.00747976
0.00346738
0.00273602
0.0028498
0.00145789
0.000405594
-0.000726019
-0.00184858
-0.00298236
-0.00413606
-0.00528531
0.00116684
0.00530393
0.0027388
0.00397379
0.00468439
0.00543089
0.00614473
0.00565767
0.00627386
0.00677733
0.00730916
0.00407111
0.00330441
0.0016299
0.000401262
-0.00116431
-0.0027794
-0.00448499
-0.00644809
-0.0031601
-0.00308562
-0.00215744
-0.00127105
-0.000326032
0.000635013
0.00159554
0.00253759
0.00295048
0.00499006
0.00584192
0.00391744
0.00469515
0.00434205
0.00416907
0.00389617
0.00359817
0.00326935
0.00291953
0.00255381
0.00217716
0.00179376
0.00142528
0.00101893
0.000640486
0.000256794
-0.000114107
-0.000474908
-0.000821719
-0.00115253
-0.00146497
-0.0017568
-0.00202576
-0.00226965
-0.00248622
-0.00267318
-0.00285726
-0.00296708
-0.0029846
-0.0029983
-0.00151494
-0.00336693
-0.00420572
-0.00447866
-0.00534865
-0.00470039
-0.0023994
-0.00130616
0.000362628
-0.000594687
-0.00046659
-0.000549359
-0.000501454
-0.000363455
-0.000495079
0.000470601
0.0014313
-0.000263466
0.000502515
0.00143421
0.000122787
0.000751517
0.000746477
0.000702992
0.00075811
0.00102746
0.00102456
0.00130004
0.00138156
0.00162618
0.00174709
0.00197847
0.00216329
0.00235678
0.00254533
0.00273042
0.00167905
0.000899593
0.00160024
0.00115377
0.0012592
0.000647853
0.000838812
0.000176845
0.000499995
0.0015376
0.000375425
0.00079202
0.000482758
-2.7643e-05
-0.00018934
-0.000460165
0.00280668
0.0017999
0.000913268
0.000507413
0.000226077
-0.000305602
-0.000885771
0.000476354
0.000347794
-0.00013138
-0.00115979
0.000463111
-0.000153091
-0.00155262
0.000211736
-0.000211401
-0.000851492
-0.00162281
0.00229201
-0.000230579
0.000584478
0.000268999
0.000483648
0.00040869
0.000313641
0.000294749
0.000184428
0.000162169
3.4923e-05
0.000138387
-6.44283e-05
0.000226127
-8.53471e-05
0.000136512
-0.00011932
0.000172691
-0.000129097
0.000125484
-0.0001501
0.000141522
-0.000160774
0.000113814
-0.000178847
0.000117186
-0.00019367
0.000207204
0.000114048
0.000782029
0.000817263
0.00118015
-0.00156592
-0.000835877
0.00124084
0.000712644
0.00139304
0.00184832
0.0015176
0.00118875
0.00186598
0.00127648
0.00196468
0.00155609
0.000642433
0.00107098
0.00123852
-0.000796788
0.00272516
0.00124097
0.00122413
0.00143897
0.00159157
0.00161587
0.00155471
0.00151724
0.00109451
0.00154466
0.00125732
0.00150363
0.00114679
0.00146331
0.0011826
0.00144438
0.00118794
0.00144072
0.00130659
0.00149414
0.00155658
0.00170254
-0.0012965
0.000337342
-0.000391271
-0.000718339
-0.000917151
-0.00135704
0.00370029
-0.000548864
0.00103117
0.00118251
0.00261438
-0.00149475
-0.00104093
-0.000805263
-0.00499647
0.00221858
-0.000204358
0.000188662
0.000465768
0.000730942
0.000974462
0.00119445
0.00138971
0.00156024
0.00170676
0.00183057
0.00193338
0.00200301
-1.66649e-05
4.33357e-06
-0.00323019
-0.00156168
-0.00225113
-0.00243026
-0.00271759
-0.00279531
-0.00450554
-0.00441045
-0.00865354
-0.00670973
-0.00947218
-0.0101632
-0.0128489
-0.0182352
-0.0161739
-0.0205238
-0.0193738
-0.0292259
-0.0262326
-0.0264757
-0.0271545
0.00580381
0.00816829
-0.0258503
0.00601452
0.00160758
0.000873474
0.000348639
0.00117068
0.00455029
0.00645388
0.00851641
0.0112862
0.013179
0.00784152
0.0145642
0.0171991
0.0199455
0.015487
0.0228824
-0.000296168
0.0169428
-0.000723166
0.00878369
0.00602311
0.0107462
0.0116399
0.0121157
0.0171523
0.0208915
0.0147712
0.00975344
-0.000224886
-0.00574048
-0.00689697
0.00722836
0.0105549
0.00745053
-0.00421084
0.000969246
0.00268166
0.00850399
0.0157181
0.0175479
0.0216335
0.024896
0.0284308
0.0258151
0.0379393
0.0322116
0.0329159
0.034518
0.0354657
0.0369731
0.0388113
0.0386029
0.0409713
0.0415702
0.0408602
0.0501863
0.0514334
0.0370577
0.0321268
0.0382459
0.0215615
-0.0191732
-0.00674159
-0.0161898
-0.00954964
-0.00627513
-0.00241273
-0.0107241
-0.0106149
-0.00236192
-0.0015446
-0.0119574
-0.0176924
-0.0194944
-0.00860195
-0.0105449
-0.00934781
-0.0146657
-0.0106013
-0.00947486
-0.010088
-0.0086692
-0.0112722
-0.01707
-0.0269441
-0.0281876
-0.0306207
-0.031334
-0.0311556
-0.0259119
-0.0265678
-0.0267042
-0.0226318
-0.0197464
-0.0118792
-0.0205625
-0.00899042
-0.0193703
-0.0206659
-0.0239954
-0.0258575
-0.0213072
-0.0263653
-0.0176234
-0.0247239
-0.0253209
-0.024956
-0.0253002
-0.0249273
-0.0239944
-0.0224664
-0.0219773
-0.0190878
-0.0159058
-0.017258
-0.0254296
-0.0211802
-0.021859
-0.015934
-0.0878991
-0.0655662
-0.0613771
-0.0585146
-0.0550033
-0.052025
-0.0548553
-0.0530175
-0.05982
-0.0525787
-0.0642414
-0.0586819
-0.0482159
-0.0483813
-0.0451607
-0.042372
-0.0562128
-0.0457616
-0.0159479
-0.0284163
-0.0273948
-0.0256327
-0.0203302
-0.0202947
-0.0197408
-0.0206475
-0.0168822
-0.022907
-0.0370687
-0.0145018
-0.0513534
-0.0531615
-0.0367701
-0.0725733
-0.0573975
-0.0320256
-0.0351974
-0.0365631
-0.0483348
-0.0452615
-0.0472901
-0.0535588
0.00827485
-0.01019
-0.00505541
-0.000544998
0.00127381
0.0213744
0.0150307
0.016777
0.0147518
0.0163485
0.0180913
0.0203773
0.0149508
-0.0289788
-0.0369734
-0.0347147
-0.0335522
-0.0344028
-0.033005
-0.0321792
-0.032323
-0.0340356
-0.0347084
-0.0339881
-0.0493625
-0.0491433
-0.0475647
-0.047675
-0.0448075
-0.0435347
-0.0387517
