-0.00652898
-0.018261
-0.00756099
-0.00243949
-0.252989
0.272062
-0.119392
-0.145591
-0.0895651
-0.0717022
-0.060054
-0.0601053
-0.0360777
0.147233
0.235199
0.157427
0.0878899
0.10883
0.106056
0.10692
0.106164
0.105212
0.104337
0.102458
-0.179553
-0.233731
-0.0144826
-0.0479336
-0.0461818
-0.04791
-0.0487039
-0.00611045
-0.0271415
-0.0346375
-0.0407036
0.0937333
0.0670237
0.0856268
0.0765046
0.0825142
0.0852654
0.0879287
0.096532
-0.0946963
-0.0721326
-0.0944074
-0.105667
-0.115222
-0.122419
-0.127946
-0.131613
-0.115345
-0.168422
-0.151754
-0.0423636
-0.0889014
-0.070717
-0.0689462
-0.0647937
-0.0621181
-0.0598527
-0.0580505
-0.0565686
-0.0553368
-0.0542936
-0.054059
-0.0521898
-0.0518636
-0.0509931
-0.0504424
-0.0498712
-0.049355
-0.048861
-0.0483862
-0.0479236
-0.0474687
-0.0470183
-0.0465706
-0.0461267
-0.0456918
-0.0456217
-0.0469441
-0.0458503
-0.0980851
0.00126087
0.015184
0.00336371
0.0218641
-0.0226226
-0.102837
-0.0949776
-0.109615
-0.0173089
-0.00925461
0.00533034
0.0105895
0.0128464
0.0269297
-0.00345045
-0.0149099
0.0773161
0.0326525
0.00547903
0.0754225
0.0388356
0.0447221
0.0494096
0.0483615
0.0401742
0.0463415
0.0392008
0.042877
0.038651
0.0410674
0.0380698
0.0381643
0.037708
0.0374548
0.0372251
0.0822231
0.0939823
0.0448614
0.0626691
0.0507243
0.0709214
0.0509091
0.0721564
0.0459389
0.0069973
0.0679811
0.036572
0.0453537
0.0547798
0.0439657
0.0400551
-0.0945949
-0.00538597
0.0314423
0.0294767
0.0216523
0.0246586
0.0256575
-0.0476692
-0.0308928
-0.0118912
0.0154725
-0.0708795
-0.032835
0.0125947
-0.0838028
-0.0514757
-0.0265629
-0.00868166
-0.175012
-0.0180214
-0.0640407
-0.044912
-0.0550546
-0.0494017
-0.045763
-0.0468231
-0.04387
-0.0457254
-0.0426524
-0.0497239
-0.0417794
-0.0561514
-0.0408816
-0.0531311
-0.0414051
-0.0559272
-0.0410393
-0.0543207
-0.0411724
-0.0557045
-0.0408232
-0.0548581
-0.0407191
-0.0555508
-0.040345
-0.0551588
-0.0414889
-0.0605374
-0.0437433
-0.0451455
0.0708747
0.0021509
-0.0788975
-0.0205103
-0.034263
-0.0305504
0.00310289
0.019618
-0.0062772
0.0295283
0.00190656
0.0305708
0.0654216
0.0348416
0.030662
0.110981
-0.0547413
0.048505
0.0456309
0.0363719
0.0344963
0.0384725
0.0437019
0.0455464
0.06075
0.0360648
0.0510844
0.0387112
0.0547605
0.0377042
0.0512063
0.0376942
0.0500008
0.0371152
0.0448943
0.0367108
0.0371843
0.0342488
0.148342
0.0334395
0.0645533
0.0648239
0.0599958
0.0664456
-0.130434
0.110653
0.0119202
0.0126607
-0.0346111
0.143652
0.0611283
0.0268026
0.171832
-0.17882
0.00138155
-0.0154396
-0.0211618
-0.0251545
-0.0278694
-0.0298219
-0.0312986
-0.0324901
-0.0335238
-0.0344888
-0.0354503
-0.0364576
0.0416195
0.00613823
0.105129
-0.0247755
-0.00227934
-0.00995783
-0.00983154
-0.017523
0.0381234
0.000263837
0.13709
-0.0173681
0.0770725
0.0490721
0.108974
0.236549
0.0278095
0.151045
0.0155757
0.347078
0.04585
0.0113383
0.00923763
-1.22915
-0.722994
0.858691
-0.77121
-0.250038
-0.124782
-0.0658049
-0.0832018
-0.193904
-0.181057
-0.179139
-0.201223
-0.174158
0.110829
-0.190037
-0.185686
-0.184205
0.0823408
-0.219522
0.759393
-0.241222
0.54953
-0.0633328
0.0911064
-0.105807
-0.0603149
-0.0212832
-0.176835
-0.200531
0.166431
0.296106
0.542891
0.502617
0.317578
-0.332984
-0.254543
0.0220128
0.488058
0.0885596
0.00865141
-0.183824
-0.329209
-0.197111
-0.213136
-0.189662
-0.187523
0.0414168
-0.390175
0.058717
0.0435819
0.00443698
0.0101969
-0.00637901
-0.0255199
0.043718
-0.0156794
0.0225512
0.0871013
-0.251213
-0.119924
0.519393
0.481526
0.0553101
0.689232
1.92691
0.530087
0.731598
0.150247
-0.023331
-0.1211
0.322992
0.196126
-0.184356
-0.107531
0.362409
0.419862
0.296017
-0.260814
-0.0281863
-0.00578037
0.238316
-0.0128425
-0.0301896
-0.00327282
-0.0304775
0.107591
0.293965
0.544216
0.354793
0.283524
0.202741
0.110515
-0.136003
-0.0378169
-0.0129055
-0.157443
-0.187458
-0.409378
0.129411
-0.416451
0.166434
0.149516
0.214673
0.205954
-0.0508213
0.147221
-0.269874
0.136216
0.0771677
0.00136726
0.00944769
-0.0129471
-0.0459524
-0.0857764
-0.0625392
-0.143634
-0.188898
-0.0167001
0.323398
0.0169495
0.052837
-0.174878
2.53086
0.429505
0.0625976
-0.0771689
-0.172491
-0.205852
0.00810717
-0.0748992
0.207841
-0.163514
0.331956
-0.0635058
-0.45334
-0.23989
-0.262294
-0.260281
0.364897
-0.237543
-1.23919
-0.183643
-0.162917
-0.181911
-0.33057
-0.205812
-0.160638
-0.0839495
-0.221711
0.0638869
0.499991
-0.643339
0.988986
0.488402
-0.42855
1.04907
-0.119193
-1.06686
-0.486005
-0.27303
0.243481
-0.078708
-0.0546738
0.124841
-2.30796
-0.557723
-0.571728
-0.557823
-0.453659
-1.05087
-0.388059
-0.364571
-0.21408
-0.272702
-0.309027
-0.347602
-0.0690541
1.48907
0.928315
0.272529
-0.0189253
-0.0898607
-0.208156
-0.245339
-0.235383
-0.174091
-0.185807
-0.246856
0.32025
0.0118559
-0.189786
-0.227612
-0.356929
-0.363252
-0.493528
