-0.00104993
-0.00249749
-0.00182706
-0.0016406
-0.0250964
0.023371
-0.0131456
-0.0157011
-0.0106051
-0.00902973
-0.00800725
-0.00804499
-0.00582764
0.0111569
0.0192835
0.0120582
0.00563628
0.00763089
0.00744201
0.00760824
0.00764088
0.00767142
0.00772451
0.00769924
-0.0182519
-0.0230121
-0.00242228
-0.0052794
-0.0048546
-0.00472844
-0.00451771
-0.000277594
-0.00193066
-0.00231523
-0.00255682
0.0102214
0.0080457
0.0100778
0.00954064
0.0104096
0.0109765
0.0115227
0.0126212
-0.0047926
-0.00236021
-0.00408811
-0.00478835
-0.00532091
-0.00561837
-0.00573648
-0.00571537
-0.00387806
-0.00849616
-0.00666942
0.00371155
-0.000403642
0.00146143
0.00177654
0.00228755
0.00263729
0.00292571
0.00314874
0.00332044
0.00344804
0.00353787
0.00353311
0.00366068
0.0036263
0.00362398
0.00357384
0.00350767
0.00341865
0.00330994
0.00318193
0.0030354
0.00287086
0.00268878
0.00248951
0.00227315
0.0021732
0.00179316
0.00127409
0.000968895
-0.00428493
0.00450209
0.00534089
0.00378083
0.00502056
0.000411252
-0.00750501
-0.0072532
-0.00907922
-0.00100638
-0.000769629
6.06669e-05
1.41942e-05
-0.000321145
0.000428379
-0.00295329
-0.00458441
0.00379065
-0.000515925
-0.00317127
0.0031927
-0.000309863
0.000147644
0.000508707
0.000352778
-0.000449234
9.43104e-05
-0.00058286
-0.000243791
-0.000625623
-0.000380095
-0.000626315
-0.000575976
-0.000568226
-0.000534133
-0.000491492
0.00374416
0.00489184
0.00039991
0.00211966
0.00107887
0.00301633
0.00122241
0.0032516
0.000875748
-0.00267516
0.00301542
0.000565562
0.00184241
0.0031724
0.00262066
0.00270578
-0.00932022
-0.000584641
0.00326974
0.00351486
0.00321091
0.00390477
0.0044043
-0.00198712
-2.19254e-05
0.00213792
0.00506039
-0.00256084
0.00135616
0.00594229
-0.00262127
0.0006308
0.00293843
0.00458834
-0.0108264
0.00374608
-0.000523658
0.00125212
0.000312082
0.000837515
0.00117496
0.00107622
0.00134944
0.00117649
0.00146046
0.000804093
0.00154022
0.00020755
0.0016238
0.000487434
0.00157469
0.000228022
0.00160885
0.000377001
0.00159632
0.000248697
0.00162889
0.000327231
0.00163848
0.000263026
0.00167326
-0.000201308
0.000583111
-0.0016499
-0.000543008
-0.00111122
0.0092079
0.00239983
-0.00551861
-0.000490806
-0.00214794
-0.00217288
0.00058571
0.00175799
-0.000990451
0.00199198
-0.000899174
0.00143886
0.00435103
0.00120301
0.000516039
0.00775913
-0.00769453
0.00181666
0.00148427
0.000572602
0.000357808
0.000695454
0.00115757
0.00131379
0.00271501
0.000426099
0.00182804
0.000695959
0.00220536
0.00064953
0.00193196
0.00071209
0.00188892
0.00073071
0.00148985
0.000767909
0.000847886
0.000608842
0.011203
0.000554269
0.00345235
0.00347841
0.00302438
0.00361573
-0.0146219
0.00814137
-0.000635767
-0.000181669
-0.00417969
0.0127126
0.00539813
0.00256084
0.016333
-0.0158451
0.00122246
-1.28796e-05
-0.000225209
-0.000285573
-0.000235858
-0.000123667
2.48565e-05
0.000192587
0.000368385
0.000544717
0.000716327
0.000944496
0.0081779
0.00487445
0.0140307
0.00196376
0.00404451
0.0033247
0.0033295
0.00261013
0.00775748
0.00423099
0.0168881
0.0025366
0.0112738
0.00864713
0.0141673
0.0259357
0.00652562
0.0179074
0.00530124
0.0359695
0.00795733
0.00472213
0.00449667
-0.110208
-0.0630245
0.0836167
-0.0675671
-0.0191151
-0.00746377
-0.00257775
-0.00474629
-0.0155238
-0.0147934
-0.0150489
-0.0174986
-0.0153616
0.0106798
-0.0175835
-0.0174766
-0.0176121
0.00681956
-0.0214347
0.0690163
-0.02409
0.0489778
-0.0081339
0.00599424
-0.0124382
-0.0083523
-0.00493642
-0.0195269
-0.0218354
0.0120719
0.0239224
0.0466015
0.0426493
0.0253165
-0.0350546
-0.0277192
-0.00203882
0.0411376
0.00404457
-0.00333639
-0.0211061
-0.0344474
-0.0220361
-0.0233634
-0.0210167
-0.0206419
0.000743052
-0.0390973
0.0027214
0.00144953
-0.00204093
-0.00136285
-0.00275583
-0.00438368
0.00217627
-0.00323433
0.000738471
0.00713514
-0.0237941
-0.0111455
0.048508
0.0452682
0.00606833
0.0651509
0.179979
0.0504634
0.069372
0.0156735
-0.000120593
-0.00884871
0.0326458
0.0211213
-0.0138701
-0.00641903
0.0374206
0.0429279
0.031483
-0.0201746
0.00144459
0.00354747
0.0261704
0.00285063
0.00124998
0.00373752
0.00122451
0.0140259
0.0312627
0.0543661
0.0366863
0.0299854
0.0224306
0.0138269
-0.00904814
6.63348e-05
0.00236662
-0.0110318
-0.0137859
-0.0343139
0.0156849
-0.0349395
0.0191334
0.01752
0.0235101
0.0226473
-0.00119299
0.0171379
-0.0220226
0.0151926
0.00922915
0.0017381
0.0020592
-0.000430846
-0.00388559
-0.00795163
-0.00615307
-0.0140132
-0.018519
-0.00284823
0.0283366
-0.000443069
0.00257412
-0.0188201
0.23147
0.0358863
0.0014924
-0.0117648
-0.0207763
-0.024007
-0.00429772
-0.0121375
0.0139337
-0.0206239
0.0251952
-0.0116132
-0.0477862
-0.0279641
-0.0300276
-0.0298118
0.0281281
-0.0277824
-0.120479
-0.0223899
-0.020407
-0.0221018
-0.0357983
-0.0241286
-0.019858
-0.0126796
-0.0253828
0.0011505
0.0415359
-0.0644663
0.0868743
0.0402373
-0.0448306
0.0920796
-0.0160818
-0.103498
-0.0491124
-0.0289561
0.0192609
-0.0103521
-0.00782654
0.00908854
-0.215963
-0.0529915
-0.0538761
-0.0521782
-0.0421326
-0.0970556
-0.035145
-0.0326257
-0.0183577
-0.0235004
-0.0265681
-0.0298383
-0.00392111
0.14034
0.0879483
0.0268988
-0.00024314
-0.00688786
-0.0179001
-0.0213689
-0.0204663
-0.0148132
-0.0159401
-0.0216348
0.0308568
0.00210918
-0.0166712
-0.0202283
-0.032248
-0.0328429
-0.044912
